0 0.497656 0.544094 0.142906 0.384146 0.496875 0.412500 2.000000 0.501563 0.402083 2.000000 0.487500 0.404167 2.000000 0.512500 0.404167 2.000000 0.471875 0.406250 2.000000 0.526563 0.454167 2.000000 0.454688 0.450000 2.000000 0.551562 0.522917 2.000000 0.435937 0.512500 2.000000 0.501563 0.537500 2.000000 0.439063 0.581250 1.000000 0.510938 0.604167 2.000000 0.465625 0.614583 2.000000 0.503125 0.720833 1.000000 0.479687 0.727083 1.000000 0.000000 0.000000 0.000000 0.000000 0.000000 0.000000
0 0.749453 0.680073 0.229219 0.639854 0.764062 0.418750 2.000000 0.775000 0.408333 2.000000 0.757812 0.410417 2.000000 0.806250 0.416667 2.000000 0.000000 0.000000 0.000000 0.812500 0.481250 2.000000 0.798438 0.462500 2.000000 0.757812 0.595833 2.000000 0.000000 0.000000 0.000000 0.689063 0.622917 2.000000 0.714063 0.579167 2.000000 0.789062 0.658333 2.000000 0.756250 0.633333 2.000000 0.714063 0.806250 2.000000 0.654687 0.650000 2.000000 0.676562 0.989583 2.000000 0.679688 0.791667 2.000000
0 0.133984 0.607490 0.146625 0.514604 0.132812 0.420833 2.000000 0.000000 0.000000 0.000000 0.000000 0.000000 0.000000 0.000000 0.000000 0.000000 0.000000 0.000000 0.000000 0.181250 0.431250 2.000000 0.093750 0.425000 2.000000 0.201563 0.506250 2.000000 0.068750 0.500000 2.000000 0.156250 0.491667 2.000000 0.098437 0.497917 2.000000 0.153125 0.581250 2.000000 0.104688 0.579167 2.000000 0.156250 0.697917 2.000000 0.095312 0.691667 2.000000 0.150000 0.795833 2.000000 0.101562 0.810417 2.000000
0 0.296859 0.466146 0.080469 0.163125 0.264062 0.425000 2.000000 0.265625 0.418750 2.000000 0.000000 0.000000 0.000000 0.278125 0.429167 2.000000 0.000000 0.000000 0.000000 0.271875 0.470833 2.000000 0.318750 0.460417 2.000000 0.000000 0.000000 0.000000 0.332813 0.522917 1.000000 0.000000 0.000000 0.000000 0.000000 0.000000 0.000000 0.293750 0.562500 1.000000 0.321875 0.556250 1.000000 0.000000 0.000000 0.000000 0.000000 0.000000 0.000000 0.000000 0.000000 0.000000 0.000000 0.000000 0.000000
0 0.424039 0.464677 0.069984 0.176521 0.000000 0.000000 0.000000 0.000000 0.000000 0.000000 0.000000 0.000000 0.000000 0.423438 0.408333 2.000000 0.000000 0.000000 0.000000 0.414062 0.447917 2.000000 0.453125 0.437500 2.000000 0.398438 0.489583 2.000000 0.000000 0.000000 0.000000 0.390625 0.527083 2.000000 0.000000 0.000000 0.000000 0.000000 0.000000 0.000000 0.000000 0.000000 0.000000 0.000000 0.000000 0.000000 0.000000 0.000000 0.000000 0.000000 0.000000 0.000000 0.000000 0.000000 0.000000
0 0.900625 0.505823 0.101031 0.273021 0.875000 0.429167 1.000000 0.873437 0.420833 2.000000 0.000000 0.000000 0.000000 0.878125 0.408333 2.000000 0.000000 0.000000 0.000000 0.895312 0.450000 2.000000 0.935937 0.441667 2.000000 0.875000 0.533333 2.000000 0.000000 0.000000 0.000000 0.856250 0.504167 2.000000 0.000000 0.000000 0.000000 0.906250 0.541667 2.000000 0.935937 0.541667 2.000000 0.896875 0.670833 1.000000 0.928125 0.672917 1.000000 0.000000 0.000000 0.000000 0.000000 0.000000 0.000000
0 0.612680 0.441729 0.088953 0.265375 0.000000 0.000000 0.000000 0.000000 0.000000 0.000000 0.000000 0.000000 0.000000 0.598437 0.352083 2.000000 0.000000 0.000000 0.000000 0.607812 0.393750 2.000000 0.639062 0.391667 2.000000 0.585938 0.477083 2.000000 0.000000 0.000000 0.000000 0.571875 0.539583 1.000000 0.000000 0.000000 0.000000 0.598437 0.541667 1.000000 0.631250 0.531250 1.000000 0.590625 0.635417 1.000000 0.000000 0.000000 0.000000 0.000000 0.000000 0.000000 0.000000 0.000000 0.000000
0 0.350031 0.463375 0.058094 0.132292 0.351562 0.427083 2.000000 0.354687 0.422917 2.000000 0.345313 0.420833 2.000000 0.000000 0.000000 0.000000 0.335938 0.427083 2.000000 0.359375 0.456250 2.000000 0.325000 0.456250 2.000000 0.368750 0.497917 2.000000 0.000000 0.000000 0.000000 0.000000 0.000000 0.000000 0.000000 0.000000 0.000000 0.000000 0.000000 0.000000 0.000000 0.000000 0.000000 0.000000 0.000000 0.000000 0.000000 0.000000 0.000000 0.000000 0.000000 0.000000 0.000000 0.000000 0.000000
0 0.960953 0.431469 0.078094 0.184271 0.929688 0.377083 2.000000 0.934375 0.366667 2.000000 0.000000 0.000000 0.000000 0.957812 0.370833 2.000000 0.000000 0.000000 0.000000 0.981250 0.427083 2.000000 0.929688 0.422917 2.000000 0.993750 0.508333 2.000000 0.000000 0.000000 0.000000 0.000000 0.000000 0.000000 0.000000 0.000000 0.000000 0.954688 0.577083 1.000000 0.921875 0.566667 1.000000 0.000000 0.000000 0.000000 0.000000 0.000000 0.000000 0.000000 0.000000 0.000000 0.000000 0.000000 0.000000
0 0.047695 0.522167 0.075453 0.333167 0.029687 0.391667 2.000000 0.032813 0.381250 2.000000 0.000000 0.000000 0.000000 0.051562 0.379167 2.000000 0.000000 0.000000 0.000000 0.062500 0.408333 2.000000 0.040625 0.418750 2.000000 0.079687 0.456250 1.000000 0.000000 0.000000 0.000000 0.078125 0.504167 1.000000 0.000000 0.000000 0.000000 0.064062 0.508333 1.000000 0.043750 0.506250 2.000000 0.070312 0.577083 2.000000 0.040625 0.577083 2.000000 0.081250 0.645833 2.000000 0.045312 0.647917 2.000000
0 0.699125 0.455938 0.147719 0.235875 0.670312 0.391667 2.000000 0.678125 0.377083 2.000000 0.662500 0.381250 2.000000 0.696875 0.377083 2.000000 0.000000 0.000000 0.000000 0.720313 0.422917 2.000000 0.657813 0.433333 2.000000 0.757812 0.504167 2.000000 0.000000 0.000000 0.000000 0.739062 0.585417 1.000000 0.000000 0.000000 0.000000 0.710938 0.572917 1.000000 0.656250 0.558333 1.000000 0.000000 0.000000 0.000000 0.000000 0.000000 0.000000 0.000000 0.000000 0.000000 0.000000 0.000000 0.000000
