0 0.568789 0.662931 0.244672 0.650211 0.000000 0.000000 0.000000 0.000000 0.000000 0.000000 0.000000 0.000000 0.000000 0.559375 0.453172 2.000000 0.000000 0.000000 0.000000 0.620313 0.540785 2.000000 0.585938 0.501511 2.000000 0.592187 0.697885 2.000000 0.553125 0.646526 2.000000 0.523438 0.803625 2.000000 0.489063 0.697885 2.000000 0.632812 0.803625 2.000000 0.595313 0.761329 2.000000 0.000000 0.000000 0.000000 0.493750 0.885196 2.000000 0.000000 0.000000 0.000000 0.000000 0.000000 0.000000
0 0.912344 0.579245 0.170594 0.730755 0.926562 0.287009 2.000000 0.934375 0.277946 2.000000 0.000000 0.000000 0.000000 0.956250 0.290030 2.000000 0.000000 0.000000 0.000000 0.962500 0.359517 2.000000 0.940625 0.353474 2.000000 0.945312 0.474320 2.000000 0.904687 0.413897 2.000000 0.895312 0.516616 2.000000 0.854688 0.444109 2.000000 0.954688 0.546828 2.000000 0.934375 0.528701 2.000000 0.929688 0.712991 2.000000 0.867188 0.558912 2.000000 0.962500 0.885196 2.000000 0.867188 0.740181 1.000000
0 0.329773 0.277689 0.047859 0.237492 0.312500 0.196375 2.000000 0.317188 0.196375 2.000000 0.000000 0.000000 0.000000 0.321875 0.205438 2.000000 0.000000 0.000000 0.000000 0.340625 0.244713 2.000000 0.314063 0.244713 2.000000 0.343750 0.323263 2.000000 0.000000 0.000000 0.000000 0.312500 0.350453 1.000000 0.000000 0.000000 0.000000 0.340625 0.326284 2.000000 0.318750 0.326284 2.000000 0.000000 0.000000 0.000000 0.000000 0.000000 0.000000 0.000000 0.000000 0.000000 0.000000 0.000000 0.000000
0 0.129586 0.323036 0.131328 0.303353 0.115625 0.238671 2.000000 0.120313 0.229607 2.000000 0.000000 0.000000 0.000000 0.134375 0.232628 2.000000 0.000000 0.000000 0.000000 0.148438 0.280967 2.000000 0.164062 0.274924 2.000000 0.110937 0.356495 2.000000 0.134375 0.335347 2.000000 0.082812 0.392749 2.000000 0.103125 0.347432 2.000000 0.150000 0.447130 2.000000 0.159375 0.422961 2.000000 0.132812 0.522659 1.000000 0.117188 0.456193 2.000000 0.000000 0.000000 0.000000 0.000000 0.000000 0.000000
0 0.037687 0.260091 0.068406 0.264592 0.004687 0.172205 1.000000 0.007812 0.163142 2.000000 0.000000 0.000000 0.000000 0.021875 0.166163 2.000000 0.000000 0.000000 0.000000 0.025000 0.208459 2.000000 0.043750 0.199396 2.000000 0.015625 0.280967 1.000000 0.000000 0.000000 0.000000 0.000000 0.000000 0.000000 0.000000 0.000000 0.000000 0.040625 0.353474 2.000000 0.057813 0.341390 2.000000 0.000000 0.000000 0.000000 0.000000 0.000000 0.000000 0.000000 0.000000 0.000000 0.000000 0.000000 0.000000
0 0.780813 0.306284 0.076344 0.240121 0.000000 0.000000 0.000000 0.000000 0.000000 0.000000 0.000000 0.000000 0.000000 0.000000 0.000000 0.000000 0.000000 0.000000 0.000000 0.787500 0.283988 2.000000 0.779687 0.283988 2.000000 0.793750 0.362538 2.000000 0.767188 0.344411 2.000000 0.000000 0.000000 0.000000 0.750000 0.347432 2.000000 0.792188 0.416918 2.000000 0.784375 0.413897 1.000000 0.000000 0.000000 0.000000 0.000000 0.000000 0.000000 0.000000 0.000000 0.000000 0.000000 0.000000 0.000000
0 0.350805 0.533489 0.188703 0.553263 0.368750 0.353474 2.000000 0.378125 0.335347 2.000000 0.368750 0.332326 2.000000 0.403125 0.344411 2.000000 0.000000 0.000000 0.000000 0.414062 0.422961 2.000000 0.368750 0.392749 2.000000 0.421875 0.528701 2.000000 0.334375 0.419940 2.000000 0.375000 0.555891 2.000000 0.282813 0.444109 2.000000 0.404687 0.607251 2.000000 0.371875 0.567976 2.000000 0.400000 0.746224 2.000000 0.000000 0.000000 0.000000 0.000000 0.000000 0.000000 0.000000 0.000000 0.000000
0 0.828570 0.350740 0.104484 0.265710 0.826562 0.283988 2.000000 0.831250 0.268882 2.000000 0.000000 0.000000 0.000000 0.846875 0.277946 2.000000 0.000000 0.000000 0.000000 0.854688 0.335347 2.000000 0.845313 0.320242 2.000000 0.843750 0.413897 2.000000 0.826562 0.389728 2.000000 0.800000 0.435045 2.000000 0.790625 0.395770 2.000000 0.859375 0.489426 1.000000 0.851562 0.471299 1.000000 0.000000 0.000000 0.000000 0.000000 0.000000 0.000000 0.000000 0.000000 0.000000 0.000000 0.000000 0.000000
0 0.584086 0.326012 0.069078 0.248218 0.000000 0.000000 0.000000 0.000000 0.000000 0.000000 0.000000 0.000000 0.000000 0.565625 0.244713 2.000000 0.000000 0.000000 0.000000 0.587500 0.302115 2.000000 0.568750 0.305136 2.000000 0.590625 0.416918 1.000000 0.000000 0.000000 0.000000 0.545312 0.441088 1.000000 0.000000 0.000000 0.000000 0.587500 0.432024 1.000000 0.571875 0.425982 1.000000 0.545312 0.495468 1.000000 0.531250 0.462236 1.000000 0.000000 0.000000 0.000000 0.000000 0.000000 0.000000
0 0.520953 0.309154 0.066625 0.282598 0.493750 0.241692 2.000000 0.496875 0.229607 2.000000 0.000000 0.000000 0.000000 0.509375 0.241692 2.000000 0.000000 0.000000 0.000000 0.515625 0.302115 2.000000 0.535937 0.271903 2.000000 0.000000 0.000000 0.000000 0.000000 0.000000 0.000000 0.000000 0.000000 0.000000 0.000000 0.000000 0.000000 0.525000 0.465257 1.000000 0.545312 0.453172 1.000000 0.000000 0.000000 0.000000 0.000000 0.000000 0.000000 0.000000 0.000000 0.000000 0.000000 0.000000 0.000000
0 0.473531 0.466813 0.089906 0.478097 0.462500 0.305136 2.000000 0.468750 0.293051 2.000000 0.456250 0.290030 2.000000 0.485938 0.305136 2.000000 0.000000 0.000000 0.000000 0.495312 0.356495 2.000000 0.437500 0.362538 2.000000 0.482812 0.432024 2.000000 0.434375 0.477341 1.000000 0.482812 0.323263 2.000000 0.457813 0.540785 2.000000 0.490625 0.534743 2.000000 0.453125 0.537764 2.000000 0.476562 0.634441 2.000000 0.440625 0.634441 2.000000 0.481250 0.809668 1.000000 0.481250 0.809668 1.000000
0 0.296984 0.376677 0.079906 0.245921 0.000000 0.000000 0.000000 0.000000 0.000000 0.000000 0.000000 0.000000 0.000000 0.264062 0.317221 2.000000 0.000000 0.000000 0.000000 0.301563 0.374622 2.000000 0.000000 0.000000 0.000000 0.268750 0.444109 1.000000 0.000000 0.000000 0.000000 0.267188 0.368580 2.000000 0.000000 0.000000 0.000000 0.307812 0.498489 2.000000 0.000000 0.000000 0.000000 0.000000 0.000000 0.000000 0.000000 0.000000 0.000000 0.000000 0.000000 0.000000 0.000000 0.000000 0.000000
