0 0.652479 0.343906 0.222815 0.400406 0.739496 0.275000 2.000000 0.747899 0.271875 2.000000 0.733193 0.267188 2.000000 0.000000 0.000000 0.000000 0.710084 0.260937 2.000000 0.697479 0.323437 2.000000 0.661765 0.271875 2.000000 0.000000 0.000000 0.000000 0.594538 0.226562 2.000000 0.000000 0.000000 0.000000 0.563025 0.175000 1.000000 0.615546 0.370312 2.000000 0.567227 0.345313 2.000000 0.644958 0.437500 2.000000 0.642857 0.417187 2.000000 0.563025 0.485938 1.000000 0.661765 0.507812 2.000000
0 0.353151 0.177211 0.132017 0.100016 0.348739 0.156250 2.000000 0.355042 0.150000 2.000000 0.342437 0.150000 2.000000 0.369748 0.156250 2.000000 0.329832 0.157812 2.000000 0.378151 0.179688 2.000000 0.317227 0.182812 2.000000 0.411765 0.200000 2.000000 0.285714 0.214062 1.000000 0.357143 0.203125 2.000000 0.296218 0.209375 2.000000 0.000000 0.000000 0.000000 0.000000 0.000000 0.000000 0.000000 0.000000 0.000000 0.000000 0.000000 0.000000 0.000000 0.000000 0.000000 0.000000 0.000000 0.000000
0 0.217836 0.183766 0.141807 0.088938 0.201681 0.162500 2.000000 0.207983 0.159375 2.000000 0.193277 0.159375 2.000000 0.218487 0.162500 2.000000 0.184874 0.164062 2.000000 0.239496 0.187500 2.000000 0.176471 0.189062 2.000000 0.256303 0.228125 1.000000 0.159664 0.229687 1.000000 0.000000 0.000000 0.000000 0.000000 0.000000 0.000000 0.237395 0.250000 1.000000 0.184874 0.248438 1.000000 0.000000 0.000000 0.000000 0.000000 0.000000 0.000000 0.000000 0.000000 0.000000 0.000000 0.000000 0.000000
0 0.179695 0.091719 0.129139 0.134250 0.168067 0.053125 2.000000 0.174370 0.048438 2.000000 0.159664 0.050000 2.000000 0.000000 0.000000 0.000000 0.147059 0.053125 2.000000 0.197479 0.070312 2.000000 0.136555 0.082812 2.000000 0.233193 0.082812 2.000000 0.119748 0.120313 2.000000 0.205882 0.093750 2.000000 0.134454 0.128125 2.000000 0.180672 0.135937 1.000000 0.136555 0.134375 1.000000 0.000000 0.000000 0.000000 0.000000 0.000000 0.000000 0.000000 0.000000 0.000000 0.000000 0.000000 0.000000
0 0.388445 0.126242 0.157017 0.188547 0.373950 0.068750 2.000000 0.380252 0.062500 2.000000 0.367647 0.059375 2.000000 0.000000 0.000000 0.000000 0.357143 0.056250 2.000000 0.401261 0.076563 2.000000 0.329832 0.078125 2.000000 0.000000 0.000000 0.000000 0.000000 0.000000 0.000000 0.000000 0.000000 0.000000 0.000000 0.000000 0.000000 0.369748 0.131250 2.000000 0.344538 0.131250 2.000000 0.000000 0.000000 0.000000 0.321429 0.139063 1.000000 0.000000 0.000000 0.000000 0.323529 0.187500 1.000000
0 0.526450 0.051133 0.194832 0.101422 0.567227 0.012500 2.000000 0.573529 0.009375 2.000000 0.560924 0.007812 2.000000 0.581933 0.015625 2.000000 0.550420 0.012500 2.000000 0.588235 0.039062 2.000000 0.529412 0.040625 2.000000 0.613445 0.057813 2.000000 0.485294 0.060937 2.000000 0.581933 0.062500 2.000000 0.451681 0.062500 2.000000 0.558824 0.098437 2.000000 0.512605 0.095312 2.000000 0.544118 0.132812 1.000000 0.462185 0.121875 1.000000 0.000000 0.000000 0.000000 0.000000 0.000000 0.000000
0 0.728697 0.140680 0.095798 0.084203 0.728992 0.128125 2.000000 0.737395 0.123438 2.000000 0.720588 0.123438 2.000000 0.741597 0.129688 2.000000 0.712185 0.129688 2.000000 0.754202 0.146875 2.000000 0.705882 0.145313 2.000000 0.000000 0.000000 0.000000 0.695378 0.160938 2.000000 0.000000 0.000000 0.000000 0.697479 0.131250 2.000000 0.745798 0.203125 1.000000 0.712185 0.201563 1.000000 0.000000 0.000000 0.000000 0.000000 0.000000 0.000000 0.000000 0.000000 0.000000 0.000000 0.000000 0.000000
0 0.870588 0.183117 0.113739 0.089891 0.861345 0.160938 2.000000 0.867647 0.156250 2.000000 0.852941 0.156250 2.000000 0.878151 0.160938 1.000000 0.840336 0.162500 1.000000 0.897059 0.189062 2.000000 0.827731 0.193750 2.000000 0.922269 0.228125 1.000000 0.827731 0.234375 1.000000 0.000000 0.000000 0.000000 0.000000 0.000000 0.000000 0.897059 0.239063 1.000000 0.848739 0.240625 1.000000 0.000000 0.000000 0.000000 0.000000 0.000000 0.000000 0.000000 0.000000 0.000000 0.000000 0.000000 0.000000
0 0.916733 0.083078 0.149391 0.108594 0.913866 0.054688 2.000000 0.920168 0.050000 2.000000 0.905462 0.050000 2.000000 0.000000 0.000000 0.000000 0.892857 0.051562 1.000000 0.939076 0.076563 2.000000 0.882353 0.073438 2.000000 0.968487 0.092188 2.000000 0.859244 0.084375 2.000000 0.974790 0.101562 2.000000 0.901261 0.090625 2.000000 0.947479 0.128125 2.000000 0.905462 0.129688 2.000000 0.000000 0.000000 0.000000 0.000000 0.000000 0.000000 0.000000 0.000000 0.000000 0.000000 0.000000 0.000000
0 0.090746 0.183539 0.116870 0.089547 0.094538 0.160938 2.000000 0.102941 0.157812 2.000000 0.088235 0.156250 2.000000 0.000000 0.000000 0.000000 0.069328 0.157812 2.000000 0.128151 0.182812 1.000000 0.054622 0.179688 2.000000 0.000000 0.000000 0.000000 0.035714 0.201563 1.000000 0.000000 0.000000 0.000000 0.075630 0.170313 2.000000 0.000000 0.000000 0.000000 0.000000 0.000000 0.000000 0.000000 0.000000 0.000000 0.000000 0.000000 0.000000 0.000000 0.000000 0.000000 0.000000 0.000000 0.000000
0 0.759664 0.189461 0.101975 0.074828 0.777311 0.173437 2.000000 0.000000 0.000000 0.000000 0.773109 0.168750 2.000000 0.000000 0.000000 0.000000 0.756303 0.170313 2.000000 0.775210 0.196875 2.000000 0.741597 0.184375 2.000000 0.802521 0.207813 2.000000 0.718487 0.198437 2.000000 0.802521 0.212500 2.000000 0.754202 0.210938 2.000000 0.000000 0.000000 0.000000 0.000000 0.000000 0.000000 0.000000 0.000000 0.000000 0.000000 0.000000 0.000000 0.000000 0.000000 0.000000 0.000000 0.000000 0.000000
