0 0.463700 0.569609 0.799110 0.751844 0.723653 0.267188 2.000000 0.716628 0.253125 2.000000 0.707260 0.254688 2.000000 0.000000 0.000000 0.000000 0.639344 0.256250 2.000000 0.662763 0.328125 2.000000 0.573770 0.278125 2.000000 0.641686 0.437500 2.000000 0.529274 0.353125 2.000000 0.758782 0.515625 2.000000 0.648712 0.275000 2.000000 0.548009 0.531250 2.000000 0.456674 0.517188 2.000000 0.555035 0.703125 2.000000 0.398126 0.710938 2.000000 0.393443 0.864062 2.000000 0.135831 0.782813 2.000000
0 0.282600 0.476953 0.174379 0.138031 0.297424 0.446875 2.000000 0.304450 0.442188 2.000000 0.285714 0.442188 2.000000 0.000000 0.000000 0.000000 0.259953 0.439063 2.000000 0.318501 0.464062 2.000000 0.236534 0.467187 2.000000 0.370023 0.501563 1.000000 0.266979 0.526563 2.000000 0.327869 0.500000 2.000000 0.290398 0.479687 2.000000 0.285714 0.550000 1.000000 0.231850 0.551562 1.000000 0.000000 0.000000 0.000000 0.000000 0.000000 0.000000 0.000000 0.000000 0.000000 0.000000 0.000000 0.000000
0 0.332155 0.415781 0.091897 0.118750 0.327869 0.387500 2.000000 0.334895 0.382812 2.000000 0.316159 0.384375 2.000000 0.000000 0.000000 0.000000 0.297424 0.387500 2.000000 0.358314 0.412500 2.000000 0.285714 0.420312 1.000000 0.355972 0.467187 2.000000 0.278689 0.460938 1.000000 0.283372 0.471875 1.000000 0.344262 0.459375 2.000000 0.000000 0.000000 0.000000 0.000000 0.000000 0.000000 0.000000 0.000000 0.000000 0.000000 0.000000 0.000000 0.000000 0.000000 0.000000 0.000000 0.000000 0.000000
0 0.059778 0.405930 0.119555 0.113453 0.042155 0.382812 2.000000 0.049180 0.376563 2.000000 0.030445 0.378125 2.000000 0.058548 0.378125 2.000000 0.009368 0.385937 2.000000 0.081967 0.409375 2.000000 0.004684 0.417187 2.000000 0.105386 0.453125 1.000000 0.000000 0.000000 0.000000 0.051522 0.456250 2.000000 0.000000 0.000000 0.000000 0.000000 0.000000 0.000000 0.000000 0.000000 0.000000 0.000000 0.000000 0.000000 0.000000 0.000000 0.000000 0.000000 0.000000 0.000000 0.000000 0.000000 0.000000
0 0.794988 0.467344 0.124918 0.099094 0.782201 0.462500 2.000000 0.789227 0.454688 2.000000 0.770492 0.456250 2.000000 0.798595 0.451562 2.000000 0.749415 0.456250 2.000000 0.824356 0.485938 2.000000 0.742389 0.492188 2.000000 0.000000 0.000000 0.000000 0.730679 0.518750 1.000000 0.000000 0.000000 0.000000 0.747073 0.481250 2.000000 0.000000 0.000000 0.000000 0.000000 0.000000 0.000000 0.000000 0.000000 0.000000 0.000000 0.000000 0.000000 0.000000 0.000000 0.000000 0.000000 0.000000 0.000000
0 0.908033 0.492289 0.180000 0.121984 0.920375 0.457813 2.000000 0.929742 0.453125 2.000000 0.911007 0.453125 2.000000 0.941452 0.464062 2.000000 0.894614 0.464062 2.000000 0.962529 0.500000 2.000000 0.866511 0.496875 2.000000 0.988290 0.529687 1.000000 0.829040 0.535937 1.000000 0.000000 0.000000 0.000000 0.885246 0.564063 1.000000 0.936768 0.579688 1.000000 0.889930 0.579688 1.000000 0.000000 0.000000 0.000000 0.000000 0.000000 0.000000 0.000000 0.000000 0.000000 0.000000 0.000000 0.000000
0 0.189180 0.408109 0.149321 0.140313 0.217799 0.371875 2.000000 0.224824 0.367188 2.000000 0.208431 0.367188 2.000000 0.000000 0.000000 0.000000 0.177986 0.370312 2.000000 0.243560 0.409375 2.000000 0.140515 0.410938 2.000000 0.000000 0.000000 0.000000 0.000000 0.000000 0.000000 0.000000 0.000000 0.000000 0.000000 0.000000 0.000000 0.000000 0.000000 0.000000 0.000000 0.000000 0.000000 0.000000 0.000000 0.000000 0.000000 0.000000 0.000000 0.000000 0.000000 0.000000 0.000000 0.000000 0.000000
0 0.051522 0.502625 0.098923 0.077500 0.046838 0.500000 2.000000 0.056206 0.493750 2.000000 0.035129 0.493750 2.000000 0.067916 0.493750 2.000000 0.018735 0.495312 2.000000 0.091335 0.526563 2.000000 0.007026 0.528125 2.000000 0.000000 0.000000 0.000000 0.000000 0.000000 0.000000 0.000000 0.000000 0.000000 0.000000 0.000000 0.000000 0.000000 0.000000 0.000000 0.000000 0.000000 0.000000 0.000000 0.000000 0.000000 0.000000 0.000000 0.000000 0.000000 0.000000 0.000000 0.000000 0.000000 0.000000
0 0.174953 0.497555 0.160211 0.087703 0.187354 0.479687 2.000000 0.194379 0.473438 2.000000 0.175644 0.473438 2.000000 0.000000 0.000000 0.000000 0.149883 0.478125 2.000000 0.220141 0.517188 2.000000 0.124122 0.520312 2.000000 0.000000 0.000000 0.000000 0.000000 0.000000 0.000000 0.000000 0.000000 0.000000 0.000000 0.000000 0.000000 0.000000 0.000000 0.000000 0.000000 0.000000 0.000000 0.000000 0.000000 0.000000 0.000000 0.000000 0.000000 0.000000 0.000000 0.000000 0.000000 0.000000 0.000000
0 0.094133 0.462734 0.121335 0.107906 0.084309 0.437500 2.000000 0.088993 0.431250 2.000000 0.070258 0.434375 2.000000 0.100703 0.435937 1.000000 0.056206 0.442188 2.000000 0.128806 0.459375 2.000000 0.042155 0.470313 1.000000 0.147541 0.501563 2.000000 0.000000 0.000000 0.000000 0.000000 0.000000 0.000000 0.000000 0.000000 0.000000 0.126464 0.534375 1.000000 0.074941 0.539062 1.000000 0.000000 0.000000 0.000000 0.000000 0.000000 0.000000 0.000000 0.000000 0.000000 0.000000 0.000000 0.000000
