0 0.626414 0.557000 0.382609 0.702042 0.648438 0.281250 2.000000 0.000000 0.000000 0.000000 0.639062 0.272917 2.000000 0.000000 0.000000 0.000000 0.603125 0.277083 2.000000 0.654687 0.343750 2.000000 0.521875 0.310417 2.000000 0.590625 0.406250 2.000000 0.443750 0.320833 2.000000 0.515625 0.354167 2.000000 0.484375 0.318750 2.000000 0.617188 0.537500 2.000000 0.556250 0.547917 2.000000 0.706250 0.662500 2.000000 0.540625 0.693750 2.000000 0.776563 0.797917 2.000000 0.515625 0.866667 2.000000
0 0.227094 0.714250 0.454188 0.541458 0.254688 0.539583 2.000000 0.000000 0.000000 0.000000 0.245312 0.522917 2.000000 0.000000 0.000000 0.000000 0.212500 0.541667 2.000000 0.228125 0.633333 2.000000 0.179688 0.606250 2.000000 0.268750 0.704167 2.000000 0.232813 0.720833 2.000000 0.346875 0.735417 2.000000 0.290625 0.729167 2.000000 0.089063 0.714583 2.000000 0.053125 0.737500 2.000000 0.195312 0.768750 2.000000 0.167187 0.760417 2.000000 0.139063 0.916667 2.000000 0.118750 0.954167 2.000000
0 0.038977 0.170302 0.077953 0.340146 0.021875 0.037500 2.000000 0.025000 0.031250 2.000000 0.014063 0.031250 2.000000 0.000000 0.000000 0.000000 0.000000 0.000000 0.000000 0.037500 0.075000 2.000000 0.000000 0.000000 0.000000 0.064062 0.145833 2.000000 0.000000 0.000000 0.000000 0.026562 0.118750 2.000000 0.042188 0.152083 2.000000 0.000000 0.000000 0.000000 0.000000 0.000000 0.000000 0.025000 0.256250 2.000000 0.000000 0.000000 0.000000 0.012500 0.366667 1.000000 0.000000 0.000000 0.000000
0 0.211375 0.194417 0.146437 0.388833 0.232813 0.050000 2.000000 0.237500 0.039583 2.000000 0.223438 0.041667 2.000000 0.000000 0.000000 0.000000 0.209375 0.039583 2.000000 0.246875 0.064583 2.000000 0.203125 0.060417 2.000000 0.276562 0.125000 2.000000 0.214062 0.112500 2.000000 0.240625 0.100000 2.000000 0.239063 0.091667 2.000000 0.190625 0.158333 1.000000 0.164062 0.160417 2.000000 0.000000 0.000000 0.000000 0.179688 0.237500 2.000000 0.000000 0.000000 0.000000 0.190625 0.368750 2.000000
0 0.293914 0.176802 0.141891 0.322063 0.334375 0.052083 2.000000 0.337500 0.039583 2.000000 0.325000 0.039583 2.000000 0.000000 0.000000 0.000000 0.306250 0.045833 2.000000 0.345313 0.050000 2.000000 0.284375 0.035417 2.000000 0.345313 0.114583 1.000000 0.287500 0.089583 2.000000 0.312500 0.093750 2.000000 0.320312 0.077083 2.000000 0.285938 0.168750 2.000000 0.240625 0.168750 2.000000 0.310937 0.239583 2.000000 0.254688 0.272917 2.000000 0.304688 0.337500 1.000000 0.260937 0.358333 1.000000
0 0.723203 0.166990 0.130969 0.333979 0.000000 0.000000 0.000000 0.000000 0.000000 0.000000 0.000000 0.000000 0.000000 0.000000 0.000000 0.000000 0.000000 0.000000 0.000000 0.000000 0.000000 0.000000 0.000000 0.000000 0.000000 0.776563 0.029167 2.000000 0.675000 0.037500 1.000000 0.743750 0.037500 2.000000 0.732812 0.031250 2.000000 0.735938 0.108333 2.000000 0.690625 0.110417 2.000000 0.718750 0.243750 2.000000 0.714063 0.243750 2.000000 0.703125 0.329167 2.000000 0.689063 0.329167 2.000000
0 0.103648 0.199625 0.160109 0.395500 0.131250 0.041667 2.000000 0.135937 0.033333 2.000000 0.126562 0.033333 2.000000 0.000000 0.000000 0.000000 0.106250 0.033333 2.000000 0.139063 0.054167 2.000000 0.093750 0.056250 2.000000 0.170313 0.110417 2.000000 0.115625 0.131250 2.000000 0.132812 0.095833 2.000000 0.137500 0.104167 2.000000 0.089063 0.177083 2.000000 0.059375 0.175000 2.000000 0.071875 0.260417 2.000000 0.092188 0.247917 2.000000 0.078125 0.366667 1.000000 0.089063 0.343750 2.000000
0 0.637977 0.116729 0.101828 0.232417 0.000000 0.000000 0.000000 0.000000 0.000000 0.000000 0.000000 0.000000 0.000000 0.000000 0.000000 0.000000 0.000000 0.000000 0.000000 0.000000 0.000000 0.000000 0.000000 0.000000 0.000000 0.618750 0.041667 2.000000 0.000000 0.000000 0.000000 0.656250 0.041667 2.000000 0.000000 0.000000 0.000000 0.000000 0.000000 0.000000 0.000000 0.000000 0.000000 0.643750 0.162500 2.000000 0.000000 0.000000 0.000000 0.000000 0.000000 0.000000 0.000000 0.000000 0.000000
0 0.833914 0.129094 0.131641 0.256521 0.000000 0.000000 0.000000 0.000000 0.000000 0.000000 0.000000 0.000000 0.000000 0.000000 0.000000 0.000000 0.000000 0.000000 0.000000 0.000000 0.000000 0.000000 0.000000 0.000000 0.000000 0.887500 0.022917 2.000000 0.792188 0.010417 2.000000 0.846875 0.010417 2.000000 0.848437 0.031250 2.000000 0.828125 0.145833 2.000000 0.796875 0.147917 1.000000 0.826562 0.225000 2.000000 0.796875 0.225000 1.000000 0.806250 0.312500 1.000000 0.000000 0.000000 0.000000
0 0.934906 0.131740 0.126875 0.263313 0.000000 0.000000 0.000000 0.000000 0.000000 0.000000 0.000000 0.000000 0.000000 0.000000 0.000000 0.000000 0.000000 0.000000 0.000000 0.000000 0.000000 0.000000 0.000000 0.000000 0.000000 0.000000 0.000000 0.000000 0.901563 0.014583 2.000000 0.979688 0.020833 2.000000 0.948438 0.018750 2.000000 0.945312 0.114583 2.000000 0.909375 0.112500 2.000000 0.935937 0.225000 2.000000 0.892188 0.189583 2.000000 0.923438 0.308333 1.000000 0.907813 0.281250 1.000000
0 0.527008 0.145052 0.164766 0.290104 0.000000 0.000000 0.000000 0.000000 0.000000 0.000000 0.000000 0.000000 0.000000 0.000000 0.000000 0.000000 0.000000 0.000000 0.000000 0.000000 0.000000 0.000000 0.000000 0.000000 0.000000 0.584375 0.056250 2.000000 0.459375 0.027083 2.000000 0.000000 0.000000 0.000000 0.481250 0.085417 2.000000 0.546875 0.116667 2.000000 0.503125 0.114583 2.000000 0.539062 0.212500 2.000000 0.525000 0.204167 2.000000 0.537500 0.300000 1.000000 0.526563 0.304167 1.000000
