0 0.567750 0.724114 0.736500 0.531532 0.494000 0.585586 2.000000 0.494000 0.555556 2.000000 0.000000 0.000000 0.000000 0.524000 0.555556 2.000000 0.000000 0.000000 0.000000 0.596000 0.600601 2.000000 0.504000 0.651652 2.000000 0.718000 0.603604 2.000000 0.428000 0.645646 2.000000 0.848000 0.594595 2.000000 0.342000 0.585586 2.000000 0.534000 0.861862 2.000000 0.516000 0.960961 2.000000 0.424000 0.684685 2.000000 0.412000 0.837838 2.000000 0.274000 0.819820 2.000000 0.274000 0.906907 2.000000
0 0.419060 0.147192 0.104760 0.258408 0.420000 0.087087 2.000000 0.426000 0.081081 2.000000 0.416000 0.081081 2.000000 0.434000 0.072072 2.000000 0.402000 0.072072 2.000000 0.450000 0.093093 2.000000 0.380000 0.090090 2.000000 0.466000 0.177177 2.000000 0.380000 0.183183 2.000000 0.432000 0.120120 2.000000 0.394000 0.123123 2.000000 0.000000 0.000000 0.000000 0.000000 0.000000 0.000000 0.438000 0.138138 2.000000 0.000000 0.000000 0.000000 0.432000 0.234234 2.000000 0.000000 0.000000 0.000000
0 0.321330 0.156066 0.097700 0.312132 0.000000 0.000000 0.000000 0.000000 0.000000 0.000000 0.000000 0.000000 0.000000 0.000000 0.000000 0.000000 0.000000 0.000000 0.000000 0.000000 0.000000 0.000000 0.000000 0.000000 0.000000 0.000000 0.000000 0.000000 0.000000 0.000000 0.000000 0.000000 0.000000 0.000000 0.000000 0.000000 0.000000 0.348000 0.033033 2.000000 0.292000 0.045045 2.000000 0.342000 0.162162 2.000000 0.278000 0.171171 1.000000 0.342000 0.282282 2.000000 0.274000 0.261261 1.000000
0 0.090600 0.217402 0.178120 0.434805 0.054000 0.039039 2.000000 0.058000 0.024024 2.000000 0.042000 0.021021 2.000000 0.000000 0.000000 0.000000 0.016000 0.021021 2.000000 0.074000 0.099099 2.000000 0.000000 0.000000 0.000000 0.092000 0.210210 2.000000 0.026000 0.282282 2.000000 0.108000 0.282282 2.000000 0.078000 0.324324 2.000000 0.082000 0.288288 2.000000 0.026000 0.309309 2.000000 0.122000 0.279279 2.000000 0.118000 0.405405 2.000000 0.000000 0.000000 0.000000 0.000000 0.000000 0.000000
0 0.223690 0.175706 0.105860 0.347387 0.000000 0.000000 0.000000 0.000000 0.000000 0.000000 0.000000 0.000000 0.000000 0.000000 0.000000 0.000000 0.000000 0.000000 0.000000 0.000000 0.000000 0.000000 0.000000 0.000000 0.000000 0.000000 0.000000 0.000000 0.000000 0.000000 0.000000 0.000000 0.000000 0.000000 0.000000 0.000000 0.000000 0.234000 0.033033 2.000000 0.210000 0.036036 2.000000 0.242000 0.135135 2.000000 0.242000 0.147147 2.000000 0.232000 0.288288 1.000000 0.224000 0.303303 1.000000
0 0.577200 0.093904 0.053320 0.183544 0.582000 0.048048 2.000000 0.580000 0.042042 2.000000 0.576000 0.042042 2.000000 0.000000 0.000000 0.000000 0.000000 0.000000 0.000000 0.590000 0.060060 2.000000 0.558000 0.072072 2.000000 0.596000 0.123123 2.000000 0.570000 0.135135 2.000000 0.596000 0.174174 2.000000 0.572000 0.081081 2.000000 0.582000 0.168168 2.000000 0.560000 0.171171 2.000000 0.000000 0.000000 0.000000 0.000000 0.000000 0.000000 0.000000 0.000000 0.000000 0.000000 0.000000 0.000000
0 0.845860 0.102583 0.064000 0.205165 0.000000 0.000000 0.000000 0.000000 0.000000 0.000000 0.000000 0.000000 0.000000 0.000000 0.000000 0.000000 0.000000 0.000000 0.000000 0.000000 0.000000 0.000000 0.000000 0.000000 0.000000 0.000000 0.000000 0.000000 0.000000 0.000000 0.000000 0.000000 0.000000 0.000000 0.000000 0.000000 0.000000 0.000000 0.000000 0.000000 0.000000 0.000000 0.000000 0.850000 0.060060 2.000000 0.834000 0.057057 2.000000 0.840000 0.168168 2.000000 0.832000 0.165165 2.000000
0 0.506600 0.127913 0.077400 0.254625 0.000000 0.000000 0.000000 0.000000 0.000000 0.000000 0.000000 0.000000 0.000000 0.000000 0.000000 0.000000 0.000000 0.000000 0.000000 0.000000 0.000000 0.000000 0.000000 0.000000 0.000000 0.000000 0.000000 0.000000 0.000000 0.000000 0.000000 0.000000 0.000000 0.000000 0.528000 0.015015 2.000000 0.498000 0.045045 2.000000 0.502000 0.045045 2.000000 0.498000 0.153153 2.000000 0.502000 0.153153 2.000000 0.498000 0.237237 2.000000 0.502000 0.237237 2.000000
0 0.162240 0.210240 0.131240 0.378739 0.172000 0.096096 2.000000 0.180000 0.087087 2.000000 0.164000 0.081081 2.000000 0.000000 0.000000 0.000000 0.142000 0.075075 2.000000 0.170000 0.132132 2.000000 0.118000 0.141141 2.000000 0.220000 0.189189 2.000000 0.096000 0.240240 1.000000 0.172000 0.183183 2.000000 0.148000 0.240240 2.000000 0.144000 0.255255 2.000000 0.116000 0.261261 2.000000 0.206000 0.219219 2.000000 0.174000 0.285285 2.000000 0.190000 0.348348 2.000000 0.000000 0.000000 0.000000
0 0.728340 0.113003 0.097600 0.220240 0.734000 0.018018 2.000000 0.740000 0.012012 2.000000 0.730000 0.012012 2.000000 0.000000 0.000000 0.000000 0.000000 0.000000 0.000000 0.746000 0.042042 2.000000 0.702000 0.045045 2.000000 0.748000 0.096096 2.000000 0.696000 0.120120 1.000000 0.762000 0.084084 2.000000 0.726000 0.081081 2.000000 0.738000 0.144144 2.000000 0.710000 0.150150 2.000000 0.766000 0.099099 2.000000 0.742000 0.099099 2.000000 0.754000 0.201201 2.000000 0.730000 0.207207 2.000000
