0 0.950992 0.198019 0.086703 0.205415 0.923438 0.153527 2.000000 0.935937 0.143154 2.000000 0.921875 0.145228 2.000000 0.960938 0.147303 2.000000 0.000000 0.000000 0.000000 0.970313 0.226141 2.000000 0.940625 0.201245 2.000000 0.968750 0.309129 1.000000 0.000000 0.000000 0.000000 0.000000 0.000000 0.000000 0.000000 0.000000 0.000000 0.000000 0.000000 0.000000 0.000000 0.000000 0.000000 0.000000 0.000000 0.000000 0.000000 0.000000 0.000000 0.000000 0.000000 0.000000 0.000000 0.000000 0.000000
0 0.906281 0.535519 0.183094 0.731494 0.884375 0.255187 2.000000 0.893750 0.236515 2.000000 0.875000 0.238589 2.000000 0.923438 0.230290 2.000000 0.000000 0.000000 0.000000 0.951562 0.323651 2.000000 0.909375 0.284232 2.000000 0.971875 0.448133 2.000000 0.890625 0.414938 2.000000 0.917188 0.526971 2.000000 0.850000 0.473029 2.000000 0.934375 0.518672 2.000000 0.890625 0.491701 2.000000 0.921875 0.674274 2.000000 0.876563 0.653527 2.000000 0.934375 0.854772 2.000000 0.885938 0.771784 2.000000
0 0.829094 0.426836 0.131469 0.612925 0.789062 0.186722 2.000000 0.796875 0.176349 2.000000 0.785937 0.176349 2.000000 0.825000 0.180498 2.000000 0.000000 0.000000 0.000000 0.848437 0.228216 2.000000 0.790625 0.219917 2.000000 0.876563 0.292531 2.000000 0.771875 0.288382 1.000000 0.842187 0.346473 2.000000 0.000000 0.000000 0.000000 0.823438 0.379668 2.000000 0.789062 0.363071 2.000000 0.798438 0.516598 2.000000 0.812500 0.512448 2.000000 0.823438 0.665975 2.000000 0.832812 0.659751 2.000000
0 0.720562 0.199274 0.109469 0.155145 0.710938 0.172199 2.000000 0.721875 0.163900 2.000000 0.707812 0.163900 2.000000 0.739062 0.170124 2.000000 0.000000 0.000000 0.000000 0.760938 0.230290 2.000000 0.678125 0.217842 2.000000 0.000000 0.000000 0.000000 0.000000 0.000000 0.000000 0.000000 0.000000 0.000000 0.000000 0.000000 0.000000 0.000000 0.000000 0.000000 0.000000 0.000000 0.000000 0.000000 0.000000 0.000000 0.000000 0.000000 0.000000 0.000000 0.000000 0.000000 0.000000 0.000000 0.000000
0 0.528758 0.181193 0.089953 0.135539 0.531250 0.157676 2.000000 0.537500 0.151452 2.000000 0.526563 0.149378 2.000000 0.546875 0.151452 2.000000 0.518750 0.149378 2.000000 0.565625 0.207469 2.000000 0.495312 0.209544 2.000000 0.000000 0.000000 0.000000 0.000000 0.000000 0.000000 0.000000 0.000000 0.000000 0.000000 0.000000 0.000000 0.000000 0.000000 0.000000 0.000000 0.000000 0.000000 0.000000 0.000000 0.000000 0.000000 0.000000 0.000000 0.000000 0.000000 0.000000 0.000000 0.000000 0.000000
0 0.482797 0.160778 0.079750 0.139564 0.487500 0.134855 2.000000 0.490625 0.126556 2.000000 0.479687 0.124481 2.000000 0.500000 0.126556 2.000000 0.471875 0.128631 1.000000 0.514062 0.182573 2.000000 0.459375 0.184647 2.000000 0.000000 0.000000 0.000000 0.000000 0.000000 0.000000 0.000000 0.000000 0.000000 0.000000 0.000000 0.000000 0.507812 0.280083 1.000000 0.465625 0.278008 1.000000 0.000000 0.000000 0.000000 0.000000 0.000000 0.000000 0.000000 0.000000 0.000000 0.000000 0.000000 0.000000
0 0.618578 0.170788 0.089688 0.148299 0.614062 0.151452 2.000000 0.621875 0.141079 2.000000 0.612500 0.136929 2.000000 0.642188 0.145228 2.000000 0.000000 0.000000 0.000000 0.656250 0.203320 1.000000 0.590625 0.186722 2.000000 0.000000 0.000000 0.000000 0.000000 0.000000 0.000000 0.000000 0.000000 0.000000 0.000000 0.000000 0.000000 0.000000 0.000000 0.000000 0.000000 0.000000 0.000000 0.000000 0.000000 0.000000 0.000000 0.000000 0.000000 0.000000 0.000000 0.000000 0.000000 0.000000 0.000000
0 0.887320 0.146971 0.067234 0.137137 0.889062 0.147303 2.000000 0.896875 0.134855 2.000000 0.878125 0.134855 2.000000 0.000000 0.000000 0.000000 0.862500 0.132780 2.000000 0.893750 0.176349 2.000000 0.843750 0.180498 1.000000 0.000000 0.000000 0.000000 0.842187 0.248963 1.000000 0.000000 0.000000 0.000000 0.859375 0.199170 2.000000 0.000000 0.000000 0.000000 0.000000 0.000000 0.000000 0.000000 0.000000 0.000000 0.000000 0.000000 0.000000 0.000000 0.000000 0.000000 0.000000 0.000000 0.000000
0 0.580797 0.148869 0.061875 0.140851 0.576562 0.126556 2.000000 0.581250 0.118257 2.000000 0.571875 0.118257 2.000000 0.592187 0.116183 2.000000 0.564063 0.116183 2.000000 0.609375 0.163900 2.000000 0.548438 0.168050 1.000000 0.000000 0.000000 0.000000 0.000000 0.000000 0.000000 0.000000 0.000000 0.000000 0.000000 0.000000 0.000000 0.000000 0.000000 0.000000 0.000000 0.000000 0.000000 0.000000 0.000000 0.000000 0.000000 0.000000 0.000000 0.000000 0.000000 0.000000 0.000000 0.000000 0.000000
0 0.040727 0.289295 0.081453 0.313734 0.023438 0.203320 2.000000 0.028125 0.186722 2.000000 0.009375 0.184647 2.000000 0.000000 0.000000 0.000000 0.000000 0.000000 0.000000 0.026562 0.251037 2.000000 0.000000 0.000000 0.000000 0.000000 0.000000 0.000000 0.000000 0.000000 0.000000 0.000000 0.000000 0.000000 0.000000 0.000000 0.000000 0.042188 0.427386 2.000000 0.004687 0.429461 1.000000 0.000000 0.000000 0.000000 0.000000 0.000000 0.000000 0.000000 0.000000 0.000000 0.000000 0.000000 0.000000
0 0.093023 0.272873 0.145797 0.303299 0.075000 0.184647 2.000000 0.000000 0.000000 0.000000 0.065625 0.174274 2.000000 0.000000 0.000000 0.000000 0.040625 0.178423 1.000000 0.054688 0.232365 2.000000 0.034375 0.248963 2.000000 0.071875 0.309129 2.000000 0.064062 0.334025 2.000000 0.089063 0.294606 2.000000 0.115625 0.379668 2.000000 0.096875 0.383817 2.000000 0.075000 0.398340 1.000000 0.000000 0.000000 0.000000 0.110937 0.500000 1.000000 0.000000 0.000000 0.000000 0.000000 0.000000 0.000000
0 0.672633 0.169336 0.064266 0.163983 0.654687 0.145228 2.000000 0.665625 0.134855 2.000000 0.651563 0.136929 2.000000 0.682813 0.136929 1.000000 0.000000 0.000000 0.000000 0.698438 0.182573 2.000000 0.659375 0.180498 1.000000 0.000000 0.000000 0.000000 0.000000 0.000000 0.000000 0.000000 0.000000 0.000000 0.000000 0.000000 0.000000 0.000000 0.000000 0.000000 0.000000 0.000000 0.000000 0.000000 0.000000 0.000000 0.000000 0.000000 0.000000 0.000000 0.000000 0.000000 0.000000 0.000000 0.000000
