0 0.951969 0.136779 0.062656 0.111610 0.943750 0.113320 2.000000 0.946875 0.107356 2.000000 0.939063 0.109344 2.000000 0.956250 0.111332 2.000000 0.000000 0.000000 0.000000 0.971875 0.145129 2.000000 0.929688 0.149105 2.000000 0.962500 0.180915 2.000000 0.920312 0.186879 1.000000 0.932813 0.192843 1.000000 0.000000 0.000000 0.000000 0.948438 0.220676 1.000000 0.925000 0.218688 1.000000 0.000000 0.000000 0.000000 0.000000 0.000000 0.000000 0.000000 0.000000 0.000000 0.000000 0.000000 0.000000
0 0.466539 0.512614 0.300766 0.607256 0.448437 0.278330 2.000000 0.453125 0.272366 2.000000 0.000000 0.000000 0.000000 0.484375 0.270378 2.000000 0.000000 0.000000 0.000000 0.537500 0.302187 2.000000 0.439063 0.316103 2.000000 0.604688 0.343936 2.000000 0.454688 0.385686 2.000000 0.545312 0.318091 2.000000 0.515625 0.341948 2.000000 0.517188 0.481113 2.000000 0.459375 0.481113 2.000000 0.521875 0.644135 2.000000 0.396875 0.624254 2.000000 0.557813 0.769384 2.000000 0.360938 0.769384 2.000000
0 0.818711 0.396342 0.116422 0.241034 0.803125 0.314115 2.000000 0.807813 0.308151 2.000000 0.800000 0.310139 2.000000 0.825000 0.308151 2.000000 0.000000 0.000000 0.000000 0.846875 0.330020 2.000000 0.000000 0.000000 0.000000 0.818750 0.333996 2.000000 0.767188 0.333996 2.000000 0.798438 0.324056 2.000000 0.000000 0.000000 0.000000 0.850000 0.433400 2.000000 0.818750 0.437376 2.000000 0.846875 0.528827 1.000000 0.825000 0.520875 1.000000 0.000000 0.000000 0.000000 0.000000 0.000000 0.000000
0 0.705453 0.222744 0.064094 0.094871 0.703125 0.192843 2.000000 0.707812 0.188867 2.000000 0.698438 0.188867 2.000000 0.714063 0.196819 2.000000 0.693750 0.194831 1.000000 0.728125 0.226640 2.000000 0.689063 0.224652 2.000000 0.728125 0.262425 2.000000 0.676562 0.244533 2.000000 0.000000 0.000000 0.000000 0.000000 0.000000 0.000000 0.000000 0.000000 0.000000 0.000000 0.000000 0.000000 0.000000 0.000000 0.000000 0.000000 0.000000 0.000000 0.000000 0.000000 0.000000 0.000000 0.000000 0.000000
0 0.754148 0.398181 0.123641 0.262922 0.737500 0.298211 2.000000 0.742188 0.294235 2.000000 0.735938 0.294235 2.000000 0.754687 0.294235 2.000000 0.000000 0.000000 0.000000 0.770312 0.312127 2.000000 0.728125 0.312127 1.000000 0.743750 0.345924 2.000000 0.700000 0.330020 2.000000 0.721875 0.328032 2.000000 0.742188 0.330020 2.000000 0.785937 0.433400 2.000000 0.756250 0.435388 2.000000 0.800000 0.504970 1.000000 0.712500 0.427435 2.000000 0.000000 0.000000 0.000000 0.743750 0.497018 2.000000
0 0.834508 0.650567 0.280828 0.393260 0.000000 0.000000 0.000000 0.000000 0.000000 0.000000 0.000000 0.000000 0.000000 0.796875 0.508946 2.000000 0.000000 0.000000 0.000000 0.801562 0.550696 2.000000 0.853125 0.528827 2.000000 0.734375 0.630219 2.000000 0.000000 0.000000 0.000000 0.000000 0.000000 0.000000 0.000000 0.000000 0.000000 0.870313 0.725646 2.000000 0.931250 0.715706 2.000000 0.742188 0.681909 2.000000 0.000000 0.000000 0.000000 0.839063 0.795229 2.000000 0.951562 0.795229 2.000000
0 0.833758 0.222386 0.079172 0.115706 0.806250 0.188867 2.000000 0.809375 0.182903 2.000000 0.801562 0.186879 2.000000 0.818750 0.184891 2.000000 0.000000 0.000000 0.000000 0.832812 0.206759 2.000000 0.800000 0.208748 2.000000 0.820312 0.258449 2.000000 0.792188 0.242545 1.000000 0.807813 0.230616 2.000000 0.800000 0.254473 2.000000 0.843750 0.270378 2.000000 0.821875 0.270378 2.000000 0.000000 0.000000 0.000000 0.000000 0.000000 0.000000 0.000000 0.000000 0.000000 0.000000 0.000000 0.000000
0 0.282078 0.430278 0.088938 0.143380 0.279687 0.365805 2.000000 0.282813 0.357853 1.000000 0.275000 0.361829 2.000000 0.298438 0.361829 2.000000 0.000000 0.000000 0.000000 0.314063 0.395626 2.000000 0.270313 0.395626 2.000000 0.312500 0.445328 1.000000 0.000000 0.000000 0.000000 0.000000 0.000000 0.000000 0.000000 0.000000 0.000000 0.300000 0.475149 1.000000 0.259375 0.471173 2.000000 0.000000 0.000000 0.000000 0.000000 0.000000 0.000000 0.000000 0.000000 0.000000 0.000000 0.000000 0.000000
0 0.172438 0.434095 0.090406 0.129742 0.151562 0.397614 2.000000 0.156250 0.391650 2.000000 0.148438 0.393638 2.000000 0.170313 0.393638 2.000000 0.000000 0.000000 0.000000 0.181250 0.417495 2.000000 0.148438 0.419483 2.000000 0.185938 0.461233 2.000000 0.148438 0.457256 2.000000 0.151562 0.481113 2.000000 0.139063 0.483101 2.000000 0.228125 0.469185 1.000000 0.192188 0.471173 2.000000 0.185938 0.487078 2.000000 0.000000 0.000000 0.000000 0.000000 0.000000 0.000000 0.000000 0.000000 0.000000
0 0.958547 0.369821 0.082906 0.264970 0.956250 0.272366 2.000000 0.964063 0.266402 2.000000 0.953125 0.266402 2.000000 0.976562 0.266402 2.000000 0.000000 0.000000 0.000000 0.996875 0.302187 2.000000 0.937500 0.308151 2.000000 0.000000 0.000000 0.000000 0.912500 0.361829 1.000000 0.000000 0.000000 0.000000 0.934375 0.397614 2.000000 0.985938 0.413519 2.000000 0.945312 0.417495 2.000000 0.979688 0.514911 1.000000 0.942187 0.520875 1.000000 0.000000 0.000000 0.000000 0.000000 0.000000 0.000000
