0 0.913992 0.473381 0.077547 0.336974 0.918750 0.328605 2.000000 0.921875 0.323877 2.000000 0.914062 0.323877 2.000000 0.928125 0.328605 2.000000 0.907813 0.326241 2.000000 0.940625 0.368794 2.000000 0.896875 0.366430 2.000000 0.945312 0.418440 2.000000 0.892188 0.413712 2.000000 0.939063 0.432624 2.000000 0.884375 0.427896 2.000000 0.921875 0.456265 2.000000 0.900000 0.453901 2.000000 0.920312 0.531915 2.000000 0.896875 0.527187 2.000000 0.921875 0.612293 2.000000 0.896875 0.607565 2.000000
0 0.855180 0.461820 0.061172 0.359905 0.848437 0.321513 2.000000 0.853125 0.312057 2.000000 0.843750 0.312057 2.000000 0.864062 0.307329 2.000000 0.000000 0.000000 0.000000 0.876563 0.359338 2.000000 0.832812 0.356974 2.000000 0.871875 0.399527 2.000000 0.829688 0.392435 2.000000 0.845313 0.408983 2.000000 0.857812 0.397163 2.000000 0.865625 0.437352 2.000000 0.842187 0.437352 2.000000 0.864062 0.531915 2.000000 0.842187 0.536643 2.000000 0.870313 0.609929 2.000000 0.846875 0.607565 2.000000
0 0.793219 0.452080 0.073469 0.353475 0.792188 0.302600 2.000000 0.796875 0.297872 2.000000 0.790625 0.295508 2.000000 0.803125 0.297872 2.000000 0.781250 0.297872 1.000000 0.814063 0.345154 2.000000 0.768750 0.342790 2.000000 0.817187 0.394799 2.000000 0.760938 0.378251 2.000000 0.800000 0.401891 2.000000 0.767188 0.390071 2.000000 0.804688 0.449173 2.000000 0.775000 0.444444 2.000000 0.803125 0.510638 2.000000 0.778125 0.505910 2.000000 0.803125 0.591017 2.000000 0.779687 0.591017 2.000000
0 0.738375 0.478995 0.055594 0.289527 0.737500 0.364066 2.000000 0.743750 0.352246 2.000000 0.734375 0.354610 2.000000 0.750000 0.356974 2.000000 0.725000 0.354610 1.000000 0.756250 0.394799 2.000000 0.723437 0.390071 2.000000 0.746875 0.430260 2.000000 0.714063 0.423168 2.000000 0.723437 0.425532 2.000000 0.731250 0.427896 2.000000 0.740625 0.463357 2.000000 0.723437 0.460993 2.000000 0.740625 0.531915 2.000000 0.729688 0.527187 2.000000 0.746875 0.600473 2.000000 0.732812 0.598109 2.000000
0 0.688609 0.446596 0.061687 0.323924 0.685937 0.314421 2.000000 0.690625 0.307329 2.000000 0.681250 0.307329 2.000000 0.693750 0.312057 2.000000 0.678125 0.312057 2.000000 0.707812 0.342790 2.000000 0.667188 0.340426 2.000000 0.707812 0.385343 2.000000 0.664062 0.382979 2.000000 0.704688 0.430260 2.000000 0.665625 0.425532 2.000000 0.698438 0.439716 2.000000 0.678125 0.437352 2.000000 0.701562 0.515366 2.000000 0.679688 0.515366 2.000000 0.706250 0.572104 2.000000 0.685937 0.574468 2.000000
0 0.105453 0.464043 0.086156 0.339338 0.109375 0.338061 2.000000 0.112500 0.330969 2.000000 0.104688 0.330969 2.000000 0.118750 0.333333 2.000000 0.098437 0.330969 2.000000 0.129688 0.371158 2.000000 0.087500 0.373522 2.000000 0.135937 0.420804 2.000000 0.078125 0.416076 2.000000 0.139063 0.465721 2.000000 0.082812 0.420804 2.000000 0.125000 0.465721 2.000000 0.101562 0.465721 2.000000 0.118750 0.541371 2.000000 0.098437 0.539007 2.000000 0.115625 0.602837 2.000000 0.092188 0.600473 2.000000
0 0.176602 0.460402 0.064953 0.327943 0.173437 0.333333 2.000000 0.175000 0.326241 2.000000 0.168750 0.326241 2.000000 0.182812 0.326241 2.000000 0.162500 0.328605 2.000000 0.190625 0.359338 2.000000 0.157812 0.359338 2.000000 0.200000 0.394799 2.000000 0.154688 0.397163 2.000000 0.170313 0.387707 2.000000 0.182812 0.399527 2.000000 0.189062 0.451537 2.000000 0.160938 0.451537 2.000000 0.184375 0.520095 2.000000 0.160938 0.522459 2.000000 0.184375 0.586288 2.000000 0.160938 0.586288 2.000000
0 0.520820 0.462435 0.054766 0.289976 0.518750 0.345154 2.000000 0.521875 0.342790 2.000000 0.514062 0.340426 2.000000 0.000000 0.000000 0.000000 0.507812 0.342790 2.000000 0.535937 0.382979 2.000000 0.501563 0.382979 2.000000 0.545312 0.423168 2.000000 0.496875 0.432624 1.000000 0.532813 0.423168 2.000000 0.503125 0.430260 2.000000 0.535937 0.472813 2.000000 0.507812 0.470449 2.000000 0.535937 0.529551 2.000000 0.512500 0.524823 2.000000 0.532813 0.574468 2.000000 0.512500 0.574468 2.000000
0 0.473898 0.448097 0.053391 0.306123 0.471875 0.323877 2.000000 0.475000 0.319149 2.000000 0.467187 0.316785 2.000000 0.481250 0.326241 2.000000 0.464062 0.326241 2.000000 0.484375 0.354610 2.000000 0.459375 0.352246 2.000000 0.490625 0.380615 2.000000 0.453125 0.375887 2.000000 0.490625 0.399527 2.000000 0.453125 0.399527 2.000000 0.481250 0.449173 2.000000 0.459375 0.449173 2.000000 0.478125 0.520095 2.000000 0.460938 0.508274 2.000000 0.475000 0.569740 2.000000 0.460938 0.569740 2.000000
0 0.411102 0.461407 0.073859 0.300969 0.412500 0.342790 2.000000 0.415625 0.335697 2.000000 0.407813 0.335697 2.000000 0.000000 0.000000 0.000000 0.403125 0.340426 2.000000 0.426563 0.371158 2.000000 0.389062 0.371158 2.000000 0.440625 0.413712 2.000000 0.379688 0.411348 2.000000 0.429688 0.430260 2.000000 0.392188 0.430260 2.000000 0.421875 0.442080 2.000000 0.398438 0.444444 2.000000 0.432812 0.513002 2.000000 0.403125 0.508274 2.000000 0.428125 0.574468 2.000000 0.401562 0.574468 2.000000
0 0.249523 0.448310 0.071297 0.330331 0.253125 0.323877 2.000000 0.259375 0.312057 2.000000 0.250000 0.309693 2.000000 0.264062 0.316785 1.000000 0.239063 0.314421 2.000000 0.271875 0.356974 2.000000 0.229687 0.352246 2.000000 0.276562 0.390071 2.000000 0.221875 0.394799 2.000000 0.262500 0.404255 2.000000 0.231250 0.406619 2.000000 0.259375 0.451537 2.000000 0.234375 0.451537 2.000000 0.257812 0.524823 2.000000 0.232813 0.524823 2.000000 0.259375 0.583924 2.000000 0.239063 0.583924 2.000000
0 0.578773 0.431986 0.077828 0.345532 0.578125 0.288416 2.000000 0.581250 0.283688 2.000000 0.573438 0.281324 2.000000 0.585938 0.288416 2.000000 0.567187 0.288416 2.000000 0.595313 0.326241 2.000000 0.559375 0.326241 2.000000 0.606250 0.366430 2.000000 0.546875 0.373522 2.000000 0.607812 0.406619 2.000000 0.553125 0.406619 2.000000 0.587500 0.406619 2.000000 0.568750 0.406619 2.000000 0.589063 0.489362 2.000000 0.565625 0.489362 2.000000 0.590625 0.576832 2.000000 0.573438 0.576832 2.000000
0 0.310453 0.452388 0.066187 0.330024 0.310937 0.316785 2.000000 0.315625 0.309693 2.000000 0.307812 0.309693 2.000000 0.321875 0.309693 2.000000 0.301563 0.309693 2.000000 0.326562 0.347518 2.000000 0.289062 0.349882 2.000000 0.340625 0.380615 2.000000 0.284375 0.385343 2.000000 0.325000 0.401891 2.000000 0.293750 0.401891 2.000000 0.318750 0.437352 2.000000 0.296875 0.437352 2.000000 0.317188 0.486998 2.000000 0.296875 0.498818 2.000000 0.312500 0.567376 2.000000 0.292187 0.569740 2.000000
