0 0.577633 0.442049 0.158203 0.561522 0.567187 0.234192 2.000000 0.578125 0.217799 2.000000 0.564063 0.217799 2.000000 0.600000 0.222482 2.000000 0.000000 0.000000 0.000000 0.614062 0.292740 2.000000 0.581250 0.271663 2.000000 0.646875 0.416862 2.000000 0.570312 0.360656 2.000000 0.623437 0.491803 2.000000 0.523438 0.416862 2.000000 0.604688 0.468384 2.000000 0.564063 0.449649 2.000000 0.584375 0.622951 2.000000 0.526563 0.571429 1.000000 0.576562 0.714286 2.000000 0.514062 0.714286 1.000000
0 0.818609 0.515726 0.200906 0.348314 0.790625 0.435597 2.000000 0.796875 0.428571 2.000000 0.000000 0.000000 0.000000 0.818750 0.421546 2.000000 0.000000 0.000000 0.000000 0.845313 0.437939 2.000000 0.792188 0.407494 2.000000 0.854688 0.524590 2.000000 0.773438 0.451991 2.000000 0.814063 0.550351 2.000000 0.748437 0.487119 2.000000 0.887500 0.466042 2.000000 0.854688 0.466042 2.000000 0.823438 0.517564 2.000000 0.804688 0.576112 2.000000 0.842187 0.632319 2.000000 0.814063 0.690867 1.000000
0 0.969453 0.142670 0.061094 0.185340 0.975000 0.077283 2.000000 0.979688 0.072600 2.000000 0.973437 0.072600 2.000000 0.984375 0.077283 2.000000 0.967187 0.072600 2.000000 0.981250 0.105386 2.000000 0.964063 0.105386 2.000000 0.971875 0.131148 2.000000 0.967187 0.154567 2.000000 0.995313 0.128806 2.000000 0.993750 0.177986 2.000000 0.978125 0.177986 2.000000 0.965625 0.175644 2.000000 0.000000 0.000000 0.000000 0.000000 0.000000 0.000000 0.000000 0.000000 0.000000 0.000000 0.000000 0.000000
0 0.685758 0.159473 0.062141 0.104145 0.704688 0.149883 2.000000 0.707812 0.140515 2.000000 0.701562 0.140515 2.000000 0.000000 0.000000 0.000000 0.693750 0.142857 2.000000 0.707812 0.175644 2.000000 0.670312 0.170960 2.000000 0.000000 0.000000 0.000000 0.000000 0.000000 0.000000 0.000000 0.000000 0.000000 0.000000 0.000000 0.000000 0.000000 0.000000 0.000000 0.000000 0.000000 0.000000 0.000000 0.000000 0.000000 0.000000 0.000000 0.000000 0.000000 0.000000 0.000000 0.000000 0.000000 0.000000
0 0.623109 0.077400 0.066062 0.153021 0.000000 0.000000 0.000000 0.000000 0.000000 0.000000 0.000000 0.000000 0.000000 0.000000 0.000000 0.000000 0.000000 0.000000 0.000000 0.000000 0.000000 0.000000 0.000000 0.000000 0.000000 0.646875 0.035129 2.000000 0.598437 0.011710 2.000000 0.646875 0.079625 2.000000 0.598437 0.063232 2.000000 0.635938 0.065574 2.000000 0.614062 0.063232 2.000000 0.634375 0.138173 2.000000 0.614062 0.138173 2.000000 0.629687 0.206089 1.000000 0.612500 0.203747 1.000000
0 0.391813 0.081721 0.104000 0.155714 0.390625 0.032787 2.000000 0.000000 0.000000 0.000000 0.390625 0.028103 2.000000 0.000000 0.000000 0.000000 0.376563 0.032787 2.000000 0.395313 0.060890 2.000000 0.351562 0.058548 2.000000 0.414062 0.098361 2.000000 0.000000 0.000000 0.000000 0.390625 0.117096 2.000000 0.000000 0.000000 0.000000 0.392188 0.145199 2.000000 0.362500 0.149883 1.000000 0.423438 0.119438 2.000000 0.000000 0.000000 0.000000 0.429688 0.196721 1.000000 0.000000 0.000000 0.000000
0 0.314289 0.076358 0.094328 0.152717 0.318750 0.032787 2.000000 0.321875 0.028103 2.000000 0.317188 0.028103 2.000000 0.328125 0.030445 2.000000 0.307812 0.030445 2.000000 0.325000 0.058548 2.000000 0.295312 0.058548 2.000000 0.343750 0.103044 2.000000 0.310937 0.096019 2.000000 0.328125 0.060890 2.000000 0.332813 0.103044 2.000000 0.306250 0.138173 1.000000 0.281250 0.133489 1.000000 0.348438 0.124122 2.000000 0.321875 0.114754 2.000000 0.000000 0.000000 0.000000 0.000000 0.000000 0.000000
0 0.033055 0.049543 0.063109 0.087845 0.059375 0.051522 2.000000 0.000000 0.000000 0.000000 0.054688 0.046838 2.000000 0.000000 0.000000 0.000000 0.042188 0.051522 2.000000 0.000000 0.000000 0.000000 0.045312 0.098361 1.000000 0.000000 0.000000 0.000000 0.009375 0.060890 2.000000 0.000000 0.000000 0.000000 0.000000 0.000000 0.000000 0.000000 0.000000 0.000000 0.000000 0.000000 0.000000 0.000000 0.000000 0.000000 0.000000 0.000000 0.000000 0.000000 0.000000 0.000000 0.000000 0.000000 0.000000
0 0.851109 0.191932 0.084375 0.088876 0.871875 0.187354 2.000000 0.000000 0.000000 0.000000 0.870313 0.180328 2.000000 0.000000 0.000000 0.000000 0.860938 0.180328 2.000000 0.854688 0.199063 2.000000 0.839063 0.196721 2.000000 0.000000 0.000000 0.000000 0.848437 0.245902 1.000000 0.000000 0.000000 0.000000 0.864062 0.224824 2.000000 0.834375 0.257611 1.000000 0.815625 0.257611 1.000000 0.000000 0.000000 0.000000 0.000000 0.000000 0.000000 0.000000 0.000000 0.000000 0.000000 0.000000 0.000000
0 0.196859 0.060375 0.091438 0.120749 0.189062 0.018735 2.000000 0.193750 0.011710 2.000000 0.179688 0.011710 2.000000 0.000000 0.000000 0.000000 0.000000 0.000000 0.000000 0.209375 0.049180 2.000000 0.164062 0.056206 2.000000 0.232813 0.098361 2.000000 0.179688 0.107728 2.000000 0.198437 0.096019 2.000000 0.218750 0.105386 2.000000 0.000000 0.000000 0.000000 0.000000 0.000000 0.000000 0.000000 0.000000 0.000000 0.000000 0.000000 0.000000 0.000000 0.000000 0.000000 0.000000 0.000000 0.000000
0 0.116164 0.054906 0.078422 0.107752 0.135937 0.011710 2.000000 0.137500 0.004684 2.000000 0.129688 0.004684 2.000000 0.000000 0.000000 0.000000 0.114062 0.004684 2.000000 0.137500 0.032787 2.000000 0.092188 0.039813 2.000000 0.151562 0.091335 2.000000 0.106250 0.096019 2.000000 0.112500 0.081967 2.000000 0.142187 0.074941 2.000000 0.000000 0.000000 0.000000 0.000000 0.000000 0.000000 0.000000 0.000000 0.000000 0.000000 0.000000 0.000000 0.000000 0.000000 0.000000 0.000000 0.000000 0.000000
