0 0.364047 0.762552 0.131469 0.451688 0.373437 0.625000 2.000000 0.387500 0.614583 2.000000 0.362500 0.608333 2.000000 0.410938 0.614583 2.000000 0.000000 0.000000 0.000000 0.417187 0.660417 2.000000 0.332813 0.650000 2.000000 0.407813 0.733333 2.000000 0.310937 0.743750 2.000000 0.384375 0.750000 2.000000 0.345313 0.700000 2.000000 0.353125 0.766667 2.000000 0.314063 0.764583 2.000000 0.326562 0.833333 2.000000 0.279687 0.839583 1.000000 0.325000 0.943750 2.000000 0.246875 0.941667 1.000000
0 0.438063 0.701979 0.163594 0.343333 0.471875 0.608333 2.000000 0.476562 0.591667 2.000000 0.460938 0.604167 2.000000 0.482812 0.572917 2.000000 0.442188 0.606250 2.000000 0.501563 0.635417 2.000000 0.429688 0.629167 2.000000 0.500000 0.722917 2.000000 0.426563 0.722917 2.000000 0.507812 0.762500 2.000000 0.442188 0.660417 2.000000 0.454688 0.756250 2.000000 0.420312 0.756250 2.000000 0.485938 0.795833 2.000000 0.370312 0.791667 1.000000 0.415625 0.822917 2.000000 0.467187 0.841667 2.000000
0 0.585305 0.762385 0.160484 0.450437 0.556250 0.616667 2.000000 0.568750 0.600000 2.000000 0.546875 0.595833 2.000000 0.590625 0.604167 2.000000 0.537500 0.587500 2.000000 0.603125 0.633333 2.000000 0.534375 0.637500 2.000000 0.631250 0.718750 2.000000 0.542188 0.725000 2.000000 0.617188 0.762500 2.000000 0.548438 0.647917 2.000000 0.596875 0.750000 2.000000 0.556250 0.752083 2.000000 0.603125 0.825000 2.000000 0.556250 0.829167 2.000000 0.618750 0.937500 2.000000 0.556250 0.918750 2.000000
0 0.704906 0.759000 0.166406 0.404292 0.706250 0.639583 2.000000 0.718750 0.631250 2.000000 0.696875 0.629167 2.000000 0.734375 0.622917 2.000000 0.684375 0.616667 2.000000 0.743750 0.679167 2.000000 0.670312 0.645833 2.000000 0.760938 0.743750 2.000000 0.646875 0.716667 1.000000 0.768750 0.795833 2.000000 0.656250 0.679167 2.000000 0.714063 0.762500 2.000000 0.676562 0.758333 2.000000 0.712500 0.827083 2.000000 0.653125 0.806250 2.000000 0.742188 0.910417 2.000000 0.646875 0.879167 2.000000
0 0.797656 0.583302 0.163500 0.342396 0.779687 0.466667 2.000000 0.787500 0.462500 2.000000 0.771875 0.452083 2.000000 0.798438 0.464583 2.000000 0.751563 0.452083 2.000000 0.803125 0.500000 2.000000 0.728125 0.504167 2.000000 0.843750 0.552083 2.000000 0.718750 0.604167 1.000000 0.807813 0.539583 2.000000 0.753125 0.550000 2.000000 0.798438 0.637500 2.000000 0.743750 0.639583 1.000000 0.810937 0.550000 2.000000 0.767188 0.552083 2.000000 0.835938 0.689583 2.000000 0.785937 0.708333 2.000000
0 0.646609 0.525813 0.177906 0.290583 0.626563 0.439583 2.000000 0.634375 0.427083 2.000000 0.617188 0.431250 2.000000 0.651563 0.429167 2.000000 0.604688 0.439583 2.000000 0.670312 0.470833 2.000000 0.589063 0.472917 2.000000 0.721875 0.522917 2.000000 0.606250 0.554167 2.000000 0.700000 0.545833 2.000000 0.673438 0.556250 2.000000 0.000000 0.000000 0.000000 0.598437 0.618750 1.000000 0.701562 0.522917 2.000000 0.648438 0.514583 2.000000 0.000000 0.000000 0.000000 0.000000 0.000000 0.000000
0 0.482594 0.533885 0.105563 0.204563 0.475000 0.489583 2.000000 0.482812 0.479167 2.000000 0.465625 0.481250 2.000000 0.495312 0.479167 2.000000 0.453125 0.485417 2.000000 0.507812 0.527083 2.000000 0.446875 0.531250 2.000000 0.525000 0.560417 2.000000 0.435937 0.572917 1.000000 0.521875 0.606250 2.000000 0.000000 0.000000 0.000000 0.510938 0.641667 1.000000 0.465625 0.643750 1.000000 0.000000 0.000000 0.000000 0.000000 0.000000 0.000000 0.000000 0.000000 0.000000 0.000000 0.000000 0.000000
0 0.381867 0.521854 0.139766 0.248708 0.412500 0.456250 2.000000 0.423438 0.450000 2.000000 0.404687 0.443750 2.000000 0.000000 0.000000 0.000000 0.382812 0.445833 2.000000 0.420312 0.502083 2.000000 0.360938 0.504167 2.000000 0.000000 0.000000 0.000000 0.325000 0.600000 2.000000 0.454688 0.491667 1.000000 0.375000 0.643750 1.000000 0.398438 0.650000 1.000000 0.351562 0.645833 1.000000 0.000000 0.000000 0.000000 0.000000 0.000000 0.000000 0.000000 0.000000 0.000000 0.000000 0.000000 0.000000
0 0.401187 0.363687 0.118000 0.187083 0.415625 0.325000 2.000000 0.425000 0.312500 2.000000 0.406250 0.318750 2.000000 0.435937 0.314583 2.000000 0.392188 0.327083 2.000000 0.454688 0.345833 2.000000 0.393750 0.347917 2.000000 0.000000 0.000000 0.000000 0.356250 0.443750 2.000000 0.000000 0.000000 0.000000 0.365625 0.383333 2.000000 0.437500 0.447917 1.000000 0.406250 0.450000 1.000000 0.431250 0.495833 1.000000 0.346875 0.475000 1.000000 0.000000 0.000000 0.000000 0.000000 0.000000 0.000000
0 0.495844 0.417833 0.117375 0.173125 0.479687 0.391667 2.000000 0.485938 0.377083 2.000000 0.467187 0.377083 2.000000 0.498437 0.379167 2.000000 0.453125 0.391667 1.000000 0.525000 0.458333 2.000000 0.439063 0.458333 1.000000 0.545312 0.539583 1.000000 0.417187 0.541667 1.000000 0.000000 0.000000 0.000000 0.000000 0.000000 0.000000 0.000000 0.000000 0.000000 0.000000 0.000000 0.000000 0.000000 0.000000 0.000000 0.000000 0.000000 0.000000 0.000000 0.000000 0.000000 0.000000 0.000000 0.000000
