0 0.419906 0.663796 0.051313 0.210388 0.415625 0.574757 2.000000 0.417187 0.568932 2.000000 0.412500 0.568932 2.000000 0.423438 0.570874 2.000000 0.407813 0.574757 2.000000 0.432812 0.600000 2.000000 0.403125 0.600000 2.000000 0.440625 0.625243 2.000000 0.398438 0.623301 2.000000 0.434375 0.646602 2.000000 0.406250 0.642718 2.000000 0.428125 0.650485 2.000000 0.409375 0.650485 2.000000 0.429688 0.700971 2.000000 0.410938 0.700971 2.000000 0.435937 0.755340 2.000000 0.412500 0.757282 2.000000
0 0.101047 0.636155 0.055313 0.159029 0.096875 0.582524 2.000000 0.100000 0.578641 2.000000 0.093750 0.578641 2.000000 0.106250 0.578641 2.000000 0.090625 0.580583 2.000000 0.115625 0.603883 2.000000 0.087500 0.605825 2.000000 0.128125 0.621359 1.000000 0.079687 0.625243 2.000000 0.120313 0.638835 2.000000 0.089063 0.648544 2.000000 0.109375 0.648544 2.000000 0.098437 0.648544 2.000000 0.115625 0.683495 2.000000 0.093750 0.689320 1.000000 0.115625 0.722330 1.000000 0.095312 0.722330 1.000000
0 0.672109 0.603563 0.050906 0.128796 0.668750 0.563107 2.000000 0.671875 0.557282 2.000000 0.665625 0.557282 2.000000 0.676562 0.559223 2.000000 0.660937 0.559223 1.000000 0.684375 0.584466 2.000000 0.653125 0.582524 2.000000 0.692187 0.605825 2.000000 0.650000 0.611650 2.000000 0.679688 0.627184 2.000000 0.657813 0.629126 2.000000 0.681250 0.634951 2.000000 0.659375 0.636893 2.000000 0.000000 0.000000 0.000000 0.000000 0.000000 0.000000 0.000000 0.000000 0.000000 0.000000 0.000000 0.000000
0 0.807570 0.587757 0.055203 0.119825 0.804688 0.545631 2.000000 0.807813 0.543689 2.000000 0.801562 0.543689 2.000000 0.812500 0.543689 2.000000 0.796875 0.545631 2.000000 0.821875 0.568932 2.000000 0.789062 0.574757 1.000000 0.829688 0.600000 2.000000 0.789062 0.601942 2.000000 0.000000 0.000000 0.000000 0.000000 0.000000 0.000000 0.817187 0.615534 2.000000 0.798438 0.615534 2.000000 0.000000 0.000000 0.000000 0.000000 0.000000 0.000000 0.000000 0.000000 0.000000 0.000000 0.000000 0.000000
0 0.677305 0.696718 0.055641 0.123223 0.670312 0.656311 2.000000 0.673438 0.652427 2.000000 0.667188 0.652427 2.000000 0.678125 0.654369 2.000000 0.662500 0.656311 2.000000 0.690625 0.667961 2.000000 0.657813 0.671845 2.000000 0.698438 0.687379 2.000000 0.654687 0.699029 2.000000 0.678125 0.691262 2.000000 0.673438 0.702913 2.000000 0.681250 0.706796 2.000000 0.667188 0.710680 2.000000 0.696875 0.702913 2.000000 0.660937 0.716505 2.000000 0.689063 0.737864 2.000000 0.662500 0.739806 2.000000
0 0.762102 0.595757 0.044859 0.122272 0.760938 0.557282 2.000000 0.764062 0.555340 2.000000 0.757812 0.555340 2.000000 0.768750 0.555340 2.000000 0.753125 0.555340 2.000000 0.775000 0.576699 2.000000 0.745313 0.576699 1.000000 0.781250 0.600000 2.000000 0.742188 0.598058 2.000000 0.775000 0.617476 2.000000 0.745313 0.617476 1.000000 0.771875 0.615534 2.000000 0.756250 0.617476 2.000000 0.000000 0.000000 0.000000 0.000000 0.000000 0.000000 0.000000 0.000000 0.000000 0.000000 0.000000 0.000000
0 0.630703 0.695942 0.054375 0.130641 0.623437 0.652427 2.000000 0.626563 0.648544 2.000000 0.620313 0.650485 2.000000 0.631250 0.650485 2.000000 0.615625 0.652427 1.000000 0.645312 0.666019 2.000000 0.607812 0.675728 2.000000 0.646875 0.693204 2.000000 0.607812 0.708738 1.000000 0.635938 0.704854 2.000000 0.617188 0.714563 2.000000 0.635938 0.714563 2.000000 0.621875 0.718447 2.000000 0.651563 0.704854 2.000000 0.614062 0.730097 2.000000 0.646875 0.739806 2.000000 0.618750 0.741748 2.000000
0 0.717812 0.600437 0.051031 0.133262 0.710938 0.555340 2.000000 0.714063 0.551456 2.000000 0.707812 0.553398 2.000000 0.720313 0.553398 2.000000 0.000000 0.000000 0.000000 0.732812 0.574757 2.000000 0.695312 0.576699 2.000000 0.735938 0.607767 2.000000 0.696875 0.605825 2.000000 0.729688 0.621359 2.000000 0.706250 0.619417 2.000000 0.723437 0.623301 2.000000 0.707812 0.625243 2.000000 0.725000 0.673786 1.000000 0.707812 0.671845 1.000000 0.000000 0.000000 0.000000 0.000000 0.000000 0.000000
0 0.897133 0.600485 0.043797 0.167495 0.896875 0.535922 2.000000 0.900000 0.530097 2.000000 0.893750 0.530097 2.000000 0.903125 0.533981 1.000000 0.889062 0.532039 1.000000 0.910937 0.555340 2.000000 0.882812 0.557282 1.000000 0.915625 0.574757 2.000000 0.875000 0.584466 1.000000 0.909375 0.594175 2.000000 0.882812 0.605825 2.000000 0.904687 0.601942 2.000000 0.892188 0.601942 2.000000 0.910937 0.646602 1.000000 0.889062 0.644660 2.000000 0.912500 0.685437 1.000000 0.892188 0.695146 1.000000
0 0.523469 0.651068 0.053250 0.224583 0.518750 0.557282 2.000000 0.521875 0.551456 2.000000 0.515625 0.551456 2.000000 0.526563 0.553398 2.000000 0.510938 0.555340 1.000000 0.537500 0.580583 2.000000 0.504687 0.578641 2.000000 0.540625 0.615534 2.000000 0.500000 0.617476 2.000000 0.000000 0.000000 0.000000 0.000000 0.000000 0.000000 0.528125 0.623301 2.000000 0.510938 0.625243 2.000000 0.534375 0.691262 2.000000 0.512500 0.689320 2.000000 0.534375 0.739806 2.000000 0.506250 0.741748 2.000000
0 0.374109 0.662602 0.055906 0.210330 0.375000 0.576699 2.000000 0.376563 0.570874 2.000000 0.371875 0.570874 2.000000 0.381250 0.572816 2.000000 0.367188 0.576699 1.000000 0.389062 0.596117 2.000000 0.354687 0.598058 2.000000 0.000000 0.000000 0.000000 0.351562 0.625243 2.000000 0.000000 0.000000 0.000000 0.000000 0.000000 0.000000 0.385937 0.636893 2.000000 0.365625 0.636893 2.000000 0.385937 0.695146 2.000000 0.364063 0.693204 2.000000 0.390625 0.755340 2.000000 0.364063 0.755340 2.000000
0 0.576602 0.704583 0.063266 0.124544 0.578125 0.666019 2.000000 0.582812 0.660194 2.000000 0.575000 0.660194 2.000000 0.587500 0.660194 2.000000 0.571875 0.660194 2.000000 0.592187 0.673786 2.000000 0.564063 0.681553 2.000000 0.598437 0.697087 2.000000 0.557813 0.706796 2.000000 0.582812 0.708738 2.000000 0.571875 0.718447 2.000000 0.592187 0.714563 2.000000 0.573438 0.718447 2.000000 0.603125 0.712621 2.000000 0.553125 0.726214 2.000000 0.593750 0.747573 2.000000 0.571875 0.743689 2.000000
0 0.911266 0.680350 0.050969 0.126252 0.909375 0.633010 2.000000 0.910937 0.629126 2.000000 0.906250 0.631068 2.000000 0.915625 0.631068 2.000000 0.900000 0.633010 1.000000 0.925000 0.644660 2.000000 0.895312 0.652427 2.000000 0.929688 0.669903 2.000000 0.892188 0.685437 2.000000 0.914062 0.683495 2.000000 0.900000 0.700971 2.000000 0.917188 0.691262 2.000000 0.904687 0.693204 2.000000 0.931250 0.685437 2.000000 0.889062 0.704854 2.000000 0.928125 0.726214 2.000000 0.900000 0.718447 2.000000
