0 0.569664 0.370406 0.104484 0.323604 0.546875 0.247917 1.000000 0.553125 0.237500 2.000000 0.000000 0.000000 0.000000 0.576562 0.247917 2.000000 0.000000 0.000000 0.000000 0.607812 0.308333 2.000000 0.546875 0.310417 2.000000 0.604688 0.389583 2.000000 0.537500 0.379167 2.000000 0.579688 0.475000 1.000000 0.523438 0.443750 2.000000 0.585938 0.481250 1.000000 0.550000 0.479167 2.000000 0.585938 0.572917 1.000000 0.551562 0.570833 1.000000 0.000000 0.000000 0.000000 0.000000 0.000000 0.000000
0 0.444625 0.360875 0.128969 0.263333 0.459375 0.281250 2.000000 0.464062 0.268750 2.000000 0.450000 0.266667 2.000000 0.000000 0.000000 0.000000 0.428125 0.272917 2.000000 0.485938 0.339583 2.000000 0.401562 0.335417 2.000000 0.498437 0.412500 2.000000 0.393750 0.393750 2.000000 0.464062 0.475000 1.000000 0.421875 0.456250 2.000000 0.470313 0.508333 1.000000 0.409375 0.508333 1.000000 0.000000 0.000000 0.000000 0.000000 0.000000 0.000000 0.000000 0.000000 0.000000 0.000000 0.000000 0.000000
0 0.885188 0.621615 0.122719 0.170354 0.000000 0.000000 0.000000 0.000000 0.000000 0.000000 0.000000 0.000000 0.000000 0.875000 0.600000 2.000000 0.000000 0.000000 0.000000 0.828125 0.677083 1.000000 0.932813 0.683333 1.000000 0.000000 0.000000 0.000000 0.000000 0.000000 0.000000 0.000000 0.000000 0.000000 0.000000 0.000000 0.000000 0.000000 0.000000 0.000000 0.000000 0.000000 0.000000 0.000000 0.000000 0.000000 0.000000 0.000000 0.000000 0.000000 0.000000 0.000000 0.000000 0.000000 0.000000
0 0.593633 0.589385 0.119453 0.191937 0.632812 0.587500 2.000000 0.000000 0.000000 0.000000 0.620313 0.577083 2.000000 0.000000 0.000000 0.000000 0.582812 0.600000 1.000000 0.535937 0.697917 1.000000 0.626563 0.710417 1.000000 0.000000 0.000000 0.000000 0.000000 0.000000 0.000000 0.000000 0.000000 0.000000 0.000000 0.000000 0.000000 0.000000 0.000000 0.000000 0.000000 0.000000 0.000000 0.000000 0.000000 0.000000 0.000000 0.000000 0.000000 0.000000 0.000000 0.000000 0.000000 0.000000 0.000000
0 0.744945 0.697750 0.188766 0.294375 0.814063 0.643750 2.000000 0.000000 0.000000 0.000000 0.796875 0.637500 2.000000 0.000000 0.000000 0.000000 0.760938 0.654167 2.000000 0.675000 0.677083 2.000000 0.801562 0.739583 1.000000 0.000000 0.000000 0.000000 0.000000 0.000000 0.000000 0.000000 0.000000 0.000000 0.000000 0.000000 0.000000 0.000000 0.000000 0.000000 0.000000 0.000000 0.000000 0.000000 0.000000 0.000000 0.000000 0.000000 0.000000 0.000000 0.000000 0.000000 0.000000 0.000000 0.000000
0 0.741422 0.574313 0.140125 0.143792 0.000000 0.000000 0.000000 0.000000 0.000000 0.000000 0.000000 0.000000 0.000000 0.000000 0.000000 0.000000 0.000000 0.000000 0.000000 0.685937 0.635417 2.000000 0.807813 0.656250 1.000000 0.000000 0.000000 0.000000 0.000000 0.000000 0.000000 0.000000 0.000000 0.000000 0.000000 0.000000 0.000000 0.000000 0.000000 0.000000 0.000000 0.000000 0.000000 0.000000 0.000000 0.000000 0.000000 0.000000 0.000000 0.000000 0.000000 0.000000 0.000000 0.000000 0.000000
0 0.562922 0.753938 0.320219 0.438208 0.592187 0.656250 2.000000 0.000000 0.000000 0.000000 0.579688 0.643750 2.000000 0.000000 0.000000 0.000000 0.553125 0.670833 2.000000 0.425000 0.760417 2.000000 0.570312 0.841667 2.000000 0.000000 0.000000 0.000000 0.706250 0.962500 2.000000 0.000000 0.000000 0.000000 0.654687 0.764583 2.000000 0.000000 0.000000 0.000000 0.000000 0.000000 0.000000 0.000000 0.000000 0.000000 0.000000 0.000000 0.000000 0.000000 0.000000 0.000000 0.000000 0.000000 0.000000
0 0.814047 0.908990 0.148313 0.159562 0.000000 0.000000 0.000000 0.000000 0.000000 0.000000 0.000000 0.000000 0.000000 0.754687 0.966667 2.000000 0.879687 0.897917 2.000000 0.000000 0.000000 0.000000 0.000000 0.000000 0.000000 0.000000 0.000000 0.000000 0.000000 0.000000 0.000000 0.000000 0.000000 0.000000 0.000000 0.000000 0.000000 0.000000 0.000000 0.000000 0.000000 0.000000 0.000000 0.000000 0.000000 0.000000 0.000000 0.000000 0.000000 0.000000 0.000000 0.000000 0.000000 0.000000 0.000000
0 0.934711 0.679115 0.130578 0.204437 0.000000 0.000000 0.000000 0.000000 0.000000 0.000000 0.000000 0.000000 0.000000 0.920312 0.633333 2.000000 0.985938 0.660417 2.000000 0.876563 0.733333 2.000000 0.000000 0.000000 0.000000 0.000000 0.000000 0.000000 0.000000 0.000000 0.000000 0.000000 0.000000 0.000000 0.000000 0.000000 0.000000 0.000000 0.000000 0.000000 0.000000 0.000000 0.000000 0.000000 0.000000 0.000000 0.000000 0.000000 0.000000 0.000000 0.000000 0.000000 0.000000 0.000000 0.000000
0 0.264906 0.666781 0.212750 0.310063 0.328125 0.656250 2.000000 0.000000 0.000000 0.000000 0.318750 0.635417 2.000000 0.000000 0.000000 0.000000 0.282813 0.643750 2.000000 0.195312 0.697917 2.000000 0.287500 0.725000 2.000000 0.000000 0.000000 0.000000 0.418750 0.850000 1.000000 0.000000 0.000000 0.000000 0.443750 0.739583 1.000000 0.000000 0.000000 0.000000 0.000000 0.000000 0.000000 0.000000 0.000000 0.000000 0.000000 0.000000 0.000000 0.000000 0.000000 0.000000 0.000000 0.000000 0.000000
0 0.391891 0.597115 0.129750 0.212479 0.435937 0.575000 2.000000 0.000000 0.000000 0.000000 0.000000 0.000000 0.000000 0.000000 0.000000 0.000000 0.418750 0.570833 2.000000 0.321875 0.662500 1.000000 0.453125 0.683333 1.000000 0.000000 0.000000 0.000000 0.000000 0.000000 0.000000 0.000000 0.000000 0.000000 0.000000 0.000000 0.000000 0.000000 0.000000 0.000000 0.000000 0.000000 0.000000 0.000000 0.000000 0.000000 0.000000 0.000000 0.000000 0.000000 0.000000 0.000000 0.000000 0.000000 0.000000
0 0.092500 0.635052 0.149719 0.204813 0.156250 0.600000 2.000000 0.000000 0.000000 0.000000 0.139063 0.595833 2.000000 0.000000 0.000000 0.000000 0.110937 0.647917 2.000000 0.034375 0.720833 1.000000 0.150000 0.718750 2.000000 0.000000 0.000000 0.000000 0.000000 0.000000 0.000000 0.000000 0.000000 0.000000 0.000000 0.000000 0.000000 0.000000 0.000000 0.000000 0.000000 0.000000 0.000000 0.000000 0.000000 0.000000 0.000000 0.000000 0.000000 0.000000 0.000000 0.000000 0.000000 0.000000 0.000000
