0 0.503028 0.888766 0.330845 0.222469 0.497653 0.906250 2.000000 0.532864 0.884375 2.000000 0.464789 0.889062 2.000000 0.558685 0.884375 2.000000 0.410798 0.893750 2.000000 0.593897 0.970313 2.000000 0.392019 0.975000 2.000000 0.000000 0.000000 0.000000 0.000000 0.000000 0.000000 0.000000 0.000000 0.000000 0.000000 0.000000 0.000000 0.000000 0.000000 0.000000 0.000000 0.000000 0.000000 0.000000 0.000000 0.000000 0.000000 0.000000 0.000000 0.000000 0.000000 0.000000 0.000000 0.000000 0.000000
0 0.155305 0.884273 0.297089 0.231453 0.187793 0.882812 2.000000 0.201878 0.865625 2.000000 0.154930 0.868750 2.000000 0.223005 0.864062 2.000000 0.084507 0.865625 2.000000 0.253521 0.934375 2.000000 0.028169 0.978125 2.000000 0.000000 0.000000 0.000000 0.000000 0.000000 0.000000 0.000000 0.000000 0.000000 0.000000 0.000000 0.000000 0.000000 0.000000 0.000000 0.000000 0.000000 0.000000 0.000000 0.000000 0.000000 0.000000 0.000000 0.000000 0.000000 0.000000 0.000000 0.000000 0.000000 0.000000
0 0.965469 0.899000 0.069061 0.193469 0.964789 0.909375 2.000000 0.988263 0.901563 2.000000 0.946009 0.890625 2.000000 0.000000 0.000000 0.000000 0.000000 0.000000 0.000000 0.000000 0.000000 0.000000 0.927230 0.934375 1.000000 0.000000 0.000000 0.000000 0.000000 0.000000 0.000000 0.000000 0.000000 0.000000 0.000000 0.000000 0.000000 0.000000 0.000000 0.000000 0.000000 0.000000 0.000000 0.000000 0.000000 0.000000 0.000000 0.000000 0.000000 0.000000 0.000000 0.000000 0.000000 0.000000 0.000000
0 0.300164 0.803625 0.213991 0.392250 0.237089 0.687500 2.000000 0.253521 0.676562 2.000000 0.230047 0.673438 2.000000 0.312207 0.695312 2.000000 0.000000 0.000000 0.000000 0.363850 0.784375 2.000000 0.225352 0.735938 2.000000 0.352113 0.884375 2.000000 0.000000 0.000000 0.000000 0.345070 0.953125 2.000000 0.000000 0.000000 0.000000 0.000000 0.000000 0.000000 0.000000 0.000000 0.000000 0.000000 0.000000 0.000000 0.000000 0.000000 0.000000 0.000000 0.000000 0.000000 0.000000 0.000000 0.000000
0 0.198498 0.637758 0.179390 0.135953 0.000000 0.000000 0.000000 0.000000 0.000000 0.000000 0.241784 0.620313 2.000000 0.000000 0.000000 0.000000 0.206573 0.621875 2.000000 0.000000 0.000000 0.000000 0.197183 0.648438 2.000000 0.000000 0.000000 0.000000 0.126761 0.668750 2.000000 0.000000 0.000000 0.000000 0.185446 0.676562 2.000000 0.000000 0.000000 0.000000 0.000000 0.000000 0.000000 0.000000 0.000000 0.000000 0.000000 0.000000 0.000000 0.000000 0.000000 0.000000 0.000000 0.000000 0.000000
0 0.035798 0.742234 0.071596 0.135000 0.000000 0.000000 0.000000 0.000000 0.000000 0.000000 0.000000 0.000000 0.000000 0.000000 0.000000 0.000000 0.065728 0.729688 2.000000 0.000000 0.000000 0.000000 0.126761 0.787500 1.000000 0.000000 0.000000 0.000000 0.000000 0.000000 0.000000 0.000000 0.000000 0.000000 0.000000 0.000000 0.000000 0.000000 0.000000 0.000000 0.000000 0.000000 0.000000 0.000000 0.000000 0.000000 0.000000 0.000000 0.000000 0.000000 0.000000 0.000000 0.000000 0.000000 0.000000
0 0.550305 0.511234 0.452394 0.550563 0.380282 0.385937 2.000000 0.401408 0.357812 2.000000 0.366197 0.364063 2.000000 0.478873 0.334375 2.000000 0.000000 0.000000 0.000000 0.629108 0.418750 2.000000 0.368545 0.473438 2.000000 0.730047 0.534375 2.000000 0.349765 0.612500 2.000000 0.619718 0.534375 2.000000 0.410798 0.575000 2.000000 0.652582 0.735938 1.000000 0.448357 0.737500 2.000000 0.673709 0.926562 1.000000 0.436620 0.923438 1.000000 0.000000 0.000000 0.000000 0.000000 0.000000 0.000000
0 0.869683 0.757305 0.260634 0.328078 0.910798 0.676562 2.000000 0.936620 0.668750 2.000000 0.908451 0.665625 2.000000 0.983568 0.700000 2.000000 0.000000 0.000000 0.000000 0.000000 0.000000 0.000000 0.877934 0.743750 2.000000 0.000000 0.000000 0.000000 0.802817 0.782813 2.000000 0.000000 0.000000 0.000000 0.725352 0.771875 1.000000 0.000000 0.000000 0.000000 0.000000 0.000000 0.000000 0.000000 0.000000 0.000000 0.000000 0.000000 0.000000 0.000000 0.000000 0.000000 0.000000 0.000000 0.000000
0 0.880188 0.959672 0.229249 0.077281 0.000000 0.000000 0.000000 0.000000 0.000000 0.000000 0.000000 0.000000 0.000000 0.774648 0.978125 2.000000 0.990610 0.982812 1.000000 0.000000 0.000000 0.000000 0.000000 0.000000 0.000000 0.000000 0.000000 0.000000 0.000000 0.000000 0.000000 0.000000 0.000000 0.000000 0.000000 0.000000 0.000000 0.000000 0.000000 0.000000 0.000000 0.000000 0.000000 0.000000 0.000000 0.000000 0.000000 0.000000 0.000000 0.000000 0.000000 0.000000 0.000000 0.000000 0.000000
0 0.683603 0.847602 0.449977 0.304797 0.000000 0.000000 0.000000 0.000000 0.000000 0.000000 0.000000 0.000000 0.000000 0.680751 0.856250 2.000000 0.821596 0.821875 2.000000 0.000000 0.000000 0.000000 0.000000 0.000000 0.000000 0.000000 0.000000 0.000000 0.000000 0.000000 0.000000 0.000000 0.000000 0.000000 0.000000 0.000000 0.000000 0.000000 0.000000 0.000000 0.000000 0.000000 0.000000 0.000000 0.000000 0.000000 0.000000 0.000000 0.000000 0.000000 0.000000 0.000000 0.000000 0.000000 0.000000
