0 0.931240 0.835078 0.137521 0.329844 0.910417 0.764062 2.000000 0.931250 0.740625 2.000000 0.889583 0.748437 2.000000 0.000000 0.000000 0.000000 0.000000 0.000000 0.000000 0.000000 0.000000 0.000000 0.935417 0.843750 2.000000 0.000000 0.000000 0.000000 0.000000 0.000000 0.000000 0.000000 0.000000 0.000000 0.000000 0.000000 0.000000 0.000000 0.000000 0.000000 0.000000 0.000000 0.000000 0.000000 0.000000 0.000000 0.000000 0.000000 0.000000 0.000000 0.000000 0.000000 0.000000 0.000000 0.000000
0 0.888885 0.794117 0.153229 0.328797 0.866667 0.695312 1.000000 0.883333 0.676562 2.000000 0.847917 0.689063 2.000000 0.943750 0.676562 1.000000 0.000000 0.000000 0.000000 0.000000 0.000000 0.000000 0.864583 0.765625 2.000000 0.000000 0.000000 0.000000 0.850000 0.862500 2.000000 0.000000 0.000000 0.000000 0.825000 0.926562 1.000000 0.000000 0.000000 0.000000 0.887500 0.940625 1.000000 0.000000 0.000000 0.000000 0.000000 0.000000 0.000000 0.000000 0.000000 0.000000 0.000000 0.000000 0.000000
0 0.242938 0.561984 0.124792 0.136656 0.256250 0.553125 2.000000 0.272917 0.542188 2.000000 0.247917 0.539062 2.000000 0.000000 0.000000 0.000000 0.231250 0.535937 2.000000 0.283333 0.579688 2.000000 0.204167 0.573438 2.000000 0.000000 0.000000 0.000000 0.000000 0.000000 0.000000 0.000000 0.000000 0.000000 0.000000 0.000000 0.000000 0.250000 0.639062 1.000000 0.195833 0.653125 1.000000 0.000000 0.000000 0.000000 0.000000 0.000000 0.000000 0.000000 0.000000 0.000000 0.000000 0.000000 0.000000
0 0.732990 0.669109 0.153604 0.260125 0.683333 0.585938 2.000000 0.695833 0.575000 2.000000 0.675000 0.578125 2.000000 0.727083 0.573438 2.000000 0.000000 0.000000 0.000000 0.768750 0.631250 2.000000 0.668750 0.610938 2.000000 0.739583 0.700000 2.000000 0.672917 0.676562 2.000000 0.681250 0.729688 1.000000 0.668750 0.714063 1.000000 0.747917 0.731250 2.000000 0.695833 0.721875 2.000000 0.000000 0.000000 0.000000 0.000000 0.000000 0.000000 0.000000 0.000000 0.000000 0.000000 0.000000 0.000000
0 0.622979 0.595805 0.096083 0.163172 0.614583 0.562500 2.000000 0.625000 0.553125 2.000000 0.602083 0.556250 2.000000 0.652083 0.556250 2.000000 0.000000 0.000000 0.000000 0.660417 0.576562 2.000000 0.635417 0.575000 2.000000 0.610417 0.631250 2.000000 0.585417 0.589063 2.000000 0.000000 0.000000 0.000000 0.625000 0.609375 2.000000 0.000000 0.000000 0.000000 0.000000 0.000000 0.000000 0.000000 0.000000 0.000000 0.000000 0.000000 0.000000 0.000000 0.000000 0.000000 0.000000 0.000000 0.000000
0 0.428260 0.465797 0.095521 0.129719 0.000000 0.000000 0.000000 0.000000 0.000000 0.000000 0.000000 0.000000 0.000000 0.406250 0.425000 2.000000 0.435417 0.423438 2.000000 0.397917 0.450000 2.000000 0.445833 0.448437 2.000000 0.389583 0.485938 1.000000 0.466667 0.484375 2.000000 0.000000 0.000000 0.000000 0.462500 0.496875 2.000000 0.408333 0.507812 2.000000 0.443750 0.506250 2.000000 0.000000 0.000000 0.000000 0.000000 0.000000 0.000000 0.000000 0.000000 0.000000 0.000000 0.000000 0.000000
0 0.097375 0.761797 0.194750 0.449437 0.089583 0.600000 2.000000 0.097917 0.585938 2.000000 0.064583 0.587500 2.000000 0.000000 0.000000 0.000000 0.033333 0.590625 2.000000 0.095833 0.650000 2.000000 0.008333 0.659375 2.000000 0.131250 0.742188 2.000000 0.027083 0.770312 2.000000 0.156250 0.800000 2.000000 0.114583 0.807813 2.000000 0.045833 0.775000 2.000000 0.000000 0.000000 0.000000 0.172917 0.820312 2.000000 0.170833 0.829688 2.000000 0.000000 0.000000 0.000000 0.000000 0.000000 0.000000
0 0.227969 0.642383 0.232437 0.293391 0.156250 0.546875 2.000000 0.175000 0.537500 2.000000 0.147917 0.531250 2.000000 0.000000 0.000000 0.000000 0.116667 0.526563 2.000000 0.175000 0.576562 2.000000 0.000000 0.000000 0.000000 0.227083 0.631250 2.000000 0.000000 0.000000 0.000000 0.304167 0.648438 2.000000 0.000000 0.000000 0.000000 0.164583 0.685937 2.000000 0.131250 0.714063 1.000000 0.285417 0.725000 1.000000 0.260417 0.750000 1.000000 0.000000 0.000000 0.000000 0.000000 0.000000 0.000000
0 0.103542 0.500414 0.207083 0.210109 0.175000 0.443750 2.000000 0.189583 0.437500 2.000000 0.166667 0.431250 2.000000 0.000000 0.000000 0.000000 0.131250 0.428125 2.000000 0.152083 0.482812 2.000000 0.089583 0.470313 2.000000 0.000000 0.000000 0.000000 0.008333 0.526563 2.000000 0.000000 0.000000 0.000000 0.000000 0.000000 0.000000 0.000000 0.000000 0.000000 0.031250 0.584375 1.000000 0.000000 0.000000 0.000000 0.000000 0.000000 0.000000 0.000000 0.000000 0.000000 0.000000 0.000000 0.000000
0 0.590750 0.534156 0.067250 0.105500 0.583333 0.523438 2.000000 0.591667 0.515625 2.000000 0.575000 0.515625 2.000000 0.614583 0.517188 2.000000 0.570833 0.517188 2.000000 0.602083 0.546875 1.000000 0.583333 0.539062 2.000000 0.577083 0.581250 2.000000 0.564583 0.565625 1.000000 0.000000 0.000000 0.000000 0.575000 0.525000 2.000000 0.000000 0.000000 0.000000 0.000000 0.000000 0.000000 0.000000 0.000000 0.000000 0.000000 0.000000 0.000000 0.000000 0.000000 0.000000 0.000000 0.000000 0.000000
