0 0.356156 0.726885 0.397750 0.546229 0.382812 0.591667 2.000000 0.412500 0.564583 2.000000 0.373437 0.572917 2.000000 0.000000 0.000000 0.000000 0.000000 0.000000 0.000000 0.431250 0.664583 2.000000 0.457813 0.654167 2.000000 0.306250 0.852083 2.000000 0.000000 0.000000 0.000000 0.000000 0.000000 0.000000 0.000000 0.000000 0.000000 0.000000 0.000000 0.000000 0.000000 0.000000 0.000000 0.181250 0.900000 2.000000 0.000000 0.000000 0.000000 0.000000 0.000000 0.000000 0.000000 0.000000 0.000000
0 0.924516 0.676219 0.150969 0.399438 0.000000 0.000000 0.000000 0.000000 0.000000 0.000000 0.000000 0.000000 0.000000 0.978125 0.552083 2.000000 0.000000 0.000000 0.000000 0.975000 0.622917 2.000000 0.995313 0.625000 2.000000 0.934375 0.722917 2.000000 0.948438 0.683333 2.000000 0.873437 0.756250 2.000000 0.940625 0.558333 1.000000 0.000000 0.000000 0.000000 0.000000 0.000000 0.000000 0.890625 0.802083 2.000000 0.884375 0.854167 1.000000 0.000000 0.000000 0.000000 0.000000 0.000000 0.000000
0 0.074609 0.720958 0.085531 0.197000 0.042188 0.672917 2.000000 0.051562 0.672917 2.000000 0.000000 0.000000 0.000000 0.075000 0.683333 2.000000 0.000000 0.000000 0.000000 0.082812 0.718750 2.000000 0.062500 0.704167 2.000000 0.082812 0.804167 2.000000 0.014063 0.683333 1.000000 0.079687 0.858333 1.000000 0.000000 0.000000 0.000000 0.126562 0.814583 1.000000 0.103125 0.802083 2.000000 0.073438 0.875000 1.000000 0.057813 0.877083 1.000000 0.000000 0.000000 0.000000 0.000000 0.000000 0.000000
0 0.748195 0.748292 0.342953 0.503417 0.673438 0.622917 2.000000 0.704688 0.602083 2.000000 0.678125 0.606250 2.000000 0.782813 0.616667 2.000000 0.000000 0.000000 0.000000 0.781250 0.735417 2.000000 0.720313 0.752083 2.000000 0.831250 0.931250 2.000000 0.709375 0.904167 2.000000 0.701562 0.931250 2.000000 0.000000 0.000000 0.000000 0.757812 0.979167 2.000000 0.710938 0.979167 2.000000 0.721875 0.939583 2.000000 0.603125 0.937500 2.000000 0.000000 0.000000 0.000000 0.000000 0.000000 0.000000
0 0.583703 0.719823 0.163062 0.490729 0.000000 0.000000 0.000000 0.000000 0.000000 0.000000 0.000000 0.000000 0.000000 0.000000 0.000000 0.000000 0.000000 0.000000 0.000000 0.465625 0.641667 1.000000 0.615625 0.706250 2.000000 0.000000 0.000000 0.000000 0.642188 0.870833 2.000000 0.000000 0.000000 0.000000 0.000000 0.000000 0.000000 0.000000 0.000000 0.000000 0.000000 0.000000 0.000000 0.000000 0.000000 0.000000 0.000000 0.000000 0.000000 0.000000 0.000000 0.000000 0.000000 0.000000 0.000000
0 0.614727 0.575177 0.054266 0.202354 0.000000 0.000000 0.000000 0.000000 0.000000 0.000000 0.000000 0.000000 0.000000 0.000000 0.000000 0.000000 0.000000 0.000000 0.000000 0.000000 0.000000 0.000000 0.000000 0.000000 0.000000 0.000000 0.000000 0.000000 0.000000 0.000000 0.000000 0.000000 0.000000 0.000000 0.000000 0.000000 0.000000 0.000000 0.000000 0.000000 0.000000 0.000000 0.000000 0.000000 0.000000 0.000000 0.000000 0.000000 0.000000 0.000000 0.000000 0.000000 0.609375 0.547917 2.000000
0 0.859844 0.740698 0.079500 0.137479 0.000000 0.000000 0.000000 0.835938 0.712500 2.000000 0.826562 0.712500 2.000000 0.862500 0.733333 2.000000 0.000000 0.000000 0.000000 0.882812 0.797917 2.000000 0.000000 0.000000 0.000000 0.000000 0.000000 0.000000 0.000000 0.000000 0.000000 0.000000 0.000000 0.000000 0.000000 0.000000 0.000000 0.000000 0.000000 0.000000 0.000000 0.000000 0.000000 0.000000 0.000000 0.000000 0.000000 0.000000 0.000000 0.000000 0.000000 0.000000 0.000000 0.000000 0.000000
0 0.937773 0.560688 0.039297 0.161167 0.000000 0.000000 0.000000 0.000000 0.000000 0.000000 0.000000 0.000000 0.000000 0.000000 0.000000 0.000000 0.000000 0.000000 0.000000 0.000000 0.000000 0.000000 0.000000 0.000000 0.000000 0.000000 0.000000 0.000000 0.939063 0.633333 2.000000 0.000000 0.000000 0.000000 0.937500 0.554167 2.000000 0.000000 0.000000 0.000000 0.000000 0.000000 0.000000 0.000000 0.000000 0.000000 0.000000 0.000000 0.000000 0.000000 0.000000 0.000000 0.000000 0.000000 0.000000
0 0.213141 0.691740 0.067687 0.123063 0.000000 0.000000 0.000000 0.000000 0.000000 0.000000 0.000000 0.000000 0.000000 0.000000 0.000000 0.000000 0.000000 0.000000 0.000000 0.189062 0.647917 2.000000 0.229687 0.650000 2.000000 0.182812 0.683333 1.000000 0.240625 0.689583 2.000000 0.000000 0.000000 0.000000 0.000000 0.000000 0.000000 0.196875 0.700000 2.000000 0.221875 0.702083 2.000000 0.198437 0.745833 1.000000 0.221875 0.743750 1.000000 0.000000 0.000000 0.000000 0.000000 0.000000 0.000000
0 0.128930 0.747948 0.165516 0.215021 0.000000 0.000000 0.000000 0.125000 0.704167 2.000000 0.000000 0.000000 0.000000 0.135937 0.702083 2.000000 0.000000 0.000000 0.000000 0.156250 0.729167 2.000000 0.159375 0.727083 2.000000 0.117188 0.837500 2.000000 0.000000 0.000000 0.000000 0.000000 0.000000 0.000000 0.109375 0.793750 2.000000 0.167187 0.858333 1.000000 0.171875 0.852083 1.000000 0.000000 0.000000 0.000000 0.000000 0.000000 0.000000 0.000000 0.000000 0.000000 0.000000 0.000000 0.000000
