0 0.113664 0.704854 0.142516 0.566590 0.146875 0.465696 2.000000 0.000000 0.000000 0.000000 0.142187 0.471933 2.000000 0.000000 0.000000 0.000000 0.125000 0.488565 2.000000 0.073438 0.548857 2.000000 0.132812 0.563410 2.000000 0.000000 0.000000 0.000000 0.135937 0.681913 2.000000 0.000000 0.000000 0.000000 0.145313 0.777547 2.000000 0.071875 0.738046 2.000000 0.125000 0.750520 2.000000 0.076563 0.906445 2.000000 0.159375 0.906445 2.000000 0.000000 0.000000 0.000000 0.000000 0.000000 0.000000
0 0.687695 0.166507 0.137047 0.164574 0.689063 0.143451 2.000000 0.701562 0.133056 2.000000 0.687500 0.130977 2.000000 0.721875 0.133056 2.000000 0.000000 0.000000 0.000000 0.734375 0.187110 2.000000 0.679688 0.166320 2.000000 0.712500 0.237006 2.000000 0.651563 0.189189 2.000000 0.667188 0.218295 2.000000 0.632812 0.187110 2.000000 0.000000 0.000000 0.000000 0.000000 0.000000 0.000000 0.000000 0.000000 0.000000 0.000000 0.000000 0.000000 0.000000 0.000000 0.000000 0.000000 0.000000 0.000000
0 0.555609 0.084761 0.096062 0.169522 0.518750 0.056133 2.000000 0.526563 0.045738 2.000000 0.517188 0.045738 2.000000 0.546875 0.047817 2.000000 0.000000 0.000000 0.000000 0.557813 0.093555 2.000000 0.528125 0.095634 2.000000 0.589063 0.153846 2.000000 0.000000 0.000000 0.000000 0.539062 0.164241 1.000000 0.000000 0.000000 0.000000 0.000000 0.000000 0.000000 0.000000 0.000000 0.000000 0.000000 0.000000 0.000000 0.000000 0.000000 0.000000 0.000000 0.000000 0.000000 0.000000 0.000000 0.000000
0 0.797328 0.215852 0.109125 0.185010 0.757812 0.174636 2.000000 0.759375 0.168399 2.000000 0.000000 0.000000 0.000000 0.784375 0.180873 2.000000 0.000000 0.000000 0.000000 0.823438 0.251559 2.000000 0.773438 0.220374 2.000000 0.809375 0.316008 1.000000 0.000000 0.000000 0.000000 0.000000 0.000000 0.000000 0.000000 0.000000 0.000000 0.000000 0.000000 0.000000 0.000000 0.000000 0.000000 0.000000 0.000000 0.000000 0.000000 0.000000 0.000000 0.000000 0.000000 0.000000 0.000000 0.000000 0.000000
0 0.931500 0.303285 0.099844 0.131143 0.934375 0.272349 2.000000 0.934375 0.264033 2.000000 0.925000 0.268191 2.000000 0.000000 0.000000 0.000000 0.907813 0.288981 2.000000 0.957812 0.320166 2.000000 0.887500 0.347193 1.000000 0.000000 0.000000 0.000000 0.000000 0.000000 0.000000 0.000000 0.000000 0.000000 0.000000 0.000000 0.000000 0.000000 0.000000 0.000000 0.000000 0.000000 0.000000 0.000000 0.000000 0.000000 0.000000 0.000000 0.000000 0.000000 0.000000 0.000000 0.000000 0.000000 0.000000
0 0.861500 0.115125 0.115906 0.230249 0.878125 0.070686 1.000000 0.890625 0.060291 1.000000 0.878125 0.060291 1.000000 0.914062 0.062370 1.000000 0.000000 0.000000 0.000000 0.925000 0.126819 1.000000 0.887500 0.128898 1.000000 0.926562 0.205821 1.000000 0.885938 0.189189 1.000000 0.884375 0.228690 1.000000 0.865625 0.222453 1.000000 0.937500 0.226611 1.000000 0.907813 0.222453 1.000000 0.000000 0.000000 0.000000 0.000000 0.000000 0.000000 0.000000 0.000000 0.000000 0.000000 0.000000 0.000000
0 0.374398 0.049387 0.128828 0.098773 0.000000 0.000000 0.000000 0.000000 0.000000 0.000000 0.000000 0.000000 0.000000 0.000000 0.000000 0.000000 0.000000 0.000000 0.000000 0.000000 0.000000 0.000000 0.000000 0.000000 0.000000 0.398438 0.066528 1.000000 0.334375 0.045738 2.000000 0.367188 0.004158 2.000000 0.317188 0.020790 1.000000 0.382812 0.087318 1.000000 0.339062 0.085239 1.000000 0.000000 0.000000 0.000000 0.000000 0.000000 0.000000 0.000000 0.000000 0.000000 0.000000 0.000000 0.000000
0 0.479156 0.070936 0.094312 0.140748 0.489063 0.024948 2.000000 0.495312 0.014553 2.000000 0.485938 0.014553 2.000000 0.507812 0.018711 2.000000 0.478125 0.016632 1.000000 0.517188 0.076923 2.000000 0.471875 0.062370 2.000000 0.000000 0.000000 0.000000 0.000000 0.000000 0.000000 0.000000 0.000000 0.000000 0.000000 0.000000 0.000000 0.501563 0.158004 1.000000 0.471875 0.145530 1.000000 0.000000 0.000000 0.000000 0.000000 0.000000 0.000000 0.000000 0.000000 0.000000 0.000000 0.000000 0.000000
0 0.899305 0.138649 0.104328 0.231684 0.879687 0.068607 2.000000 0.887500 0.060291 2.000000 0.878125 0.058212 1.000000 0.910937 0.066528 2.000000 0.000000 0.000000 0.000000 0.931250 0.118503 1.000000 0.889062 0.120582 2.000000 0.937500 0.201663 2.000000 0.890625 0.187110 2.000000 0.882812 0.232848 2.000000 0.862500 0.224532 2.000000 0.920312 0.220374 2.000000 0.889062 0.218295 2.000000 0.000000 0.000000 0.000000 0.000000 0.000000 0.000000 0.000000 0.000000 0.000000 0.000000 0.000000 0.000000
0 0.965406 0.171383 0.069187 0.200936 0.000000 0.000000 0.000000 0.000000 0.000000 0.000000 0.000000 0.000000 0.000000 0.000000 0.000000 0.000000 0.000000 0.000000 0.000000 0.000000 0.000000 0.000000 0.992188 0.091476 2.000000 0.000000 0.000000 0.000000 0.921875 0.126819 1.000000 0.975000 0.234927 2.000000 0.926562 0.130977 1.000000 0.000000 0.000000 0.000000 0.000000 0.000000 0.000000 0.950000 0.286902 1.000000 0.921875 0.253638 1.000000 0.000000 0.000000 0.000000 0.000000 0.000000 0.000000
0 0.757172 0.075343 0.102031 0.150686 0.000000 0.000000 0.000000 0.000000 0.000000 0.000000 0.000000 0.000000 0.000000 0.000000 0.000000 0.000000 0.000000 0.000000 0.000000 0.000000 0.000000 0.000000 0.000000 0.000000 0.000000 0.748437 0.049896 2.000000 0.000000 0.000000 0.000000 0.729688 0.124740 1.000000 0.000000 0.000000 0.000000 0.760938 0.087318 2.000000 0.720313 0.081081 1.000000 0.000000 0.000000 0.000000 0.000000 0.000000 0.000000 0.000000 0.000000 0.000000 0.000000 0.000000 0.000000
0 0.646312 0.093992 0.150969 0.184366 0.000000 0.000000 0.000000 0.000000 0.000000 0.000000 0.000000 0.000000 0.000000 0.000000 0.000000 0.000000 0.000000 0.000000 0.000000 0.692187 0.016632 2.000000 0.592187 0.012474 2.000000 0.703125 0.124740 1.000000 0.581250 0.106029 2.000000 0.000000 0.000000 0.000000 0.592187 0.076923 2.000000 0.660937 0.151767 2.000000 0.617188 0.147609 2.000000 0.000000 0.000000 0.000000 0.000000 0.000000 0.000000 0.000000 0.000000 0.000000 0.000000 0.000000 0.000000
