0 0.086898 0.638202 0.170328 0.701131 0.125000 0.454545 2.000000 0.139063 0.422222 2.000000 0.096875 0.428283 2.000000 0.000000 0.000000 0.000000 0.042188 0.420202 2.000000 0.098437 0.519192 2.000000 0.023438 0.573737 2.000000 0.110937 0.709091 2.000000 0.014063 0.844444 2.000000 0.000000 0.000000 0.000000 0.000000 0.000000 0.000000 0.123438 0.779798 1.000000 0.079687 0.834343 2.000000 0.000000 0.000000 0.000000 0.000000 0.000000 0.000000 0.000000 0.000000 0.000000 0.000000 0.000000 0.000000
0 0.306461 0.314677 0.134703 0.394081 0.342187 0.210101 2.000000 0.354687 0.195960 2.000000 0.323437 0.197980 2.000000 0.000000 0.000000 0.000000 0.296875 0.210101 2.000000 0.354687 0.319192 2.000000 0.265625 0.329293 2.000000 0.000000 0.000000 0.000000 0.254688 0.480808 1.000000 0.000000 0.000000 0.000000 0.000000 0.000000 0.000000 0.000000 0.000000 0.000000 0.000000 0.000000 0.000000 0.000000 0.000000 0.000000 0.000000 0.000000 0.000000 0.000000 0.000000 0.000000 0.000000 0.000000 0.000000
0 0.538188 0.231121 0.307000 0.324020 0.581250 0.161616 2.000000 0.592187 0.145455 2.000000 0.567187 0.147475 2.000000 0.617188 0.141414 2.000000 0.000000 0.000000 0.000000 0.656250 0.242424 2.000000 0.517188 0.242424 2.000000 0.676562 0.355556 2.000000 0.484375 0.363636 1.000000 0.000000 0.000000 0.000000 0.000000 0.000000 0.000000 0.000000 0.000000 0.000000 0.000000 0.000000 0.000000 0.000000 0.000000 0.000000 0.000000 0.000000 0.000000 0.000000 0.000000 0.000000 0.000000 0.000000 0.000000
0 0.786500 0.314192 0.196844 0.391899 0.759375 0.238384 2.000000 0.782813 0.212121 2.000000 0.753125 0.210101 2.000000 0.823438 0.208081 2.000000 0.000000 0.000000 0.000000 0.857812 0.327273 2.000000 0.779687 0.274747 2.000000 0.859375 0.515152 1.000000 0.789062 0.430303 2.000000 0.756250 0.492929 1.000000 0.746875 0.404040 2.000000 0.000000 0.000000 0.000000 0.000000 0.000000 0.000000 0.000000 0.000000 0.000000 0.000000 0.000000 0.000000 0.000000 0.000000 0.000000 0.000000 0.000000 0.000000
0 0.924273 0.504970 0.150453 0.558626 0.900000 0.377778 2.000000 0.926562 0.353535 2.000000 0.893750 0.339394 2.000000 0.000000 0.000000 0.000000 0.000000 0.000000 0.000000 0.956250 0.482828 2.000000 0.000000 0.000000 0.000000 0.864062 0.692929 1.000000 0.000000 0.000000 0.000000 0.000000 0.000000 0.000000 0.000000 0.000000 0.000000 0.000000 0.000000 0.000000 0.000000 0.000000 0.000000 0.000000 0.000000 0.000000 0.000000 0.000000 0.000000 0.000000 0.000000 0.000000 0.000000 0.000000 0.000000
0 0.766602 0.726434 0.322891 0.547131 0.743750 0.612121 2.000000 0.775000 0.587879 2.000000 0.728125 0.577778 2.000000 0.831250 0.604040 2.000000 0.000000 0.000000 0.000000 0.800000 0.800000 2.000000 0.846875 0.632323 2.000000 0.681250 0.949495 2.000000 0.690625 0.684848 2.000000 0.650000 0.812121 2.000000 0.670312 0.761616 2.000000 0.000000 0.000000 0.000000 0.000000 0.000000 0.000000 0.000000 0.000000 0.000000 0.000000 0.000000 0.000000 0.000000 0.000000 0.000000 0.000000 0.000000 0.000000
0 0.962281 0.153667 0.075219 0.208263 0.000000 0.000000 0.000000 0.000000 0.000000 0.000000 0.000000 0.000000 0.000000 0.000000 0.000000 0.000000 0.000000 0.000000 0.000000 0.942187 0.163636 2.000000 0.000000 0.000000 0.000000 0.000000 0.000000 0.000000 0.000000 0.000000 0.000000 0.000000 0.000000 0.000000 0.000000 0.000000 0.000000 0.000000 0.000000 0.000000 0.000000 0.000000 0.000000 0.000000 0.000000 0.000000 0.000000 0.000000 0.000000 0.000000 0.000000 0.000000 0.000000 0.000000 0.000000
0 0.928414 0.120970 0.140672 0.241939 0.995313 0.036364 2.000000 0.000000 0.000000 0.000000 0.993750 0.026263 2.000000 0.000000 0.000000 0.000000 0.975000 0.036364 2.000000 0.000000 0.000000 0.000000 0.932813 0.082828 2.000000 0.000000 0.000000 0.000000 0.000000 0.000000 0.000000 0.000000 0.000000 0.000000 0.000000 0.000000 0.000000 0.000000 0.000000 0.000000 0.929688 0.284848 1.000000 0.000000 0.000000 0.000000 0.000000 0.000000 0.000000 0.000000 0.000000 0.000000 0.000000 0.000000 0.000000
0 0.207203 0.443202 0.150875 0.501232 0.210938 0.321212 2.000000 0.226562 0.305051 2.000000 0.193750 0.286869 2.000000 0.000000 0.000000 0.000000 0.151562 0.274747 2.000000 0.240625 0.393939 2.000000 0.131250 0.426263 1.000000 0.259375 0.563636 1.000000 0.114062 0.575758 1.000000 0.000000 0.000000 0.000000 0.000000 0.000000 0.000000 0.248438 0.630303 1.000000 0.201563 0.711111 1.000000 0.000000 0.000000 0.000000 0.000000 0.000000 0.000000 0.000000 0.000000 0.000000 0.000000 0.000000 0.000000
0 0.328313 0.083333 0.128906 0.148444 0.000000 0.000000 0.000000 0.000000 0.000000 0.000000 0.000000 0.000000 0.000000 0.000000 0.000000 0.000000 0.000000 0.000000 0.000000 0.298438 0.034343 2.000000 0.356250 0.012121 2.000000 0.284375 0.139394 2.000000 0.000000 0.000000 0.000000 0.000000 0.000000 0.000000 0.000000 0.000000 0.000000 0.000000 0.000000 0.000000 0.000000 0.000000 0.000000 0.000000 0.000000 0.000000 0.000000 0.000000 0.000000 0.000000 0.000000 0.000000 0.000000 0.000000 0.000000
