0 0.531641 0.542219 0.313688 0.564031 0.000000 0.000000 0.000000 0.000000 0.000000 0.000000 0.000000 0.000000 0.000000 0.000000 0.000000 0.000000 0.470313 0.281250 2.000000 0.503125 0.364063 2.000000 0.454688 0.359375 2.000000 0.582812 0.437500 2.000000 0.478125 0.446875 2.000000 0.651563 0.475000 2.000000 0.567187 0.473438 2.000000 0.485938 0.571875 2.000000 0.446875 0.584375 2.000000 0.578125 0.598437 1.000000 0.525000 0.660937 2.000000 0.000000 0.000000 0.000000 0.410938 0.821875 1.000000
0 0.128859 0.485711 0.162344 0.585984 0.095312 0.250000 2.000000 0.104688 0.242188 2.000000 0.000000 0.000000 0.000000 0.121875 0.250000 2.000000 0.107813 0.250000 2.000000 0.167187 0.312500 2.000000 0.117188 0.312500 2.000000 0.198437 0.357812 2.000000 0.092188 0.393750 2.000000 0.157812 0.423438 2.000000 0.068750 0.482812 2.000000 0.150000 0.484375 2.000000 0.117188 0.479687 2.000000 0.150000 0.607812 2.000000 0.114062 0.604688 2.000000 0.157812 0.743750 2.000000 0.118750 0.737500 2.000000
0 0.051680 0.475281 0.085391 0.541563 0.034375 0.256250 2.000000 0.042188 0.248438 2.000000 0.025000 0.246875 2.000000 0.000000 0.000000 0.000000 0.009375 0.246875 2.000000 0.068750 0.332813 2.000000 0.000000 0.000000 0.000000 0.084375 0.410938 1.000000 0.000000 0.000000 0.000000 0.000000 0.000000 0.000000 0.000000 0.000000 0.000000 0.045312 0.476562 2.000000 0.000000 0.000000 0.000000 0.051562 0.612500 2.000000 0.000000 0.000000 0.000000 0.062500 0.731250 2.000000 0.000000 0.000000 0.000000
0 0.794914 0.379180 0.092766 0.110984 0.787500 0.356250 2.000000 0.795312 0.345313 2.000000 0.781250 0.345313 2.000000 0.807813 0.346875 2.000000 0.773438 0.343750 2.000000 0.826562 0.381250 2.000000 0.764062 0.381250 2.000000 0.837500 0.437500 1.000000 0.742188 0.446875 1.000000 0.806250 0.414062 1.000000 0.762500 0.420312 2.000000 0.809375 0.478125 1.000000 0.773438 0.478125 1.000000 0.000000 0.000000 0.000000 0.000000 0.000000 0.000000 0.000000 0.000000 0.000000 0.000000 0.000000 0.000000
0 0.570945 0.351352 0.101359 0.159922 0.546875 0.292187 1.000000 0.556250 0.282813 2.000000 0.000000 0.000000 0.000000 0.571875 0.298438 2.000000 0.000000 0.000000 0.000000 0.593750 0.345313 2.000000 0.545312 0.334375 2.000000 0.595313 0.417187 2.000000 0.512500 0.406250 1.000000 0.575000 0.476562 1.000000 0.485938 0.450000 1.000000 0.587500 0.467187 1.000000 0.551562 0.456250 1.000000 0.000000 0.000000 0.000000 0.000000 0.000000 0.000000 0.000000 0.000000 0.000000 0.000000 0.000000 0.000000
0 0.646594 0.360820 0.073031 0.165547 0.620313 0.298438 2.000000 0.625000 0.295312 2.000000 0.000000 0.000000 0.000000 0.639062 0.307812 2.000000 0.000000 0.000000 0.000000 0.657813 0.354687 2.000000 0.603125 0.345313 1.000000 0.662500 0.414062 1.000000 0.000000 0.000000 0.000000 0.000000 0.000000 0.000000 0.000000 0.000000 0.000000 0.000000 0.000000 0.000000 0.000000 0.000000 0.000000 0.000000 0.000000 0.000000 0.000000 0.000000 0.000000 0.000000 0.000000 0.000000 0.000000 0.000000 0.000000
0 0.700797 0.355055 0.069312 0.146703 0.675000 0.282813 2.000000 0.000000 0.000000 0.000000 0.000000 0.000000 0.000000 0.000000 0.000000 0.000000 0.000000 0.000000 0.000000 0.712500 0.335938 2.000000 0.668750 0.331250 1.000000 0.725000 0.409375 2.000000 0.000000 0.000000 0.000000 0.712500 0.400000 2.000000 0.000000 0.000000 0.000000 0.704688 0.432812 1.000000 0.678125 0.432812 1.000000 0.000000 0.000000 0.000000 0.000000 0.000000 0.000000 0.000000 0.000000 0.000000 0.000000 0.000000 0.000000
0 0.018375 0.531242 0.036750 0.467141 0.006250 0.346875 2.000000 0.015625 0.337500 2.000000 0.003125 0.337500 2.000000 0.000000 0.000000 0.000000 0.000000 0.000000 0.000000 0.020313 0.395313 2.000000 0.000000 0.000000 0.000000 0.021875 0.425000 2.000000 0.000000 0.000000 0.000000 0.015625 0.376563 2.000000 0.000000 0.000000 0.000000 0.009375 0.517188 2.000000 0.000000 0.000000 0.000000 0.015625 0.631250 2.000000 0.000000 0.000000 0.000000 0.015625 0.743750 2.000000 0.000000 0.000000 0.000000
0 0.847227 0.354664 0.048047 0.123516 0.825000 0.331250 2.000000 0.826562 0.326562 2.000000 0.000000 0.000000 0.000000 0.834375 0.328125 2.000000 0.000000 0.000000 0.000000 0.857812 0.357812 2.000000 0.839063 0.359375 2.000000 0.862500 0.389062 1.000000 0.000000 0.000000 0.000000 0.848437 0.364063 2.000000 0.000000 0.000000 0.000000 0.000000 0.000000 0.000000 0.000000 0.000000 0.000000 0.000000 0.000000 0.000000 0.000000 0.000000 0.000000 0.000000 0.000000 0.000000 0.000000 0.000000 0.000000
0 0.231992 0.357594 0.069578 0.222375 0.210938 0.296875 2.000000 0.218750 0.290625 2.000000 0.204687 0.290625 2.000000 0.229687 0.293750 2.000000 0.000000 0.000000 0.000000 0.242188 0.350000 2.000000 0.192188 0.353125 1.000000 0.253125 0.415625 2.000000 0.000000 0.000000 0.000000 0.246875 0.456250 1.000000 0.000000 0.000000 0.000000 0.232813 0.495312 1.000000 0.200000 0.490625 1.000000 0.000000 0.000000 0.000000 0.000000 0.000000 0.000000 0.000000 0.000000 0.000000 0.000000 0.000000 0.000000
0 0.354109 0.399203 0.148719 0.625063 0.000000 0.000000 0.000000 0.000000 0.000000 0.000000 0.345313 0.154688 2.000000 0.000000 0.000000 0.000000 0.000000 0.000000 0.000000 0.384375 0.270313 1.000000 0.295312 0.265625 1.000000 0.000000 0.000000 0.000000 0.000000 0.000000 0.000000 0.000000 0.000000 0.000000 0.356250 0.159375 2.000000 0.389062 0.456250 1.000000 0.317188 0.471875 2.000000 0.000000 0.000000 0.000000 0.421875 0.529687 1.000000 0.000000 0.000000 0.000000 0.343750 0.692187 2.000000
