0 0.812906 0.656570 0.373406 0.572562 0.804688 0.454545 2.000000 0.820312 0.438017 2.000000 0.803125 0.438017 2.000000 0.864062 0.448347 2.000000 0.000000 0.000000 0.000000 0.870313 0.533058 2.000000 0.867188 0.526860 2.000000 0.781250 0.667355 2.000000 0.779687 0.617769 2.000000 0.717187 0.702479 1.000000 0.682813 0.646694 2.000000 0.965625 0.824380 2.000000 0.951562 0.797521 2.000000 0.820312 0.772727 2.000000 0.787500 0.758264 2.000000 0.956250 0.892562 2.000000 0.876563 0.929752 2.000000
0 0.914227 0.239783 0.170891 0.312996 0.921875 0.148760 2.000000 0.929688 0.138430 2.000000 0.914062 0.138430 2.000000 0.000000 0.000000 0.000000 0.900000 0.140496 2.000000 0.928125 0.188017 2.000000 0.882812 0.192149 2.000000 0.979688 0.167355 2.000000 0.937500 0.210744 2.000000 0.000000 0.000000 0.000000 0.000000 0.000000 0.000000 0.914062 0.409091 1.000000 0.885938 0.384298 2.000000 0.929688 0.506198 1.000000 0.890625 0.508264 1.000000 0.000000 0.000000 0.000000 0.000000 0.000000 0.000000
0 0.801070 0.086705 0.179984 0.171054 0.765625 0.082645 1.000000 0.773438 0.066116 1.000000 0.759375 0.066116 1.000000 0.000000 0.000000 0.000000 0.000000 0.000000 0.000000 0.817187 0.128099 1.000000 0.732812 0.128099 1.000000 0.843750 0.210744 1.000000 0.000000 0.000000 0.000000 0.000000 0.000000 0.000000 0.000000 0.000000 0.000000 0.000000 0.000000 0.000000 0.000000 0.000000 0.000000 0.000000 0.000000 0.000000 0.000000 0.000000 0.000000 0.000000 0.000000 0.000000 0.000000 0.000000 0.000000
0 0.650945 0.084669 0.127203 0.114545 0.620313 0.092975 2.000000 0.632812 0.084711 2.000000 0.615625 0.082645 2.000000 0.648438 0.084711 2.000000 0.000000 0.000000 0.000000 0.668750 0.136364 2.000000 0.604688 0.134298 2.000000 0.000000 0.000000 0.000000 0.000000 0.000000 0.000000 0.000000 0.000000 0.000000 0.000000 0.000000 0.000000 0.000000 0.000000 0.000000 0.000000 0.000000 0.000000 0.000000 0.000000 0.000000 0.000000 0.000000 0.000000 0.000000 0.000000 0.000000 0.000000 0.000000 0.000000
0 0.205102 0.082986 0.066547 0.088822 0.192188 0.092975 2.000000 0.203125 0.080579 2.000000 0.184375 0.084711 2.000000 0.225000 0.086777 2.000000 0.000000 0.000000 0.000000 0.000000 0.000000 0.000000 0.000000 0.000000 0.000000 0.000000 0.000000 0.000000 0.000000 0.000000 0.000000 0.000000 0.000000 0.000000 0.000000 0.000000 0.000000 0.000000 0.000000 0.000000 0.000000 0.000000 0.000000 0.000000 0.000000 0.000000 0.000000 0.000000 0.000000 0.000000 0.000000 0.000000 0.000000 0.000000 0.000000
0 0.518383 0.717407 0.255859 0.344112 0.514062 0.611570 1.000000 0.525000 0.599174 2.000000 0.000000 0.000000 0.000000 0.546875 0.605372 2.000000 0.000000 0.000000 0.000000 0.562500 0.688017 2.000000 0.465625 0.671488 1.000000 0.564063 0.791322 1.000000 0.443750 0.770661 2.000000 0.484375 0.760331 2.000000 0.521875 0.754132 1.000000 0.525000 0.859504 2.000000 0.459375 0.851240 2.000000 0.000000 0.000000 0.000000 0.398438 0.847107 2.000000 0.000000 0.000000 0.000000 0.000000 0.000000 0.000000
0 0.065039 0.072273 0.127234 0.116405 0.060937 0.078512 2.000000 0.068750 0.072314 2.000000 0.054688 0.072314 2.000000 0.079687 0.072314 2.000000 0.043750 0.078512 2.000000 0.092188 0.123967 2.000000 0.031250 0.126033 2.000000 0.000000 0.000000 0.000000 0.000000 0.000000 0.000000 0.000000 0.000000 0.000000 0.000000 0.000000 0.000000 0.000000 0.000000 0.000000 0.000000 0.000000 0.000000 0.000000 0.000000 0.000000 0.000000 0.000000 0.000000 0.000000 0.000000 0.000000 0.000000 0.000000 0.000000
0 0.724688 0.593058 0.121812 0.276446 0.687500 0.502066 2.000000 0.701562 0.489669 2.000000 0.000000 0.000000 0.000000 0.718750 0.491736 2.000000 0.000000 0.000000 0.000000 0.750000 0.535124 2.000000 0.657813 0.574380 1.000000 0.768750 0.634298 1.000000 0.646875 0.696281 1.000000 0.000000 0.000000 0.000000 0.000000 0.000000 0.000000 0.737500 0.706612 1.000000 0.692187 0.708678 2.000000 0.000000 0.000000 0.000000 0.000000 0.000000 0.000000 0.000000 0.000000 0.000000 0.000000 0.000000 0.000000
0 0.501867 0.067645 0.165516 0.135289 0.509375 0.037190 2.000000 0.520312 0.024793 2.000000 0.501563 0.022727 2.000000 0.537500 0.041322 2.000000 0.490625 0.037190 1.000000 0.560937 0.121901 2.000000 0.450000 0.109504 2.000000 0.000000 0.000000 0.000000 0.000000 0.000000 0.000000 0.000000 0.000000 0.000000 0.000000 0.000000 0.000000 0.000000 0.000000 0.000000 0.000000 0.000000 0.000000 0.000000 0.000000 0.000000 0.000000 0.000000 0.000000 0.000000 0.000000 0.000000 0.000000 0.000000 0.000000
0 0.314414 0.068554 0.091703 0.130372 0.321875 0.061983 2.000000 0.332813 0.049587 2.000000 0.315625 0.045455 2.000000 0.351562 0.053719 2.000000 0.000000 0.000000 0.000000 0.381250 0.105372 1.000000 0.289062 0.109504 2.000000 0.000000 0.000000 0.000000 0.000000 0.000000 0.000000 0.000000 0.000000 0.000000 0.000000 0.000000 0.000000 0.000000 0.000000 0.000000 0.000000 0.000000 0.000000 0.000000 0.000000 0.000000 0.000000 0.000000 0.000000 0.000000 0.000000 0.000000 0.000000 0.000000 0.000000
0 0.506789 0.528574 0.471422 0.906488 0.326562 0.159091 2.000000 0.339062 0.136364 2.000000 0.317188 0.148760 2.000000 0.381250 0.136364 2.000000 0.000000 0.000000 0.000000 0.459375 0.206612 2.000000 0.306250 0.256198 2.000000 0.515625 0.324380 2.000000 0.364063 0.274793 2.000000 0.493750 0.270661 2.000000 0.467187 0.206612 2.000000 0.475000 0.469008 2.000000 0.410938 0.516529 2.000000 0.350000 0.638430 2.000000 0.535937 0.776860 2.000000 0.350000 0.913223 2.000000 0.693750 0.878099 2.000000
0 0.783539 0.132304 0.159578 0.214194 0.760938 0.074380 2.000000 0.773438 0.066116 2.000000 0.759375 0.064050 2.000000 0.795312 0.078512 2.000000 0.000000 0.000000 0.000000 0.823438 0.123967 2.000000 0.731250 0.123967 2.000000 0.842187 0.216942 2.000000 0.000000 0.000000 0.000000 0.785937 0.231405 1.000000 0.000000 0.000000 0.000000 0.803125 0.276860 1.000000 0.742188 0.278926 1.000000 0.000000 0.000000 0.000000 0.000000 0.000000 0.000000 0.000000 0.000000 0.000000 0.000000 0.000000 0.000000
