0 0.235125 0.607593 0.093875 0.400093 0.257812 0.464953 2.000000 0.264062 0.455607 2.000000 0.251563 0.453271 2.000000 0.000000 0.000000 0.000000 0.232813 0.455607 2.000000 0.000000 0.000000 0.000000 0.240625 0.511682 2.000000 0.000000 0.000000 0.000000 0.262500 0.593458 1.000000 0.000000 0.000000 0.000000 0.000000 0.000000 0.000000 0.000000 0.000000 0.000000 0.234375 0.726636 2.000000 0.000000 0.000000 0.000000 0.235937 0.829439 1.000000 0.000000 0.000000 0.000000 0.000000 0.000000 0.000000
0 0.436570 0.383143 0.356172 0.442687 0.526563 0.289720 2.000000 0.542188 0.285047 2.000000 0.521875 0.271028 2.000000 0.559375 0.282710 2.000000 0.507812 0.242991 2.000000 0.571875 0.334112 2.000000 0.475000 0.264019 2.000000 0.592187 0.420561 2.000000 0.417187 0.245327 2.000000 0.593750 0.523364 2.000000 0.351562 0.189252 2.000000 0.487500 0.490654 2.000000 0.460938 0.436916 2.000000 0.489063 0.504673 2.000000 0.410938 0.399533 2.000000 0.346875 0.567757 2.000000 0.304688 0.448598 2.000000
0 0.417812 0.629801 0.124375 0.347921 0.000000 0.000000 0.000000 0.000000 0.000000 0.000000 0.000000 0.000000 0.000000 0.000000 0.000000 0.000000 0.000000 0.000000 0.000000 0.457813 0.532710 1.000000 0.393750 0.525701 1.000000 0.464062 0.598131 2.000000 0.381250 0.595794 2.000000 0.437500 0.525701 1.000000 0.404687 0.528037 1.000000 0.439063 0.740654 2.000000 0.389062 0.731308 2.000000 0.439063 0.857477 1.000000 0.385937 0.852804 1.000000 0.000000 0.000000 0.000000 0.000000 0.000000 0.000000
0 0.589852 0.648318 0.091672 0.330327 0.579688 0.542056 2.000000 0.585938 0.535047 1.000000 0.575000 0.535047 2.000000 0.000000 0.000000 0.000000 0.562500 0.532710 2.000000 0.609375 0.598131 2.000000 0.545312 0.591121 2.000000 0.614062 0.682243 2.000000 0.532813 0.663551 1.000000 0.593750 0.742991 2.000000 0.545312 0.733645 1.000000 0.598437 0.747664 2.000000 0.554688 0.747664 2.000000 0.593750 0.866822 1.000000 0.554688 0.864486 1.000000 0.000000 0.000000 0.000000 0.000000 0.000000 0.000000
0 0.663484 0.522465 0.082656 0.235958 0.676562 0.450935 2.000000 0.682813 0.446262 2.000000 0.671875 0.441589 2.000000 0.692187 0.455607 2.000000 0.660937 0.448598 2.000000 0.695312 0.523364 2.000000 0.642188 0.507009 2.000000 0.000000 0.000000 0.000000 0.628125 0.591121 2.000000 0.000000 0.000000 0.000000 0.629687 0.665888 1.000000 0.000000 0.000000 0.000000 0.000000 0.000000 0.000000 0.000000 0.000000 0.000000 0.000000 0.000000 0.000000 0.000000 0.000000 0.000000 0.000000 0.000000 0.000000
0 0.499672 0.673236 0.091812 0.282126 0.000000 0.000000 0.000000 0.000000 0.000000 0.000000 0.000000 0.000000 0.000000 0.000000 0.000000 0.000000 0.000000 0.000000 0.000000 0.525000 0.558411 2.000000 0.470313 0.565421 1.000000 0.535937 0.628505 2.000000 0.000000 0.000000 0.000000 0.482812 0.628505 2.000000 0.000000 0.000000 0.000000 0.517188 0.712617 2.000000 0.473438 0.710280 2.000000 0.510938 0.834112 1.000000 0.471875 0.829439 1.000000 0.000000 0.000000 0.000000 0.000000 0.000000 0.000000
0 0.075773 0.546016 0.127641 0.315771 0.075000 0.450935 2.000000 0.082812 0.441589 2.000000 0.068750 0.441589 2.000000 0.093750 0.441589 2.000000 0.048438 0.439252 2.000000 0.110937 0.509346 2.000000 0.034375 0.509346 2.000000 0.112500 0.605140 2.000000 0.029687 0.605140 2.000000 0.062500 0.609813 2.000000 0.096875 0.581776 2.000000 0.100000 0.686916 1.000000 0.051562 0.684579 1.000000 0.000000 0.000000 0.000000 0.000000 0.000000 0.000000 0.000000 0.000000 0.000000 0.000000 0.000000 0.000000
0 0.710461 0.828692 0.126047 0.342617 0.696875 0.714953 2.000000 0.703125 0.705607 2.000000 0.689063 0.705607 2.000000 0.712500 0.707944 2.000000 0.679688 0.707944 2.000000 0.718750 0.752336 2.000000 0.670312 0.750000 2.000000 0.729688 0.815421 2.000000 0.654687 0.808411 2.000000 0.734375 0.845794 1.000000 0.676562 0.813084 2.000000 0.712500 0.857477 2.000000 0.684375 0.859813 1.000000 0.740625 0.901869 2.000000 0.000000 0.000000 0.000000 0.739062 0.978972 2.000000 0.000000 0.000000 0.000000
0 0.829922 0.809848 0.124250 0.380304 0.832812 0.672897 2.000000 0.839063 0.663551 2.000000 0.826562 0.663551 2.000000 0.848437 0.668224 2.000000 0.000000 0.000000 0.000000 0.865625 0.721963 2.000000 0.804688 0.724299 2.000000 0.876563 0.789720 2.000000 0.798438 0.789720 2.000000 0.851562 0.841121 2.000000 0.803125 0.834112 2.000000 0.856250 0.834112 2.000000 0.812500 0.829439 2.000000 0.860938 0.864486 2.000000 0.787500 0.850467 2.000000 0.856250 0.971963 2.000000 0.781250 0.962617 2.000000
0 0.952594 0.817664 0.094469 0.352383 0.956250 0.691589 2.000000 0.960938 0.684579 2.000000 0.950000 0.684579 2.000000 0.971875 0.691589 2.000000 0.939063 0.686916 2.000000 0.984375 0.731308 2.000000 0.925000 0.721963 2.000000 0.000000 0.000000 0.000000 0.920312 0.803738 2.000000 0.984375 0.820093 2.000000 0.953125 0.813084 2.000000 0.971875 0.838785 2.000000 0.942187 0.834112 2.000000 0.000000 0.000000 0.000000 0.923438 0.829439 2.000000 0.998437 0.962617 1.000000 0.915625 0.969626 1.000000
0 0.150938 0.621857 0.072344 0.349696 0.178125 0.490654 2.000000 0.000000 0.000000 0.000000 0.173437 0.485981 2.000000 0.000000 0.000000 0.000000 0.160938 0.488318 2.000000 0.153125 0.532710 2.000000 0.142187 0.530374 2.000000 0.000000 0.000000 0.000000 0.114062 0.588785 1.000000 0.000000 0.000000 0.000000 0.128125 0.651869 2.000000 0.151562 0.672897 2.000000 0.142187 0.670561 2.000000 0.000000 0.000000 0.000000 0.142187 0.771028 2.000000 0.000000 0.000000 0.000000 0.000000 0.000000 0.000000
0 0.730031 0.649206 0.089781 0.377804 0.735938 0.504673 2.000000 0.745313 0.500000 2.000000 0.731250 0.497664 2.000000 0.000000 0.000000 0.000000 0.715625 0.500000 2.000000 0.756250 0.577103 2.000000 0.696875 0.565421 2.000000 0.764062 0.647196 2.000000 0.000000 0.000000 0.000000 0.729688 0.623832 2.000000 0.000000 0.000000 0.000000 0.742188 0.724299 2.000000 0.709375 0.717290 1.000000 0.742188 0.843458 1.000000 0.000000 0.000000 0.000000 0.742188 0.971963 1.000000 0.000000 0.000000 0.000000
