0 0.556280 0.753168 0.144120 0.196847 0.614000 0.714715 1.000000 0.000000 0.000000 0.000000 0.610000 0.711712 2.000000 0.000000 0.000000 0.000000 0.590000 0.708709 2.000000 0.550000 0.681682 2.000000 0.580000 0.762763 2.000000 0.516000 0.684685 2.000000 0.566000 0.837838 2.000000 0.508000 0.684685 2.000000 0.586000 0.828829 2.000000 0.498000 0.777778 2.000000 0.522000 0.831832 2.000000 0.522000 0.714715 2.000000 0.568000 0.774775 2.000000 0.000000 0.000000 0.000000 0.580000 0.792793 2.000000
0 0.456170 0.455556 0.126020 0.284505 0.428000 0.369369 2.000000 0.434000 0.360360 2.000000 0.426000 0.360360 2.000000 0.450000 0.360360 2.000000 0.000000 0.000000 0.000000 0.460000 0.399399 2.000000 0.452000 0.381381 2.000000 0.436000 0.468468 2.000000 0.000000 0.000000 0.000000 0.408000 0.504505 2.000000 0.000000 0.000000 0.000000 0.482000 0.501502 2.000000 0.460000 0.492492 2.000000 0.456000 0.579580 2.000000 0.428000 0.576577 2.000000 0.500000 0.558559 2.000000 0.000000 0.000000 0.000000
0 0.026170 0.241051 0.052140 0.326787 0.010000 0.141141 2.000000 0.016000 0.126126 2.000000 0.004000 0.126126 2.000000 0.020000 0.135135 2.000000 0.000000 0.000000 0.000000 0.030000 0.171171 2.000000 0.000000 0.000000 0.000000 0.042000 0.249249 2.000000 0.000000 0.000000 0.000000 0.032000 0.288288 2.000000 0.000000 0.000000 0.000000 0.010000 0.342342 2.000000 0.000000 0.000000 0.000000 0.000000 0.000000 0.000000 0.000000 0.000000 0.000000 0.000000 0.000000 0.000000 0.000000 0.000000 0.000000
0 0.089100 0.215646 0.078520 0.213153 0.114000 0.162162 2.000000 0.000000 0.000000 0.000000 0.108000 0.153153 2.000000 0.000000 0.000000 0.000000 0.090000 0.156156 2.000000 0.110000 0.198198 2.000000 0.066000 0.192192 2.000000 0.128000 0.264264 1.000000 0.070000 0.252252 2.000000 0.122000 0.216216 2.000000 0.092000 0.210210 2.000000 0.110000 0.345345 1.000000 0.072000 0.345345 1.000000 0.000000 0.000000 0.000000 0.000000 0.000000 0.000000 0.000000 0.000000 0.000000 0.000000 0.000000 0.000000
0 0.144000 0.384099 0.087600 0.377808 0.152000 0.243243 2.000000 0.158000 0.237237 2.000000 0.148000 0.234234 2.000000 0.166000 0.243243 2.000000 0.138000 0.234234 1.000000 0.172000 0.279279 2.000000 0.124000 0.270270 2.000000 0.176000 0.339339 2.000000 0.110000 0.330330 2.000000 0.166000 0.369369 1.000000 0.138000 0.351351 2.000000 0.152000 0.384384 2.000000 0.130000 0.378378 2.000000 0.146000 0.471471 1.000000 0.124000 0.462462 2.000000 0.000000 0.000000 0.000000 0.000000 0.000000 0.000000
0 0.179430 0.365300 0.054740 0.424655 0.190000 0.195195 2.000000 0.192000 0.186186 2.000000 0.184000 0.186186 2.000000 0.000000 0.000000 0.000000 0.000000 0.000000 0.000000 0.198000 0.243243 2.000000 0.162000 0.246246 1.000000 0.200000 0.306306 2.000000 0.168000 0.303303 1.000000 0.202000 0.342342 2.000000 0.194000 0.303303 2.000000 0.186000 0.369369 2.000000 0.158000 0.369369 1.000000 0.182000 0.462462 2.000000 0.162000 0.462462 1.000000 0.180000 0.528529 2.000000 0.164000 0.534535 2.000000
0 0.262500 0.350240 0.108000 0.445946 0.272000 0.180180 2.000000 0.276000 0.171171 2.000000 0.266000 0.174174 2.000000 0.000000 0.000000 0.000000 0.254000 0.174174 2.000000 0.292000 0.231231 2.000000 0.234000 0.228228 2.000000 0.304000 0.303303 2.000000 0.220000 0.294294 2.000000 0.304000 0.366366 2.000000 0.218000 0.357357 2.000000 0.276000 0.360360 2.000000 0.236000 0.357357 2.000000 0.278000 0.453453 2.000000 0.226000 0.447447 2.000000 0.264000 0.528529 2.000000 0.232000 0.528529 2.000000
0 0.484130 0.310676 0.082700 0.315285 0.486000 0.204204 2.000000 0.490000 0.192192 2.000000 0.480000 0.192192 2.000000 0.000000 0.000000 0.000000 0.470000 0.192192 1.000000 0.504000 0.246246 2.000000 0.460000 0.243243 2.000000 0.508000 0.303303 2.000000 0.450000 0.300300 2.000000 0.466000 0.297297 2.000000 0.500000 0.300300 2.000000 0.496000 0.369369 2.000000 0.464000 0.366366 1.000000 0.496000 0.444444 1.000000 0.464000 0.444444 1.000000 0.000000 0.000000 0.000000 0.000000 0.000000 0.000000
0 0.568720 0.378649 0.086800 0.438198 0.576000 0.198198 2.000000 0.582000 0.189189 2.000000 0.570000 0.189189 2.000000 0.000000 0.000000 0.000000 0.560000 0.183183 2.000000 0.604000 0.240240 2.000000 0.536000 0.228228 2.000000 0.600000 0.309309 2.000000 0.544000 0.297297 2.000000 0.556000 0.291291 2.000000 0.588000 0.288288 2.000000 0.586000 0.375375 2.000000 0.546000 0.372372 2.000000 0.578000 0.480480 2.000000 0.544000 0.477477 2.000000 0.568000 0.570571 2.000000 0.544000 0.567568 2.000000
0 0.650680 0.270450 0.090120 0.438378 0.658000 0.099099 2.000000 0.662000 0.090090 2.000000 0.654000 0.090090 2.000000 0.674000 0.087087 1.000000 0.646000 0.084084 2.000000 0.680000 0.138138 2.000000 0.626000 0.135135 2.000000 0.684000 0.198198 1.000000 0.608000 0.183183 1.000000 0.692000 0.255255 1.000000 0.000000 0.000000 0.000000 0.662000 0.261261 1.000000 0.630000 0.255255 2.000000 0.000000 0.000000 0.000000 0.626000 0.348348 2.000000 0.000000 0.000000 0.000000 0.622000 0.441441 2.000000
0 0.361960 0.387958 0.087200 0.408468 0.384000 0.240240 2.000000 0.000000 0.000000 0.000000 0.384000 0.231231 2.000000 0.000000 0.000000 0.000000 0.366000 0.219219 2.000000 0.376000 0.255255 2.000000 0.342000 0.246246 2.000000 0.396000 0.315315 2.000000 0.340000 0.318318 2.000000 0.388000 0.273273 2.000000 0.370000 0.279279 2.000000 0.372000 0.372372 2.000000 0.346000 0.369369 2.000000 0.378000 0.468468 2.000000 0.346000 0.462462 2.000000 0.348000 0.543544 2.000000 0.332000 0.552553 2.000000
