0 0.585571 0.716167 0.110365 0.185259 0.586758 0.676887 2.000000 0.593607 0.667453 2.000000 0.579909 0.667453 2.000000 0.607306 0.665094 2.000000 0.563927 0.667453 2.000000 0.623288 0.724057 2.000000 0.545662 0.724057 2.000000 0.000000 0.000000 0.000000 0.000000 0.000000 0.000000 0.000000 0.000000 0.000000 0.000000 0.000000 0.000000 0.607306 0.813679 1.000000 0.559361 0.813679 1.000000 0.000000 0.000000 0.000000 0.000000 0.000000 0.000000 0.000000 0.000000 0.000000 0.000000 0.000000 0.000000
0 0.848893 0.622182 0.118836 0.187193 0.840183 0.570755 2.000000 0.849315 0.563679 2.000000 0.833333 0.561321 2.000000 0.865297 0.568396 2.000000 0.819635 0.570755 2.000000 0.885845 0.625000 2.000000 0.796804 0.622642 2.000000 0.000000 0.000000 0.000000 0.000000 0.000000 0.000000 0.000000 0.000000 0.000000 0.000000 0.000000 0.000000 0.876712 0.726415 1.000000 0.812785 0.726415 1.000000 0.000000 0.000000 0.000000 0.000000 0.000000 0.000000 0.000000 0.000000 0.000000 0.000000 0.000000 0.000000
0 0.670982 0.274422 0.109087 0.207288 0.659817 0.214623 2.000000 0.668950 0.205189 2.000000 0.652968 0.207547 2.000000 0.684932 0.205189 2.000000 0.641553 0.212264 2.000000 0.707763 0.264151 2.000000 0.621005 0.264151 2.000000 0.000000 0.000000 0.000000 0.000000 0.000000 0.000000 0.000000 0.000000 0.000000 0.000000 0.000000 0.000000 0.687215 0.365566 2.000000 0.639269 0.363208 1.000000 0.000000 0.000000 0.000000 0.000000 0.000000 0.000000 0.000000 0.000000 0.000000 0.000000 0.000000 0.000000
0 0.778276 0.839009 0.180160 0.243726 0.773973 0.778302 2.000000 0.783105 0.768868 2.000000 0.764840 0.766509 2.000000 0.794521 0.766509 2.000000 0.748858 0.764151 2.000000 0.812785 0.794811 2.000000 0.730594 0.797170 2.000000 0.812785 0.860849 2.000000 0.730594 0.860849 2.000000 0.771689 0.893868 2.000000 0.769406 0.900943 2.000000 0.796804 0.882075 2.000000 0.742009 0.879717 2.000000 0.849315 0.872642 2.000000 0.691781 0.875000 2.000000 0.762557 0.936321 2.000000 0.787671 0.933962 2.000000
0 0.963311 0.748868 0.073379 0.234245 0.965753 0.681604 2.000000 0.977169 0.672170 2.000000 0.956621 0.672170 2.000000 0.993151 0.672170 2.000000 0.940639 0.674528 1.000000 0.000000 0.000000 0.000000 0.931507 0.724057 2.000000 0.000000 0.000000 0.000000 0.000000 0.000000 0.000000 0.000000 0.000000 0.000000 0.000000 0.000000 0.000000 0.986301 0.832547 2.000000 0.938356 0.832547 1.000000 0.000000 0.000000 0.000000 0.000000 0.000000 0.000000 0.000000 0.000000 0.000000 0.000000 0.000000 0.000000
0 0.596381 0.614894 0.118973 0.200307 0.602740 0.556604 2.000000 0.609589 0.549528 2.000000 0.593607 0.549528 2.000000 0.000000 0.000000 0.000000 0.570776 0.554245 2.000000 0.630137 0.608491 2.000000 0.552511 0.608491 2.000000 0.641553 0.676887 2.000000 0.541096 0.681604 1.000000 0.000000 0.000000 0.000000 0.000000 0.000000 0.000000 0.621005 0.724057 1.000000 0.559361 0.724057 1.000000 0.000000 0.000000 0.000000 0.000000 0.000000 0.000000 0.000000 0.000000 0.000000 0.000000 0.000000 0.000000
0 0.528904 0.584870 0.087397 0.245165 0.531963 0.509434 2.000000 0.538813 0.497642 2.000000 0.525114 0.497642 2.000000 0.552511 0.504717 2.000000 0.509132 0.507075 2.000000 0.554795 0.547170 2.000000 0.500000 0.549528 1.000000 0.568493 0.573113 2.000000 0.486301 0.584906 1.000000 0.568493 0.622642 1.000000 0.486301 0.639151 1.000000 0.541096 0.650943 1.000000 0.506849 0.655660 2.000000 0.000000 0.000000 0.000000 0.000000 0.000000 0.000000 0.000000 0.000000 0.000000 0.000000 0.000000 0.000000
0 0.369966 0.443892 0.109795 0.166509 0.369863 0.412736 2.000000 0.374429 0.403302 2.000000 0.363014 0.403302 2.000000 0.392694 0.403302 2.000000 0.349315 0.405660 2.000000 0.417808 0.466981 1.000000 0.321918 0.464623 1.000000 0.000000 0.000000 0.000000 0.000000 0.000000 0.000000 0.000000 0.000000 0.000000 0.000000 0.000000 0.000000 0.000000 0.000000 0.000000 0.000000 0.000000 0.000000 0.000000 0.000000 0.000000 0.000000 0.000000 0.000000 0.000000 0.000000 0.000000 0.000000 0.000000 0.000000
0 0.651530 0.401132 0.102237 0.150566 0.650685 0.346698 2.000000 0.657534 0.337264 2.000000 0.643836 0.337264 2.000000 0.668950 0.346698 2.000000 0.627854 0.346698 1.000000 0.682648 0.389151 2.000000 0.611872 0.384434 1.000000 0.694064 0.457547 2.000000 0.000000 0.000000 0.000000 0.000000 0.000000 0.000000 0.000000 0.000000 0.000000 0.673516 0.492925 1.000000 0.621005 0.490566 1.000000 0.000000 0.000000 0.000000 0.000000 0.000000 0.000000 0.000000 0.000000 0.000000 0.000000 0.000000 0.000000
0 0.333185 0.844776 0.117877 0.236014 0.333333 0.773585 2.000000 0.342466 0.766509 2.000000 0.326484 0.768868 2.000000 0.356164 0.766509 2.000000 0.315068 0.773585 2.000000 0.369863 0.808962 2.000000 0.308219 0.804245 1.000000 0.381279 0.860849 2.000000 0.280822 0.844340 2.000000 0.347032 0.886792 2.000000 0.296804 0.879717 2.000000 0.351598 0.896226 1.000000 0.303653 0.896226 2.000000 0.337900 0.849057 2.000000 0.303653 0.839623 2.000000 0.299087 0.938679 2.000000 0.324201 0.936321 2.000000
0 0.185913 0.540531 0.078904 0.130165 0.187215 0.523585 2.000000 0.194064 0.511792 2.000000 0.180365 0.511792 2.000000 0.207763 0.514151 2.000000 0.166667 0.516509 2.000000 0.000000 0.000000 0.000000 0.000000 0.000000 0.000000 0.000000 0.000000 0.000000 0.000000 0.000000 0.000000 0.000000 0.000000 0.000000 0.000000 0.000000 0.000000 0.000000 0.000000 0.000000 0.000000 0.000000 0.000000 0.000000 0.000000 0.000000 0.000000 0.000000 0.000000 0.000000 0.000000 0.000000 0.000000 0.000000 0.000000
0 0.802409 0.418290 0.099932 0.227288 0.808219 0.339623 2.000000 0.812785 0.330189 2.000000 0.799087 0.332547 2.000000 0.826484 0.332547 2.000000 0.785388 0.332547 2.000000 0.844749 0.386792 2.000000 0.771689 0.391509 2.000000 0.851598 0.448113 2.000000 0.764840 0.443396 2.000000 0.000000 0.000000 0.000000 0.000000 0.000000 0.000000 0.828767 0.478774 2.000000 0.776256 0.478774 1.000000 0.000000 0.000000 0.000000 0.000000 0.000000 0.000000 0.000000 0.000000 0.000000 0.000000 0.000000 0.000000
