0 0.479391 0.484728 0.167969 0.392254 0.000000 0.000000 0.000000 0.000000 0.000000 0.000000 0.000000 0.000000 0.000000 0.000000 0.000000 0.000000 0.000000 0.000000 0.000000 0.404687 0.396373 2.000000 0.459375 0.386010 2.000000 0.000000 0.000000 0.000000 0.501563 0.443005 2.000000 0.000000 0.000000 0.000000 0.543750 0.443005 2.000000 0.414062 0.531088 1.000000 0.457813 0.525907 2.000000 0.000000 0.000000 0.000000 0.526563 0.538860 2.000000 0.000000 0.000000 0.000000 0.498437 0.652850 2.000000
0 0.290445 0.445570 0.159578 0.282539 0.000000 0.000000 0.000000 0.000000 0.000000 0.000000 0.000000 0.000000 0.000000 0.000000 0.000000 0.000000 0.265625 0.352332 2.000000 0.218750 0.414508 2.000000 0.267188 0.409326 2.000000 0.000000 0.000000 0.000000 0.304688 0.450777 2.000000 0.000000 0.000000 0.000000 0.350000 0.443005 2.000000 0.234375 0.538860 1.000000 0.279687 0.536269 2.000000 0.000000 0.000000 0.000000 0.339062 0.551813 1.000000 0.000000 0.000000 0.000000 0.331250 0.650259 1.000000
0 0.326336 0.382927 0.086516 0.232280 0.339062 0.310881 2.000000 0.000000 0.000000 0.000000 0.332813 0.303109 2.000000 0.000000 0.000000 0.000000 0.318750 0.313472 2.000000 0.346875 0.373057 2.000000 0.304688 0.367876 2.000000 0.000000 0.000000 0.000000 0.289062 0.430052 1.000000 0.000000 0.000000 0.000000 0.296875 0.500000 1.000000 0.343750 0.484456 1.000000 0.306250 0.484456 2.000000 0.000000 0.000000 0.000000 0.000000 0.000000 0.000000 0.000000 0.000000 0.000000 0.000000 0.000000 0.000000
0 0.131125 0.531321 0.055500 0.401917 0.139063 0.367876 2.000000 0.000000 0.000000 0.000000 0.134375 0.362694 2.000000 0.000000 0.000000 0.000000 0.120313 0.365285 2.000000 0.143750 0.401554 2.000000 0.106250 0.406736 1.000000 0.150000 0.466321 2.000000 0.000000 0.000000 0.000000 0.000000 0.000000 0.000000 0.000000 0.000000 0.000000 0.145313 0.505181 2.000000 0.125000 0.507772 2.000000 0.140625 0.621762 1.000000 0.120313 0.619171 1.000000 0.137500 0.696891 2.000000 0.117188 0.702073 2.000000
0 0.080156 0.533821 0.076906 0.401632 0.000000 0.000000 0.000000 0.000000 0.000000 0.000000 0.000000 0.000000 0.000000 0.000000 0.000000 0.000000 0.000000 0.000000 0.000000 0.100000 0.409326 2.000000 0.059375 0.409326 2.000000 0.000000 0.000000 0.000000 0.000000 0.000000 0.000000 0.000000 0.000000 0.000000 0.000000 0.000000 0.000000 0.070312 0.494819 2.000000 0.095312 0.494819 2.000000 0.076563 0.632124 2.000000 0.090625 0.632124 2.000000 0.073438 0.722798 2.000000 0.085938 0.715026 2.000000
0 0.802367 0.547098 0.071766 0.350000 0.793750 0.398964 2.000000 0.796875 0.391192 2.000000 0.789062 0.393782 2.000000 0.806250 0.398964 2.000000 0.785937 0.398964 2.000000 0.814063 0.432642 2.000000 0.776563 0.435233 2.000000 0.826562 0.466321 2.000000 0.778125 0.479275 2.000000 0.812500 0.489637 2.000000 0.798438 0.497409 2.000000 0.810937 0.531088 2.000000 0.781250 0.531088 2.000000 0.807813 0.621762 2.000000 0.784375 0.621762 2.000000 0.803125 0.683938 2.000000 0.784375 0.689119 2.000000
0 0.690359 0.487966 0.084562 0.543912 0.000000 0.000000 0.000000 0.000000 0.000000 0.000000 0.000000 0.000000 0.000000 0.684375 0.261658 2.000000 0.000000 0.000000 0.000000 0.670312 0.326425 2.000000 0.720313 0.329016 2.000000 0.662500 0.404145 2.000000 0.723437 0.411917 2.000000 0.654687 0.497409 2.000000 0.723437 0.492228 2.000000 0.676562 0.479275 2.000000 0.706250 0.479275 2.000000 0.679688 0.611399 2.000000 0.706250 0.613990 2.000000 0.682813 0.717617 2.000000 0.706250 0.715026 2.000000
0 0.903922 0.545920 0.062750 0.337746 0.906250 0.406736 2.000000 0.909375 0.396373 2.000000 0.903125 0.396373 2.000000 0.000000 0.000000 0.000000 0.893750 0.401554 2.000000 0.923438 0.445596 2.000000 0.889062 0.445596 2.000000 0.926562 0.487047 2.000000 0.879687 0.484456 2.000000 0.912500 0.507772 2.000000 0.898438 0.505181 2.000000 0.915625 0.536269 2.000000 0.895312 0.541451 2.000000 0.909375 0.626943 2.000000 0.896875 0.629534 2.000000 0.909375 0.689119 2.000000 0.898438 0.689119 2.000000
0 0.643484 0.573148 0.044594 0.315104 0.000000 0.000000 0.000000 0.000000 0.000000 0.000000 0.000000 0.000000 0.000000 0.000000 0.000000 0.000000 0.000000 0.000000 0.000000 0.000000 0.000000 0.000000 0.643750 0.440415 2.000000 0.000000 0.000000 0.000000 0.629687 0.489637 2.000000 0.000000 0.000000 0.000000 0.631250 0.541451 2.000000 0.650000 0.531088 2.000000 0.637500 0.525907 2.000000 0.653125 0.608808 2.000000 0.640625 0.606218 2.000000 0.650000 0.694301 2.000000 0.632812 0.699482 2.000000
0 0.190039 0.443782 0.070797 0.207358 0.201563 0.370466 2.000000 0.204687 0.365285 2.000000 0.195312 0.365285 2.000000 0.000000 0.000000 0.000000 0.185938 0.373057 2.000000 0.215625 0.417098 1.000000 0.173437 0.417098 2.000000 0.000000 0.000000 0.000000 0.162500 0.474093 2.000000 0.000000 0.000000 0.000000 0.164062 0.538860 2.000000 0.214062 0.551813 1.000000 0.179688 0.554404 1.000000 0.000000 0.000000 0.000000 0.000000 0.000000 0.000000 0.000000 0.000000 0.000000 0.000000 0.000000 0.000000
0 0.983328 0.532785 0.033344 0.368627 0.000000 0.000000 0.000000 0.000000 0.000000 0.000000 0.000000 0.000000 0.000000 0.000000 0.000000 0.000000 0.000000 0.000000 0.000000 0.000000 0.000000 0.000000 0.979688 0.427461 2.000000 0.000000 0.000000 0.000000 0.973437 0.463731 2.000000 0.000000 0.000000 0.000000 0.979688 0.525907 2.000000 0.000000 0.000000 0.000000 0.993750 0.541451 2.000000 0.000000 0.000000 0.000000 0.984375 0.611399 2.000000 0.000000 0.000000 0.000000 0.981250 0.676166 2.000000
