0 0.587167 0.619102 0.205867 0.577516 0.000000 0.000000 0.000000 0.000000 0.000000 0.000000 0.000000 0.000000 0.000000 0.506048 0.534375 2.000000 0.000000 0.000000 0.000000 0.558468 0.584375 2.000000 0.560484 0.506250 2.000000 0.588710 0.648438 2.000000 0.556452 0.435937 2.000000 0.514113 0.629687 2.000000 0.562500 0.373437 2.000000 0.631048 0.639062 2.000000 0.663306 0.618750 2.000000 0.580645 0.748437 2.000000 0.643145 0.723437 2.000000 0.580645 0.868750 2.000000 0.655242 0.821875 2.000000
0 0.681300 0.430344 0.133931 0.144469 0.663306 0.393750 2.000000 0.673387 0.389062 2.000000 0.663306 0.387500 2.000000 0.695565 0.395313 2.000000 0.000000 0.000000 0.000000 0.719758 0.420312 2.000000 0.643145 0.420312 2.000000 0.729839 0.465625 2.000000 0.637097 0.468750 2.000000 0.671371 0.456250 2.000000 0.683468 0.457813 2.000000 0.707661 0.503125 1.000000 0.657258 0.501563 1.000000 0.000000 0.000000 0.000000 0.000000 0.000000 0.000000 0.000000 0.000000 0.000000 0.000000 0.000000 0.000000
0 0.815444 0.441297 0.125645 0.095437 0.806452 0.420312 2.000000 0.816532 0.418750 2.000000 0.800403 0.417187 2.000000 0.832661 0.421875 2.000000 0.000000 0.000000 0.000000 0.852823 0.448437 2.000000 0.784274 0.454688 2.000000 0.872984 0.492188 1.000000 0.758065 0.487500 1.000000 0.000000 0.000000 0.000000 0.000000 0.000000 0.000000 0.846774 0.517188 1.000000 0.808468 0.520312 1.000000 0.000000 0.000000 0.000000 0.000000 0.000000 0.000000 0.000000 0.000000 0.000000 0.000000 0.000000 0.000000
0 0.818085 0.383078 0.154718 0.207250 0.802419 0.307812 2.000000 0.808468 0.304688 2.000000 0.800403 0.304688 2.000000 0.832661 0.306250 2.000000 0.000000 0.000000 0.000000 0.870968 0.337500 2.000000 0.790323 0.340625 2.000000 0.866935 0.385937 2.000000 0.788306 0.385937 2.000000 0.836694 0.412500 1.000000 0.768145 0.392188 2.000000 0.856855 0.407813 2.000000 0.816532 0.410938 1.000000 0.814516 0.440625 1.000000 0.760081 0.410938 2.000000 0.774194 0.493750 1.000000 0.764113 0.492188 1.000000
0 0.038831 0.423328 0.077661 0.107094 0.000000 0.398438 1.000000 0.008065 0.392188 2.000000 0.000000 0.000000 0.000000 0.026210 0.393750 2.000000 0.000000 0.000000 0.000000 0.048387 0.434375 2.000000 0.000000 0.000000 0.000000 0.064516 0.484375 1.000000 0.000000 0.000000 0.000000 0.000000 0.000000 0.000000 0.000000 0.000000 0.000000 0.036290 0.525000 1.000000 0.000000 0.000000 0.000000 0.000000 0.000000 0.000000 0.000000 0.000000 0.000000 0.000000 0.000000 0.000000 0.000000 0.000000 0.000000
0 0.053750 0.371883 0.106532 0.179172 0.024194 0.309375 2.000000 0.032258 0.303125 2.000000 0.020161 0.304688 2.000000 0.050403 0.306250 2.000000 0.000000 0.000000 0.000000 0.076613 0.339062 2.000000 0.000000 0.000000 0.000000 0.094758 0.378125 2.000000 0.000000 0.000000 0.000000 0.060484 0.389062 2.000000 0.000000 0.000000 0.000000 0.050403 0.396875 2.000000 0.000000 0.000000 0.000000 0.062500 0.412500 2.000000 0.000000 0.000000 0.000000 0.000000 0.000000 0.000000 0.000000 0.000000 0.000000
0 0.183700 0.378750 0.103488 0.173344 0.175403 0.314063 2.000000 0.183468 0.312500 2.000000 0.171371 0.312500 2.000000 0.199597 0.317188 2.000000 0.163306 0.315625 2.000000 0.213710 0.350000 2.000000 0.153226 0.345313 2.000000 0.205645 0.387500 2.000000 0.149194 0.378125 2.000000 0.159274 0.376563 2.000000 0.195565 0.382812 2.000000 0.000000 0.000000 0.000000 0.000000 0.000000 0.000000 0.000000 0.000000 0.000000 0.000000 0.000000 0.000000 0.000000 0.000000 0.000000 0.000000 0.000000 0.000000
0 0.741139 0.179883 0.110343 0.124703 0.727823 0.143750 2.000000 0.733871 0.140625 2.000000 0.723790 0.140625 2.000000 0.750000 0.140625 2.000000 0.000000 0.000000 0.000000 0.766129 0.168750 2.000000 0.701613 0.173437 2.000000 0.786290 0.204687 2.000000 0.701613 0.210938 2.000000 0.754032 0.215625 2.000000 0.000000 0.000000 0.000000 0.000000 0.000000 0.000000 0.000000 0.000000 0.000000 0.000000 0.000000 0.000000 0.000000 0.000000 0.000000 0.000000 0.000000 0.000000 0.000000 0.000000 0.000000
0 0.868861 0.092820 0.107560 0.132453 0.860887 0.057813 2.000000 0.870968 0.053125 2.000000 0.856855 0.053125 2.000000 0.881048 0.056250 2.000000 0.000000 0.000000 0.000000 0.899194 0.085938 2.000000 0.836694 0.084375 2.000000 0.907258 0.126562 2.000000 0.818548 0.123438 1.000000 0.866935 0.121875 1.000000 0.000000 0.000000 0.000000 0.887097 0.151562 1.000000 0.838710 0.150000 1.000000 0.000000 0.000000 0.000000 0.000000 0.000000 0.000000 0.000000 0.000000 0.000000 0.000000 0.000000 0.000000
0 0.288770 0.440969 0.143548 0.104438 0.280242 0.415625 2.000000 0.288306 0.410938 2.000000 0.274194 0.410938 2.000000 0.304435 0.414062 2.000000 0.000000 0.000000 0.000000 0.318548 0.445312 2.000000 0.256048 0.443750 2.000000 0.350806 0.482812 2.000000 0.231855 0.478125 2.000000 0.000000 0.000000 0.000000 0.000000 0.000000 0.000000 0.312500 0.514062 1.000000 0.260081 0.512500 1.000000 0.000000 0.000000 0.000000 0.000000 0.000000 0.000000 0.000000 0.000000 0.000000 0.000000 0.000000 0.000000
0 0.152278 0.429516 0.133871 0.095562 0.151210 0.412500 2.000000 0.161290 0.406250 2.000000 0.143145 0.406250 2.000000 0.173387 0.406250 2.000000 0.137097 0.409375 1.000000 0.193548 0.439063 2.000000 0.112903 0.435937 2.000000 0.209677 0.479687 1.000000 0.088710 0.476562 1.000000 0.165323 0.489063 1.000000 0.114919 0.489063 1.000000 0.000000 0.000000 0.000000 0.000000 0.000000 0.000000 0.000000 0.000000 0.000000 0.000000 0.000000 0.000000 0.000000 0.000000 0.000000 0.000000 0.000000 0.000000
0 0.860575 0.202727 0.141512 0.191078 0.844758 0.135937 2.000000 0.852823 0.129688 2.000000 0.842742 0.129688 2.000000 0.872984 0.134375 2.000000 0.000000 0.000000 0.000000 0.889113 0.165625 2.000000 0.822581 0.167187 2.000000 0.905242 0.204687 2.000000 0.816532 0.203125 2.000000 0.875000 0.221875 2.000000 0.846774 0.221875 2.000000 0.875000 0.231250 2.000000 0.838710 0.229687 2.000000 0.913306 0.232813 2.000000 0.802419 0.229687 2.000000 0.909274 0.287500 2.000000 0.808468 0.287500 1.000000
