0 0.171734 0.583338 0.335031 0.813075 0.264062 0.387500 2.000000 0.000000 0.000000 0.000000 0.264062 0.362500 2.000000 0.000000 0.000000 0.000000 0.220312 0.317500 2.000000 0.104688 0.360000 2.000000 0.137500 0.412500 2.000000 0.000000 0.000000 0.000000 0.131250 0.685000 2.000000 0.000000 0.000000 0.000000 0.259375 0.730000 2.000000 0.000000 0.000000 0.000000 0.000000 0.000000 0.000000 0.000000 0.000000 0.000000 0.000000 0.000000 0.000000 0.000000 0.000000 0.000000 0.000000 0.000000 0.000000
0 0.026219 0.464987 0.052438 0.190275 0.035937 0.417500 2.000000 0.039062 0.410000 2.000000 0.029687 0.412500 2.000000 0.046875 0.410000 2.000000 0.018750 0.415000 2.000000 0.059375 0.462500 1.000000 0.007812 0.467500 2.000000 0.000000 0.000000 0.000000 0.012500 0.520000 2.000000 0.000000 0.000000 0.000000 0.000000 0.000000 0.000000 0.000000 0.000000 0.000000 0.000000 0.000000 0.000000 0.000000 0.000000 0.000000 0.000000 0.000000 0.000000 0.000000 0.000000 0.000000 0.000000 0.000000 0.000000
0 0.318484 0.473800 0.079969 0.269150 0.307812 0.387500 2.000000 0.312500 0.380000 2.000000 0.304688 0.380000 2.000000 0.331250 0.382500 2.000000 0.000000 0.000000 0.000000 0.354687 0.432500 2.000000 0.292187 0.425000 2.000000 0.000000 0.000000 0.000000 0.285938 0.492500 2.000000 0.000000 0.000000 0.000000 0.287500 0.537500 2.000000 0.335938 0.560000 1.000000 0.304688 0.560000 2.000000 0.000000 0.000000 0.000000 0.000000 0.000000 0.000000 0.000000 0.000000 0.000000 0.000000 0.000000 0.000000
0 0.272539 0.450038 0.066766 0.171525 0.000000 0.000000 0.000000 0.000000 0.000000 0.000000 0.000000 0.000000 0.000000 0.000000 0.000000 0.000000 0.000000 0.000000 0.000000 0.298438 0.425000 1.000000 0.256250 0.430000 2.000000 0.000000 0.000000 0.000000 0.248438 0.507500 2.000000 0.000000 0.000000 0.000000 0.259375 0.532500 1.000000 0.000000 0.000000 0.000000 0.259375 0.540000 1.000000 0.000000 0.000000 0.000000 0.000000 0.000000 0.000000 0.000000 0.000000 0.000000 0.000000 0.000000 0.000000
0 0.741258 0.202512 0.060016 0.101375 0.743750 0.220000 2.000000 0.751563 0.210000 2.000000 0.732812 0.210000 2.000000 0.762500 0.227500 2.000000 0.712500 0.215000 1.000000 0.779687 0.295000 1.000000 0.000000 0.000000 0.000000 0.000000 0.000000 0.000000 0.000000 0.000000 0.000000 0.000000 0.000000 0.000000 0.000000 0.000000 0.000000 0.000000 0.000000 0.000000 0.000000 0.000000 0.000000 0.000000 0.000000 0.000000 0.000000 0.000000 0.000000 0.000000 0.000000 0.000000 0.000000 0.000000 0.000000
0 0.509484 0.577900 0.125438 0.421050 0.501563 0.447500 2.000000 0.510938 0.437500 2.000000 0.492188 0.435000 2.000000 0.000000 0.000000 0.000000 0.481250 0.445000 2.000000 0.550000 0.505000 1.000000 0.468750 0.520000 1.000000 0.564063 0.595000 1.000000 0.465625 0.612500 2.000000 0.507812 0.540000 1.000000 0.481250 0.560000 2.000000 0.546875 0.702500 2.000000 0.495312 0.707500 1.000000 0.000000 0.000000 0.000000 0.000000 0.000000 0.000000 0.000000 0.000000 0.000000 0.000000 0.000000 0.000000
0 0.516594 0.317013 0.068312 0.196275 0.523438 0.295000 2.000000 0.532813 0.280000 2.000000 0.515625 0.285000 2.000000 0.546875 0.262500 2.000000 0.000000 0.000000 0.000000 0.570312 0.340000 1.000000 0.495312 0.365000 2.000000 0.000000 0.000000 0.000000 0.000000 0.000000 0.000000 0.545312 0.365000 1.000000 0.518750 0.377500 1.000000 0.000000 0.000000 0.000000 0.000000 0.000000 0.000000 0.000000 0.000000 0.000000 0.000000 0.000000 0.000000 0.000000 0.000000 0.000000 0.000000 0.000000 0.000000
0 0.573633 0.363237 0.075734 0.150925 0.571875 0.385000 2.000000 0.578125 0.365000 2.000000 0.560937 0.380000 2.000000 0.607812 0.365000 2.000000 0.553125 0.412500 2.000000 0.000000 0.000000 0.000000 0.000000 0.000000 0.000000 0.000000 0.000000 0.000000 0.000000 0.000000 0.000000 0.000000 0.000000 0.000000 0.000000 0.000000 0.000000 0.000000 0.000000 0.000000 0.000000 0.000000 0.000000 0.000000 0.000000 0.000000 0.000000 0.000000 0.000000 0.000000 0.000000 0.000000 0.000000 0.000000 0.000000
0 0.608727 0.601800 0.591234 0.796400 0.610938 0.385000 2.000000 0.621875 0.367500 2.000000 0.000000 0.000000 0.000000 0.687500 0.357500 2.000000 0.000000 0.000000 0.000000 0.787500 0.470000 2.000000 0.665625 0.452500 2.000000 0.892188 0.700000 2.000000 0.507812 0.502500 2.000000 0.760938 0.747500 2.000000 0.385937 0.582500 2.000000 0.810937 0.952500 2.000000 0.723437 0.930000 1.000000 0.000000 0.000000 0.000000 0.000000 0.000000 0.000000 0.000000 0.000000 0.000000 0.000000 0.000000 0.000000
0 0.600266 0.748212 0.116531 0.258575 0.620313 0.707500 2.000000 0.629687 0.695000 2.000000 0.607812 0.695000 2.000000 0.000000 0.000000 0.000000 0.576562 0.715000 2.000000 0.626563 0.777500 2.000000 0.556250 0.792500 2.000000 0.643750 0.840000 2.000000 0.000000 0.000000 0.000000 0.000000 0.000000 0.000000 0.000000 0.000000 0.000000 0.000000 0.000000 0.000000 0.000000 0.000000 0.000000 0.000000 0.000000 0.000000 0.000000 0.000000 0.000000 0.000000 0.000000 0.000000 0.000000 0.000000 0.000000
0 0.439781 0.429962 0.064438 0.177525 0.437500 0.392500 2.000000 0.440625 0.380000 2.000000 0.429688 0.382500 2.000000 0.453125 0.377500 2.000000 0.000000 0.000000 0.000000 0.478125 0.445000 1.000000 0.425000 0.467500 1.000000 0.000000 0.000000 0.000000 0.000000 0.000000 0.000000 0.000000 0.000000 0.000000 0.000000 0.000000 0.000000 0.000000 0.000000 0.000000 0.000000 0.000000 0.000000 0.000000 0.000000 0.000000 0.000000 0.000000 0.000000 0.000000 0.000000 0.000000 0.000000 0.000000 0.000000
