0 0.681047 0.542594 0.178250 0.434979 0.676562 0.372917 2.000000 0.685937 0.368750 2.000000 0.000000 0.000000 0.000000 0.704688 0.372917 2.000000 0.000000 0.000000 0.000000 0.732812 0.406250 2.000000 0.670312 0.400000 2.000000 0.748437 0.475000 2.000000 0.635938 0.427083 2.000000 0.735938 0.539583 2.000000 0.606250 0.400000 2.000000 0.731250 0.539583 2.000000 0.687500 0.537500 2.000000 0.721875 0.620833 2.000000 0.668750 0.600000 2.000000 0.734375 0.735417 2.000000 0.671875 0.714583 2.000000
0 0.524617 0.604354 0.190922 0.319333 0.526563 0.495833 2.000000 0.531250 0.491667 2.000000 0.000000 0.000000 0.000000 0.548438 0.497917 2.000000 0.000000 0.000000 0.000000 0.537500 0.552083 2.000000 0.573438 0.533333 2.000000 0.498437 0.570833 2.000000 0.000000 0.000000 0.000000 0.467187 0.539583 2.000000 0.000000 0.000000 0.000000 0.582812 0.670833 2.000000 0.603125 0.662500 2.000000 0.492188 0.702083 2.000000 0.529687 0.625000 2.000000 0.578125 0.722917 2.000000 0.585938 0.720833 2.000000
0 0.818195 0.330302 0.107859 0.133437 0.821875 0.300000 2.000000 0.825000 0.291667 2.000000 0.818750 0.291667 2.000000 0.835938 0.297917 2.000000 0.000000 0.000000 0.000000 0.839063 0.325000 2.000000 0.800000 0.325000 2.000000 0.864062 0.335417 2.000000 0.782813 0.350000 2.000000 0.843750 0.306250 2.000000 0.798438 0.312500 2.000000 0.828125 0.408333 1.000000 0.796875 0.406250 1.000000 0.000000 0.000000 0.000000 0.000000 0.000000 0.000000 0.000000 0.000000 0.000000 0.000000 0.000000 0.000000
0 0.605016 0.320740 0.067062 0.120063 0.601562 0.289583 2.000000 0.606250 0.285417 2.000000 0.598437 0.285417 2.000000 0.612500 0.287500 2.000000 0.592187 0.287500 2.000000 0.620313 0.316667 2.000000 0.585938 0.316667 2.000000 0.625000 0.366667 2.000000 0.579688 0.358333 2.000000 0.000000 0.000000 0.000000 0.000000 0.000000 0.000000 0.618750 0.379167 1.000000 0.592187 0.377083 1.000000 0.000000 0.000000 0.000000 0.000000 0.000000 0.000000 0.000000 0.000000 0.000000 0.000000 0.000000 0.000000
0 0.733148 0.031458 0.084266 0.062917 0.728125 0.012500 2.000000 0.732812 0.006250 2.000000 0.723437 0.008333 2.000000 0.000000 0.000000 0.000000 0.000000 0.000000 0.000000 0.759375 0.022917 2.000000 0.712500 0.016667 2.000000 0.000000 0.000000 0.000000 0.000000 0.000000 0.000000 0.000000 0.000000 0.000000 0.000000 0.000000 0.000000 0.740625 0.066667 1.000000 0.715625 0.064583 1.000000 0.000000 0.000000 0.000000 0.000000 0.000000 0.000000 0.000000 0.000000 0.000000 0.000000 0.000000 0.000000
0 0.407023 0.300000 0.102797 0.123583 0.439063 0.264583 2.000000 0.442188 0.260417 2.000000 0.434375 0.260417 2.000000 0.448437 0.262500 2.000000 0.000000 0.000000 0.000000 0.465625 0.291667 1.000000 0.421875 0.287500 2.000000 0.484375 0.308333 1.000000 0.406250 0.325000 2.000000 0.462500 0.318750 1.000000 0.387500 0.335417 2.000000 0.451562 0.366667 1.000000 0.415625 0.364583 1.000000 0.000000 0.000000 0.000000 0.000000 0.000000 0.000000 0.000000 0.000000 0.000000 0.000000 0.000000 0.000000
0 0.267133 0.515729 0.143266 0.397750 0.268750 0.372917 2.000000 0.000000 0.000000 0.000000 0.000000 0.000000 0.000000 0.289062 0.358333 2.000000 0.000000 0.000000 0.000000 0.303125 0.387500 2.000000 0.246875 0.389583 2.000000 0.332813 0.439583 2.000000 0.228125 0.439583 2.000000 0.306250 0.443750 2.000000 0.267188 0.450000 2.000000 0.285938 0.508333 2.000000 0.250000 0.506250 2.000000 0.293750 0.591667 2.000000 0.226562 0.585417 2.000000 0.309375 0.697917 2.000000 0.214062 0.670833 2.000000
0 0.915797 0.039667 0.071594 0.078708 0.915625 0.027083 2.000000 0.923438 0.018750 2.000000 0.914062 0.018750 2.000000 0.934375 0.022917 2.000000 0.000000 0.000000 0.000000 0.945312 0.054167 2.000000 0.898438 0.050000 2.000000 0.000000 0.000000 0.000000 0.000000 0.000000 0.000000 0.000000 0.000000 0.000000 0.000000 0.000000 0.000000 0.000000 0.000000 0.000000 0.000000 0.000000 0.000000 0.000000 0.000000 0.000000 0.000000 0.000000 0.000000 0.000000 0.000000 0.000000 0.000000 0.000000 0.000000
0 0.539141 0.322042 0.062313 0.101250 0.545312 0.302083 2.000000 0.550000 0.297917 2.000000 0.540625 0.293750 2.000000 0.557813 0.302083 2.000000 0.000000 0.000000 0.000000 0.560937 0.329167 2.000000 0.531250 0.325000 2.000000 0.562500 0.354167 2.000000 0.510938 0.354167 2.000000 0.548438 0.364583 2.000000 0.521875 0.322917 2.000000 0.000000 0.000000 0.000000 0.000000 0.000000 0.000000 0.000000 0.000000 0.000000 0.000000 0.000000 0.000000 0.000000 0.000000 0.000000 0.000000 0.000000 0.000000
0 0.140734 0.148281 0.068156 0.295646 0.132812 0.002083 2.000000 0.000000 0.000000 0.000000 0.000000 0.000000 0.000000 0.145313 0.004167 1.000000 0.000000 0.000000 0.000000 0.159375 0.041667 2.000000 0.115625 0.039583 1.000000 0.167187 0.093750 2.000000 0.000000 0.000000 0.000000 0.153125 0.077083 2.000000 0.000000 0.000000 0.000000 0.145313 0.154167 2.000000 0.107813 0.154167 2.000000 0.142187 0.212500 2.000000 0.093750 0.206250 1.000000 0.142187 0.268750 2.000000 0.081250 0.262500 1.000000
