0 0.690304 0.661797 0.619391 0.653937 0.494145 0.451562 2.000000 0.536300 0.432812 2.000000 0.000000 0.000000 0.000000 0.662763 0.465625 2.000000 0.000000 0.000000 0.000000 0.758782 0.645312 2.000000 0.854801 0.643750 2.000000 0.426230 0.862500 2.000000 0.524590 0.859375 2.000000 0.449649 0.615625 2.000000 0.473068 0.617188 2.000000 0.000000 0.000000 0.000000 0.000000 0.000000 0.000000 0.000000 0.000000 0.000000 0.000000 0.000000 0.000000 0.000000 0.000000 0.000000 0.000000 0.000000 0.000000
0 0.303735 0.463633 0.301241 0.494109 0.000000 0.000000 0.000000 0.000000 0.000000 0.000000 0.000000 0.000000 0.000000 0.311475 0.253125 2.000000 0.367681 0.251563 2.000000 0.283372 0.315625 2.000000 0.395785 0.314063 2.000000 0.276347 0.395313 2.000000 0.423888 0.392188 2.000000 0.274005 0.482812 2.000000 0.000000 0.000000 0.000000 0.313817 0.439063 2.000000 0.400468 0.432812 2.000000 0.295082 0.553125 1.000000 0.419204 0.554688 1.000000 0.231850 0.671875 2.000000 0.428571 0.668750 1.000000
0 0.569778 0.293586 0.153981 0.124422 0.594848 0.262500 2.000000 0.597190 0.257812 2.000000 0.585480 0.257812 2.000000 0.000000 0.000000 0.000000 0.571429 0.257812 2.000000 0.608899 0.276562 2.000000 0.566745 0.279687 2.000000 0.618267 0.309375 2.000000 0.548009 0.309375 2.000000 0.000000 0.000000 0.000000 0.000000 0.000000 0.000000 0.601874 0.329688 2.000000 0.562061 0.331250 2.000000 0.000000 0.000000 0.000000 0.000000 0.000000 0.000000 0.000000 0.000000 0.000000 0.000000 0.000000 0.000000
0 0.843138 0.334781 0.142201 0.241687 0.847775 0.257812 2.000000 0.000000 0.000000 0.000000 0.836066 0.248438 2.000000 0.000000 0.000000 0.000000 0.810304 0.248438 2.000000 0.850117 0.296875 2.000000 0.779859 0.306250 1.000000 0.000000 0.000000 0.000000 0.770492 0.367188 1.000000 0.000000 0.000000 0.000000 0.810304 0.407813 1.000000 0.875878 0.426563 2.000000 0.817330 0.429688 1.000000 0.000000 0.000000 0.000000 0.000000 0.000000 0.000000 0.000000 0.000000 0.000000 0.000000 0.000000 0.000000
0 0.735316 0.291125 0.100984 0.115187 0.000000 0.000000 0.000000 0.000000 0.000000 0.000000 0.000000 0.000000 0.000000 0.000000 0.000000 0.000000 0.000000 0.000000 0.000000 0.000000 0.000000 0.000000 0.695550 0.309375 1.000000 0.000000 0.000000 0.000000 0.742389 0.342187 1.000000 0.000000 0.000000 0.000000 0.728337 0.279687 2.000000 0.000000 0.000000 0.000000 0.000000 0.000000 0.000000 0.000000 0.000000 0.000000 0.000000 0.000000 0.000000 0.000000 0.000000 0.000000 0.000000 0.000000 0.000000
0 0.086932 0.312070 0.159906 0.173766 0.000000 0.000000 0.000000 0.000000 0.000000 0.000000 0.000000 0.000000 0.000000 0.000000 0.000000 0.000000 0.000000 0.000000 0.000000 0.086651 0.289062 2.000000 0.037471 0.268750 2.000000 0.100703 0.334375 2.000000 0.053864 0.306250 2.000000 0.142857 0.370312 2.000000 0.074941 0.257812 2.000000 0.084309 0.375000 1.000000 0.037471 0.376563 1.000000 0.098361 0.434375 1.000000 0.049180 0.442188 1.000000 0.000000 0.000000 0.000000 0.000000 0.000000 0.000000
0 0.948407 0.346359 0.103185 0.204906 0.000000 0.000000 0.000000 0.000000 0.000000 0.000000 0.000000 0.000000 0.000000 0.000000 0.000000 0.000000 0.000000 0.000000 0.000000 0.911007 0.264062 1.000000 0.960187 0.264062 2.000000 0.000000 0.000000 0.000000 0.000000 0.000000 0.000000 0.000000 0.000000 0.000000 0.000000 0.000000 0.000000 0.925059 0.345313 2.000000 0.957845 0.343750 2.000000 0.922717 0.407813 2.000000 0.976581 0.398438 2.000000 0.000000 0.000000 0.000000 0.000000 0.000000 0.000000
0 0.181991 0.396125 0.148712 0.227500 0.000000 0.000000 0.000000 0.000000 0.000000 0.000000 0.000000 0.000000 0.000000 0.000000 0.000000 0.000000 0.000000 0.000000 0.000000 0.173302 0.306250 2.000000 0.000000 0.000000 0.000000 0.166276 0.342187 2.000000 0.000000 0.000000 0.000000 0.124122 0.329688 2.000000 0.000000 0.000000 0.000000 0.220141 0.373437 2.000000 0.185012 0.389062 2.000000 0.220141 0.443750 2.000000 0.185012 0.454688 1.000000 0.215457 0.495312 2.000000 0.000000 0.000000 0.000000
0 0.671745 0.282211 0.078571 0.102953 0.000000 0.000000 0.000000 0.000000 0.000000 0.000000 0.000000 0.000000 0.000000 0.679157 0.257812 2.000000 0.000000 0.000000 0.000000 0.700234 0.287500 1.000000 0.637002 0.287500 1.000000 0.000000 0.000000 0.000000 0.000000 0.000000 0.000000 0.000000 0.000000 0.000000 0.000000 0.000000 0.000000 0.697892 0.353125 1.000000 0.644028 0.353125 1.000000 0.000000 0.000000 0.000000 0.000000 0.000000 0.000000 0.000000 0.000000 0.000000 0.000000 0.000000 0.000000
0 0.487494 0.348125 0.116066 0.214969 0.000000 0.000000 0.000000 0.000000 0.000000 0.000000 0.000000 0.000000 0.000000 0.000000 0.000000 0.000000 0.000000 0.000000 0.000000 0.000000 0.000000 0.000000 0.000000 0.000000 0.000000 0.000000 0.000000 0.000000 0.000000 0.000000 0.000000 0.000000 0.000000 0.000000 0.000000 0.000000 0.000000 0.447307 0.304688 2.000000 0.522248 0.304688 1.000000 0.000000 0.000000 0.000000 0.000000 0.000000 0.000000 0.000000 0.000000 0.000000 0.000000 0.000000 0.000000
0 0.046030 0.629227 0.092061 0.481578 0.000000 0.000000 0.000000 0.000000 0.000000 0.000000 0.000000 0.000000 0.000000 0.000000 0.000000 0.000000 0.000000 0.000000 0.000000 0.000000 0.000000 0.000000 0.000000 0.000000 0.000000 0.025761 0.403125 2.000000 0.000000 0.000000 0.000000 0.000000 0.000000 0.000000 0.000000 0.000000 0.000000 0.000000 0.000000 0.000000 0.000000 0.000000 0.000000 0.000000 0.000000 0.000000 0.000000 0.000000 0.000000 0.025761 0.773438 2.000000 0.000000 0.000000 0.000000
