0 0.540273 0.772768 0.103266 0.435968 0.000000 0.000000 0.000000 0.000000 0.000000 0.000000 0.000000 0.000000 0.000000 0.515625 0.599089 2.000000 0.000000 0.000000 0.000000 0.514062 0.624146 2.000000 0.571875 0.628702 2.000000 0.485938 0.665148 1.000000 0.587500 0.703872 2.000000 0.000000 0.000000 0.000000 0.000000 0.000000 0.000000 0.515625 0.776765 2.000000 0.557813 0.776765 2.000000 0.512500 0.870159 2.000000 0.551562 0.867882 2.000000 0.509375 0.961276 2.000000 0.551562 0.954442 2.000000
0 0.759156 0.721344 0.069375 0.346059 0.781250 0.583144 2.000000 0.000000 0.000000 0.000000 0.776563 0.578588 2.000000 0.000000 0.000000 0.000000 0.768750 0.585421 2.000000 0.782813 0.621868 2.000000 0.742188 0.619590 2.000000 0.000000 0.000000 0.000000 0.731250 0.662870 2.000000 0.000000 0.000000 0.000000 0.743750 0.706150 2.000000 0.776563 0.701595 2.000000 0.754687 0.706150 2.000000 0.778125 0.769932 2.000000 0.762500 0.767654 2.000000 0.768750 0.842825 2.000000 0.754687 0.849658 2.000000
0 0.824234 0.720137 0.050562 0.291708 0.831250 0.594533 2.000000 0.831250 0.587699 2.000000 0.825000 0.587699 2.000000 0.000000 0.000000 0.000000 0.817187 0.594533 2.000000 0.828125 0.619590 2.000000 0.814063 0.617312 2.000000 0.835938 0.671982 2.000000 0.809375 0.651481 2.000000 0.843750 0.706150 2.000000 0.807813 0.619590 2.000000 0.831250 0.708428 2.000000 0.818750 0.708428 2.000000 0.828125 0.769932 2.000000 0.820312 0.769932 2.000000 0.825000 0.835991 2.000000 0.818750 0.838269 2.000000
0 0.900164 0.717551 0.073641 0.351868 0.882812 0.576310 1.000000 0.884375 0.569476 2.000000 0.000000 0.000000 0.000000 0.892188 0.567198 2.000000 0.000000 0.000000 0.000000 0.889062 0.610478 2.000000 0.928125 0.605923 2.000000 0.876563 0.678815 2.000000 0.000000 0.000000 0.000000 0.000000 0.000000 0.000000 0.000000 0.000000 0.000000 0.896875 0.708428 2.000000 0.921875 0.701595 2.000000 0.898438 0.797267 2.000000 0.920312 0.792711 2.000000 0.903125 0.874715 2.000000 0.918750 0.867882 2.000000
0 0.863984 0.691868 0.051406 0.283964 0.000000 0.000000 0.000000 0.000000 0.000000 0.000000 0.000000 0.000000 0.000000 0.000000 0.000000 0.000000 0.878125 0.576310 2.000000 0.862500 0.605923 2.000000 0.868750 0.608200 2.000000 0.000000 0.000000 0.000000 0.867188 0.653759 1.000000 0.000000 0.000000 0.000000 0.000000 0.000000 0.000000 0.856250 0.687927 2.000000 0.864062 0.687927 2.000000 0.851562 0.751708 2.000000 0.864062 0.753986 2.000000 0.850000 0.815490 2.000000 0.860938 0.817768 2.000000
0 0.469016 0.745262 0.045906 0.195034 0.479687 0.678815 2.000000 0.000000 0.000000 0.000000 0.478125 0.674260 2.000000 0.000000 0.000000 0.000000 0.000000 0.000000 0.000000 0.470313 0.692483 2.000000 0.459375 0.692483 2.000000 0.000000 0.000000 0.000000 0.450000 0.719818 2.000000 0.000000 0.000000 0.000000 0.467187 0.715262 2.000000 0.465625 0.758542 2.000000 0.456250 0.758542 2.000000 0.473438 0.785877 2.000000 0.450000 0.792711 2.000000 0.471875 0.813212 2.000000 0.450000 0.815490 2.000000
0 0.349195 0.572005 0.061516 0.124692 0.000000 0.000000 0.000000 0.000000 0.000000 0.000000 0.000000 0.000000 0.000000 0.000000 0.000000 0.000000 0.000000 0.000000 0.000000 0.371875 0.548975 1.000000 0.339062 0.551253 2.000000 0.378125 0.580866 1.000000 0.326562 0.578588 2.000000 0.368750 0.612756 1.000000 0.332813 0.608200 2.000000 0.373437 0.630979 1.000000 0.343750 0.630979 2.000000 0.000000 0.000000 0.000000 0.000000 0.000000 0.000000 0.000000 0.000000 0.000000 0.000000 0.000000 0.000000
0 0.603219 0.766606 0.071906 0.419818 0.000000 0.000000 0.000000 0.000000 0.000000 0.000000 0.000000 0.000000 0.000000 0.000000 0.000000 0.000000 0.000000 0.000000 0.000000 0.571875 0.635535 1.000000 0.615625 0.640091 2.000000 0.000000 0.000000 0.000000 0.628125 0.706150 2.000000 0.000000 0.000000 0.000000 0.000000 0.000000 0.000000 0.578125 0.774487 2.000000 0.604688 0.774487 2.000000 0.579688 0.845103 2.000000 0.607812 0.847380 2.000000 0.581250 0.954442 2.000000 0.603125 0.952164 2.000000
0 0.640680 0.740900 0.066203 0.357426 0.000000 0.000000 0.000000 0.000000 0.000000 0.000000 0.000000 0.000000 0.000000 0.000000 0.000000 0.000000 0.000000 0.000000 0.000000 0.000000 0.000000 0.000000 0.637500 0.628702 2.000000 0.000000 0.000000 0.000000 0.662500 0.667426 2.000000 0.000000 0.000000 0.000000 0.657813 0.717540 2.000000 0.000000 0.000000 0.000000 0.635938 0.717540 1.000000 0.000000 0.000000 0.000000 0.000000 0.000000 0.000000 0.000000 0.000000 0.000000 0.000000 0.000000 0.000000
0 0.941188 0.718109 0.046437 0.304510 0.000000 0.000000 0.000000 0.926562 0.594533 2.000000 0.000000 0.000000 0.000000 0.000000 0.000000 0.000000 0.000000 0.000000 0.000000 0.942187 0.619590 2.000000 0.000000 0.000000 0.000000 0.939063 0.669704 2.000000 0.000000 0.000000 0.000000 0.915625 0.671982 1.000000 0.000000 0.000000 0.000000 0.946875 0.710706 2.000000 0.000000 0.000000 0.000000 0.953125 0.785877 2.000000 0.946875 0.781321 2.000000 0.954688 0.849658 2.000000 0.951562 0.845103 2.000000
