0 0.696664 0.518014 0.357266 0.819811 0.582812 0.330969 2.000000 0.596875 0.264775 2.000000 0.559375 0.300236 2.000000 0.667188 0.248227 2.000000 0.000000 0.000000 0.000000 0.760938 0.387707 1.000000 0.651563 0.444444 2.000000 0.000000 0.000000 0.000000 0.000000 0.000000 0.000000 0.000000 0.000000 0.000000 0.000000 0.000000 0.000000 0.000000 0.000000 0.000000 0.000000 0.000000 0.000000 0.000000 0.000000 0.000000 0.000000 0.000000 0.000000 0.000000 0.000000 0.000000 0.000000 0.000000 0.000000
0 0.208141 0.540343 0.416281 0.919314 0.245312 0.345154 2.000000 0.260937 0.290780 2.000000 0.209375 0.278960 2.000000 0.000000 0.000000 0.000000 0.129688 0.283688 2.000000 0.212500 0.460993 2.000000 0.048438 0.598109 1.000000 0.365625 0.565012 1.000000 0.010937 0.966903 2.000000 0.354687 0.425532 2.000000 0.226562 0.789598 1.000000 0.225000 0.891253 1.000000 0.128125 0.995272 2.000000 0.000000 0.000000 0.000000 0.000000 0.000000 0.000000 0.000000 0.000000 0.000000 0.000000 0.000000 0.000000
0 0.061641 0.509740 0.117344 0.377541 0.045312 0.562648 2.000000 0.081250 0.515366 2.000000 0.012500 0.489362 2.000000 0.000000 0.000000 0.000000 0.000000 0.000000 0.000000 0.000000 0.000000 0.000000 0.000000 0.000000 0.000000 0.000000 0.000000 0.000000 0.000000 0.000000 0.000000 0.000000 0.000000 0.000000 0.000000 0.000000 0.000000 0.000000 0.000000 0.000000 0.000000 0.000000 0.000000 0.000000 0.000000 0.000000 0.000000 0.000000 0.000000 0.000000 0.000000 0.000000 0.000000 0.000000 0.000000
0 0.451328 0.224894 0.116719 0.447329 0.482812 0.075650 2.000000 0.000000 0.000000 0.000000 0.481250 0.061466 2.000000 0.000000 0.000000 0.000000 0.450000 0.059102 2.000000 0.440625 0.127660 2.000000 0.425000 0.125296 2.000000 0.000000 0.000000 0.000000 0.418750 0.229314 2.000000 0.000000 0.000000 0.000000 0.487500 0.184397 2.000000 0.432812 0.314421 2.000000 0.420312 0.314421 2.000000 0.000000 0.000000 0.000000 0.000000 0.000000 0.000000 0.000000 0.000000 0.000000 0.000000 0.000000 0.000000
0 0.096188 0.045437 0.071250 0.090875 0.000000 0.000000 0.000000 0.000000 0.000000 0.000000 0.000000 0.000000 0.000000 0.000000 0.000000 0.000000 0.000000 0.000000 0.000000 0.093750 0.042553 2.000000 0.110937 0.037825 2.000000 0.075000 0.089835 1.000000 0.000000 0.000000 0.000000 0.000000 0.000000 0.000000 0.000000 0.000000 0.000000 0.107813 0.127660 1.000000 0.126562 0.122931 1.000000 0.000000 0.000000 0.000000 0.000000 0.000000 0.000000 0.000000 0.000000 0.000000 0.000000 0.000000 0.000000
0 0.275695 0.093499 0.114953 0.186998 0.237500 0.073286 2.000000 0.237500 0.061466 2.000000 0.000000 0.000000 0.000000 0.264062 0.056738 2.000000 0.000000 0.000000 0.000000 0.273438 0.111111 2.000000 0.278125 0.104019 2.000000 0.000000 0.000000 0.000000 0.000000 0.000000 0.000000 0.000000 0.000000 0.000000 0.000000 0.000000 0.000000 0.000000 0.000000 0.000000 0.000000 0.000000 0.000000 0.000000 0.000000 0.000000 0.000000 0.000000 0.000000 0.000000 0.000000 0.000000 0.000000 0.000000 0.000000
0 0.754211 0.150946 0.119172 0.301891 0.732812 0.054374 2.000000 0.739062 0.049645 2.000000 0.000000 0.000000 0.000000 0.762500 0.061466 2.000000 0.000000 0.000000 0.000000 0.778125 0.132388 1.000000 0.737500 0.099291 1.000000 0.000000 0.000000 0.000000 0.000000 0.000000 0.000000 0.000000 0.000000 0.000000 0.000000 0.000000 0.000000 0.000000 0.000000 0.000000 0.000000 0.000000 0.000000 0.000000 0.000000 0.000000 0.000000 0.000000 0.000000 0.000000 0.000000 0.000000 0.000000 0.000000 0.000000
0 0.857883 0.549693 0.284234 0.872199 0.839063 0.456265 2.000000 0.898438 0.375887 2.000000 0.796875 0.416076 2.000000 0.993750 0.423168 2.000000 0.770312 0.517730 2.000000 0.000000 0.000000 0.000000 0.851562 0.832151 2.000000 0.000000 0.000000 0.000000 0.000000 0.000000 0.000000 0.000000 0.000000 0.000000 0.000000 0.000000 0.000000 0.000000 0.000000 0.000000 0.000000 0.000000 0.000000 0.000000 0.000000 0.000000 0.000000 0.000000 0.000000 0.000000 0.000000 0.000000 0.000000 0.000000 0.000000
0 0.873906 0.061312 0.141969 0.118511 0.000000 0.000000 0.000000 0.000000 0.000000 0.000000 0.000000 0.000000 0.000000 0.000000 0.000000 0.000000 0.000000 0.000000 0.000000 0.860938 0.033097 2.000000 0.865625 0.042553 2.000000 0.887500 0.096927 2.000000 0.890625 0.125296 1.000000 0.912500 0.047281 2.000000 0.917188 0.068558 2.000000 0.837500 0.141844 1.000000 0.843750 0.151300 1.000000 0.000000 0.000000 0.000000 0.000000 0.000000 0.000000 0.000000 0.000000 0.000000 0.000000 0.000000 0.000000
0 0.045617 0.095095 0.091234 0.180165 0.009375 0.056738 1.000000 0.000000 0.000000 0.000000 0.000000 0.047281 1.000000 0.000000 0.000000 0.000000 0.000000 0.000000 0.000000 0.021875 0.082742 2.000000 0.000000 0.000000 0.000000 0.056250 0.122931 2.000000 0.000000 0.000000 0.000000 0.096875 0.125296 1.000000 0.000000 0.000000 0.000000 0.000000 0.000000 0.000000 0.000000 0.000000 0.000000 0.000000 0.000000 0.000000 0.000000 0.000000 0.000000 0.000000 0.000000 0.000000 0.000000 0.000000 0.000000
