0 0.498594 0.524719 0.337188 0.667424 0.000000 0.000000 0.000000 0.000000 0.000000 0.000000 0.000000 0.000000 0.000000 0.000000 0.000000 0.000000 0.000000 0.000000 0.000000 0.471875 0.330211 2.000000 0.543750 0.323185 2.000000 0.000000 0.000000 0.000000 0.606250 0.405152 2.000000 0.000000 0.000000 0.000000 0.000000 0.000000 0.000000 0.496875 0.522248 2.000000 0.546875 0.524590 2.000000 0.409375 0.660422 2.000000 0.582812 0.669789 2.000000 0.370312 0.812646 2.000000 0.650000 0.819672 2.000000
0 0.840578 0.621077 0.284000 0.474754 0.829688 0.451991 2.000000 0.845313 0.433255 2.000000 0.000000 0.000000 0.000000 0.870313 0.449649 2.000000 0.000000 0.000000 0.000000 0.868750 0.489461 2.000000 0.906250 0.494145 2.000000 0.793750 0.559719 2.000000 0.964063 0.590164 2.000000 0.728125 0.501171 2.000000 0.000000 0.000000 0.000000 0.917188 0.704918 2.000000 0.940625 0.683841 2.000000 0.785937 0.702576 2.000000 0.823438 0.660422 2.000000 0.895312 0.793911 2.000000 0.909375 0.793911 2.000000
0 0.630453 0.461429 0.076469 0.208993 0.000000 0.000000 0.000000 0.000000 0.000000 0.000000 0.000000 0.000000 0.000000 0.000000 0.000000 0.000000 0.000000 0.000000 0.000000 0.000000 0.000000 0.000000 0.585938 0.362998 1.000000 0.000000 0.000000 0.000000 0.000000 0.000000 0.000000 0.000000 0.000000 0.000000 0.000000 0.000000 0.000000 0.625000 0.430913 2.000000 0.660937 0.421546 2.000000 0.606250 0.557377 1.000000 0.642188 0.555035 1.000000 0.000000 0.000000 0.000000 0.000000 0.000000 0.000000
0 0.647320 0.326206 0.091734 0.236862 0.000000 0.000000 0.000000 0.648438 0.248244 2.000000 0.639062 0.248244 2.000000 0.000000 0.000000 0.000000 0.000000 0.000000 0.000000 0.673438 0.299766 2.000000 0.621875 0.302108 2.000000 0.667188 0.358314 2.000000 0.000000 0.000000 0.000000 0.646875 0.292740 2.000000 0.000000 0.000000 0.000000 0.657813 0.405152 1.000000 0.628125 0.405152 1.000000 0.000000 0.000000 0.000000 0.000000 0.000000 0.000000 0.000000 0.000000 0.000000 0.000000 0.000000 0.000000
0 0.760281 0.380515 0.092125 0.272927 0.750000 0.290398 2.000000 0.754687 0.281030 2.000000 0.746875 0.281030 2.000000 0.762500 0.285714 2.000000 0.739062 0.283372 2.000000 0.779687 0.327869 2.000000 0.731250 0.330211 2.000000 0.770312 0.393443 2.000000 0.000000 0.000000 0.000000 0.751563 0.372365 2.000000 0.000000 0.000000 0.000000 0.782813 0.430913 2.000000 0.000000 0.000000 0.000000 0.000000 0.000000 0.000000 0.000000 0.000000 0.000000 0.000000 0.000000 0.000000 0.000000 0.000000 0.000000
0 0.344883 0.363958 0.125609 0.331522 0.357812 0.241218 2.000000 0.362500 0.234192 2.000000 0.353125 0.236534 2.000000 0.375000 0.241218 2.000000 0.000000 0.000000 0.000000 0.389062 0.292740 2.000000 0.340625 0.285714 2.000000 0.393750 0.362998 2.000000 0.329688 0.348946 2.000000 0.354687 0.381733 2.000000 0.323437 0.367681 2.000000 0.378125 0.407494 2.000000 0.346875 0.400468 2.000000 0.362500 0.393443 2.000000 0.295312 0.395785 2.000000 0.365625 0.491803 2.000000 0.310937 0.489461 2.000000
0 0.423867 0.382752 0.079953 0.281054 0.464062 0.264637 1.000000 0.467187 0.252927 1.000000 0.459375 0.252927 2.000000 0.000000 0.000000 0.000000 0.000000 0.000000 0.000000 0.000000 0.000000 0.000000 0.445312 0.297424 2.000000 0.000000 0.000000 0.000000 0.431250 0.348946 2.000000 0.000000 0.000000 0.000000 0.440625 0.398126 1.000000 0.000000 0.000000 0.000000 0.451562 0.400468 1.000000 0.000000 0.000000 0.000000 0.410938 0.381733 2.000000 0.000000 0.000000 0.000000 0.412500 0.487119 2.000000
0 0.801375 0.080890 0.076469 0.089883 0.804688 0.063232 2.000000 0.810937 0.058548 2.000000 0.801562 0.056206 2.000000 0.817187 0.065574 2.000000 0.793750 0.060890 2.000000 0.831250 0.107728 2.000000 0.776563 0.098361 2.000000 0.821875 0.159251 1.000000 0.760938 0.147541 1.000000 0.000000 0.000000 0.000000 0.000000 0.000000 0.000000 0.000000 0.000000 0.000000 0.000000 0.000000 0.000000 0.000000 0.000000 0.000000 0.000000 0.000000 0.000000 0.000000 0.000000 0.000000 0.000000 0.000000 0.000000
0 0.048844 0.344180 0.090312 0.277728 0.023438 0.255269 2.000000 0.025000 0.248244 2.000000 0.000000 0.000000 0.000000 0.037500 0.248244 2.000000 0.000000 0.000000 0.000000 0.071875 0.281030 2.000000 0.031250 0.269321 2.000000 0.076563 0.341920 2.000000 0.014063 0.330211 2.000000 0.043750 0.377049 2.000000 0.031250 0.355972 2.000000 0.081250 0.374707 1.000000 0.045312 0.374707 2.000000 0.071875 0.365340 1.000000 0.003125 0.362998 1.000000 0.048438 0.461358 2.000000 0.021875 0.456674 1.000000
0 0.310109 0.054110 0.098844 0.101944 0.295312 0.025761 2.000000 0.300000 0.021077 2.000000 0.000000 0.000000 0.000000 0.317188 0.023419 2.000000 0.000000 0.000000 0.000000 0.337500 0.070258 2.000000 0.287500 0.053864 2.000000 0.000000 0.000000 0.000000 0.268750 0.016393 2.000000 0.000000 0.000000 0.000000 0.295312 0.000000 1.000000 0.000000 0.000000 0.000000 0.000000 0.000000 0.000000 0.000000 0.000000 0.000000 0.000000 0.000000 0.000000 0.000000 0.000000 0.000000 0.000000 0.000000 0.000000
