0 0.496432 0.573203 0.400747 0.563063 0.564315 0.359375 2.000000 0.000000 0.000000 0.000000 0.543568 0.348438 2.000000 0.000000 0.000000 0.000000 0.497925 0.345313 1.000000 0.595436 0.404687 2.000000 0.454357 0.407813 2.000000 0.524896 0.475000 2.000000 0.358921 0.462500 2.000000 0.398340 0.439063 2.000000 0.327801 0.429688 2.000000 0.630705 0.590625 2.000000 0.516598 0.589063 2.000000 0.512448 0.734375 2.000000 0.417012 0.726562 2.000000 0.446058 0.904687 1.000000 0.535270 0.846875 1.000000
0 0.107697 0.590820 0.152863 0.394078 0.141079 0.431250 2.000000 0.147303 0.426563 2.000000 0.130705 0.426563 2.000000 0.000000 0.000000 0.000000 0.105809 0.428125 2.000000 0.153527 0.471875 2.000000 0.080913 0.473438 2.000000 0.000000 0.000000 0.000000 0.053942 0.534375 2.000000 0.000000 0.000000 0.000000 0.064315 0.585938 2.000000 0.126556 0.589063 2.000000 0.082988 0.589063 2.000000 0.116183 0.668750 2.000000 0.074689 0.668750 2.000000 0.107884 0.751563 1.000000 0.058091 0.759375 2.000000
0 0.948807 0.532922 0.101971 0.092281 0.977178 0.520312 2.000000 0.985477 0.514062 2.000000 0.968880 0.514062 2.000000 0.000000 0.000000 0.000000 0.948133 0.515625 2.000000 0.000000 0.000000 0.000000 0.921162 0.545312 2.000000 0.000000 0.000000 0.000000 0.900415 0.590625 1.000000 0.000000 0.000000 0.000000 0.000000 0.000000 0.000000 0.000000 0.000000 0.000000 0.000000 0.000000 0.000000 0.000000 0.000000 0.000000 0.000000 0.000000 0.000000 0.000000 0.000000 0.000000 0.000000 0.000000 0.000000
0 0.876079 0.440625 0.109502 0.106094 0.875519 0.410938 2.000000 0.881743 0.409375 2.000000 0.867220 0.409375 2.000000 0.890041 0.414062 2.000000 0.854772 0.414062 2.000000 0.923237 0.450000 1.000000 0.829876 0.454688 2.000000 0.931535 0.496875 1.000000 0.825726 0.498437 1.000000 0.894191 0.459375 1.000000 0.834025 0.462500 2.000000 0.902490 0.509375 1.000000 0.863071 0.510938 1.000000 0.000000 0.000000 0.000000 0.000000 0.000000 0.000000 0.000000 0.000000 0.000000 0.000000 0.000000 0.000000
0 0.861691 0.537656 0.119896 0.090750 0.860996 0.523438 2.000000 0.871369 0.517188 2.000000 0.850622 0.518750 2.000000 0.877593 0.518750 2.000000 0.834025 0.518750 2.000000 0.906639 0.553125 2.000000 0.815353 0.553125 2.000000 0.000000 0.000000 0.000000 0.000000 0.000000 0.000000 0.000000 0.000000 0.000000 0.000000 0.000000 0.000000 0.000000 0.000000 0.000000 0.000000 0.000000 0.000000 0.000000 0.000000 0.000000 0.000000 0.000000 0.000000 0.000000 0.000000 0.000000 0.000000 0.000000 0.000000
0 0.743434 0.532563 0.121390 0.087438 0.742739 0.514062 2.000000 0.748963 0.509375 2.000000 0.732365 0.510938 2.000000 0.757261 0.514062 2.000000 0.717842 0.515625 2.000000 0.786307 0.551562 2.000000 0.703320 0.553125 2.000000 0.000000 0.000000 0.000000 0.000000 0.000000 0.000000 0.000000 0.000000 0.000000 0.000000 0.000000 0.000000 0.000000 0.000000 0.000000 0.000000 0.000000 0.000000 0.000000 0.000000 0.000000 0.000000 0.000000 0.000000 0.000000 0.000000 0.000000 0.000000 0.000000 0.000000
0 0.687334 0.506164 0.078610 0.105078 0.676349 0.484375 2.000000 0.684647 0.481250 2.000000 0.668050 0.481250 2.000000 0.690871 0.484375 2.000000 0.655602 0.484375 2.000000 0.709544 0.514062 1.000000 0.632780 0.515625 1.000000 0.709544 0.560937 1.000000 0.632780 0.556250 1.000000 0.000000 0.000000 0.000000 0.000000 0.000000 0.000000 0.699170 0.575000 1.000000 0.645228 0.576562 1.000000 0.000000 0.000000 0.000000 0.000000 0.000000 0.000000 0.000000 0.000000 0.000000 0.000000 0.000000 0.000000
0 0.743838 0.453969 0.075062 0.092625 0.761411 0.435937 2.000000 0.765560 0.431250 2.000000 0.755187 0.431250 2.000000 0.778008 0.432812 2.000000 0.740664 0.437500 2.000000 0.790456 0.459375 1.000000 0.721992 0.467187 2.000000 0.000000 0.000000 0.000000 0.000000 0.000000 0.000000 0.000000 0.000000 0.000000 0.000000 0.000000 0.000000 0.000000 0.000000 0.000000 0.000000 0.000000 0.000000 0.000000 0.000000 0.000000 0.000000 0.000000 0.000000 0.000000 0.000000 0.000000 0.000000 0.000000 0.000000
0 0.799004 0.498258 0.083112 0.113109 0.798755 0.475000 2.000000 0.807054 0.468750 2.000000 0.792531 0.468750 2.000000 0.817427 0.470313 2.000000 0.775934 0.468750 2.000000 0.834025 0.503125 2.000000 0.767635 0.504687 2.000000 0.000000 0.000000 0.000000 0.000000 0.000000 0.000000 0.000000 0.000000 0.000000 0.000000 0.000000 0.000000 0.000000 0.000000 0.000000 0.000000 0.000000 0.000000 0.000000 0.000000 0.000000 0.000000 0.000000 0.000000 0.000000 0.000000 0.000000 0.000000 0.000000 0.000000
0 0.957355 0.457266 0.085290 0.093188 0.946058 0.450000 2.000000 0.956432 0.448437 2.000000 0.943983 0.445312 2.000000 0.985477 0.439063 2.000000 0.000000 0.000000 0.000000 0.000000 0.000000 0.000000 0.923237 0.453125 2.000000 0.000000 0.000000 0.000000 0.000000 0.000000 0.000000 0.000000 0.000000 0.000000 0.000000 0.000000 0.000000 0.989627 0.510938 1.000000 0.935685 0.509375 1.000000 0.000000 0.000000 0.000000 0.000000 0.000000 0.000000 0.000000 0.000000 0.000000 0.000000 0.000000 0.000000
