0 0.415234 0.896507 0.094406 0.203902 0.395313 0.834112 2.000000 0.401562 0.827103 2.000000 0.000000 0.000000 0.000000 0.426563 0.841121 2.000000 0.000000 0.000000 0.000000 0.410938 0.908879 2.000000 0.454688 0.887850 1.000000 0.000000 0.000000 0.000000 0.000000 0.000000 0.000000 0.000000 0.000000 0.000000 0.000000 0.000000 0.000000 0.000000 0.000000 0.000000 0.000000 0.000000 0.000000 0.000000 0.000000 0.000000 0.000000 0.000000 0.000000 0.000000 0.000000 0.000000 0.000000 0.000000 0.000000
0 0.481148 0.906519 0.051016 0.184860 0.000000 0.000000 0.000000 0.000000 0.000000 0.000000 0.000000 0.000000 0.000000 0.000000 0.000000 0.000000 0.000000 0.000000 0.000000 0.476562 0.810748 1.000000 0.484375 0.810748 1.000000 0.481250 0.880841 2.000000 0.000000 0.000000 0.000000 0.471875 0.932243 2.000000 0.000000 0.000000 0.000000 0.470313 0.953271 2.000000 0.481250 0.950935 2.000000 0.000000 0.000000 0.000000 0.000000 0.000000 0.000000 0.000000 0.000000 0.000000 0.000000 0.000000 0.000000
0 0.308102 0.923984 0.125391 0.152033 0.248438 0.927570 2.000000 0.000000 0.000000 0.000000 0.254688 0.915888 2.000000 0.285938 0.939252 2.000000 0.000000 0.000000 0.000000 0.000000 0.000000 0.000000 0.000000 0.000000 0.000000 0.000000 0.000000 0.000000 0.000000 0.000000 0.000000 0.000000 0.000000 0.000000 0.000000 0.000000 0.000000 0.000000 0.000000 0.000000 0.000000 0.000000 0.000000 0.000000 0.000000 0.000000 0.000000 0.000000 0.000000 0.000000 0.000000 0.000000 0.000000 0.000000 0.000000
0 0.301055 0.808446 0.068328 0.194089 0.287500 0.745327 2.000000 0.293750 0.738318 2.000000 0.287500 0.738318 2.000000 0.303125 0.742991 2.000000 0.000000 0.000000 0.000000 0.290625 0.792056 2.000000 0.321875 0.778037 2.000000 0.270313 0.838785 2.000000 0.328125 0.829439 2.000000 0.273438 0.794393 2.000000 0.328125 0.876168 2.000000 0.298438 0.897196 1.000000 0.323437 0.892523 1.000000 0.000000 0.000000 0.000000 0.000000 0.000000 0.000000 0.000000 0.000000 0.000000 0.000000 0.000000 0.000000
0 0.156273 0.848166 0.104859 0.299696 0.000000 0.000000 0.000000 0.000000 0.000000 0.000000 0.000000 0.000000 0.000000 0.000000 0.000000 0.000000 0.168750 0.750000 2.000000 0.110937 0.813084 2.000000 0.184375 0.815421 2.000000 0.000000 0.000000 0.000000 0.195312 0.901869 2.000000 0.000000 0.000000 0.000000 0.200000 0.962617 2.000000 0.000000 0.000000 0.000000 0.000000 0.000000 0.000000 0.000000 0.000000 0.000000 0.000000 0.000000 0.000000 0.000000 0.000000 0.000000 0.000000 0.000000 0.000000
0 0.204273 0.835549 0.072641 0.327033 0.000000 0.000000 0.000000 0.000000 0.000000 0.000000 0.000000 0.000000 0.000000 0.000000 0.000000 0.000000 0.000000 0.000000 0.000000 0.223438 0.759346 2.000000 0.217188 0.740654 2.000000 0.212500 0.799065 2.000000 0.201563 0.775701 2.000000 0.179688 0.787383 2.000000 0.178125 0.782710 2.000000 0.221875 0.843458 1.000000 0.214062 0.852804 1.000000 0.210938 0.936916 2.000000 0.204687 0.936916 1.000000 0.000000 0.000000 0.000000 0.000000 0.000000 0.000000
0 0.662453 0.850596 0.056656 0.270584 0.664062 0.750000 2.000000 0.667188 0.742991 2.000000 0.660937 0.740654 2.000000 0.678125 0.745327 2.000000 0.000000 0.000000 0.000000 0.678125 0.778037 2.000000 0.664062 0.771028 2.000000 0.651563 0.824766 2.000000 0.664062 0.827103 2.000000 0.643750 0.785047 2.000000 0.656250 0.796729 2.000000 0.665625 0.880841 2.000000 0.653125 0.869159 2.000000 0.651563 0.957944 1.000000 0.650000 0.948598 1.000000 0.000000 0.000000 0.000000 0.000000 0.000000 0.000000
0 0.529000 0.755864 0.041531 0.185514 0.000000 0.000000 0.000000 0.000000 0.000000 0.000000 0.539062 0.679907 2.000000 0.000000 0.000000 0.000000 0.534375 0.679907 2.000000 0.518750 0.698598 2.000000 0.539062 0.703271 2.000000 0.514062 0.721963 2.000000 0.542188 0.728972 2.000000 0.000000 0.000000 0.000000 0.000000 0.000000 0.000000 0.517188 0.759346 2.000000 0.534375 0.764019 2.000000 0.515625 0.799065 2.000000 0.534375 0.794393 2.000000 0.515625 0.834112 1.000000 0.529687 0.829439 2.000000
0 0.083508 0.720713 0.083172 0.172220 0.000000 0.000000 0.000000 0.000000 0.000000 0.000000 0.000000 0.000000 0.000000 0.073438 0.665888 1.000000 0.095312 0.663551 2.000000 0.057813 0.714953 2.000000 0.109375 0.710280 2.000000 0.045312 0.771028 1.000000 0.117188 0.768692 1.000000 0.000000 0.000000 0.000000 0.000000 0.000000 0.000000 0.065625 0.813084 1.000000 0.107813 0.813084 1.000000 0.000000 0.000000 0.000000 0.000000 0.000000 0.000000 0.000000 0.000000 0.000000 0.000000 0.000000 0.000000
0 0.050531 0.824007 0.101063 0.351986 0.000000 0.000000 0.000000 0.000000 0.000000 0.000000 0.000000 0.000000 0.000000 0.000000 0.000000 0.000000 0.000000 0.000000 0.000000 0.000000 0.000000 0.000000 0.071875 0.801402 2.000000 0.000000 0.000000 0.000000 0.000000 0.000000 0.000000 0.000000 0.000000 0.000000 0.000000 0.000000 0.000000 0.006250 0.983645 2.000000 0.050000 0.978972 2.000000 0.000000 0.000000 0.000000 0.000000 0.000000 0.000000 0.000000 0.000000 0.000000 0.000000 0.000000 0.000000
0 0.135508 0.916741 0.099891 0.166519 0.000000 0.000000 0.000000 0.090625 0.934579 2.000000 0.000000 0.000000 0.000000 0.114062 0.948598 2.000000 0.000000 0.000000 0.000000 0.000000 0.000000 0.000000 0.000000 0.000000 0.000000 0.000000 0.000000 0.000000 0.000000 0.000000 0.000000 0.000000 0.000000 0.000000 0.000000 0.000000 0.000000 0.000000 0.000000 0.000000 0.000000 0.000000 0.000000 0.000000 0.000000 0.000000 0.000000 0.000000 0.000000 0.000000 0.000000 0.000000 0.000000 0.000000 0.000000
0 0.715133 0.929603 0.101453 0.140794 0.690625 0.939252 2.000000 0.703125 0.920561 2.000000 0.685937 0.918224 2.000000 0.731250 0.934579 2.000000 0.000000 0.000000 0.000000 0.751563 0.995327 2.000000 0.681250 0.990654 2.000000 0.000000 0.000000 0.000000 0.000000 0.000000 0.000000 0.000000 0.000000 0.000000 0.000000 0.000000 0.000000 0.000000 0.000000 0.000000 0.000000 0.000000 0.000000 0.000000 0.000000 0.000000 0.000000 0.000000 0.000000 0.000000 0.000000 0.000000 0.000000 0.000000 0.000000
