0 0.392953 0.537166 0.247938 0.702717 0.493750 0.269321 2.000000 0.000000 0.000000 0.000000 0.489063 0.257611 2.000000 0.000000 0.000000 0.000000 0.467187 0.259953 2.000000 0.421875 0.313817 2.000000 0.437500 0.323185 2.000000 0.376563 0.426230 2.000000 0.415625 0.428571 2.000000 0.423438 0.503513 2.000000 0.475000 0.515222 2.000000 0.412500 0.508197 2.000000 0.392188 0.498829 2.000000 0.459375 0.660422 2.000000 0.370312 0.683841 2.000000 0.453125 0.843091 2.000000 0.270313 0.805621 1.000000
0 0.353898 0.327717 0.057453 0.265972 0.000000 0.000000 0.000000 0.357812 0.217799 2.000000 0.350000 0.217799 2.000000 0.000000 0.000000 0.000000 0.340625 0.222482 2.000000 0.364063 0.257611 2.000000 0.331250 0.262295 2.000000 0.000000 0.000000 0.000000 0.000000 0.000000 0.000000 0.000000 0.000000 0.000000 0.000000 0.000000 0.000000 0.000000 0.000000 0.000000 0.000000 0.000000 0.000000 0.371875 0.348946 1.000000 0.346875 0.351288 1.000000 0.368750 0.430913 2.000000 0.345313 0.433255 2.000000
0 0.242547 0.554110 0.168656 0.722600 0.284375 0.257611 2.000000 0.000000 0.000000 0.000000 0.279687 0.245902 2.000000 0.000000 0.000000 0.000000 0.256250 0.243560 2.000000 0.201563 0.318501 2.000000 0.273438 0.306792 2.000000 0.190625 0.444965 2.000000 0.318750 0.386417 2.000000 0.171875 0.538642 2.000000 0.000000 0.000000 0.000000 0.212500 0.489461 2.000000 0.256250 0.496487 2.000000 0.235937 0.693208 2.000000 0.281250 0.693208 2.000000 0.254688 0.868852 2.000000 0.195312 0.817330 2.000000
0 0.837727 0.434075 0.158578 0.468618 0.793750 0.248244 2.000000 0.796875 0.241218 2.000000 0.000000 0.000000 0.000000 0.804688 0.243560 2.000000 0.000000 0.000000 0.000000 0.801562 0.290398 2.000000 0.845313 0.290398 2.000000 0.787500 0.353630 2.000000 0.873437 0.348946 2.000000 0.778125 0.379391 2.000000 0.843750 0.372365 2.000000 0.817187 0.414520 2.000000 0.845313 0.416862 2.000000 0.818750 0.540984 2.000000 0.806250 0.538642 2.000000 0.882812 0.522248 2.000000 0.795312 0.627635 2.000000
0 0.763188 0.138689 0.060000 0.140047 0.000000 0.000000 0.000000 0.000000 0.000000 0.000000 0.000000 0.000000 0.000000 0.000000 0.000000 0.000000 0.000000 0.000000 0.000000 0.770312 0.126464 2.000000 0.740625 0.117096 2.000000 0.782813 0.173302 2.000000 0.737500 0.163934 1.000000 0.748437 0.173302 2.000000 0.725000 0.163934 1.000000 0.771875 0.199063 1.000000 0.748437 0.189696 2.000000 0.000000 0.000000 0.000000 0.000000 0.000000 0.000000 0.000000 0.000000 0.000000 0.000000 0.000000 0.000000
0 0.708609 0.128103 0.061750 0.135457 0.706250 0.091335 2.000000 0.710938 0.086651 2.000000 0.701562 0.086651 2.000000 0.717187 0.081967 2.000000 0.695312 0.079625 2.000000 0.725000 0.107728 2.000000 0.681250 0.107728 1.000000 0.735938 0.149883 2.000000 0.681250 0.156909 2.000000 0.731250 0.166276 1.000000 0.709375 0.166276 2.000000 0.720313 0.170960 1.000000 0.693750 0.170960 2.000000 0.739062 0.177986 1.000000 0.681250 0.177986 1.000000 0.742188 0.217799 1.000000 0.681250 0.220141 1.000000
0 0.130641 0.106745 0.106656 0.133677 0.128125 0.079625 2.000000 0.129688 0.070258 2.000000 0.123438 0.072600 2.000000 0.142187 0.074941 2.000000 0.112500 0.077283 2.000000 0.148438 0.110070 2.000000 0.103125 0.112412 2.000000 0.175000 0.161593 2.000000 0.090625 0.163934 2.000000 0.000000 0.000000 0.000000 0.000000 0.000000 0.000000 0.000000 0.000000 0.000000 0.000000 0.000000 0.000000 0.000000 0.000000 0.000000 0.000000 0.000000 0.000000 0.000000 0.000000 0.000000 0.000000 0.000000 0.000000
0 0.188211 0.324485 0.097453 0.337026 0.000000 0.000000 0.000000 0.000000 0.000000 0.000000 0.000000 0.000000 0.000000 0.189062 0.194379 2.000000 0.000000 0.000000 0.000000 0.168750 0.250585 2.000000 0.226562 0.248244 2.000000 0.150000 0.327869 2.000000 0.000000 0.000000 0.000000 0.156250 0.372365 1.000000 0.000000 0.000000 0.000000 0.184375 0.395785 1.000000 0.225000 0.395785 1.000000 0.196875 0.475410 1.000000 0.000000 0.000000 0.000000 0.000000 0.000000 0.000000 0.000000 0.000000 0.000000
0 0.091750 0.428536 0.108688 0.255621 0.000000 0.000000 0.000000 0.000000 0.000000 0.000000 0.075000 0.327869 2.000000 0.000000 0.000000 0.000000 0.000000 0.000000 0.000000 0.087500 0.360656 1.000000 0.051562 0.367681 1.000000 0.114062 0.346604 2.000000 0.071875 0.337237 2.000000 0.134375 0.330211 2.000000 0.093750 0.337237 2.000000 0.090625 0.491803 2.000000 0.057813 0.491803 2.000000 0.093750 0.576112 1.000000 0.064062 0.583138 1.000000 0.000000 0.000000 0.000000 0.000000 0.000000 0.000000
0 0.825594 0.110749 0.087313 0.221499 0.812500 0.025761 2.000000 0.814063 0.021077 2.000000 0.807813 0.021077 2.000000 0.000000 0.000000 0.000000 0.801562 0.023419 2.000000 0.828125 0.060890 2.000000 0.790625 0.056206 2.000000 0.845313 0.100703 2.000000 0.801562 0.091335 2.000000 0.859375 0.088993 2.000000 0.810937 0.058548 2.000000 0.823438 0.135831 2.000000 0.793750 0.135831 1.000000 0.000000 0.000000 0.000000 0.000000 0.000000 0.000000 0.000000 0.000000 0.000000 0.000000 0.000000 0.000000
0 0.503844 0.365667 0.116906 0.413068 0.000000 0.000000 0.000000 0.000000 0.000000 0.000000 0.000000 0.000000 0.000000 0.000000 0.000000 0.000000 0.000000 0.000000 0.000000 0.498437 0.234192 1.000000 0.521875 0.231850 2.000000 0.489063 0.306792 2.000000 0.545312 0.285714 1.000000 0.000000 0.000000 0.000000 0.000000 0.000000 0.000000 0.495312 0.323185 2.000000 0.520312 0.325527 2.000000 0.471875 0.440281 2.000000 0.473438 0.437939 2.000000 0.476562 0.526932 1.000000 0.543750 0.508197 2.000000
0 0.307484 0.249578 0.053594 0.120000 0.000000 0.000000 0.000000 0.314063 0.222482 2.000000 0.306250 0.222482 2.000000 0.000000 0.000000 0.000000 0.293750 0.222482 2.000000 0.320312 0.252927 2.000000 0.284375 0.255269 1.000000 0.326562 0.297424 2.000000 0.000000 0.000000 0.000000 0.309375 0.304450 2.000000 0.000000 0.000000 0.000000 0.000000 0.000000 0.000000 0.000000 0.000000 0.000000 0.000000 0.000000 0.000000 0.000000 0.000000 0.000000 0.000000 0.000000 0.000000 0.000000 0.000000 0.000000
