0 0.690115 0.723594 0.480307 0.498875 0.654511 0.560937 2.000000 0.683301 0.540625 2.000000 0.652591 0.535937 2.000000 0.754319 0.556250 2.000000 0.000000 0.000000 0.000000 0.819578 0.615625 2.000000 0.673704 0.598437 2.000000 0.731286 0.740625 2.000000 0.520154 0.701562 2.000000 0.642994 0.634375 2.000000 0.499040 0.612500 2.000000 0.798464 0.801562 2.000000 0.683301 0.770312 2.000000 0.000000 0.000000 0.000000 0.568138 0.704688 2.000000 0.000000 0.000000 0.000000 0.625720 0.910937 2.000000
0 0.415451 0.649438 0.378196 0.570781 0.464491 0.478125 2.000000 0.485605 0.459375 2.000000 0.441459 0.457813 2.000000 0.523992 0.462500 2.000000 0.401152 0.454688 2.000000 0.518234 0.525000 1.000000 0.395393 0.503125 2.000000 0.491363 0.718750 1.000000 0.000000 0.000000 0.000000 0.303263 0.706250 2.000000 0.000000 0.000000 0.000000 0.449136 0.734375 2.000000 0.378119 0.721875 2.000000 0.389635 0.760938 2.000000 0.000000 0.000000 0.000000 0.495202 0.871875 2.000000 0.000000 0.000000 0.000000
0 0.268388 0.478344 0.275739 0.425406 0.262956 0.354687 2.000000 0.285988 0.343750 2.000000 0.259117 0.337500 2.000000 0.345489 0.354687 2.000000 0.000000 0.000000 0.000000 0.385797 0.409375 2.000000 0.238004 0.414062 2.000000 0.000000 0.000000 0.000000 0.186180 0.512500 2.000000 0.000000 0.000000 0.000000 0.159309 0.573438 1.000000 0.337812 0.604688 2.000000 0.236084 0.601562 2.000000 0.330134 0.742188 1.000000 0.230326 0.728125 1.000000 0.301344 0.871875 1.000000 0.226488 0.867188 1.000000
0 0.146305 0.720227 0.292610 0.532578 0.000000 0.556250 1.000000 0.015355 0.531250 2.000000 0.000000 0.000000 0.000000 0.094050 0.542188 2.000000 0.000000 0.000000 0.000000 0.176583 0.642188 2.000000 0.019194 0.620313 2.000000 0.000000 0.000000 0.000000 0.000000 0.000000 0.000000 0.000000 0.000000 0.000000 0.000000 0.000000 0.000000 0.170825 0.900000 2.000000 0.046065 0.865625 2.000000 0.074856 0.882812 2.000000 0.000000 0.000000 0.000000 0.000000 0.000000 0.000000 0.000000 0.000000 0.000000
0 0.777102 0.515758 0.445797 0.512891 0.723608 0.370312 2.000000 0.746641 0.356250 2.000000 0.706334 0.350000 2.000000 0.815739 0.346875 2.000000 0.000000 0.000000 0.000000 0.907869 0.404687 2.000000 0.714012 0.398438 2.000000 0.846449 0.510938 2.000000 0.635317 0.518750 2.000000 0.727447 0.446875 2.000000 0.589251 0.448437 2.000000 0.869482 0.581250 2.000000 0.767754 0.571875 1.000000 0.000000 0.000000 0.000000 0.000000 0.000000 0.000000 0.000000 0.000000 0.000000 0.000000 0.000000 0.000000
0 0.898896 0.259633 0.158138 0.223703 0.886756 0.228125 2.000000 0.913628 0.217188 2.000000 0.871401 0.212500 2.000000 0.940499 0.225000 2.000000 0.846449 0.212500 2.000000 0.940499 0.278125 2.000000 0.821497 0.287500 1.000000 0.000000 0.000000 0.000000 0.758157 0.359375 1.000000 0.000000 0.000000 0.000000 0.857965 0.357812 1.000000 0.000000 0.000000 0.000000 0.000000 0.000000 0.000000 0.000000 0.000000 0.000000 0.000000 0.000000 0.000000 0.000000 0.000000 0.000000 0.000000 0.000000 0.000000
0 0.232399 0.208328 0.392860 0.376125 0.170825 0.092188 2.000000 0.197697 0.076563 2.000000 0.155470 0.075000 2.000000 0.251440 0.095312 2.000000 0.000000 0.000000 0.000000 0.310940 0.176563 2.000000 0.168906 0.176563 2.000000 0.310940 0.300000 1.000000 0.115163 0.284375 2.000000 0.165067 0.220312 2.000000 0.063340 0.214062 2.000000 0.266795 0.382812 1.000000 0.180422 0.375000 1.000000 0.000000 0.000000 0.000000 0.000000 0.000000 0.000000 0.000000 0.000000 0.000000 0.000000 0.000000 0.000000
0 0.350576 0.107180 0.149060 0.211234 0.293666 0.048438 2.000000 0.316699 0.037500 2.000000 0.289827 0.029687 2.000000 0.366603 0.060937 2.000000 0.000000 0.000000 0.000000 0.412668 0.145313 1.000000 0.276392 0.135937 1.000000 0.000000 0.000000 0.000000 0.000000 0.000000 0.000000 0.000000 0.000000 0.000000 0.000000 0.000000 0.000000 0.000000 0.000000 0.000000 0.000000 0.000000 0.000000 0.000000 0.000000 0.000000 0.000000 0.000000 0.000000 0.000000 0.000000 0.000000 0.000000 0.000000 0.000000
0 0.779347 0.084109 0.167140 0.168219 0.000000 0.000000 0.000000 0.000000 0.000000 0.000000 0.000000 0.000000 0.000000 0.748560 0.070312 2.000000 0.000000 0.000000 0.000000 0.829175 0.170313 1.000000 0.000000 0.000000 0.000000 0.000000 0.000000 0.000000 0.000000 0.000000 0.000000 0.000000 0.000000 0.000000 0.000000 0.000000 0.000000 0.000000 0.000000 0.000000 0.000000 0.000000 0.000000 0.000000 0.000000 0.000000 0.000000 0.000000 0.000000 0.000000 0.000000 0.000000 0.000000 0.000000 0.000000
0 0.600854 0.209648 0.403129 0.408266 0.591171 0.054688 2.000000 0.614203 0.034375 2.000000 0.581574 0.032813 2.000000 0.679463 0.053125 2.000000 0.000000 0.000000 0.000000 0.744722 0.160938 2.000000 0.587332 0.112500 2.000000 0.677543 0.212500 2.000000 0.443378 0.175000 2.000000 0.579655 0.125000 2.000000 0.435701 0.125000 2.000000 0.000000 0.000000 0.000000 0.000000 0.000000 0.000000 0.000000 0.000000 0.000000 0.000000 0.000000 0.000000 0.000000 0.000000 0.000000 0.000000 0.000000 0.000000
0 0.481507 0.283250 0.175912 0.209594 0.520154 0.220312 2.000000 0.543186 0.214062 2.000000 0.502879 0.204687 2.000000 0.566219 0.225000 1.000000 0.474088 0.192188 1.000000 0.577735 0.279687 1.000000 0.420345 0.231250 2.000000 0.581574 0.353125 1.000000 0.383877 0.289062 1.000000 0.537428 0.376563 2.000000 0.395393 0.332813 1.000000 0.497121 0.415625 1.000000 0.403071 0.395313 1.000000 0.000000 0.000000 0.000000 0.000000 0.000000 0.000000 0.000000 0.000000 0.000000 0.000000 0.000000 0.000000
0 0.108263 0.428883 0.212610 0.267328 0.092131 0.387500 2.000000 0.113244 0.375000 2.000000 0.084453 0.371875 2.000000 0.180422 0.389062 2.000000 0.000000 0.000000 0.000000 0.230326 0.487500 1.000000 0.078695 0.439063 2.000000 0.130518 0.578125 1.000000 0.000000 0.000000 0.000000 0.042226 0.440625 2.000000 0.000000 0.000000 0.000000 0.000000 0.000000 0.000000 0.000000 0.000000 0.000000 0.000000 0.000000 0.000000 0.000000 0.000000 0.000000 0.000000 0.000000 0.000000 0.000000 0.000000 0.000000
