0 0.656423 0.218945 0.117375 0.231703 0.661323 0.145313 2.000000 0.675351 0.134375 2.000000 0.655311 0.134375 2.000000 0.703407 0.145313 2.000000 0.000000 0.000000 0.000000 0.715431 0.184375 1.000000 0.629259 0.187500 2.000000 0.000000 0.000000 0.000000 0.613226 0.256250 1.000000 0.000000 0.000000 0.000000 0.615230 0.309375 1.000000 0.701403 0.328125 1.000000 0.629259 0.328125 1.000000 0.000000 0.000000 0.000000 0.000000 0.000000 0.000000 0.000000 0.000000 0.000000 0.000000 0.000000 0.000000
0 0.494168 0.219109 0.069339 0.070719 0.482966 0.215625 2.000000 0.498998 0.212500 2.000000 0.476954 0.209375 2.000000 0.515030 0.221875 2.000000 0.000000 0.000000 0.000000 0.000000 0.000000 0.000000 0.000000 0.000000 0.000000 0.000000 0.000000 0.000000 0.000000 0.000000 0.000000 0.000000 0.000000 0.000000 0.000000 0.000000 0.000000 0.000000 0.000000 0.000000 0.000000 0.000000 0.000000 0.000000 0.000000 0.000000 0.000000 0.000000 0.000000 0.000000 0.000000 0.000000 0.000000 0.000000 0.000000
0 0.068136 0.224320 0.120561 0.113453 0.096192 0.196875 2.000000 0.106212 0.193750 2.000000 0.086172 0.190625 2.000000 0.124248 0.198437 2.000000 0.000000 0.000000 0.000000 0.120240 0.237500 1.000000 0.062124 0.237500 2.000000 0.000000 0.000000 0.000000 0.008016 0.285938 1.000000 0.000000 0.000000 0.000000 0.040080 0.264062 2.000000 0.100200 0.326562 1.000000 0.058116 0.326562 1.000000 0.000000 0.000000 0.000000 0.000000 0.000000 0.000000 0.000000 0.000000 0.000000 0.000000 0.000000 0.000000
0 0.133898 0.256859 0.181102 0.187688 0.154309 0.220312 2.000000 0.164329 0.212500 2.000000 0.144289 0.212500 2.000000 0.000000 0.000000 0.000000 0.128257 0.203125 2.000000 0.190381 0.248438 2.000000 0.096192 0.245312 2.000000 0.212425 0.310937 2.000000 0.056112 0.301563 2.000000 0.200401 0.315625 2.000000 0.096192 0.312500 2.000000 0.170341 0.343750 2.000000 0.114228 0.345313 2.000000 0.000000 0.000000 0.000000 0.000000 0.000000 0.000000 0.000000 0.000000 0.000000 0.000000 0.000000 0.000000
0 0.224589 0.212133 0.124449 0.176922 0.178357 0.167187 1.000000 0.190381 0.159375 2.000000 0.174349 0.159375 2.000000 0.218437 0.164062 2.000000 0.000000 0.000000 0.000000 0.252505 0.201563 2.000000 0.164329 0.201563 1.000000 0.276553 0.253125 1.000000 0.000000 0.000000 0.000000 0.208417 0.271875 1.000000 0.000000 0.000000 0.000000 0.228457 0.326562 1.000000 0.180361 0.326562 1.000000 0.000000 0.000000 0.000000 0.000000 0.000000 0.000000 0.000000 0.000000 0.000000 0.000000 0.000000 0.000000
0 0.033106 0.216539 0.066212 0.118609 0.000000 0.000000 0.000000 0.004008 0.178125 2.000000 0.000000 0.000000 0.000000 0.026052 0.182812 2.000000 0.000000 0.000000 0.000000 0.046092 0.234375 2.000000 0.000000 0.000000 0.000000 0.000000 0.000000 0.000000 0.000000 0.000000 0.000000 0.000000 0.000000 0.000000 0.000000 0.000000 0.000000 0.036072 0.328125 1.000000 0.000000 0.000000 0.000000 0.000000 0.000000 0.000000 0.000000 0.000000 0.000000 0.000000 0.000000 0.000000 0.000000 0.000000 0.000000
0 0.569659 0.592203 0.826172 0.774031 0.230461 0.298438 2.000000 0.252505 0.282813 2.000000 0.000000 0.000000 0.000000 0.324649 0.298438 2.000000 0.000000 0.000000 0.000000 0.436874 0.359375 2.000000 0.278557 0.351562 2.000000 0.641283 0.476562 2.000000 0.194389 0.406250 2.000000 0.458918 0.550000 2.000000 0.194389 0.490625 2.000000 0.661323 0.484375 2.000000 0.517034 0.487500 2.000000 0.551102 0.717187 2.000000 0.687375 0.564063 2.000000 0.679359 0.906250 2.000000 0.863727 0.409375 2.000000
0 0.574649 0.253297 0.138277 0.170219 0.555110 0.206250 2.000000 0.575150 0.201563 2.000000 0.553106 0.200000 2.000000 0.593186 0.209375 2.000000 0.000000 0.000000 0.000000 0.613226 0.254688 2.000000 0.521042 0.254688 2.000000 0.629259 0.310937 2.000000 0.000000 0.000000 0.000000 0.587174 0.339062 1.000000 0.000000 0.000000 0.000000 0.591182 0.350000 1.000000 0.531062 0.345313 1.000000 0.000000 0.000000 0.000000 0.000000 0.000000 0.000000 0.000000 0.000000 0.000000 0.000000 0.000000 0.000000
0 0.455291 0.248281 0.132024 0.113375 0.408818 0.229687 2.000000 0.418838 0.223438 2.000000 0.402806 0.223438 2.000000 0.448898 0.228125 2.000000 0.000000 0.000000 0.000000 0.472946 0.264062 2.000000 0.390782 0.260937 1.000000 0.000000 0.000000 0.000000 0.000000 0.000000 0.000000 0.000000 0.000000 0.000000 0.000000 0.000000 0.000000 0.000000 0.000000 0.000000 0.000000 0.000000 0.000000 0.000000 0.000000 0.000000 0.000000 0.000000 0.000000 0.000000 0.000000 0.000000 0.000000 0.000000 0.000000
0 0.702455 0.244516 0.088116 0.190906 0.699399 0.195312 2.000000 0.707415 0.187500 2.000000 0.695391 0.187500 2.000000 0.735471 0.187500 2.000000 0.000000 0.000000 0.000000 0.741483 0.235937 1.000000 0.691383 0.234375 2.000000 0.693387 0.281250 2.000000 0.669339 0.301563 2.000000 0.683367 0.232813 2.000000 0.711423 0.287500 2.000000 0.733467 0.329688 2.000000 0.687375 0.326562 2.000000 0.000000 0.000000 0.000000 0.000000 0.000000 0.000000 0.000000 0.000000 0.000000 0.000000 0.000000 0.000000
