0 0.656534 0.583602 0.451335 0.479609 0.482436 0.395313 2.000000 0.496487 0.384375 2.000000 0.000000 0.000000 0.000000 0.538642 0.387500 2.000000 0.000000 0.000000 0.000000 0.592506 0.435937 2.000000 0.529274 0.432812 1.000000 0.709602 0.481250 2.000000 0.585480 0.510938 2.000000 0.676815 0.556250 2.000000 0.533958 0.564063 2.000000 0.688525 0.556250 2.000000 0.590164 0.551562 2.000000 0.721311 0.675000 2.000000 0.536300 0.656250 2.000000 0.838407 0.753125 2.000000 0.524590 0.782813 2.000000
0 0.482728 0.317336 0.131733 0.087297 0.480094 0.296875 2.000000 0.487119 0.290625 2.000000 0.473068 0.290625 2.000000 0.000000 0.000000 0.000000 0.000000 0.000000 0.000000 0.519906 0.317188 2.000000 0.440281 0.315625 2.000000 0.538642 0.345313 1.000000 0.423888 0.343750 2.000000 0.491803 0.343750 2.000000 0.461358 0.335938 2.000000 0.498829 0.373437 1.000000 0.459016 0.371875 1.000000 0.000000 0.000000 0.000000 0.000000 0.000000 0.000000 0.000000 0.000000 0.000000 0.000000 0.000000 0.000000
0 0.478653 0.254680 0.096604 0.093453 0.456674 0.220312 2.000000 0.466042 0.217188 2.000000 0.000000 0.000000 0.000000 0.000000 0.000000 0.000000 0.000000 0.000000 0.000000 0.505855 0.245312 2.000000 0.444965 0.245312 2.000000 0.000000 0.000000 0.000000 0.000000 0.000000 0.000000 0.000000 0.000000 0.000000 0.000000 0.000000 0.000000 0.000000 0.000000 0.000000 0.000000 0.000000 0.000000 0.000000 0.000000 0.000000 0.000000 0.000000 0.000000 0.000000 0.000000 0.000000 0.000000 0.000000 0.000000
0 0.887272 0.257266 0.129297 0.128344 0.000000 0.000000 0.000000 0.000000 0.000000 0.000000 0.000000 0.000000 0.000000 0.000000 0.000000 0.000000 0.000000 0.000000 0.000000 0.915691 0.246875 2.000000 0.854801 0.245312 2.000000 0.936768 0.287500 2.000000 0.838407 0.279687 2.000000 0.882904 0.290625 2.000000 0.887588 0.285938 2.000000 0.000000 0.000000 0.000000 0.000000 0.000000 0.000000 0.000000 0.000000 0.000000 0.000000 0.000000 0.000000 0.000000 0.000000 0.000000 0.000000 0.000000 0.000000
0 0.381885 0.245523 0.102365 0.113422 0.362998 0.210938 2.000000 0.374707 0.206250 2.000000 0.360656 0.204687 2.000000 0.395785 0.212500 2.000000 0.000000 0.000000 0.000000 0.409836 0.235937 2.000000 0.346604 0.237500 2.000000 0.000000 0.000000 0.000000 0.000000 0.000000 0.000000 0.000000 0.000000 0.000000 0.000000 0.000000 0.000000 0.405152 0.296875 2.000000 0.355972 0.296875 1.000000 0.000000 0.000000 0.000000 0.000000 0.000000 0.000000 0.000000 0.000000 0.000000 0.000000 0.000000 0.000000
0 0.420152 0.186336 0.099555 0.109234 0.407494 0.157812 2.000000 0.416862 0.154688 2.000000 0.407494 0.151562 2.000000 0.430913 0.156250 2.000000 0.000000 0.000000 0.000000 0.454333 0.184375 2.000000 0.381733 0.179688 2.000000 0.435597 0.212500 2.000000 0.000000 0.000000 0.000000 0.402810 0.225000 1.000000 0.000000 0.000000 0.000000 0.000000 0.000000 0.000000 0.000000 0.000000 0.000000 0.000000 0.000000 0.000000 0.000000 0.000000 0.000000 0.000000 0.000000 0.000000 0.000000 0.000000 0.000000
0 0.139169 0.265664 0.115667 0.099109 0.126464 0.232813 2.000000 0.133489 0.231250 2.000000 0.000000 0.000000 0.000000 0.156909 0.237500 2.000000 0.000000 0.000000 0.000000 0.177986 0.262500 2.000000 0.117096 0.260937 2.000000 0.189696 0.293750 2.000000 0.100703 0.292187 2.000000 0.163934 0.298438 2.000000 0.119438 0.298438 2.000000 0.000000 0.000000 0.000000 0.000000 0.000000 0.000000 0.000000 0.000000 0.000000 0.000000 0.000000 0.000000 0.000000 0.000000 0.000000 0.000000 0.000000 0.000000
0 0.551909 0.112500 0.124145 0.110156 0.566745 0.087500 2.000000 0.000000 0.000000 0.000000 0.557377 0.081250 2.000000 0.000000 0.000000 0.000000 0.536300 0.087500 2.000000 0.587822 0.114062 2.000000 0.505855 0.117188 2.000000 0.604215 0.148438 2.000000 0.503513 0.159375 1.000000 0.571429 0.159375 2.000000 0.000000 0.000000 0.000000 0.571429 0.185938 1.000000 0.517564 0.185938 1.000000 0.000000 0.000000 0.000000 0.000000 0.000000 0.000000 0.000000 0.000000 0.000000 0.000000 0.000000 0.000000
0 0.059637 0.294594 0.082319 0.155719 0.056206 0.237500 2.000000 0.063232 0.232813 2.000000 0.049180 0.232813 1.000000 0.079625 0.235937 2.000000 0.000000 0.000000 0.000000 0.088993 0.257812 2.000000 0.035129 0.253125 2.000000 0.065574 0.285938 2.000000 0.000000 0.000000 0.000000 0.035129 0.259375 2.000000 0.000000 0.000000 0.000000 0.063232 0.312500 2.000000 0.030445 0.309375 2.000000 0.000000 0.000000 0.000000 0.000000 0.000000 0.000000 0.000000 0.000000 0.000000 0.000000 0.000000 0.000000
0 0.883653 0.326836 0.115597 0.071984 0.866511 0.312500 2.000000 0.875878 0.307812 2.000000 0.859485 0.306250 2.000000 0.882904 0.307812 2.000000 0.000000 0.000000 0.000000 0.920375 0.325000 2.000000 0.840749 0.326562 2.000000 0.927400 0.356250 2.000000 0.838407 0.357812 2.000000 0.885246 0.359375 2.000000 0.880562 0.357812 2.000000 0.000000 0.000000 0.000000 0.000000 0.000000 0.000000 0.000000 0.000000 0.000000 0.000000 0.000000 0.000000 0.000000 0.000000 0.000000 0.000000 0.000000 0.000000
0 0.229321 0.312102 0.101780 0.094047 0.201405 0.287500 2.000000 0.210773 0.281250 2.000000 0.199063 0.282813 2.000000 0.234192 0.282813 2.000000 0.000000 0.000000 0.000000 0.262295 0.309375 1.000000 0.189696 0.309375 2.000000 0.266979 0.350000 1.000000 0.192037 0.346875 1.000000 0.000000 0.000000 0.000000 0.000000 0.000000 0.000000 0.000000 0.000000 0.000000 0.000000 0.000000 0.000000 0.000000 0.000000 0.000000 0.000000 0.000000 0.000000 0.000000 0.000000 0.000000 0.000000 0.000000 0.000000
