0 0.797297 0.645188 0.154781 0.660921 0.757812 0.364017 2.000000 0.767188 0.351464 2.000000 0.748437 0.355649 2.000000 0.787500 0.366109 2.000000 0.740625 0.368201 2.000000 0.812500 0.422594 2.000000 0.734375 0.441423 2.000000 0.860938 0.514644 2.000000 0.732812 0.500000 2.000000 0.826562 0.596234 2.000000 0.000000 0.000000 0.000000 0.785937 0.629707 2.000000 0.742188 0.627615 2.000000 0.771875 0.755230 2.000000 0.757812 0.748954 2.000000 0.779687 0.926778 2.000000 0.765625 0.876569 2.000000
0 0.669305 0.610764 0.111297 0.568347 0.660937 0.391213 2.000000 0.668750 0.378661 2.000000 0.650000 0.380753 2.000000 0.682813 0.382845 2.000000 0.000000 0.000000 0.000000 0.707812 0.453975 2.000000 0.623437 0.449791 2.000000 0.714063 0.539749 2.000000 0.000000 0.000000 0.000000 0.707812 0.621339 2.000000 0.000000 0.000000 0.000000 0.689063 0.633891 2.000000 0.634375 0.631799 2.000000 0.684375 0.755230 2.000000 0.635938 0.748954 2.000000 0.673438 0.849372 2.000000 0.634375 0.838912 2.000000
0 0.557938 0.626590 0.165906 0.624728 0.546875 0.372385 2.000000 0.553125 0.359833 2.000000 0.535937 0.361925 2.000000 0.568750 0.370293 2.000000 0.528125 0.372385 2.000000 0.600000 0.453975 2.000000 0.517188 0.460251 2.000000 0.614062 0.541841 2.000000 0.509375 0.546025 2.000000 0.618750 0.623431 2.000000 0.504687 0.631799 1.000000 0.589063 0.627615 2.000000 0.532813 0.625523 2.000000 0.598437 0.753138 2.000000 0.520312 0.748954 2.000000 0.609375 0.870293 2.000000 0.517188 0.857741 2.000000
0 0.611273 0.368849 0.087797 0.146611 0.601562 0.345188 2.000000 0.607812 0.332636 2.000000 0.592187 0.330544 2.000000 0.615625 0.343096 2.000000 0.578125 0.343096 2.000000 0.640625 0.403766 2.000000 0.559375 0.395397 1.000000 0.000000 0.000000 0.000000 0.000000 0.000000 0.000000 0.000000 0.000000 0.000000 0.000000 0.000000 0.000000 0.000000 0.000000 0.000000 0.000000 0.000000 0.000000 0.000000 0.000000 0.000000 0.000000 0.000000 0.000000 0.000000 0.000000 0.000000 0.000000 0.000000 0.000000
0 0.497492 0.373703 0.065578 0.180209 0.498437 0.330544 2.000000 0.506250 0.322176 2.000000 0.490625 0.322176 2.000000 0.517188 0.334728 2.000000 0.476562 0.330544 2.000000 0.537500 0.395397 1.000000 0.454688 0.389121 1.000000 0.000000 0.000000 0.000000 0.000000 0.000000 0.000000 0.000000 0.000000 0.000000 0.000000 0.000000 0.000000 0.000000 0.000000 0.000000 0.000000 0.000000 0.000000 0.000000 0.000000 0.000000 0.000000 0.000000 0.000000 0.000000 0.000000 0.000000 0.000000 0.000000 0.000000
0 0.431438 0.614163 0.159969 0.628787 0.445312 0.355649 2.000000 0.454688 0.347280 2.000000 0.435937 0.347280 2.000000 0.468750 0.347280 2.000000 0.421875 0.345188 2.000000 0.484375 0.416318 1.000000 0.396875 0.414226 2.000000 0.490625 0.523013 2.000000 0.000000 0.000000 0.000000 0.490625 0.610879 2.000000 0.000000 0.000000 0.000000 0.457813 0.610879 2.000000 0.410938 0.610879 2.000000 0.451562 0.730126 2.000000 0.393750 0.736402 2.000000 0.437500 0.841004 2.000000 0.385937 0.866109 2.000000
0 0.219867 0.695502 0.325609 0.608996 0.220312 0.462343 2.000000 0.229687 0.449791 2.000000 0.210938 0.451883 2.000000 0.000000 0.000000 0.000000 0.185938 0.441423 2.000000 0.250000 0.497908 2.000000 0.165625 0.516736 1.000000 0.284375 0.577406 2.000000 0.206250 0.621339 2.000000 0.246875 0.600418 2.000000 0.279687 0.625523 2.000000 0.248438 0.728033 2.000000 0.187500 0.738494 2.000000 0.309375 0.813808 2.000000 0.129688 0.870293 2.000000 0.318750 0.928870 2.000000 0.000000 0.000000 0.000000
0 0.351617 0.586517 0.115797 0.566297 0.364063 0.351464 2.000000 0.370312 0.338912 2.000000 0.350000 0.341004 2.000000 0.378125 0.349372 1.000000 0.335938 0.349372 2.000000 0.382812 0.391213 2.000000 0.314063 0.395397 2.000000 0.431250 0.405858 1.000000 0.260937 0.405858 1.000000 0.471875 0.387029 1.000000 0.229687 0.395397 1.000000 0.359375 0.571130 2.000000 0.317188 0.575314 2.000000 0.335938 0.715481 2.000000 0.290625 0.711297 1.000000 0.000000 0.000000 0.000000 0.329688 0.794979 2.000000
0 0.222656 0.647228 0.186375 0.697887 0.289062 0.355649 2.000000 0.296875 0.345188 2.000000 0.275000 0.343096 2.000000 0.310937 0.355649 2.000000 0.260937 0.353556 2.000000 0.306250 0.435146 2.000000 0.228125 0.426778 1.000000 0.000000 0.000000 0.000000 0.198437 0.506276 1.000000 0.000000 0.000000 0.000000 0.135937 0.504184 2.000000 0.292187 0.621339 2.000000 0.240625 0.625523 1.000000 0.265625 0.780335 1.000000 0.206250 0.801255 1.000000 0.254688 0.901674 2.000000 0.195312 0.930962 2.000000
0 0.373766 0.320314 0.110187 0.137448 0.387500 0.286611 2.000000 0.390625 0.282427 2.000000 0.379688 0.282427 2.000000 0.401562 0.294979 2.000000 0.364063 0.297071 2.000000 0.415625 0.364017 2.000000 0.334375 0.355649 1.000000 0.000000 0.000000 0.000000 0.000000 0.000000 0.000000 0.000000 0.000000 0.000000 0.000000 0.000000 0.000000 0.000000 0.000000 0.000000 0.000000 0.000000 0.000000 0.000000 0.000000 0.000000 0.000000 0.000000 0.000000 0.000000 0.000000 0.000000 0.000000 0.000000 0.000000
