0 0.823422 0.558115 0.100188 0.377728 0.817187 0.423888 2.000000 0.823438 0.419204 2.000000 0.815625 0.416862 2.000000 0.843750 0.426230 2.000000 0.000000 0.000000 0.000000 0.854688 0.470726 2.000000 0.807813 0.451991 2.000000 0.859375 0.536300 2.000000 0.787500 0.482436 2.000000 0.834375 0.540984 2.000000 0.782813 0.526932 2.000000 0.829688 0.583138 2.000000 0.801562 0.571429 2.000000 0.809375 0.660422 2.000000 0.789062 0.644028 2.000000 0.792188 0.737705 2.000000 0.793750 0.672131 2.000000
0 0.825859 0.336850 0.104969 0.298712 0.814063 0.234192 2.000000 0.818750 0.227166 2.000000 0.809375 0.229508 2.000000 0.834375 0.229508 2.000000 0.000000 0.000000 0.000000 0.857812 0.271663 2.000000 0.793750 0.276347 2.000000 0.859375 0.306792 2.000000 0.784375 0.353630 2.000000 0.837500 0.252927 2.000000 0.795312 0.351288 2.000000 0.850000 0.426230 1.000000 0.804688 0.423888 1.000000 0.000000 0.000000 0.000000 0.000000 0.000000 0.000000 0.000000 0.000000 0.000000 0.000000 0.000000 0.000000
0 0.595125 0.475246 0.042719 0.248571 0.000000 0.000000 0.000000 0.000000 0.000000 0.000000 0.000000 0.000000 0.000000 0.000000 0.000000 0.000000 0.593750 0.381733 2.000000 0.610938 0.407494 1.000000 0.593750 0.405152 2.000000 0.000000 0.000000 0.000000 0.584375 0.442623 2.000000 0.000000 0.000000 0.000000 0.587500 0.475410 2.000000 0.610938 0.477752 2.000000 0.595313 0.475410 2.000000 0.617188 0.519906 1.000000 0.596875 0.519906 2.000000 0.600000 0.571429 2.000000 0.595313 0.583138 2.000000
0 0.389180 0.411991 0.051891 0.239719 0.373437 0.318501 2.000000 0.375000 0.311475 2.000000 0.371875 0.313817 2.000000 0.385937 0.309133 2.000000 0.000000 0.000000 0.000000 0.401562 0.334895 2.000000 0.379688 0.334895 2.000000 0.406250 0.374707 2.000000 0.371875 0.377049 2.000000 0.385937 0.372365 2.000000 0.367188 0.409836 2.000000 0.395313 0.416862 2.000000 0.378125 0.416862 2.000000 0.398438 0.475410 2.000000 0.381250 0.475410 2.000000 0.403125 0.529274 2.000000 0.384375 0.524590 2.000000
0 0.264477 0.564192 0.132234 0.396393 0.301563 0.435597 2.000000 0.307812 0.426230 2.000000 0.298438 0.426230 2.000000 0.000000 0.000000 0.000000 0.279687 0.423888 2.000000 0.310937 0.466042 2.000000 0.256250 0.449649 2.000000 0.321875 0.515222 2.000000 0.245312 0.491803 1.000000 0.317188 0.562061 2.000000 0.245312 0.526932 2.000000 0.295312 0.576112 2.000000 0.256250 0.569087 2.000000 0.298438 0.653396 2.000000 0.240625 0.639344 2.000000 0.000000 0.000000 0.000000 0.207813 0.714286 2.000000
0 0.170602 0.546358 0.200641 0.396885 0.179688 0.419204 2.000000 0.000000 0.000000 0.000000 0.176563 0.412178 2.000000 0.000000 0.000000 0.000000 0.153125 0.405152 2.000000 0.182812 0.447307 2.000000 0.135937 0.440281 2.000000 0.221875 0.473068 2.000000 0.090625 0.461358 2.000000 0.246875 0.505855 2.000000 0.079687 0.512881 2.000000 0.162500 0.557377 2.000000 0.132812 0.557377 2.000000 0.184375 0.620609 2.000000 0.148438 0.637002 2.000000 0.156250 0.686183 2.000000 0.125000 0.718970 2.000000
0 0.181258 0.335468 0.098547 0.205410 0.000000 0.000000 0.000000 0.000000 0.000000 0.000000 0.000000 0.000000 0.000000 0.171875 0.271663 2.000000 0.200000 0.274005 2.000000 0.162500 0.306792 2.000000 0.210938 0.316159 2.000000 0.140625 0.288056 2.000000 0.218750 0.386417 2.000000 0.170313 0.257611 2.000000 0.000000 0.000000 0.000000 0.164062 0.430913 1.000000 0.200000 0.435597 1.000000 0.000000 0.000000 0.000000 0.000000 0.000000 0.000000 0.000000 0.000000 0.000000 0.000000 0.000000 0.000000
0 0.067516 0.308981 0.110719 0.220726 0.064062 0.236534 2.000000 0.070312 0.229508 2.000000 0.059375 0.229508 2.000000 0.078125 0.234192 2.000000 0.048438 0.236534 2.000000 0.095312 0.290398 2.000000 0.034375 0.283372 2.000000 0.114062 0.351288 2.000000 0.029687 0.334895 2.000000 0.100000 0.365340 2.000000 0.046875 0.274005 2.000000 0.087500 0.416862 1.000000 0.045312 0.416862 1.000000 0.000000 0.000000 0.000000 0.000000 0.000000 0.000000 0.000000 0.000000 0.000000 0.000000 0.000000 0.000000
0 0.456594 0.546218 0.092188 0.173279 0.467187 0.494145 2.000000 0.473438 0.484778 2.000000 0.462500 0.487119 2.000000 0.482812 0.489461 2.000000 0.456250 0.491803 2.000000 0.489063 0.508197 2.000000 0.451562 0.505855 2.000000 0.489063 0.536300 2.000000 0.000000 0.000000 0.000000 0.000000 0.000000 0.000000 0.000000 0.000000 0.000000 0.468750 0.552693 2.000000 0.445312 0.552693 2.000000 0.459375 0.533958 2.000000 0.429688 0.531616 2.000000 0.475000 0.594848 2.000000 0.421875 0.608899 2.000000
0 0.228211 0.472014 0.099578 0.237424 0.251563 0.395785 2.000000 0.256250 0.386417 2.000000 0.245312 0.388759 2.000000 0.000000 0.000000 0.000000 0.234375 0.393443 2.000000 0.268750 0.433255 1.000000 0.220312 0.428571 2.000000 0.000000 0.000000 0.000000 0.000000 0.000000 0.000000 0.000000 0.000000 0.000000 0.000000 0.000000 0.000000 0.000000 0.000000 0.000000 0.000000 0.000000 0.000000 0.209375 0.494145 1.000000 0.181250 0.515222 1.000000 0.184375 0.587822 1.000000 0.000000 0.000000 0.000000
0 0.648008 0.433115 0.093547 0.476862 0.643750 0.243560 2.000000 0.648438 0.234192 2.000000 0.639062 0.234192 2.000000 0.660937 0.238876 2.000000 0.631250 0.241218 2.000000 0.678125 0.297424 2.000000 0.626563 0.295082 2.000000 0.689063 0.372365 2.000000 0.609375 0.372365 2.000000 0.689063 0.437939 2.000000 0.617188 0.442623 2.000000 0.675000 0.428571 2.000000 0.640625 0.428571 2.000000 0.671875 0.557377 2.000000 0.626563 0.557377 2.000000 0.668750 0.646370 2.000000 0.629687 0.644028 2.000000
