0 0.138172 0.643794 0.276344 0.712412 0.140625 0.463700 2.000000 0.150000 0.428571 2.000000 0.121875 0.419204 2.000000 0.000000 0.000000 0.000000 0.025000 0.435597 2.000000 0.000000 0.000000 0.000000 0.051562 0.629977 2.000000 0.000000 0.000000 0.000000 0.098437 0.971897 2.000000 0.189062 0.854801 2.000000 0.189062 0.906323 2.000000 0.000000 0.000000 0.000000 0.000000 0.000000 0.000000 0.000000 0.000000 0.000000 0.000000 0.000000 0.000000 0.000000 0.000000 0.000000 0.000000 0.000000 0.000000
0 0.670938 0.306745 0.112437 0.226979 0.645312 0.330211 2.000000 0.664062 0.295082 2.000000 0.629687 0.311475 2.000000 0.000000 0.000000 0.000000 0.000000 0.000000 0.000000 0.000000 0.000000 0.000000 0.000000 0.000000 0.000000 0.000000 0.000000 0.000000 0.000000 0.000000 0.000000 0.000000 0.000000 0.000000 0.000000 0.000000 0.000000 0.000000 0.000000 0.000000 0.000000 0.000000 0.000000 0.000000 0.000000 0.000000 0.000000 0.000000 0.000000 0.000000 0.000000 0.000000 0.000000 0.000000 0.000000
0 0.872398 0.632201 0.255203 0.735597 0.810937 0.494145 2.000000 0.845313 0.444965 2.000000 0.800000 0.440281 2.000000 0.935937 0.451991 2.000000 0.000000 0.000000 0.000000 0.945312 0.622951 2.000000 0.931250 0.606557 2.000000 0.915625 0.985948 2.000000 0.000000 0.000000 0.000000 0.770312 0.985948 2.000000 0.000000 0.000000 0.000000 0.000000 0.000000 0.000000 0.000000 0.000000 0.000000 0.000000 0.000000 0.000000 0.000000 0.000000 0.000000 0.000000 0.000000 0.000000 0.000000 0.000000 0.000000
0 0.184930 0.133607 0.112297 0.145808 0.000000 0.000000 0.000000 0.000000 0.000000 0.000000 0.000000 0.000000 0.000000 0.000000 0.000000 0.000000 0.182812 0.091335 2.000000 0.135937 0.140515 1.000000 0.203125 0.133489 2.000000 0.000000 0.000000 0.000000 0.229687 0.210773 1.000000 0.000000 0.000000 0.000000 0.000000 0.000000 0.000000 0.157812 0.264637 1.000000 0.200000 0.264637 1.000000 0.000000 0.000000 0.000000 0.000000 0.000000 0.000000 0.000000 0.000000 0.000000 0.000000 0.000000 0.000000
0 0.339359 0.496124 0.228500 0.533747 0.325000 0.393443 2.000000 0.339062 0.362998 2.000000 0.309375 0.351288 2.000000 0.000000 0.000000 0.000000 0.256250 0.348946 2.000000 0.289062 0.428571 2.000000 0.226562 0.447307 1.000000 0.334375 0.562061 2.000000 0.243750 0.686183 1.000000 0.284375 0.676815 2.000000 0.381250 0.627635 2.000000 0.300000 0.669789 2.000000 0.259375 0.697892 1.000000 0.000000 0.000000 0.000000 0.000000 0.000000 0.000000 0.000000 0.000000 0.000000 0.000000 0.000000 0.000000
0 0.204203 0.579824 0.199531 0.591124 0.223438 0.440281 2.000000 0.232813 0.402810 2.000000 0.190625 0.405152 2.000000 0.000000 0.000000 0.000000 0.000000 0.000000 0.000000 0.196875 0.566745 2.000000 0.117188 0.590164 2.000000 0.201563 0.777518 2.000000 0.098437 0.843091 1.000000 0.251563 0.641686 2.000000 0.185938 0.836066 2.000000 0.000000 0.000000 0.000000 0.000000 0.000000 0.000000 0.000000 0.000000 0.000000 0.000000 0.000000 0.000000 0.000000 0.000000 0.000000 0.000000 0.000000 0.000000
0 0.507266 0.138724 0.108094 0.223489 0.000000 0.000000 0.000000 0.000000 0.000000 0.000000 0.000000 0.000000 0.000000 0.485938 0.079625 2.000000 0.000000 0.000000 0.000000 0.475000 0.133489 2.000000 0.529687 0.131148 2.000000 0.000000 0.000000 0.000000 0.553125 0.224824 2.000000 0.000000 0.000000 0.000000 0.000000 0.000000 0.000000 0.484375 0.243560 1.000000 0.521875 0.241218 1.000000 0.000000 0.000000 0.000000 0.000000 0.000000 0.000000 0.000000 0.000000 0.000000 0.000000 0.000000 0.000000
0 0.687430 0.097752 0.097453 0.186511 0.714063 0.035129 2.000000 0.000000 0.000000 0.000000 0.707812 0.030445 2.000000 0.000000 0.000000 0.000000 0.693750 0.037471 2.000000 0.681250 0.077283 2.000000 0.685937 0.088993 2.000000 0.000000 0.000000 0.000000 0.690625 0.189696 2.000000 0.000000 0.000000 0.000000 0.000000 0.000000 0.000000 0.681250 0.238876 1.000000 0.687500 0.243560 1.000000 0.000000 0.000000 0.000000 0.000000 0.000000 0.000000 0.000000 0.000000 0.000000 0.000000 0.000000 0.000000
0 0.688180 0.584274 0.299859 0.665176 0.665625 0.421546 2.000000 0.701562 0.391101 2.000000 0.665625 0.391101 2.000000 0.762500 0.444965 2.000000 0.000000 0.000000 0.000000 0.765625 0.601874 2.000000 0.668750 0.573770 2.000000 0.746875 0.894614 2.000000 0.578125 0.632319 2.000000 0.000000 0.000000 0.000000 0.570312 0.580796 2.000000 0.000000 0.000000 0.000000 0.000000 0.000000 0.000000 0.000000 0.000000 0.000000 0.000000 0.000000 0.000000 0.000000 0.000000 0.000000 0.000000 0.000000 0.000000
0 0.280953 0.172658 0.082875 0.189766 0.275000 0.128806 2.000000 0.278125 0.121780 2.000000 0.267188 0.121780 2.000000 0.000000 0.000000 0.000000 0.259375 0.124122 2.000000 0.292187 0.156909 2.000000 0.248438 0.140515 2.000000 0.307812 0.217799 2.000000 0.000000 0.000000 0.000000 0.000000 0.000000 0.000000 0.000000 0.000000 0.000000 0.000000 0.000000 0.000000 0.000000 0.000000 0.000000 0.000000 0.000000 0.000000 0.000000 0.000000 0.000000 0.000000 0.000000 0.000000 0.000000 0.000000 0.000000
0 0.955844 0.234567 0.084969 0.416628 0.982812 0.084309 2.000000 0.984375 0.074941 2.000000 0.975000 0.074941 2.000000 0.000000 0.000000 0.000000 0.954688 0.079625 2.000000 0.000000 0.000000 0.000000 0.946875 0.159251 2.000000 0.000000 0.000000 0.000000 0.939063 0.257611 2.000000 0.000000 0.000000 0.000000 0.000000 0.000000 0.000000 0.000000 0.000000 0.000000 0.976562 0.325527 2.000000 0.000000 0.000000 0.000000 0.000000 0.000000 0.000000 0.000000 0.000000 0.000000 0.000000 0.000000 0.000000
0 0.830102 0.153665 0.100328 0.306393 0.850000 0.002342 2.000000 0.000000 0.000000 0.000000 0.000000 0.000000 0.000000 0.000000 0.000000 0.000000 0.820312 0.002342 1.000000 0.837500 0.056206 2.000000 0.806250 0.053864 2.000000 0.860938 0.124122 2.000000 0.837500 0.152225 2.000000 0.848437 0.142857 2.000000 0.868750 0.135831 2.000000 0.846875 0.213115 2.000000 0.828125 0.222482 2.000000 0.000000 0.000000 0.000000 0.000000 0.000000 0.000000 0.000000 0.000000 0.000000 0.000000 0.000000 0.000000
