0 0.486570 0.591016 0.231196 0.777531 0.422430 0.251563 2.000000 0.433645 0.235937 2.000000 0.000000 0.000000 0.000000 0.471028 0.237500 2.000000 0.000000 0.000000 0.000000 0.472897 0.329688 2.000000 0.517757 0.310937 2.000000 0.429907 0.450000 2.000000 0.000000 0.000000 0.000000 0.385047 0.360938 1.000000 0.000000 0.000000 0.000000 0.461682 0.539062 2.000000 0.519626 0.509375 2.000000 0.401869 0.717187 2.000000 0.504673 0.704688 2.000000 0.478505 0.909375 2.000000 0.502804 0.892188 2.000000
0 0.193551 0.560680 0.236561 0.586516 0.000000 0.000000 0.000000 0.000000 0.000000 0.000000 0.164486 0.309375 2.000000 0.000000 0.000000 0.000000 0.132710 0.321875 2.000000 0.207477 0.375000 2.000000 0.104673 0.375000 2.000000 0.287850 0.467187 2.000000 0.000000 0.000000 0.000000 0.250467 0.535937 2.000000 0.000000 0.000000 0.000000 0.205607 0.510938 2.000000 0.132710 0.510938 1.000000 0.194393 0.678125 2.000000 0.123364 0.675000 2.000000 0.194393 0.806250 2.000000 0.136449 0.796875 2.000000
0 0.700430 0.497047 0.132187 0.460375 0.669159 0.317188 2.000000 0.680374 0.310937 2.000000 0.000000 0.000000 0.000000 0.712150 0.320312 2.000000 0.000000 0.000000 0.000000 0.723364 0.370312 2.000000 0.000000 0.000000 0.000000 0.719626 0.439063 2.000000 0.000000 0.000000 0.000000 0.676636 0.515625 2.000000 0.000000 0.000000 0.000000 0.695327 0.514062 2.000000 0.000000 0.000000 0.000000 0.691589 0.600000 2.000000 0.644860 0.596875 2.000000 0.708411 0.714063 1.000000 0.667290 0.695312 1.000000
0 0.806617 0.363414 0.098804 0.165203 0.824299 0.307812 2.000000 0.000000 0.000000 0.000000 0.820561 0.304688 2.000000 0.000000 0.000000 0.000000 0.807477 0.300000 2.000000 0.816822 0.321875 2.000000 0.785047 0.323437 2.000000 0.816822 0.350000 2.000000 0.775701 0.357812 2.000000 0.837383 0.342187 2.000000 0.771963 0.389062 2.000000 0.803738 0.390625 2.000000 0.783178 0.390625 2.000000 0.000000 0.000000 0.000000 0.798131 0.431250 2.000000 0.000000 0.000000 0.000000 0.777570 0.482812 1.000000
0 0.968860 0.447367 0.062280 0.231078 0.000000 0.000000 0.000000 0.000000 0.000000 0.000000 0.000000 0.000000 0.000000 0.000000 0.000000 0.000000 0.000000 0.000000 0.000000 0.000000 0.000000 0.000000 0.000000 0.000000 0.000000 0.979439 0.378125 1.000000 0.000000 0.000000 0.000000 0.000000 0.000000 0.000000 0.000000 0.000000 0.000000 0.996262 0.421875 2.000000 0.000000 0.000000 0.000000 0.977570 0.475000 2.000000 0.000000 0.000000 0.000000 0.964486 0.543750 2.000000 0.000000 0.000000 0.000000
0 0.292327 0.326578 0.083533 0.132875 0.299065 0.279687 2.000000 0.302804 0.276562 2.000000 0.293458 0.276562 2.000000 0.000000 0.000000 0.000000 0.278505 0.278125 2.000000 0.315888 0.303125 2.000000 0.259813 0.307812 1.000000 0.327103 0.335938 2.000000 0.257944 0.348438 2.000000 0.327103 0.365625 1.000000 0.256075 0.340625 2.000000 0.308411 0.365625 2.000000 0.272897 0.367188 2.000000 0.000000 0.000000 0.000000 0.000000 0.000000 0.000000 0.000000 0.000000 0.000000 0.000000 0.000000 0.000000
0 0.091243 0.639180 0.182486 0.721641 0.085981 0.335938 2.000000 0.000000 0.000000 0.000000 0.063551 0.323437 2.000000 0.000000 0.000000 0.000000 0.011215 0.337500 2.000000 0.000000 0.000000 0.000000 0.011215 0.420312 2.000000 0.000000 0.000000 0.000000 0.067290 0.514062 2.000000 0.000000 0.000000 0.000000 0.132710 0.437500 2.000000 0.000000 0.648438 2.000000 0.028037 0.660937 2.000000 0.000000 0.000000 0.000000 0.033645 0.810937 2.000000 0.000000 0.000000 0.000000 0.048598 0.982812 2.000000
0 0.917589 0.364227 0.077159 0.206578 0.000000 0.000000 0.000000 0.000000 0.000000 0.000000 0.000000 0.000000 0.000000 0.936449 0.278125 2.000000 0.000000 0.000000 0.000000 0.934579 0.290625 2.000000 0.964486 0.290625 1.000000 0.906542 0.304688 2.000000 0.000000 0.000000 0.000000 0.887850 0.310937 2.000000 0.000000 0.000000 0.000000 0.936449 0.348438 2.000000 0.964486 0.346875 1.000000 0.936449 0.406250 2.000000 0.000000 0.000000 0.000000 0.940187 0.451562 2.000000 0.000000 0.000000 0.000000
0 0.621673 0.357734 0.049364 0.135000 0.616822 0.301563 2.000000 0.620561 0.298438 2.000000 0.614953 0.298438 1.000000 0.000000 0.000000 0.000000 0.000000 0.000000 0.000000 0.639252 0.314063 2.000000 0.613084 0.314063 1.000000 0.642991 0.334375 2.000000 0.000000 0.000000 0.000000 0.631776 0.329688 2.000000 0.000000 0.000000 0.000000 0.631776 0.348438 2.000000 0.613084 0.348438 2.000000 0.629907 0.382812 2.000000 0.616822 0.381250 2.000000 0.637383 0.400000 2.000000 0.622430 0.409375 2.000000
0 0.962617 0.372406 0.070617 0.202469 0.947664 0.293750 1.000000 0.953271 0.289062 2.000000 0.000000 0.000000 0.000000 0.970093 0.293750 2.000000 0.000000 0.000000 0.000000 0.986916 0.317188 2.000000 0.949533 0.318750 2.000000 0.000000 0.000000 0.000000 0.943925 0.342187 2.000000 0.000000 0.000000 0.000000 0.943925 0.353125 2.000000 0.977570 0.365625 2.000000 0.957009 0.365625 2.000000 0.970093 0.431250 1.000000 0.955140 0.432812 2.000000 0.000000 0.000000 0.000000 0.000000 0.000000 0.000000
