0 0.425000 0.396111 0.136563 0.267817 0.431250 0.309942 2.000000 0.442188 0.302144 2.000000 0.423438 0.300195 2.000000 0.451562 0.311891 2.000000 0.410938 0.307992 2.000000 0.473438 0.382066 2.000000 0.376563 0.382066 2.000000 0.000000 0.000000 0.000000 0.000000 0.000000 0.000000 0.000000 0.000000 0.000000 0.000000 0.000000 0.000000 0.453125 0.508772 2.000000 0.392188 0.510721 1.000000 0.000000 0.000000 0.000000 0.000000 0.000000 0.000000 0.000000 0.000000 0.000000 0.000000 0.000000 0.000000
0 0.560094 0.397290 0.131625 0.286511 0.542188 0.323587 2.000000 0.553125 0.309942 2.000000 0.534375 0.309942 2.000000 0.565625 0.311891 2.000000 0.521875 0.309942 2.000000 0.593750 0.376218 2.000000 0.506250 0.380117 2.000000 0.615625 0.450292 1.000000 0.500000 0.467836 1.000000 0.000000 0.000000 0.000000 0.000000 0.000000 0.000000 0.584375 0.536062 1.000000 0.523438 0.538012 1.000000 0.000000 0.000000 0.000000 0.000000 0.000000 0.000000 0.000000 0.000000 0.000000 0.000000 0.000000 0.000000
0 0.679813 0.385478 0.150125 0.292515 0.653125 0.300195 2.000000 0.660937 0.292398 2.000000 0.646875 0.292398 2.000000 0.676562 0.292398 2.000000 0.639062 0.292398 2.000000 0.700000 0.348928 2.000000 0.621875 0.358674 2.000000 0.740625 0.419103 1.000000 0.000000 0.000000 0.000000 0.000000 0.000000 0.000000 0.000000 0.000000 0.000000 0.695312 0.493177 2.000000 0.639062 0.493177 1.000000 0.000000 0.000000 0.000000 0.000000 0.000000 0.000000 0.000000 0.000000 0.000000 0.000000 0.000000 0.000000
0 0.766570 0.662476 0.177422 0.516803 0.737500 0.469786 2.000000 0.746875 0.456140 2.000000 0.731250 0.456140 2.000000 0.757812 0.456140 2.000000 0.715625 0.456140 2.000000 0.785937 0.516569 2.000000 0.701562 0.524366 2.000000 0.800000 0.619883 2.000000 0.696875 0.615984 2.000000 0.775000 0.674464 2.000000 0.734375 0.680312 2.000000 0.768750 0.676413 2.000000 0.735938 0.676413 2.000000 0.831250 0.699805 2.000000 0.706250 0.709552 2.000000 0.820312 0.861598 2.000000 0.731250 0.863548 2.000000
0 0.629930 0.678246 0.145578 0.464133 0.628125 0.499025 2.000000 0.637500 0.491228 2.000000 0.617188 0.491228 2.000000 0.648438 0.497076 2.000000 0.606250 0.497076 2.000000 0.667188 0.551657 2.000000 0.584375 0.547758 2.000000 0.684375 0.631579 2.000000 0.564063 0.641326 2.000000 0.689063 0.668616 2.000000 0.582812 0.668616 2.000000 0.645312 0.668616 2.000000 0.596875 0.668616 2.000000 0.679688 0.697856 2.000000 0.578125 0.697856 2.000000 0.665625 0.851852 2.000000 0.600000 0.851852 2.000000
0 0.391297 0.648860 0.150375 0.479630 0.381250 0.463938 2.000000 0.390625 0.454191 2.000000 0.373437 0.454191 2.000000 0.000000 0.000000 0.000000 0.356250 0.456140 2.000000 0.428125 0.526316 2.000000 0.339062 0.530214 2.000000 0.445312 0.602339 2.000000 0.325000 0.621832 2.000000 0.442188 0.639376 2.000000 0.337500 0.674464 2.000000 0.420312 0.672515 2.000000 0.354687 0.678363 2.000000 0.435937 0.729045 2.000000 0.335938 0.727096 2.000000 0.400000 0.847953 2.000000 0.370312 0.844055 2.000000
0 0.795242 0.212836 0.139016 0.299552 0.779687 0.113060 2.000000 0.784375 0.103314 2.000000 0.770312 0.107212 2.000000 0.795312 0.101365 2.000000 0.757812 0.111111 2.000000 0.828125 0.167641 2.000000 0.739062 0.173489 2.000000 0.840625 0.241715 2.000000 0.735938 0.257310 2.000000 0.845313 0.311891 2.000000 0.739062 0.335283 1.000000 0.807813 0.311891 1.000000 0.770312 0.313840 2.000000 0.000000 0.000000 0.000000 0.000000 0.000000 0.000000 0.000000 0.000000 0.000000 0.000000 0.000000 0.000000
0 0.894328 0.666287 0.178313 0.465166 0.876563 0.510721 2.000000 0.884375 0.499025 2.000000 0.867188 0.497076 2.000000 0.000000 0.000000 0.000000 0.850000 0.491228 2.000000 0.914062 0.545809 2.000000 0.831250 0.539961 2.000000 0.920312 0.617934 2.000000 0.831250 0.637427 2.000000 0.909375 0.682261 2.000000 0.873437 0.680312 2.000000 0.893750 0.658869 2.000000 0.835938 0.658869 2.000000 0.951562 0.697856 2.000000 0.862500 0.701754 2.000000 0.962500 0.847953 2.000000 0.871875 0.847953 2.000000
0 0.509461 0.648626 0.132109 0.509922 0.503125 0.450292 2.000000 0.510938 0.442495 2.000000 0.495312 0.446394 2.000000 0.526563 0.440546 2.000000 0.484375 0.450292 2.000000 0.551562 0.526316 2.000000 0.468750 0.526316 2.000000 0.546875 0.604288 2.000000 0.470313 0.606238 2.000000 0.531250 0.666667 2.000000 0.485938 0.670565 2.000000 0.537500 0.658869 2.000000 0.490625 0.658869 2.000000 0.545312 0.711501 2.000000 0.470313 0.709552 2.000000 0.542188 0.853801 2.000000 0.471875 0.847953 2.000000
0 0.243422 0.665439 0.168000 0.503002 0.234375 0.469786 2.000000 0.245312 0.460039 2.000000 0.225000 0.460039 2.000000 0.257812 0.461988 2.000000 0.214062 0.461988 2.000000 0.281250 0.504873 2.000000 0.190625 0.534113 2.000000 0.307812 0.582846 2.000000 0.185938 0.617934 2.000000 0.304688 0.635478 2.000000 0.214062 0.680312 2.000000 0.276562 0.688109 2.000000 0.206250 0.688109 2.000000 0.306250 0.695906 2.000000 0.170313 0.701754 2.000000 0.281250 0.865497 2.000000 0.201563 0.869396 2.000000
0 0.090070 0.674864 0.172922 0.519942 0.101562 0.479532 2.000000 0.106250 0.465887 2.000000 0.089063 0.469786 2.000000 0.120313 0.465887 2.000000 0.075000 0.471735 2.000000 0.151562 0.536062 2.000000 0.059375 0.545809 2.000000 0.168750 0.631579 2.000000 0.045312 0.641326 2.000000 0.125000 0.678363 2.000000 0.081250 0.678363 2.000000 0.142187 0.666667 2.000000 0.075000 0.668616 2.000000 0.139063 0.707602 2.000000 0.029687 0.721248 2.000000 0.148438 0.871345 2.000000 0.034375 0.865497 2.000000
0 0.147648 0.363752 0.157516 0.332144 0.160938 0.257310 2.000000 0.170313 0.249513 2.000000 0.151562 0.249513 2.000000 0.181250 0.257310 2.000000 0.135937 0.253411 2.000000 0.209375 0.333333 2.000000 0.095312 0.335283 2.000000 0.217188 0.421053 1.000000 0.082812 0.430799 1.000000 0.000000 0.000000 0.000000 0.000000 0.000000 0.000000 0.192188 0.499025 2.000000 0.139063 0.497076 2.000000 0.000000 0.000000 0.000000 0.000000 0.000000 0.000000 0.000000 0.000000 0.000000 0.000000 0.000000 0.000000
0 0.286602 0.389269 0.150766 0.275614 0.275000 0.317739 2.000000 0.282813 0.304094 2.000000 0.262500 0.307992 2.000000 0.290625 0.300195 2.000000 0.251563 0.313840 2.000000 0.328125 0.368421 2.000000 0.234375 0.380117 2.000000 0.348438 0.448343 2.000000 0.000000 0.000000 0.000000 0.332813 0.524366 1.000000 0.000000 0.000000 0.000000 0.323437 0.495127 2.000000 0.257812 0.500975 1.000000 0.000000 0.000000 0.000000 0.000000 0.000000 0.000000 0.000000 0.000000 0.000000 0.000000 0.000000 0.000000
