0 0.435547 0.591007 0.400312 0.795504 0.354687 0.288056 2.000000 0.362500 0.266979 2.000000 0.340625 0.271663 2.000000 0.389062 0.271663 2.000000 0.000000 0.000000 0.000000 0.437500 0.332553 2.000000 0.298438 0.370023 2.000000 0.490625 0.459016 1.000000 0.245312 0.487119 2.000000 0.425000 0.449649 2.000000 0.278125 0.519906 2.000000 0.453125 0.564403 1.000000 0.421875 0.583138 2.000000 0.348438 0.697892 2.000000 0.456250 0.812646 2.000000 0.385937 0.932084 2.000000 0.587500 0.906323 2.000000
0 0.104195 0.308993 0.094453 0.123607 0.123438 0.304450 2.000000 0.131250 0.297424 2.000000 0.117188 0.297424 2.000000 0.000000 0.000000 0.000000 0.101562 0.297424 2.000000 0.151562 0.365340 1.000000 0.076563 0.348946 2.000000 0.000000 0.000000 0.000000 0.000000 0.000000 0.000000 0.000000 0.000000 0.000000 0.000000 0.000000 0.000000 0.000000 0.000000 0.000000 0.000000 0.000000 0.000000 0.000000 0.000000 0.000000 0.000000 0.000000 0.000000 0.000000 0.000000 0.000000 0.000000 0.000000 0.000000
0 0.707664 0.508302 0.557734 0.955059 0.439063 0.173302 2.000000 0.446875 0.142857 2.000000 0.000000 0.000000 0.000000 0.496875 0.117096 2.000000 0.000000 0.000000 0.000000 0.557813 0.166276 2.000000 0.501563 0.269321 2.000000 0.709375 0.159251 2.000000 0.532813 0.426230 2.000000 0.685937 0.344262 2.000000 0.490625 0.515222 2.000000 0.696875 0.470726 2.000000 0.653125 0.517564 2.000000 0.539062 0.655738 2.000000 0.787500 0.814988 2.000000 0.656250 0.878220 2.000000 0.923438 0.964871 2.000000
0 0.822906 0.406206 0.095750 0.149883 0.837500 0.384075 2.000000 0.839063 0.372365 2.000000 0.825000 0.372365 2.000000 0.000000 0.000000 0.000000 0.803125 0.384075 2.000000 0.862500 0.461358 1.000000 0.778125 0.461358 1.000000 0.000000 0.000000 0.000000 0.000000 0.000000 0.000000 0.000000 0.000000 0.000000 0.000000 0.000000 0.000000 0.000000 0.000000 0.000000 0.000000 0.000000 0.000000 0.000000 0.000000 0.000000 0.000000 0.000000 0.000000 0.000000 0.000000 0.000000 0.000000 0.000000 0.000000
0 0.778547 0.161300 0.122500 0.238525 0.779687 0.105386 2.000000 0.784375 0.096019 2.000000 0.771875 0.096019 2.000000 0.000000 0.000000 0.000000 0.756250 0.103044 2.000000 0.804688 0.145199 2.000000 0.743750 0.154567 2.000000 0.826562 0.227166 1.000000 0.734375 0.234192 1.000000 0.800000 0.288056 1.000000 0.767188 0.283372 1.000000 0.806250 0.271663 2.000000 0.751563 0.274005 1.000000 0.000000 0.000000 0.000000 0.000000 0.000000 0.000000 0.000000 0.000000 0.000000 0.000000 0.000000 0.000000
0 0.217391 0.291019 0.065969 0.141569 0.201563 0.297424 2.000000 0.209375 0.285714 2.000000 0.000000 0.000000 0.000000 0.234375 0.288056 2.000000 0.000000 0.000000 0.000000 0.000000 0.000000 0.000000 0.000000 0.000000 0.000000 0.000000 0.000000 0.000000 0.000000 0.000000 0.000000 0.000000 0.000000 0.000000 0.000000 0.000000 0.000000 0.000000 0.000000 0.000000 0.000000 0.000000 0.000000 0.000000 0.000000 0.000000 0.000000 0.000000 0.000000 0.000000 0.000000 0.000000 0.000000 0.000000 0.000000
0 0.192812 0.152471 0.117219 0.219602 0.200000 0.103044 2.000000 0.207813 0.096019 2.000000 0.192188 0.096019 2.000000 0.215625 0.098361 2.000000 0.175000 0.098361 2.000000 0.235937 0.161593 2.000000 0.151562 0.159251 2.000000 0.246875 0.236534 2.000000 0.156250 0.241218 2.000000 0.000000 0.000000 0.000000 0.000000 0.000000 0.000000 0.000000 0.000000 0.000000 0.000000 0.000000 0.000000 0.000000 0.000000 0.000000 0.000000 0.000000 0.000000 0.000000 0.000000 0.000000 0.000000 0.000000 0.000000
0 0.183477 0.255293 0.077484 0.195176 0.215625 0.201405 2.000000 0.218750 0.192037 2.000000 0.207813 0.192037 2.000000 0.000000 0.000000 0.000000 0.189062 0.201405 2.000000 0.240625 0.257611 1.000000 0.171875 0.274005 2.000000 0.000000 0.000000 0.000000 0.000000 0.000000 0.000000 0.000000 0.000000 0.000000 0.000000 0.000000 0.000000 0.000000 0.000000 0.000000 0.000000 0.000000 0.000000 0.000000 0.000000 0.000000 0.000000 0.000000 0.000000 0.000000 0.000000 0.000000 0.000000 0.000000 0.000000
0 0.881055 0.328255 0.126391 0.333841 0.837500 0.231850 1.000000 0.843750 0.217799 2.000000 0.000000 0.000000 0.000000 0.867188 0.222482 2.000000 0.000000 0.000000 0.000000 0.892188 0.281030 2.000000 0.862500 0.295082 2.000000 0.893750 0.402810 2.000000 0.000000 0.000000 0.000000 0.853125 0.496487 1.000000 0.000000 0.000000 0.000000 0.887500 0.494145 1.000000 0.857812 0.477752 1.000000 0.000000 0.000000 0.000000 0.000000 0.000000 0.000000 0.000000 0.000000 0.000000 0.000000 0.000000 0.000000
0 0.037820 0.278091 0.075641 0.162740 0.068750 0.255269 2.000000 0.000000 0.000000 0.000000 0.068750 0.245902 2.000000 0.000000 0.000000 0.000000 0.051562 0.248244 2.000000 0.040625 0.299766 2.000000 0.006250 0.264637 2.000000 0.031250 0.348946 2.000000 0.000000 0.000000 0.000000 0.000000 0.000000 0.000000 0.000000 0.000000 0.000000 0.000000 0.000000 0.000000 0.000000 0.000000 0.000000 0.000000 0.000000 0.000000 0.000000 0.000000 0.000000 0.000000 0.000000 0.000000 0.000000 0.000000 0.000000
0 0.073867 0.156194 0.086766 0.181944 0.062500 0.112412 2.000000 0.068750 0.103044 2.000000 0.056250 0.105386 2.000000 0.079687 0.103044 2.000000 0.045312 0.117096 2.000000 0.096875 0.156909 2.000000 0.043750 0.159251 2.000000 0.000000 0.000000 0.000000 0.000000 0.000000 0.000000 0.000000 0.000000 0.000000 0.000000 0.000000 0.000000 0.082812 0.288056 1.000000 0.060937 0.288056 1.000000 0.000000 0.000000 0.000000 0.000000 0.000000 0.000000 0.000000 0.000000 0.000000 0.000000 0.000000 0.000000
0 0.290648 0.166979 0.083172 0.176862 0.287500 0.138173 2.000000 0.289062 0.124122 2.000000 0.278125 0.133489 2.000000 0.307812 0.112412 2.000000 0.000000 0.000000 0.000000 0.332813 0.173302 1.000000 0.260937 0.180328 2.000000 0.000000 0.000000 0.000000 0.251563 0.276347 1.000000 0.000000 0.000000 0.000000 0.273438 0.231850 2.000000 0.318750 0.323185 1.000000 0.278125 0.320843 1.000000 0.000000 0.000000 0.000000 0.000000 0.000000 0.000000 0.000000 0.000000 0.000000 0.000000 0.000000 0.000000
0 0.727281 0.071194 0.089531 0.142389 0.737500 0.009368 2.000000 0.745313 0.002342 2.000000 0.732812 0.002342 2.000000 0.000000 0.000000 0.000000 0.000000 0.000000 0.000000 0.776563 0.051522 1.000000 0.707812 0.056206 2.000000 0.782813 0.131148 1.000000 0.698438 0.126464 2.000000 0.754687 0.053864 2.000000 0.718750 0.053864 2.000000 0.000000 0.000000 0.000000 0.000000 0.000000 0.000000 0.000000 0.000000 0.000000 0.000000 0.000000 0.000000 0.000000 0.000000 0.000000 0.000000 0.000000 0.000000
