0 0.589396 0.595430 0.569125 0.244797 0.543750 0.554688 2.000000 0.570833 0.540625 2.000000 0.541667 0.542188 2.000000 0.637500 0.546875 2.000000 0.000000 0.000000 0.000000 0.700000 0.625000 2.000000 0.493750 0.634375 2.000000 0.777083 0.656250 2.000000 0.310417 0.682813 1.000000 0.839583 0.684375 2.000000 0.414583 0.581250 2.000000 0.666667 0.828125 1.000000 0.525000 0.826562 1.000000 0.000000 0.000000 0.000000 0.435417 0.839063 1.000000 0.000000 0.000000 0.000000 0.000000 0.000000 0.000000
0 0.279292 0.544391 0.297333 0.234063 0.360417 0.506250 2.000000 0.379167 0.495312 2.000000 0.343750 0.493750 2.000000 0.410417 0.500000 2.000000 0.327083 0.498437 2.000000 0.445833 0.565625 1.000000 0.275000 0.568750 2.000000 0.000000 0.000000 0.000000 0.150000 0.646875 2.000000 0.000000 0.000000 0.000000 0.177083 0.607812 2.000000 0.416667 0.737500 1.000000 0.316667 0.740625 1.000000 0.000000 0.000000 0.000000 0.262500 0.771875 1.000000 0.000000 0.000000 0.000000 0.000000 0.000000 0.000000
0 0.536333 0.456180 0.167792 0.130328 0.560417 0.459375 2.000000 0.570833 0.435937 2.000000 0.535417 0.439063 2.000000 0.593750 0.440625 2.000000 0.510417 0.440625 2.000000 0.000000 0.000000 0.000000 0.000000 0.000000 0.000000 0.000000 0.000000 0.000000 0.000000 0.000000 0.000000 0.000000 0.000000 0.000000 0.410417 0.575000 1.000000 0.000000 0.000000 0.000000 0.000000 0.000000 0.000000 0.000000 0.000000 0.000000 0.000000 0.000000 0.000000 0.000000 0.000000 0.000000 0.000000 0.000000 0.000000
0 0.817125 0.417109 0.110958 0.099594 0.831250 0.401562 2.000000 0.835417 0.396875 2.000000 0.825000 0.396875 2.000000 0.852083 0.398438 2.000000 0.000000 0.000000 0.000000 0.870833 0.421875 1.000000 0.787500 0.425000 1.000000 0.000000 0.000000 0.000000 0.000000 0.000000 0.000000 0.000000 0.000000 0.000000 0.000000 0.000000 0.000000 0.000000 0.000000 0.000000 0.000000 0.000000 0.000000 0.000000 0.000000 0.000000 0.000000 0.000000 0.000000 0.000000 0.000000 0.000000 0.000000 0.000000 0.000000
0 0.831698 0.255180 0.101271 0.138797 0.000000 0.000000 0.000000 0.000000 0.000000 0.000000 0.000000 0.000000 0.000000 0.000000 0.000000 0.000000 0.000000 0.000000 0.000000 0.835417 0.218750 2.000000 0.804167 0.218750 2.000000 0.000000 0.000000 0.000000 0.000000 0.000000 0.000000 0.000000 0.000000 0.000000 0.000000 0.000000 0.000000 0.835417 0.268750 2.000000 0.804167 0.268750 2.000000 0.835417 0.296875 1.000000 0.804167 0.295312 1.000000 0.835417 0.320312 1.000000 0.804167 0.323437 1.000000
0 0.454281 0.286383 0.062521 0.154609 0.000000 0.000000 0.000000 0.000000 0.000000 0.000000 0.000000 0.000000 0.000000 0.439583 0.223438 2.000000 0.000000 0.000000 0.000000 0.443750 0.242188 2.000000 0.462500 0.240625 2.000000 0.441667 0.265625 2.000000 0.000000 0.000000 0.000000 0.433333 0.284375 2.000000 0.000000 0.000000 0.000000 0.452083 0.278125 2.000000 0.468750 0.273438 2.000000 0.450000 0.318750 2.000000 0.454167 0.314063 2.000000 0.470833 0.340625 1.000000 0.447917 0.353125 2.000000
0 0.934625 0.270320 0.055875 0.127891 0.000000 0.000000 0.000000 0.000000 0.000000 0.000000 0.000000 0.000000 0.000000 0.000000 0.000000 0.000000 0.000000 0.000000 0.000000 0.941667 0.235937 2.000000 0.918750 0.240625 2.000000 0.000000 0.000000 0.000000 0.000000 0.000000 0.000000 0.000000 0.000000 0.000000 0.000000 0.000000 0.000000 0.941667 0.271875 2.000000 0.922917 0.273438 2.000000 0.943750 0.298438 2.000000 0.925000 0.300000 2.000000 0.935417 0.318750 2.000000 0.925000 0.325000 2.000000
0 0.541229 0.242836 0.121167 0.078484 0.000000 0.000000 0.000000 0.000000 0.000000 0.000000 0.000000 0.000000 0.000000 0.000000 0.000000 0.000000 0.554167 0.231250 2.000000 0.579167 0.243750 2.000000 0.550000 0.237500 2.000000 0.564583 0.265625 2.000000 0.522917 0.248438 2.000000 0.543750 0.265625 2.000000 0.531250 0.257812 2.000000 0.000000 0.000000 0.000000 0.000000 0.000000 0.000000 0.000000 0.000000 0.000000 0.000000 0.000000 0.000000 0.000000 0.000000 0.000000 0.000000 0.000000 0.000000
0 0.915177 0.467125 0.169646 0.058969 0.927083 0.426563 1.000000 0.933333 0.420312 1.000000 0.918750 0.420312 1.000000 0.000000 0.000000 0.000000 0.000000 0.000000 0.000000 0.954167 0.453125 2.000000 0.887500 0.453125 2.000000 0.950000 0.492188 2.000000 0.847917 0.481250 2.000000 0.891667 0.490625 2.000000 0.000000 0.000000 0.000000 0.000000 0.000000 0.000000 0.000000 0.000000 0.000000 0.000000 0.000000 0.000000 0.000000 0.000000 0.000000 0.000000 0.000000 0.000000 0.000000 0.000000 0.000000
0 0.740323 0.368109 0.130312 0.076563 0.756250 0.365625 2.000000 0.760417 0.360938 2.000000 0.747917 0.360938 2.000000 0.000000 0.000000 0.000000 0.735417 0.362500 2.000000 0.791667 0.385937 1.000000 0.714583 0.387500 2.000000 0.806250 0.418750 1.000000 0.700000 0.420312 1.000000 0.000000 0.000000 0.000000 0.000000 0.000000 0.000000 0.000000 0.000000 0.000000 0.000000 0.000000 0.000000 0.000000 0.000000 0.000000 0.000000 0.000000 0.000000 0.000000 0.000000 0.000000 0.000000 0.000000 0.000000
