0 0.526297 0.458063 0.188906 0.663592 0.490625 0.232394 2.000000 0.503125 0.208920 2.000000 0.475000 0.218310 2.000000 0.517188 0.208920 2.000000 0.453125 0.225352 2.000000 0.564063 0.326291 2.000000 0.435937 0.356808 1.000000 0.610938 0.481221 1.000000 0.440625 0.535211 1.000000 0.590625 0.591549 2.000000 0.510938 0.638498 2.000000 0.595313 0.664319 2.000000 0.515625 0.687793 2.000000 0.000000 0.000000 0.000000 0.000000 0.000000 0.000000 0.000000 0.000000 0.000000 0.000000 0.000000 0.000000
0 0.282719 0.500000 0.361969 1.000000 0.359375 0.237089 2.000000 0.371875 0.201878 2.000000 0.340625 0.187793 2.000000 0.000000 0.000000 0.000000 0.268750 0.157277 2.000000 0.345313 0.328638 2.000000 0.146875 0.340376 2.000000 0.000000 0.000000 0.000000 0.160938 0.711268 2.000000 0.000000 0.000000 0.000000 0.343750 0.704225 2.000000 0.393750 0.784038 2.000000 0.262500 0.821596 2.000000 0.000000 0.000000 0.000000 0.000000 0.000000 0.000000 0.000000 0.000000 0.000000 0.000000 0.000000 0.000000
0 0.683617 0.258838 0.206578 0.291526 0.650000 0.220657 2.000000 0.662500 0.197183 2.000000 0.637500 0.199531 2.000000 0.689063 0.197183 2.000000 0.623437 0.204225 2.000000 0.729688 0.281690 2.000000 0.596875 0.314554 2.000000 0.760938 0.410798 1.000000 0.000000 0.000000 0.000000 0.000000 0.000000 0.000000 0.000000 0.000000 0.000000 0.000000 0.000000 0.000000 0.000000 0.000000 0.000000 0.000000 0.000000 0.000000 0.000000 0.000000 0.000000 0.000000 0.000000 0.000000 0.000000 0.000000 0.000000
0 0.568398 0.878650 0.284203 0.220211 0.000000 0.000000 0.000000 0.000000 0.000000 0.000000 0.000000 0.000000 0.000000 0.439063 0.917840 2.000000 0.673438 0.910798 2.000000 0.000000 0.000000 0.000000 0.000000 0.000000 0.000000 0.000000 0.000000 0.000000 0.000000 0.000000 0.000000 0.000000 0.000000 0.000000 0.000000 0.000000 0.000000 0.000000 0.000000 0.000000 0.000000 0.000000 0.000000 0.000000 0.000000 0.000000 0.000000 0.000000 0.000000 0.000000 0.000000 0.000000 0.000000 0.000000 0.000000
0 0.915258 0.723204 0.169484 0.553592 0.848437 0.570423 2.000000 0.859375 0.565728 2.000000 0.000000 0.000000 0.000000 0.912500 0.607981 2.000000 0.000000 0.000000 0.000000 0.900000 0.776995 2.000000 0.882812 0.666667 2.000000 0.000000 0.000000 0.000000 0.000000 0.000000 0.000000 0.000000 0.000000 0.000000 0.000000 0.000000 0.000000 0.000000 0.000000 0.000000 0.000000 0.000000 0.000000 0.000000 0.000000 0.000000 0.000000 0.000000 0.000000 0.000000 0.000000 0.000000 0.000000 0.000000 0.000000
0 0.717977 0.665176 0.254297 0.642700 0.604688 0.481221 2.000000 0.614062 0.457746 2.000000 0.610938 0.443662 2.000000 0.678125 0.502347 2.000000 0.000000 0.000000 0.000000 0.717187 0.751174 2.000000 0.000000 0.000000 0.000000 0.704688 0.910798 2.000000 0.000000 0.000000 0.000000 0.000000 0.000000 0.000000 0.000000 0.000000 0.000000 0.000000 0.000000 0.000000 0.000000 0.000000 0.000000 0.000000 0.000000 0.000000 0.000000 0.000000 0.000000 0.000000 0.000000 0.000000 0.000000 0.000000 0.000000
0 0.729469 0.215305 0.057313 0.092488 0.735938 0.230047 2.000000 0.745313 0.218310 2.000000 0.725000 0.218310 2.000000 0.754687 0.223005 2.000000 0.703125 0.230047 2.000000 0.000000 0.000000 0.000000 0.000000 0.000000 0.000000 0.000000 0.000000 0.000000 0.000000 0.000000 0.000000 0.000000 0.000000 0.000000 0.000000 0.000000 0.000000 0.000000 0.000000 0.000000 0.000000 0.000000 0.000000 0.000000 0.000000 0.000000 0.000000 0.000000 0.000000 0.000000 0.000000 0.000000 0.000000 0.000000 0.000000
0 0.930000 0.248028 0.140000 0.496056 0.907813 0.140845 2.000000 0.923438 0.107981 2.000000 0.896875 0.126761 2.000000 0.975000 0.086854 2.000000 0.000000 0.000000 0.000000 0.000000 0.000000 0.000000 0.885938 0.265258 2.000000 0.000000 0.000000 0.000000 0.873437 0.455399 2.000000 0.000000 0.000000 0.000000 0.000000 0.000000 0.000000 0.000000 0.000000 0.000000 0.000000 0.000000 0.000000 0.000000 0.000000 0.000000 0.000000 0.000000 0.000000 0.000000 0.000000 0.000000 0.000000 0.000000 0.000000
0 0.825398 0.480822 0.098797 0.578451 0.853125 0.208920 2.000000 0.000000 0.000000 0.000000 0.000000 0.000000 0.000000 0.000000 0.000000 0.000000 0.000000 0.000000 0.000000 0.895312 0.288732 1.000000 0.818750 0.293427 2.000000 0.000000 0.000000 0.000000 0.785937 0.408451 1.000000 0.856250 0.309859 2.000000 0.790625 0.286385 2.000000 0.879687 0.528169 1.000000 0.829688 0.528169 2.000000 0.000000 0.000000 0.000000 0.856250 0.687793 2.000000 0.000000 0.000000 0.000000 0.868750 0.819249 1.000000
0 0.064914 0.692594 0.123266 0.323451 0.000000 0.000000 0.000000 0.000000 0.000000 0.000000 0.000000 0.000000 0.000000 0.000000 0.000000 0.000000 0.000000 0.000000 0.000000 0.000000 0.000000 0.000000 0.000000 0.000000 0.000000 0.057813 0.673709 2.000000 0.000000 0.000000 0.000000 0.095312 0.774648 2.000000 0.035937 0.852113 1.000000 0.000000 0.000000 0.000000 0.000000 0.000000 0.000000 0.000000 0.000000 0.000000 0.000000 0.000000 0.000000 0.000000 0.000000 0.000000 0.000000 0.000000 0.000000
