0 0.252580 0.280887 0.224720 0.341575 0.220000 0.212500 2.000000 0.230000 0.192500 2.000000 0.210000 0.192500 2.000000 0.266000 0.187500 2.000000 0.000000 0.000000 0.000000 0.336000 0.262500 2.000000 0.216000 0.260000 2.000000 0.356000 0.367500 1.000000 0.214000 0.375000 2.000000 0.322000 0.342500 1.000000 0.174000 0.315000 2.000000 0.314000 0.465000 1.000000 0.234000 0.462500 1.000000 0.294000 0.567500 1.000000 0.216000 0.555000 1.000000 0.000000 0.000000 0.000000 0.000000 0.000000 0.000000
0 0.436860 0.407175 0.384720 0.644950 0.518000 0.265000 2.000000 0.540000 0.242500 2.000000 0.502000 0.235000 2.000000 0.000000 0.000000 0.000000 0.456000 0.205000 2.000000 0.554000 0.315000 2.000000 0.400000 0.305000 2.000000 0.562000 0.505000 2.000000 0.280000 0.472500 2.000000 0.584000 0.650000 2.000000 0.330000 0.635000 2.000000 0.508000 0.675000 2.000000 0.386000 0.672500 2.000000 0.000000 0.000000 0.000000 0.000000 0.000000 0.000000 0.000000 0.000000 0.000000 0.000000 0.000000 0.000000
0 0.127310 0.694688 0.236580 0.564325 0.164000 0.535000 2.000000 0.000000 0.000000 0.000000 0.144000 0.525000 2.000000 0.000000 0.000000 0.000000 0.086000 0.530000 2.000000 0.138000 0.595000 2.000000 0.072000 0.647500 2.000000 0.190000 0.675000 2.000000 0.114000 0.802500 2.000000 0.190000 0.620000 2.000000 0.204000 0.797500 1.000000 0.180000 0.815000 2.000000 0.134000 0.855000 2.000000 0.000000 0.000000 0.000000 0.000000 0.000000 0.000000 0.000000 0.000000 0.000000 0.000000 0.000000 0.000000
0 0.255920 0.599887 0.140640 0.383525 0.000000 0.000000 0.000000 0.000000 0.000000 0.000000 0.000000 0.000000 0.000000 0.000000 0.000000 0.000000 0.228000 0.530000 2.000000 0.280000 0.590000 2.000000 0.228000 0.607500 2.000000 0.000000 0.000000 0.000000 0.270000 0.717500 2.000000 0.000000 0.000000 0.000000 0.328000 0.642500 1.000000 0.000000 0.000000 0.000000 0.000000 0.000000 0.000000 0.000000 0.000000 0.000000 0.000000 0.000000 0.000000 0.000000 0.000000 0.000000 0.000000 0.000000 0.000000
0 0.817080 0.380900 0.210320 0.424700 0.752000 0.287500 2.000000 0.768000 0.265000 2.000000 0.738000 0.262500 2.000000 0.814000 0.267500 2.000000 0.000000 0.000000 0.000000 0.870000 0.330000 2.000000 0.730000 0.380000 2.000000 0.914000 0.442500 2.000000 0.730000 0.495000 1.000000 0.900000 0.555000 2.000000 0.000000 0.000000 0.000000 0.878000 0.570000 2.000000 0.790000 0.592500 1.000000 0.000000 0.000000 0.000000 0.000000 0.000000 0.000000 0.000000 0.000000 0.000000 0.000000 0.000000 0.000000
0 0.032430 0.717337 0.064860 0.175675 0.000000 0.000000 0.000000 0.000000 0.000000 0.000000 0.000000 0.000000 0.000000 0.000000 0.000000 0.000000 0.000000 0.000000 0.000000 0.000000 0.000000 0.000000 0.000000 0.000000 0.000000 0.000000 0.000000 0.000000 0.000000 0.000000 0.000000 0.000000 0.000000 0.000000 0.002000 0.755000 2.000000 0.000000 0.000000 0.000000 0.000000 0.000000 0.000000 0.000000 0.000000 0.000000 0.000000 0.000000 0.000000 0.000000 0.000000 0.000000 0.000000 0.000000 0.000000
0 0.681140 0.590250 0.164760 0.259550 0.666000 0.590000 2.000000 0.684000 0.577500 2.000000 0.656000 0.572500 2.000000 0.000000 0.000000 0.000000 0.000000 0.000000 0.000000 0.728000 0.652500 2.000000 0.646000 0.615000 2.000000 0.000000 0.000000 0.000000 0.602000 0.680000 2.000000 0.000000 0.000000 0.000000 0.642000 0.647500 2.000000 0.000000 0.000000 0.000000 0.000000 0.000000 0.000000 0.000000 0.000000 0.000000 0.000000 0.000000 0.000000 0.000000 0.000000 0.000000 0.000000 0.000000 0.000000
0 0.069440 0.899988 0.138880 0.200025 0.128000 0.945000 2.000000 0.000000 0.000000 0.000000 0.108000 0.937500 2.000000 0.000000 0.000000 0.000000 0.000000 0.000000 0.000000 0.000000 0.000000 0.000000 0.000000 0.000000 0.000000 0.000000 0.000000 0.000000 0.000000 0.000000 0.000000 0.000000 0.000000 0.000000 0.000000 0.000000 0.000000 0.000000 0.000000 0.000000 0.000000 0.000000 0.000000 0.000000 0.000000 0.000000 0.000000 0.000000 0.000000 0.000000 0.000000 0.000000 0.000000 0.000000 0.000000
0 0.939600 0.690588 0.120800 0.581675 0.966000 0.540000 1.000000 0.990000 0.525000 2.000000 0.000000 0.000000 0.000000 0.000000 0.000000 0.000000 0.000000 0.000000 0.000000 0.000000 0.000000 0.000000 0.972000 0.605000 2.000000 0.000000 0.000000 0.000000 0.956000 0.690000 2.000000 0.000000 0.000000 0.000000 0.914000 0.687500 2.000000 0.000000 0.000000 0.000000 0.966000 0.875000 2.000000 0.000000 0.000000 0.000000 0.000000 0.000000 0.000000 0.000000 0.000000 0.000000 0.000000 0.000000 0.000000
0 0.820200 0.659038 0.258760 0.451525 0.706000 0.585000 1.000000 0.714000 0.565000 2.000000 0.000000 0.000000 0.000000 0.756000 0.562500 2.000000 0.000000 0.000000 0.000000 0.810000 0.640000 2.000000 0.770000 0.625000 2.000000 0.832000 0.747500 2.000000 0.796000 0.692500 2.000000 0.740000 0.757500 2.000000 0.746000 0.727500 2.000000 0.896000 0.812500 2.000000 0.874000 0.802500 1.000000 0.000000 0.000000 0.000000 0.000000 0.000000 0.000000 0.000000 0.000000 0.000000 0.000000 0.000000 0.000000
