0 0.203437 0.735552 0.144531 0.350775 0.242188 0.600939 2.000000 0.245312 0.591549 2.000000 0.235937 0.591549 2.000000 0.000000 0.000000 0.000000 0.221875 0.598592 2.000000 0.248438 0.643192 1.000000 0.210938 0.647887 2.000000 0.000000 0.000000 0.000000 0.209375 0.718310 2.000000 0.000000 0.000000 0.000000 0.245312 0.762911 2.000000 0.248438 0.793427 2.000000 0.231250 0.791080 2.000000 0.226562 0.889671 2.000000 0.235937 0.887324 2.000000 0.165625 0.854460 2.000000 0.168750 0.873239 2.000000
0 0.196078 0.646162 0.112688 0.392793 0.000000 0.000000 0.000000 0.000000 0.000000 0.000000 0.000000 0.000000 0.000000 0.000000 0.000000 0.000000 0.000000 0.000000 0.000000 0.204687 0.539906 2.000000 0.157812 0.544601 2.000000 0.218750 0.544601 2.000000 0.131250 0.603286 1.000000 0.229687 0.530516 2.000000 0.165625 0.607981 2.000000 0.209375 0.669014 1.000000 0.175000 0.676056 2.000000 0.221875 0.751174 1.000000 0.168750 0.769953 2.000000 0.209375 0.842723 1.000000 0.148438 0.873239 1.000000
0 0.288664 0.595305 0.082453 0.256103 0.292187 0.511737 2.000000 0.296875 0.502347 2.000000 0.289062 0.502347 2.000000 0.000000 0.000000 0.000000 0.000000 0.000000 0.000000 0.309375 0.561033 2.000000 0.257812 0.558685 2.000000 0.000000 0.000000 0.000000 0.000000 0.000000 0.000000 0.000000 0.000000 0.000000 0.000000 0.000000 0.000000 0.304688 0.673709 1.000000 0.271875 0.673709 1.000000 0.000000 0.000000 0.000000 0.000000 0.000000 0.000000 0.000000 0.000000 0.000000 0.000000 0.000000 0.000000
0 0.399602 0.717535 0.123016 0.310704 0.401562 0.603286 2.000000 0.406250 0.596244 2.000000 0.396875 0.596244 2.000000 0.000000 0.000000 0.000000 0.000000 0.000000 0.000000 0.423438 0.654930 2.000000 0.371875 0.650235 2.000000 0.440625 0.713615 2.000000 0.356250 0.711268 2.000000 0.451562 0.765258 2.000000 0.353125 0.767606 2.000000 0.417187 0.774648 2.000000 0.382812 0.774648 2.000000 0.420312 0.861502 2.000000 0.379688 0.866197 2.000000 0.000000 0.000000 0.000000 0.000000 0.000000 0.000000
0 0.514633 0.645540 0.083484 0.341221 0.509375 0.518779 2.000000 0.515625 0.509390 2.000000 0.503125 0.509390 2.000000 0.000000 0.000000 0.000000 0.493750 0.516432 2.000000 0.534375 0.542254 2.000000 0.489063 0.561033 2.000000 0.000000 0.000000 0.000000 0.489063 0.617371 2.000000 0.000000 0.000000 0.000000 0.514062 0.607981 2.000000 0.542188 0.666667 2.000000 0.506250 0.680751 2.000000 0.542188 0.730047 1.000000 0.506250 0.741784 2.000000 0.540625 0.791080 1.000000 0.507812 0.800469 2.000000
0 0.839883 0.552817 0.076297 0.382019 0.000000 0.000000 0.000000 0.850000 0.422535 2.000000 0.840625 0.422535 2.000000 0.000000 0.000000 0.000000 0.828125 0.427230 2.000000 0.859375 0.460094 2.000000 0.809375 0.469484 2.000000 0.870313 0.504695 2.000000 0.804688 0.523474 1.000000 0.875000 0.544601 2.000000 0.823438 0.551643 2.000000 0.857812 0.532864 2.000000 0.831250 0.537559 2.000000 0.862500 0.633803 2.000000 0.834375 0.640845 2.000000 0.864062 0.708920 2.000000 0.829688 0.711268 2.000000
0 0.289438 0.705610 0.064312 0.265164 0.289062 0.624413 2.000000 0.296875 0.615023 2.000000 0.281250 0.612676 2.000000 0.000000 0.000000 0.000000 0.000000 0.000000 0.000000 0.309375 0.650235 2.000000 0.251563 0.640845 1.000000 0.000000 0.000000 0.000000 0.000000 0.000000 0.000000 0.000000 0.000000 0.000000 0.000000 0.000000 0.000000 0.298438 0.746479 2.000000 0.265625 0.746479 1.000000 0.000000 0.000000 0.000000 0.000000 0.000000 0.000000 0.000000 0.000000 0.000000 0.000000 0.000000 0.000000
0 0.377789 0.596843 0.062953 0.204953 0.393750 0.530516 2.000000 0.398438 0.525822 2.000000 0.389062 0.525822 2.000000 0.000000 0.000000 0.000000 0.000000 0.000000 0.000000 0.415625 0.582160 1.000000 0.364063 0.582160 2.000000 0.423438 0.633803 1.000000 0.351562 0.633803 2.000000 0.000000 0.000000 0.000000 0.000000 0.000000 0.000000 0.410938 0.687793 1.000000 0.371875 0.690141 1.000000 0.000000 0.000000 0.000000 0.000000 0.000000 0.000000 0.000000 0.000000 0.000000 0.000000 0.000000 0.000000
0 0.455992 0.636408 0.096016 0.405399 0.000000 0.000000 0.000000 0.000000 0.000000 0.000000 0.000000 0.000000 0.000000 0.000000 0.000000 0.000000 0.000000 0.000000 0.000000 0.473438 0.532864 2.000000 0.418750 0.537559 2.000000 0.490625 0.570423 1.000000 0.000000 0.000000 0.000000 0.478125 0.600939 1.000000 0.000000 0.000000 0.000000 0.464062 0.652582 2.000000 0.426563 0.652582 1.000000 0.470313 0.727700 2.000000 0.435937 0.732394 1.000000 0.482812 0.802817 2.000000 0.442188 0.809859 2.000000
0 0.096812 0.664190 0.099219 0.475610 0.131250 0.483568 2.000000 0.139063 0.474178 2.000000 0.112500 0.467136 2.000000 0.000000 0.000000 0.000000 0.000000 0.000000 0.000000 0.135937 0.549296 2.000000 0.087500 0.528169 2.000000 0.000000 0.000000 0.000000 0.059375 0.579812 2.000000 0.000000 0.000000 0.000000 0.071875 0.617371 2.000000 0.129688 0.683099 2.000000 0.101562 0.678404 2.000000 0.134375 0.762911 2.000000 0.093750 0.760563 2.000000 0.129688 0.835681 2.000000 0.081250 0.840376 2.000000
