0 0.135990 0.717787 0.270660 0.564427 0.178000 0.605333 2.000000 0.000000 0.000000 0.000000 0.180000 0.578667 2.000000 0.000000 0.000000 0.000000 0.148000 0.525333 2.000000 0.072000 0.469333 2.000000 0.024000 0.549333 2.000000 0.056000 0.680000 2.000000 0.084000 0.805333 2.000000 0.150000 0.738667 2.000000 0.210000 0.810667 2.000000 0.000000 0.000000 0.000000 0.000000 0.000000 0.000000 0.000000 0.000000 0.000000 0.000000 0.000000 0.000000 0.000000 0.000000 0.000000 0.000000 0.000000 0.000000
0 0.300990 0.626453 0.095420 0.331040 0.330000 0.528000 2.000000 0.000000 0.000000 0.000000 0.324000 0.520000 2.000000 0.000000 0.000000 0.000000 0.294000 0.520000 2.000000 0.298000 0.570667 2.000000 0.278000 0.581333 2.000000 0.000000 0.000000 0.000000 0.280000 0.672000 2.000000 0.000000 0.000000 0.000000 0.322000 0.642667 2.000000 0.304000 0.717333 2.000000 0.280000 0.730667 2.000000 0.310000 0.816000 1.000000 0.282000 0.821333 1.000000 0.000000 0.000000 0.000000 0.000000 0.000000 0.000000
0 0.373740 0.594293 0.163120 0.565013 0.412000 0.424000 2.000000 0.000000 0.000000 0.000000 0.406000 0.402667 2.000000 0.000000 0.000000 0.000000 0.370000 0.378667 2.000000 0.348000 0.416000 2.000000 0.338000 0.421333 2.000000 0.000000 0.000000 0.000000 0.346000 0.530667 2.000000 0.000000 0.000000 0.000000 0.412000 0.584000 2.000000 0.338000 0.632000 1.000000 0.314000 0.637333 1.000000 0.340000 0.749333 2.000000 0.310000 0.762667 1.000000 0.336000 0.866667 2.000000 0.308000 0.885333 1.000000
0 0.438630 0.698667 0.126620 0.512907 0.432000 0.522667 2.000000 0.442000 0.512000 2.000000 0.424000 0.512000 2.000000 0.000000 0.000000 0.000000 0.406000 0.504000 2.000000 0.458000 0.536000 1.000000 0.386000 0.541333 2.000000 0.000000 0.000000 0.000000 0.384000 0.624000 2.000000 0.000000 0.000000 0.000000 0.410000 0.618667 2.000000 0.450000 0.682667 2.000000 0.410000 0.685333 2.000000 0.438000 0.813333 2.000000 0.410000 0.810667 2.000000 0.430000 0.866667 2.000000 0.412000 0.869333 2.000000
0 0.693680 0.600040 0.090480 0.396240 0.716000 0.453333 2.000000 0.720000 0.450667 2.000000 0.708000 0.442667 2.000000 0.000000 0.000000 0.000000 0.692000 0.440000 2.000000 0.722000 0.506667 2.000000 0.662000 0.485333 2.000000 0.724000 0.554667 2.000000 0.000000 0.000000 0.000000 0.712000 0.600000 2.000000 0.000000 0.000000 0.000000 0.694000 0.632000 2.000000 0.650000 0.624000 1.000000 0.686000 0.714667 2.000000 0.000000 0.000000 0.000000 0.688000 0.805333 1.000000 0.000000 0.000000 0.000000
0 0.744330 0.685320 0.120740 0.406000 0.000000 0.000000 0.000000 0.000000 0.000000 0.000000 0.000000 0.000000 0.000000 0.000000 0.000000 0.000000 0.000000 0.000000 0.000000 0.792000 0.538667 2.000000 0.744000 0.522667 2.000000 0.792000 0.621333 1.000000 0.726000 0.584000 2.000000 0.782000 0.674667 2.000000 0.718000 0.610667 2.000000 0.766000 0.645333 2.000000 0.728000 0.634667 2.000000 0.752000 0.757333 2.000000 0.722000 0.746667 2.000000 0.752000 0.837333 2.000000 0.720000 0.816000 2.000000
0 0.885620 0.639720 0.228760 0.559973 0.844000 0.453333 2.000000 0.848000 0.440000 2.000000 0.000000 0.000000 0.000000 0.890000 0.429333 2.000000 0.000000 0.000000 0.000000 0.940000 0.434667 2.000000 0.882000 0.448000 2.000000 0.890000 0.584000 2.000000 0.884000 0.538667 2.000000 0.820000 0.522667 2.000000 0.830000 0.493333 1.000000 0.000000 0.000000 0.000000 0.940000 0.637333 1.000000 0.974000 0.778667 2.000000 0.928000 0.773333 2.000000 0.986000 0.949333 1.000000 0.916000 0.941333 1.000000
0 0.572930 0.636213 0.249540 0.600587 0.502000 0.437333 2.000000 0.506000 0.424000 2.000000 0.000000 0.000000 0.000000 0.536000 0.405333 2.000000 0.000000 0.000000 0.000000 0.578000 0.450667 2.000000 0.516000 0.448000 2.000000 0.562000 0.546667 2.000000 0.490000 0.528000 2.000000 0.488000 0.594667 2.000000 0.436000 0.576000 1.000000 0.604000 0.626667 2.000000 0.552000 0.618667 2.000000 0.000000 0.000000 0.000000 0.000000 0.000000 0.000000 0.000000 0.000000 0.000000 0.000000 0.000000 0.000000
0 0.634450 0.348573 0.083020 0.200560 0.646000 0.304000 2.000000 0.654000 0.298667 2.000000 0.642000 0.298667 2.000000 0.000000 0.000000 0.000000 0.000000 0.000000 0.000000 0.680000 0.365333 1.000000 0.628000 0.344000 2.000000 0.000000 0.000000 0.000000 0.604000 0.314667 2.000000 0.000000 0.000000 0.000000 0.596000 0.269333 2.000000 0.660000 0.485333 1.000000 0.636000 0.477333 1.000000 0.000000 0.000000 0.000000 0.000000 0.000000 0.000000 0.000000 0.000000 0.000000 0.000000 0.000000 0.000000
0 0.355650 0.286547 0.109340 0.157573 0.364000 0.264000 2.000000 0.370000 0.253333 2.000000 0.354000 0.256000 2.000000 0.000000 0.000000 0.000000 0.342000 0.248000 2.000000 0.390000 0.298667 2.000000 0.314000 0.314667 2.000000 0.426000 0.357333 1.000000 0.314000 0.373333 1.000000 0.400000 0.320000 1.000000 0.338000 0.322667 2.000000 0.388000 0.432000 1.000000 0.338000 0.437333 1.000000 0.000000 0.000000 0.000000 0.000000 0.000000 0.000000 0.000000 0.000000 0.000000 0.000000 0.000000 0.000000
0 0.200890 0.339907 0.090300 0.154800 0.210000 0.301333 2.000000 0.218000 0.296000 2.000000 0.202000 0.293333 2.000000 0.230000 0.309333 2.000000 0.190000 0.306667 2.000000 0.236000 0.360000 2.000000 0.176000 0.354667 2.000000 0.000000 0.000000 0.000000 0.174000 0.418667 1.000000 0.000000 0.000000 0.000000 0.196000 0.360000 2.000000 0.000000 0.000000 0.000000 0.000000 0.000000 0.000000 0.000000 0.000000 0.000000 0.000000 0.000000 0.000000 0.000000 0.000000 0.000000 0.000000 0.000000 0.000000
