0 0.517305 0.584836 0.353922 0.830328 0.534375 0.311475 2.000000 0.551562 0.288056 2.000000 0.518750 0.285714 2.000000 0.565625 0.281030 2.000000 0.478125 0.274005 2.000000 0.532813 0.386417 2.000000 0.442188 0.386417 2.000000 0.534375 0.594848 2.000000 0.378125 0.454333 2.000000 0.631250 0.618267 2.000000 0.392188 0.398126 2.000000 0.521875 0.768150 2.000000 0.442188 0.761124 2.000000 0.000000 0.000000 0.000000 0.000000 0.000000 0.000000 0.000000 0.000000 0.000000 0.000000 0.000000 0.000000
0 0.190961 0.597096 0.226984 0.463419 0.192188 0.477752 2.000000 0.204687 0.449649 2.000000 0.171875 0.454333 2.000000 0.221875 0.463700 2.000000 0.150000 0.463700 2.000000 0.243750 0.555035 2.000000 0.131250 0.557377 2.000000 0.300000 0.761124 2.000000 0.093750 0.737705 2.000000 0.239063 0.688525 2.000000 0.157812 0.681499 2.000000 0.206250 0.796253 2.000000 0.153125 0.793911 2.000000 0.000000 0.000000 0.000000 0.000000 0.000000 0.000000 0.000000 0.000000 0.000000 0.000000 0.000000 0.000000
0 0.838109 0.613489 0.242875 0.422482 0.800000 0.548009 2.000000 0.809375 0.524590 2.000000 0.785937 0.524590 2.000000 0.840625 0.484778 2.000000 0.000000 0.000000 0.000000 0.906250 0.545667 2.000000 0.768750 0.555035 2.000000 0.939063 0.711944 1.000000 0.000000 0.000000 0.000000 0.815625 0.765808 1.000000 0.000000 0.000000 0.000000 0.884375 0.822014 1.000000 0.775000 0.814988 1.000000 0.000000 0.000000 0.000000 0.000000 0.000000 0.000000 0.000000 0.000000 0.000000 0.000000 0.000000 0.000000
0 0.660430 0.132611 0.087578 0.131265 0.653125 0.131148 2.000000 0.668750 0.126464 2.000000 0.643750 0.119438 2.000000 0.685937 0.159251 2.000000 0.626563 0.138173 2.000000 0.000000 0.000000 0.000000 0.000000 0.000000 0.000000 0.000000 0.000000 0.000000 0.000000 0.000000 0.000000 0.000000 0.000000 0.000000 0.000000 0.000000 0.000000 0.000000 0.000000 0.000000 0.000000 0.000000 0.000000 0.000000 0.000000 0.000000 0.000000 0.000000 0.000000 0.000000 0.000000 0.000000 0.000000 0.000000 0.000000
0 0.311953 0.195199 0.109406 0.266698 0.310937 0.149883 2.000000 0.325000 0.135831 2.000000 0.296875 0.133489 2.000000 0.342187 0.147541 2.000000 0.276562 0.140515 2.000000 0.000000 0.000000 0.000000 0.000000 0.000000 0.000000 0.000000 0.000000 0.000000 0.000000 0.000000 0.000000 0.000000 0.000000 0.000000 0.000000 0.000000 0.000000 0.000000 0.000000 0.000000 0.000000 0.000000 0.000000 0.000000 0.000000 0.000000 0.000000 0.000000 0.000000 0.000000 0.000000 0.000000 0.000000 0.000000 0.000000
0 0.732289 0.524403 0.075922 0.285386 0.725000 0.461358 2.000000 0.739062 0.440281 2.000000 0.707812 0.442623 2.000000 0.764062 0.463700 2.000000 0.000000 0.000000 0.000000 0.000000 0.000000 0.000000 0.000000 0.000000 0.000000 0.000000 0.000000 0.000000 0.000000 0.000000 0.000000 0.000000 0.000000 0.000000 0.000000 0.000000 0.000000 0.000000 0.000000 0.000000 0.000000 0.000000 0.000000 0.000000 0.000000 0.000000 0.000000 0.000000 0.000000 0.000000 0.000000 0.000000 0.000000 0.000000 0.000000
0 0.677367 0.372260 0.072859 0.187049 0.671875 0.358314 2.000000 0.682813 0.346604 2.000000 0.665625 0.344262 2.000000 0.701562 0.351288 2.000000 0.650000 0.337237 2.000000 0.000000 0.000000 0.000000 0.000000 0.000000 0.000000 0.000000 0.000000 0.000000 0.000000 0.000000 0.000000 0.000000 0.000000 0.000000 0.000000 0.000000 0.000000 0.000000 0.000000 0.000000 0.000000 0.000000 0.000000 0.000000 0.000000 0.000000 0.000000 0.000000 0.000000 0.000000 0.000000 0.000000 0.000000 0.000000 0.000000
0 0.071234 0.347459 0.142469 0.250281 0.057813 0.316159 2.000000 0.068750 0.297424 2.000000 0.045312 0.295082 2.000000 0.079687 0.323185 2.000000 0.015625 0.311475 2.000000 0.090625 0.419204 2.000000 0.000000 0.000000 0.000000 0.000000 0.000000 0.000000 0.000000 0.000000 0.000000 0.000000 0.000000 0.000000 0.000000 0.000000 0.000000 0.000000 0.000000 0.000000 0.000000 0.000000 0.000000 0.000000 0.000000 0.000000 0.000000 0.000000 0.000000 0.000000 0.000000 0.000000 0.000000 0.000000 0.000000
0 0.138992 0.195948 0.148766 0.389649 0.148438 0.084309 2.000000 0.160938 0.065574 2.000000 0.137500 0.063232 2.000000 0.000000 0.000000 0.000000 0.000000 0.000000 0.000000 0.203125 0.163934 2.000000 0.096875 0.166276 2.000000 0.000000 0.000000 0.000000 0.000000 0.000000 0.000000 0.000000 0.000000 0.000000 0.000000 0.000000 0.000000 0.000000 0.000000 0.000000 0.000000 0.000000 0.000000 0.000000 0.000000 0.000000 0.000000 0.000000 0.000000 0.000000 0.000000 0.000000 0.000000 0.000000 0.000000
0 0.860555 0.767752 0.242359 0.299485 0.878125 0.711944 2.000000 0.890625 0.695550 2.000000 0.867188 0.690867 2.000000 0.921875 0.716628 2.000000 0.000000 0.000000 0.000000 0.954688 0.803279 2.000000 0.828125 0.789227 2.000000 0.937500 0.911007 2.000000 0.759375 0.880562 2.000000 0.881250 0.793911 2.000000 0.801562 0.768150 2.000000 0.000000 0.000000 0.000000 0.000000 0.000000 0.000000 0.000000 0.000000 0.000000 0.000000 0.000000 0.000000 0.000000 0.000000 0.000000 0.000000 0.000000 0.000000
0 0.641891 0.253326 0.098000 0.181920 0.646875 0.266979 1.000000 0.659375 0.252927 2.000000 0.634375 0.250585 1.000000 0.684375 0.257611 2.000000 0.620313 0.248244 2.000000 0.714063 0.372365 1.000000 0.596875 0.341920 2.000000 0.000000 0.000000 0.000000 0.000000 0.000000 0.000000 0.000000 0.000000 0.000000 0.000000 0.000000 0.000000 0.000000 0.000000 0.000000 0.000000 0.000000 0.000000 0.000000 0.000000 0.000000 0.000000 0.000000 0.000000 0.000000 0.000000 0.000000 0.000000 0.000000 0.000000
0 0.195453 0.335082 0.070250 0.093817 0.193750 0.374707 1.000000 0.207813 0.353630 2.000000 0.179688 0.355972 2.000000 0.000000 0.000000 0.000000 0.000000 0.000000 0.000000 0.000000 0.000000 0.000000 0.000000 0.000000 0.000000 0.000000 0.000000 0.000000 0.000000 0.000000 0.000000 0.000000 0.000000 0.000000 0.000000 0.000000 0.000000 0.000000 0.000000 0.000000 0.000000 0.000000 0.000000 0.000000 0.000000 0.000000 0.000000 0.000000 0.000000 0.000000 0.000000 0.000000 0.000000 0.000000 0.000000
0 0.835836 0.172927 0.076109 0.216066 0.831250 0.163934 2.000000 0.843750 0.142857 2.000000 0.820312 0.138173 2.000000 0.859375 0.147541 2.000000 0.798438 0.138173 1.000000 0.878125 0.234192 1.000000 0.771875 0.234192 1.000000 0.000000 0.000000 0.000000 0.000000 0.000000 0.000000 0.000000 0.000000 0.000000 0.000000 0.000000 0.000000 0.000000 0.000000 0.000000 0.000000 0.000000 0.000000 0.000000 0.000000 0.000000 0.000000 0.000000 0.000000 0.000000 0.000000 0.000000 0.000000 0.000000 0.000000
