0 0.332070 0.567810 0.150141 0.248407 0.340625 0.501171 2.000000 0.350000 0.494145 2.000000 0.332813 0.489461 1.000000 0.000000 0.000000 0.000000 0.000000 0.000000 0.000000 0.379688 0.557377 2.000000 0.287500 0.543326 1.000000 0.387500 0.665105 2.000000 0.267188 0.655738 2.000000 0.329688 0.690867 1.000000 0.289062 0.693208 1.000000 0.000000 0.000000 0.000000 0.000000 0.000000 0.000000 0.000000 0.000000 0.000000 0.000000 0.000000 0.000000 0.000000 0.000000 0.000000 0.000000 0.000000 0.000000
0 0.308023 0.590515 0.217391 0.738829 0.303125 0.276347 2.000000 0.307812 0.269321 2.000000 0.292187 0.271663 2.000000 0.000000 0.000000 0.000000 0.278125 0.288056 2.000000 0.320312 0.395785 2.000000 0.271875 0.306792 2.000000 0.325000 0.526932 2.000000 0.303125 0.316159 2.000000 0.329688 0.489461 2.000000 0.376563 0.262295 2.000000 0.290625 0.540984 2.000000 0.245312 0.536300 2.000000 0.353125 0.697892 2.000000 0.242188 0.756440 2.000000 0.343750 0.871194 2.000000 0.215625 0.861827 2.000000
0 0.071969 0.592881 0.134937 0.197752 0.079687 0.550351 2.000000 0.087500 0.538642 2.000000 0.070312 0.538642 2.000000 0.098437 0.545667 2.000000 0.056250 0.545667 2.000000 0.115625 0.604215 2.000000 0.040625 0.601874 2.000000 0.128125 0.697892 1.000000 0.010937 0.688525 1.000000 0.092188 0.662763 2.000000 0.028125 0.695550 1.000000 0.101562 0.768150 1.000000 0.043750 0.765808 1.000000 0.000000 0.000000 0.000000 0.000000 0.000000 0.000000 0.000000 0.000000 0.000000 0.000000 0.000000 0.000000
0 0.494016 0.583150 0.139437 0.222459 0.495312 0.505855 2.000000 0.501563 0.494145 2.000000 0.487500 0.494145 2.000000 0.515625 0.517564 2.000000 0.476562 0.515222 2.000000 0.534375 0.576112 2.000000 0.467187 0.580796 2.000000 0.557813 0.639344 1.000000 0.429688 0.662763 2.000000 0.510938 0.688525 1.000000 0.479687 0.690867 2.000000 0.521875 0.707260 1.000000 0.484375 0.709602 1.000000 0.000000 0.000000 0.000000 0.000000 0.000000 0.000000 0.000000 0.000000 0.000000 0.000000 0.000000 0.000000
0 0.817812 0.598466 0.132688 0.204520 0.815625 0.548009 2.000000 0.823438 0.538642 2.000000 0.809375 0.538642 2.000000 0.831250 0.552693 2.000000 0.793750 0.548009 2.000000 0.853125 0.611241 2.000000 0.768750 0.597190 1.000000 0.864062 0.690867 2.000000 0.000000 0.000000 0.000000 0.000000 0.000000 0.000000 0.000000 0.000000 0.000000 0.000000 0.000000 0.000000 0.000000 0.000000 0.000000 0.000000 0.000000 0.000000 0.000000 0.000000 0.000000 0.000000 0.000000 0.000000 0.000000 0.000000 0.000000
0 0.616961 0.473033 0.136422 0.271920 0.610938 0.384075 2.000000 0.618750 0.372365 2.000000 0.603125 0.377049 2.000000 0.632812 0.379391 2.000000 0.000000 0.000000 0.000000 0.667188 0.459016 2.000000 0.579688 0.442623 2.000000 0.678125 0.543326 1.000000 0.562500 0.531616 2.000000 0.617188 0.559719 1.000000 0.567187 0.545667 2.000000 0.648438 0.606557 1.000000 0.585938 0.594848 1.000000 0.000000 0.000000 0.000000 0.000000 0.000000 0.000000 0.000000 0.000000 0.000000 0.000000 0.000000 0.000000
0 0.749562 0.517986 0.116469 0.355082 0.745313 0.384075 2.000000 0.753125 0.377049 2.000000 0.739062 0.379391 2.000000 0.764062 0.388759 2.000000 0.728125 0.388759 2.000000 0.782813 0.449649 2.000000 0.710938 0.456674 2.000000 0.793750 0.522248 1.000000 0.701562 0.533958 2.000000 0.760938 0.585480 2.000000 0.723437 0.590164 2.000000 0.762500 0.597190 2.000000 0.718750 0.597190 2.000000 0.754687 0.644028 1.000000 0.715625 0.644028 1.000000 0.000000 0.000000 0.000000 0.000000 0.000000 0.000000
0 0.813664 0.367342 0.105297 0.290515 0.798438 0.278689 2.000000 0.804688 0.266979 2.000000 0.790625 0.269321 2.000000 0.814063 0.269321 2.000000 0.779687 0.278689 2.000000 0.843750 0.311475 2.000000 0.767188 0.332553 2.000000 0.856250 0.391101 2.000000 0.785937 0.412178 2.000000 0.832812 0.440281 2.000000 0.804688 0.442623 2.000000 0.846875 0.437939 2.000000 0.806250 0.437939 2.000000 0.823438 0.480094 2.000000 0.798438 0.475410 1.000000 0.840625 0.566745 1.000000 0.806250 0.569087 1.000000
0 0.177859 0.590433 0.085750 0.206066 0.206250 0.548009 2.000000 0.210938 0.536300 2.000000 0.195312 0.540984 2.000000 0.000000 0.000000 0.000000 0.181250 0.555035 2.000000 0.245312 0.625293 1.000000 0.157812 0.629977 2.000000 0.000000 0.000000 0.000000 0.000000 0.000000 0.000000 0.000000 0.000000 0.000000 0.000000 0.000000 0.000000 0.000000 0.000000 0.000000 0.000000 0.000000 0.000000 0.000000 0.000000 0.000000 0.000000 0.000000 0.000000 0.000000 0.000000 0.000000 0.000000 0.000000 0.000000
0 0.601539 0.582248 0.262516 0.234192 0.648438 0.517564 2.000000 0.657813 0.503513 2.000000 0.640625 0.503513 2.000000 0.668750 0.515222 2.000000 0.626563 0.512881 2.000000 0.689063 0.576112 2.000000 0.607812 0.571429 2.000000 0.720313 0.676815 2.000000 0.567187 0.648712 2.000000 0.678125 0.700234 1.000000 0.518750 0.674473 2.000000 0.675000 0.721311 1.000000 0.615625 0.721311 1.000000 0.000000 0.000000 0.000000 0.000000 0.000000 0.000000 0.000000 0.000000 0.000000 0.000000 0.000000 0.000000
0 0.900281 0.460585 0.123125 0.356534 0.909375 0.327869 2.000000 0.914062 0.318501 2.000000 0.903125 0.318501 2.000000 0.925000 0.332553 2.000000 0.892188 0.327869 2.000000 0.943750 0.398126 2.000000 0.867188 0.391101 2.000000 0.950000 0.496487 2.000000 0.859375 0.475410 2.000000 0.904687 0.503513 2.000000 0.875000 0.491803 1.000000 0.932813 0.543326 2.000000 0.879687 0.540984 2.000000 0.846875 0.576112 2.000000 0.853125 0.543326 2.000000 0.854688 0.672131 1.000000 0.867188 0.658080 1.000000
