0 0.123734 0.344539 0.247467 0.489203 0.207424 0.162500 2.000000 0.000000 0.000000 0.000000 0.198690 0.151562 2.000000 0.000000 0.000000 0.000000 0.165939 0.145313 2.000000 0.139738 0.187500 2.000000 0.102620 0.187500 2.000000 0.000000 0.000000 0.000000 0.085153 0.268750 2.000000 0.000000 0.000000 0.000000 0.098253 0.340625 2.000000 0.050218 0.309375 2.000000 0.013100 0.312500 2.000000 0.093886 0.425000 2.000000 0.078603 0.425000 2.000000 0.087336 0.523438 2.000000 0.072052 0.556250 2.000000
0 0.397194 0.250570 0.166659 0.142453 0.406114 0.228125 2.000000 0.412664 0.221875 2.000000 0.395197 0.220312 2.000000 0.000000 0.000000 0.000000 0.000000 0.000000 0.000000 0.460699 0.268750 2.000000 0.340611 0.257812 2.000000 0.000000 0.000000 0.000000 0.364629 0.343750 1.000000 0.000000 0.000000 0.000000 0.000000 0.000000 0.000000 0.000000 0.000000 0.000000 0.000000 0.000000 0.000000 0.000000 0.000000 0.000000 0.000000 0.000000 0.000000 0.000000 0.000000 0.000000 0.000000 0.000000 0.000000
0 0.694236 0.278164 0.173712 0.164141 0.624454 0.235937 2.000000 0.637555 0.229687 2.000000 0.620087 0.228125 2.000000 0.663755 0.231250 2.000000 0.000000 0.000000 0.000000 0.685590 0.264062 2.000000 0.606987 0.259375 1.000000 0.720524 0.281250 2.000000 0.000000 0.000000 0.000000 0.762009 0.304688 2.000000 0.000000 0.000000 0.000000 0.679039 0.362500 1.000000 0.611354 0.362500 1.000000 0.000000 0.000000 0.000000 0.000000 0.000000 0.000000 0.000000 0.000000 0.000000 0.689956 0.353125 1.000000
0 0.550404 0.512570 0.880852 0.814109 0.438865 0.201563 2.000000 0.454148 0.192188 2.000000 0.000000 0.000000 0.000000 0.532751 0.209375 2.000000 0.000000 0.000000 0.000000 0.596070 0.342187 2.000000 0.528384 0.332813 2.000000 0.587336 0.518750 2.000000 0.325328 0.339062 2.000000 0.364629 0.532813 2.000000 0.159389 0.328125 2.000000 0.589520 0.632812 2.000000 0.532751 0.628125 2.000000 0.292576 0.670312 2.000000 0.626638 0.785937 2.000000 0.355895 0.848437 2.000000 0.932314 0.850000 2.000000
0 0.861790 0.472836 0.275415 0.214672 0.986900 0.260937 1.000000 0.000000 0.000000 0.000000 0.000000 0.000000 0.000000 0.000000 0.000000 0.000000 0.000000 0.000000 0.000000 0.000000 0.000000 0.000000 0.919214 0.287500 1.000000 0.000000 0.000000 0.000000 0.851528 0.312500 1.000000 0.000000 0.000000 0.000000 0.840611 0.353125 1.000000 0.967249 0.389062 2.000000 0.897380 0.382812 1.000000 0.851528 0.417187 1.000000 0.810044 0.398438 1.000000 0.759825 0.482812 2.000000 0.783843 0.487500 2.000000
0 0.895459 0.518109 0.209083 0.185688 0.000000 0.000000 0.000000 0.000000 0.000000 0.000000 0.000000 0.000000 0.000000 0.000000 0.000000 0.000000 0.000000 0.000000 0.000000 0.000000 0.000000 0.000000 0.000000 0.000000 0.000000 0.000000 0.000000 0.000000 0.000000 0.000000 0.000000 0.000000 0.000000 0.000000 0.000000 0.000000 0.000000 0.000000 0.000000 0.000000 0.000000 0.000000 0.000000 0.965066 0.432812 2.000000 0.914847 0.451562 1.000000 0.910480 0.550000 2.000000 0.871179 0.564063 2.000000
0 0.920775 0.571859 0.158450 0.223937 0.000000 0.000000 0.000000 0.000000 0.000000 0.000000 0.000000 0.000000 0.000000 0.000000 0.000000 0.000000 0.000000 0.000000 0.000000 0.000000 0.000000 0.000000 0.000000 0.000000 0.000000 0.000000 0.000000 0.000000 0.000000 0.000000 0.000000 0.000000 0.000000 0.000000 0.000000 0.000000 0.000000 0.000000 0.000000 0.000000 0.000000 0.000000 0.000000 0.989083 0.506250 2.000000 0.973799 0.475000 2.000000 0.960699 0.635938 2.000000 0.927948 0.614062 2.000000
0 0.078897 0.924805 0.156354 0.150391 0.000000 0.000000 0.000000 0.000000 0.000000 0.000000 0.000000 0.000000 0.000000 0.000000 0.000000 0.000000 0.000000 0.000000 0.000000 0.000000 0.000000 0.000000 0.000000 0.000000 0.000000 0.000000 0.000000 0.000000 0.000000 0.000000 0.000000 0.000000 0.000000 0.000000 0.000000 0.000000 0.000000 0.000000 0.000000 0.000000 0.000000 0.000000 0.000000 0.000000 0.000000 0.000000 0.080786 0.871875 2.000000 0.000000 0.000000 0.000000 0.000000 0.000000 0.000000
0 0.323275 0.428445 0.193843 0.132609 0.305677 0.373437 2.000000 0.312227 0.368750 2.000000 0.292576 0.370312 2.000000 0.000000 0.000000 0.000000 0.272926 0.367188 2.000000 0.334061 0.373437 2.000000 0.268559 0.384375 2.000000 0.366812 0.381250 2.000000 0.262009 0.410938 2.000000 0.395197 0.378125 2.000000 0.270742 0.428125 2.000000 0.342795 0.445312 1.000000 0.296943 0.450000 1.000000 0.360262 0.484375 1.000000 0.296943 0.487500 1.000000 0.368996 0.526563 1.000000 0.299127 0.526563 1.000000
0 0.887194 0.333281 0.216659 0.242250 0.986900 0.260937 2.000000 0.000000 0.000000 0.000000 0.973799 0.254688 2.000000 0.000000 0.000000 0.000000 0.956332 0.253125 2.000000 0.000000 0.000000 0.000000 0.938865 0.290625 2.000000 0.000000 0.000000 0.000000 0.855895 0.315625 2.000000 0.000000 0.000000 0.000000 0.840611 0.348438 2.000000 0.951965 0.389062 1.000000 0.899563 0.376563 2.000000 0.851528 0.429688 1.000000 0.803493 0.401562 2.000000 0.779476 0.485938 1.000000 0.783843 0.490625 1.000000
