0 0.509648 0.564703 0.564225 0.870594 0.511737 0.284375 2.000000 0.532864 0.256250 2.000000 0.481221 0.260937 2.000000 0.575117 0.282813 2.000000 0.443662 0.290625 2.000000 0.638498 0.378125 2.000000 0.406103 0.387500 2.000000 0.753521 0.510938 2.000000 0.258216 0.448437 2.000000 0.692488 0.615625 2.000000 0.382629 0.357812 2.000000 0.589202 0.631250 2.000000 0.434272 0.631250 2.000000 0.600939 0.809375 2.000000 0.424883 0.782813 2.000000 0.570423 0.987500 2.000000 0.413146 0.953125 2.000000
0 0.851925 0.418445 0.189155 0.285328 0.816901 0.310937 2.000000 0.828638 0.307812 2.000000 0.000000 0.000000 0.000000 0.863850 0.310937 2.000000 0.000000 0.000000 0.000000 0.903756 0.368750 2.000000 0.823944 0.359375 2.000000 0.927230 0.431250 2.000000 0.000000 0.000000 0.000000 0.896714 0.482812 2.000000 0.000000 0.000000 0.000000 0.882629 0.484375 2.000000 0.809859 0.479687 2.000000 0.828638 0.581250 1.000000 0.000000 0.000000 0.000000 0.000000 0.000000 0.000000 0.000000 0.000000 0.000000
0 0.828298 0.743227 0.343404 0.350922 0.870892 0.610938 1.000000 0.901408 0.607812 2.000000 0.000000 0.000000 0.000000 0.946009 0.629687 2.000000 0.000000 0.000000 0.000000 0.978873 0.720313 1.000000 0.903756 0.664062 2.000000 0.000000 0.000000 0.000000 0.798122 0.676562 2.000000 0.000000 0.000000 0.000000 0.737089 0.754687 2.000000 0.978873 0.871875 1.000000 0.901408 0.832812 1.000000 0.718310 0.878125 2.000000 0.819249 0.710938 2.000000 0.931925 0.895312 1.000000 0.697183 0.825000 2.000000
0 0.146667 0.682477 0.293333 0.270828 0.056338 0.600000 2.000000 0.068075 0.590625 2.000000 0.000000 0.000000 0.000000 0.112676 0.596875 2.000000 0.000000 0.000000 0.000000 0.133803 0.635938 2.000000 0.159624 0.612500 2.000000 0.119718 0.734375 2.000000 0.105634 0.695312 2.000000 0.021127 0.729688 2.000000 0.037559 0.714063 2.000000 0.234742 0.754687 2.000000 0.241784 0.748437 2.000000 0.051643 0.754687 2.000000 0.037559 0.717187 2.000000 0.000000 0.000000 0.000000 0.063380 0.779687 2.000000
0 0.325317 0.631734 0.160915 0.222156 0.309859 0.551562 2.000000 0.330986 0.548438 2.000000 0.309859 0.545312 2.000000 0.375587 0.564063 2.000000 0.000000 0.000000 0.000000 0.363850 0.596875 2.000000 0.319249 0.589063 2.000000 0.373239 0.681250 2.000000 0.000000 0.000000 0.000000 0.000000 0.000000 0.000000 0.000000 0.000000 0.000000 0.000000 0.000000 0.000000 0.000000 0.000000 0.000000 0.000000 0.000000 0.000000 0.000000 0.000000 0.000000 0.000000 0.000000 0.000000 0.000000 0.000000 0.000000
0 0.179777 0.518852 0.120869 0.164422 0.000000 0.000000 0.000000 0.129108 0.470313 1.000000 0.000000 0.000000 0.000000 0.143192 0.470313 2.000000 0.000000 0.000000 0.000000 0.204225 0.510938 2.000000 0.138498 0.495312 2.000000 0.211268 0.568750 1.000000 0.000000 0.000000 0.000000 0.145540 0.578125 1.000000 0.000000 0.000000 0.000000 0.178404 0.584375 2.000000 0.133803 0.578125 1.000000 0.000000 0.000000 0.000000 0.000000 0.000000 0.000000 0.000000 0.000000 0.000000 0.000000 0.000000 0.000000
0 0.863439 0.839625 0.273122 0.320750 0.953052 0.748437 2.000000 0.957746 0.731250 2.000000 0.922535 0.735938 2.000000 0.000000 0.000000 0.000000 0.873239 0.745313 2.000000 0.000000 0.000000 0.000000 0.882629 0.775000 2.000000 0.985915 0.923438 2.000000 0.934272 0.864062 2.000000 0.840376 0.931250 2.000000 0.828638 0.890625 2.000000 0.000000 0.000000 0.000000 0.936620 0.906250 2.000000 0.826291 0.960938 2.000000 0.758216 0.845313 2.000000 0.835681 0.953125 2.000000 0.821596 0.962500 2.000000
0 0.064167 0.566828 0.126690 0.183188 0.042254 0.510938 2.000000 0.056338 0.503125 2.000000 0.042254 0.503125 2.000000 0.086854 0.507812 2.000000 0.000000 0.000000 0.000000 0.075117 0.532813 2.000000 0.039906 0.528125 2.000000 0.021127 0.568750 2.000000 0.000000 0.000000 0.000000 0.000000 0.000000 0.000000 0.000000 0.000000 0.000000 0.075117 0.629687 2.000000 0.000000 0.000000 0.000000 0.000000 0.000000 0.000000 0.000000 0.000000 0.000000 0.000000 0.000000 0.000000 0.000000 0.000000 0.000000
0 0.292430 0.537547 0.237958 0.147750 0.223005 0.465625 1.000000 0.000000 0.000000 0.000000 0.000000 0.000000 0.000000 0.000000 0.000000 0.000000 0.000000 0.000000 0.000000 0.305164 0.496875 2.000000 0.323944 0.475000 2.000000 0.258216 0.564063 2.000000 0.000000 0.000000 0.000000 0.218310 0.560937 2.000000 0.000000 0.000000 0.000000 0.363850 0.581250 1.000000 0.387324 0.568750 1.000000 0.211268 0.592187 2.000000 0.000000 0.000000 0.000000 0.298122 0.656250 1.000000 0.000000 0.000000 0.000000
0 0.829284 0.608445 0.130587 0.138891 0.798122 0.582812 2.000000 0.809859 0.575000 2.000000 0.793427 0.578125 2.000000 0.859155 0.579688 2.000000 0.000000 0.000000 0.000000 0.887324 0.595313 1.000000 0.000000 0.000000 0.000000 0.000000 0.000000 0.000000 0.000000 0.000000 0.000000 0.000000 0.000000 0.000000 0.000000 0.000000 0.000000 0.000000 0.000000 0.000000 0.000000 0.000000 0.000000 0.000000 0.000000 0.000000 0.000000 0.000000 0.000000 0.000000 0.000000 0.000000 0.000000 0.000000 0.000000
0 0.656491 0.306391 0.083732 0.092344 0.629108 0.290625 2.000000 0.638498 0.284375 2.000000 0.626761 0.284375 2.000000 0.666667 0.287500 2.000000 0.000000 0.000000 0.000000 0.680751 0.323437 2.000000 0.629108 0.323437 2.000000 0.000000 0.000000 0.000000 0.000000 0.000000 0.000000 0.000000 0.000000 0.000000 0.000000 0.000000 0.000000 0.000000 0.000000 0.000000 0.000000 0.000000 0.000000 0.000000 0.000000 0.000000 0.000000 0.000000 0.000000 0.000000 0.000000 0.000000 0.000000 0.000000 0.000000
