0 0.848945 0.685399 0.302109 0.597751 0.885938 0.475279 2.000000 0.898438 0.460925 2.000000 0.000000 0.000000 0.000000 0.934375 0.472089 2.000000 0.000000 0.000000 0.000000 0.971875 0.521531 2.000000 0.984375 0.497608 2.000000 0.903125 0.636364 2.000000 0.946875 0.649123 2.000000 0.793750 0.701754 2.000000 0.873437 0.653907 2.000000 0.000000 0.000000 0.000000 0.000000 0.000000 0.000000 0.984375 0.749601 2.000000 0.000000 0.000000 0.000000 0.995313 0.945774 2.000000 0.000000 0.000000 0.000000
0 0.625609 0.425478 0.109344 0.108437 0.650000 0.421053 2.000000 0.659375 0.411483 2.000000 0.642188 0.409888 2.000000 0.667188 0.419458 2.000000 0.620313 0.414673 2.000000 0.673438 0.465710 1.000000 0.587500 0.464115 2.000000 0.000000 0.000000 0.000000 0.000000 0.000000 0.000000 0.000000 0.000000 0.000000 0.000000 0.000000 0.000000 0.000000 0.000000 0.000000 0.000000 0.000000 0.000000 0.000000 0.000000 0.000000 0.000000 0.000000 0.000000 0.000000 0.000000 0.000000 0.000000 0.000000 0.000000
0 0.376891 0.581180 0.394188 0.762360 0.325000 0.277512 1.000000 0.342187 0.261563 2.000000 0.000000 0.000000 0.000000 0.390625 0.267943 2.000000 0.000000 0.000000 0.000000 0.459375 0.326954 2.000000 0.317188 0.338118 2.000000 0.557813 0.398724 2.000000 0.373437 0.409888 2.000000 0.515625 0.333333 2.000000 0.465625 0.362041 2.000000 0.434375 0.569378 2.000000 0.323437 0.569378 2.000000 0.459375 0.727273 2.000000 0.278125 0.727273 2.000000 0.504687 0.896332 2.000000 0.217188 0.896332 2.000000
0 0.608500 0.334729 0.096188 0.172169 0.621875 0.287081 2.000000 0.632812 0.279107 2.000000 0.620313 0.277512 2.000000 0.651563 0.285486 2.000000 0.000000 0.000000 0.000000 0.656250 0.336523 1.000000 0.581250 0.330144 2.000000 0.000000 0.000000 0.000000 0.568750 0.373206 1.000000 0.000000 0.000000 0.000000 0.000000 0.000000 0.000000 0.000000 0.000000 0.000000 0.000000 0.000000 0.000000 0.000000 0.000000 0.000000 0.000000 0.000000 0.000000 0.000000 0.000000 0.000000 0.000000 0.000000 0.000000
0 0.196617 0.250399 0.068016 0.100287 0.167187 0.237640 2.000000 0.171875 0.229665 2.000000 0.000000 0.000000 0.000000 0.198437 0.232855 2.000000 0.000000 0.000000 0.000000 0.217188 0.283892 2.000000 0.182812 0.274322 1.000000 0.000000 0.000000 0.000000 0.000000 0.000000 0.000000 0.000000 0.000000 0.000000 0.170313 0.303030 1.000000 0.000000 0.000000 0.000000 0.000000 0.000000 0.000000 0.000000 0.000000 0.000000 0.000000 0.000000 0.000000 0.000000 0.000000 0.000000 0.000000 0.000000 0.000000
0 0.151211 0.220837 0.066484 0.126300 0.134375 0.192982 2.000000 0.145313 0.186603 2.000000 0.132812 0.181818 2.000000 0.165625 0.196172 2.000000 0.000000 0.000000 0.000000 0.178125 0.231260 1.000000 0.128125 0.221691 2.000000 0.000000 0.000000 0.000000 0.000000 0.000000 0.000000 0.000000 0.000000 0.000000 0.000000 0.000000 0.000000 0.000000 0.000000 0.000000 0.000000 0.000000 0.000000 0.000000 0.000000 0.000000 0.000000 0.000000 0.000000 0.000000 0.000000 0.000000 0.000000 0.000000 0.000000
0 0.194883 0.421954 0.109984 0.092552 0.159375 0.430622 2.000000 0.170313 0.421053 2.000000 0.159375 0.422648 2.000000 0.198437 0.421053 2.000000 0.000000 0.000000 0.000000 0.232813 0.462520 2.000000 0.146875 0.462520 2.000000 0.000000 0.000000 0.000000 0.000000 0.000000 0.000000 0.000000 0.000000 0.000000 0.000000 0.000000 0.000000 0.000000 0.000000 0.000000 0.000000 0.000000 0.000000 0.000000 0.000000 0.000000 0.000000 0.000000 0.000000 0.000000 0.000000 0.000000 0.000000 0.000000 0.000000
0 0.045625 0.354649 0.091094 0.199633 0.031250 0.291866 2.000000 0.042188 0.287081 2.000000 0.026562 0.287081 2.000000 0.054688 0.296651 2.000000 0.000000 0.000000 0.000000 0.065625 0.334928 2.000000 0.007812 0.336523 2.000000 0.068750 0.397129 2.000000 0.006250 0.390750 2.000000 0.026562 0.424242 2.000000 0.015625 0.425837 2.000000 0.062500 0.425837 2.000000 0.012500 0.425837 2.000000 0.000000 0.000000 0.000000 0.000000 0.000000 0.000000 0.000000 0.000000 0.000000 0.000000 0.000000 0.000000
0 0.786164 0.351212 0.127641 0.155949 0.785937 0.318979 2.000000 0.795312 0.314195 2.000000 0.784375 0.311005 2.000000 0.821875 0.323764 2.000000 0.000000 0.000000 0.000000 0.853125 0.362041 1.000000 0.748437 0.346093 2.000000 0.000000 0.000000 0.000000 0.000000 0.000000 0.000000 0.000000 0.000000 0.000000 0.000000 0.000000 0.000000 0.000000 0.000000 0.000000 0.000000 0.000000 0.000000 0.000000 0.000000 0.000000 0.000000 0.000000 0.000000 0.000000 0.000000 0.000000 0.000000 0.000000 0.000000
0 0.727187 0.429801 0.101031 0.093285 0.701562 0.429027 2.000000 0.707812 0.419458 2.000000 0.696875 0.424242 2.000000 0.732812 0.419458 2.000000 0.000000 0.000000 0.000000 0.764062 0.468900 2.000000 0.689063 0.468900 2.000000 0.000000 0.000000 0.000000 0.000000 0.000000 0.000000 0.000000 0.000000 0.000000 0.000000 0.000000 0.000000 0.000000 0.000000 0.000000 0.000000 0.000000 0.000000 0.000000 0.000000 0.000000 0.000000 0.000000 0.000000 0.000000 0.000000 0.000000 0.000000 0.000000 0.000000
0 0.438102 0.172344 0.105672 0.139330 0.412500 0.141946 2.000000 0.421875 0.133971 2.000000 0.409375 0.133971 2.000000 0.442188 0.140351 2.000000 0.000000 0.000000 0.000000 0.456250 0.188198 2.000000 0.392188 0.189793 2.000000 0.468750 0.253589 1.000000 0.000000 0.000000 0.000000 0.000000 0.000000 0.000000 0.000000 0.000000 0.000000 0.000000 0.000000 0.000000 0.000000 0.000000 0.000000 0.000000 0.000000 0.000000 0.000000 0.000000 0.000000 0.000000 0.000000 0.000000 0.000000 0.000000 0.000000
0 0.822977 0.413780 0.084078 0.134226 0.850000 0.392344 2.000000 0.854688 0.384370 2.000000 0.839063 0.382775 2.000000 0.000000 0.000000 0.000000 0.820312 0.384370 2.000000 0.873437 0.430622 1.000000 0.795312 0.443381 2.000000 0.000000 0.000000 0.000000 0.000000 0.000000 0.000000 0.000000 0.000000 0.000000 0.000000 0.000000 0.000000 0.000000 0.000000 0.000000 0.000000 0.000000 0.000000 0.000000 0.000000 0.000000 0.000000 0.000000 0.000000 0.000000 0.000000 0.000000 0.000000 0.000000 0.000000
0 0.101797 0.305766 0.087219 0.187640 0.096875 0.248804 2.000000 0.107813 0.242424 2.000000 0.092188 0.242424 2.000000 0.120313 0.248804 2.000000 0.000000 0.000000 0.000000 0.132812 0.293461 2.000000 0.068750 0.296651 2.000000 0.000000 0.000000 0.000000 0.000000 0.000000 0.000000 0.000000 0.000000 0.000000 0.000000 0.000000 0.000000 0.000000 0.000000 0.000000 0.000000 0.000000 0.000000 0.000000 0.000000 0.000000 0.000000 0.000000 0.000000 0.000000 0.000000 0.000000 0.000000 0.000000 0.000000
