0 0.652039 0.227371 0.166953 0.413803 0.620313 0.079812 2.000000 0.626563 0.068075 2.000000 0.610938 0.068075 2.000000 0.000000 0.000000 0.000000 0.603125 0.077465 2.000000 0.640625 0.122066 2.000000 0.600000 0.131455 2.000000 0.667188 0.161972 2.000000 0.639062 0.187793 2.000000 0.640625 0.166667 2.000000 0.000000 0.000000 0.000000 0.642188 0.253521 2.000000 0.612500 0.258216 2.000000 0.642188 0.347418 2.000000 0.620313 0.349765 2.000000 0.000000 0.000000 0.000000 0.000000 0.000000 0.000000
0 0.445609 0.317230 0.109344 0.498732 0.468750 0.129108 2.000000 0.481250 0.115023 2.000000 0.462500 0.112676 2.000000 0.000000 0.000000 0.000000 0.453125 0.112676 2.000000 0.462500 0.159624 2.000000 0.421875 0.161972 2.000000 0.465625 0.230047 2.000000 0.418750 0.230047 2.000000 0.470313 0.276995 2.000000 0.423438 0.286385 2.000000 0.459375 0.279343 2.000000 0.434375 0.284038 2.000000 0.457813 0.375587 2.000000 0.439063 0.377934 2.000000 0.459375 0.469484 2.000000 0.446875 0.467136 2.000000
0 0.259648 0.217523 0.116797 0.303075 0.248438 0.112676 2.000000 0.254688 0.103286 2.000000 0.242188 0.103286 2.000000 0.000000 0.000000 0.000000 0.234375 0.110329 2.000000 0.268750 0.161972 2.000000 0.214062 0.166667 2.000000 0.000000 0.000000 0.000000 0.218750 0.253521 2.000000 0.000000 0.000000 0.000000 0.246875 0.314554 2.000000 0.276562 0.307512 2.000000 0.223438 0.312207 1.000000 0.000000 0.000000 0.000000 0.000000 0.000000 0.000000 0.000000 0.000000 0.000000 0.000000 0.000000 0.000000
0 0.746578 0.246796 0.156156 0.433404 0.706250 0.082160 2.000000 0.714063 0.072770 2.000000 0.696875 0.070423 2.000000 0.000000 0.000000 0.000000 0.687500 0.077465 2.000000 0.735938 0.122066 2.000000 0.679688 0.124413 2.000000 0.751563 0.213615 2.000000 0.687500 0.164319 1.000000 0.767188 0.251174 2.000000 0.718750 0.192488 1.000000 0.740625 0.248826 2.000000 0.698438 0.248826 2.000000 0.743750 0.352113 1.000000 0.710938 0.354460 2.000000 0.746875 0.443662 1.000000 0.720313 0.443662 1.000000
0 0.904422 0.270775 0.121375 0.447746 0.890625 0.100939 2.000000 0.896875 0.084507 2.000000 0.884375 0.082160 2.000000 0.000000 0.000000 0.000000 0.000000 0.000000 0.000000 0.920312 0.133803 2.000000 0.862500 0.133803 2.000000 0.942187 0.206573 2.000000 0.848437 0.180751 1.000000 0.907813 0.180751 2.000000 0.000000 0.000000 0.000000 0.909375 0.241784 2.000000 0.873437 0.239437 2.000000 0.909375 0.338028 2.000000 0.878125 0.340376 2.000000 0.904687 0.434272 2.000000 0.881250 0.434272 2.000000
0 0.662195 0.528310 0.170828 0.279249 0.000000 0.000000 0.000000 0.000000 0.000000 0.000000 0.000000 0.000000 0.000000 0.659375 0.474178 2.000000 0.000000 0.000000 0.000000 0.689063 0.485915 2.000000 0.671875 0.420188 2.000000 0.726562 0.558685 2.000000 0.642188 0.401408 2.000000 0.714063 0.610329 2.000000 0.601562 0.406103 2.000000 0.698438 0.542254 2.000000 0.684375 0.504695 2.000000 0.704688 0.591549 2.000000 0.645312 0.537559 2.000000 0.700000 0.631455 2.000000 0.621875 0.579812 2.000000
0 0.188367 0.338028 0.117641 0.501127 0.203125 0.150235 2.000000 0.206250 0.136150 2.000000 0.198437 0.133803 2.000000 0.000000 0.000000 0.000000 0.181250 0.129108 2.000000 0.193750 0.180751 2.000000 0.154688 0.180751 2.000000 0.198437 0.255869 2.000000 0.135937 0.258216 2.000000 0.220312 0.309859 1.000000 0.145313 0.326291 2.000000 0.193750 0.302817 2.000000 0.170313 0.305164 2.000000 0.201563 0.417840 2.000000 0.182812 0.408451 2.000000 0.204687 0.521127 2.000000 0.189062 0.523474 2.000000
0 0.362398 0.346913 0.090391 0.417300 0.335938 0.105634 1.000000 0.339062 0.093897 1.000000 0.328125 0.093897 1.000000 0.000000 0.000000 0.000000 0.317188 0.107981 1.000000 0.362500 0.145540 2.000000 0.314063 0.150235 1.000000 0.379688 0.204225 2.000000 0.320312 0.206573 1.000000 0.346875 0.197183 2.000000 0.353125 0.206573 2.000000 0.373437 0.262911 2.000000 0.339062 0.269953 2.000000 0.385937 0.380282 2.000000 0.350000 0.384977 2.000000 0.398438 0.495305 2.000000 0.357812 0.495305 2.000000
0 0.546469 0.262547 0.114937 0.397488 0.504687 0.115023 2.000000 0.507812 0.103286 2.000000 0.000000 0.000000 0.000000 0.523438 0.107981 2.000000 0.000000 0.000000 0.000000 0.567187 0.161972 2.000000 0.506250 0.166667 2.000000 0.581250 0.227700 2.000000 0.000000 0.000000 0.000000 0.000000 0.000000 0.000000 0.000000 0.000000 0.000000 0.562500 0.284038 2.000000 0.523438 0.291080 2.000000 0.560937 0.394366 2.000000 0.543750 0.387324 2.000000 0.557813 0.478873 1.000000 0.571875 0.474178 1.000000
0 0.806633 0.273462 0.101453 0.466596 0.803125 0.093897 2.000000 0.803125 0.077465 2.000000 0.796875 0.077465 2.000000 0.000000 0.000000 0.000000 0.776563 0.070423 2.000000 0.801562 0.122066 2.000000 0.764062 0.124413 2.000000 0.000000 0.000000 0.000000 0.735938 0.192488 1.000000 0.000000 0.000000 0.000000 0.771875 0.258216 2.000000 0.801562 0.234742 2.000000 0.778125 0.234742 2.000000 0.785937 0.352113 2.000000 0.760938 0.352113 1.000000 0.781250 0.429577 2.000000 0.756250 0.443662 1.000000
