0 0.589375 0.490691 0.655594 0.972717 0.512500 0.004684 1.000000 0.000000 0.000000 0.000000 0.000000 0.000000 0.000000 0.000000 0.000000 0.000000 0.470313 0.028103 2.000000 0.310937 0.201405 2.000000 0.487500 0.189696 2.000000 0.000000 0.000000 0.000000 0.665625 0.426230 2.000000 0.000000 0.000000 0.000000 0.806250 0.475410 2.000000 0.325000 0.662763 2.000000 0.451562 0.660422 2.000000 0.000000 0.000000 0.000000 0.717187 0.777518 2.000000 0.000000 0.000000 0.000000 0.000000 0.000000 0.000000
0 0.970164 0.099766 0.059672 0.199110 0.945312 0.039813 2.000000 0.946875 0.028103 2.000000 0.000000 0.000000 0.000000 0.959375 0.037471 2.000000 0.000000 0.000000 0.000000 0.982812 0.084309 2.000000 0.962500 0.084309 2.000000 0.981250 0.163934 2.000000 0.000000 0.000000 0.000000 0.950000 0.185012 1.000000 0.000000 0.000000 0.000000 0.000000 0.000000 0.000000 0.000000 0.000000 0.000000 0.000000 0.000000 0.000000 0.000000 0.000000 0.000000 0.000000 0.000000 0.000000 0.000000 0.000000 0.000000
0 0.190031 0.113489 0.138031 0.225995 0.159375 0.025761 2.000000 0.171875 0.011710 2.000000 0.154688 0.011710 1.000000 0.189062 0.016393 2.000000 0.000000 0.000000 0.000000 0.209375 0.044496 2.000000 0.140625 0.039813 2.000000 0.232813 0.147541 2.000000 0.165625 0.159251 2.000000 0.200000 0.147541 2.000000 0.223438 0.173302 2.000000 0.185938 0.241218 1.000000 0.145313 0.241218 1.000000 0.000000 0.000000 0.000000 0.000000 0.000000 0.000000 0.000000 0.000000 0.000000 0.000000 0.000000 0.000000
0 0.303695 0.103841 0.110797 0.206089 0.000000 0.000000 0.000000 0.000000 0.000000 0.000000 0.000000 0.000000 0.000000 0.000000 0.000000 0.000000 0.000000 0.000000 0.000000 0.332813 0.051522 2.000000 0.262500 0.058548 2.000000 0.354687 0.133489 1.000000 0.289062 0.168618 2.000000 0.000000 0.000000 0.000000 0.335938 0.220141 1.000000 0.329688 0.245902 1.000000 0.271875 0.248244 1.000000 0.000000 0.000000 0.000000 0.000000 0.000000 0.000000 0.000000 0.000000 0.000000 0.000000 0.000000 0.000000
0 0.061469 0.244941 0.113937 0.480890 0.095312 0.077283 2.000000 0.000000 0.000000 0.000000 0.000000 0.000000 0.000000 0.000000 0.000000 0.000000 0.070312 0.070258 2.000000 0.078125 0.117096 2.000000 0.040625 0.124122 2.000000 0.000000 0.000000 0.000000 0.025000 0.199063 2.000000 0.000000 0.000000 0.000000 0.073438 0.177986 2.000000 0.062500 0.276347 2.000000 0.028125 0.283372 2.000000 0.059375 0.407494 2.000000 0.029687 0.407494 2.000000 0.051562 0.540984 1.000000 0.023438 0.555035 1.000000
0 0.833148 0.112986 0.110953 0.179977 0.860938 0.063232 2.000000 0.000000 0.000000 0.000000 0.854688 0.058548 2.000000 0.000000 0.000000 0.000000 0.834375 0.060890 2.000000 0.857812 0.121780 2.000000 0.804688 0.121780 2.000000 0.870313 0.180328 2.000000 0.773438 0.206089 1.000000 0.868750 0.100703 1.000000 0.000000 0.000000 0.000000 0.850000 0.269321 1.000000 0.793750 0.266979 1.000000 0.000000 0.000000 0.000000 0.000000 0.000000 0.000000 0.000000 0.000000 0.000000 0.000000 0.000000 0.000000
0 0.599922 0.083501 0.067219 0.167002 0.000000 0.000000 0.000000 0.000000 0.000000 0.000000 0.000000 0.000000 0.000000 0.000000 0.000000 0.000000 0.000000 0.000000 0.000000 0.610938 0.028103 2.000000 0.000000 0.000000 0.000000 0.610938 0.138173 2.000000 0.000000 0.000000 0.000000 0.560937 0.112412 1.000000 0.000000 0.000000 0.000000 0.000000 0.000000 0.000000 0.000000 0.000000 0.000000 0.000000 0.000000 0.000000 0.000000 0.000000 0.000000 0.000000 0.000000 0.000000 0.000000 0.000000 0.000000
0 0.699508 0.144731 0.113547 0.289461 0.706250 0.023419 2.000000 0.707812 0.016393 2.000000 0.695312 0.016393 2.000000 0.000000 0.000000 0.000000 0.675000 0.016393 2.000000 0.731250 0.067916 1.000000 0.656250 0.067916 2.000000 0.000000 0.000000 0.000000 0.000000 0.000000 0.000000 0.000000 0.000000 0.000000 0.000000 0.000000 0.000000 0.718750 0.210773 2.000000 0.670312 0.208431 2.000000 0.000000 0.000000 0.000000 0.000000 0.000000 0.000000 0.000000 0.000000 0.000000 0.000000 0.000000 0.000000
0 0.777937 0.150304 0.083375 0.296721 0.000000 0.000000 0.000000 0.000000 0.000000 0.000000 0.000000 0.000000 0.000000 0.000000 0.000000 0.000000 0.782813 0.032787 2.000000 0.807813 0.060890 2.000000 0.751563 0.065574 2.000000 0.000000 0.000000 0.000000 0.737500 0.091335 1.000000 0.000000 0.000000 0.000000 0.743750 0.133489 1.000000 0.790625 0.147541 1.000000 0.753125 0.147541 2.000000 0.779687 0.210773 2.000000 0.767188 0.203747 2.000000 0.770312 0.288056 2.000000 0.779687 0.297424 1.000000
0 0.568133 0.104719 0.142578 0.209438 0.000000 0.000000 0.000000 0.000000 0.000000 0.000000 0.000000 0.000000 0.000000 0.000000 0.000000 0.000000 0.553125 0.004684 2.000000 0.512500 0.056206 1.000000 0.564063 0.060890 2.000000 0.000000 0.000000 0.000000 0.570312 0.154567 2.000000 0.000000 0.000000 0.000000 0.612500 0.168618 2.000000 0.506250 0.213115 1.000000 0.539062 0.215457 1.000000 0.000000 0.000000 0.000000 0.000000 0.000000 0.000000 0.000000 0.000000 0.000000 0.000000 0.000000 0.000000
0 0.905047 0.105831 0.087094 0.211663 0.910937 0.037471 2.000000 0.909375 0.028103 2.000000 0.900000 0.032787 2.000000 0.000000 0.000000 0.000000 0.876563 0.028103 2.000000 0.920312 0.079625 2.000000 0.850000 0.058548 1.000000 0.935937 0.161593 2.000000 0.000000 0.000000 0.000000 0.909375 0.180328 2.000000 0.000000 0.000000 0.000000 0.892188 0.243560 1.000000 0.859375 0.238876 1.000000 0.000000 0.000000 0.000000 0.000000 0.000000 0.000000 0.000000 0.000000 0.000000 0.000000 0.000000 0.000000
