0 0.664438 0.621385 0.134187 0.421479 0.654687 0.447917 2.000000 0.659375 0.439583 2.000000 0.000000 0.000000 0.000000 0.676562 0.447917 2.000000 0.000000 0.000000 0.000000 0.696875 0.491667 2.000000 0.656250 0.487500 2.000000 0.709375 0.545833 2.000000 0.637500 0.539583 2.000000 0.696875 0.587500 2.000000 0.609375 0.570833 2.000000 0.675000 0.608333 2.000000 0.657813 0.606250 2.000000 0.676562 0.706250 2.000000 0.629687 0.681250 2.000000 0.693750 0.795833 2.000000 0.625000 0.772917 2.000000
0 0.587695 0.577646 0.079516 0.294042 0.000000 0.000000 0.000000 0.000000 0.000000 0.000000 0.000000 0.000000 0.000000 0.000000 0.000000 0.000000 0.000000 0.000000 0.000000 0.570312 0.489583 2.000000 0.618750 0.483333 2.000000 0.565625 0.541667 2.000000 0.000000 0.000000 0.000000 0.557813 0.585417 2.000000 0.000000 0.000000 0.000000 0.584375 0.566667 2.000000 0.609375 0.566667 1.000000 0.581250 0.645833 2.000000 0.610938 0.643750 2.000000 0.581250 0.704167 2.000000 0.620313 0.704167 1.000000
0 0.488828 0.575344 0.078969 0.272104 0.000000 0.000000 0.000000 0.000000 0.000000 0.000000 0.000000 0.000000 0.000000 0.000000 0.000000 0.000000 0.000000 0.000000 0.000000 0.481250 0.489583 2.000000 0.512500 0.493750 2.000000 0.467187 0.539583 2.000000 0.526563 0.533333 2.000000 0.465625 0.583333 2.000000 0.000000 0.000000 0.000000 0.485938 0.587500 2.000000 0.500000 0.587500 2.000000 0.485938 0.633333 2.000000 0.498437 0.635417 2.000000 0.495312 0.660417 2.000000 0.501563 0.685417 2.000000
0 0.057898 0.583958 0.098297 0.380500 0.000000 0.000000 0.000000 0.000000 0.000000 0.000000 0.000000 0.000000 0.000000 0.000000 0.000000 0.000000 0.000000 0.000000 0.000000 0.073438 0.441667 2.000000 0.053125 0.466667 2.000000 0.000000 0.000000 0.000000 0.040625 0.554167 2.000000 0.000000 0.000000 0.000000 0.020313 0.597917 2.000000 0.070312 0.577083 2.000000 0.050000 0.593750 2.000000 0.059375 0.670833 2.000000 0.042188 0.675000 2.000000 0.064062 0.737500 2.000000 0.048438 0.756250 2.000000
0 0.800680 0.650906 0.077703 0.155396 0.000000 0.000000 0.000000 0.000000 0.000000 0.000000 0.000000 0.000000 0.000000 0.000000 0.000000 0.000000 0.000000 0.000000 0.000000 0.775000 0.600000 2.000000 0.000000 0.000000 0.000000 0.781250 0.650000 2.000000 0.000000 0.000000 0.000000 0.778125 0.689583 2.000000 0.000000 0.000000 0.000000 0.800000 0.595833 2.000000 0.832812 0.595833 2.000000 0.795312 0.645833 2.000000 0.820312 0.664583 2.000000 0.796875 0.683333 2.000000 0.823438 0.714583 2.000000
0 0.346914 0.542219 0.058797 0.176354 0.000000 0.000000 0.000000 0.000000 0.000000 0.000000 0.000000 0.000000 0.000000 0.000000 0.000000 0.000000 0.356250 0.470833 2.000000 0.335938 0.487500 1.000000 0.360938 0.491667 2.000000 0.000000 0.000000 0.000000 0.000000 0.000000 0.000000 0.000000 0.000000 0.000000 0.000000 0.000000 0.000000 0.334375 0.539583 1.000000 0.353125 0.543750 2.000000 0.335938 0.579167 2.000000 0.350000 0.587500 2.000000 0.325000 0.610417 2.000000 0.345313 0.620833 2.000000
0 0.733148 0.578958 0.071547 0.203417 0.000000 0.000000 0.000000 0.000000 0.000000 0.000000 0.000000 0.000000 0.000000 0.000000 0.000000 0.000000 0.000000 0.000000 0.000000 0.721875 0.508333 1.000000 0.746875 0.512500 2.000000 0.000000 0.000000 0.000000 0.750000 0.535417 2.000000 0.000000 0.000000 0.000000 0.000000 0.000000 0.000000 0.718750 0.564583 1.000000 0.737500 0.570833 2.000000 0.714063 0.608333 1.000000 0.740625 0.606250 2.000000 0.712500 0.645833 2.000000 0.750000 0.656250 2.000000
0 0.430805 0.541333 0.031609 0.169208 0.000000 0.000000 0.000000 0.000000 0.000000 0.000000 0.000000 0.000000 0.000000 0.425000 0.475000 2.000000 0.000000 0.000000 0.000000 0.426563 0.489583 2.000000 0.437500 0.493750 2.000000 0.425000 0.514583 2.000000 0.440625 0.512500 2.000000 0.418750 0.537500 2.000000 0.435937 0.527083 2.000000 0.000000 0.000000 0.000000 0.000000 0.000000 0.000000 0.000000 0.000000 0.000000 0.000000 0.000000 0.000000 0.000000 0.000000 0.000000 0.000000 0.000000 0.000000
0 0.392539 0.539490 0.042234 0.181021 0.000000 0.000000 0.000000 0.000000 0.000000 0.000000 0.000000 0.000000 0.000000 0.000000 0.000000 0.000000 0.000000 0.000000 0.000000 0.401562 0.485417 2.000000 0.401562 0.483333 2.000000 0.396875 0.504167 2.000000 0.000000 0.000000 0.000000 0.000000 0.000000 0.000000 0.000000 0.000000 0.000000 0.400000 0.529167 2.000000 0.398438 0.529167 2.000000 0.000000 0.000000 0.000000 0.000000 0.000000 0.000000 0.000000 0.000000 0.000000 0.000000 0.000000 0.000000
0 0.218500 0.540885 0.042781 0.161604 0.000000 0.000000 0.000000 0.000000 0.000000 0.000000 0.000000 0.000000 0.000000 0.000000 0.000000 0.000000 0.000000 0.000000 0.000000 0.204687 0.491667 2.000000 0.229687 0.491667 2.000000 0.203125 0.514583 2.000000 0.234375 0.512500 2.000000 0.203125 0.533333 2.000000 0.239063 0.533333 2.000000 0.212500 0.535417 2.000000 0.228125 0.537500 2.000000 0.215625 0.570833 2.000000 0.221875 0.575000 2.000000 0.217188 0.606250 2.000000 0.217188 0.602083 2.000000
