0 0.809024 0.104930 0.147838 0.113500 0.810811 0.082000 2.000000 0.819820 0.074000 2.000000 0.804805 0.076000 2.000000 0.843844 0.078000 2.000000 0.000000 0.000000 0.000000 0.852853 0.114000 2.000000 0.783784 0.114000 2.000000 0.822823 0.154000 2.000000 0.738739 0.154000 2.000000 0.759760 0.156000 2.000000 0.804805 0.154000 2.000000 0.000000 0.000000 0.000000 0.000000 0.000000 0.000000 0.000000 0.000000 0.000000 0.000000 0.000000 0.000000 0.000000 0.000000 0.000000 0.000000 0.000000 0.000000
0 0.196727 0.521790 0.230150 0.269900 0.219219 0.424000 1.000000 0.228228 0.418000 2.000000 0.210210 0.420000 1.000000 0.249249 0.410000 2.000000 0.000000 0.000000 0.000000 0.282282 0.440000 2.000000 0.189189 0.436000 2.000000 0.282282 0.486000 2.000000 0.135135 0.450000 2.000000 0.216216 0.488000 1.000000 0.135135 0.464000 2.000000 0.291291 0.534000 2.000000 0.216216 0.534000 2.000000 0.219219 0.554000 2.000000 0.114114 0.554000 2.000000 0.240240 0.630000 2.000000 0.147147 0.628000 2.000000
0 0.076141 0.800580 0.152282 0.398840 0.000000 0.000000 0.000000 0.000000 0.000000 0.000000 0.000000 0.000000 0.000000 0.000000 0.000000 0.000000 0.033033 0.682000 2.000000 0.000000 0.000000 0.000000 0.129129 0.822000 2.000000 0.000000 0.000000 0.000000 0.000000 0.000000 0.000000 0.000000 0.000000 0.000000 0.000000 0.000000 0.000000 0.000000 0.000000 0.000000 0.000000 0.000000 0.000000 0.000000 0.000000 0.000000 0.000000 0.000000 0.000000 0.000000 0.000000 0.000000 0.000000 0.000000 0.000000
0 0.086381 0.088790 0.146456 0.119660 0.087087 0.054000 2.000000 0.096096 0.050000 2.000000 0.081081 0.050000 2.000000 0.117117 0.054000 1.000000 0.069069 0.054000 1.000000 0.138138 0.090000 2.000000 0.060060 0.090000 2.000000 0.123123 0.136000 2.000000 0.030030 0.134000 2.000000 0.000000 0.000000 0.000000 0.000000 0.000000 0.000000 0.099099 0.160000 1.000000 0.057057 0.158000 1.000000 0.000000 0.000000 0.000000 0.000000 0.000000 0.000000 0.000000 0.000000 0.000000 0.000000 0.000000 0.000000
0 0.786847 0.538670 0.189069 0.300340 0.705706 0.428000 2.000000 0.723724 0.418000 2.000000 0.708709 0.418000 2.000000 0.753754 0.420000 2.000000 0.000000 0.000000 0.000000 0.789790 0.434000 2.000000 0.711712 0.440000 2.000000 0.813814 0.506000 2.000000 0.720721 0.494000 2.000000 0.831832 0.560000 2.000000 0.726727 0.538000 2.000000 0.843844 0.506000 2.000000 0.783784 0.514000 2.000000 0.834835 0.578000 1.000000 0.729730 0.584000 2.000000 0.855856 0.668000 2.000000 0.711712 0.664000 1.000000
0 0.594535 0.099090 0.101141 0.106580 0.588589 0.084000 2.000000 0.597598 0.076000 2.000000 0.579580 0.076000 2.000000 0.624625 0.078000 2.000000 0.000000 0.000000 0.000000 0.642643 0.112000 2.000000 0.561562 0.098000 1.000000 0.000000 0.000000 0.000000 0.513514 0.098000 1.000000 0.000000 0.000000 0.000000 0.591592 0.114000 2.000000 0.000000 0.000000 0.000000 0.000000 0.000000 0.000000 0.000000 0.000000 0.000000 0.000000 0.000000 0.000000 0.000000 0.000000 0.000000 0.000000 0.000000 0.000000
0 0.684940 0.105710 0.144054 0.113380 0.678679 0.074000 2.000000 0.687688 0.070000 2.000000 0.672673 0.070000 2.000000 0.000000 0.000000 0.000000 0.000000 0.000000 0.000000 0.732733 0.104000 2.000000 0.657658 0.108000 2.000000 0.717718 0.148000 2.000000 0.636637 0.144000 2.000000 0.651652 0.144000 2.000000 0.000000 0.000000 0.000000 0.000000 0.000000 0.000000 0.000000 0.000000 0.000000 0.000000 0.000000 0.000000 0.000000 0.000000 0.000000 0.000000 0.000000 0.000000 0.000000 0.000000 0.000000
0 0.502432 0.481860 0.358258 0.588960 0.438438 0.370000 2.000000 0.456456 0.368000 2.000000 0.000000 0.000000 0.000000 0.492492 0.384000 2.000000 0.000000 0.000000 0.000000 0.525526 0.432000 2.000000 0.477477 0.368000 2.000000 0.462462 0.470000 2.000000 0.423423 0.304000 2.000000 0.438438 0.418000 2.000000 0.369369 0.220000 2.000000 0.573574 0.488000 2.000000 0.510511 0.484000 2.000000 0.507508 0.600000 2.000000 0.525526 0.598000 2.000000 0.516517 0.714000 2.000000 0.537538 0.688000 2.000000
0 0.918003 0.100480 0.139910 0.119680 0.936937 0.080000 2.000000 0.945946 0.070000 2.000000 0.927928 0.070000 2.000000 0.972973 0.072000 2.000000 0.000000 0.000000 0.000000 0.984985 0.108000 2.000000 0.906907 0.098000 1.000000 0.930931 0.154000 2.000000 0.864865 0.148000 2.000000 0.000000 0.000000 0.000000 0.000000 0.000000 0.000000 0.954955 0.172000 1.000000 0.888889 0.168000 1.000000 0.000000 0.000000 0.000000 0.000000 0.000000 0.000000 0.000000 0.000000 0.000000 0.000000 0.000000 0.000000
0 0.838333 0.057640 0.155706 0.115280 0.831832 0.026000 2.000000 0.840841 0.018000 2.000000 0.828829 0.018000 2.000000 0.861862 0.020000 2.000000 0.000000 0.000000 0.000000 0.888889 0.058000 2.000000 0.798799 0.058000 1.000000 0.885886 0.100000 2.000000 0.771772 0.100000 2.000000 0.000000 0.000000 0.000000 0.810811 0.110000 1.000000 0.000000 0.000000 0.000000 0.000000 0.000000 0.000000 0.000000 0.000000 0.000000 0.000000 0.000000 0.000000 0.000000 0.000000 0.000000 0.000000 0.000000 0.000000
