0 0.480770 0.716487 0.305700 0.543816 0.000000 0.000000 0.000000 0.000000 0.000000 0.000000 0.000000 0.000000 0.000000 0.482000 0.550000 2.000000 0.000000 0.000000 0.000000 0.512000 0.700000 2.000000 0.560000 0.671053 2.000000 0.428000 0.860526 2.000000 0.462000 0.855263 2.000000 0.398000 0.739474 2.000000 0.434000 0.734211 2.000000 0.000000 0.000000 0.000000 0.000000 0.000000 0.000000 0.000000 0.000000 0.000000 0.000000 0.000000 0.000000 0.000000 0.000000 0.000000 0.000000 0.000000 0.000000
0 0.208040 0.699921 0.127640 0.342474 0.000000 0.000000 0.000000 0.000000 0.000000 0.000000 0.000000 0.000000 0.000000 0.000000 0.000000 0.000000 0.214000 0.621053 2.000000 0.000000 0.000000 0.000000 0.216000 0.710526 1.000000 0.270000 0.736842 2.000000 0.000000 0.000000 0.000000 0.306000 0.765789 1.000000 0.000000 0.000000 0.000000 0.000000 0.000000 0.000000 0.000000 0.000000 0.000000 0.000000 0.000000 0.000000 0.000000 0.000000 0.000000 0.000000 0.000000 0.000000 0.000000 0.000000 0.000000
0 0.096500 0.766289 0.186160 0.391000 0.058000 0.689474 2.000000 0.074000 0.668421 2.000000 0.050000 0.668421 1.000000 0.140000 0.673684 2.000000 0.000000 0.000000 0.000000 0.150000 0.828947 1.000000 0.084000 0.786842 1.000000 0.156000 0.989474 1.000000 0.000000 0.000000 0.000000 0.074000 0.900000 1.000000 0.032000 0.886842 1.000000 0.000000 0.000000 0.000000 0.000000 0.000000 0.000000 0.000000 0.000000 0.000000 0.000000 0.000000 0.000000 0.000000 0.000000 0.000000 0.000000 0.000000 0.000000
0 0.452910 0.392105 0.241220 0.423737 0.406000 0.286842 2.000000 0.426000 0.268421 2.000000 0.394000 0.276316 2.000000 0.470000 0.289474 2.000000 0.000000 0.000000 0.000000 0.538000 0.423684 2.000000 0.374000 0.434211 2.000000 0.514000 0.555263 1.000000 0.342000 0.586842 2.000000 0.446000 0.444737 2.000000 0.402000 0.452632 1.000000 0.000000 0.000000 0.000000 0.000000 0.000000 0.000000 0.000000 0.000000 0.000000 0.000000 0.000000 0.000000 0.000000 0.000000 0.000000 0.000000 0.000000 0.000000
0 0.641490 0.809618 0.312740 0.380763 0.000000 0.000000 0.000000 0.000000 0.000000 0.000000 0.000000 0.000000 0.000000 0.636000 0.734211 2.000000 0.000000 0.000000 0.000000 0.638000 0.881579 2.000000 0.710000 0.847368 2.000000 0.000000 0.000000 0.000000 0.000000 0.000000 0.000000 0.532000 0.955263 2.000000 0.580000 0.942105 2.000000 0.000000 0.000000 0.000000 0.000000 0.000000 0.000000 0.000000 0.000000 0.000000 0.000000 0.000000 0.000000 0.000000 0.000000 0.000000 0.000000 0.000000 0.000000
0 0.845390 0.457303 0.293740 0.303395 0.880000 0.384211 2.000000 0.898000 0.371053 2.000000 0.870000 0.365789 2.000000 0.934000 0.389474 2.000000 0.000000 0.000000 0.000000 0.956000 0.471053 2.000000 0.862000 0.476316 2.000000 0.882000 0.526316 2.000000 0.806000 0.563158 2.000000 0.750000 0.518421 2.000000 0.752000 0.563158 2.000000 0.000000 0.000000 0.000000 0.000000 0.000000 0.000000 0.000000 0.000000 0.000000 0.000000 0.000000 0.000000 0.000000 0.000000 0.000000 0.000000 0.000000 0.000000
0 0.281600 0.724987 0.128080 0.530342 0.274000 0.536842 2.000000 0.290000 0.523684 2.000000 0.262000 0.523684 2.000000 0.318000 0.531579 2.000000 0.000000 0.000000 0.000000 0.340000 0.639474 1.000000 0.232000 0.636842 2.000000 0.340000 0.781579 1.000000 0.000000 0.000000 0.000000 0.270000 0.736842 2.000000 0.000000 0.000000 0.000000 0.300000 0.886842 2.000000 0.230000 0.886842 1.000000 0.000000 0.000000 0.000000 0.000000 0.000000 0.000000 0.000000 0.000000 0.000000 0.000000 0.000000 0.000000
0 0.074870 0.643382 0.141620 0.297395 0.008000 0.615789 2.000000 0.028000 0.594737 2.000000 0.000000 0.000000 0.000000 0.000000 0.000000 0.000000 0.000000 0.000000 0.000000 0.000000 0.000000 0.000000 0.000000 0.000000 0.000000 0.000000 0.000000 0.000000 0.000000 0.000000 0.000000 0.000000 0.000000 0.000000 0.000000 0.000000 0.000000 0.000000 0.000000 0.000000 0.000000 0.000000 0.000000 0.000000 0.000000 0.000000 0.000000 0.000000 0.000000 0.000000 0.000000 0.000000 0.000000 0.000000 0.000000
0 0.151280 0.832474 0.296760 0.332684 0.100000 0.818421 2.000000 0.112000 0.794737 2.000000 0.000000 0.000000 0.000000 0.172000 0.802632 2.000000 0.000000 0.000000 0.000000 0.190000 0.928947 2.000000 0.000000 0.000000 0.000000 0.000000 0.000000 0.000000 0.000000 0.000000 0.000000 0.000000 0.000000 0.000000 0.000000 0.000000 0.000000 0.000000 0.000000 0.000000 0.000000 0.000000 0.000000 0.000000 0.000000 0.000000 0.000000 0.000000 0.000000 0.000000 0.000000 0.000000 0.000000 0.000000 0.000000
0 0.383410 0.712355 0.148580 0.539342 0.000000 0.000000 0.000000 0.000000 0.000000 0.000000 0.000000 0.000000 0.000000 0.000000 0.000000 0.000000 0.000000 0.000000 0.000000 0.324000 0.655263 2.000000 0.470000 0.655263 1.000000 0.336000 0.786842 2.000000 0.000000 0.000000 0.000000 0.000000 0.000000 0.000000 0.000000 0.000000 0.000000 0.362000 0.860526 1.000000 0.442000 0.860526 1.000000 0.000000 0.000000 0.000000 0.000000 0.000000 0.000000 0.000000 0.000000 0.000000 0.000000 0.000000 0.000000
0 0.935060 0.940447 0.124680 0.096632 0.000000 0.000000 0.000000 0.000000 0.000000 0.000000 0.000000 0.000000 0.000000 0.000000 0.000000 0.000000 0.000000 0.000000 0.000000 0.986000 0.947368 2.000000 0.000000 0.000000 0.000000 0.000000 0.000000 0.000000 0.000000 0.000000 0.000000 0.902000 0.984211 1.000000 0.000000 0.000000 0.000000 0.000000 0.000000 0.000000 0.000000 0.000000 0.000000 0.000000 0.000000 0.000000 0.000000 0.000000 0.000000 0.000000 0.000000 0.000000 0.000000 0.000000 0.000000
0 0.889740 0.823684 0.220520 0.347421 0.000000 0.000000 0.000000 0.872000 0.742105 2.000000 0.000000 0.000000 0.000000 0.906000 0.765789 2.000000 0.000000 0.000000 0.000000 0.920000 0.884211 2.000000 0.000000 0.000000 0.000000 0.884000 0.992105 1.000000 0.000000 0.000000 0.000000 0.814000 0.942105 2.000000 0.000000 0.000000 0.000000 0.000000 0.000000 0.000000 0.000000 0.000000 0.000000 0.000000 0.000000 0.000000 0.000000 0.000000 0.000000 0.000000 0.000000 0.000000 0.000000 0.000000 0.000000
0 0.932910 0.614842 0.110620 0.144211 0.000000 0.000000 0.000000 0.000000 0.000000 0.000000 0.000000 0.000000 0.000000 0.898000 0.644737 2.000000 0.000000 0.000000 0.000000 0.000000 0.000000 0.000000 0.000000 0.000000 0.000000 0.000000 0.000000 0.000000 0.000000 0.000000 0.000000 0.000000 0.000000 0.000000 0.000000 0.000000 0.000000 0.000000 0.000000 0.000000 0.000000 0.000000 0.000000 0.000000 0.000000 0.000000 0.000000 0.000000 0.000000 0.000000 0.000000 0.000000 0.000000 0.000000 0.000000
