0 0.780734 0.536158 0.227906 0.813251 0.775000 0.226601 2.000000 0.778125 0.204433 2.000000 0.000000 0.000000 0.000000 0.803125 0.192118 2.000000 0.000000 0.000000 0.000000 0.843750 0.261084 2.000000 0.800000 0.283251 2.000000 0.879687 0.337438 2.000000 0.773438 0.381773 2.000000 0.800000 0.302956 2.000000 0.710938 0.337438 2.000000 0.812500 0.509852 2.000000 0.779687 0.504926 2.000000 0.756250 0.669951 2.000000 0.725000 0.640394 2.000000 0.823438 0.847291 2.000000 0.821875 0.773399 2.000000
0 0.933742 0.131466 0.116891 0.244951 0.917188 0.071429 2.000000 0.923438 0.064039 2.000000 0.912500 0.064039 2.000000 0.935937 0.066502 2.000000 0.904687 0.068966 2.000000 0.959375 0.118227 2.000000 0.892188 0.130542 2.000000 0.982812 0.197044 2.000000 0.901563 0.211823 2.000000 0.965625 0.241379 2.000000 0.931250 0.246305 2.000000 0.965625 0.261084 1.000000 0.923438 0.266010 1.000000 0.000000 0.000000 0.000000 0.000000 0.000000 0.000000 0.000000 0.000000 0.000000 0.000000 0.000000 0.000000
0 0.854172 0.140973 0.074750 0.224901 0.845313 0.091133 2.000000 0.853125 0.083744 2.000000 0.840625 0.083744 2.000000 0.862500 0.093596 2.000000 0.832812 0.091133 2.000000 0.878125 0.152709 2.000000 0.820312 0.152709 1.000000 0.879687 0.224138 2.000000 0.000000 0.000000 0.000000 0.856250 0.236453 1.000000 0.000000 0.000000 0.000000 0.870313 0.258621 1.000000 0.828125 0.256158 1.000000 0.000000 0.000000 0.000000 0.000000 0.000000 0.000000 0.000000 0.000000 0.000000 0.000000 0.000000 0.000000
0 0.751984 0.128239 0.109781 0.256182 0.753125 0.039409 2.000000 0.759375 0.032020 2.000000 0.746875 0.029557 2.000000 0.773438 0.041872 2.000000 0.735938 0.034483 1.000000 0.787500 0.105911 2.000000 0.715625 0.098522 2.000000 0.000000 0.000000 0.000000 0.712500 0.204433 2.000000 0.000000 0.000000 0.000000 0.753125 0.251232 2.000000 0.776563 0.253695 1.000000 0.729688 0.251232 1.000000 0.000000 0.000000 0.000000 0.000000 0.000000 0.000000 0.000000 0.000000 0.000000 0.000000 0.000000 0.000000
0 0.653281 0.131564 0.089125 0.253719 0.645312 0.068966 2.000000 0.653125 0.061576 2.000000 0.642188 0.059113 2.000000 0.673438 0.064039 2.000000 0.000000 0.000000 0.000000 0.684375 0.123153 2.000000 0.628125 0.118227 2.000000 0.687500 0.214286 2.000000 0.617188 0.199507 2.000000 0.673438 0.248768 2.000000 0.653125 0.246305 2.000000 0.675000 0.258621 1.000000 0.639062 0.258621 1.000000 0.000000 0.000000 0.000000 0.000000 0.000000 0.000000 0.000000 0.000000 0.000000 0.000000 0.000000 0.000000
0 0.310047 0.118239 0.154313 0.229729 0.312500 0.054187 2.000000 0.320312 0.046798 2.000000 0.304688 0.049261 2.000000 0.334375 0.046798 2.000000 0.300000 0.054187 2.000000 0.354687 0.093596 2.000000 0.279687 0.103448 2.000000 0.371875 0.174877 2.000000 0.245312 0.182266 2.000000 0.360938 0.248768 1.000000 0.245312 0.246305 1.000000 0.346875 0.253695 1.000000 0.298438 0.253695 1.000000 0.000000 0.000000 0.000000 0.000000 0.000000 0.000000 0.000000 0.000000 0.000000 0.000000 0.000000 0.000000
0 0.444562 0.114717 0.104875 0.228005 0.440625 0.059113 2.000000 0.448437 0.049261 2.000000 0.434375 0.049261 2.000000 0.459375 0.059113 2.000000 0.426563 0.059113 2.000000 0.470313 0.113300 2.000000 0.415625 0.118227 2.000000 0.484375 0.182266 2.000000 0.410938 0.189655 2.000000 0.454688 0.133005 2.000000 0.448437 0.221675 2.000000 0.468750 0.243842 1.000000 0.431250 0.246305 1.000000 0.000000 0.000000 0.000000 0.000000 0.000000 0.000000 0.000000 0.000000 0.000000 0.000000 0.000000 0.000000
0 0.601242 0.105209 0.074016 0.210419 0.000000 0.000000 0.000000 0.000000 0.000000 0.000000 0.000000 0.000000 0.000000 0.000000 0.000000 0.000000 0.000000 0.000000 0.000000 0.000000 0.000000 0.000000 0.000000 0.000000 0.000000 0.000000 0.000000 0.000000 0.578125 0.034483 2.000000 0.000000 0.000000 0.000000 0.603125 0.076355 2.000000 0.618750 0.059113 2.000000 0.585938 0.061576 2.000000 0.639062 0.093596 1.000000 0.600000 0.110837 2.000000 0.000000 0.000000 0.000000 0.598437 0.204433 1.000000
0 0.543461 0.120505 0.104766 0.238645 0.534375 0.051724 2.000000 0.543750 0.044335 2.000000 0.528125 0.044335 2.000000 0.556250 0.049261 2.000000 0.521875 0.054187 2.000000 0.567187 0.100985 2.000000 0.512500 0.100985 2.000000 0.584375 0.172414 2.000000 0.501563 0.182266 2.000000 0.553125 0.214286 2.000000 0.529687 0.226601 2.000000 0.564063 0.243842 1.000000 0.526563 0.246305 1.000000 0.000000 0.000000 0.000000 0.000000 0.000000 0.000000 0.000000 0.000000 0.000000 0.000000 0.000000 0.000000
0 0.402977 0.113584 0.076328 0.226724 0.000000 0.000000 0.000000 0.000000 0.000000 0.000000 0.000000 0.000000 0.000000 0.000000 0.000000 0.000000 0.000000 0.000000 0.000000 0.000000 0.000000 0.000000 0.000000 0.000000 0.000000 0.000000 0.000000 0.000000 0.000000 0.000000 0.000000 0.000000 0.000000 0.000000 0.000000 0.000000 0.000000 0.426563 0.034483 1.000000 0.392188 0.034483 2.000000 0.437500 0.093596 1.000000 0.376563 0.093596 2.000000 0.437500 0.199507 1.000000 0.384375 0.199507 2.000000
0 0.290164 0.079865 0.110953 0.159187 0.000000 0.000000 0.000000 0.000000 0.000000 0.000000 0.000000 0.000000 0.000000 0.000000 0.000000 0.000000 0.000000 0.000000 0.000000 0.000000 0.000000 0.000000 0.000000 0.000000 0.000000 0.000000 0.000000 0.000000 0.000000 0.000000 0.000000 0.000000 0.000000 0.000000 0.251563 0.036946 2.000000 0.307812 0.044335 1.000000 0.268750 0.046798 2.000000 0.000000 0.000000 0.000000 0.251563 0.071429 2.000000 0.000000 0.000000 0.000000 0.245312 0.189655 1.000000
0 0.967422 0.066232 0.065156 0.132463 0.000000 0.000000 0.000000 0.000000 0.000000 0.000000 0.000000 0.000000 0.000000 0.000000 0.000000 0.000000 0.000000 0.000000 0.000000 0.000000 0.000000 0.000000 0.000000 0.000000 0.000000 0.000000 0.000000 0.000000 0.000000 0.000000 0.000000 0.000000 0.000000 0.000000 0.000000 0.000000 0.000000 0.000000 0.000000 0.000000 0.978125 0.076355 2.000000 0.000000 0.000000 0.000000 0.990625 0.118227 2.000000 0.000000 0.000000 0.000000 0.000000 0.000000 0.000000
0 0.903211 0.065037 0.094422 0.130074 0.000000 0.000000 0.000000 0.000000 0.000000 0.000000 0.000000 0.000000 0.000000 0.000000 0.000000 0.000000 0.000000 0.000000 0.000000 0.000000 0.000000 0.000000 0.000000 0.000000 0.000000 0.942187 0.054187 1.000000 0.864062 0.046798 1.000000 0.907813 0.046798 1.000000 0.881250 0.056650 2.000000 0.923438 0.056650 1.000000 0.879687 0.059113 1.000000 0.000000 0.000000 0.000000 0.000000 0.000000 0.000000 0.000000 0.000000 0.000000 0.000000 0.000000 0.000000
