0 0.542634 0.647523 0.460326 0.671172 0.599068 0.393750 2.000000 0.603730 0.379688 2.000000 0.573427 0.379688 2.000000 0.000000 0.000000 0.000000 0.498834 0.392188 2.000000 0.601399 0.457813 2.000000 0.440559 0.473438 2.000000 0.508159 0.526563 2.000000 0.356643 0.506250 2.000000 0.382284 0.510938 2.000000 0.349650 0.495312 2.000000 0.641026 0.643750 2.000000 0.524476 0.651563 2.000000 0.682984 0.795312 2.000000 0.487179 0.790625 2.000000 0.720280 0.935937 2.000000 0.431235 0.935937 2.000000
0 0.254522 0.274383 0.220047 0.276016 0.340326 0.167187 2.000000 0.347319 0.157812 2.000000 0.326340 0.154688 2.000000 0.000000 0.000000 0.000000 0.286713 0.162500 2.000000 0.337995 0.212500 2.000000 0.219114 0.204687 2.000000 0.342657 0.303125 1.000000 0.174825 0.285938 2.000000 0.344988 0.234375 2.000000 0.258741 0.296875 2.000000 0.303030 0.317188 1.000000 0.226107 0.318750 2.000000 0.000000 0.000000 0.000000 0.237762 0.320312 2.000000 0.000000 0.000000 0.000000 0.223776 0.409375 2.000000
0 0.936107 0.428586 0.127786 0.306891 0.990676 0.321875 2.000000 0.000000 0.000000 0.000000 0.979021 0.312500 2.000000 0.000000 0.000000 0.000000 0.962704 0.318750 2.000000 0.000000 0.000000 0.000000 0.941725 0.367188 2.000000 0.000000 0.000000 0.000000 0.920746 0.442188 2.000000 0.000000 0.000000 0.000000 0.000000 0.000000 0.000000 0.000000 0.000000 0.000000 0.934732 0.475000 2.000000 0.000000 0.000000 0.000000 0.000000 0.000000 0.000000 0.000000 0.000000 0.000000 0.000000 0.000000 0.000000
0 0.308765 0.361453 0.108159 0.167563 0.324009 0.306250 2.000000 0.337995 0.300000 2.000000 0.310023 0.300000 2.000000 0.356643 0.306250 2.000000 0.296037 0.307812 2.000000 0.372960 0.350000 1.000000 0.272727 0.351562 2.000000 0.000000 0.000000 0.000000 0.275058 0.407813 2.000000 0.000000 0.000000 0.000000 0.319347 0.435937 1.000000 0.358974 0.426563 1.000000 0.293706 0.429688 2.000000 0.000000 0.000000 0.000000 0.347319 0.467187 1.000000 0.000000 0.000000 0.000000 0.279720 0.518750 1.000000
0 0.847809 0.370953 0.124522 0.184031 0.827506 0.304688 2.000000 0.832168 0.298438 2.000000 0.818182 0.300000 2.000000 0.000000 0.000000 0.000000 0.804196 0.307812 2.000000 0.836830 0.335938 2.000000 0.797203 0.335938 1.000000 0.000000 0.000000 0.000000 0.000000 0.000000 0.000000 0.000000 0.000000 0.000000 0.000000 0.000000 0.000000 0.836830 0.392188 1.000000 0.801865 0.392188 1.000000 0.000000 0.000000 0.000000 0.000000 0.000000 0.000000 0.000000 0.000000 0.000000 0.000000 0.000000 0.000000
0 0.061270 0.524148 0.115268 0.338797 0.037296 0.401562 2.000000 0.048951 0.395313 2.000000 0.025641 0.392188 2.000000 0.067599 0.406250 2.000000 0.000000 0.000000 0.000000 0.072261 0.440625 2.000000 0.000000 0.000000 0.000000 0.086247 0.509375 2.000000 0.000000 0.000000 0.000000 0.055944 0.440625 2.000000 0.011655 0.475000 2.000000 0.055944 0.564063 2.000000 0.000000 0.000000 0.000000 0.055944 0.545312 2.000000 0.065268 0.589063 2.000000 0.030303 0.657813 2.000000 0.053613 0.707812 1.000000
0 0.329697 0.531727 0.299021 0.435172 0.000000 0.000000 0.000000 0.000000 0.000000 0.000000 0.000000 0.000000 0.000000 0.000000 0.000000 0.000000 0.435897 0.371875 2.000000 0.340326 0.409375 2.000000 0.419580 0.421875 2.000000 0.310023 0.431250 2.000000 0.447552 0.476562 1.000000 0.363636 0.457813 2.000000 0.000000 0.000000 0.000000 0.347319 0.557813 2.000000 0.405594 0.564063 2.000000 0.347319 0.628125 2.000000 0.447552 0.626563 2.000000 0.240093 0.662500 2.000000 0.433566 0.721875 2.000000
0 0.135583 0.399336 0.271166 0.388141 0.067599 0.259375 2.000000 0.083916 0.248438 2.000000 0.048951 0.251563 2.000000 0.104895 0.254688 2.000000 0.032634 0.253125 2.000000 0.142191 0.307812 2.000000 0.004662 0.312500 2.000000 0.186480 0.381250 2.000000 0.000000 0.000000 0.000000 0.153846 0.423438 2.000000 0.000000 0.000000 0.000000 0.142191 0.439063 2.000000 0.037296 0.439063 1.000000 0.212121 0.457813 2.000000 0.000000 0.000000 0.000000 0.221445 0.581250 2.000000 0.000000 0.000000 0.000000
0 0.519942 0.216461 0.202448 0.207766 0.540793 0.154688 2.000000 0.552448 0.146875 2.000000 0.524476 0.146875 2.000000 0.566434 0.154688 2.000000 0.494172 0.150000 2.000000 0.589744 0.200000 2.000000 0.473193 0.198437 2.000000 0.620047 0.268750 1.000000 0.424242 0.245312 2.000000 0.000000 0.000000 0.000000 0.000000 0.000000 0.000000 0.564103 0.337500 1.000000 0.480186 0.337500 1.000000 0.000000 0.000000 0.000000 0.000000 0.000000 0.000000 0.000000 0.000000 0.000000 0.000000 0.000000 0.000000
0 0.858054 0.492398 0.283893 0.333516 0.813520 0.348438 2.000000 0.818182 0.343750 1.000000 0.799534 0.346875 2.000000 0.000000 0.000000 0.000000 0.769231 0.364063 2.000000 0.843823 0.400000 2.000000 0.750583 0.398438 2.000000 0.862471 0.459375 2.000000 0.827506 0.432812 2.000000 0.794872 0.460938 2.000000 0.829837 0.375000 2.000000 0.839161 0.500000 2.000000 0.790210 0.485938 2.000000 0.911422 0.518750 2.000000 0.930070 0.489063 2.000000 0.888112 0.585938 2.000000 0.974359 0.565625 2.000000
0 0.660536 0.307523 0.199394 0.272578 0.671329 0.218750 1.000000 0.680653 0.210938 2.000000 0.659674 0.210938 1.000000 0.701632 0.212500 2.000000 0.629371 0.212500 2.000000 0.729604 0.259375 2.000000 0.613054 0.256250 2.000000 0.736597 0.320312 2.000000 0.575758 0.332813 1.000000 0.694639 0.379688 2.000000 0.634033 0.378125 1.000000 0.717949 0.356250 2.000000 0.613054 0.351562 1.000000 0.000000 0.000000 0.000000 0.000000 0.000000 0.000000 0.000000 0.000000 0.000000 0.000000 0.000000 0.000000
