0 0.838280 0.552235 0.301360 0.892291 0.914000 0.282123 2.000000 0.000000 0.000000 0.000000 0.896000 0.256983 2.000000 0.000000 0.000000 0.000000 0.822000 0.273743 2.000000 0.898000 0.402235 2.000000 0.738000 0.432961 2.000000 0.940000 0.581006 2.000000 0.772000 0.670391 2.000000 0.968000 0.673184 2.000000 0.856000 0.480447 2.000000 0.918000 0.796089 2.000000 0.806000 0.818436 2.000000 0.000000 0.000000 0.000000 0.000000 0.000000 0.000000 0.000000 0.000000 0.000000 0.000000 0.000000 0.000000
0 0.466420 0.621620 0.419080 0.756760 0.496000 0.329609 2.000000 0.506000 0.282123 1.000000 0.476000 0.282123 1.000000 0.000000 0.000000 0.000000 0.432000 0.298883 1.000000 0.568000 0.458101 2.000000 0.376000 0.452514 2.000000 0.616000 0.709497 2.000000 0.282000 0.608939 2.000000 0.634000 0.963687 2.000000 0.346000 0.405028 2.000000 0.550000 0.955307 2.000000 0.404000 0.960894 2.000000 0.000000 0.000000 0.000000 0.000000 0.000000 0.000000 0.000000 0.000000 0.000000 0.000000 0.000000 0.000000
0 0.149630 0.562919 0.296060 0.847179 0.176000 0.259777 2.000000 0.170000 0.231844 2.000000 0.146000 0.245810 2.000000 0.000000 0.000000 0.000000 0.094000 0.273743 2.000000 0.222000 0.391061 2.000000 0.046000 0.430168 2.000000 0.294000 0.539106 1.000000 0.000000 0.000000 0.000000 0.262000 0.572626 2.000000 0.086000 0.636872 2.000000 0.220000 0.776536 2.000000 0.100000 0.798883 2.000000 0.000000 0.000000 0.000000 0.000000 0.000000 0.000000 0.000000 0.000000 0.000000 0.000000 0.000000 0.000000
0 0.699100 0.330768 0.130320 0.384274 0.670000 0.223464 2.000000 0.676000 0.206704 2.000000 0.000000 0.000000 0.000000 0.706000 0.220670 2.000000 0.000000 0.000000 0.000000 0.710000 0.324022 2.000000 0.000000 0.000000 0.000000 0.672000 0.441341 2.000000 0.000000 0.000000 0.000000 0.618000 0.525140 1.000000 0.000000 0.000000 0.000000 0.000000 0.000000 0.000000 0.000000 0.000000 0.000000 0.000000 0.000000 0.000000 0.000000 0.000000 0.000000 0.000000 0.000000 0.000000 0.000000 0.000000 0.000000
0 0.966780 0.356103 0.066440 0.514888 0.000000 0.000000 0.000000 0.000000 0.000000 0.000000 0.000000 0.000000 0.000000 0.000000 0.000000 0.000000 0.000000 0.000000 0.000000 0.996000 0.273743 2.000000 0.000000 0.000000 0.000000 0.000000 0.000000 0.000000 0.000000 0.000000 0.000000 0.962000 0.391061 2.000000 0.000000 0.000000 0.000000 0.988000 0.519553 1.000000 0.000000 0.000000 0.000000 0.968000 0.715084 1.000000 0.000000 0.000000 0.000000 0.000000 0.000000 0.000000 0.000000 0.000000 0.000000
0 0.290980 0.519120 0.156600 0.815391 0.222000 0.198324 1.000000 0.218000 0.187151 1.000000 0.000000 0.000000 0.000000 0.238000 0.173184 2.000000 0.000000 0.000000 0.000000 0.250000 0.259777 2.000000 0.338000 0.243017 1.000000 0.224000 0.416201 1.000000 0.000000 0.000000 0.000000 0.000000 0.000000 0.000000 0.000000 0.000000 0.000000 0.262000 0.519553 1.000000 0.344000 0.505587 1.000000 0.266000 0.684358 2.000000 0.316000 0.673184 2.000000 0.288000 0.888268 2.000000 0.372000 0.798883 1.000000
0 0.924770 0.164427 0.089460 0.221089 0.880000 0.097765 1.000000 0.890000 0.089385 2.000000 0.882000 0.086592 2.000000 0.912000 0.094972 2.000000 0.000000 0.000000 0.000000 0.940000 0.145251 2.000000 0.882000 0.139665 1.000000 0.000000 0.000000 0.000000 0.000000 0.000000 0.000000 0.000000 0.000000 0.000000 0.000000 0.000000 0.000000 0.928000 0.284916 1.000000 0.882000 0.284916 1.000000 0.000000 0.000000 0.000000 0.000000 0.000000 0.000000 0.000000 0.000000 0.000000 0.000000 0.000000 0.000000
0 0.574370 0.402095 0.187100 0.580447 0.542000 0.215084 2.000000 0.544000 0.198324 2.000000 0.524000 0.206704 2.000000 0.000000 0.000000 0.000000 0.000000 0.000000 0.000000 0.574000 0.324022 2.000000 0.000000 0.000000 0.000000 0.608000 0.488827 2.000000 0.000000 0.000000 0.000000 0.634000 0.625698 2.000000 0.000000 0.000000 0.000000 0.000000 0.000000 0.000000 0.000000 0.000000 0.000000 0.000000 0.000000 0.000000 0.000000 0.000000 0.000000 0.000000 0.000000 0.000000 0.000000 0.000000 0.000000
0 0.039130 0.282360 0.067540 0.197737 0.000000 0.000000 0.000000 0.000000 0.000000 0.000000 0.000000 0.000000 0.000000 0.000000 0.000000 0.000000 0.000000 0.000000 0.000000 0.034000 0.312849 2.000000 0.000000 0.000000 0.000000 0.000000 0.000000 0.000000 0.000000 0.000000 0.000000 0.000000 0.000000 0.000000 0.000000 0.000000 0.000000 0.000000 0.000000 0.000000 0.000000 0.000000 0.000000 0.000000 0.000000 0.000000 0.000000 0.000000 0.000000 0.000000 0.000000 0.000000 0.000000 0.000000 0.000000
0 0.949560 0.349483 0.079160 0.355391 0.000000 0.000000 0.000000 0.000000 0.000000 0.000000 0.972000 0.206704 2.000000 0.000000 0.000000 0.000000 0.952000 0.217877 2.000000 0.998000 0.276536 1.000000 0.932000 0.276536 2.000000 0.000000 0.000000 0.000000 0.902000 0.363128 1.000000 0.000000 0.000000 0.000000 0.918000 0.321229 1.000000 0.992000 0.424581 1.000000 0.942000 0.424581 2.000000 0.000000 0.000000 0.000000 0.000000 0.000000 0.000000 0.000000 0.000000 0.000000 0.000000 0.000000 0.000000
0 0.035340 0.762346 0.070680 0.215587 0.000000 0.000000 0.000000 0.000000 0.000000 0.000000 0.000000 0.000000 0.000000 0.000000 0.000000 0.000000 0.000000 0.000000 0.000000 0.000000 0.000000 0.000000 0.000000 0.000000 0.000000 0.034000 0.793296 2.000000 0.000000 0.000000 0.000000 0.000000 0.000000 0.000000 0.000000 0.000000 0.000000 0.000000 0.000000 0.000000 0.000000 0.000000 0.000000 0.000000 0.000000 0.000000 0.000000 0.000000 0.000000 0.000000 0.000000 0.000000 0.000000 0.000000 0.000000
