0 0.676586 0.778525 0.157891 0.378907 0.667188 0.691257 2.000000 0.673438 0.674863 2.000000 0.659375 0.672131 2.000000 0.687500 0.674863 2.000000 0.645312 0.669399 2.000000 0.700000 0.715847 2.000000 0.631250 0.718579 2.000000 0.715625 0.808743 2.000000 0.607812 0.803279 2.000000 0.684375 0.901639 2.000000 0.625000 0.833333 2.000000 0.689063 0.852459 2.000000 0.650000 0.852459 2.000000 0.750000 0.836066 2.000000 0.660937 0.868852 2.000000 0.693750 0.931694 2.000000 0.707812 0.945355 1.000000
0 0.571891 0.736544 0.114469 0.367678 0.582812 0.644809 2.000000 0.589063 0.631148 2.000000 0.573438 0.633880 2.000000 0.603125 0.625683 2.000000 0.560937 0.631148 2.000000 0.615625 0.710383 2.000000 0.546875 0.693989 2.000000 0.609375 0.808743 1.000000 0.539062 0.778689 2.000000 0.604688 0.852459 1.000000 0.553125 0.841530 1.000000 0.589063 0.877049 1.000000 0.550000 0.871585 1.000000 0.000000 0.000000 0.000000 0.520312 0.887978 2.000000 0.000000 0.000000 0.000000 0.000000 0.000000 0.000000
0 0.506336 0.547199 0.100234 0.429208 0.503125 0.404372 2.000000 0.512500 0.393443 2.000000 0.495312 0.393443 2.000000 0.523438 0.398907 2.000000 0.482812 0.393443 2.000000 0.542188 0.461749 2.000000 0.460938 0.453552 2.000000 0.548438 0.549180 2.000000 0.000000 0.000000 0.000000 0.000000 0.000000 0.000000 0.000000 0.000000 0.000000 0.518750 0.633880 2.000000 0.471875 0.625683 1.000000 0.520312 0.732240 2.000000 0.000000 0.000000 0.000000 0.000000 0.000000 0.000000 0.000000 0.000000 0.000000
0 0.467781 0.775287 0.138781 0.404508 0.460938 0.669399 2.000000 0.470313 0.655738 2.000000 0.454688 0.655738 2.000000 0.484375 0.655738 2.000000 0.443750 0.655738 2.000000 0.496875 0.726776 2.000000 0.435937 0.734973 2.000000 0.514062 0.795082 2.000000 0.412500 0.816940 1.000000 0.476562 0.849727 2.000000 0.450000 0.844262 2.000000 0.482812 0.877049 2.000000 0.446875 0.877049 2.000000 0.521875 0.814208 2.000000 0.412500 0.896175 2.000000 0.478125 0.923497 2.000000 0.492188 0.934426 2.000000
0 0.404633 0.536052 0.107141 0.383907 0.412500 0.418033 2.000000 0.420312 0.407104 2.000000 0.407813 0.407104 2.000000 0.434375 0.409836 2.000000 0.395313 0.409836 2.000000 0.446875 0.478142 2.000000 0.384375 0.480874 2.000000 0.437500 0.576503 2.000000 0.381250 0.565574 2.000000 0.429688 0.625683 2.000000 0.387500 0.625683 1.000000 0.431250 0.609290 2.000000 0.395313 0.606557 1.000000 0.412500 0.707650 2.000000 0.359375 0.669399 2.000000 0.000000 0.000000 0.000000 0.000000 0.000000 0.000000
0 0.644484 0.179768 0.083531 0.319098 0.646875 0.090164 2.000000 0.653125 0.076503 2.000000 0.640625 0.076503 2.000000 0.668750 0.081967 2.000000 0.626563 0.073770 2.000000 0.675000 0.166667 2.000000 0.607812 0.163934 2.000000 0.000000 0.000000 0.000000 0.000000 0.000000 0.000000 0.000000 0.000000 0.000000 0.000000 0.000000 0.000000 0.665625 0.316940 1.000000 0.618750 0.319672 1.000000 0.000000 0.000000 0.000000 0.000000 0.000000 0.000000 0.000000 0.000000 0.000000 0.000000 0.000000 0.000000
0 0.280148 0.549563 0.086297 0.416667 0.260937 0.420765 2.000000 0.268750 0.407104 2.000000 0.256250 0.409836 2.000000 0.289062 0.404372 2.000000 0.000000 0.000000 0.000000 0.303125 0.472678 2.000000 0.250000 0.475410 2.000000 0.309375 0.576503 2.000000 0.243750 0.576503 1.000000 0.282813 0.644809 2.000000 0.251563 0.642077 2.000000 0.290625 0.614754 2.000000 0.253125 0.612022 2.000000 0.289062 0.724044 1.000000 0.242188 0.724044 2.000000 0.000000 0.000000 0.000000 0.000000 0.000000 0.000000
0 0.768188 0.773361 0.127969 0.391694 0.735938 0.666667 2.000000 0.745313 0.650273 2.000000 0.728125 0.653005 2.000000 0.760938 0.650273 2.000000 0.718750 0.653005 1.000000 0.775000 0.710383 2.000000 0.709375 0.702186 2.000000 0.000000 0.000000 0.000000 0.000000 0.000000 0.000000 0.000000 0.000000 0.000000 0.000000 0.000000 0.000000 0.776563 0.816940 2.000000 0.728125 0.814208 2.000000 0.790625 0.754098 2.000000 0.753125 0.786885 2.000000 0.775000 0.877049 2.000000 0.800000 0.920765 2.000000
0 0.859094 0.768552 0.137500 0.382022 0.831250 0.663934 2.000000 0.839063 0.650273 2.000000 0.823438 0.653005 2.000000 0.854688 0.650273 2.000000 0.812500 0.661202 2.000000 0.873437 0.721311 2.000000 0.804688 0.726776 2.000000 0.879687 0.803279 2.000000 0.809375 0.808743 2.000000 0.870313 0.879781 2.000000 0.842187 0.885246 2.000000 0.865625 0.874317 2.000000 0.821875 0.874317 2.000000 0.904687 0.866120 2.000000 0.793750 0.846995 2.000000 0.842187 0.923497 2.000000 0.871875 0.934426 2.000000
0 0.807117 0.540533 0.107391 0.380738 0.793750 0.428962 2.000000 0.803125 0.418033 2.000000 0.790625 0.420765 2.000000 0.823438 0.407104 2.000000 0.779687 0.407104 2.000000 0.837500 0.475410 2.000000 0.770312 0.469945 2.000000 0.843750 0.565574 2.000000 0.764062 0.554645 2.000000 0.851562 0.614754 1.000000 0.768750 0.598361 2.000000 0.826562 0.609290 1.000000 0.784375 0.606557 2.000000 0.000000 0.000000 0.000000 0.790625 0.702186 2.000000 0.000000 0.000000 0.000000 0.000000 0.000000 0.000000
0 0.730094 0.526230 0.068219 0.355301 0.732812 0.426230 2.000000 0.742188 0.415301 2.000000 0.725000 0.415301 2.000000 0.750000 0.423497 2.000000 0.714063 0.418033 2.000000 0.765625 0.478142 1.000000 0.698438 0.483607 1.000000 0.000000 0.000000 0.000000 0.000000 0.000000 0.000000 0.000000 0.000000 0.000000 0.000000 0.000000 0.000000 0.753125 0.625683 1.000000 0.703125 0.625683 2.000000 0.000000 0.000000 0.000000 0.000000 0.000000 0.000000 0.000000 0.000000 0.000000 0.000000 0.000000 0.000000
0 0.665453 0.529686 0.079969 0.371557 0.662500 0.415301 2.000000 0.671875 0.401639 2.000000 0.656250 0.401639 2.000000 0.681250 0.407104 2.000000 0.642188 0.404372 2.000000 0.690625 0.469945 2.000000 0.631250 0.464481 2.000000 0.000000 0.000000 0.000000 0.000000 0.000000 0.000000 0.000000 0.000000 0.000000 0.000000 0.000000 0.000000 0.673438 0.622951 1.000000 0.637500 0.622951 2.000000 0.000000 0.000000 0.000000 0.000000 0.000000 0.000000 0.000000 0.000000 0.000000 0.000000 0.000000 0.000000
0 0.392344 0.769945 0.078875 0.335738 0.390625 0.693989 2.000000 0.400000 0.677596 2.000000 0.382812 0.677596 2.000000 0.410938 0.680328 2.000000 0.370312 0.677596 2.000000 0.415625 0.745902 2.000000 0.362500 0.740437 2.000000 0.415625 0.803279 2.000000 0.370312 0.811475 2.000000 0.409375 0.866120 2.000000 0.385937 0.879781 2.000000 0.410938 0.860656 2.000000 0.368750 0.857923 1.000000 0.434375 0.822404 1.000000 0.345313 0.833333 1.000000 0.382812 0.923497 1.000000 0.396875 0.923497 2.000000
