0 0.278937 0.833329 0.309594 0.313059 0.225000 0.804706 2.000000 0.231250 0.781176 2.000000 0.210938 0.792941 2.000000 0.271875 0.752941 2.000000 0.000000 0.000000 0.000000 0.348438 0.884706 2.000000 0.215625 0.877647 2.000000 0.418750 0.990588 1.000000 0.143750 0.976471 2.000000 0.000000 0.000000 0.000000 0.157812 0.835294 2.000000 0.000000 0.000000 0.000000 0.000000 0.000000 0.000000 0.000000 0.000000 0.000000 0.000000 0.000000 0.000000 0.000000 0.000000 0.000000 0.000000 0.000000 0.000000
0 0.287156 0.643224 0.101469 0.242824 0.250000 0.585882 2.000000 0.257812 0.574118 2.000000 0.246875 0.574118 2.000000 0.282813 0.567059 2.000000 0.000000 0.000000 0.000000 0.304688 0.623529 2.000000 0.246875 0.623529 2.000000 0.329688 0.696471 2.000000 0.253125 0.712941 1.000000 0.307812 0.757647 1.000000 0.000000 0.000000 0.000000 0.298438 0.797647 1.000000 0.253125 0.788235 1.000000 0.000000 0.000000 0.000000 0.000000 0.000000 0.000000 0.000000 0.000000 0.000000 0.000000 0.000000 0.000000
0 0.476461 0.732282 0.148891 0.506729 0.460938 0.557647 2.000000 0.473438 0.538824 2.000000 0.453125 0.538824 2.000000 0.487500 0.548235 2.000000 0.442188 0.548235 2.000000 0.518750 0.616471 2.000000 0.418750 0.614118 2.000000 0.531250 0.736471 2.000000 0.414062 0.731765 2.000000 0.525000 0.825882 2.000000 0.417187 0.694118 2.000000 0.493750 0.823529 2.000000 0.448437 0.823529 2.000000 0.492188 0.992941 1.000000 0.448437 0.995294 1.000000 0.000000 0.000000 0.000000 0.000000 0.000000 0.000000
0 0.375555 0.659482 0.083359 0.263624 0.373437 0.611765 2.000000 0.379688 0.604706 2.000000 0.367188 0.602353 2.000000 0.395313 0.590588 2.000000 0.360938 0.590588 2.000000 0.420312 0.635294 1.000000 0.343750 0.642353 2.000000 0.425000 0.696471 1.000000 0.348438 0.712941 2.000000 0.421875 0.755294 1.000000 0.353125 0.755294 1.000000 0.404687 0.783529 2.000000 0.365625 0.781176 1.000000 0.000000 0.000000 0.000000 0.000000 0.000000 0.000000 0.000000 0.000000 0.000000 0.000000 0.000000 0.000000
0 0.637844 0.627800 0.095125 0.226424 0.610938 0.581176 2.000000 0.620313 0.567059 2.000000 0.610938 0.569412 2.000000 0.643750 0.562353 2.000000 0.000000 0.000000 0.000000 0.659375 0.625882 2.000000 0.631250 0.618824 2.000000 0.675000 0.722353 2.000000 0.639062 0.701176 2.000000 0.623437 0.705882 2.000000 0.615625 0.696471 2.000000 0.662500 0.800000 1.000000 0.000000 0.000000 0.000000 0.000000 0.000000 0.000000 0.000000 0.000000 0.000000 0.000000 0.000000 0.000000 0.000000 0.000000 0.000000
0 0.075922 0.788765 0.151844 0.422471 0.090625 0.668235 2.000000 0.104688 0.649412 2.000000 0.081250 0.649412 2.000000 0.125000 0.649412 2.000000 0.000000 0.000000 0.000000 0.164062 0.724706 1.000000 0.062500 0.741176 2.000000 0.193750 0.847059 1.000000 0.065625 0.835294 2.000000 0.134375 0.957647 1.000000 0.029687 0.851765 2.000000 0.137500 0.941176 1.000000 0.078125 0.941176 2.000000 0.000000 0.000000 0.000000 0.000000 0.000000 0.000000 0.000000 0.000000 0.000000 0.000000 0.000000 0.000000
0 0.202609 0.633141 0.091469 0.282094 0.196875 0.541176 2.000000 0.204687 0.534118 2.000000 0.196875 0.529412 2.000000 0.220312 0.538824 2.000000 0.000000 0.000000 0.000000 0.235937 0.576471 2.000000 0.185938 0.569412 2.000000 0.243750 0.632941 1.000000 0.168750 0.623529 1.000000 0.212500 0.649412 2.000000 0.000000 0.000000 0.000000 0.231250 0.658824 2.000000 0.200000 0.656471 2.000000 0.200000 0.665882 2.000000 0.168750 0.654118 2.000000 0.226562 0.755294 1.000000 0.178125 0.741176 1.000000
0 0.029961 0.587365 0.059922 0.224000 0.054688 0.531765 2.000000 0.000000 0.000000 0.000000 0.048438 0.522353 2.000000 0.000000 0.000000 0.000000 0.031250 0.531765 2.000000 0.000000 0.000000 0.000000 0.012500 0.571765 2.000000 0.000000 0.000000 0.000000 0.000000 0.000000 0.000000 0.000000 0.000000 0.000000 0.031250 0.651765 2.000000 0.000000 0.000000 0.000000 0.000000 0.000000 0.000000 0.000000 0.000000 0.000000 0.000000 0.000000 0.000000 0.000000 0.000000 0.000000 0.000000 0.000000 0.000000
0 0.106891 0.585812 0.127281 0.297506 0.075000 0.524706 2.000000 0.084375 0.510588 2.000000 0.064062 0.512941 2.000000 0.106250 0.491765 2.000000 0.000000 0.000000 0.000000 0.137500 0.550588 2.000000 0.065625 0.562353 2.000000 0.159375 0.630588 1.000000 0.053125 0.647059 2.000000 0.139063 0.571765 1.000000 0.062500 0.736471 1.000000 0.129688 0.722353 1.000000 0.087500 0.727059 1.000000 0.000000 0.000000 0.000000 0.000000 0.000000 0.000000 0.000000 0.000000 0.000000 0.000000 0.000000 0.000000
0 0.973797 0.773035 0.052406 0.417976 0.000000 0.000000 0.000000 0.000000 0.000000 0.000000 0.000000 0.000000 0.000000 0.000000 0.000000 0.000000 0.000000 0.000000 0.000000 0.000000 0.000000 0.000000 0.000000 0.000000 0.000000 0.965625 0.802353 2.000000 0.000000 0.000000 0.000000 0.987500 0.602353 2.000000 0.000000 0.000000 0.000000 0.000000 0.000000 0.000000 0.000000 0.000000 0.000000 0.000000 0.000000 0.000000 0.000000 0.000000 0.000000 0.000000 0.000000 0.000000 0.000000 0.000000 0.000000
0 0.717594 0.750365 0.229344 0.499271 0.725000 0.557647 2.000000 0.729688 0.548235 2.000000 0.000000 0.000000 0.000000 0.751563 0.560000 2.000000 0.000000 0.000000 0.000000 0.737500 0.618824 2.000000 0.809375 0.609412 2.000000 0.729688 0.736471 2.000000 0.000000 0.000000 0.000000 0.646875 0.757647 2.000000 0.000000 0.000000 0.000000 0.771875 0.844706 2.000000 0.814063 0.837647 2.000000 0.000000 0.000000 0.000000 0.000000 0.000000 0.000000 0.000000 0.000000 0.000000 0.000000 0.000000 0.000000
