0 0.571977 0.508068 0.367328 0.798244 0.509375 0.222482 2.000000 0.507812 0.199063 2.000000 0.489063 0.208431 2.000000 0.000000 0.000000 0.000000 0.456250 0.206089 2.000000 0.545312 0.206089 2.000000 0.476562 0.292740 2.000000 0.596875 0.229508 2.000000 0.556250 0.374707 2.000000 0.653125 0.320843 2.000000 0.648438 0.370023 2.000000 0.600000 0.477752 2.000000 0.509375 0.494145 2.000000 0.665625 0.651054 2.000000 0.504687 0.711944 2.000000 0.707812 0.857143 2.000000 0.414062 0.803279 2.000000
0 0.339609 0.377857 0.184781 0.545785 0.345313 0.182670 2.000000 0.353125 0.173302 2.000000 0.335938 0.168618 2.000000 0.000000 0.000000 0.000000 0.312500 0.175644 2.000000 0.367188 0.248244 2.000000 0.276562 0.248244 2.000000 0.384375 0.327869 2.000000 0.289062 0.362998 2.000000 0.379688 0.393443 2.000000 0.356250 0.400468 2.000000 0.340625 0.412178 2.000000 0.281250 0.433255 2.000000 0.410938 0.447307 2.000000 0.351562 0.426230 2.000000 0.450000 0.552693 1.000000 0.420312 0.529274 2.000000
0 0.839617 0.396546 0.126609 0.666159 0.862500 0.121780 2.000000 0.000000 0.000000 0.000000 0.848437 0.105386 2.000000 0.000000 0.000000 0.000000 0.835938 0.121780 2.000000 0.914062 0.177986 1.000000 0.818750 0.166276 1.000000 0.935937 0.290398 1.000000 0.778125 0.274005 2.000000 0.912500 0.346604 1.000000 0.812500 0.339578 2.000000 0.901563 0.402810 1.000000 0.835938 0.400468 2.000000 0.889062 0.548009 1.000000 0.821875 0.545667 2.000000 0.884375 0.683841 1.000000 0.810937 0.674473 2.000000
0 0.951531 0.453361 0.096937 0.406628 0.000000 0.000000 0.000000 0.000000 0.000000 0.000000 0.990625 0.313817 2.000000 0.000000 0.000000 0.000000 0.000000 0.000000 0.000000 0.000000 0.000000 0.000000 0.951562 0.374707 2.000000 0.000000 0.000000 0.000000 0.917188 0.466042 2.000000 0.000000 0.000000 0.000000 0.975000 0.466042 2.000000 0.000000 0.000000 0.000000 0.968750 0.543326 2.000000 0.000000 0.000000 0.000000 0.000000 0.000000 0.000000 0.000000 0.000000 0.000000 0.000000 0.000000 0.000000
0 0.094906 0.204391 0.167563 0.397260 0.000000 0.000000 0.000000 0.000000 0.000000 0.000000 0.000000 0.000000 0.000000 0.000000 0.000000 0.000000 0.000000 0.000000 0.000000 0.128125 0.004684 1.000000 0.010937 0.004684 1.000000 0.153125 0.121780 2.000000 0.000000 0.000000 0.000000 0.104688 0.175644 2.000000 0.000000 0.000000 0.000000 0.101562 0.147541 2.000000 0.043750 0.159251 2.000000 0.167187 0.227166 2.000000 0.029687 0.224824 2.000000 0.115625 0.344262 2.000000 0.054688 0.370023 1.000000
0 0.186562 0.128349 0.065344 0.195059 0.000000 0.000000 0.000000 0.000000 0.000000 0.000000 0.000000 0.000000 0.000000 0.168750 0.074941 2.000000 0.000000 0.000000 0.000000 0.187500 0.103044 2.000000 0.137500 0.107728 1.000000 0.210938 0.163934 1.000000 0.000000 0.000000 0.000000 0.195312 0.215457 2.000000 0.000000 0.000000 0.000000 0.182812 0.210773 2.000000 0.145313 0.210773 1.000000 0.000000 0.000000 0.000000 0.000000 0.000000 0.000000 0.000000 0.000000 0.000000 0.000000 0.000000 0.000000
0 0.788617 0.203934 0.095578 0.212646 0.860938 0.121780 1.000000 0.860938 0.105386 1.000000 0.853125 0.107728 1.000000 0.000000 0.000000 0.000000 0.839063 0.133489 1.000000 0.850000 0.182670 1.000000 0.800000 0.187354 1.000000 0.000000 0.000000 0.000000 0.790625 0.290398 1.000000 0.000000 0.000000 0.000000 0.823438 0.362998 1.000000 0.000000 0.000000 0.000000 0.848437 0.325527 1.000000 0.000000 0.000000 0.000000 0.000000 0.000000 0.000000 0.000000 0.000000 0.000000 0.000000 0.000000 0.000000
0 0.388625 0.094040 0.064750 0.163630 0.000000 0.000000 0.000000 0.000000 0.000000 0.000000 0.000000 0.000000 0.000000 0.364063 0.051522 2.000000 0.401562 0.049180 2.000000 0.353125 0.117096 1.000000 0.426563 0.103044 1.000000 0.000000 0.000000 0.000000 0.000000 0.000000 0.000000 0.000000 0.000000 0.000000 0.000000 0.000000 0.000000 0.000000 0.000000 0.000000 0.000000 0.000000 0.000000 0.000000 0.000000 0.000000 0.000000 0.000000 0.000000 0.000000 0.000000 0.000000 0.000000 0.000000 0.000000
0 0.424797 0.372143 0.104906 0.626300 0.457813 0.114754 2.000000 0.464062 0.105386 2.000000 0.451562 0.105386 2.000000 0.000000 0.000000 0.000000 0.426563 0.105386 2.000000 0.000000 0.000000 0.000000 0.398438 0.149883 2.000000 0.000000 0.000000 0.000000 0.376563 0.199063 1.000000 0.000000 0.000000 0.000000 0.431250 0.210773 2.000000 0.000000 0.000000 0.000000 0.000000 0.000000 0.000000 0.000000 0.000000 0.000000 0.000000 0.000000 0.000000 0.000000 0.000000 0.000000 0.000000 0.000000 0.000000
0 0.265867 0.214098 0.082672 0.202904 0.000000 0.000000 0.000000 0.000000 0.000000 0.000000 0.000000 0.000000 0.000000 0.264062 0.161593 2.000000 0.000000 0.000000 0.000000 0.250000 0.206089 2.000000 0.309375 0.203747 1.000000 0.239063 0.276347 1.000000 0.000000 0.000000 0.000000 0.000000 0.000000 0.000000 0.000000 0.000000 0.000000 0.000000 0.000000 0.000000 0.000000 0.000000 0.000000 0.000000 0.000000 0.000000 0.000000 0.000000 0.000000 0.000000 0.000000 0.000000 0.000000 0.000000 0.000000
0 0.638617 0.199625 0.153047 0.293115 0.621875 0.114754 2.000000 0.629687 0.103044 2.000000 0.610938 0.103044 2.000000 0.000000 0.000000 0.000000 0.000000 0.000000 0.000000 0.675000 0.173302 2.000000 0.576562 0.175644 2.000000 0.701562 0.278689 2.000000 0.000000 0.000000 0.000000 0.659375 0.367681 1.000000 0.000000 0.000000 0.000000 0.668750 0.370023 1.000000 0.592187 0.374707 1.000000 0.000000 0.000000 0.000000 0.000000 0.000000 0.000000 0.000000 0.000000 0.000000 0.000000 0.000000 0.000000
0 0.902094 0.446745 0.079125 0.546183 0.865625 0.121780 1.000000 0.867188 0.110070 1.000000 0.851562 0.110070 1.000000 0.000000 0.000000 0.000000 0.842187 0.117096 1.000000 0.901563 0.192037 1.000000 0.821875 0.192037 1.000000 0.918750 0.302108 2.000000 0.796875 0.285714 1.000000 0.900000 0.367681 2.000000 0.828125 0.355972 1.000000 0.890625 0.398126 1.000000 0.829688 0.395785 1.000000 0.892188 0.550351 1.000000 0.821875 0.550351 1.000000 0.890625 0.683841 1.000000 0.814063 0.676815 1.000000
