0 0.695672 0.618419 0.191906 0.447190 0.000000 0.000000 0.000000 0.000000 0.000000 0.000000 0.000000 0.000000 0.000000 0.662500 0.433255 2.000000 0.687500 0.435597 2.000000 0.642188 0.487119 2.000000 0.712500 0.494145 2.000000 0.620313 0.538642 2.000000 0.717187 0.562061 2.000000 0.000000 0.000000 0.000000 0.000000 0.000000 0.000000 0.654687 0.634660 2.000000 0.704688 0.637002 2.000000 0.632812 0.718970 2.000000 0.725000 0.702576 2.000000 0.614062 0.817330 2.000000 0.754687 0.789227 2.000000
0 0.809156 0.516159 0.058562 0.264543 0.000000 0.000000 0.000000 0.806250 0.398126 2.000000 0.800000 0.398126 2.000000 0.812500 0.405152 1.000000 0.795312 0.405152 2.000000 0.821875 0.428571 2.000000 0.790625 0.435597 2.000000 0.831250 0.473068 2.000000 0.784375 0.482436 1.000000 0.834375 0.519906 2.000000 0.784375 0.517564 1.000000 0.820312 0.508197 2.000000 0.800000 0.510539 2.000000 0.818750 0.569087 2.000000 0.803125 0.571429 2.000000 0.825000 0.637002 2.000000 0.804688 0.639344 2.000000
0 0.297109 0.489824 0.040094 0.251311 0.289062 0.386417 2.000000 0.293750 0.381733 2.000000 0.289062 0.381733 2.000000 0.301563 0.381733 2.000000 0.000000 0.000000 0.000000 0.300000 0.407494 2.000000 0.293750 0.407494 2.000000 0.295312 0.444965 2.000000 0.000000 0.000000 0.000000 0.000000 0.000000 0.000000 0.000000 0.000000 0.000000 0.304688 0.473068 2.000000 0.296875 0.473068 2.000000 0.295312 0.531616 2.000000 0.289062 0.529274 1.000000 0.295312 0.592506 2.000000 0.304688 0.585480 2.000000
0 0.168297 0.490995 0.069125 0.250000 0.167187 0.391101 2.000000 0.170313 0.386417 2.000000 0.165625 0.386417 2.000000 0.175000 0.393443 2.000000 0.159375 0.388759 2.000000 0.181250 0.416862 2.000000 0.156250 0.423888 2.000000 0.187500 0.459016 2.000000 0.154688 0.463700 2.000000 0.187500 0.491803 2.000000 0.146875 0.487119 2.000000 0.176563 0.482436 2.000000 0.160938 0.480094 2.000000 0.181250 0.550351 2.000000 0.162500 0.540984 2.000000 0.196875 0.587822 2.000000 0.170313 0.606557 2.000000
0 0.520242 0.530316 0.059859 0.278103 0.515625 0.416862 2.000000 0.518750 0.412178 2.000000 0.510938 0.412178 2.000000 0.000000 0.000000 0.000000 0.504687 0.419204 2.000000 0.528125 0.459016 2.000000 0.500000 0.451991 2.000000 0.535937 0.498829 2.000000 0.479687 0.459016 1.000000 0.512500 0.526932 2.000000 0.439063 0.437939 1.000000 0.528125 0.524590 2.000000 0.510938 0.522248 2.000000 0.521875 0.578454 2.000000 0.506250 0.583138 2.000000 0.515625 0.634660 2.000000 0.498437 0.632319 2.000000
0 0.759477 0.531979 0.078672 0.229016 0.765625 0.442623 2.000000 0.768750 0.437939 2.000000 0.762500 0.437939 2.000000 0.775000 0.440281 2.000000 0.757812 0.442623 1.000000 0.790625 0.470726 2.000000 0.751563 0.473068 2.000000 0.803125 0.512881 1.000000 0.750000 0.503513 2.000000 0.785937 0.540984 2.000000 0.726562 0.519906 2.000000 0.787500 0.550351 2.000000 0.768750 0.538642 2.000000 0.775000 0.597190 2.000000 0.754687 0.585480 2.000000 0.789062 0.599532 2.000000 0.754687 0.639344 2.000000
0 0.488766 0.495351 0.032250 0.280258 0.485938 0.381733 2.000000 0.490625 0.377049 2.000000 0.482812 0.374707 2.000000 0.493750 0.381733 2.000000 0.476562 0.381733 2.000000 0.493750 0.416862 2.000000 0.475000 0.416862 1.000000 0.000000 0.000000 0.000000 0.000000 0.000000 0.000000 0.000000 0.000000 0.000000 0.000000 0.000000 0.000000 0.493750 0.494145 1.000000 0.475000 0.496487 1.000000 0.484375 0.545667 2.000000 0.484375 0.559719 2.000000 0.481250 0.618267 2.000000 0.493750 0.608899 2.000000
0 0.872812 0.532014 0.067500 0.249930 0.875000 0.423888 1.000000 0.879687 0.421546 2.000000 0.873437 0.419204 1.000000 0.885938 0.426230 2.000000 0.870313 0.419204 1.000000 0.885938 0.451991 2.000000 0.875000 0.451991 2.000000 0.893750 0.494145 2.000000 0.000000 0.000000 0.000000 0.887500 0.533958 2.000000 0.000000 0.000000 0.000000 0.876563 0.529274 2.000000 0.882812 0.529274 2.000000 0.864062 0.573770 2.000000 0.864062 0.585480 2.000000 0.850000 0.637002 2.000000 0.889062 0.632319 2.000000
0 0.446375 0.522927 0.109750 0.281218 0.468750 0.414520 2.000000 0.470313 0.409836 2.000000 0.464062 0.409836 2.000000 0.478125 0.412178 2.000000 0.456250 0.412178 2.000000 0.487500 0.459016 2.000000 0.448437 0.428571 2.000000 0.495312 0.491803 2.000000 0.431250 0.444965 2.000000 0.476562 0.501171 2.000000 0.410938 0.454333 2.000000 0.459375 0.533958 2.000000 0.437500 0.505855 2.000000 0.439063 0.592506 2.000000 0.431250 0.566745 2.000000 0.418750 0.646370 2.000000 0.407813 0.625293 2.000000
0 0.380133 0.495609 0.046016 0.257775 0.379688 0.388759 2.000000 0.384375 0.386417 2.000000 0.376563 0.384075 2.000000 0.000000 0.000000 0.000000 0.370312 0.391101 2.000000 0.385937 0.419204 2.000000 0.364063 0.416862 2.000000 0.389062 0.463700 2.000000 0.362500 0.456674 2.000000 0.375000 0.480094 2.000000 0.365625 0.484778 2.000000 0.382812 0.494145 2.000000 0.367188 0.494145 2.000000 0.385937 0.543326 2.000000 0.364063 0.543326 2.000000 0.398438 0.601874 2.000000 0.376563 0.604215 2.000000
