0 0.049594 0.613481 0.090156 0.615748 0.045312 0.390187 2.000000 0.043750 0.376168 2.000000 0.034375 0.371495 2.000000 0.000000 0.000000 0.000000 0.000000 0.376168 1.000000 0.053125 0.483645 2.000000 0.000000 0.000000 0.000000 0.081250 0.607477 2.000000 0.000000 0.000000 0.000000 0.071875 0.691589 2.000000 0.017188 0.721963 2.000000 0.056250 0.740654 2.000000 0.000000 0.000000 0.000000 0.056250 0.906542 1.000000 0.000000 0.000000 0.000000 0.000000 0.000000 0.000000 0.000000 0.000000 0.000000
0 0.238055 0.582185 0.225516 0.611238 0.329688 0.394860 2.000000 0.000000 0.000000 0.000000 0.325000 0.371495 2.000000 0.000000 0.000000 0.000000 0.287500 0.350467 2.000000 0.217188 0.420561 2.000000 0.282813 0.443925 2.000000 0.000000 0.000000 0.000000 0.289062 0.572430 2.000000 0.000000 0.000000 0.000000 0.317188 0.658879 2.000000 0.201563 0.815421 2.000000 0.243750 0.829439 2.000000 0.000000 0.000000 0.000000 0.000000 0.000000 0.000000 0.000000 0.000000 0.000000 0.000000 0.000000 0.000000
0 0.362992 0.520280 0.123516 0.488738 0.368750 0.357477 2.000000 0.376563 0.348131 2.000000 0.359375 0.341121 2.000000 0.000000 0.000000 0.000000 0.337500 0.334112 1.000000 0.384375 0.411215 2.000000 0.314063 0.397196 1.000000 0.390625 0.544393 2.000000 0.000000 0.000000 0.000000 0.340625 0.605140 2.000000 0.000000 0.000000 0.000000 0.370312 0.602804 2.000000 0.323437 0.598131 1.000000 0.000000 0.000000 0.000000 0.000000 0.000000 0.000000 0.000000 0.000000 0.000000 0.000000 0.000000 0.000000
0 0.465813 0.573692 0.092219 0.369252 0.471875 0.441589 2.000000 0.475000 0.429907 2.000000 0.464062 0.429907 2.000000 0.000000 0.000000 0.000000 0.448437 0.429907 2.000000 0.501563 0.474299 2.000000 0.428125 0.476636 2.000000 0.506250 0.560748 1.000000 0.440625 0.558411 2.000000 0.501563 0.612150 2.000000 0.459375 0.607477 2.000000 0.495312 0.647196 2.000000 0.457813 0.651869 2.000000 0.493750 0.752336 1.000000 0.456250 0.754673 2.000000 0.000000 0.000000 0.000000 0.000000 0.000000 0.000000
0 0.743891 0.495514 0.090156 0.303364 0.753125 0.376168 2.000000 0.760938 0.371495 2.000000 0.748437 0.369159 2.000000 0.768750 0.383178 2.000000 0.000000 0.000000 0.000000 0.787500 0.429907 2.000000 0.715625 0.418224 2.000000 0.790625 0.495327 1.000000 0.703125 0.488318 2.000000 0.000000 0.000000 0.000000 0.000000 0.000000 0.000000 0.760938 0.572430 2.000000 0.723437 0.570093 2.000000 0.760938 0.672897 1.000000 0.717187 0.670561 1.000000 0.000000 0.000000 0.000000 0.000000 0.000000 0.000000
0 0.132406 0.576273 0.145125 0.673388 0.146875 0.310748 2.000000 0.153125 0.296729 2.000000 0.132812 0.299065 2.000000 0.000000 0.000000 0.000000 0.109375 0.310748 2.000000 0.187500 0.392523 2.000000 0.090625 0.394860 2.000000 0.000000 0.000000 0.000000 0.092188 0.500000 2.000000 0.000000 0.000000 0.000000 0.157812 0.558411 2.000000 0.184375 0.635514 1.000000 0.123438 0.644860 2.000000 0.189062 0.824766 1.000000 0.128125 0.834112 2.000000 0.000000 0.000000 0.000000 0.000000 0.000000 0.000000
0 0.611641 0.458423 0.084156 0.206752 0.604688 0.392523 2.000000 0.612500 0.385514 2.000000 0.600000 0.383178 2.000000 0.617188 0.392523 2.000000 0.589063 0.387850 1.000000 0.634375 0.448598 2.000000 0.570312 0.446262 1.000000 0.643750 0.502336 2.000000 0.000000 0.000000 0.000000 0.626563 0.544393 1.000000 0.000000 0.000000 0.000000 0.000000 0.000000 0.000000 0.000000 0.000000 0.000000 0.000000 0.000000 0.000000 0.000000 0.000000 0.000000 0.000000 0.000000 0.000000 0.000000 0.000000 0.000000
0 0.640820 0.389977 0.061734 0.194393 0.634375 0.334112 2.000000 0.640625 0.327103 2.000000 0.628125 0.324766 2.000000 0.645312 0.334112 2.000000 0.618750 0.329439 2.000000 0.657813 0.387850 2.000000 0.598437 0.387850 1.000000 0.659375 0.460280 2.000000 0.000000 0.000000 0.000000 0.000000 0.000000 0.000000 0.000000 0.000000 0.000000 0.645312 0.532710 1.000000 0.607812 0.532710 1.000000 0.000000 0.000000 0.000000 0.000000 0.000000 0.000000 0.000000 0.000000 0.000000 0.000000 0.000000 0.000000
0 0.406828 0.561367 0.059719 0.449790 0.401562 0.392523 2.000000 0.407813 0.385514 2.000000 0.395313 0.380841 2.000000 0.000000 0.000000 0.000000 0.370312 0.376168 1.000000 0.414062 0.450935 1.000000 0.359375 0.453271 1.000000 0.426563 0.535047 2.000000 0.359375 0.544393 1.000000 0.417187 0.593458 2.000000 0.393750 0.605140 2.000000 0.407813 0.607477 2.000000 0.367188 0.612150 1.000000 0.401562 0.757009 2.000000 0.375000 0.761682 1.000000 0.406250 0.857477 1.000000 0.379688 0.862150 1.000000
0 0.534094 0.446542 0.088094 0.161542 0.540625 0.406542 2.000000 0.548438 0.399533 2.000000 0.535937 0.397196 2.000000 0.554688 0.406542 2.000000 0.521875 0.404206 2.000000 0.557813 0.443925 2.000000 0.510938 0.443925 2.000000 0.571875 0.504673 2.000000 0.000000 0.000000 0.000000 0.000000 0.000000 0.000000 0.000000 0.000000 0.000000 0.559375 0.542056 1.000000 0.526563 0.544393 1.000000 0.000000 0.000000 0.000000 0.000000 0.000000 0.000000 0.000000 0.000000 0.000000 0.000000 0.000000 0.000000
0 0.951836 0.490923 0.096328 0.362687 0.973437 0.355140 2.000000 0.981250 0.345794 2.000000 0.965625 0.343458 2.000000 0.993750 0.352804 2.000000 0.000000 0.000000 0.000000 0.000000 0.000000 0.000000 0.937500 0.404206 2.000000 0.000000 0.000000 0.000000 0.921875 0.488318 1.000000 0.968750 0.546729 2.000000 0.953125 0.553738 2.000000 0.979688 0.565421 2.000000 0.945312 0.560748 2.000000 0.000000 0.000000 0.000000 0.000000 0.000000 0.000000 0.000000 0.000000 0.000000 0.000000 0.000000 0.000000
