0 0.634891 0.449795 0.061375 0.208333 0.623437 0.391304 2.000000 0.628125 0.386473 2.000000 0.615625 0.386473 2.000000 0.634375 0.381643 2.000000 0.606250 0.386473 2.000000 0.648438 0.449275 2.000000 0.000000 0.000000 0.000000 0.654687 0.512077 2.000000 0.000000 0.000000 0.000000 0.657813 0.550725 1.000000 0.000000 0.000000 0.000000 0.000000 0.000000 0.000000 0.000000 0.000000 0.000000 0.000000 0.000000 0.000000 0.000000 0.000000 0.000000 0.000000 0.000000 0.000000 0.000000 0.000000 0.000000
0 0.911602 0.647234 0.104797 0.328382 0.895312 0.528986 2.000000 0.900000 0.521739 2.000000 0.890625 0.521739 2.000000 0.907813 0.526570 2.000000 0.882812 0.526570 2.000000 0.915625 0.560386 2.000000 0.879687 0.565217 2.000000 0.934375 0.574879 2.000000 0.860938 0.594203 2.000000 0.946875 0.555556 2.000000 0.871875 0.557971 2.000000 0.910937 0.659420 2.000000 0.884375 0.661836 2.000000 0.948438 0.669082 2.000000 0.893750 0.731884 2.000000 0.932813 0.741546 2.000000 0.895312 0.804348 1.000000
0 0.088734 0.535640 0.085344 0.408043 0.056250 0.374396 2.000000 0.060937 0.362319 2.000000 0.000000 0.000000 0.000000 0.079687 0.362319 2.000000 0.000000 0.000000 0.000000 0.106250 0.405797 2.000000 0.062500 0.415459 2.000000 0.125000 0.478261 2.000000 0.062500 0.492754 2.000000 0.095312 0.492754 2.000000 0.054688 0.521739 2.000000 0.100000 0.550725 2.000000 0.065625 0.548309 1.000000 0.107813 0.652174 1.000000 0.070312 0.657005 1.000000 0.121875 0.748792 1.000000 0.084375 0.748792 1.000000
0 0.127258 0.437874 0.055109 0.193623 0.101562 0.381643 2.000000 0.104688 0.374396 2.000000 0.103125 0.374396 2.000000 0.121875 0.379227 2.000000 0.000000 0.000000 0.000000 0.137500 0.432367 2.000000 0.100000 0.405797 1.000000 0.143750 0.500000 1.000000 0.000000 0.000000 0.000000 0.139063 0.555556 1.000000 0.000000 0.000000 0.000000 0.123438 0.538647 1.000000 0.000000 0.000000 0.000000 0.000000 0.000000 0.000000 0.000000 0.000000 0.000000 0.000000 0.000000 0.000000 0.000000 0.000000 0.000000
0 0.042125 0.527995 0.064406 0.413720 0.050000 0.367150 2.000000 0.000000 0.000000 0.000000 0.046875 0.359903 2.000000 0.000000 0.000000 0.000000 0.029687 0.364734 2.000000 0.042188 0.415459 2.000000 0.015625 0.425121 1.000000 0.000000 0.000000 0.000000 0.000000 0.000000 0.000000 0.000000 0.000000 0.000000 0.000000 0.000000 0.000000 0.000000 0.000000 0.000000 0.000000 0.000000 0.000000 0.000000 0.000000 0.000000 0.000000 0.000000 0.000000 0.000000 0.000000 0.000000 0.000000 0.000000 0.000000
0 0.941156 0.574626 0.092188 0.441522 0.940625 0.398551 2.000000 0.945312 0.391304 2.000000 0.935937 0.391304 2.000000 0.000000 0.000000 0.000000 0.925000 0.391304 2.000000 0.964063 0.434783 2.000000 0.910937 0.444444 2.000000 0.975000 0.487923 2.000000 0.000000 0.000000 0.000000 0.978125 0.524155 2.000000 0.000000 0.000000 0.000000 0.957812 0.555556 1.000000 0.920312 0.560386 1.000000 0.954688 0.618357 2.000000 0.921875 0.664251 1.000000 0.956250 0.727053 1.000000 0.926562 0.768116 1.000000
0 0.972758 0.768357 0.054484 0.204251 0.000000 0.000000 0.000000 0.000000 0.000000 0.000000 0.000000 0.000000 0.000000 0.000000 0.000000 0.000000 0.000000 0.000000 0.000000 0.000000 0.000000 0.000000 0.000000 0.000000 0.000000 0.000000 0.000000 0.000000 0.996875 0.688406 2.000000 0.000000 0.000000 0.000000 0.962500 0.768116 2.000000 0.000000 0.000000 0.000000 0.000000 0.000000 0.000000 0.000000 0.000000 0.000000 0.000000 0.000000 0.000000 0.000000 0.000000 0.000000 0.000000 0.000000 0.000000
0 0.184406 0.590616 0.117719 0.432778 0.190625 0.429952 2.000000 0.195312 0.422705 2.000000 0.181250 0.420290 2.000000 0.000000 0.000000 0.000000 0.171875 0.425121 2.000000 0.212500 0.468599 2.000000 0.153125 0.466184 2.000000 0.229687 0.519324 2.000000 0.145313 0.524155 2.000000 0.207813 0.541063 2.000000 0.151562 0.596618 2.000000 0.192188 0.591787 2.000000 0.164062 0.586957 2.000000 0.193750 0.676329 2.000000 0.157812 0.676329 2.000000 0.143750 0.765700 2.000000 0.160938 0.782609 1.000000
0 0.753461 0.565543 0.104578 0.474614 0.757812 0.374396 2.000000 0.764062 0.364734 2.000000 0.751563 0.364734 2.000000 0.771875 0.369565 2.000000 0.743750 0.369565 2.000000 0.787500 0.429952 2.000000 0.723437 0.429952 2.000000 0.789062 0.504831 2.000000 0.714063 0.502415 2.000000 0.790625 0.579710 2.000000 0.718750 0.577295 2.000000 0.773438 0.553140 2.000000 0.734375 0.550725 2.000000 0.765625 0.676329 2.000000 0.732812 0.673913 2.000000 0.760938 0.787440 2.000000 0.734375 0.787440 2.000000
0 0.015969 0.536751 0.031938 0.299106 0.000000 0.000000 0.000000 0.000000 0.000000 0.000000 0.000000 0.000000 0.000000 0.000000 0.000000 0.000000 0.000000 0.000000 0.000000 0.004687 0.408213 2.000000 0.000000 0.000000 0.000000 0.026562 0.471014 2.000000 0.000000 0.000000 0.000000 0.000000 0.000000 0.000000 0.000000 0.000000 0.000000 0.004687 0.572464 2.000000 0.000000 0.000000 0.000000 0.015625 0.673913 1.000000 0.000000 0.000000 0.000000 0.034375 0.751208 1.000000 0.000000 0.000000 0.000000
