0 0.294970 0.578653 0.316740 0.806766 0.352000 0.311377 2.000000 0.360000 0.293413 2.000000 0.346000 0.299401 2.000000 0.384000 0.272455 2.000000 0.000000 0.000000 0.000000 0.418000 0.311377 2.000000 0.350000 0.347305 2.000000 0.394000 0.215569 1.000000 0.324000 0.344311 2.000000 0.348000 0.143713 1.000000 0.322000 0.236527 2.000000 0.392000 0.580838 2.000000 0.346000 0.547904 2.000000 0.374000 0.763473 2.000000 0.262000 0.670659 2.000000 0.352000 0.934132 2.000000 0.180000 0.760479 2.000000
0 0.455590 0.505614 0.211660 0.858413 0.000000 0.000000 0.000000 0.000000 0.000000 0.000000 0.000000 0.000000 0.000000 0.482000 0.230539 1.000000 0.528000 0.236527 2.000000 0.466000 0.299401 2.000000 0.540000 0.293413 2.000000 0.404000 0.227545 2.000000 0.504000 0.200599 2.000000 0.354000 0.146707 1.000000 0.470000 0.128743 2.000000 0.478000 0.505988 2.000000 0.526000 0.505988 2.000000 0.428000 0.688623 2.000000 0.530000 0.703593 2.000000 0.422000 0.811377 2.000000 0.518000 0.802395 2.000000
0 0.236850 0.706123 0.126940 0.451826 0.224000 0.520958 2.000000 0.230000 0.517964 2.000000 0.218000 0.517964 2.000000 0.240000 0.520958 2.000000 0.212000 0.523952 2.000000 0.250000 0.577844 2.000000 0.218000 0.562874 2.000000 0.276000 0.643713 1.000000 0.218000 0.628743 2.000000 0.270000 0.697605 2.000000 0.200000 0.661677 2.000000 0.240000 0.715569 1.000000 0.224000 0.712575 1.000000 0.218000 0.814371 2.000000 0.236000 0.814371 2.000000 0.228000 0.913174 2.000000 0.282000 0.889222 2.000000
0 0.035740 0.704701 0.071480 0.472814 0.000000 0.000000 0.000000 0.000000 0.000000 0.000000 0.000000 0.000000 0.000000 0.000000 0.000000 0.000000 0.000000 0.000000 0.000000 0.010000 0.488024 2.000000 0.000000 0.000000 0.000000 0.042000 0.559880 2.000000 0.000000 0.000000 0.000000 0.054000 0.631737 2.000000 0.000000 0.000000 0.000000 0.018000 0.631737 2.000000 0.000000 0.000000 0.000000 0.004000 0.766467 2.000000 0.000000 0.000000 0.000000 0.014000 0.904192 2.000000 0.000000 0.000000 0.000000
0 0.339980 0.722784 0.131880 0.516766 0.000000 0.000000 0.000000 0.000000 0.000000 0.000000 0.000000 0.000000 0.000000 0.000000 0.000000 0.000000 0.000000 0.000000 0.000000 0.396000 0.485030 1.000000 0.328000 0.488024 2.000000 0.428000 0.556886 1.000000 0.286000 0.574850 2.000000 0.000000 0.000000 0.000000 0.000000 0.000000 0.000000 0.372000 0.661677 1.000000 0.326000 0.670659 2.000000 0.328000 0.778443 2.000000 0.348000 0.805389 1.000000 0.312000 0.928144 2.000000 0.408000 0.859281 1.000000
0 0.665820 0.705195 0.069160 0.328174 0.666000 0.577844 2.000000 0.668000 0.571856 2.000000 0.662000 0.571856 2.000000 0.674000 0.577844 2.000000 0.654000 0.577844 2.000000 0.684000 0.613772 2.000000 0.642000 0.622754 2.000000 0.678000 0.673653 2.000000 0.642000 0.679641 2.000000 0.652000 0.673653 2.000000 0.668000 0.670659 2.000000 0.672000 0.730539 2.000000 0.644000 0.727545 2.000000 0.684000 0.808383 1.000000 0.652000 0.817365 2.000000 0.686000 0.871257 1.000000 0.656000 0.871257 1.000000
0 0.696710 0.835000 0.089860 0.171078 0.708000 0.784431 2.000000 0.712000 0.778443 2.000000 0.706000 0.778443 2.000000 0.000000 0.000000 0.000000 0.000000 0.000000 0.000000 0.714000 0.805389 2.000000 0.680000 0.808383 2.000000 0.000000 0.000000 0.000000 0.676000 0.859281 2.000000 0.000000 0.000000 0.000000 0.704000 0.859281 2.000000 0.706000 0.886228 2.000000 0.682000 0.883234 2.000000 0.720000 0.847305 2.000000 0.662000 0.871257 2.000000 0.726000 0.910180 2.000000 0.706000 0.913174 2.000000
0 0.868400 0.841572 0.091560 0.159551 0.872000 0.796407 2.000000 0.876000 0.787425 2.000000 0.866000 0.790419 2.000000 0.882000 0.790419 2.000000 0.858000 0.793413 2.000000 0.892000 0.811377 2.000000 0.844000 0.814371 2.000000 0.904000 0.835329 2.000000 0.832000 0.838323 2.000000 0.864000 0.847305 2.000000 0.860000 0.841317 2.000000 0.000000 0.000000 0.000000 0.000000 0.000000 0.000000 0.894000 0.853293 2.000000 0.836000 0.853293 2.000000 0.872000 0.913174 2.000000 0.844000 0.913174 2.000000
0 0.788090 0.835958 0.087060 0.161796 0.796000 0.799401 2.000000 0.798000 0.790419 2.000000 0.790000 0.790419 2.000000 0.804000 0.793413 2.000000 0.782000 0.796407 2.000000 0.814000 0.823353 2.000000 0.766000 0.820359 2.000000 0.820000 0.841317 2.000000 0.748000 0.847305 2.000000 0.782000 0.853293 2.000000 0.770000 0.850299 2.000000 0.000000 0.000000 0.000000 0.000000 0.000000 0.000000 0.804000 0.868263 2.000000 0.760000 0.868263 2.000000 0.780000 0.904192 2.000000 0.766000 0.904192 2.000000
0 0.963180 0.843832 0.073640 0.153174 0.972000 0.805389 2.000000 0.976000 0.799401 2.000000 0.968000 0.799401 2.000000 0.982000 0.802395 2.000000 0.962000 0.799401 2.000000 0.992000 0.820359 2.000000 0.952000 0.820359 2.000000 0.000000 0.000000 0.000000 0.932000 0.844311 2.000000 0.976000 0.868263 2.000000 0.962000 0.859281 2.000000 0.982000 0.883234 2.000000 0.956000 0.880240 2.000000 0.000000 0.000000 0.000000 0.942000 0.865269 2.000000 0.976000 0.907186 2.000000 0.948000 0.910180 2.000000
