0 0.413586 0.726972 0.345516 0.519108 0.000000 0.000000 0.000000 0.000000 0.000000 0.000000 0.000000 0.000000 0.000000 0.000000 0.000000 0.000000 0.445312 0.565728 2.000000 0.281250 0.631455 2.000000 0.459375 0.647887 2.000000 0.000000 0.000000 0.000000 0.553125 0.690141 2.000000 0.000000 0.000000 0.000000 0.489063 0.575117 2.000000 0.000000 0.000000 0.000000 0.000000 0.000000 0.000000 0.000000 0.000000 0.000000 0.000000 0.000000 0.000000 0.000000 0.000000 0.000000 0.000000 0.000000 0.000000
0 0.178750 0.632582 0.285687 0.712347 0.234375 0.443662 2.000000 0.235937 0.415493 2.000000 0.204687 0.415493 2.000000 0.000000 0.000000 0.000000 0.123438 0.427230 2.000000 0.157812 0.579812 2.000000 0.121875 0.638498 2.000000 0.192188 0.868545 2.000000 0.143750 0.927230 1.000000 0.240625 0.953052 2.000000 0.000000 0.000000 0.000000 0.000000 0.000000 0.000000 0.000000 0.000000 0.000000 0.000000 0.000000 0.000000 0.000000 0.000000 0.000000 0.000000 0.000000 0.000000 0.000000 0.000000 0.000000
0 0.800547 0.744366 0.212875 0.486479 0.000000 0.000000 0.000000 0.000000 0.000000 0.000000 0.000000 0.000000 0.000000 0.000000 0.000000 0.000000 0.842187 0.593897 2.000000 0.735938 0.687793 2.000000 0.837500 0.683099 2.000000 0.710938 0.849765 2.000000 0.859375 0.866197 2.000000 0.762500 0.845070 2.000000 0.887500 0.802817 2.000000 0.767188 0.948357 2.000000 0.821875 0.948357 2.000000 0.000000 0.000000 0.000000 0.000000 0.000000 0.000000 0.000000 0.000000 0.000000 0.000000 0.000000 0.000000
0 0.634961 0.752805 0.136109 0.489883 0.665625 0.572770 2.000000 0.000000 0.000000 0.000000 0.656250 0.570423 2.000000 0.000000 0.000000 0.000000 0.635938 0.584507 2.000000 0.587500 0.664319 2.000000 0.640625 0.673709 2.000000 0.676562 0.795775 2.000000 0.690625 0.828638 2.000000 0.684375 0.661972 2.000000 0.000000 0.000000 0.000000 0.579688 0.981221 2.000000 0.628125 0.985915 2.000000 0.000000 0.000000 0.000000 0.000000 0.000000 0.000000 0.000000 0.000000 0.000000 0.000000 0.000000 0.000000
0 0.548953 0.710106 0.086750 0.557300 0.535937 0.500000 2.000000 0.543750 0.488263 2.000000 0.526563 0.492958 2.000000 0.567187 0.492958 2.000000 0.000000 0.000000 0.000000 0.592187 0.584507 1.000000 0.512500 0.607981 1.000000 0.000000 0.000000 0.000000 0.000000 0.000000 0.000000 0.000000 0.000000 0.000000 0.000000 0.000000 0.000000 0.603125 0.826291 1.000000 0.546875 0.835681 2.000000 0.000000 0.000000 0.000000 0.000000 0.000000 0.000000 0.000000 0.000000 0.000000 0.000000 0.000000 0.000000
0 0.709891 0.631678 0.115688 0.329507 0.000000 0.000000 0.000000 0.000000 0.000000 0.000000 0.000000 0.000000 0.000000 0.665625 0.549296 2.000000 0.000000 0.000000 0.000000 0.650000 0.640845 1.000000 0.756250 0.626761 2.000000 0.000000 0.000000 0.000000 0.000000 0.000000 0.000000 0.000000 0.000000 0.000000 0.000000 0.000000 0.000000 0.679688 0.896714 1.000000 0.750000 0.894366 1.000000 0.000000 0.000000 0.000000 0.000000 0.000000 0.000000 0.000000 0.000000 0.000000 0.000000 0.000000 0.000000
0 0.934102 0.676737 0.131797 0.646526 0.000000 0.000000 0.000000 0.000000 0.000000 0.000000 0.000000 0.000000 0.000000 0.000000 0.000000 0.000000 0.000000 0.000000 0.000000 0.900000 0.457746 2.000000 0.000000 0.000000 0.000000 0.873437 0.570423 2.000000 0.000000 0.000000 0.000000 0.904687 0.666667 2.000000 0.000000 0.000000 0.000000 0.914062 0.715962 2.000000 0.985938 0.713615 2.000000 0.923438 0.910798 2.000000 0.989062 0.896714 1.000000 0.000000 0.000000 0.000000 0.000000 0.000000 0.000000
0 0.100000 0.740141 0.200000 0.492958 0.000000 0.000000 0.000000 0.000000 0.000000 0.000000 0.000000 0.000000 0.000000 0.010937 0.607981 2.000000 0.000000 0.000000 0.000000 0.101562 0.793427 2.000000 0.000000 0.000000 0.000000 0.000000 0.000000 0.000000 0.000000 0.000000 0.000000 0.000000 0.000000 0.000000 0.000000 0.000000 0.000000 0.000000 0.000000 0.000000 0.000000 0.000000 0.000000 0.000000 0.000000 0.000000 0.000000 0.000000 0.000000 0.000000 0.000000 0.000000 0.000000 0.000000 0.000000
0 0.270133 0.637934 0.081859 0.184085 0.000000 0.000000 0.000000 0.000000 0.000000 0.000000 0.304688 0.638498 1.000000 0.000000 0.000000 0.000000 0.284375 0.645540 1.000000 0.242188 0.718310 2.000000 0.267188 0.723005 1.000000 0.000000 0.000000 0.000000 0.000000 0.000000 0.000000 0.000000 0.000000 0.000000 0.000000 0.000000 0.000000 0.000000 0.000000 0.000000 0.000000 0.000000 0.000000 0.000000 0.000000 0.000000 0.000000 0.000000 0.000000 0.000000 0.000000 0.000000 0.000000 0.000000 0.000000
0 0.035898 0.552817 0.065828 0.283146 0.000000 0.000000 0.000000 0.000000 0.000000 0.000000 0.000000 0.000000 0.000000 0.000000 0.000000 0.000000 0.000000 0.000000 0.000000 0.000000 0.000000 0.000000 0.062500 0.579812 2.000000 0.000000 0.000000 0.000000 0.000000 0.000000 0.000000 0.000000 0.000000 0.000000 0.000000 0.000000 0.000000 0.000000 0.000000 0.000000 0.000000 0.000000 0.000000 0.000000 0.000000 0.000000 0.000000 0.000000 0.000000 0.000000 0.000000 0.000000 0.000000 0.000000 0.000000
