0 0.251820 0.437220 0.124984 0.402983 0.251563 0.289831 2.000000 0.264062 0.279661 2.000000 0.239063 0.281356 2.000000 0.270313 0.291525 2.000000 0.229687 0.291525 2.000000 0.284375 0.344068 2.000000 0.223438 0.350847 2.000000 0.000000 0.000000 0.000000 0.209375 0.445763 2.000000 0.000000 0.000000 0.000000 0.228125 0.508475 1.000000 0.273438 0.496610 2.000000 0.246875 0.498305 2.000000 0.290625 0.654237 1.000000 0.000000 0.000000 0.000000 0.000000 0.000000 0.000000 0.000000 0.000000 0.000000
0 0.659352 0.490915 0.133547 0.577458 0.645312 0.288136 2.000000 0.651563 0.267797 2.000000 0.629687 0.271186 2.000000 0.667188 0.272881 2.000000 0.618750 0.279661 1.000000 0.682813 0.332203 2.000000 0.609375 0.335593 2.000000 0.717187 0.422034 2.000000 0.000000 0.000000 0.000000 0.690625 0.484746 2.000000 0.000000 0.000000 0.000000 0.668750 0.483051 2.000000 0.629687 0.484746 1.000000 0.671875 0.622034 1.000000 0.000000 0.000000 0.000000 0.000000 0.000000 0.000000 0.000000 0.000000 0.000000
0 0.237750 0.652415 0.184219 0.327068 0.220312 0.545763 2.000000 0.229687 0.533898 2.000000 0.209375 0.537288 2.000000 0.245312 0.542373 2.000000 0.190625 0.547458 2.000000 0.273438 0.593220 2.000000 0.178125 0.594915 2.000000 0.293750 0.705085 2.000000 0.162500 0.710169 2.000000 0.278125 0.754237 2.000000 0.214062 0.755932 2.000000 0.270313 0.769492 2.000000 0.214062 0.772881 2.000000 0.300000 0.820339 1.000000 0.237500 0.820339 1.000000 0.000000 0.000000 0.000000 0.000000 0.000000 0.000000
0 0.803602 0.644678 0.159734 0.331525 0.795312 0.545763 2.000000 0.807813 0.527119 2.000000 0.784375 0.528814 2.000000 0.826562 0.535593 2.000000 0.773438 0.538983 2.000000 0.859375 0.608475 2.000000 0.756250 0.605085 2.000000 0.854688 0.701695 2.000000 0.753125 0.708475 2.000000 0.798438 0.749153 2.000000 0.764062 0.757627 2.000000 0.856250 0.761017 2.000000 0.782813 0.755932 2.000000 0.784375 0.806780 2.000000 0.731250 0.806780 1.000000 0.000000 0.000000 0.000000 0.000000 0.000000 0.000000
0 0.519641 0.377068 0.149688 0.342339 0.512500 0.267797 2.000000 0.521875 0.255932 2.000000 0.503125 0.255932 2.000000 0.534375 0.262712 2.000000 0.482812 0.262712 2.000000 0.550000 0.318644 2.000000 0.471875 0.320339 2.000000 0.582812 0.415254 2.000000 0.451562 0.418644 2.000000 0.551562 0.447458 2.000000 0.468750 0.496610 1.000000 0.534375 0.513559 2.000000 0.500000 0.515254 1.000000 0.545312 0.616949 1.000000 0.495312 0.616949 1.000000 0.000000 0.000000 0.000000 0.000000 0.000000 0.000000
0 0.376211 0.405102 0.143359 0.372136 0.384375 0.276271 2.000000 0.393750 0.264407 2.000000 0.373437 0.264407 2.000000 0.409375 0.272881 2.000000 0.359375 0.269492 2.000000 0.420312 0.318644 2.000000 0.340625 0.323729 2.000000 0.000000 0.000000 0.000000 0.315625 0.422034 2.000000 0.000000 0.000000 0.000000 0.342187 0.486441 1.000000 0.407813 0.488136 2.000000 0.364063 0.488136 1.000000 0.423438 0.601695 1.000000 0.000000 0.000000 0.000000 0.000000 0.000000 0.000000 0.000000 0.000000 0.000000
0 0.370906 0.641466 0.141562 0.344492 0.368750 0.542373 2.000000 0.378125 0.530508 2.000000 0.356250 0.532203 2.000000 0.390625 0.533898 2.000000 0.340625 0.537288 2.000000 0.418750 0.598305 2.000000 0.323437 0.601695 2.000000 0.431250 0.686441 2.000000 0.325000 0.703390 2.000000 0.426563 0.744068 2.000000 0.353125 0.764407 2.000000 0.401562 0.762712 2.000000 0.342187 0.762712 2.000000 0.412500 0.805085 2.000000 0.362500 0.803390 2.000000 0.000000 0.000000 0.000000 0.000000 0.000000 0.000000
0 0.799648 0.378653 0.219578 0.406729 0.739062 0.232203 2.000000 0.745313 0.220339 2.000000 0.726562 0.227119 2.000000 0.764062 0.220339 2.000000 0.720313 0.235593 2.000000 0.796875 0.298305 2.000000 0.704688 0.311864 2.000000 0.818750 0.377966 2.000000 0.701562 0.394915 1.000000 0.807813 0.444068 2.000000 0.717187 0.464407 1.000000 0.787500 0.477966 2.000000 0.734375 0.476271 1.000000 0.773438 0.593220 1.000000 0.746875 0.589831 1.000000 0.000000 0.000000 0.000000 0.000000 0.000000 0.000000
0 0.115586 0.525500 0.149859 0.585068 0.126562 0.286441 2.000000 0.135937 0.274576 2.000000 0.117188 0.274576 2.000000 0.146875 0.277966 2.000000 0.104688 0.279661 2.000000 0.175000 0.345763 2.000000 0.081250 0.352542 2.000000 0.182812 0.430508 2.000000 0.046875 0.442373 2.000000 0.192188 0.432203 1.000000 0.114062 0.471186 2.000000 0.167187 0.525424 2.000000 0.096875 0.527119 2.000000 0.151562 0.664407 1.000000 0.120313 0.666102 2.000000 0.156250 0.779661 2.000000 0.135937 0.791525 2.000000
0 0.624594 0.647195 0.171938 0.350559 0.615625 0.535593 2.000000 0.628125 0.523729 2.000000 0.606250 0.523729 2.000000 0.648438 0.518644 2.000000 0.596875 0.528814 2.000000 0.684375 0.586441 2.000000 0.579688 0.589831 2.000000 0.690625 0.677966 2.000000 0.575000 0.667797 2.000000 0.645312 0.745763 2.000000 0.562500 0.747458 2.000000 0.665625 0.745763 2.000000 0.600000 0.735593 2.000000 0.621875 0.820339 1.000000 0.570312 0.818644 1.000000 0.685937 0.781356 1.000000 0.000000 0.000000 0.000000
0 0.500383 0.643017 0.128734 0.342339 0.492188 0.528814 2.000000 0.501563 0.516949 2.000000 0.479687 0.522034 2.000000 0.514062 0.518644 2.000000 0.467187 0.528814 1.000000 0.539062 0.586441 2.000000 0.456250 0.586441 2.000000 0.545312 0.679661 2.000000 0.450000 0.689831 2.000000 0.517188 0.740678 2.000000 0.470313 0.742373 2.000000 0.526563 0.732203 2.000000 0.482812 0.730508 2.000000 0.523438 0.801695 2.000000 0.484375 0.801695 2.000000 0.000000 0.000000 0.000000 0.000000 0.000000 0.000000
