0 0.440594 0.516852 0.557008 0.934828 0.497951 0.209375 2.000000 0.534836 0.187500 2.000000 0.471311 0.181250 2.000000 0.000000 0.000000 0.000000 0.415984 0.157812 2.000000 0.577869 0.242188 2.000000 0.348361 0.251563 2.000000 0.657787 0.362500 2.000000 0.286885 0.351562 2.000000 0.000000 0.000000 0.000000 0.426230 0.345313 2.000000 0.555328 0.546875 2.000000 0.385246 0.551562 2.000000 0.530738 0.751563 2.000000 0.391393 0.745313 2.000000 0.518443 0.937500 2.000000 0.375000 0.929688 2.000000
0 0.122029 0.141141 0.149959 0.233188 0.174180 0.084375 2.000000 0.178279 0.070312 2.000000 0.153689 0.073438 2.000000 0.000000 0.000000 0.000000 0.102459 0.087500 2.000000 0.000000 0.000000 0.000000 0.086066 0.165625 2.000000 0.000000 0.000000 0.000000 0.090164 0.276562 1.000000 0.000000 0.000000 0.000000 0.000000 0.000000 0.000000 0.000000 0.000000 0.000000 0.000000 0.000000 0.000000 0.000000 0.000000 0.000000 0.000000 0.000000 0.000000 0.000000 0.000000 0.000000 0.000000 0.000000 0.000000
0 0.751803 0.150852 0.121844 0.180453 0.793033 0.098437 2.000000 0.797131 0.090625 2.000000 0.784836 0.092188 2.000000 0.000000 0.000000 0.000000 0.745902 0.100000 2.000000 0.797131 0.126562 1.000000 0.721311 0.143750 2.000000 0.000000 0.000000 0.000000 0.000000 0.000000 0.000000 0.000000 0.000000 0.000000 0.000000 0.000000 0.000000 0.000000 0.000000 0.000000 0.000000 0.000000 0.000000 0.000000 0.000000 0.000000 0.000000 0.000000 0.000000 0.000000 0.000000 0.000000 0.000000 0.000000 0.000000
0 0.350195 0.110414 0.159980 0.196297 0.413934 0.068750 2.000000 0.411885 0.060937 2.000000 0.397541 0.057813 2.000000 0.000000 0.000000 0.000000 0.358607 0.062500 2.000000 0.405738 0.109375 1.000000 0.321721 0.117188 2.000000 0.000000 0.000000 0.000000 0.303279 0.185938 2.000000 0.000000 0.000000 0.000000 0.389344 0.170313 1.000000 0.000000 0.000000 0.000000 0.000000 0.000000 0.000000 0.000000 0.000000 0.000000 0.000000 0.000000 0.000000 0.000000 0.000000 0.000000 0.000000 0.000000 0.000000
0 0.038760 0.161461 0.071947 0.189078 0.055328 0.096875 2.000000 0.059426 0.089063 2.000000 0.045082 0.090625 2.000000 0.000000 0.000000 0.000000 0.028689 0.096875 2.000000 0.081967 0.123438 1.000000 0.018443 0.125000 2.000000 0.000000 0.000000 0.000000 0.010246 0.165625 2.000000 0.000000 0.000000 0.000000 0.047131 0.137500 2.000000 0.000000 0.000000 0.000000 0.032787 0.206250 2.000000 0.000000 0.000000 0.000000 0.000000 0.000000 0.000000 0.000000 0.000000 0.000000 0.000000 0.000000 0.000000
0 0.555256 0.099195 0.083627 0.160516 0.000000 0.000000 0.000000 0.000000 0.000000 0.000000 0.000000 0.000000 0.000000 0.532787 0.048438 2.000000 0.000000 0.000000 0.000000 0.549180 0.073438 1.000000 0.000000 0.000000 0.000000 0.559426 0.123438 1.000000 0.000000 0.000000 0.000000 0.000000 0.000000 0.000000 0.000000 0.000000 0.000000 0.584016 0.148438 2.000000 0.000000 0.000000 0.000000 0.000000 0.000000 0.000000 0.000000 0.000000 0.000000 0.000000 0.000000 0.000000 0.000000 0.000000 0.000000
0 0.645984 0.302281 0.166639 0.493594 0.000000 0.000000 0.000000 0.000000 0.000000 0.000000 0.000000 0.000000 0.000000 0.000000 0.000000 0.000000 0.670082 0.110937 2.000000 0.614754 0.135937 2.000000 0.653689 0.164062 2.000000 0.000000 0.000000 0.000000 0.000000 0.000000 0.000000 0.000000 0.000000 0.000000 0.000000 0.000000 0.000000 0.000000 0.000000 0.000000 0.000000 0.000000 0.000000 0.000000 0.000000 0.000000 0.000000 0.000000 0.000000 0.000000 0.000000 0.000000 0.000000 0.000000 0.000000
0 0.277900 0.156453 0.088340 0.209938 0.317623 0.081250 2.000000 0.319672 0.075000 1.000000 0.309426 0.076563 2.000000 0.000000 0.000000 0.000000 0.286885 0.084375 2.000000 0.321721 0.115625 1.000000 0.264344 0.115625 2.000000 0.000000 0.000000 0.000000 0.243852 0.160938 1.000000 0.000000 0.000000 0.000000 0.268443 0.173437 2.000000 0.000000 0.000000 0.000000 0.270492 0.198437 2.000000 0.000000 0.000000 0.000000 0.000000 0.000000 0.000000 0.000000 0.000000 0.000000 0.000000 0.000000 0.000000
0 0.156691 0.501297 0.224816 0.825969 0.000000 0.000000 0.000000 0.000000 0.000000 0.000000 0.000000 0.000000 0.000000 0.116803 0.173437 2.000000 0.223361 0.160938 2.000000 0.112705 0.275000 2.000000 0.262295 0.242188 2.000000 0.084016 0.398438 2.000000 0.000000 0.000000 0.000000 0.147541 0.375000 2.000000 0.000000 0.000000 0.000000 0.168033 0.470313 2.000000 0.284836 0.446875 1.000000 0.172131 0.671875 2.000000 0.270492 0.653125 1.000000 0.161885 0.829688 2.000000 0.266393 0.815625 1.000000
0 0.827971 0.420281 0.344057 0.658062 0.000000 0.000000 0.000000 0.000000 0.000000 0.000000 0.000000 0.000000 0.000000 0.000000 0.000000 0.000000 0.875000 0.135937 2.000000 0.745902 0.192188 1.000000 0.899590 0.195312 2.000000 0.680328 0.306250 1.000000 0.956967 0.306250 2.000000 0.715164 0.346875 1.000000 0.000000 0.000000 0.000000 0.770492 0.375000 2.000000 0.868852 0.375000 2.000000 0.750000 0.542188 2.000000 0.887295 0.542188 2.000000 0.735656 0.703125 2.000000 0.893443 0.706250 1.000000
