0 0.824969 0.622740 0.294531 0.734239 0.859375 0.451991 2.000000 0.859375 0.423888 2.000000 0.831250 0.433255 2.000000 0.000000 0.000000 0.000000 0.750000 0.461358 2.000000 0.834375 0.639344 2.000000 0.729688 0.646370 2.000000 0.943750 0.903981 2.000000 0.853125 0.892272 2.000000 0.820312 0.896956 2.000000 0.870313 0.655738 2.000000 0.000000 0.000000 0.000000 0.000000 0.000000 0.000000 0.000000 0.000000 0.000000 0.000000 0.000000 0.000000 0.000000 0.000000 0.000000 0.000000 0.000000 0.000000
0 0.533000 0.822471 0.208406 0.328080 0.000000 0.000000 0.000000 0.000000 0.000000 0.000000 0.000000 0.000000 0.000000 0.000000 0.000000 0.000000 0.575000 0.730679 2.000000 0.465625 0.775176 2.000000 0.560937 0.803279 2.000000 0.000000 0.000000 0.000000 0.600000 0.941452 2.000000 0.000000 0.000000 0.000000 0.000000 0.000000 0.000000 0.000000 0.000000 0.000000 0.000000 0.000000 0.000000 0.000000 0.000000 0.000000 0.000000 0.000000 0.000000 0.000000 0.000000 0.000000 0.000000 0.000000 0.000000
0 0.430297 0.787635 0.152938 0.393255 0.457813 0.686183 2.000000 0.462500 0.672131 2.000000 0.446875 0.665105 2.000000 0.000000 0.000000 0.000000 0.407813 0.662763 2.000000 0.443750 0.740047 2.000000 0.398438 0.758782 2.000000 0.000000 0.000000 0.000000 0.378125 0.908665 1.000000 0.000000 0.000000 0.000000 0.000000 0.000000 0.000000 0.000000 0.000000 0.000000 0.000000 0.000000 0.000000 0.000000 0.000000 0.000000 0.000000 0.000000 0.000000 0.000000 0.000000 0.000000 0.000000 0.000000 0.000000
0 0.208062 0.679977 0.053031 0.233630 0.000000 0.000000 0.000000 0.000000 0.000000 0.000000 0.000000 0.000000 0.000000 0.000000 0.000000 0.000000 0.207813 0.587822 2.000000 0.198437 0.606557 2.000000 0.210938 0.606557 2.000000 0.000000 0.000000 0.000000 0.000000 0.000000 0.000000 0.000000 0.000000 0.000000 0.000000 0.000000 0.000000 0.000000 0.000000 0.000000 0.000000 0.000000 0.000000 0.000000 0.000000 0.000000 0.000000 0.000000 0.000000 0.000000 0.000000 0.000000 0.000000 0.000000 0.000000
0 0.164172 0.697752 0.076469 0.276393 0.000000 0.000000 0.000000 0.000000 0.000000 0.000000 0.000000 0.000000 0.000000 0.000000 0.000000 0.000000 0.165625 0.597190 2.000000 0.146875 0.629977 2.000000 0.170313 0.625293 2.000000 0.134375 0.667447 2.000000 0.181250 0.669789 2.000000 0.142187 0.697892 2.000000 0.181250 0.695550 2.000000 0.146875 0.714286 2.000000 0.168750 0.714286 2.000000 0.145313 0.772834 2.000000 0.171875 0.768150 2.000000 0.146875 0.824356 2.000000 0.175000 0.817330 2.000000
0 0.052234 0.662096 0.038781 0.261335 0.043750 0.550351 2.000000 0.048438 0.545667 2.000000 0.000000 0.000000 0.000000 0.051562 0.552693 2.000000 0.000000 0.000000 0.000000 0.060937 0.578454 2.000000 0.048438 0.587822 2.000000 0.059375 0.620609 2.000000 0.000000 0.000000 0.000000 0.048438 0.648712 2.000000 0.000000 0.000000 0.000000 0.054688 0.651054 2.000000 0.042188 0.651054 2.000000 0.053125 0.704918 2.000000 0.042188 0.704918 2.000000 0.057813 0.763466 2.000000 0.043750 0.763466 2.000000
0 0.952820 0.774321 0.094328 0.398384 0.953125 0.641686 2.000000 0.960938 0.632319 2.000000 0.946875 0.632319 2.000000 0.967187 0.639344 2.000000 0.923438 0.632319 2.000000 0.971875 0.702576 2.000000 0.906250 0.702576 1.000000 0.995313 0.777518 2.000000 0.000000 0.000000 0.000000 0.000000 0.000000 0.000000 0.000000 0.000000 0.000000 0.954688 0.838407 1.000000 0.000000 0.000000 0.000000 0.982812 0.896956 2.000000 0.000000 0.000000 0.000000 0.000000 0.000000 0.000000 0.000000 0.000000 0.000000
0 0.026180 0.650691 0.031578 0.243443 0.000000 0.000000 0.000000 0.029687 0.550351 2.000000 0.021875 0.550351 2.000000 0.037500 0.550351 2.000000 0.000000 0.000000 0.000000 0.043750 0.576112 1.000000 0.025000 0.576112 2.000000 0.035937 0.604215 2.000000 0.000000 0.000000 0.000000 0.031250 0.580796 2.000000 0.000000 0.000000 0.000000 0.035937 0.648712 2.000000 0.025000 0.648712 2.000000 0.037500 0.707260 1.000000 0.026562 0.707260 2.000000 0.040625 0.751756 2.000000 0.031250 0.751756 2.000000
0 0.110844 0.590000 0.036187 0.148946 0.000000 0.000000 0.000000 0.000000 0.000000 0.000000 0.000000 0.000000 0.000000 0.000000 0.000000 0.000000 0.000000 0.000000 0.000000 0.120313 0.545667 2.000000 0.101562 0.538642 2.000000 0.123438 0.564403 2.000000 0.096875 0.557377 2.000000 0.118750 0.587822 2.000000 0.096875 0.578454 2.000000 0.114062 0.585480 2.000000 0.104688 0.587822 2.000000 0.118750 0.622951 2.000000 0.101562 0.618267 2.000000 0.118750 0.653396 2.000000 0.103125 0.648712 2.000000
0 0.660648 0.796663 0.084047 0.354075 0.000000 0.000000 0.000000 0.000000 0.000000 0.000000 0.000000 0.000000 0.000000 0.000000 0.000000 0.000000 0.640625 0.721311 2.000000 0.631250 0.810304 1.000000 0.000000 0.000000 0.000000 0.631250 0.922717 1.000000 0.000000 0.000000 0.000000 0.000000 0.000000 0.000000 0.000000 0.000000 0.000000 0.000000 0.000000 0.000000 0.000000 0.000000 0.000000 0.000000 0.000000 0.000000 0.000000 0.000000 0.000000 0.000000 0.000000 0.000000 0.000000 0.000000 0.000000
