0 0.217531 0.768545 0.065438 0.459671 0.235937 0.591549 2.000000 0.000000 0.000000 0.000000 0.229687 0.579812 2.000000 0.000000 0.000000 0.000000 0.218750 0.584507 2.000000 0.217188 0.647887 2.000000 0.207813 0.647887 2.000000 0.000000 0.000000 0.000000 0.209375 0.715962 2.000000 0.000000 0.000000 0.000000 0.221875 0.798122 2.000000 0.226562 0.776995 2.000000 0.212500 0.786385 2.000000 0.229687 0.866197 2.000000 0.215625 0.882629 2.000000 0.220312 0.953052 2.000000 0.210938 0.955399 2.000000
0 0.272859 0.626854 0.068031 0.175869 0.295312 0.568075 2.000000 0.000000 0.000000 0.000000 0.290625 0.563380 2.000000 0.000000 0.000000 0.000000 0.275000 0.565728 2.000000 0.304688 0.582160 1.000000 0.264062 0.589202 2.000000 0.312500 0.619718 1.000000 0.259375 0.629108 2.000000 0.306250 0.652582 1.000000 0.262500 0.664319 2.000000 0.293750 0.650235 2.000000 0.271875 0.652582 2.000000 0.317188 0.669014 1.000000 0.253125 0.669014 2.000000 0.296875 0.694836 1.000000 0.285938 0.701878 2.000000
0 0.343977 0.630070 0.101266 0.391502 0.345313 0.471831 2.000000 0.348438 0.464789 2.000000 0.339062 0.467136 2.000000 0.000000 0.000000 0.000000 0.328125 0.474178 2.000000 0.365625 0.521127 2.000000 0.315625 0.516432 2.000000 0.371875 0.579812 2.000000 0.304688 0.577465 2.000000 0.371875 0.631455 2.000000 0.307812 0.629108 2.000000 0.357812 0.640845 2.000000 0.323437 0.640845 2.000000 0.367188 0.732394 2.000000 0.320312 0.725352 2.000000 0.381250 0.807512 2.000000 0.326562 0.805164 2.000000
0 0.440641 0.686209 0.121656 0.448756 0.462500 0.511737 2.000000 0.464062 0.504695 2.000000 0.456250 0.502347 2.000000 0.000000 0.000000 0.000000 0.439063 0.495305 1.000000 0.465625 0.539906 2.000000 0.412500 0.523474 2.000000 0.464062 0.596244 2.000000 0.417187 0.593897 2.000000 0.475000 0.624413 2.000000 0.457813 0.575117 2.000000 0.440625 0.661972 2.000000 0.407813 0.664319 2.000000 0.464062 0.765258 2.000000 0.412500 0.767606 2.000000 0.451562 0.873239 2.000000 0.401562 0.887324 2.000000
0 0.580555 0.688298 0.100266 0.398991 0.570312 0.532864 2.000000 0.571875 0.523474 2.000000 0.564063 0.523474 2.000000 0.000000 0.000000 0.000000 0.554688 0.521127 2.000000 0.587500 0.575117 2.000000 0.540625 0.577465 2.000000 0.590625 0.631455 2.000000 0.531250 0.636150 1.000000 0.596875 0.680751 2.000000 0.537500 0.694836 2.000000 0.579688 0.690141 2.000000 0.548438 0.690141 2.000000 0.595313 0.758216 2.000000 0.551562 0.765258 2.000000 0.601562 0.852113 2.000000 0.554688 0.852113 2.000000
0 0.639563 0.644519 0.072969 0.375845 0.631250 0.500000 2.000000 0.634375 0.495305 2.000000 0.625000 0.495305 2.000000 0.643750 0.495305 2.000000 0.620313 0.500000 1.000000 0.657813 0.532864 2.000000 0.612500 0.539906 2.000000 0.664062 0.568075 2.000000 0.609375 0.575117 2.000000 0.000000 0.000000 0.000000 0.000000 0.000000 0.000000 0.648438 0.612676 2.000000 0.623437 0.612676 2.000000 0.651563 0.718310 2.000000 0.620313 0.720657 2.000000 0.657813 0.798122 2.000000 0.617188 0.802817 2.000000
0 0.689883 0.698110 0.072203 0.368521 0.679688 0.546948 2.000000 0.684375 0.539906 2.000000 0.678125 0.537559 1.000000 0.700000 0.539906 2.000000 0.000000 0.000000 0.000000 0.709375 0.586854 2.000000 0.667188 0.584507 2.000000 0.714063 0.647887 2.000000 0.659375 0.640845 2.000000 0.712500 0.694836 2.000000 0.659375 0.694836 2.000000 0.703125 0.692488 2.000000 0.673438 0.690141 2.000000 0.704688 0.774648 2.000000 0.673438 0.774648 2.000000 0.709375 0.847418 2.000000 0.671875 0.842723 2.000000
0 0.777117 0.803545 0.121391 0.392911 0.000000 0.000000 0.000000 0.000000 0.000000 0.000000 0.000000 0.000000 0.000000 0.756250 0.661972 1.000000 0.795312 0.664319 2.000000 0.746875 0.723005 2.000000 0.800000 0.723005 2.000000 0.728125 0.809859 2.000000 0.817187 0.812207 2.000000 0.725000 0.882629 2.000000 0.825000 0.889671 2.000000 0.756250 0.877934 2.000000 0.793750 0.877934 2.000000 0.753125 0.988263 2.000000 0.796875 0.981221 2.000000 0.000000 0.000000 0.000000 0.000000 0.000000 0.000000
0 0.145852 0.672758 0.106641 0.384390 0.139063 0.516432 2.000000 0.139063 0.507042 2.000000 0.131250 0.511737 2.000000 0.000000 0.000000 0.000000 0.118750 0.518779 2.000000 0.159375 0.546948 2.000000 0.104688 0.558685 2.000000 0.168750 0.610329 2.000000 0.101562 0.626761 2.000000 0.160938 0.661972 2.000000 0.103125 0.685446 2.000000 0.156250 0.661972 2.000000 0.126562 0.669014 2.000000 0.167187 0.762911 2.000000 0.125000 0.772300 2.000000 0.176563 0.833333 2.000000 0.128125 0.830986 2.000000
0 0.974508 0.675282 0.049359 0.402254 0.996875 0.521127 2.000000 0.000000 0.000000 0.000000 0.993750 0.511737 2.000000 0.000000 0.000000 0.000000 0.990625 0.516432 2.000000 0.000000 0.000000 0.000000 0.981250 0.563380 2.000000 0.000000 0.000000 0.000000 0.976562 0.605634 2.000000 0.000000 0.000000 0.000000 0.973437 0.673709 2.000000 0.000000 0.000000 0.000000 0.987500 0.671362 2.000000 0.000000 0.000000 0.000000 0.987500 0.765258 2.000000 0.000000 0.000000 0.000000 0.981250 0.823944 2.000000
0 0.862297 0.711772 0.077969 0.330775 0.846875 0.579812 2.000000 0.851562 0.572770 2.000000 0.845313 0.572770 2.000000 0.865625 0.577465 2.000000 0.000000 0.000000 0.000000 0.876563 0.612676 2.000000 0.834375 0.610329 2.000000 0.878125 0.669014 2.000000 0.831250 0.669014 2.000000 0.876563 0.723005 2.000000 0.831250 0.715962 2.000000 0.864062 0.708920 2.000000 0.842187 0.706573 2.000000 0.870313 0.779343 2.000000 0.832812 0.781690 2.000000 0.876563 0.854460 2.000000 0.821875 0.856808 1.000000
