0 0.945120 0.645691 0.109240 0.689880 0.000000 0.000000 0.000000 0.000000 0.000000 0.000000 0.000000 0.000000 0.000000 0.988000 0.366366 2.000000 0.000000 0.000000 0.000000 0.976000 0.453453 2.000000 0.000000 0.000000 0.000000 0.902000 0.630631 2.000000 0.000000 0.000000 0.000000 0.000000 0.000000 0.000000 0.000000 0.000000 0.000000 0.982000 0.702703 2.000000 0.000000 0.000000 0.000000 0.974000 0.921922 2.000000 0.000000 0.000000 0.000000 0.000000 0.000000 0.000000 0.000000 0.000000 0.000000
0 0.882790 0.696126 0.071540 0.568769 0.000000 0.000000 0.000000 0.000000 0.000000 0.000000 0.000000 0.000000 0.000000 0.866000 0.459459 2.000000 0.000000 0.000000 0.000000 0.858000 0.510511 1.000000 0.918000 0.507508 1.000000 0.000000 0.000000 0.000000 0.000000 0.000000 0.000000 0.000000 0.000000 0.000000 0.000000 0.000000 0.000000 0.878000 0.684685 1.000000 0.910000 0.678679 1.000000 0.858000 0.828829 1.000000 0.900000 0.831832 2.000000 0.864000 0.945946 2.000000 0.900000 0.948949 2.000000
0 0.659260 0.793258 0.130200 0.408979 0.652000 0.657658 2.000000 0.000000 0.000000 0.000000 0.646000 0.651652 2.000000 0.000000 0.000000 0.000000 0.622000 0.645646 2.000000 0.604000 0.693694 2.000000 0.638000 0.705706 2.000000 0.000000 0.000000 0.000000 0.668000 0.747748 2.000000 0.000000 0.000000 0.000000 0.708000 0.762763 2.000000 0.608000 0.843844 2.000000 0.640000 0.846847 2.000000 0.618000 0.945946 2.000000 0.648000 0.948949 2.000000 0.000000 0.000000 0.000000 0.000000 0.000000 0.000000
0 0.565310 0.640961 0.076660 0.448889 0.000000 0.000000 0.000000 0.000000 0.000000 0.000000 0.000000 0.000000 0.000000 0.000000 0.000000 0.000000 0.582000 0.450450 2.000000 0.534000 0.510511 2.000000 0.582000 0.516517 2.000000 0.000000 0.000000 0.000000 0.000000 0.000000 0.000000 0.000000 0.000000 0.000000 0.000000 0.000000 0.000000 0.540000 0.642643 2.000000 0.570000 0.645646 2.000000 0.546000 0.735736 2.000000 0.568000 0.726727 2.000000 0.544000 0.819820 2.000000 0.558000 0.825826 2.000000
0 0.425340 0.636682 0.131440 0.506276 0.000000 0.000000 0.000000 0.000000 0.000000 0.000000 0.000000 0.000000 0.000000 0.426000 0.429429 2.000000 0.000000 0.000000 0.000000 0.404000 0.483483 2.000000 0.468000 0.480480 2.000000 0.392000 0.573574 2.000000 0.480000 0.564565 2.000000 0.000000 0.000000 0.000000 0.000000 0.000000 0.000000 0.410000 0.597598 2.000000 0.458000 0.597598 2.000000 0.416000 0.732733 2.000000 0.450000 0.735736 2.000000 0.404000 0.846847 2.000000 0.452000 0.852853 2.000000
0 0.514090 0.615721 0.073340 0.435946 0.000000 0.000000 0.000000 0.000000 0.000000 0.000000 0.000000 0.000000 0.000000 0.000000 0.000000 0.000000 0.522000 0.426426 2.000000 0.474000 0.486486 1.000000 0.534000 0.480480 2.000000 0.000000 0.000000 0.000000 0.000000 0.000000 0.000000 0.000000 0.000000 0.000000 0.000000 0.000000 0.000000 0.488000 0.636637 2.000000 0.524000 0.633634 2.000000 0.486000 0.717718 2.000000 0.532000 0.720721 2.000000 0.480000 0.804805 1.000000 0.528000 0.813814 2.000000
0 0.249910 0.574414 0.117220 0.521141 0.242000 0.360360 2.000000 0.246000 0.348348 2.000000 0.238000 0.348348 2.000000 0.000000 0.000000 0.000000 0.216000 0.351351 2.000000 0.232000 0.390390 2.000000 0.210000 0.390390 2.000000 0.254000 0.480480 2.000000 0.248000 0.459459 2.000000 0.282000 0.507508 2.000000 0.264000 0.411411 2.000000 0.260000 0.543544 2.000000 0.234000 0.543544 2.000000 0.252000 0.675676 2.000000 0.234000 0.684685 2.000000 0.236000 0.774775 2.000000 0.228000 0.783784 2.000000
0 0.398270 0.612658 0.079540 0.410000 0.376000 0.450450 2.000000 0.378000 0.444444 2.000000 0.000000 0.000000 0.000000 0.394000 0.444444 2.000000 0.000000 0.000000 0.000000 0.380000 0.495495 2.000000 0.416000 0.486486 1.000000 0.380000 0.561562 1.000000 0.000000 0.000000 0.000000 0.366000 0.600601 2.000000 0.000000 0.000000 0.000000 0.386000 0.603604 1.000000 0.418000 0.597598 1.000000 0.388000 0.693694 1.000000 0.412000 0.681682 1.000000 0.398000 0.795796 2.000000 0.426000 0.786787 1.000000
0 0.677190 0.657613 0.151380 0.585976 0.000000 0.000000 0.000000 0.000000 0.000000 0.000000 0.000000 0.000000 0.000000 0.000000 0.000000 0.000000 0.672000 0.405405 2.000000 0.616000 0.477477 2.000000 0.694000 0.465465 2.000000 0.608000 0.582583 2.000000 0.712000 0.564565 2.000000 0.610000 0.654655 1.000000 0.726000 0.642643 1.000000 0.632000 0.636637 1.000000 0.688000 0.639640 2.000000 0.642000 0.789790 1.000000 0.702000 0.783784 2.000000 0.652000 0.921922 1.000000 0.726000 0.924925 2.000000
0 0.809260 0.688033 0.207200 0.619069 0.000000 0.000000 0.000000 0.000000 0.000000 0.000000 0.000000 0.000000 0.000000 0.788000 0.438438 1.000000 0.832000 0.435435 2.000000 0.760000 0.531532 2.000000 0.856000 0.525526 2.000000 0.730000 0.645646 2.000000 0.000000 0.000000 0.000000 0.712000 0.732733 2.000000 0.000000 0.000000 0.000000 0.792000 0.747748 2.000000 0.860000 0.741742 2.000000 0.800000 0.879880 2.000000 0.838000 0.870871 2.000000 0.000000 0.000000 0.000000 0.000000 0.000000 0.000000
