0 0.343289 0.610857 0.360484 0.755047 0.000000 0.000000 0.000000 0.000000 0.000000 0.000000 0.000000 0.000000 0.000000 0.195312 0.380282 2.000000 0.320312 0.429577 2.000000 0.203125 0.600939 2.000000 0.340625 0.633803 2.000000 0.000000 0.000000 0.000000 0.000000 0.000000 0.000000 0.000000 0.000000 0.000000 0.000000 0.000000 0.000000 0.000000 0.000000 0.000000 0.000000 0.000000 0.000000 0.000000 0.000000 0.000000 0.000000 0.000000 0.000000 0.000000 0.000000 0.000000 0.000000 0.000000 0.000000
0 0.111437 0.665176 0.219875 0.624718 0.000000 0.000000 0.000000 0.000000 0.000000 0.000000 0.000000 0.000000 0.000000 0.000000 0.000000 0.000000 0.210938 0.483568 2.000000 0.046875 0.577465 1.000000 0.214062 0.589202 1.000000 0.000000 0.000000 0.000000 0.156250 0.901408 2.000000 0.000000 0.000000 0.000000 0.000000 0.000000 0.000000 0.000000 0.000000 0.000000 0.000000 0.000000 0.000000 0.000000 0.000000 0.000000 0.000000 0.000000 0.000000 0.000000 0.000000 0.000000 0.000000 0.000000 0.000000
0 0.462102 0.324472 0.191703 0.312418 0.482812 0.211268 2.000000 0.487500 0.201878 2.000000 0.478125 0.206573 2.000000 0.496875 0.208920 2.000000 0.468750 0.218310 2.000000 0.518750 0.253521 2.000000 0.459375 0.272300 2.000000 0.526563 0.265258 2.000000 0.432812 0.302817 2.000000 0.537500 0.274648 2.000000 0.403125 0.307512 2.000000 0.510938 0.396714 2.000000 0.476562 0.401408 2.000000 0.520312 0.476526 1.000000 0.484375 0.481221 1.000000 0.528125 0.568075 1.000000 0.493750 0.579812 1.000000
0 0.358180 0.402723 0.064891 0.292441 0.000000 0.000000 0.000000 0.000000 0.000000 0.000000 0.000000 0.000000 0.000000 0.328125 0.272300 1.000000 0.000000 0.000000 0.000000 0.354687 0.316901 2.000000 0.315625 0.335681 1.000000 0.376563 0.359155 2.000000 0.000000 0.000000 0.000000 0.378125 0.408451 2.000000 0.000000 0.000000 0.000000 0.367188 0.417840 2.000000 0.334375 0.431925 1.000000 0.379688 0.502347 2.000000 0.351562 0.509390 2.000000 0.390625 0.570423 1.000000 0.367188 0.582160 1.000000
0 0.620211 0.364249 0.109891 0.545728 0.592187 0.152582 2.000000 0.598437 0.138498 2.000000 0.585938 0.143192 2.000000 0.612500 0.145540 2.000000 0.000000 0.000000 0.000000 0.639062 0.204225 2.000000 0.576562 0.225352 2.000000 0.656250 0.262911 2.000000 0.570312 0.293427 2.000000 0.631250 0.255869 2.000000 0.576562 0.330986 2.000000 0.637500 0.361502 2.000000 0.596875 0.370892 2.000000 0.643750 0.483568 2.000000 0.609375 0.488263 2.000000 0.651563 0.584507 2.000000 0.623437 0.586854 1.000000
0 0.725187 0.378298 0.151875 0.733779 0.707812 0.096244 2.000000 0.717187 0.075117 2.000000 0.698438 0.084507 2.000000 0.740625 0.072770 2.000000 0.689063 0.098592 2.000000 0.770312 0.164319 2.000000 0.693750 0.183099 1.000000 0.771875 0.307512 2.000000 0.698438 0.291080 2.000000 0.689063 0.342723 2.000000 0.676562 0.333333 2.000000 0.746875 0.373239 2.000000 0.696875 0.373239 2.000000 0.748437 0.568075 2.000000 0.704688 0.530516 2.000000 0.751563 0.683099 2.000000 0.701562 0.631455 2.000000
0 0.871984 0.373298 0.174687 0.713732 0.864062 0.117371 2.000000 0.876563 0.100939 2.000000 0.857812 0.107981 2.000000 0.906250 0.103286 2.000000 0.000000 0.000000 0.000000 0.945312 0.183099 2.000000 0.835938 0.206573 2.000000 0.945312 0.307512 2.000000 0.810937 0.309859 2.000000 0.878125 0.375587 2.000000 0.843750 0.377934 2.000000 0.895312 0.408451 2.000000 0.839063 0.403756 2.000000 0.889062 0.537559 2.000000 0.825000 0.530516 2.000000 0.881250 0.654930 2.000000 0.817187 0.629108 2.000000
0 0.958984 0.324167 0.082031 0.505939 0.937500 0.131455 2.000000 0.946875 0.119718 2.000000 0.935937 0.119718 2.000000 0.000000 0.000000 0.000000 0.000000 0.000000 0.000000 0.992188 0.171362 2.000000 0.914062 0.164319 1.000000 0.998437 0.305164 2.000000 0.000000 0.000000 0.000000 0.000000 0.000000 0.000000 0.939063 0.157277 1.000000 0.959375 0.340376 2.000000 0.914062 0.335681 1.000000 0.943750 0.481221 2.000000 0.906250 0.469484 1.000000 0.926562 0.563380 2.000000 0.896875 0.561033 1.000000
0 0.547023 0.358545 0.069672 0.301268 0.520312 0.246479 1.000000 0.525000 0.237089 2.000000 0.517188 0.239437 1.000000 0.535937 0.234742 2.000000 0.000000 0.000000 0.000000 0.554688 0.269953 2.000000 0.515625 0.272300 1.000000 0.562500 0.314554 2.000000 0.000000 0.000000 0.000000 0.534375 0.330986 2.000000 0.000000 0.000000 0.000000 0.554688 0.373239 2.000000 0.531250 0.377934 1.000000 0.556250 0.441315 2.000000 0.542188 0.455399 2.000000 0.571875 0.504695 1.000000 0.559375 0.511737 1.000000
0 0.064461 0.503380 0.128922 0.400892 0.000000 0.000000 0.000000 0.000000 0.000000 0.000000 0.115625 0.392019 2.000000 0.000000 0.000000 0.000000 0.079687 0.410798 2.000000 0.007812 0.492958 2.000000 0.092188 0.535211 1.000000 0.000000 0.000000 0.000000 0.000000 0.000000 0.000000 0.000000 0.000000 0.000000 0.000000 0.000000 0.000000 0.000000 0.000000 0.000000 0.000000 0.000000 0.000000 0.000000 0.000000 0.000000 0.000000 0.000000 0.000000 0.000000 0.000000 0.000000 0.000000 0.000000 0.000000
0 0.426258 0.360129 0.077422 0.281761 0.404687 0.255869 2.000000 0.409375 0.248826 2.000000 0.400000 0.253521 2.000000 0.417187 0.253521 2.000000 0.395313 0.260563 2.000000 0.437500 0.293427 1.000000 0.385937 0.312207 1.000000 0.446875 0.345070 2.000000 0.401562 0.363850 2.000000 0.000000 0.000000 0.000000 0.417187 0.384977 2.000000 0.440625 0.401408 2.000000 0.415625 0.410798 2.000000 0.453125 0.474178 2.000000 0.425000 0.483568 1.000000 0.462500 0.551643 1.000000 0.434375 0.558685 1.000000
