0 0.215047 0.609573 0.135531 0.278771 0.237500 0.516667 2.000000 0.000000 0.000000 0.000000 0.228125 0.508333 2.000000 0.000000 0.000000 0.000000 0.214062 0.510417 2.000000 0.228125 0.545833 2.000000 0.189062 0.558333 2.000000 0.000000 0.000000 0.000000 0.184375 0.616667 2.000000 0.000000 0.000000 0.000000 0.235937 0.612500 2.000000 0.190625 0.635417 2.000000 0.164062 0.656250 2.000000 0.260937 0.645833 2.000000 0.225000 0.664583 2.000000 0.215625 0.712500 2.000000 0.176563 0.712500 2.000000
0 0.199445 0.434583 0.119891 0.282417 0.232813 0.339583 2.000000 0.235937 0.331250 2.000000 0.228125 0.331250 2.000000 0.000000 0.000000 0.000000 0.203125 0.331250 2.000000 0.243750 0.366667 2.000000 0.179688 0.366667 2.000000 0.000000 0.000000 0.000000 0.164062 0.443750 2.000000 0.000000 0.000000 0.000000 0.182812 0.497917 2.000000 0.232813 0.472917 2.000000 0.193750 0.472917 2.000000 0.000000 0.000000 0.000000 0.178125 0.581250 1.000000 0.000000 0.000000 0.000000 0.148438 0.679167 1.000000
0 0.067945 0.396656 0.085109 0.089021 0.000000 0.000000 0.000000 0.000000 0.000000 0.000000 0.000000 0.000000 0.000000 0.042188 0.377083 2.000000 0.000000 0.000000 0.000000 0.035937 0.404167 2.000000 0.084375 0.389583 2.000000 0.031250 0.450000 1.000000 0.103125 0.437500 2.000000 0.000000 0.000000 0.000000 0.000000 0.000000 0.000000 0.000000 0.000000 0.000000 0.000000 0.000000 0.000000 0.000000 0.000000 0.000000 0.000000 0.000000 0.000000 0.000000 0.000000 0.000000 0.000000 0.000000 0.000000
0 0.232805 0.215031 0.090359 0.094104 0.245312 0.200000 2.000000 0.250000 0.195833 2.000000 0.240625 0.197917 2.000000 0.000000 0.000000 0.000000 0.234375 0.204167 2.000000 0.254688 0.214583 2.000000 0.221875 0.214583 2.000000 0.270313 0.256250 1.000000 0.190625 0.252083 2.000000 0.000000 0.000000 0.000000 0.218750 0.222917 2.000000 0.253125 0.270833 1.000000 0.226562 0.270833 1.000000 0.000000 0.000000 0.000000 0.000000 0.000000 0.000000 0.000000 0.000000 0.000000 0.000000 0.000000 0.000000
0 0.611797 0.200000 0.074156 0.089875 0.587500 0.179167 1.000000 0.592187 0.177083 2.000000 0.000000 0.000000 0.000000 0.612500 0.175000 2.000000 0.000000 0.000000 0.000000 0.631250 0.189583 2.000000 0.578125 0.202083 2.000000 0.000000 0.000000 0.000000 0.000000 0.000000 0.000000 0.000000 0.000000 0.000000 0.000000 0.000000 0.000000 0.000000 0.000000 0.000000 0.000000 0.000000 0.000000 0.000000 0.000000 0.000000 0.000000 0.000000 0.000000 0.000000 0.000000 0.000000 0.000000 0.000000 0.000000
0 0.390859 0.205531 0.084219 0.091646 0.389062 0.187500 2.000000 0.392188 0.183333 2.000000 0.384375 0.185417 2.000000 0.000000 0.000000 0.000000 0.373437 0.187500 2.000000 0.409375 0.204167 2.000000 0.356250 0.212500 2.000000 0.000000 0.000000 0.000000 0.365625 0.247917 2.000000 0.000000 0.000000 0.000000 0.378125 0.214583 2.000000 0.000000 0.000000 0.000000 0.000000 0.000000 0.000000 0.000000 0.000000 0.000000 0.000000 0.000000 0.000000 0.000000 0.000000 0.000000 0.000000 0.000000 0.000000
0 0.468898 0.195563 0.080703 0.098792 0.484375 0.170833 2.000000 0.487500 0.166667 2.000000 0.479687 0.166667 2.000000 0.492188 0.172917 2.000000 0.471875 0.172917 2.000000 0.496875 0.202083 2.000000 0.456250 0.193750 2.000000 0.495312 0.245833 1.000000 0.435937 0.218750 2.000000 0.000000 0.000000 0.000000 0.446875 0.247917 1.000000 0.482812 0.277083 1.000000 0.457813 0.279167 1.000000 0.000000 0.000000 0.000000 0.000000 0.000000 0.000000 0.000000 0.000000 0.000000 0.000000 0.000000 0.000000
0 0.541875 0.193073 0.076656 0.099354 0.540625 0.183333 2.000000 0.545312 0.179167 2.000000 0.535937 0.179167 2.000000 0.000000 0.000000 0.000000 0.000000 0.000000 0.000000 0.565625 0.197917 2.000000 0.518750 0.197917 2.000000 0.575000 0.237500 1.000000 0.510938 0.239583 2.000000 0.000000 0.000000 0.000000 0.000000 0.000000 0.000000 0.000000 0.000000 0.000000 0.000000 0.000000 0.000000 0.000000 0.000000 0.000000 0.000000 0.000000 0.000000 0.000000 0.000000 0.000000 0.000000 0.000000 0.000000
0 0.774844 0.180094 0.050875 0.094521 0.782813 0.162500 2.000000 0.787500 0.158333 2.000000 0.779687 0.158333 2.000000 0.000000 0.000000 0.000000 0.000000 0.000000 0.000000 0.790625 0.183333 2.000000 0.767188 0.183333 2.000000 0.803125 0.220833 1.000000 0.759375 0.225000 2.000000 0.000000 0.000000 0.000000 0.000000 0.000000 0.000000 0.000000 0.000000 0.000000 0.000000 0.000000 0.000000 0.000000 0.000000 0.000000 0.000000 0.000000 0.000000 0.000000 0.000000 0.000000 0.000000 0.000000 0.000000
0 0.525766 0.516667 0.183750 0.408333 0.509375 0.352083 2.000000 0.512500 0.343750 2.000000 0.501563 0.347917 2.000000 0.000000 0.000000 0.000000 0.487500 0.354167 2.000000 0.525000 0.391667 2.000000 0.481250 0.375000 2.000000 0.495312 0.410417 2.000000 0.439063 0.331250 2.000000 0.470313 0.364583 2.000000 0.456250 0.329167 2.000000 0.526563 0.512500 2.000000 0.485938 0.514583 2.000000 0.554688 0.602083 2.000000 0.476562 0.600000 2.000000 0.598437 0.689583 2.000000 0.484375 0.695833 2.000000
0 0.314875 0.205365 0.083406 0.106188 0.310937 0.183333 2.000000 0.314063 0.179167 2.000000 0.304688 0.179167 2.000000 0.320312 0.181250 2.000000 0.296875 0.183333 2.000000 0.335938 0.208333 2.000000 0.285938 0.216667 2.000000 0.351562 0.241667 2.000000 0.285938 0.256250 2.000000 0.000000 0.000000 0.000000 0.000000 0.000000 0.000000 0.000000 0.000000 0.000000 0.000000 0.000000 0.000000 0.000000 0.000000 0.000000 0.000000 0.000000 0.000000 0.000000 0.000000 0.000000 0.000000 0.000000 0.000000
