0 0.507125 0.506991 0.197469 0.968595 0.481250 0.142857 2.000000 0.490625 0.126464 2.000000 0.470313 0.126464 2.000000 0.521875 0.124122 2.000000 0.000000 0.000000 0.000000 0.546875 0.224824 2.000000 0.470313 0.234192 2.000000 0.592187 0.360656 2.000000 0.456250 0.370023 2.000000 0.553125 0.491803 2.000000 0.426563 0.475410 2.000000 0.534375 0.491803 2.000000 0.476562 0.489461 2.000000 0.520312 0.700234 2.000000 0.485938 0.707260 2.000000 0.521875 0.922717 2.000000 0.525000 0.850117 2.000000
0 0.683719 0.295047 0.102188 0.353607 0.675000 0.168618 2.000000 0.684375 0.161593 2.000000 0.670312 0.161593 2.000000 0.696875 0.168618 2.000000 0.000000 0.000000 0.000000 0.710938 0.238876 2.000000 0.651563 0.238876 2.000000 0.000000 0.000000 0.000000 0.640625 0.327869 2.000000 0.000000 0.000000 0.000000 0.000000 0.000000 0.000000 0.700000 0.409836 2.000000 0.659375 0.412178 2.000000 0.700000 0.524590 1.000000 0.665625 0.529274 1.000000 0.000000 0.000000 0.000000 0.000000 0.000000 0.000000
0 0.640953 0.577518 0.139437 0.301124 0.654687 0.475410 2.000000 0.660937 0.466042 2.000000 0.653125 0.466042 2.000000 0.675000 0.468384 2.000000 0.645312 0.463700 2.000000 0.696875 0.515222 2.000000 0.645312 0.508197 2.000000 0.700000 0.615925 1.000000 0.634375 0.599532 2.000000 0.657813 0.622951 2.000000 0.634375 0.615925 2.000000 0.667188 0.634660 2.000000 0.650000 0.632319 2.000000 0.667188 0.658080 2.000000 0.585938 0.613583 1.000000 0.615625 0.700234 2.000000 0.618750 0.702576 2.000000
0 0.243414 0.464813 0.128734 0.411265 0.245312 0.299766 2.000000 0.253125 0.292740 2.000000 0.239063 0.292740 2.000000 0.264062 0.297424 2.000000 0.000000 0.000000 0.000000 0.282813 0.332553 2.000000 0.220312 0.341920 2.000000 0.284375 0.428571 2.000000 0.204687 0.433255 2.000000 0.229687 0.473068 2.000000 0.209375 0.473068 2.000000 0.265625 0.466042 2.000000 0.217188 0.459016 2.000000 0.232813 0.503513 2.000000 0.193750 0.494145 2.000000 0.229687 0.637002 2.000000 0.206250 0.632319 2.000000
0 0.302391 0.282272 0.070406 0.161218 0.306250 0.243560 2.000000 0.309375 0.236534 2.000000 0.301563 0.236534 2.000000 0.000000 0.000000 0.000000 0.287500 0.238876 2.000000 0.323437 0.288056 2.000000 0.273438 0.288056 2.000000 0.000000 0.000000 0.000000 0.000000 0.000000 0.000000 0.000000 0.000000 0.000000 0.000000 0.000000 0.000000 0.317188 0.370023 1.000000 0.278125 0.370023 1.000000 0.000000 0.000000 0.000000 0.000000 0.000000 0.000000 0.000000 0.000000 0.000000 0.000000 0.000000 0.000000
0 0.267109 0.193759 0.057563 0.165222 0.289062 0.152225 2.000000 0.290625 0.145199 2.000000 0.284375 0.145199 2.000000 0.000000 0.000000 0.000000 0.264062 0.149883 2.000000 0.292187 0.194379 1.000000 0.251563 0.180328 1.000000 0.000000 0.000000 0.000000 0.000000 0.000000 0.000000 0.000000 0.000000 0.000000 0.000000 0.000000 0.000000 0.000000 0.000000 0.000000 0.000000 0.000000 0.000000 0.000000 0.000000 0.000000 0.000000 0.000000 0.000000 0.000000 0.000000 0.000000 0.000000 0.000000 0.000000
0 0.028359 0.300808 0.054688 0.329859 0.020313 0.180328 2.000000 0.026562 0.170960 2.000000 0.015625 0.170960 2.000000 0.035937 0.185012 2.000000 0.009375 0.182670 2.000000 0.040625 0.231850 2.000000 0.000000 0.000000 0.000000 0.050000 0.311475 2.000000 0.000000 0.000000 0.000000 0.043750 0.379391 2.000000 0.000000 0.000000 0.000000 0.028125 0.381733 2.000000 0.001563 0.381733 1.000000 0.031250 0.496487 1.000000 0.004687 0.498829 1.000000 0.000000 0.000000 0.000000 0.000000 0.000000 0.000000
0 0.591547 0.546405 0.084531 0.225129 0.000000 0.000000 0.000000 0.581250 0.470726 2.000000 0.000000 0.000000 0.000000 0.598437 0.477752 2.000000 0.000000 0.000000 0.000000 0.612500 0.519906 2.000000 0.560937 0.517564 1.000000 0.000000 0.000000 0.000000 0.000000 0.000000 0.000000 0.000000 0.000000 0.000000 0.000000 0.000000 0.000000 0.595313 0.604215 1.000000 0.557813 0.604215 1.000000 0.000000 0.000000 0.000000 0.000000 0.000000 0.000000 0.000000 0.000000 0.000000 0.000000 0.000000 0.000000
0 0.933953 0.360480 0.105344 0.488173 0.960938 0.159251 1.000000 0.000000 0.000000 0.000000 0.951562 0.154567 2.000000 0.000000 0.000000 0.000000 0.926562 0.163934 2.000000 0.976562 0.245902 2.000000 0.898438 0.245902 2.000000 0.000000 0.000000 0.000000 0.000000 0.000000 0.000000 0.000000 0.000000 0.000000 0.000000 0.000000 0.000000 0.971875 0.456674 1.000000 0.918750 0.456674 2.000000 0.000000 0.000000 0.000000 0.000000 0.000000 0.000000 0.000000 0.000000 0.000000 0.000000 0.000000 0.000000
0 0.943789 0.639473 0.112422 0.379789 0.973437 0.515222 2.000000 0.981250 0.505855 2.000000 0.967187 0.508197 2.000000 0.000000 0.000000 0.000000 0.000000 0.000000 0.000000 0.000000 0.000000 0.000000 0.965625 0.566745 1.000000 0.000000 0.000000 0.000000 0.946875 0.627635 2.000000 0.000000 0.000000 0.000000 0.943750 0.700234 2.000000 0.000000 0.000000 0.000000 0.000000 0.000000 0.000000 0.000000 0.000000 0.000000 0.914062 0.707260 2.000000 0.956250 0.782201 2.000000 0.984375 0.779859 2.000000
0 0.823859 0.621452 0.252500 0.311663 0.884375 0.538642 2.000000 0.893750 0.526932 2.000000 0.878125 0.526932 2.000000 0.000000 0.000000 0.000000 0.000000 0.000000 0.000000 0.920312 0.573770 2.000000 0.864062 0.545667 2.000000 0.940625 0.665105 1.000000 0.823438 0.620609 2.000000 0.000000 0.000000 0.000000 0.817187 0.718970 2.000000 0.853125 0.707260 2.000000 0.826562 0.686183 2.000000 0.876563 0.742389 2.000000 0.745313 0.725995 2.000000 0.804688 0.749415 2.000000 0.739062 0.728337 2.000000
