0 0.297180 0.597927 0.131516 0.231729 0.315625 0.518750 2.000000 0.315625 0.512500 2.000000 0.307812 0.514583 2.000000 0.000000 0.000000 0.000000 0.290625 0.518750 2.000000 0.309375 0.552083 2.000000 0.275000 0.545833 2.000000 0.331250 0.593750 2.000000 0.260937 0.604167 2.000000 0.356250 0.622917 2.000000 0.287500 0.612500 2.000000 0.292187 0.625000 2.000000 0.260937 0.631250 2.000000 0.335938 0.631250 2.000000 0.306250 0.643750 2.000000 0.293750 0.683333 2.000000 0.254688 0.685417 2.000000
0 0.542055 0.564427 0.134172 0.313896 0.529687 0.443750 2.000000 0.532813 0.435417 2.000000 0.525000 0.437500 2.000000 0.000000 0.000000 0.000000 0.509375 0.439583 2.000000 0.550000 0.472917 2.000000 0.495312 0.472917 2.000000 0.543750 0.535417 2.000000 0.490625 0.518750 2.000000 0.510938 0.539583 2.000000 0.492188 0.527083 2.000000 0.545312 0.556250 2.000000 0.512500 0.560417 2.000000 0.565625 0.618750 2.000000 0.489063 0.625000 2.000000 0.598437 0.693750 2.000000 0.495312 0.695833 2.000000
0 0.414531 0.532917 0.068250 0.132292 0.429688 0.493750 2.000000 0.432812 0.489583 2.000000 0.426563 0.487500 2.000000 0.000000 0.000000 0.000000 0.412500 0.487500 2.000000 0.435937 0.516667 2.000000 0.393750 0.510417 2.000000 0.437500 0.558333 2.000000 0.387500 0.556250 2.000000 0.423438 0.518750 2.000000 0.415625 0.529167 2.000000 0.418750 0.585417 2.000000 0.395313 0.583333 2.000000 0.439063 0.575000 2.000000 0.385937 0.575000 2.000000 0.435937 0.635417 1.000000 0.385937 0.633333 1.000000
0 0.664344 0.536281 0.070156 0.137521 0.000000 0.000000 0.000000 0.000000 0.000000 0.000000 0.000000 0.000000 0.000000 0.000000 0.000000 0.000000 0.000000 0.000000 0.000000 0.682813 0.516667 2.000000 0.646875 0.516667 2.000000 0.664062 0.545833 2.000000 0.642188 0.552083 2.000000 0.643750 0.529167 2.000000 0.645312 0.566667 2.000000 0.673438 0.577083 2.000000 0.656250 0.577083 2.000000 0.000000 0.000000 0.000000 0.000000 0.000000 0.000000 0.000000 0.000000 0.000000 0.000000 0.000000 0.000000
0 0.711406 0.468760 0.071969 0.095479 0.693750 0.450000 2.000000 0.695312 0.443750 2.000000 0.687500 0.445833 1.000000 0.709375 0.443750 2.000000 0.000000 0.000000 0.000000 0.723437 0.468750 2.000000 0.684375 0.472917 2.000000 0.740625 0.504167 2.000000 0.678125 0.504167 1.000000 0.695312 0.481250 2.000000 0.717187 0.479167 2.000000 0.718750 0.520833 1.000000 0.695312 0.520833 1.000000 0.000000 0.000000 0.000000 0.725000 0.491667 2.000000 0.000000 0.000000 0.000000 0.000000 0.000000 0.000000
0 0.208922 0.530844 0.089563 0.343062 0.225000 0.389583 2.000000 0.229687 0.385417 2.000000 0.218750 0.385417 2.000000 0.000000 0.000000 0.000000 0.204687 0.391667 2.000000 0.229687 0.420833 2.000000 0.185938 0.420833 2.000000 0.231250 0.470833 2.000000 0.170313 0.472917 2.000000 0.243750 0.506250 2.000000 0.182812 0.518750 2.000000 0.223438 0.520833 2.000000 0.196875 0.522917 2.000000 0.223438 0.597917 2.000000 0.195312 0.597917 2.000000 0.217188 0.675000 2.000000 0.192188 0.675000 2.000000
0 0.545359 0.856865 0.097562 0.286271 0.582812 0.762500 2.000000 0.000000 0.000000 0.000000 0.575000 0.752083 2.000000 0.000000 0.000000 0.000000 0.553125 0.752083 2.000000 0.510938 0.802083 1.000000 0.567187 0.808333 2.000000 0.501563 0.881250 1.000000 0.573438 0.912500 2.000000 0.000000 0.000000 0.000000 0.584375 0.985417 2.000000 0.518750 0.952083 2.000000 0.548438 0.950000 2.000000 0.000000 0.000000 0.000000 0.000000 0.000000 0.000000 0.000000 0.000000 0.000000 0.000000 0.000000 0.000000
0 0.471016 0.532948 0.061500 0.137479 0.473438 0.493750 2.000000 0.475000 0.487500 2.000000 0.468750 0.489583 2.000000 0.479687 0.487500 1.000000 0.460938 0.493750 2.000000 0.485938 0.514583 1.000000 0.454688 0.514583 2.000000 0.500000 0.554167 1.000000 0.451562 0.564583 2.000000 0.489063 0.585417 1.000000 0.479687 0.585417 2.000000 0.482812 0.577083 2.000000 0.462500 0.577083 2.000000 0.000000 0.000000 0.000000 0.456250 0.587500 2.000000 0.000000 0.000000 0.000000 0.000000 0.000000 0.000000
0 0.595320 0.535208 0.083109 0.136042 0.606250 0.489583 2.000000 0.607812 0.485417 2.000000 0.601562 0.487500 2.000000 0.000000 0.000000 0.000000 0.587500 0.489583 2.000000 0.620313 0.516667 2.000000 0.568750 0.516667 2.000000 0.634375 0.552083 2.000000 0.562500 0.552083 2.000000 0.618750 0.564583 2.000000 0.571875 0.560417 2.000000 0.609375 0.577083 2.000000 0.582812 0.579167 2.000000 0.620313 0.585417 2.000000 0.575000 0.585417 2.000000 0.000000 0.000000 0.000000 0.000000 0.000000 0.000000
0 0.631773 0.463729 0.063078 0.109583 0.639062 0.437500 2.000000 0.643750 0.433333 2.000000 0.637500 0.431250 2.000000 0.000000 0.000000 0.000000 0.628125 0.427083 2.000000 0.654687 0.466667 2.000000 0.610938 0.464583 2.000000 0.659375 0.495833 1.000000 0.607812 0.502083 1.000000 0.648438 0.520833 1.000000 0.626563 0.525000 1.000000 0.000000 0.000000 0.000000 0.000000 0.000000 0.000000 0.000000 0.000000 0.000000 0.000000 0.000000 0.000000 0.000000 0.000000 0.000000 0.000000 0.000000 0.000000
