0 0.758031 0.576406 0.093563 0.185979 0.000000 0.000000 0.000000 0.000000 0.000000 0.000000 0.000000 0.000000 0.000000 0.751563 0.541667 2.000000 0.000000 0.000000 0.000000 0.725000 0.600000 2.000000 0.798438 0.577083 1.000000 0.721875 0.656250 2.000000 0.000000 0.000000 0.000000 0.000000 0.000000 0.000000 0.000000 0.000000 0.000000 0.756250 0.685417 1.000000 0.800000 0.668750 1.000000 0.000000 0.000000 0.000000 0.000000 0.000000 0.000000 0.000000 0.000000 0.000000 0.000000 0.000000 0.000000
0 0.521117 0.757875 0.167234 0.459458 0.000000 0.000000 0.000000 0.000000 0.000000 0.000000 0.000000 0.000000 0.000000 0.490625 0.595833 2.000000 0.546875 0.593750 2.000000 0.476562 0.681250 2.000000 0.562500 0.675000 2.000000 0.448437 0.789583 1.000000 0.553125 0.656250 2.000000 0.000000 0.000000 0.000000 0.535937 0.587500 2.000000 0.503125 0.904167 2.000000 0.560937 0.897917 2.000000 0.000000 0.000000 0.000000 0.000000 0.000000 0.000000 0.000000 0.000000 0.000000 0.000000 0.000000 0.000000
0 0.859867 0.692292 0.243484 0.615417 0.000000 0.000000 0.000000 0.000000 0.000000 0.000000 0.000000 0.000000 0.000000 0.840625 0.452083 2.000000 0.909375 0.464583 2.000000 0.803125 0.539583 2.000000 0.934375 0.554167 2.000000 0.756250 0.704167 2.000000 0.954688 0.720833 2.000000 0.759375 0.733333 2.000000 0.910937 0.727083 2.000000 0.810937 0.827083 2.000000 0.903125 0.827083 2.000000 0.000000 0.000000 0.000000 0.000000 0.000000 0.000000 0.000000 0.000000 0.000000 0.000000 0.000000 0.000000
0 0.971453 0.640792 0.055281 0.399208 0.000000 0.000000 0.000000 0.943750 0.485417 1.000000 0.000000 0.000000 0.000000 0.957812 0.495833 2.000000 0.000000 0.000000 0.000000 0.981250 0.568750 2.000000 0.000000 0.000000 0.000000 0.000000 0.000000 0.000000 0.000000 0.000000 0.000000 0.000000 0.000000 0.000000 0.000000 0.000000 0.000000 0.000000 0.000000 0.000000 0.000000 0.000000 0.000000 0.000000 0.000000 0.000000 0.000000 0.000000 0.000000 0.000000 0.000000 0.000000 0.000000 0.000000 0.000000
0 0.183016 0.528104 0.060031 0.117125 0.000000 0.000000 0.000000 0.000000 0.000000 0.000000 0.000000 0.000000 0.000000 0.153125 0.537500 1.000000 0.206250 0.529167 2.000000 0.134375 0.618750 1.000000 0.237500 0.606250 1.000000 0.000000 0.000000 0.000000 0.000000 0.000000 0.000000 0.000000 0.000000 0.000000 0.000000 0.000000 0.000000 0.000000 0.000000 0.000000 0.000000 0.000000 0.000000 0.000000 0.000000 0.000000 0.000000 0.000000 0.000000 0.000000 0.000000 0.000000 0.000000 0.000000 0.000000
0 0.374156 0.793260 0.171906 0.386521 0.000000 0.000000 0.000000 0.000000 0.000000 0.000000 0.000000 0.000000 0.000000 0.000000 0.000000 0.000000 0.000000 0.000000 0.000000 0.306250 0.643750 2.000000 0.448437 0.643750 2.000000 0.281250 0.758333 1.000000 0.475000 0.779167 1.000000 0.000000 0.000000 0.000000 0.000000 0.000000 0.000000 0.337500 0.960417 2.000000 0.428125 0.958333 2.000000 0.000000 0.000000 0.000000 0.000000 0.000000 0.000000 0.000000 0.000000 0.000000 0.000000 0.000000 0.000000
0 0.669281 0.701042 0.205156 0.574000 0.000000 0.000000 0.000000 0.000000 0.000000 0.000000 0.000000 0.000000 0.000000 0.628125 0.518750 2.000000 0.673438 0.493750 2.000000 0.629687 0.593750 2.000000 0.739062 0.589583 1.000000 0.545312 0.637500 1.000000 0.000000 0.000000 0.000000 0.587500 0.514583 2.000000 0.000000 0.000000 0.000000 0.671875 0.858333 2.000000 0.734375 0.854167 2.000000 0.000000 0.000000 0.000000 0.000000 0.000000 0.000000 0.000000 0.000000 0.000000 0.000000 0.000000 0.000000
0 0.076594 0.746937 0.153188 0.506125 0.000000 0.000000 0.000000 0.000000 0.000000 0.000000 0.000000 0.000000 0.000000 0.000000 0.000000 0.000000 0.000000 0.000000 0.000000 0.000000 0.000000 0.000000 0.076563 0.668750 2.000000 0.000000 0.000000 0.000000 0.112500 0.622917 2.000000 0.032813 0.562500 2.000000 0.107813 0.566667 2.000000 0.018750 0.881250 2.000000 0.089063 0.881250 2.000000 0.000000 0.000000 0.000000 0.000000 0.000000 0.000000 0.000000 0.000000 0.000000 0.000000 0.000000 0.000000
0 0.187391 0.786521 0.131219 0.426958 0.000000 0.000000 0.000000 0.000000 0.000000 0.000000 0.000000 0.000000 0.000000 0.153125 0.535417 1.000000 0.000000 0.000000 0.000000 0.132812 0.608333 2.000000 0.223438 0.606250 1.000000 0.000000 0.000000 0.000000 0.000000 0.000000 0.000000 0.000000 0.000000 0.000000 0.000000 0.000000 0.000000 0.000000 0.000000 0.000000 0.000000 0.000000 0.000000 0.000000 0.000000 0.000000 0.000000 0.000000 0.000000 0.000000 0.000000 0.000000 0.000000 0.000000 0.000000
0 0.379656 0.532573 0.125844 0.229687 0.414062 0.485417 2.000000 0.000000 0.000000 0.000000 0.414062 0.470833 2.000000 0.000000 0.000000 0.000000 0.396875 0.472917 2.000000 0.346875 0.502083 2.000000 0.406250 0.522917 2.000000 0.326562 0.506250 2.000000 0.428125 0.579167 2.000000 0.000000 0.000000 0.000000 0.435937 0.618750 1.000000 0.335938 0.606250 2.000000 0.375000 0.610417 2.000000 0.351562 0.558333 2.000000 0.415625 0.577083 2.000000 0.354687 0.643750 1.000000 0.437500 0.637500 1.000000
0 0.249437 0.582990 0.089875 0.211438 0.267188 0.554167 2.000000 0.000000 0.000000 0.000000 0.259375 0.547917 2.000000 0.000000 0.000000 0.000000 0.226562 0.543750 2.000000 0.242188 0.600000 2.000000 0.209375 0.610417 1.000000 0.000000 0.000000 0.000000 0.000000 0.000000 0.000000 0.000000 0.000000 0.000000 0.000000 0.000000 0.000000 0.000000 0.000000 0.000000 0.000000 0.000000 0.000000 0.000000 0.000000 0.000000 0.000000 0.000000 0.000000 0.000000 0.000000 0.000000 0.000000 0.000000 0.000000
