0 0.662687 0.625843 0.254875 0.725831 0.000000 0.000000 0.000000 0.000000 0.000000 0.000000 0.000000 0.000000 0.000000 0.685937 0.311475 2.000000 0.000000 0.000000 0.000000 0.667188 0.386417 2.000000 0.750000 0.395785 2.000000 0.612500 0.461358 2.000000 0.000000 0.000000 0.000000 0.568750 0.447307 2.000000 0.000000 0.000000 0.000000 0.664062 0.597190 2.000000 0.740625 0.597190 2.000000 0.648438 0.779859 2.000000 0.712500 0.770492 2.000000 0.650000 0.962529 2.000000 0.712500 0.948478 2.000000
0 0.537500 0.679766 0.142437 0.604496 0.000000 0.000000 0.000000 0.000000 0.000000 0.000000 0.000000 0.000000 0.000000 0.487500 0.442623 2.000000 0.528125 0.437939 2.000000 0.487500 0.505855 2.000000 0.562500 0.508197 2.000000 0.485938 0.597190 2.000000 0.590625 0.592506 2.000000 0.000000 0.000000 0.000000 0.576562 0.632319 1.000000 0.498437 0.690867 2.000000 0.554688 0.697892 2.000000 0.496875 0.826698 1.000000 0.550000 0.826698 1.000000 0.000000 0.000000 0.000000 0.000000 0.000000 0.000000
0 0.974922 0.543630 0.050156 0.491054 0.993750 0.344262 2.000000 0.998437 0.334895 2.000000 0.989062 0.337237 2.000000 0.000000 0.000000 0.000000 0.000000 0.000000 0.000000 0.000000 0.000000 0.000000 0.975000 0.409836 2.000000 0.000000 0.000000 0.000000 0.962500 0.477752 2.000000 0.982812 0.463700 2.000000 0.000000 0.000000 0.000000 0.000000 0.000000 0.000000 0.978125 0.559719 2.000000 0.000000 0.000000 0.000000 0.985938 0.660422 2.000000 0.000000 0.000000 0.000000 0.990625 0.775176 2.000000
0 0.769109 0.613185 0.085562 0.725808 0.000000 0.000000 0.000000 0.000000 0.000000 0.000000 0.000000 0.000000 0.000000 0.750000 0.313817 2.000000 0.000000 0.000000 0.000000 0.778125 0.386417 2.000000 0.000000 0.000000 0.000000 0.792188 0.494145 2.000000 0.000000 0.000000 0.000000 0.768750 0.564403 1.000000 0.000000 0.000000 0.000000 0.778125 0.618267 2.000000 0.742188 0.622951 1.000000 0.767188 0.754098 2.000000 0.737500 0.786885 1.000000 0.785937 0.927400 2.000000 0.735938 0.925059 1.000000
0 0.207641 0.527237 0.186406 0.386557 0.295312 0.405152 2.000000 0.000000 0.000000 0.000000 0.287500 0.386417 2.000000 0.000000 0.000000 0.000000 0.264062 0.400468 2.000000 0.259375 0.477752 2.000000 0.200000 0.442623 2.000000 0.218750 0.580796 2.000000 0.157812 0.550351 2.000000 0.237500 0.655738 2.000000 0.212500 0.625293 2.000000 0.193750 0.611241 2.000000 0.142187 0.601874 2.000000 0.210938 0.742389 1.000000 0.164062 0.744731 1.000000 0.000000 0.000000 0.000000 0.000000 0.000000 0.000000
0 0.200969 0.254883 0.112875 0.300117 0.212500 0.154567 2.000000 0.218750 0.149883 2.000000 0.207813 0.145199 2.000000 0.000000 0.000000 0.000000 0.195312 0.145199 2.000000 0.217188 0.180328 2.000000 0.176563 0.173302 2.000000 0.220312 0.245902 2.000000 0.170313 0.241218 2.000000 0.232813 0.297424 2.000000 0.178125 0.295082 2.000000 0.204687 0.288056 2.000000 0.181250 0.288056 2.000000 0.248438 0.316159 2.000000 0.207813 0.313817 2.000000 0.223438 0.393443 2.000000 0.192188 0.398126 2.000000
0 0.374789 0.525820 0.134016 0.402974 0.000000 0.000000 0.000000 0.000000 0.000000 0.000000 0.000000 0.000000 0.000000 0.000000 0.000000 0.000000 0.390625 0.374707 2.000000 0.348438 0.456674 2.000000 0.396875 0.447307 2.000000 0.320312 0.552693 2.000000 0.396875 0.550351 2.000000 0.346875 0.611241 2.000000 0.425000 0.625293 2.000000 0.353125 0.676815 2.000000 0.392188 0.688525 2.000000 0.000000 0.000000 0.000000 0.000000 0.000000 0.000000 0.000000 0.000000 0.000000 0.000000 0.000000 0.000000
0 0.554492 0.417845 0.135516 0.338033 0.548438 0.337237 2.000000 0.548438 0.313817 2.000000 0.535937 0.323185 2.000000 0.000000 0.000000 0.000000 0.507812 0.318501 2.000000 0.562500 0.358314 2.000000 0.490625 0.395785 1.000000 0.585938 0.456674 1.000000 0.000000 0.000000 0.000000 0.606250 0.526932 2.000000 0.000000 0.000000 0.000000 0.560937 0.578454 1.000000 0.509375 0.590164 1.000000 0.000000 0.000000 0.000000 0.000000 0.000000 0.000000 0.000000 0.000000 0.000000 0.000000 0.000000 0.000000
0 0.074867 0.331148 0.117703 0.332131 0.065625 0.215457 2.000000 0.070312 0.206089 2.000000 0.060937 0.206089 2.000000 0.000000 0.000000 0.000000 0.045312 0.203747 2.000000 0.075000 0.257611 2.000000 0.031250 0.248244 2.000000 0.082812 0.320843 2.000000 0.035937 0.330211 2.000000 0.103125 0.360656 1.000000 0.064062 0.365340 2.000000 0.075000 0.360656 2.000000 0.051562 0.358314 2.000000 0.121875 0.395785 2.000000 0.084375 0.384075 2.000000 0.114062 0.477752 1.000000 0.089063 0.482436 2.000000
0 0.346344 0.370972 0.081812 0.198759 0.000000 0.000000 0.000000 0.000000 0.000000 0.000000 0.000000 0.000000 0.000000 0.000000 0.000000 0.000000 0.379688 0.311475 2.000000 0.328125 0.351288 2.000000 0.376563 0.351288 1.000000 0.310937 0.416862 2.000000 0.000000 0.000000 0.000000 0.329688 0.451991 2.000000 0.000000 0.000000 0.000000 0.000000 0.000000 0.000000 0.000000 0.000000 0.000000 0.000000 0.000000 0.000000 0.000000 0.000000 0.000000 0.000000 0.000000 0.000000 0.000000 0.000000 0.000000
0 0.097383 0.146663 0.114172 0.276932 0.085938 0.053864 2.000000 0.089063 0.046838 2.000000 0.079687 0.046838 2.000000 0.000000 0.000000 0.000000 0.067187 0.046838 2.000000 0.104688 0.077283 2.000000 0.054688 0.086651 2.000000 0.128125 0.135831 2.000000 0.073438 0.154567 2.000000 0.114062 0.154567 2.000000 0.110937 0.166276 2.000000 0.098437 0.185012 2.000000 0.057813 0.187354 1.000000 0.142187 0.206089 2.000000 0.087500 0.182670 2.000000 0.120313 0.281030 1.000000 0.084375 0.278689 2.000000
0 0.125367 0.324649 0.077328 0.260211 0.117188 0.234192 2.000000 0.121875 0.222482 2.000000 0.107813 0.227166 2.000000 0.126562 0.231850 2.000000 0.098437 0.231850 2.000000 0.128125 0.274005 2.000000 0.096875 0.276347 2.000000 0.126562 0.313817 2.000000 0.103125 0.339578 2.000000 0.000000 0.000000 0.000000 0.142187 0.360656 2.000000 0.125000 0.365340 2.000000 0.101562 0.367681 1.000000 0.137500 0.370023 2.000000 0.145313 0.398126 2.000000 0.000000 0.000000 0.000000 0.000000 0.000000 0.000000
