0 0.408050 0.528859 0.153980 0.465586 0.432000 0.339339 2.000000 0.000000 0.000000 0.000000 0.426000 0.333333 2.000000 0.000000 0.000000 0.000000 0.408000 0.336336 2.000000 0.378000 0.375375 2.000000 0.422000 0.381381 2.000000 0.000000 0.000000 0.000000 0.462000 0.381381 2.000000 0.000000 0.000000 0.000000 0.452000 0.327327 2.000000 0.394000 0.516517 2.000000 0.410000 0.519520 2.000000 0.456000 0.582583 2.000000 0.428000 0.639640 2.000000 0.446000 0.690691 2.000000 0.358000 0.696697 2.000000
0 0.189220 0.250330 0.063200 0.381682 0.194000 0.096096 2.000000 0.198000 0.090090 2.000000 0.190000 0.090090 2.000000 0.000000 0.000000 0.000000 0.180000 0.093093 2.000000 0.208000 0.129129 2.000000 0.170000 0.132132 2.000000 0.000000 0.000000 0.000000 0.162000 0.186186 2.000000 0.000000 0.000000 0.000000 0.000000 0.000000 0.000000 0.206000 0.237237 2.000000 0.178000 0.237237 2.000000 0.194000 0.327327 2.000000 0.174000 0.321321 2.000000 0.190000 0.387387 2.000000 0.166000 0.393393 2.000000
0 0.068660 0.365135 0.097840 0.351712 0.060000 0.234234 2.000000 0.062000 0.225225 2.000000 0.054000 0.228228 2.000000 0.000000 0.000000 0.000000 0.040000 0.228228 2.000000 0.074000 0.261261 2.000000 0.032000 0.264264 2.000000 0.080000 0.312312 2.000000 0.028000 0.309309 2.000000 0.078000 0.378378 2.000000 0.032000 0.369369 2.000000 0.066000 0.357357 2.000000 0.040000 0.360360 2.000000 0.080000 0.414414 2.000000 0.036000 0.426426 2.000000 0.096000 0.492492 2.000000 0.042000 0.498498 2.000000
0 0.531820 0.113589 0.104640 0.161712 0.554000 0.063063 2.000000 0.560000 0.057057 2.000000 0.548000 0.060060 2.000000 0.564000 0.063063 2.000000 0.542000 0.066066 1.000000 0.568000 0.102102 2.000000 0.532000 0.099099 2.000000 0.566000 0.153153 2.000000 0.512000 0.135135 1.000000 0.536000 0.162162 2.000000 0.508000 0.156156 2.000000 0.546000 0.180180 2.000000 0.520000 0.174174 2.000000 0.498000 0.174174 2.000000 0.494000 0.168168 2.000000 0.456000 0.192192 1.000000 0.448000 0.183183 1.000000
0 0.719130 0.164039 0.091300 0.139309 0.720000 0.120120 2.000000 0.724000 0.114114 2.000000 0.716000 0.114114 2.000000 0.732000 0.111111 2.000000 0.710000 0.111111 2.000000 0.734000 0.141141 2.000000 0.704000 0.138138 1.000000 0.738000 0.183183 2.000000 0.682000 0.168168 1.000000 0.716000 0.198198 2.000000 0.678000 0.198198 1.000000 0.710000 0.198198 2.000000 0.694000 0.195195 2.000000 0.692000 0.243243 1.000000 0.664000 0.234234 1.000000 0.000000 0.000000 0.000000 0.000000 0.000000 0.000000
0 0.875030 0.185030 0.116100 0.231742 0.888000 0.114114 2.000000 0.894000 0.108108 2.000000 0.884000 0.108108 2.000000 0.900000 0.105105 2.000000 0.876000 0.108108 1.000000 0.910000 0.144144 2.000000 0.868000 0.144144 2.000000 0.912000 0.207207 1.000000 0.856000 0.195195 1.000000 0.878000 0.237237 2.000000 0.860000 0.237237 2.000000 0.896000 0.231231 2.000000 0.866000 0.225225 2.000000 0.874000 0.252252 2.000000 0.830000 0.243243 2.000000 0.868000 0.324324 1.000000 0.830000 0.315315 1.000000
0 0.757440 0.169324 0.109200 0.206096 0.784000 0.105105 2.000000 0.786000 0.096096 2.000000 0.778000 0.096096 2.000000 0.792000 0.102102 2.000000 0.772000 0.102102 2.000000 0.798000 0.135135 2.000000 0.762000 0.138138 2.000000 0.800000 0.186186 2.000000 0.748000 0.183183 2.000000 0.778000 0.204204 1.000000 0.756000 0.198198 2.000000 0.782000 0.204204 1.000000 0.752000 0.204204 2.000000 0.736000 0.231231 2.000000 0.722000 0.207207 2.000000 0.752000 0.282282 1.000000 0.712000 0.282282 1.000000
0 0.937320 0.212763 0.120440 0.199760 0.970000 0.153153 2.000000 0.974000 0.150150 2.000000 0.964000 0.150150 2.000000 0.980000 0.147147 2.000000 0.956000 0.153153 2.000000 0.986000 0.183183 2.000000 0.954000 0.168168 2.000000 0.970000 0.222222 2.000000 0.938000 0.204204 2.000000 0.966000 0.174174 2.000000 0.928000 0.228228 2.000000 0.958000 0.252252 2.000000 0.932000 0.240240 2.000000 0.924000 0.279279 2.000000 0.888000 0.258258 2.000000 0.924000 0.330330 1.000000 0.862000 0.306306 1.000000
0 0.828750 0.185150 0.080980 0.201652 0.848000 0.120120 2.000000 0.850000 0.114114 2.000000 0.840000 0.114114 2.000000 0.856000 0.111111 2.000000 0.000000 0.000000 0.000000 0.860000 0.147147 2.000000 0.822000 0.144144 2.000000 0.000000 0.000000 0.000000 0.810000 0.186186 1.000000 0.000000 0.000000 0.000000 0.000000 0.000000 0.000000 0.844000 0.207207 2.000000 0.816000 0.204204 1.000000 0.814000 0.228228 2.000000 0.798000 0.222222 2.000000 0.814000 0.279279 2.000000 0.800000 0.273273 2.000000
0 0.957870 0.088679 0.084260 0.177357 0.000000 0.000000 0.000000 0.000000 0.000000 0.000000 0.000000 0.000000 0.000000 0.000000 0.000000 0.000000 0.000000 0.000000 0.000000 0.000000 0.000000 0.000000 0.000000 0.000000 0.000000 0.000000 0.000000 0.000000 0.960000 0.018018 2.000000 0.000000 0.000000 0.000000 0.978000 0.039039 2.000000 0.994000 0.042042 2.000000 0.966000 0.042042 2.000000 0.978000 0.060060 2.000000 0.924000 0.075075 2.000000 0.978000 0.144144 1.000000 0.946000 0.150150 2.000000
