0 0.890828 0.616787 0.208937 0.683809 0.842187 0.359375 2.000000 0.864062 0.341797 2.000000 0.834375 0.343750 2.000000 0.900000 0.349609 2.000000 0.000000 0.000000 0.000000 0.962500 0.457031 2.000000 0.854688 0.472656 2.000000 0.898438 0.619141 2.000000 0.851562 0.605469 2.000000 0.873437 0.476562 2.000000 0.818750 0.705078 2.000000 0.898438 0.759766 1.000000 0.832812 0.763672 2.000000 0.000000 0.000000 0.000000 0.000000 0.000000 0.000000 0.000000 0.000000 0.000000 0.000000 0.000000 0.000000
0 0.737086 0.640449 0.161797 0.687656 0.675000 0.419922 1.000000 0.690625 0.404297 2.000000 0.000000 0.000000 0.000000 0.732812 0.419922 2.000000 0.000000 0.000000 0.000000 0.750000 0.511719 2.000000 0.739062 0.500000 2.000000 0.800000 0.664062 2.000000 0.000000 0.000000 0.000000 0.000000 0.000000 0.000000 0.000000 0.000000 0.000000 0.742188 0.748047 2.000000 0.734375 0.742188 2.000000 0.739062 0.978516 2.000000 0.704688 0.980469 2.000000 0.000000 0.000000 0.000000 0.000000 0.000000 0.000000
0 0.909906 0.795049 0.180188 0.385137 0.000000 0.000000 0.000000 0.000000 0.000000 0.000000 0.000000 0.000000 0.000000 0.000000 0.000000 0.000000 0.000000 0.000000 0.000000 0.000000 0.000000 0.000000 0.967187 0.667969 2.000000 0.000000 0.000000 0.000000 0.000000 0.000000 0.000000 0.000000 0.000000 0.000000 0.000000 0.000000 0.000000 0.000000 0.000000 0.000000 0.000000 0.000000 0.000000 0.000000 0.000000 0.000000 0.000000 0.000000 0.000000 0.000000 0.000000 0.000000 0.000000 0.000000 0.000000
0 0.524633 0.702568 0.109078 0.593301 0.518750 0.466797 2.000000 0.526563 0.453125 2.000000 0.000000 0.000000 0.000000 0.553125 0.451172 1.000000 0.000000 0.000000 0.000000 0.514062 0.535156 2.000000 0.576562 0.523438 1.000000 0.479687 0.613281 2.000000 0.000000 0.000000 0.000000 0.000000 0.000000 0.000000 0.504687 0.597656 2.000000 0.521875 0.703125 2.000000 0.559375 0.705078 1.000000 0.518750 0.884766 2.000000 0.553125 0.876953 2.000000 0.000000 0.000000 0.000000 0.000000 0.000000 0.000000
0 0.612219 0.711396 0.154812 0.576035 0.625000 0.490234 2.000000 0.634375 0.476562 2.000000 0.615625 0.480469 2.000000 0.651563 0.486328 2.000000 0.601562 0.490234 2.000000 0.679688 0.560547 1.000000 0.587500 0.572266 2.000000 0.690625 0.673828 1.000000 0.585938 0.695312 2.000000 0.634375 0.679688 2.000000 0.560937 0.642578 2.000000 0.654687 0.791016 2.000000 0.604688 0.798828 2.000000 0.653125 0.982422 2.000000 0.620313 0.976562 2.000000 0.000000 0.000000 0.000000 0.000000 0.000000 0.000000
0 0.124047 0.595508 0.248094 0.777539 0.000000 0.000000 0.000000 0.017188 0.341797 2.000000 0.000000 0.000000 0.000000 0.103125 0.375000 2.000000 0.000000 0.000000 0.000000 0.185938 0.595703 2.000000 0.040625 0.550781 2.000000 0.089063 0.835938 1.000000 0.000000 0.000000 0.000000 0.000000 0.000000 0.000000 0.000000 0.000000 0.000000 0.000000 0.000000 0.000000 0.000000 0.000000 0.000000 0.000000 0.000000 0.000000 0.000000 0.000000 0.000000 0.000000 0.000000 0.000000 0.000000 0.000000 0.000000
0 0.495508 0.704453 0.097047 0.591094 0.481250 0.488281 2.000000 0.470313 0.453125 2.000000 0.479687 0.449219 2.000000 0.507812 0.460938 2.000000 0.000000 0.000000 0.000000 0.509375 0.541016 1.000000 0.000000 0.000000 0.000000 0.481250 0.599609 1.000000 0.000000 0.000000 0.000000 0.000000 0.000000 0.000000 0.000000 0.000000 0.000000 0.000000 0.000000 0.000000 0.000000 0.000000 0.000000 0.000000 0.000000 0.000000 0.000000 0.000000 0.000000 0.000000 0.000000 0.000000 0.000000 0.000000 0.000000
0 0.572813 0.685586 0.099937 0.621680 0.542188 0.439453 1.000000 0.553125 0.425781 2.000000 0.000000 0.000000 0.000000 0.584375 0.437500 2.000000 0.000000 0.000000 0.000000 0.606250 0.541016 1.000000 0.573438 0.517578 2.000000 0.000000 0.000000 0.000000 0.559375 0.642578 1.000000 0.000000 0.000000 0.000000 0.550000 0.767578 2.000000 0.592187 0.738281 1.000000 0.565625 0.714844 2.000000 0.576562 0.867188 2.000000 0.000000 0.000000 0.000000 0.000000 0.000000 0.000000 0.000000 0.000000 0.000000
0 0.343852 0.655586 0.292453 0.688828 0.281250 0.419922 2.000000 0.307812 0.408203 2.000000 0.265625 0.402344 2.000000 0.348438 0.437500 2.000000 0.245312 0.414062 2.000000 0.410938 0.587891 2.000000 0.212500 0.541016 1.000000 0.442188 0.798828 2.000000 0.000000 0.000000 0.000000 0.443750 0.974609 2.000000 0.000000 0.000000 0.000000 0.335938 0.935547 2.000000 0.000000 0.000000 0.000000 0.000000 0.000000 0.000000 0.000000 0.000000 0.000000 0.000000 0.000000 0.000000 0.000000 0.000000 0.000000
0 0.219852 0.486787 0.055891 0.123574 0.000000 0.000000 0.000000 0.000000 0.000000 0.000000 0.000000 0.000000 0.000000 0.000000 0.000000 0.000000 0.235937 0.482422 2.000000 0.000000 0.000000 0.000000 0.000000 0.000000 0.000000 0.000000 0.000000 0.000000 0.000000 0.000000 0.000000 0.000000 0.000000 0.000000 0.000000 0.000000 0.000000 0.000000 0.000000 0.000000 0.000000 0.000000 0.000000 0.000000 0.000000 0.000000 0.000000 0.000000 0.000000 0.000000 0.000000 0.000000 0.000000 0.000000 0.000000
