0 0.694789 0.526269 0.339578 0.787879 0.706250 0.212121 2.000000 0.723437 0.204545 2.000000 0.696875 0.193182 2.000000 0.748437 0.219697 2.000000 0.684375 0.198864 1.000000 0.762500 0.301136 2.000000 0.646875 0.270833 2.000000 0.810937 0.367424 2.000000 0.548438 0.342803 2.000000 0.846875 0.410985 2.000000 0.592187 0.429924 2.000000 0.710938 0.488636 2.000000 0.643750 0.490530 2.000000 0.678125 0.619318 2.000000 0.664062 0.672348 2.000000 0.692187 0.793561 2.000000 0.723437 0.645833 2.000000
0 0.601906 0.161619 0.078281 0.180966 0.609375 0.113636 2.000000 0.620313 0.104167 2.000000 0.603125 0.102273 2.000000 0.000000 0.000000 0.000000 0.593750 0.102273 2.000000 0.629687 0.162879 2.000000 0.573438 0.162879 2.000000 0.000000 0.000000 0.000000 0.000000 0.000000 0.000000 0.000000 0.000000 0.000000 0.000000 0.000000 0.000000 0.618750 0.251894 1.000000 0.579688 0.253788 1.000000 0.000000 0.000000 0.000000 0.000000 0.000000 0.000000 0.000000 0.000000 0.000000 0.000000 0.000000 0.000000
0 0.638898 0.170862 0.146641 0.231080 0.675000 0.128788 2.000000 0.684375 0.119318 2.000000 0.667188 0.121212 2.000000 0.701562 0.104167 2.000000 0.000000 0.000000 0.000000 0.721875 0.145833 1.000000 0.640625 0.145833 2.000000 0.751563 0.217803 1.000000 0.612500 0.215909 1.000000 0.000000 0.000000 0.000000 0.578125 0.293561 1.000000 0.715625 0.304924 1.000000 0.662500 0.303030 1.000000 0.000000 0.000000 0.000000 0.000000 0.000000 0.000000 0.000000 0.000000 0.000000 0.000000 0.000000 0.000000
0 0.803922 0.278693 0.083312 0.476326 0.779687 0.073864 2.000000 0.787500 0.070076 2.000000 0.000000 0.000000 0.000000 0.804688 0.081439 2.000000 0.000000 0.000000 0.000000 0.818750 0.132576 2.000000 0.000000 0.000000 0.000000 0.828125 0.227273 2.000000 0.000000 0.000000 0.000000 0.818750 0.272727 2.000000 0.000000 0.000000 0.000000 0.800000 0.272727 1.000000 0.000000 0.000000 0.000000 0.804688 0.365530 1.000000 0.000000 0.000000 0.000000 0.803125 0.486742 2.000000 0.000000 0.000000 0.000000
0 0.913117 0.286278 0.159422 0.479186 0.918750 0.098485 2.000000 0.929688 0.092803 2.000000 0.914062 0.087121 2.000000 0.942187 0.100379 2.000000 0.000000 0.000000 0.000000 0.951562 0.162879 2.000000 0.890625 0.151515 2.000000 0.967187 0.229167 2.000000 0.875000 0.221591 2.000000 0.981250 0.291667 2.000000 0.850000 0.272727 2.000000 0.934375 0.295455 2.000000 0.892188 0.291667 2.000000 0.921875 0.399621 2.000000 0.907813 0.393939 2.000000 0.917188 0.482955 2.000000 0.917188 0.465909 2.000000
0 0.109383 0.428087 0.218766 0.770795 0.140625 0.128788 2.000000 0.151562 0.115530 2.000000 0.129688 0.111742 2.000000 0.000000 0.000000 0.000000 0.093750 0.106061 2.000000 0.167187 0.193182 2.000000 0.050000 0.191288 2.000000 0.185938 0.312500 2.000000 0.015625 0.304924 2.000000 0.203125 0.297348 2.000000 0.000000 0.000000 0.000000 0.139063 0.424242 2.000000 0.062500 0.422348 2.000000 0.134375 0.594697 2.000000 0.053125 0.579545 2.000000 0.128125 0.744318 2.000000 0.068750 0.742424 2.000000
0 0.849352 0.176544 0.058484 0.200663 0.837500 0.106061 2.000000 0.845313 0.102273 2.000000 0.831250 0.100379 2.000000 0.853125 0.106061 2.000000 0.000000 0.000000 0.000000 0.862500 0.143939 2.000000 0.818750 0.143939 1.000000 0.000000 0.000000 0.000000 0.000000 0.000000 0.000000 0.000000 0.000000 0.000000 0.000000 0.000000 0.000000 0.859375 0.253788 1.000000 0.826562 0.253788 1.000000 0.000000 0.000000 0.000000 0.000000 0.000000 0.000000 0.000000 0.000000 0.000000 0.000000 0.000000 0.000000
0 0.329461 0.456894 0.248172 0.740909 0.365625 0.168561 2.000000 0.373437 0.153409 2.000000 0.350000 0.157197 2.000000 0.390625 0.143939 2.000000 0.334375 0.153409 2.000000 0.415625 0.240530 2.000000 0.318750 0.232955 2.000000 0.437500 0.327652 2.000000 0.268750 0.306818 2.000000 0.421875 0.393939 2.000000 0.223438 0.392045 2.000000 0.395313 0.448864 2.000000 0.329688 0.445076 2.000000 0.381250 0.598485 2.000000 0.326562 0.594697 2.000000 0.370312 0.746212 2.000000 0.329688 0.784091 2.000000
0 0.575039 0.111316 0.052828 0.135587 0.579688 0.104167 2.000000 0.587500 0.094697 2.000000 0.573438 0.094697 2.000000 0.000000 0.000000 0.000000 0.000000 0.000000 0.000000 0.000000 0.000000 0.000000 0.556250 0.140152 2.000000 0.000000 0.000000 0.000000 0.000000 0.000000 0.000000 0.000000 0.000000 0.000000 0.000000 0.000000 0.000000 0.000000 0.000000 0.000000 0.000000 0.000000 0.000000 0.000000 0.000000 0.000000 0.000000 0.000000 0.000000 0.000000 0.000000 0.000000 0.000000 0.000000 0.000000
0 0.489359 0.333267 0.199344 0.572557 0.457813 0.107955 2.000000 0.467187 0.102273 2.000000 0.000000 0.000000 0.000000 0.493750 0.104167 2.000000 0.000000 0.000000 0.000000 0.534375 0.159091 2.000000 0.448437 0.159091 2.000000 0.575000 0.231061 2.000000 0.404687 0.202652 2.000000 0.557813 0.304924 2.000000 0.400000 0.160985 2.000000 0.510938 0.340909 2.000000 0.460938 0.339015 2.000000 0.489063 0.431818 2.000000 0.443750 0.445076 2.000000 0.475000 0.581439 2.000000 0.496875 0.509470 2.000000
0 0.756992 0.283788 0.093172 0.428068 0.726562 0.109848 2.000000 0.732812 0.102273 2.000000 0.720313 0.102273 2.000000 0.746875 0.111742 2.000000 0.000000 0.000000 0.000000 0.757812 0.160985 1.000000 0.000000 0.000000 0.000000 0.785937 0.244318 2.000000 0.000000 0.000000 0.000000 0.785937 0.321970 1.000000 0.000000 0.000000 0.000000 0.757812 0.295455 1.000000 0.000000 0.000000 0.000000 0.754687 0.388258 2.000000 0.000000 0.000000 0.000000 0.750000 0.490530 1.000000 0.000000 0.000000 0.000000
