0 0.739695 0.589685 0.277797 0.798200 0.817187 0.273319 2.000000 0.820312 0.260304 2.000000 0.804688 0.262473 2.000000 0.000000 0.000000 0.000000 0.770312 0.266811 2.000000 0.820312 0.370933 2.000000 0.732812 0.368764 2.000000 0.814063 0.488069 2.000000 0.692187 0.505423 2.000000 0.823438 0.542299 2.000000 0.770312 0.585683 2.000000 0.759375 0.592191 2.000000 0.709375 0.590022 2.000000 0.853125 0.772234 2.000000 0.707812 0.778742 2.000000 0.792188 0.947939 2.000000 0.623437 0.986985 2.000000
0 0.484555 0.431345 0.085953 0.165293 0.475000 0.394794 2.000000 0.478125 0.381779 2.000000 0.468750 0.388286 2.000000 0.485938 0.383948 2.000000 0.459375 0.392625 2.000000 0.506250 0.422993 2.000000 0.451562 0.425163 2.000000 0.509375 0.492408 1.000000 0.454688 0.490239 2.000000 0.473438 0.522777 1.000000 0.456250 0.518438 1.000000 0.495312 0.505423 1.000000 0.459375 0.507592 1.000000 0.000000 0.000000 0.000000 0.000000 0.000000 0.000000 0.000000 0.000000 0.000000 0.000000 0.000000 0.000000
0 0.565234 0.401052 0.074719 0.270868 0.567187 0.303688 2.000000 0.571875 0.299349 2.000000 0.565625 0.299349 2.000000 0.578125 0.297180 2.000000 0.556250 0.297180 2.000000 0.587500 0.344902 2.000000 0.543750 0.344902 2.000000 0.592187 0.394794 2.000000 0.539062 0.394794 2.000000 0.573438 0.431670 2.000000 0.554688 0.438178 2.000000 0.582812 0.433839 2.000000 0.545312 0.440347 2.000000 0.560937 0.466377 2.000000 0.565625 0.436009 2.000000 0.529687 0.527115 1.000000 0.590625 0.520607 2.000000
0 0.272148 0.602158 0.278828 0.795683 0.340625 0.305857 2.000000 0.000000 0.000000 0.000000 0.328125 0.292842 2.000000 0.000000 0.000000 0.000000 0.278125 0.301518 2.000000 0.331250 0.412148 2.000000 0.253125 0.416486 2.000000 0.340625 0.572668 2.000000 0.189062 0.581345 2.000000 0.356250 0.609544 2.000000 0.276562 0.663774 2.000000 0.242188 0.670282 2.000000 0.190625 0.670282 2.000000 0.364063 0.872017 2.000000 0.226562 0.911063 2.000000 0.000000 0.000000 0.000000 0.000000 0.000000 0.000000
0 0.614977 0.321931 0.075859 0.214230 0.610938 0.251627 2.000000 0.615625 0.247289 2.000000 0.606250 0.247289 2.000000 0.623437 0.253796 2.000000 0.601562 0.255965 2.000000 0.631250 0.284165 2.000000 0.593750 0.288503 2.000000 0.642188 0.336226 2.000000 0.579688 0.331887 1.000000 0.628125 0.338395 2.000000 0.601562 0.329718 2.000000 0.628125 0.360087 2.000000 0.598437 0.360087 1.000000 0.601562 0.392625 1.000000 0.607812 0.353579 2.000000 0.618750 0.449024 1.000000 0.606250 0.455531 1.000000
0 0.431320 0.305260 0.082266 0.210390 0.431250 0.240781 2.000000 0.434375 0.234273 2.000000 0.426563 0.234273 2.000000 0.000000 0.000000 0.000000 0.412500 0.245119 2.000000 0.451562 0.275488 2.000000 0.406250 0.281996 2.000000 0.462500 0.329718 2.000000 0.404687 0.344902 2.000000 0.429688 0.340564 2.000000 0.392188 0.386117 2.000000 0.446875 0.366594 2.000000 0.417187 0.366594 2.000000 0.000000 0.000000 0.000000 0.000000 0.000000 0.000000 0.000000 0.000000 0.000000 0.000000 0.000000 0.000000
0 0.515070 0.295575 0.102734 0.213145 0.521875 0.232104 2.000000 0.525000 0.225597 2.000000 0.515625 0.225597 2.000000 0.532813 0.223427 2.000000 0.503125 0.227766 2.000000 0.546875 0.258134 2.000000 0.498437 0.271150 2.000000 0.551562 0.331887 1.000000 0.490625 0.314534 2.000000 0.528125 0.331887 2.000000 0.482812 0.323210 2.000000 0.535937 0.340564 2.000000 0.498437 0.338395 2.000000 0.478125 0.342733 2.000000 0.000000 0.000000 0.000000 0.482812 0.416486 1.000000 0.000000 0.000000 0.000000
0 0.182219 0.218265 0.087594 0.148113 0.179688 0.184382 2.000000 0.184375 0.180043 2.000000 0.173437 0.182213 2.000000 0.000000 0.000000 0.000000 0.162500 0.182213 2.000000 0.179688 0.203905 2.000000 0.162500 0.208243 2.000000 0.200000 0.251627 2.000000 0.175000 0.271150 2.000000 0.217188 0.271150 2.000000 0.206250 0.273319 2.000000 0.170313 0.301518 1.000000 0.151562 0.301518 1.000000 0.000000 0.000000 0.000000 0.000000 0.000000 0.000000 0.000000 0.000000 0.000000 0.000000 0.000000 0.000000
0 0.139234 0.497495 0.079500 0.276638 0.143750 0.396963 2.000000 0.148438 0.390456 2.000000 0.137500 0.392625 2.000000 0.000000 0.000000 0.000000 0.128125 0.396963 2.000000 0.164062 0.436009 2.000000 0.117188 0.436009 2.000000 0.165625 0.496746 2.000000 0.110937 0.485900 2.000000 0.139063 0.524946 2.000000 0.125000 0.518438 2.000000 0.151562 0.537961 2.000000 0.125000 0.540130 2.000000 0.151562 0.629067 1.000000 0.126562 0.631236 2.000000 0.000000 0.000000 0.000000 0.000000 0.000000 0.000000
0 0.946594 0.352852 0.086656 0.138894 0.921875 0.336226 2.000000 0.926562 0.327549 2.000000 0.915625 0.329718 2.000000 0.935937 0.314534 2.000000 0.000000 0.000000 0.000000 0.962500 0.347072 2.000000 0.912500 0.351410 2.000000 0.984375 0.388286 2.000000 0.912500 0.409978 1.000000 0.954688 0.405640 1.000000 0.000000 0.000000 0.000000 0.000000 0.000000 0.000000 0.000000 0.000000 0.000000 0.000000 0.000000 0.000000 0.000000 0.000000 0.000000 0.000000 0.000000 0.000000 0.000000 0.000000 0.000000
0 0.929320 0.255542 0.085641 0.144751 0.932813 0.221258 2.000000 0.937500 0.216920 2.000000 0.928125 0.216920 2.000000 0.000000 0.000000 0.000000 0.914062 0.221258 2.000000 0.953125 0.255965 2.000000 0.901563 0.255965 2.000000 0.962500 0.316703 2.000000 0.896875 0.314534 2.000000 0.912500 0.316703 1.000000 0.946875 0.316703 1.000000 0.000000 0.000000 0.000000 0.000000 0.000000 0.000000 0.000000 0.000000 0.000000 0.000000 0.000000 0.000000 0.000000 0.000000 0.000000 0.000000 0.000000 0.000000
0 0.404625 0.475304 0.080031 0.135813 0.412500 0.459870 2.000000 0.417187 0.451193 2.000000 0.406250 0.453362 2.000000 0.423438 0.457701 2.000000 0.395313 0.459870 2.000000 0.439063 0.501085 2.000000 0.384375 0.505423 2.000000 0.000000 0.000000 0.000000 0.000000 0.000000 0.000000 0.000000 0.000000 0.000000 0.000000 0.000000 0.000000 0.000000 0.000000 0.000000 0.000000 0.000000 0.000000 0.000000 0.000000 0.000000 0.000000 0.000000 0.000000 0.000000 0.000000 0.000000 0.000000 0.000000 0.000000
0 0.755016 0.175640 0.088156 0.187202 0.756250 0.125813 2.000000 0.760938 0.117137 2.000000 0.750000 0.119306 2.000000 0.768750 0.125813 2.000000 0.740625 0.121475 2.000000 0.779687 0.169197 2.000000 0.732812 0.169197 2.000000 0.787500 0.229935 1.000000 0.728125 0.229935 2.000000 0.000000 0.000000 0.000000 0.751563 0.258134 1.000000 0.768750 0.251627 1.000000 0.739062 0.251627 2.000000 0.000000 0.000000 0.000000 0.725000 0.262473 1.000000 0.000000 0.000000 0.000000 0.000000 0.000000 0.000000
