0 0.623873 0.413284 0.360359 0.477484 0.571895 0.299020 2.000000 0.604575 0.276144 2.000000 0.549020 0.272876 2.000000 0.633987 0.282680 2.000000 0.509804 0.277778 2.000000 0.000000 0.000000 0.000000 0.490196 0.437908 2.000000 0.776144 0.581699 2.000000 0.000000 0.000000 0.000000 0.735294 0.473856 2.000000 0.000000 0.000000 0.000000 0.000000 0.000000 0.000000 0.000000 0.000000 0.000000 0.000000 0.000000 0.000000 0.000000 0.000000 0.000000 0.000000 0.000000 0.000000 0.000000 0.000000 0.000000
0 0.884567 0.428497 0.199951 0.435654 0.866013 0.285948 1.000000 0.874183 0.271242 1.000000 0.854575 0.269608 1.000000 0.895425 0.274510 1.000000 0.839869 0.272876 1.000000 0.887255 0.331699 1.000000 0.816993 0.315359 1.000000 0.000000 0.000000 0.000000 0.000000 0.000000 0.000000 0.000000 0.000000 0.000000 0.000000 0.000000 0.000000 0.000000 0.000000 0.000000 0.000000 0.000000 0.000000 0.000000 0.000000 0.000000 0.000000 0.000000 0.000000 0.000000 0.000000 0.000000 0.000000 0.000000 0.000000
0 0.844575 0.329273 0.142353 0.212075 0.861111 0.284314 2.000000 0.874183 0.276144 2.000000 0.854575 0.272876 2.000000 0.000000 0.000000 0.000000 0.000000 0.000000 0.000000 0.900327 0.328431 2.000000 0.823529 0.310458 2.000000 0.875817 0.408497 2.000000 0.795752 0.377451 2.000000 0.816993 0.433007 1.000000 0.000000 0.000000 0.000000 0.843137 0.460784 1.000000 0.792484 0.442810 1.000000 0.000000 0.000000 0.000000 0.000000 0.000000 0.000000 0.000000 0.000000 0.000000 0.000000 0.000000 0.000000
0 0.751928 0.304959 0.113203 0.157108 0.718954 0.266340 1.000000 0.725490 0.256536 2.000000 0.000000 0.000000 0.000000 0.745098 0.261438 2.000000 0.000000 0.000000 0.000000 0.787582 0.308824 2.000000 0.754902 0.290850 2.000000 0.771242 0.366013 2.000000 0.750000 0.346405 2.000000 0.722222 0.393791 1.000000 0.702614 0.334967 2.000000 0.763072 0.423203 1.000000 0.748366 0.415033 1.000000 0.000000 0.000000 0.000000 0.000000 0.000000 0.000000 0.000000 0.000000 0.000000 0.000000 0.000000 0.000000
0 0.414387 0.373873 0.124363 0.285948 0.000000 0.000000 0.000000 0.000000 0.000000 0.000000 0.462418 0.279412 2.000000 0.000000 0.000000 0.000000 0.428105 0.277778 2.000000 0.000000 0.000000 0.000000 0.395425 0.336601 2.000000 0.000000 0.000000 0.000000 0.408497 0.416667 1.000000 0.000000 0.000000 0.000000 0.444444 0.450980 1.000000 0.000000 0.000000 0.000000 0.392157 0.460784 2.000000 0.000000 0.000000 0.000000 0.000000 0.000000 0.000000 0.000000 0.000000 0.000000 0.000000 0.000000 0.000000
0 0.709853 0.280114 0.081895 0.102255 0.686275 0.281046 1.000000 0.692810 0.274510 2.000000 0.681373 0.274510 1.000000 0.707516 0.261438 2.000000 0.000000 0.000000 0.000000 0.735294 0.290850 2.000000 0.676471 0.297386 1.000000 0.743464 0.343137 1.000000 0.000000 0.000000 0.000000 0.000000 0.000000 0.000000 0.000000 0.000000 0.000000 0.000000 0.000000 0.000000 0.000000 0.000000 0.000000 0.000000 0.000000 0.000000 0.000000 0.000000 0.000000 0.000000 0.000000 0.000000 0.000000 0.000000 0.000000
0 0.178170 0.292623 0.099444 0.063938 0.169935 0.318627 2.000000 0.176471 0.308824 2.000000 0.160131 0.310458 2.000000 0.000000 0.000000 0.000000 0.145425 0.305556 2.000000 0.189542 0.334967 1.000000 0.137255 0.351307 1.000000 0.000000 0.000000 0.000000 0.000000 0.000000 0.000000 0.000000 0.000000 0.000000 0.000000 0.000000 0.000000 0.000000 0.000000 0.000000 0.000000 0.000000 0.000000 0.000000 0.000000 0.000000 0.000000 0.000000 0.000000 0.000000 0.000000 0.000000 0.000000 0.000000 0.000000
0 0.262116 0.469330 0.121552 0.250980 0.000000 0.000000 0.000000 0.000000 0.000000 0.000000 0.000000 0.000000 0.000000 0.000000 0.000000 0.000000 0.000000 0.000000 0.000000 0.000000 0.000000 0.000000 0.000000 0.000000 0.000000 0.000000 0.000000 0.000000 0.240196 0.400327 2.000000 0.000000 0.000000 0.000000 0.000000 0.000000 0.000000 0.000000 0.000000 0.000000 0.305556 0.483660 1.000000 0.000000 0.000000 0.000000 0.000000 0.000000 0.000000 0.000000 0.000000 0.000000 0.000000 0.000000 0.000000
0 0.816936 0.228962 0.068023 0.154297 0.839869 0.196078 2.000000 0.000000 0.000000 0.000000 0.836601 0.191176 2.000000 0.000000 0.000000 0.000000 0.825163 0.191176 2.000000 0.790850 0.225490 2.000000 0.839869 0.217320 2.000000 0.000000 0.000000 0.000000 0.854575 0.253268 1.000000 0.000000 0.000000 0.000000 0.000000 0.000000 0.000000 0.794118 0.285948 2.000000 0.826797 0.284314 2.000000 0.000000 0.000000 0.000000 0.000000 0.000000 0.000000 0.000000 0.000000 0.000000 0.000000 0.000000 0.000000
0 0.250008 0.274208 0.082042 0.098186 0.230392 0.272876 2.000000 0.233660 0.267974 2.000000 0.000000 0.000000 0.000000 0.253268 0.272876 2.000000 0.000000 0.000000 0.000000 0.253268 0.299020 2.000000 0.000000 0.000000 0.000000 0.000000 0.000000 0.000000 0.000000 0.000000 0.000000 0.000000 0.000000 0.000000 0.000000 0.000000 0.000000 0.000000 0.000000 0.000000 0.000000 0.000000 0.000000 0.000000 0.000000 0.000000 0.000000 0.000000 0.000000 0.000000 0.000000 0.000000 0.000000 0.000000 0.000000
