0 0.555219 0.482203 0.062875 0.304191 0.550000 0.363309 2.000000 0.556250 0.356115 2.000000 0.545312 0.354317 2.000000 0.000000 0.000000 0.000000 0.000000 0.000000 0.000000 0.570312 0.395683 2.000000 0.545312 0.395683 2.000000 0.000000 0.000000 0.000000 0.000000 0.000000 0.000000 0.000000 0.000000 0.000000 0.000000 0.000000 0.000000 0.564063 0.460432 2.000000 0.546875 0.456835 2.000000 0.562500 0.548561 2.000000 0.539062 0.557554 1.000000 0.000000 0.000000 0.000000 0.000000 0.000000 0.000000
0 0.479484 0.480827 0.068156 0.308993 0.464062 0.354317 2.000000 0.465625 0.345324 2.000000 0.000000 0.000000 0.000000 0.478125 0.350719 2.000000 0.000000 0.000000 0.000000 0.493750 0.381295 2.000000 0.478125 0.381295 2.000000 0.493750 0.426259 2.000000 0.484375 0.422662 2.000000 0.467187 0.451439 2.000000 0.475000 0.447842 2.000000 0.493750 0.474820 2.000000 0.482812 0.474820 2.000000 0.498437 0.546763 2.000000 0.476562 0.539568 2.000000 0.501563 0.602518 2.000000 0.496875 0.591727 2.000000
0 0.387523 0.485683 0.090922 0.313957 0.373437 0.357914 2.000000 0.378125 0.348921 2.000000 0.000000 0.000000 0.000000 0.389062 0.350719 2.000000 0.000000 0.000000 0.000000 0.406250 0.386691 2.000000 0.378125 0.384892 2.000000 0.404687 0.431655 2.000000 0.000000 0.000000 0.000000 0.381250 0.456835 2.000000 0.000000 0.000000 0.000000 0.409375 0.465827 2.000000 0.385937 0.465827 2.000000 0.407813 0.528777 2.000000 0.382812 0.530576 2.000000 0.418750 0.604317 2.000000 0.398438 0.598921 2.000000
0 0.889289 0.463966 0.088047 0.340090 0.875000 0.330935 2.000000 0.879687 0.325540 2.000000 0.870313 0.325540 2.000000 0.892188 0.329137 2.000000 0.000000 0.000000 0.000000 0.907813 0.366906 2.000000 0.857812 0.368705 2.000000 0.921875 0.415468 2.000000 0.857812 0.422662 2.000000 0.920312 0.464029 2.000000 0.854688 0.465827 2.000000 0.896875 0.458633 2.000000 0.870313 0.460432 2.000000 0.896875 0.528777 2.000000 0.875000 0.526978 2.000000 0.900000 0.607914 2.000000 0.879687 0.606115 2.000000
0 0.130562 0.477005 0.094688 0.334910 0.131250 0.338129 2.000000 0.134375 0.330935 2.000000 0.128125 0.332734 2.000000 0.148438 0.336331 2.000000 0.000000 0.000000 0.000000 0.165625 0.370504 2.000000 0.106250 0.366906 1.000000 0.184375 0.426259 1.000000 0.090625 0.422662 2.000000 0.159375 0.413669 2.000000 0.120313 0.428058 2.000000 0.153125 0.449640 2.000000 0.128125 0.453237 2.000000 0.159375 0.539568 2.000000 0.126562 0.544964 2.000000 0.159375 0.615108 2.000000 0.128125 0.609712 2.000000
0 0.210844 0.476403 0.082000 0.319101 0.203125 0.347122 2.000000 0.207813 0.341727 2.000000 0.000000 0.000000 0.000000 0.223438 0.341727 2.000000 0.000000 0.000000 0.000000 0.237500 0.381295 2.000000 0.203125 0.374101 2.000000 0.243750 0.433453 2.000000 0.195312 0.411871 2.000000 0.204687 0.431655 2.000000 0.182812 0.411871 2.000000 0.229687 0.469424 2.000000 0.201563 0.467626 2.000000 0.229687 0.528777 2.000000 0.203125 0.525180 2.000000 0.229687 0.607914 2.000000 0.212500 0.604317 2.000000
0 0.724500 0.485980 0.075156 0.304694 0.714063 0.356115 2.000000 0.717187 0.352518 2.000000 0.710938 0.354317 2.000000 0.732812 0.352518 2.000000 0.000000 0.000000 0.000000 0.745313 0.392086 2.000000 0.707812 0.393885 2.000000 0.746875 0.449640 2.000000 0.700000 0.440647 2.000000 0.707812 0.456835 2.000000 0.000000 0.000000 0.000000 0.734375 0.473022 2.000000 0.712500 0.471223 2.000000 0.739062 0.606115 2.000000 0.715625 0.539568 2.000000 0.000000 0.000000 0.000000 0.732812 0.598921 2.000000
0 0.295859 0.479020 0.081625 0.316996 0.287500 0.350719 2.000000 0.292187 0.343525 2.000000 0.000000 0.000000 0.000000 0.306250 0.348921 2.000000 0.000000 0.000000 0.000000 0.315625 0.379496 2.000000 0.285938 0.379496 2.000000 0.323437 0.437050 2.000000 0.000000 0.000000 0.000000 0.312500 0.478417 2.000000 0.000000 0.000000 0.000000 0.306250 0.473022 2.000000 0.292187 0.473022 2.000000 0.310937 0.546763 2.000000 0.292187 0.546763 2.000000 0.320312 0.606115 2.000000 0.306250 0.606115 2.000000
0 0.635469 0.483786 0.081250 0.292320 0.628125 0.359712 2.000000 0.632812 0.354317 2.000000 0.628125 0.356115 2.000000 0.646875 0.356115 2.000000 0.000000 0.000000 0.000000 0.654687 0.379496 2.000000 0.628125 0.388489 2.000000 0.667188 0.426259 2.000000 0.610938 0.422662 2.000000 0.637500 0.431655 2.000000 0.596875 0.397482 1.000000 0.648438 0.469424 2.000000 0.631250 0.467626 2.000000 0.650000 0.535971 2.000000 0.617188 0.532374 2.000000 0.656250 0.607914 2.000000 0.617188 0.609712 2.000000
0 0.811977 0.482284 0.095203 0.302590 0.814063 0.359712 2.000000 0.817187 0.357914 2.000000 0.807813 0.357914 2.000000 0.828125 0.357914 2.000000 0.000000 0.000000 0.000000 0.840625 0.399281 2.000000 0.806250 0.395683 2.000000 0.842187 0.442446 2.000000 0.779687 0.422662 1.000000 0.810937 0.431655 2.000000 0.770312 0.395683 2.000000 0.829688 0.485612 2.000000 0.807813 0.487410 2.000000 0.832812 0.546763 2.000000 0.803125 0.555755 2.000000 0.832812 0.602518 2.000000 0.817187 0.598921 2.000000
