0 0.140852 0.594175 0.265141 0.713002 0.154688 0.308668 2.000000 0.160938 0.293869 2.000000 0.143750 0.293869 2.000000 0.000000 0.000000 0.000000 0.118750 0.291755 2.000000 0.187500 0.369979 2.000000 0.087500 0.376321 2.000000 0.231250 0.450317 2.000000 0.034375 0.443975 2.000000 0.251563 0.395349 2.000000 0.025000 0.365751 1.000000 0.181250 0.587738 2.000000 0.123438 0.591966 2.000000 0.204687 0.718816 2.000000 0.107813 0.737844 2.000000 0.217188 0.835095 2.000000 0.059375 0.894292 2.000000
0 0.350430 0.534831 0.195984 0.633721 0.304688 0.348837 2.000000 0.312500 0.340381 2.000000 0.296875 0.338266 2.000000 0.000000 0.000000 0.000000 0.268750 0.338266 2.000000 0.320312 0.395349 2.000000 0.270313 0.403805 2.000000 0.376563 0.353066 2.000000 0.239063 0.460888 1.000000 0.421875 0.289641 2.000000 0.251563 0.395349 1.000000 0.342187 0.568710 2.000000 0.304688 0.572939 2.000000 0.345313 0.691332 2.000000 0.303125 0.689218 2.000000 0.335938 0.784355 2.000000 0.267188 0.792812 2.000000
0 0.412055 0.585581 0.134703 0.523805 0.440625 0.391121 2.000000 0.448437 0.380550 2.000000 0.432812 0.380550 2.000000 0.000000 0.000000 0.000000 0.000000 0.000000 0.000000 0.470313 0.448203 1.000000 0.393750 0.446089 2.000000 0.000000 0.000000 0.000000 0.357812 0.511628 2.000000 0.487500 0.488372 1.000000 0.368750 0.456660 2.000000 0.456250 0.610994 2.000000 0.410938 0.610994 2.000000 0.456250 0.704017 2.000000 0.410938 0.706131 2.000000 0.451562 0.797040 2.000000 0.410938 0.794926 2.000000
0 0.572133 0.494736 0.075422 0.376279 0.589063 0.376321 2.000000 0.592187 0.367865 2.000000 0.579688 0.365751 2.000000 0.000000 0.000000 0.000000 0.000000 0.000000 0.000000 0.590625 0.429175 2.000000 0.548438 0.418605 1.000000 0.000000 0.000000 0.000000 0.545312 0.509514 2.000000 0.000000 0.000000 0.000000 0.567187 0.577167 2.000000 0.589063 0.583510 1.000000 0.556250 0.583510 2.000000 0.589063 0.687104 1.000000 0.564063 0.689218 1.000000 0.582812 0.778013 1.000000 0.548438 0.780127 1.000000
0 0.514836 0.213013 0.109203 0.226406 0.525000 0.154334 2.000000 0.529687 0.143763 2.000000 0.518750 0.143763 2.000000 0.000000 0.000000 0.000000 0.504687 0.145877 2.000000 0.548438 0.183932 2.000000 0.490625 0.179704 2.000000 0.556250 0.232558 2.000000 0.482812 0.230444 2.000000 0.556250 0.281184 2.000000 0.478125 0.268499 2.000000 0.528125 0.264271 2.000000 0.500000 0.266385 2.000000 0.523438 0.257928 2.000000 0.479687 0.321353 2.000000 0.523438 0.312896 2.000000 0.498437 0.308668 2.000000
0 0.833937 0.539979 0.112844 0.433869 0.815625 0.361522 2.000000 0.820312 0.353066 2.000000 0.806250 0.357294 2.000000 0.000000 0.000000 0.000000 0.793750 0.365751 2.000000 0.828125 0.401691 2.000000 0.771875 0.427061 1.000000 0.859375 0.450317 2.000000 0.778125 0.498943 1.000000 0.884375 0.420719 2.000000 0.798438 0.488372 1.000000 0.831250 0.524313 2.000000 0.804688 0.526427 2.000000 0.845313 0.615222 2.000000 0.804688 0.617336 2.000000 0.826562 0.714588 2.000000 0.796875 0.714588 2.000000
0 0.606195 0.225846 0.086359 0.217992 0.612500 0.169133 2.000000 0.615625 0.160677 2.000000 0.606250 0.160677 2.000000 0.000000 0.000000 0.000000 0.000000 0.000000 0.000000 0.626563 0.196617 2.000000 0.568750 0.194503 2.000000 0.646875 0.253700 2.000000 0.564063 0.255814 1.000000 0.637500 0.285412 2.000000 0.600000 0.285412 2.000000 0.631250 0.289641 2.000000 0.590625 0.289641 2.000000 0.000000 0.000000 0.000000 0.000000 0.000000 0.000000 0.000000 0.000000 0.000000 0.000000 0.000000 0.000000
0 0.738727 0.388488 0.101703 0.249831 0.742188 0.321353 2.000000 0.748437 0.310782 2.000000 0.734375 0.310782 2.000000 0.000000 0.000000 0.000000 0.715625 0.310782 2.000000 0.756250 0.369979 2.000000 0.704688 0.365751 2.000000 0.771875 0.443975 2.000000 0.000000 0.000000 0.000000 0.000000 0.000000 0.000000 0.000000 0.000000 0.000000 0.000000 0.000000 0.000000 0.000000 0.000000 0.000000 0.000000 0.000000 0.000000 0.000000 0.000000 0.000000 0.000000 0.000000 0.000000 0.000000 0.000000 0.000000
0 0.654344 0.577939 0.125594 0.516554 0.660937 0.382664 2.000000 0.664062 0.372093 2.000000 0.653125 0.372093 2.000000 0.000000 0.000000 0.000000 0.000000 0.000000 0.000000 0.668750 0.424947 2.000000 0.620313 0.437632 2.000000 0.695312 0.494715 2.000000 0.617188 0.511628 2.000000 0.670312 0.439746 2.000000 0.626563 0.556025 2.000000 0.678125 0.570825 2.000000 0.643750 0.570825 2.000000 0.693750 0.674419 2.000000 0.640625 0.697674 2.000000 0.657813 0.742072 1.000000 0.615625 0.763214 2.000000
0 0.937703 0.539968 0.117875 0.454355 0.940625 0.353066 2.000000 0.946875 0.348837 2.000000 0.932813 0.348837 2.000000 0.000000 0.000000 0.000000 0.918750 0.353066 2.000000 0.962500 0.412262 2.000000 0.903125 0.410148 2.000000 0.978125 0.482030 2.000000 0.889062 0.471459 2.000000 0.985938 0.534884 2.000000 0.893750 0.503171 2.000000 0.956250 0.541226 2.000000 0.923438 0.541226 2.000000 0.960938 0.634249 2.000000 0.920312 0.634249 2.000000 0.956250 0.718816 2.000000 0.906250 0.714588 2.000000
0 0.751914 0.598932 0.157828 0.517442 0.731250 0.395349 2.000000 0.735938 0.386892 2.000000 0.723437 0.386892 2.000000 0.000000 0.000000 0.000000 0.703125 0.386892 2.000000 0.748437 0.450317 2.000000 0.692187 0.454545 1.000000 0.762500 0.513742 2.000000 0.682813 0.520085 2.000000 0.768750 0.566596 2.000000 0.704688 0.564482 2.000000 0.745313 0.585624 2.000000 0.707812 0.585624 2.000000 0.745313 0.668076 2.000000 0.718750 0.672304 2.000000 0.715625 0.754757 2.000000 0.696875 0.758985 2.000000
