0 0.293359 0.637052 0.267625 0.420479 0.000000 0.000000 0.000000 0.000000 0.000000 0.000000 0.000000 0.000000 0.000000 0.000000 0.000000 0.000000 0.000000 0.000000 0.000000 0.256250 0.502083 1.000000 0.331250 0.529167 2.000000 0.248438 0.587500 2.000000 0.331250 0.622917 2.000000 0.310937 0.585417 2.000000 0.323437 0.589583 2.000000 0.260937 0.631250 2.000000 0.306250 0.645833 2.000000 0.203125 0.706250 2.000000 0.343750 0.733333 2.000000 0.168750 0.825000 2.000000 0.398438 0.829167 2.000000
0 0.651766 0.693344 0.221344 0.283854 0.609375 0.600000 2.000000 0.612500 0.591667 2.000000 0.000000 0.000000 0.000000 0.635938 0.591667 2.000000 0.000000 0.000000 0.000000 0.639062 0.635417 2.000000 0.695312 0.604167 2.000000 0.585938 0.706250 2.000000 0.000000 0.000000 0.000000 0.554688 0.739583 2.000000 0.000000 0.000000 0.000000 0.720313 0.722917 2.000000 0.718750 0.712500 2.000000 0.643750 0.700000 2.000000 0.653125 0.687500 2.000000 0.692187 0.797917 2.000000 0.701562 0.775000 2.000000
0 0.803094 0.678656 0.193812 0.350562 0.748437 0.547917 2.000000 0.754687 0.541667 2.000000 0.000000 0.000000 0.000000 0.773438 0.550000 2.000000 0.000000 0.000000 0.000000 0.795312 0.577083 2.000000 0.778125 0.583333 2.000000 0.831250 0.641667 2.000000 0.782813 0.656250 2.000000 0.831250 0.718750 2.000000 0.737500 0.631250 1.000000 0.868750 0.670833 2.000000 0.843750 0.662500 2.000000 0.778125 0.722917 2.000000 0.773438 0.706250 1.000000 0.829688 0.816667 2.000000 0.839063 0.800000 2.000000
0 0.872523 0.277896 0.101828 0.428583 0.873437 0.108333 2.000000 0.881250 0.097917 2.000000 0.871875 0.095833 2.000000 0.893750 0.106250 2.000000 0.000000 0.000000 0.000000 0.906250 0.147917 2.000000 0.862500 0.150000 2.000000 0.907813 0.214583 2.000000 0.871875 0.220833 2.000000 0.904687 0.277083 2.000000 0.860938 0.272917 2.000000 0.885938 0.279167 2.000000 0.860938 0.283333 2.000000 0.890625 0.360417 2.000000 0.860938 0.364583 2.000000 0.895312 0.466667 2.000000 0.864062 0.452083 2.000000
0 0.936133 0.305604 0.058734 0.133208 0.935937 0.270833 2.000000 0.942187 0.266667 2.000000 0.932813 0.266667 2.000000 0.951562 0.268750 2.000000 0.928125 0.268750 2.000000 0.954688 0.308333 2.000000 0.921875 0.304167 1.000000 0.950000 0.356250 2.000000 0.000000 0.000000 0.000000 0.000000 0.000000 0.000000 0.000000 0.000000 0.000000 0.942187 0.366667 2.000000 0.918750 0.362500 1.000000 0.000000 0.000000 0.000000 0.000000 0.000000 0.000000 0.000000 0.000000 0.000000 0.000000 0.000000 0.000000
0 0.496523 0.098563 0.131641 0.197125 0.000000 0.000000 0.000000 0.000000 0.000000 0.000000 0.000000 0.000000 0.000000 0.000000 0.000000 0.000000 0.000000 0.000000 0.000000 0.000000 0.000000 0.000000 0.000000 0.000000 0.000000 0.000000 0.000000 0.000000 0.000000 0.000000 0.000000 0.000000 0.000000 0.000000 0.000000 0.000000 0.000000 0.487500 0.035417 2.000000 0.464062 0.070833 2.000000 0.493750 0.127083 2.000000 0.443750 0.122917 2.000000 0.546875 0.164583 2.000000 0.450000 0.206250 1.000000
0 0.128492 0.180479 0.059797 0.167958 0.129688 0.133333 2.000000 0.134375 0.127083 2.000000 0.125000 0.127083 2.000000 0.145313 0.127083 2.000000 0.000000 0.000000 0.000000 0.153125 0.141667 2.000000 0.115625 0.145833 2.000000 0.000000 0.000000 0.000000 0.109375 0.208333 2.000000 0.000000 0.000000 0.000000 0.140625 0.212500 2.000000 0.000000 0.000000 0.000000 0.000000 0.000000 0.000000 0.000000 0.000000 0.000000 0.000000 0.000000 0.000000 0.000000 0.000000 0.000000 0.000000 0.000000 0.000000
0 0.406898 0.136594 0.112703 0.269854 0.000000 0.000000 0.000000 0.000000 0.000000 0.000000 0.000000 0.000000 0.000000 0.000000 0.000000 0.000000 0.000000 0.000000 0.000000 0.000000 0.000000 0.000000 0.000000 0.000000 0.000000 0.000000 0.000000 0.000000 0.000000 0.000000 0.000000 0.000000 0.000000 0.000000 0.360938 0.010417 2.000000 0.415625 0.070833 1.000000 0.385937 0.068750 1.000000 0.434375 0.170833 1.000000 0.396875 0.160417 2.000000 0.440625 0.245833 2.000000 0.400000 0.239583 2.000000
0 0.754867 0.307354 0.086797 0.091167 0.757812 0.295833 2.000000 0.765625 0.289583 2.000000 0.753125 0.289583 2.000000 0.776563 0.295833 2.000000 0.000000 0.000000 0.000000 0.779687 0.335417 2.000000 0.729688 0.318750 2.000000 0.000000 0.000000 0.000000 0.000000 0.000000 0.000000 0.000000 0.000000 0.000000 0.000000 0.000000 0.000000 0.000000 0.000000 0.000000 0.000000 0.000000 0.000000 0.000000 0.000000 0.000000 0.000000 0.000000 0.000000 0.000000 0.000000 0.000000 0.000000 0.000000 0.000000
0 0.027352 0.135354 0.054703 0.166083 0.025000 0.085417 2.000000 0.031250 0.083333 2.000000 0.020313 0.079167 2.000000 0.000000 0.000000 0.000000 0.009375 0.079167 2.000000 0.043750 0.120833 2.000000 0.000000 0.000000 0.000000 0.043750 0.170833 2.000000 0.000000 0.000000 0.000000 0.001563 0.154167 2.000000 0.031250 0.158333 2.000000 0.031250 0.225000 1.000000 0.001563 0.222917 1.000000 0.000000 0.000000 0.000000 0.000000 0.000000 0.000000 0.000000 0.000000 0.000000 0.000000 0.000000 0.000000
