0 0.932477 0.448314 0.135047 0.415711 0.959375 0.323394 2.000000 0.964063 0.307339 2.000000 0.945312 0.307339 2.000000 0.000000 0.000000 0.000000 0.914062 0.323394 2.000000 0.981250 0.415138 2.000000 0.900000 0.410550 2.000000 0.000000 0.000000 0.000000 0.889062 0.518349 2.000000 0.984375 0.596330 2.000000 0.904687 0.564220 2.000000 0.973437 0.591743 2.000000 0.921875 0.594037 2.000000 0.995313 0.644495 1.000000 0.892188 0.660550 1.000000 0.000000 0.000000 0.000000 0.000000 0.000000 0.000000
0 0.458500 0.186514 0.114813 0.184266 0.471875 0.172018 2.000000 0.478125 0.155963 2.000000 0.462500 0.155963 2.000000 0.000000 0.000000 0.000000 0.432812 0.174312 2.000000 0.000000 0.000000 0.000000 0.414062 0.263761 2.000000 0.000000 0.000000 0.000000 0.501563 0.266055 2.000000 0.000000 0.000000 0.000000 0.000000 0.000000 0.000000 0.000000 0.000000 0.000000 0.000000 0.000000 0.000000 0.000000 0.000000 0.000000 0.000000 0.000000 0.000000 0.000000 0.000000 0.000000 0.000000 0.000000 0.000000
0 0.786883 0.187638 0.177578 0.366284 0.000000 0.000000 0.000000 0.000000 0.000000 0.000000 0.000000 0.000000 0.000000 0.000000 0.000000 0.000000 0.000000 0.000000 0.000000 0.835938 0.052752 2.000000 0.739062 0.048165 2.000000 0.848437 0.162844 2.000000 0.732812 0.165138 1.000000 0.854688 0.252294 1.000000 0.000000 0.000000 0.000000 0.826562 0.298165 1.000000 0.756250 0.291284 2.000000 0.000000 0.000000 0.000000 0.000000 0.000000 0.000000 0.000000 0.000000 0.000000 0.000000 0.000000 0.000000
0 0.834156 0.460401 0.115688 0.421628 0.850000 0.325688 2.000000 0.857812 0.311927 2.000000 0.839063 0.314220 2.000000 0.875000 0.314220 2.000000 0.821875 0.318807 1.000000 0.881250 0.385321 2.000000 0.810937 0.383028 2.000000 0.881250 0.481651 1.000000 0.810937 0.479358 2.000000 0.871875 0.587156 2.000000 0.812500 0.589450 2.000000 0.868750 0.525229 1.000000 0.823438 0.527523 2.000000 0.000000 0.000000 0.000000 0.000000 0.000000 0.000000 0.000000 0.000000 0.000000 0.000000 0.000000 0.000000
0 0.938383 0.139690 0.123234 0.279381 0.000000 0.000000 0.000000 0.000000 0.000000 0.000000 0.000000 0.000000 0.000000 0.000000 0.000000 0.000000 0.000000 0.000000 0.000000 0.000000 0.000000 0.000000 0.000000 0.000000 0.000000 0.000000 0.000000 0.000000 0.890625 0.059633 2.000000 0.000000 0.000000 0.000000 0.895312 0.197248 2.000000 0.000000 0.000000 0.000000 0.960938 0.213303 2.000000 0.000000 0.000000 0.000000 0.000000 0.000000 0.000000 0.000000 0.000000 0.000000 0.000000 0.000000 0.000000
0 0.629656 0.513280 0.109500 0.236055 0.000000 0.000000 0.000000 0.000000 0.000000 0.000000 0.000000 0.000000 0.000000 0.000000 0.000000 0.000000 0.000000 0.000000 0.000000 0.653125 0.504587 2.000000 0.595313 0.513761 1.000000 0.662500 0.580275 2.000000 0.589063 0.605505 2.000000 0.626563 0.623853 1.000000 0.000000 0.000000 0.000000 0.000000 0.000000 0.000000 0.000000 0.000000 0.000000 0.000000 0.000000 0.000000 0.000000 0.000000 0.000000 0.000000 0.000000 0.000000 0.000000 0.000000 0.000000
0 0.477125 0.101755 0.167187 0.203509 0.460938 0.009174 2.000000 0.000000 0.000000 0.000000 0.000000 0.000000 0.000000 0.000000 0.000000 0.000000 0.415625 0.002294 2.000000 0.509375 0.071101 2.000000 0.406250 0.073394 2.000000 0.526563 0.183486 2.000000 0.000000 0.000000 0.000000 0.000000 0.000000 0.000000 0.000000 0.000000 0.000000 0.509375 0.243119 1.000000 0.431250 0.243119 1.000000 0.000000 0.000000 0.000000 0.000000 0.000000 0.000000 0.000000 0.000000 0.000000 0.000000 0.000000 0.000000
0 0.174938 0.583119 0.069469 0.160963 0.000000 0.000000 0.000000 0.000000 0.000000 0.000000 0.000000 0.000000 0.000000 0.000000 0.000000 0.000000 0.000000 0.000000 0.000000 0.000000 0.000000 0.000000 0.000000 0.000000 0.000000 0.000000 0.000000 0.000000 0.000000 0.000000 0.000000 0.000000 0.000000 0.000000 0.000000 0.000000 0.000000 0.000000 0.000000 0.000000 0.000000 0.000000 0.000000 0.203125 0.490826 1.000000 0.156250 0.493119 1.000000 0.200000 0.635321 2.000000 0.157812 0.619266 2.000000
0 0.718414 0.040264 0.095547 0.080528 0.000000 0.000000 0.000000 0.000000 0.000000 0.000000 0.000000 0.000000 0.000000 0.000000 0.000000 0.000000 0.000000 0.000000 0.000000 0.000000 0.000000 0.000000 0.000000 0.000000 0.000000 0.000000 0.000000 0.000000 0.682813 0.041284 2.000000 0.000000 0.000000 0.000000 0.000000 0.000000 0.000000 0.000000 0.000000 0.000000 0.000000 0.000000 0.000000 0.000000 0.000000 0.000000 0.000000 0.000000 0.000000 0.000000 0.000000 0.000000 0.000000 0.000000 0.000000
0 0.401766 0.188842 0.076563 0.169839 0.000000 0.000000 0.000000 0.000000 0.000000 0.000000 0.000000 0.000000 0.000000 0.370312 0.183486 2.000000 0.414062 0.176606 2.000000 0.000000 0.000000 0.000000 0.000000 0.000000 0.000000 0.000000 0.000000 0.000000 0.000000 0.000000 0.000000 0.000000 0.000000 0.000000 0.000000 0.000000 0.000000 0.000000 0.000000 0.000000 0.000000 0.000000 0.000000 0.000000 0.000000 0.000000 0.000000 0.000000 0.000000 0.000000 0.000000 0.000000 0.000000 0.000000 0.000000
0 0.186508 0.194771 0.152359 0.388165 0.000000 0.000000 0.000000 0.000000 0.000000 0.000000 0.000000 0.000000 0.000000 0.000000 0.000000 0.000000 0.000000 0.000000 0.000000 0.225000 0.091743 2.000000 0.139063 0.091743 2.000000 0.246875 0.211009 2.000000 0.126562 0.229358 2.000000 0.235937 0.311927 2.000000 0.125000 0.316514 1.000000 0.217188 0.302752 2.000000 0.156250 0.302752 2.000000 0.000000 0.000000 0.000000 0.154688 0.477064 1.000000 0.000000 0.000000 0.000000 0.000000 0.000000 0.000000
0 0.700930 0.518039 0.204828 0.286904 0.000000 0.000000 0.000000 0.000000 0.000000 0.000000 0.000000 0.000000 0.000000 0.000000 0.000000 0.000000 0.000000 0.000000 0.000000 0.771875 0.474771 2.000000 0.712500 0.483945 2.000000 0.734375 0.612385 2.000000 0.689063 0.591743 2.000000 0.668750 0.646789 2.000000 0.654687 0.626147 2.000000 0.776563 0.619266 2.000000 0.721875 0.621560 2.000000 0.765625 0.598624 2.000000 0.000000 0.000000 0.000000 0.000000 0.000000 0.000000 0.000000 0.000000 0.000000
