0 0.572695 0.643176 0.723484 0.713647 0.464062 0.458824 2.000000 0.489063 0.428235 2.000000 0.434375 0.432941 2.000000 0.517188 0.458824 2.000000 0.390625 0.465882 2.000000 0.578125 0.621176 2.000000 0.320312 0.668235 2.000000 0.723437 0.832941 2.000000 0.253125 0.872941 2.000000 0.835938 0.927059 1.000000 0.307812 0.901176 2.000000 0.000000 0.000000 0.000000 0.000000 0.000000 0.000000 0.000000 0.000000 0.000000 0.000000 0.000000 0.000000 0.000000 0.000000 0.000000 0.000000 0.000000 0.000000
0 0.228906 0.666659 0.236437 0.666682 0.260937 0.517647 2.000000 0.267188 0.468235 2.000000 0.225000 0.498824 2.000000 0.000000 0.000000 0.000000 0.207813 0.552941 2.000000 0.343750 0.630588 1.000000 0.164062 0.691765 2.000000 0.000000 0.000000 0.000000 0.153125 0.896471 2.000000 0.000000 0.000000 0.000000 0.239063 0.672941 2.000000 0.000000 0.000000 0.000000 0.000000 0.000000 0.000000 0.000000 0.000000 0.000000 0.000000 0.000000 0.000000 0.000000 0.000000 0.000000 0.000000 0.000000 0.000000
0 0.965594 0.288765 0.068812 0.370800 0.959375 0.204706 2.000000 0.979688 0.185882 2.000000 0.951562 0.183529 2.000000 0.000000 0.000000 0.000000 0.000000 0.000000 0.000000 0.000000 0.000000 0.000000 0.925000 0.331765 1.000000 0.000000 0.000000 0.000000 0.000000 0.000000 0.000000 0.000000 0.000000 0.000000 0.000000 0.000000 0.000000 0.000000 0.000000 0.000000 0.000000 0.000000 0.000000 0.000000 0.000000 0.000000 0.000000 0.000000 0.000000 0.000000 0.000000 0.000000 0.000000 0.000000 0.000000
0 0.049875 0.428247 0.096781 0.609859 0.032813 0.207059 1.000000 0.000000 0.000000 0.000000 0.026562 0.197647 2.000000 0.000000 0.000000 0.000000 0.001563 0.209412 2.000000 0.000000 0.000000 0.000000 0.028125 0.345882 2.000000 0.000000 0.000000 0.000000 0.073438 0.505882 2.000000 0.000000 0.000000 0.000000 0.000000 0.000000 0.000000 0.000000 0.000000 0.000000 0.039062 0.663529 2.000000 0.000000 0.000000 0.000000 0.000000 0.000000 0.000000 0.000000 0.000000 0.000000 0.000000 0.000000 0.000000
0 0.352312 0.400624 0.106531 0.335506 0.000000 0.000000 0.000000 0.000000 0.000000 0.000000 0.000000 0.000000 0.000000 0.000000 0.000000 0.000000 0.000000 0.000000 0.000000 0.318750 0.421176 2.000000 0.425000 0.418824 1.000000 0.000000 0.000000 0.000000 0.000000 0.000000 0.000000 0.000000 0.000000 0.000000 0.000000 0.000000 0.000000 0.000000 0.000000 0.000000 0.000000 0.000000 0.000000 0.000000 0.000000 0.000000 0.000000 0.000000 0.000000 0.000000 0.000000 0.000000 0.000000 0.000000 0.000000
0 0.856312 0.245529 0.090281 0.188800 0.000000 0.000000 0.000000 0.000000 0.000000 0.000000 0.000000 0.000000 0.000000 0.000000 0.000000 0.000000 0.831250 0.202353 2.000000 0.871875 0.240000 2.000000 0.817187 0.242353 1.000000 0.909375 0.282353 1.000000 0.796875 0.287059 1.000000 0.000000 0.000000 0.000000 0.820312 0.312941 2.000000 0.870313 0.345882 1.000000 0.820312 0.345882 1.000000 0.900000 0.350588 1.000000 0.817187 0.357647 1.000000 0.000000 0.000000 0.000000 0.000000 0.000000 0.000000
0 0.247719 0.279776 0.152219 0.289906 0.193750 0.230588 2.000000 0.193750 0.209412 2.000000 0.000000 0.000000 0.000000 0.239063 0.209412 2.000000 0.000000 0.000000 0.000000 0.317188 0.348235 1.000000 0.209375 0.336471 2.000000 0.000000 0.000000 0.000000 0.170313 0.496471 1.000000 0.000000 0.000000 0.000000 0.000000 0.000000 0.000000 0.000000 0.000000 0.000000 0.000000 0.000000 0.000000 0.000000 0.000000 0.000000 0.000000 0.000000 0.000000 0.000000 0.000000 0.000000 0.000000 0.000000 0.000000
0 0.126086 0.474141 0.094578 0.374165 0.000000 0.000000 0.000000 0.000000 0.000000 0.000000 0.000000 0.000000 0.000000 0.118750 0.369412 2.000000 0.000000 0.000000 0.000000 0.089063 0.423529 2.000000 0.175000 0.435294 1.000000 0.000000 0.000000 0.000000 0.000000 0.000000 0.000000 0.000000 0.000000 0.000000 0.000000 0.000000 0.000000 0.090625 0.616471 2.000000 0.137500 0.621176 1.000000 0.000000 0.000000 0.000000 0.000000 0.000000 0.000000 0.000000 0.000000 0.000000 0.000000 0.000000 0.000000
0 0.635805 0.354706 0.090578 0.161600 0.000000 0.000000 0.000000 0.000000 0.000000 0.000000 0.000000 0.000000 0.000000 0.000000 0.000000 0.000000 0.000000 0.000000 0.000000 0.604688 0.350588 2.000000 0.631250 0.345882 2.000000 0.000000 0.000000 0.000000 0.637500 0.371765 2.000000 0.000000 0.000000 0.000000 0.665625 0.371765 2.000000 0.615625 0.444706 1.000000 0.632812 0.440000 1.000000 0.000000 0.000000 0.000000 0.000000 0.000000 0.000000 0.000000 0.000000 0.000000 0.000000 0.000000 0.000000
0 0.755836 0.398882 0.171609 0.586518 0.678125 0.200000 2.000000 0.696875 0.176471 2.000000 0.673438 0.174118 2.000000 0.742188 0.197647 2.000000 0.000000 0.000000 0.000000 0.743750 0.296471 2.000000 0.773438 0.275294 2.000000 0.740625 0.494118 2.000000 0.000000 0.000000 0.000000 0.678125 0.621176 1.000000 0.000000 0.000000 0.000000 0.751563 0.640000 2.000000 0.782813 0.621176 2.000000 0.754687 0.943529 1.000000 0.784375 0.927059 1.000000 0.000000 0.000000 0.000000 0.000000 0.000000 0.000000
0 0.656008 0.403541 0.097234 0.286376 0.000000 0.000000 0.000000 0.000000 0.000000 0.000000 0.000000 0.000000 0.000000 0.610938 0.312941 1.000000 0.000000 0.000000 0.000000 0.617188 0.381176 1.000000 0.653125 0.357647 1.000000 0.000000 0.000000 0.000000 0.000000 0.000000 0.000000 0.000000 0.000000 0.000000 0.000000 0.000000 0.000000 0.625000 0.531765 2.000000 0.653125 0.501176 2.000000 0.000000 0.000000 0.000000 0.000000 0.000000 0.000000 0.000000 0.000000 0.000000 0.000000 0.000000 0.000000
0 0.788586 0.241518 0.078547 0.148729 0.771875 0.228235 2.000000 0.776563 0.216471 2.000000 0.765625 0.218824 2.000000 0.787500 0.218824 2.000000 0.000000 0.000000 0.000000 0.803125 0.270588 2.000000 0.762500 0.268235 1.000000 0.000000 0.000000 0.000000 0.000000 0.000000 0.000000 0.000000 0.000000 0.000000 0.000000 0.000000 0.000000 0.000000 0.000000 0.000000 0.000000 0.000000 0.000000 0.000000 0.000000 0.000000 0.000000 0.000000 0.000000 0.000000 0.000000 0.000000 0.000000 0.000000 0.000000
0 0.927570 0.231694 0.086234 0.229271 0.956250 0.214118 1.000000 0.978125 0.188235 1.000000 0.956250 0.190588 1.000000 0.000000 0.000000 0.000000 0.000000 0.000000 0.000000 0.000000 0.000000 0.000000 0.928125 0.338824 1.000000 0.000000 0.000000 0.000000 0.906250 0.442353 1.000000 0.000000 0.000000 0.000000 0.000000 0.000000 0.000000 0.000000 0.000000 0.000000 0.000000 0.000000 0.000000 0.000000 0.000000 0.000000 0.000000 0.000000 0.000000 0.000000 0.000000 0.000000 0.000000 0.000000 0.000000
