0 0.420059 0.681305 0.410609 0.612078 0.372365 0.590625 2.000000 0.000000 0.000000 0.000000 0.348946 0.589063 2.000000 0.000000 0.000000 0.000000 0.330211 0.615625 2.000000 0.442623 0.603125 2.000000 0.309133 0.696875 2.000000 0.491803 0.520312 2.000000 0.229508 0.775000 2.000000 0.529274 0.437500 2.000000 0.222482 0.809375 2.000000 0.555035 0.828125 2.000000 0.456674 0.848437 2.000000 0.587822 0.950000 2.000000 0.508197 0.931250 2.000000 0.000000 0.000000 0.000000 0.000000 0.000000 0.000000
0 0.360913 0.120969 0.144075 0.128750 0.346604 0.085938 2.000000 0.348946 0.081250 2.000000 0.334895 0.081250 2.000000 0.000000 0.000000 0.000000 0.318501 0.081250 2.000000 0.372365 0.103125 2.000000 0.304450 0.109375 2.000000 0.414520 0.126562 2.000000 0.358314 0.146875 2.000000 0.365340 0.140625 2.000000 0.416862 0.131250 2.000000 0.426230 0.167187 1.000000 0.365340 0.178125 2.000000 0.000000 0.000000 0.000000 0.000000 0.000000 0.000000 0.000000 0.000000 0.000000 0.000000 0.000000 0.000000
0 0.676698 0.158414 0.099532 0.112891 0.676815 0.126562 2.000000 0.686183 0.120313 2.000000 0.667447 0.120313 2.000000 0.000000 0.000000 0.000000 0.658080 0.121875 2.000000 0.700234 0.148438 2.000000 0.634660 0.140625 1.000000 0.714286 0.187500 2.000000 0.648712 0.151562 2.000000 0.737705 0.212500 1.000000 0.658080 0.118750 2.000000 0.723653 0.207813 1.000000 0.683841 0.212500 1.000000 0.000000 0.000000 0.000000 0.000000 0.000000 0.000000 0.000000 0.000000 0.000000 0.000000 0.000000 0.000000
0 0.894590 0.142313 0.119251 0.109062 0.918033 0.115625 2.000000 0.000000 0.000000 0.000000 0.911007 0.110937 2.000000 0.000000 0.000000 0.000000 0.882904 0.115625 2.000000 0.920375 0.135937 2.000000 0.852459 0.139063 2.000000 0.932084 0.175000 2.000000 0.868852 0.187500 2.000000 0.000000 0.000000 0.000000 0.000000 0.000000 0.000000 0.000000 0.000000 0.000000 0.000000 0.000000 0.000000 0.000000 0.000000 0.000000 0.000000 0.000000 0.000000 0.000000 0.000000 0.000000 0.000000 0.000000 0.000000
0 0.428080 0.110992 0.082061 0.102641 0.414520 0.089063 2.000000 0.423888 0.084375 2.000000 0.402810 0.084375 2.000000 0.000000 0.000000 0.000000 0.000000 0.000000 0.000000 0.440281 0.104688 2.000000 0.000000 0.000000 0.000000 0.482436 0.126562 1.000000 0.000000 0.000000 0.000000 0.451991 0.120313 2.000000 0.000000 0.000000 0.000000 0.000000 0.000000 0.000000 0.000000 0.000000 0.000000 0.000000 0.000000 0.000000 0.000000 0.000000 0.000000 0.000000 0.000000 0.000000 0.000000 0.000000 0.000000
0 0.621803 0.171117 0.143747 0.122766 0.606557 0.135937 2.000000 0.615925 0.132812 2.000000 0.594848 0.132812 2.000000 0.620609 0.132812 2.000000 0.585480 0.134375 2.000000 0.639344 0.160938 2.000000 0.566745 0.165625 2.000000 0.658080 0.200000 2.000000 0.599532 0.214062 2.000000 0.683841 0.218750 2.000000 0.648712 0.223438 2.000000 0.000000 0.000000 0.000000 0.000000 0.000000 0.000000 0.000000 0.000000 0.000000 0.000000 0.000000 0.000000 0.000000 0.000000 0.000000 0.000000 0.000000 0.000000
0 0.778560 0.150742 0.134684 0.128016 0.770492 0.117188 2.000000 0.777518 0.109375 2.000000 0.763466 0.109375 2.000000 0.000000 0.000000 0.000000 0.000000 0.000000 0.000000 0.796253 0.132812 2.000000 0.725995 0.139063 2.000000 0.817330 0.175000 2.000000 0.747073 0.182812 2.000000 0.000000 0.000000 0.000000 0.000000 0.000000 0.000000 0.819672 0.193750 2.000000 0.786885 0.196875 2.000000 0.000000 0.000000 0.000000 0.000000 0.000000 0.000000 0.000000 0.000000 0.000000 0.000000 0.000000 0.000000
0 0.353044 0.217766 0.141218 0.153594 0.337237 0.176563 2.000000 0.348946 0.170313 2.000000 0.325527 0.168750 2.000000 0.000000 0.000000 0.000000 0.316159 0.170313 1.000000 0.360656 0.192188 2.000000 0.304450 0.198437 1.000000 0.379391 0.226562 2.000000 0.337237 0.240625 2.000000 0.395785 0.246875 2.000000 0.395785 0.248438 2.000000 0.384075 0.259375 2.000000 0.351288 0.265625 2.000000 0.000000 0.000000 0.000000 0.423888 0.259375 1.000000 0.000000 0.000000 0.000000 0.000000 0.000000 0.000000
0 0.430105 0.184234 0.119415 0.104906 0.426230 0.165625 2.000000 0.433255 0.162500 2.000000 0.416862 0.160938 2.000000 0.444965 0.162500 1.000000 0.405152 0.160938 1.000000 0.444965 0.181250 2.000000 0.391101 0.182812 2.000000 0.000000 0.000000 0.000000 0.428571 0.226562 2.000000 0.000000 0.000000 0.000000 0.468384 0.225000 1.000000 0.473068 0.237500 1.000000 0.440281 0.240625 1.000000 0.000000 0.000000 0.000000 0.000000 0.000000 0.000000 0.000000 0.000000 0.000000 0.000000 0.000000 0.000000
0 0.944941 0.108930 0.088993 0.116797 0.925059 0.078125 2.000000 0.932084 0.073438 2.000000 0.918033 0.073438 2.000000 0.941452 0.075000 2.000000 0.903981 0.075000 2.000000 0.950820 0.106250 2.000000 0.894614 0.110937 1.000000 0.971897 0.143750 2.000000 0.000000 0.000000 0.000000 0.000000 0.000000 0.000000 0.000000 0.000000 0.000000 0.964871 0.179688 1.000000 0.918033 0.184375 1.000000 0.000000 0.000000 0.000000 0.000000 0.000000 0.000000 0.000000 0.000000 0.000000 0.000000 0.000000 0.000000
0 0.103829 0.288430 0.202553 0.253109 0.053864 0.193750 2.000000 0.000000 0.000000 0.000000 0.044496 0.189062 2.000000 0.000000 0.000000 0.000000 0.014052 0.193750 2.000000 0.053864 0.218750 2.000000 0.000000 0.000000 0.000000 0.067916 0.264062 2.000000 0.000000 0.000000 0.000000 0.086651 0.284375 2.000000 0.056206 0.285938 2.000000 0.063232 0.300000 2.000000 0.007026 0.304688 1.000000 0.180328 0.312500 2.000000 0.096019 0.312500 2.000000 0.000000 0.000000 0.000000 0.121780 0.387500 2.000000
0 0.183150 0.198500 0.152904 0.226719 0.161593 0.112500 2.000000 0.166276 0.107813 2.000000 0.154567 0.107813 2.000000 0.000000 0.000000 0.000000 0.133489 0.109375 1.000000 0.189696 0.132812 2.000000 0.121780 0.148438 2.000000 0.224824 0.173437 2.000000 0.149883 0.193750 2.000000 0.177986 0.175000 2.000000 0.196721 0.178125 2.000000 0.220141 0.195312 2.000000 0.173302 0.207813 2.000000 0.262295 0.234375 1.000000 0.208431 0.245312 2.000000 0.000000 0.000000 0.000000 0.227166 0.293750 2.000000
0 0.510258 0.238406 0.160281 0.101719 0.503513 0.220312 2.000000 0.508197 0.217188 2.000000 0.496487 0.215625 2.000000 0.000000 0.000000 0.000000 0.477752 0.212500 2.000000 0.512881 0.234375 2.000000 0.459016 0.245312 2.000000 0.000000 0.000000 0.000000 0.475410 0.284375 2.000000 0.000000 0.000000 0.000000 0.524590 0.279687 2.000000 0.000000 0.000000 0.000000 0.000000 0.000000 0.000000 0.000000 0.000000 0.000000 0.000000 0.000000 0.000000 0.000000 0.000000 0.000000 0.000000 0.000000 0.000000
