0 0.165773 0.530524 0.306266 0.908080 0.215625 0.219451 2.000000 0.000000 0.000000 0.000000 0.204687 0.194514 2.000000 0.000000 0.000000 0.000000 0.153125 0.231920 2.000000 0.084375 0.351621 2.000000 0.112500 0.381546 2.000000 0.000000 0.000000 0.000000 0.131250 0.733167 2.000000 0.000000 0.000000 0.000000 0.234375 0.972569 2.000000 0.000000 0.000000 0.000000 0.000000 0.000000 0.000000 0.000000 0.000000 0.000000 0.000000 0.000000 0.000000 0.000000 0.000000 0.000000 0.000000 0.000000 0.000000
0 0.328031 0.573292 0.237000 0.853416 0.345313 0.259352 2.000000 0.350000 0.239401 2.000000 0.326562 0.239401 2.000000 0.000000 0.000000 0.000000 0.284375 0.256858 2.000000 0.398438 0.374065 2.000000 0.242188 0.401496 2.000000 0.426563 0.566085 2.000000 0.234375 0.633416 1.000000 0.412500 0.710723 2.000000 0.301563 0.778055 2.000000 0.384375 0.812968 2.000000 0.300000 0.822943 2.000000 0.000000 0.000000 0.000000 0.000000 0.000000 0.000000 0.000000 0.000000 0.000000 0.000000 0.000000 0.000000
0 0.448023 0.344688 0.091234 0.207581 0.407813 0.291771 2.000000 0.415625 0.281796 2.000000 0.409375 0.281796 2.000000 0.439063 0.286783 2.000000 0.000000 0.000000 0.000000 0.467187 0.354115 2.000000 0.403125 0.349127 1.000000 0.000000 0.000000 0.000000 0.000000 0.000000 0.000000 0.000000 0.000000 0.000000 0.450000 0.421446 1.000000 0.000000 0.000000 0.000000 0.000000 0.000000 0.000000 0.000000 0.000000 0.000000 0.000000 0.000000 0.000000 0.000000 0.000000 0.000000 0.000000 0.000000 0.000000
0 0.059516 0.053616 0.086188 0.098404 0.090625 0.072319 2.000000 0.000000 0.000000 0.000000 0.090625 0.059850 2.000000 0.000000 0.000000 0.000000 0.076563 0.054863 2.000000 0.000000 0.000000 0.000000 0.000000 0.000000 0.000000 0.000000 0.000000 0.000000 0.000000 0.000000 0.000000 0.000000 0.000000 0.000000 0.000000 0.000000 0.000000 0.000000 0.000000 0.000000 0.000000 0.000000 0.000000 0.000000 0.000000 0.000000 0.000000 0.000000 0.000000 0.000000 0.000000 0.000000 0.000000 0.000000 0.000000
0 0.034789 0.235274 0.067047 0.378828 0.000000 0.000000 0.000000 0.000000 0.000000 0.000000 0.000000 0.000000 0.000000 0.003125 0.112219 1.000000 0.054688 0.117207 2.000000 0.000000 0.000000 0.000000 0.062500 0.216958 2.000000 0.000000 0.000000 0.000000 0.000000 0.000000 0.000000 0.000000 0.000000 0.000000 0.000000 0.000000 0.000000 0.000000 0.000000 0.000000 0.000000 0.000000 0.000000 0.000000 0.000000 0.000000 0.000000 0.000000 0.000000 0.000000 0.000000 0.000000 0.000000 0.000000 0.000000
0 0.293844 0.127020 0.095094 0.167606 0.267188 0.104738 2.000000 0.268750 0.092269 2.000000 0.000000 0.000000 0.000000 0.281250 0.094763 2.000000 0.000000 0.000000 0.000000 0.317188 0.147132 1.000000 0.296875 0.129676 2.000000 0.000000 0.000000 0.000000 0.278125 0.209476 1.000000 0.000000 0.000000 0.000000 0.257812 0.152120 2.000000 0.000000 0.000000 0.000000 0.000000 0.000000 0.000000 0.000000 0.000000 0.000000 0.000000 0.000000 0.000000 0.000000 0.000000 0.000000 0.000000 0.000000 0.000000
0 0.640391 0.531172 0.249000 0.625985 0.592187 0.339152 2.000000 0.606250 0.311721 2.000000 0.000000 0.000000 0.000000 0.651563 0.331671 2.000000 0.000000 0.000000 0.000000 0.671875 0.518703 2.000000 0.671875 0.473815 2.000000 0.681250 0.790524 1.000000 0.651563 0.663342 1.000000 0.564063 0.698254 2.000000 0.590625 0.653367 2.000000 0.631250 0.982544 1.000000 0.623437 0.942643 1.000000 0.000000 0.000000 0.000000 0.000000 0.000000 0.000000 0.000000 0.000000 0.000000 0.000000 0.000000 0.000000
0 0.566500 0.673579 0.139594 0.487057 0.000000 0.000000 0.000000 0.000000 0.000000 0.000000 0.000000 0.000000 0.000000 0.567187 0.536160 1.000000 0.000000 0.000000 0.000000 0.556250 0.665835 1.000000 0.000000 0.000000 0.000000 0.000000 0.000000 0.000000 0.000000 0.000000 0.000000 0.000000 0.000000 0.000000 0.537500 0.718204 2.000000 0.548438 0.847880 2.000000 0.000000 0.000000 0.000000 0.478125 0.805486 1.000000 0.000000 0.000000 0.000000 0.000000 0.000000 0.000000 0.000000 0.000000 0.000000
0 0.057414 0.645012 0.114828 0.274414 0.000000 0.000000 0.000000 0.000000 0.000000 0.000000 0.000000 0.000000 0.000000 0.000000 0.000000 0.000000 0.000000 0.000000 0.000000 0.018750 0.583541 2.000000 0.000000 0.000000 0.000000 0.000000 0.000000 0.000000 0.000000 0.000000 0.000000 0.000000 0.000000 0.000000 0.000000 0.000000 0.000000 0.000000 0.000000 0.000000 0.000000 0.000000 0.000000 0.000000 0.000000 0.000000 0.000000 0.000000 0.000000 0.000000 0.000000 0.000000 0.000000 0.000000 0.000000
0 0.789617 0.395998 0.079609 0.285711 0.748437 0.316708 1.000000 0.757812 0.309227 2.000000 0.750000 0.304239 1.000000 0.781250 0.319202 2.000000 0.000000 0.000000 0.000000 0.810937 0.413965 2.000000 0.000000 0.000000 0.000000 0.000000 0.000000 0.000000 0.000000 0.000000 0.000000 0.000000 0.000000 0.000000 0.000000 0.000000 0.000000 0.000000 0.000000 0.000000 0.000000 0.000000 0.000000 0.000000 0.000000 0.000000 0.000000 0.000000 0.000000 0.000000 0.000000 0.000000 0.000000 0.000000 0.000000
