0 0.727695 0.529214 0.462203 0.604484 0.834375 0.352113 2.000000 0.845313 0.335681 2.000000 0.000000 0.000000 0.000000 0.887500 0.328638 2.000000 0.000000 0.000000 0.000000 0.917188 0.453052 2.000000 0.840625 0.387324 2.000000 0.884375 0.612676 2.000000 0.803125 0.485915 2.000000 0.804688 0.624413 2.000000 0.771875 0.561033 2.000000 0.821875 0.673709 2.000000 0.778125 0.610329 2.000000 0.709375 0.725352 2.000000 0.679688 0.661972 1.000000 0.598437 0.769953 2.000000 0.570312 0.723005 2.000000
0 0.616266 0.197746 0.098719 0.386526 0.000000 0.000000 0.000000 0.000000 0.000000 0.000000 0.000000 0.000000 0.000000 0.000000 0.000000 0.000000 0.000000 0.000000 0.000000 0.000000 0.000000 0.000000 0.000000 0.000000 0.000000 0.000000 0.000000 0.000000 0.000000 0.000000 0.000000 0.000000 0.000000 0.000000 0.000000 0.000000 0.000000 0.635938 0.084507 2.000000 0.604688 0.082160 2.000000 0.632812 0.223005 2.000000 0.607812 0.225352 2.000000 0.640625 0.370892 2.000000 0.612500 0.342723 2.000000
0 0.255773 0.644953 0.317109 0.665164 0.200000 0.481221 2.000000 0.200000 0.457746 2.000000 0.000000 0.000000 0.000000 0.234375 0.431925 2.000000 0.000000 0.000000 0.000000 0.312500 0.584507 2.000000 0.304688 0.483568 2.000000 0.359375 0.781690 2.000000 0.310937 0.596244 2.000000 0.254688 0.753521 2.000000 0.248438 0.652582 2.000000 0.376563 0.786385 2.000000 0.371875 0.715962 2.000000 0.157812 0.863850 2.000000 0.179688 0.669014 1.000000 0.000000 0.000000 0.000000 0.189062 0.887324 2.000000
0 0.389750 0.192019 0.269937 0.384038 0.000000 0.000000 0.000000 0.000000 0.000000 0.000000 0.000000 0.000000 0.000000 0.000000 0.000000 0.000000 0.000000 0.000000 0.000000 0.498437 0.018779 2.000000 0.000000 0.000000 0.000000 0.445312 0.091549 2.000000 0.431250 0.051643 2.000000 0.440625 0.070423 2.000000 0.425000 0.063380 2.000000 0.487500 0.185446 2.000000 0.454688 0.152582 2.000000 0.376563 0.211268 2.000000 0.365625 0.201878 2.000000 0.287500 0.309859 2.000000 0.298438 0.338028 2.000000
0 0.344969 0.068251 0.103531 0.136502 0.000000 0.000000 0.000000 0.000000 0.000000 0.000000 0.000000 0.000000 0.000000 0.000000 0.000000 0.000000 0.000000 0.000000 0.000000 0.000000 0.000000 0.000000 0.000000 0.000000 0.000000 0.376563 0.039906 2.000000 0.323437 0.049296 2.000000 0.342187 0.049296 2.000000 0.323437 0.061033 2.000000 0.375000 0.079812 2.000000 0.342187 0.082160 2.000000 0.357812 0.103286 2.000000 0.304688 0.105634 2.000000 0.364063 0.178404 1.000000 0.325000 0.185446 1.000000
0 0.221133 0.166291 0.141453 0.332582 0.000000 0.000000 0.000000 0.000000 0.000000 0.000000 0.000000 0.000000 0.000000 0.000000 0.000000 0.000000 0.000000 0.000000 0.000000 0.267188 0.016432 2.000000 0.228125 0.002347 2.000000 0.250000 0.098592 2.000000 0.220312 0.063380 2.000000 0.212500 0.112676 2.000000 0.204687 0.100939 2.000000 0.256250 0.131455 2.000000 0.225000 0.122066 2.000000 0.207813 0.173709 2.000000 0.165625 0.143192 1.000000 0.185938 0.288732 2.000000 0.156250 0.234742 1.000000
0 0.145336 0.064777 0.056547 0.129554 0.120313 0.023474 2.000000 0.125000 0.014085 2.000000 0.000000 0.000000 0.000000 0.143750 0.018779 2.000000 0.000000 0.000000 0.000000 0.142187 0.084507 2.000000 0.156250 0.061033 2.000000 0.000000 0.000000 0.000000 0.000000 0.000000 0.000000 0.000000 0.000000 0.000000 0.000000 0.000000 0.000000 0.000000 0.000000 0.000000 0.000000 0.000000 0.000000 0.000000 0.000000 0.000000 0.000000 0.000000 0.000000 0.000000 0.000000 0.000000 0.000000 0.000000 0.000000
0 0.355242 0.143826 0.204922 0.283146 0.000000 0.000000 0.000000 0.000000 0.000000 0.000000 0.000000 0.000000 0.000000 0.000000 0.000000 0.000000 0.000000 0.000000 0.000000 0.464062 0.014085 1.000000 0.000000 0.000000 0.000000 0.403125 0.119718 2.000000 0.000000 0.000000 0.000000 0.373437 0.110329 1.000000 0.000000 0.000000 0.000000 0.403125 0.147887 1.000000 0.403125 0.166667 1.000000 0.315625 0.164319 2.000000 0.314063 0.122066 2.000000 0.303125 0.279343 1.000000 0.285938 0.230047 2.000000
0 0.644547 0.401080 0.349250 0.424319 0.715625 0.300469 2.000000 0.720313 0.281690 2.000000 0.000000 0.000000 0.000000 0.746875 0.267606 2.000000 0.000000 0.000000 0.000000 0.792188 0.347418 2.000000 0.753125 0.298122 2.000000 0.778125 0.471831 2.000000 0.723437 0.392019 2.000000 0.717187 0.481221 2.000000 0.687500 0.438967 2.000000 0.751563 0.507042 2.000000 0.717187 0.462441 2.000000 0.639062 0.551643 2.000000 0.628125 0.509390 2.000000 0.562500 0.596244 1.000000 0.535937 0.551643 2.000000
0 0.025937 0.176667 0.048781 0.257606 0.000000 0.000000 0.000000 0.000000 0.000000 0.000000 0.000000 0.000000 0.000000 0.000000 0.000000 0.000000 0.000000 0.000000 0.000000 0.000000 0.000000 0.000000 0.000000 0.000000 0.000000 0.000000 0.000000 0.000000 0.000000 0.000000 0.000000 0.000000 0.000000 0.000000 0.000000 0.000000 0.000000 0.007812 0.239437 2.000000 0.000000 0.000000 0.000000 0.000000 0.000000 0.000000 0.000000 0.000000 0.000000 0.000000 0.000000 0.000000 0.000000 0.000000 0.000000
0 0.083852 0.223380 0.160797 0.446761 0.045312 0.086854 2.000000 0.051562 0.068075 2.000000 0.000000 0.000000 0.000000 0.085938 0.056338 2.000000 0.000000 0.000000 0.000000 0.104688 0.173709 2.000000 0.101562 0.133803 2.000000 0.118750 0.314554 2.000000 0.067187 0.220657 2.000000 0.034375 0.323944 2.000000 0.026562 0.260563 2.000000 0.070312 0.359155 2.000000 0.065625 0.321596 2.000000 0.000000 0.000000 0.000000 0.000000 0.000000 0.000000 0.000000 0.000000 0.000000 0.000000 0.000000 0.000000
