0 0.489000 0.683736 0.249344 0.599472 0.521875 0.450000 2.000000 0.000000 0.000000 0.000000 0.000000 0.000000 0.000000 0.000000 0.000000 0.000000 0.000000 0.000000 0.000000 0.448437 0.500000 2.000000 0.498437 0.461111 2.000000 0.432812 0.591667 2.000000 0.535937 0.516667 2.000000 0.000000 0.000000 0.000000 0.000000 0.000000 0.000000 0.451562 0.636111 2.000000 0.471875 0.647222 2.000000 0.476562 0.830556 2.000000 0.545312 0.777778 2.000000 0.390625 0.913889 2.000000 0.570312 0.936111 2.000000
0 0.132094 0.713486 0.180750 0.483139 0.206250 0.541667 2.000000 0.000000 0.000000 0.000000 0.196875 0.525000 2.000000 0.000000 0.000000 0.000000 0.176563 0.530556 2.000000 0.193750 0.594444 2.000000 0.153125 0.561111 2.000000 0.000000 0.000000 0.000000 0.095312 0.630556 2.000000 0.000000 0.000000 0.000000 0.109375 0.727778 2.000000 0.120313 0.702778 2.000000 0.071875 0.700000 2.000000 0.178125 0.741667 2.000000 0.117188 0.755556 2.000000 0.157812 0.897222 2.000000 0.078125 0.908333 2.000000
0 0.311383 0.407361 0.053359 0.157500 0.310937 0.375000 2.000000 0.315625 0.366667 2.000000 0.306250 0.369444 2.000000 0.329688 0.375000 2.000000 0.000000 0.000000 0.000000 0.346875 0.425000 1.000000 0.295312 0.436111 2.000000 0.000000 0.000000 0.000000 0.000000 0.000000 0.000000 0.000000 0.000000 0.000000 0.000000 0.000000 0.000000 0.000000 0.000000 0.000000 0.000000 0.000000 0.000000 0.000000 0.000000 0.000000 0.000000 0.000000 0.000000 0.000000 0.000000 0.000000 0.000000 0.000000 0.000000
0 0.357094 0.442708 0.087219 0.107861 0.356250 0.438889 2.000000 0.360938 0.430556 2.000000 0.350000 0.430556 2.000000 0.000000 0.000000 0.000000 0.339062 0.433333 2.000000 0.379688 0.472222 2.000000 0.326562 0.475000 2.000000 0.000000 0.000000 0.000000 0.000000 0.000000 0.000000 0.000000 0.000000 0.000000 0.000000 0.000000 0.000000 0.000000 0.000000 0.000000 0.000000 0.000000 0.000000 0.000000 0.000000 0.000000 0.000000 0.000000 0.000000 0.000000 0.000000 0.000000 0.000000 0.000000 0.000000
0 0.189609 0.096625 0.096062 0.148306 0.193750 0.077778 2.000000 0.198437 0.069444 2.000000 0.187500 0.066667 2.000000 0.000000 0.000000 0.000000 0.171875 0.066667 1.000000 0.209375 0.105556 2.000000 0.157812 0.122222 2.000000 0.234375 0.175000 1.000000 0.156250 0.197222 1.000000 0.000000 0.000000 0.000000 0.000000 0.000000 0.000000 0.214062 0.200000 1.000000 0.179688 0.211111 1.000000 0.000000 0.000000 0.000000 0.000000 0.000000 0.000000 0.000000 0.000000 0.000000 0.000000 0.000000 0.000000
0 0.420437 0.404889 0.100719 0.152500 0.404687 0.383333 2.000000 0.412500 0.372222 2.000000 0.404687 0.372222 2.000000 0.426563 0.380556 2.000000 0.000000 0.000000 0.000000 0.442188 0.425000 2.000000 0.395313 0.425000 1.000000 0.000000 0.000000 0.000000 0.000000 0.000000 0.000000 0.000000 0.000000 0.000000 0.000000 0.000000 0.000000 0.435937 0.519444 1.000000 0.403125 0.519444 1.000000 0.000000 0.000000 0.000000 0.000000 0.000000 0.000000 0.000000 0.000000 0.000000 0.000000 0.000000 0.000000
0 0.302734 0.104486 0.109969 0.132583 0.298438 0.086111 2.000000 0.300000 0.077778 2.000000 0.289062 0.077778 2.000000 0.000000 0.000000 0.000000 0.275000 0.080556 2.000000 0.329688 0.119444 2.000000 0.260937 0.125000 2.000000 0.351562 0.172222 1.000000 0.267188 0.186111 1.000000 0.312500 0.150000 2.000000 0.000000 0.000000 0.000000 0.000000 0.000000 0.000000 0.000000 0.000000 0.000000 0.000000 0.000000 0.000000 0.000000 0.000000 0.000000 0.000000 0.000000 0.000000 0.000000 0.000000 0.000000
0 0.978883 0.245500 0.042234 0.254500 0.000000 0.000000 0.000000 0.000000 0.000000 0.000000 0.995313 0.169444 2.000000 0.000000 0.000000 0.000000 0.985938 0.172222 2.000000 0.000000 0.000000 0.000000 0.973437 0.222222 2.000000 0.000000 0.000000 0.000000 0.964063 0.275000 2.000000 0.000000 0.000000 0.000000 0.970313 0.325000 2.000000 0.000000 0.000000 0.000000 0.000000 0.000000 0.000000 0.000000 0.000000 0.000000 0.000000 0.000000 0.000000 0.000000 0.000000 0.000000 0.000000 0.000000 0.000000
0 0.101125 0.101125 0.091000 0.193250 0.100000 0.066667 2.000000 0.104688 0.052778 2.000000 0.093750 0.055556 2.000000 0.112500 0.055556 2.000000 0.081250 0.061111 1.000000 0.126562 0.102778 2.000000 0.070312 0.111111 2.000000 0.139063 0.177778 1.000000 0.067187 0.186111 2.000000 0.000000 0.000000 0.000000 0.000000 0.000000 0.000000 0.123438 0.244444 1.000000 0.085938 0.244444 1.000000 0.000000 0.000000 0.000000 0.000000 0.000000 0.000000 0.000000 0.000000 0.000000 0.000000 0.000000 0.000000
0 0.221164 0.412569 0.077109 0.134528 0.206250 0.388889 2.000000 0.212500 0.380556 2.000000 0.000000 0.000000 0.000000 0.229687 0.386111 2.000000 0.000000 0.000000 0.000000 0.248438 0.422222 2.000000 0.195312 0.425000 2.000000 0.000000 0.000000 0.000000 0.193750 0.491667 1.000000 0.000000 0.000000 0.000000 0.000000 0.000000 0.000000 0.000000 0.000000 0.000000 0.000000 0.000000 0.000000 0.000000 0.000000 0.000000 0.000000 0.000000 0.000000 0.000000 0.000000 0.000000 0.000000 0.000000 0.000000
