0 0.318625 0.624710 0.065687 0.398764 0.314063 0.482625 2.000000 0.318750 0.478764 2.000000 0.309375 0.474903 2.000000 0.326562 0.471042 2.000000 0.300000 0.471042 2.000000 0.335938 0.536680 2.000000 0.296875 0.536680 2.000000 0.343750 0.613900 2.000000 0.295312 0.610039 2.000000 0.346875 0.675676 2.000000 0.309375 0.660232 2.000000 0.331250 0.656371 2.000000 0.303125 0.652510 2.000000 0.339062 0.710425 2.000000 0.306250 0.718147 2.000000 0.321875 0.826255 1.000000 0.317188 0.818533 1.000000
0 0.080031 0.364054 0.080031 0.292124 0.087500 0.281853 2.000000 0.090625 0.270270 2.000000 0.082812 0.270270 2.000000 0.096875 0.270270 2.000000 0.075000 0.266409 1.000000 0.107813 0.343629 2.000000 0.059375 0.347490 2.000000 0.000000 0.000000 0.000000 0.053125 0.428571 2.000000 0.000000 0.000000 0.000000 0.068750 0.505792 1.000000 0.104688 0.525097 1.000000 0.065625 0.525097 1.000000 0.000000 0.000000 0.000000 0.000000 0.000000 0.000000 0.000000 0.000000 0.000000 0.000000 0.000000 0.000000
0 0.083664 0.639324 0.069109 0.465135 0.079687 0.451737 2.000000 0.082812 0.444015 2.000000 0.075000 0.444015 2.000000 0.093750 0.444015 2.000000 0.070312 0.447876 1.000000 0.100000 0.501931 2.000000 0.065625 0.505792 2.000000 0.104688 0.567568 2.000000 0.060937 0.571429 2.000000 0.075000 0.567568 2.000000 0.082812 0.579151 2.000000 0.096875 0.637066 2.000000 0.068750 0.640927 2.000000 0.100000 0.698842 2.000000 0.065625 0.694981 2.000000 0.073438 0.818533 2.000000 0.079687 0.799228 2.000000
0 0.563250 0.602568 0.065812 0.277490 0.564063 0.525097 2.000000 0.567187 0.513514 2.000000 0.559375 0.513514 2.000000 0.575000 0.509653 2.000000 0.551562 0.513514 2.000000 0.582812 0.559846 2.000000 0.539062 0.555985 2.000000 0.587500 0.660232 2.000000 0.537500 0.656371 2.000000 0.556250 0.648649 2.000000 0.565625 0.644788 2.000000 0.576562 0.671815 1.000000 0.546875 0.671815 2.000000 0.578125 0.710425 2.000000 0.546875 0.710425 2.000000 0.000000 0.000000 0.000000 0.000000 0.000000 0.000000
0 0.645055 0.415985 0.070047 0.316525 0.646875 0.312741 2.000000 0.653125 0.301158 2.000000 0.640625 0.301158 2.000000 0.657813 0.312741 2.000000 0.635938 0.312741 2.000000 0.667188 0.374517 2.000000 0.623437 0.374517 2.000000 0.676562 0.467181 1.000000 0.615625 0.463320 1.000000 0.000000 0.000000 0.000000 0.000000 0.000000 0.000000 0.656250 0.478764 2.000000 0.632812 0.471042 2.000000 0.000000 0.000000 0.000000 0.000000 0.000000 0.000000 0.000000 0.000000 0.000000 0.000000 0.000000 0.000000
0 0.570547 0.420927 0.076500 0.289730 0.573438 0.339768 2.000000 0.578125 0.332046 2.000000 0.568750 0.332046 2.000000 0.584375 0.332046 2.000000 0.560937 0.332046 2.000000 0.595313 0.397683 1.000000 0.548438 0.397683 2.000000 0.601562 0.494208 2.000000 0.545312 0.471042 2.000000 0.000000 0.000000 0.000000 0.000000 0.000000 0.000000 0.000000 0.000000 0.000000 0.000000 0.000000 0.000000 0.000000 0.000000 0.000000 0.000000 0.000000 0.000000 0.000000 0.000000 0.000000 0.000000 0.000000 0.000000
0 0.260039 0.591641 0.059203 0.318649 0.259375 0.501931 2.000000 0.262500 0.494208 2.000000 0.254688 0.494208 2.000000 0.273438 0.482625 2.000000 0.246875 0.486486 2.000000 0.278125 0.552124 2.000000 0.239063 0.536680 2.000000 0.279687 0.625483 2.000000 0.239063 0.617761 2.000000 0.248438 0.625483 2.000000 0.257812 0.621622 2.000000 0.270313 0.640927 2.000000 0.246875 0.644788 2.000000 0.281250 0.679537 1.000000 0.243750 0.694981 2.000000 0.000000 0.000000 0.000000 0.000000 0.000000 0.000000
0 0.208445 0.384189 0.061953 0.307761 0.209375 0.289575 2.000000 0.215625 0.277992 2.000000 0.206250 0.277992 2.000000 0.223438 0.270270 2.000000 0.200000 0.274131 2.000000 0.234375 0.343629 2.000000 0.184375 0.343629 2.000000 0.000000 0.000000 0.000000 0.000000 0.000000 0.000000 0.000000 0.000000 0.000000 0.000000 0.000000 0.000000 0.000000 0.000000 0.000000 0.000000 0.000000 0.000000 0.000000 0.000000 0.000000 0.000000 0.000000 0.000000 0.000000 0.000000 0.000000 0.000000 0.000000 0.000000
0 0.399195 0.283958 0.056953 0.355560 0.404687 0.173745 2.000000 0.407813 0.162162 2.000000 0.401562 0.162162 2.000000 0.410938 0.166023 2.000000 0.390625 0.158301 2.000000 0.420312 0.223938 2.000000 0.376563 0.220077 2.000000 0.425000 0.308880 2.000000 0.368750 0.305019 1.000000 0.000000 0.000000 0.000000 0.370312 0.374517 1.000000 0.403125 0.370656 2.000000 0.382812 0.366795 2.000000 0.000000 0.000000 0.000000 0.000000 0.000000 0.000000 0.000000 0.000000 0.000000 0.000000 0.000000 0.000000
0 0.975289 0.384846 0.049422 0.257799 0.995313 0.328185 2.000000 0.000000 0.000000 0.000000 0.990625 0.316602 2.000000 0.000000 0.000000 0.000000 0.982812 0.312741 2.000000 0.000000 0.000000 0.000000 0.962500 0.382239 2.000000 0.000000 0.000000 0.000000 0.959375 0.501931 2.000000 0.000000 0.000000 0.000000 0.000000 0.000000 0.000000 0.000000 0.000000 0.000000 0.978125 0.544402 1.000000 0.000000 0.000000 0.000000 0.000000 0.000000 0.000000 0.000000 0.000000 0.000000 0.000000 0.000000 0.000000
0 0.711555 0.415212 0.074047 0.303552 0.717187 0.305019 2.000000 0.720313 0.297297 2.000000 0.714063 0.293436 2.000000 0.729688 0.308880 2.000000 0.704688 0.297297 1.000000 0.735938 0.374517 2.000000 0.690625 0.374517 2.000000 0.743750 0.455598 2.000000 0.681250 0.459459 2.000000 0.728125 0.509653 2.000000 0.703125 0.521236 2.000000 0.729688 0.540541 2.000000 0.696875 0.536680 1.000000 0.000000 0.000000 0.000000 0.000000 0.000000 0.000000 0.000000 0.000000 0.000000 0.000000 0.000000 0.000000
