0 0.657305 0.630344 0.360672 0.716854 0.000000 0.000000 0.000000 0.000000 0.000000 0.000000 0.000000 0.000000 0.000000 0.587500 0.389583 2.000000 0.682813 0.385417 2.000000 0.562500 0.537500 2.000000 0.746875 0.527083 2.000000 0.526563 0.754167 2.000000 0.798438 0.720833 2.000000 0.510938 0.910417 2.000000 0.787500 0.862500 2.000000 0.604688 0.908333 2.000000 0.707812 0.902083 2.000000 0.000000 0.000000 0.000000 0.000000 0.000000 0.000000 0.000000 0.000000 0.000000 0.000000 0.000000 0.000000
0 0.536438 0.482625 0.104906 0.280958 0.000000 0.000000 0.000000 0.000000 0.000000 0.000000 0.000000 0.000000 0.000000 0.000000 0.000000 0.000000 0.554688 0.387500 2.000000 0.512500 0.422917 2.000000 0.571875 0.425000 2.000000 0.493750 0.483333 2.000000 0.584375 0.489583 1.000000 0.490625 0.535417 2.000000 0.000000 0.000000 0.000000 0.517188 0.545833 2.000000 0.556250 0.545833 1.000000 0.520312 0.620833 1.000000 0.556250 0.618750 1.000000 0.000000 0.000000 0.000000 0.000000 0.000000 0.000000
0 0.404492 0.589885 0.141578 0.519104 0.000000 0.000000 0.000000 0.387500 0.356250 2.000000 0.000000 0.000000 0.000000 0.398438 0.354167 2.000000 0.000000 0.000000 0.000000 0.370312 0.412500 2.000000 0.456250 0.412500 1.000000 0.346875 0.491667 2.000000 0.481250 0.491667 1.000000 0.346875 0.577083 1.000000 0.000000 0.000000 0.000000 0.384375 0.581250 2.000000 0.431250 0.581250 2.000000 0.387500 0.685417 2.000000 0.429688 0.695833 2.000000 0.392188 0.795833 2.000000 0.417187 0.816667 2.000000
0 0.887359 0.668542 0.197188 0.640458 0.000000 0.000000 0.000000 0.000000 0.000000 0.000000 0.000000 0.000000 0.000000 0.842187 0.437500 2.000000 0.904687 0.437500 2.000000 0.821875 0.537500 2.000000 0.940625 0.539583 2.000000 0.782813 0.670833 1.000000 0.967187 0.693750 2.000000 0.000000 0.000000 0.000000 0.978125 0.808333 1.000000 0.832812 0.812500 2.000000 0.925000 0.810417 2.000000 0.000000 0.000000 0.000000 0.000000 0.000000 0.000000 0.000000 0.000000 0.000000 0.000000 0.000000 0.000000
0 0.272922 0.622396 0.126906 0.483333 0.303125 0.420833 2.000000 0.000000 0.000000 0.000000 0.296875 0.412500 2.000000 0.000000 0.000000 0.000000 0.279687 0.416667 2.000000 0.226562 0.456250 2.000000 0.296875 0.466667 2.000000 0.000000 0.000000 0.000000 0.339062 0.564583 1.000000 0.000000 0.000000 0.000000 0.332813 0.650000 1.000000 0.239063 0.600000 2.000000 0.289062 0.600000 2.000000 0.245312 0.712500 2.000000 0.290625 0.697917 2.000000 0.228125 0.789583 2.000000 0.292187 0.802083 2.000000
0 0.067414 0.574167 0.134828 0.465167 0.000000 0.000000 0.000000 0.000000 0.000000 0.000000 0.000000 0.000000 0.000000 0.000000 0.000000 0.000000 0.045312 0.385417 2.000000 0.000000 0.000000 0.000000 0.050000 0.437500 2.000000 0.000000 0.000000 0.000000 0.079687 0.541667 2.000000 0.000000 0.000000 0.000000 0.107813 0.633333 2.000000 0.000000 0.000000 0.000000 0.056250 0.614583 2.000000 0.000000 0.000000 0.000000 0.079687 0.708333 2.000000 0.000000 0.000000 0.000000 0.000000 0.000000 0.000000
0 0.807109 0.437406 0.096094 0.178021 0.000000 0.000000 0.000000 0.000000 0.000000 0.000000 0.000000 0.000000 0.000000 0.796875 0.387500 2.000000 0.831250 0.389583 2.000000 0.781250 0.437500 2.000000 0.840625 0.433333 2.000000 0.767188 0.502083 1.000000 0.000000 0.000000 0.000000 0.000000 0.000000 0.000000 0.000000 0.000000 0.000000 0.796875 0.545833 1.000000 0.835938 0.543750 1.000000 0.000000 0.000000 0.000000 0.000000 0.000000 0.000000 0.000000 0.000000 0.000000 0.000000 0.000000 0.000000
0 0.183117 0.578052 0.090266 0.371479 0.000000 0.000000 0.000000 0.000000 0.000000 0.000000 0.000000 0.000000 0.000000 0.000000 0.000000 0.000000 0.000000 0.000000 0.000000 0.154688 0.464583 1.000000 0.201563 0.458333 2.000000 0.000000 0.000000 0.000000 0.000000 0.000000 0.000000 0.000000 0.000000 0.000000 0.000000 0.000000 0.000000 0.168750 0.577083 2.000000 0.203125 0.566667 2.000000 0.168750 0.635417 2.000000 0.214062 0.637500 2.000000 0.193750 0.712500 2.000000 0.192188 0.704167 2.000000
0 0.754797 0.470500 0.096312 0.183292 0.000000 0.000000 0.000000 0.000000 0.000000 0.000000 0.000000 0.000000 0.000000 0.726562 0.447917 2.000000 0.000000 0.000000 0.000000 0.709375 0.500000 1.000000 0.778125 0.502083 2.000000 0.000000 0.000000 0.000000 0.000000 0.000000 0.000000 0.000000 0.000000 0.000000 0.000000 0.000000 0.000000 0.000000 0.000000 0.000000 0.000000 0.000000 0.000000 0.000000 0.000000 0.000000 0.000000 0.000000 0.000000 0.000000 0.000000 0.000000 0.000000 0.000000 0.000000
0 0.699508 0.413188 0.052922 0.126167 0.000000 0.000000 0.000000 0.000000 0.000000 0.000000 0.000000 0.000000 0.000000 0.689063 0.377083 2.000000 0.000000 0.000000 0.000000 0.676562 0.422917 2.000000 0.723437 0.414583 1.000000 0.000000 0.000000 0.000000 0.000000 0.000000 0.000000 0.000000 0.000000 0.000000 0.000000 0.000000 0.000000 0.000000 0.000000 0.000000 0.000000 0.000000 0.000000 0.000000 0.000000 0.000000 0.000000 0.000000 0.000000 0.000000 0.000000 0.000000 0.000000 0.000000 0.000000
0 0.103297 0.575115 0.075687 0.370271 0.000000 0.000000 0.000000 0.000000 0.000000 0.000000 0.000000 0.000000 0.000000 0.000000 0.000000 0.000000 0.109375 0.418750 2.000000 0.071875 0.450000 1.000000 0.103125 0.445833 2.000000 0.000000 0.000000 0.000000 0.128125 0.508333 2.000000 0.000000 0.000000 0.000000 0.106250 0.518750 2.000000 0.076563 0.531250 1.000000 0.098437 0.531250 2.000000 0.078125 0.604167 1.000000 0.106250 0.602083 1.000000 0.076563 0.658333 1.000000 0.109375 0.656250 1.000000
