0 0.406055 0.083410 0.133484 0.166820 0.446875 0.057471 2.000000 0.456250 0.049808 2.000000 0.439063 0.040230 1.000000 0.000000 0.000000 0.000000 0.000000 0.000000 0.000000 0.464062 0.111111 2.000000 0.356250 0.113027 2.000000 0.465625 0.210728 1.000000 0.335938 0.206897 1.000000 0.000000 0.000000 0.000000 0.000000 0.000000 0.000000 0.000000 0.000000 0.000000 0.000000 0.000000 0.000000 0.000000 0.000000 0.000000 0.000000 0.000000 0.000000 0.000000 0.000000 0.000000 0.000000 0.000000 0.000000
0 0.781453 0.123860 0.145844 0.234693 0.796875 0.063218 2.000000 0.803125 0.049808 2.000000 0.787500 0.047893 2.000000 0.000000 0.000000 0.000000 0.764062 0.055556 2.000000 0.825000 0.126437 2.000000 0.731250 0.120690 2.000000 0.825000 0.201149 2.000000 0.717187 0.197318 2.000000 0.000000 0.000000 0.000000 0.000000 0.000000 0.000000 0.000000 0.000000 0.000000 0.000000 0.000000 0.000000 0.000000 0.000000 0.000000 0.000000 0.000000 0.000000 0.000000 0.000000 0.000000 0.000000 0.000000 0.000000
0 0.250992 0.106523 0.190891 0.213046 0.265625 0.040230 2.000000 0.281250 0.032567 2.000000 0.250000 0.030651 2.000000 0.289062 0.040230 2.000000 0.231250 0.034483 1.000000 0.306250 0.084291 2.000000 0.203125 0.078544 2.000000 0.326562 0.193487 1.000000 0.171875 0.164751 2.000000 0.000000 0.000000 0.000000 0.000000 0.000000 0.000000 0.289062 0.229885 1.000000 0.217188 0.227969 1.000000 0.000000 0.000000 0.000000 0.000000 0.000000 0.000000 0.000000 0.000000 0.000000 0.000000 0.000000 0.000000
0 0.526953 0.077356 0.082969 0.124215 0.535937 0.080460 2.000000 0.545312 0.065134 2.000000 0.523438 0.068966 2.000000 0.559375 0.067050 2.000000 0.504687 0.074713 2.000000 0.570312 0.113027 1.000000 0.492188 0.113027 2.000000 0.000000 0.000000 0.000000 0.000000 0.000000 0.000000 0.000000 0.000000 0.000000 0.000000 0.000000 0.000000 0.000000 0.000000 0.000000 0.000000 0.000000 0.000000 0.000000 0.000000 0.000000 0.000000 0.000000 0.000000 0.000000 0.000000 0.000000 0.000000 0.000000 0.000000
0 0.524508 0.204215 0.091703 0.170766 0.531250 0.174330 2.000000 0.543750 0.159004 2.000000 0.520312 0.155172 2.000000 0.554688 0.172414 1.000000 0.500000 0.160920 2.000000 0.545312 0.245211 2.000000 0.481250 0.226054 1.000000 0.000000 0.000000 0.000000 0.000000 0.000000 0.000000 0.000000 0.000000 0.000000 0.000000 0.000000 0.000000 0.000000 0.000000 0.000000 0.000000 0.000000 0.000000 0.000000 0.000000 0.000000 0.000000 0.000000 0.000000 0.000000 0.000000 0.000000 0.000000 0.000000 0.000000
0 0.798219 0.519186 0.309750 0.633544 0.748437 0.270115 2.000000 0.762500 0.256705 2.000000 0.739062 0.254789 2.000000 0.784375 0.256705 2.000000 0.715625 0.250958 2.000000 0.834375 0.335249 2.000000 0.689063 0.329502 2.000000 0.848437 0.471264 2.000000 0.667188 0.475096 1.000000 0.000000 0.000000 0.000000 0.000000 0.000000 0.000000 0.809375 0.511494 2.000000 0.706250 0.517241 1.000000 0.853125 0.584291 2.000000 0.629687 0.567050 1.000000 0.923438 0.793103 2.000000 0.593750 0.789272 1.000000
0 0.432484 0.552366 0.315594 0.721092 0.487500 0.287356 2.000000 0.501563 0.281609 2.000000 0.478125 0.268199 2.000000 0.000000 0.000000 0.000000 0.448437 0.262452 2.000000 0.460938 0.360153 2.000000 0.409375 0.304598 2.000000 0.440625 0.513410 2.000000 0.490625 0.417625 2.000000 0.551562 0.469349 2.000000 0.564063 0.469349 2.000000 0.393750 0.561303 2.000000 0.331250 0.522989 2.000000 0.410938 0.739464 1.000000 0.387500 0.662835 2.000000 0.346875 0.789272 2.000000 0.375000 0.860153 2.000000
0 0.251586 0.800393 0.474953 0.399215 0.000000 0.000000 0.000000 0.000000 0.000000 0.000000 0.000000 0.000000 0.000000 0.068750 0.662835 2.000000 0.121875 0.659004 2.000000 0.065625 0.714559 2.000000 0.168750 0.701149 2.000000 0.053125 0.764368 2.000000 0.000000 0.000000 0.000000 0.051562 0.883142 2.000000 0.000000 0.000000 0.000000 0.175000 0.840996 2.000000 0.262500 0.808429 2.000000 0.000000 0.000000 0.000000 0.379688 0.967433 2.000000 0.000000 0.000000 0.000000 0.000000 0.000000 0.000000
0 0.123539 0.196197 0.175516 0.217146 0.129688 0.139847 2.000000 0.139063 0.126437 2.000000 0.117188 0.124521 2.000000 0.150000 0.132184 2.000000 0.098437 0.132184 2.000000 0.176563 0.216475 2.000000 0.070312 0.214559 2.000000 0.193750 0.312261 1.000000 0.056250 0.316092 1.000000 0.000000 0.000000 0.000000 0.000000 0.000000 0.000000 0.000000 0.000000 0.000000 0.000000 0.000000 0.000000 0.000000 0.000000 0.000000 0.000000 0.000000 0.000000 0.000000 0.000000 0.000000 0.000000 0.000000 0.000000
0 0.887266 0.161111 0.081594 0.184559 0.884375 0.124521 2.000000 0.890625 0.113027 2.000000 0.873437 0.113027 2.000000 0.912500 0.114943 2.000000 0.865625 0.124521 2.000000 0.950000 0.189655 1.000000 0.853125 0.191571 2.000000 0.000000 0.000000 0.000000 0.848437 0.254789 1.000000 0.000000 0.000000 0.000000 0.000000 0.000000 0.000000 0.000000 0.000000 0.000000 0.000000 0.000000 0.000000 0.000000 0.000000 0.000000 0.000000 0.000000 0.000000 0.000000 0.000000 0.000000 0.000000 0.000000 0.000000
0 0.050336 0.138975 0.088766 0.217682 0.040625 0.090038 2.000000 0.050000 0.076628 2.000000 0.026562 0.076628 2.000000 0.067187 0.074713 1.000000 0.010937 0.078544 1.000000 0.089063 0.149425 2.000000 0.000000 0.000000 0.000000 0.000000 0.000000 0.000000 0.003125 0.210728 1.000000 0.000000 0.000000 0.000000 0.000000 0.000000 0.000000 0.000000 0.000000 0.000000 0.000000 0.000000 0.000000 0.000000 0.000000 0.000000 0.000000 0.000000 0.000000 0.000000 0.000000 0.000000 0.000000 0.000000 0.000000
0 0.579625 0.170642 0.081063 0.236533 0.595313 0.093870 2.000000 0.607812 0.082375 2.000000 0.587500 0.084291 2.000000 0.000000 0.000000 0.000000 0.571875 0.084291 1.000000 0.629687 0.149425 1.000000 0.564063 0.145594 2.000000 0.000000 0.000000 0.000000 0.000000 0.000000 0.000000 0.000000 0.000000 0.000000 0.000000 0.000000 0.000000 0.612500 0.293103 1.000000 0.560937 0.291188 1.000000 0.000000 0.000000 0.000000 0.000000 0.000000 0.000000 0.000000 0.000000 0.000000 0.000000 0.000000 0.000000
0 0.680836 0.617002 0.296328 0.480632 0.664062 0.438697 2.000000 0.678125 0.429119 2.000000 0.653125 0.427203 2.000000 0.696875 0.431034 2.000000 0.632812 0.429119 2.000000 0.723437 0.501916 2.000000 0.606250 0.498084 2.000000 0.751563 0.578544 2.000000 0.582812 0.576628 2.000000 0.740625 0.603448 2.000000 0.587500 0.611111 2.000000 0.704688 0.672414 2.000000 0.635938 0.672414 2.000000 0.773438 0.599617 2.000000 0.560937 0.647510 2.000000 0.792188 0.808429 2.000000 0.585938 0.779693 2.000000
