0 0.363984 0.574320 0.491937 0.851360 0.467187 0.274788 2.000000 0.000000 0.000000 0.000000 0.448437 0.246459 2.000000 0.000000 0.000000 0.000000 0.407813 0.246459 2.000000 0.337500 0.271955 2.000000 0.421875 0.382436 2.000000 0.248438 0.371105 2.000000 0.478125 0.521246 2.000000 0.226562 0.495751 2.000000 0.556250 0.617564 2.000000 0.215625 0.597734 2.000000 0.259375 0.648725 2.000000 0.178125 0.875354 2.000000 0.334375 0.906516 2.000000 0.000000 0.000000 0.000000 0.000000 0.000000 0.000000
0 0.048336 0.423598 0.094203 0.555071 0.028125 0.201133 2.000000 0.029687 0.189802 2.000000 0.021875 0.189802 2.000000 0.000000 0.000000 0.000000 0.004687 0.192635 2.000000 0.021875 0.252125 2.000000 0.000000 0.000000 0.000000 0.045312 0.320113 2.000000 0.000000 0.000000 0.000000 0.064062 0.354108 2.000000 0.000000 0.000000 0.000000 0.023438 0.422096 2.000000 0.000000 0.000000 0.000000 0.000000 0.000000 0.000000 0.031250 0.529745 2.000000 0.000000 0.000000 0.000000 0.053125 0.662890 2.000000
0 0.841227 0.377309 0.229359 0.744363 0.000000 0.000000 0.000000 0.000000 0.000000 0.000000 0.000000 0.000000 0.000000 0.834375 0.076487 2.000000 0.000000 0.000000 0.000000 0.843750 0.141643 2.000000 0.892188 0.127479 2.000000 0.803125 0.263456 2.000000 0.921875 0.195467 2.000000 0.748437 0.308782 2.000000 0.904687 0.288952 2.000000 0.857812 0.342776 2.000000 0.839063 0.339943 2.000000 0.884375 0.518414 2.000000 0.828125 0.518414 2.000000 0.928125 0.688385 2.000000 0.798438 0.688385 2.000000
0 0.671789 0.334830 0.071891 0.152833 0.000000 0.000000 0.000000 0.000000 0.000000 0.000000 0.000000 0.000000 0.000000 0.000000 0.000000 0.000000 0.000000 0.000000 0.000000 0.678125 0.311615 2.000000 0.000000 0.000000 0.000000 0.651563 0.351275 2.000000 0.000000 0.000000 0.000000 0.640625 0.390935 2.000000 0.000000 0.000000 0.000000 0.685937 0.390935 2.000000 0.000000 0.000000 0.000000 0.650000 0.365439 2.000000 0.000000 0.000000 0.000000 0.000000 0.000000 0.000000 0.000000 0.000000 0.000000
0 0.140055 0.270779 0.049578 0.357309 0.000000 0.000000 0.000000 0.000000 0.000000 0.000000 0.000000 0.000000 0.000000 0.128125 0.118980 2.000000 0.000000 0.000000 0.000000 0.132812 0.158640 2.000000 0.150000 0.150142 2.000000 0.118750 0.223796 2.000000 0.000000 0.000000 0.000000 0.000000 0.000000 0.000000 0.000000 0.000000 0.000000 0.135937 0.288952 2.000000 0.153125 0.288952 2.000000 0.132812 0.382436 2.000000 0.150000 0.379603 2.000000 0.000000 0.000000 0.000000 0.000000 0.000000 0.000000
0 0.149078 0.499547 0.102094 0.224249 0.000000 0.000000 0.000000 0.000000 0.000000 0.000000 0.000000 0.000000 0.000000 0.000000 0.000000 0.000000 0.167187 0.416431 2.000000 0.132812 0.456091 2.000000 0.185938 0.450425 2.000000 0.123438 0.546742 2.000000 0.193750 0.546742 2.000000 0.148438 0.543909 2.000000 0.000000 0.000000 0.000000 0.157812 0.600567 2.000000 0.190625 0.592068 2.000000 0.104688 0.549575 2.000000 0.000000 0.000000 0.000000 0.000000 0.000000 0.000000 0.000000 0.000000 0.000000
0 0.309180 0.209660 0.049641 0.180907 0.000000 0.000000 0.000000 0.000000 0.000000 0.000000 0.000000 0.000000 0.000000 0.000000 0.000000 0.000000 0.000000 0.000000 0.000000 0.295312 0.169972 2.000000 0.320312 0.175637 2.000000 0.289062 0.209632 2.000000 0.326562 0.223796 2.000000 0.289062 0.254958 2.000000 0.329688 0.254958 2.000000 0.298438 0.232295 2.000000 0.315625 0.232295 2.000000 0.000000 0.000000 0.000000 0.000000 0.000000 0.000000 0.000000 0.000000 0.000000 0.000000 0.000000 0.000000
0 0.483648 0.255552 0.066828 0.359263 0.000000 0.000000 0.000000 0.000000 0.000000 0.000000 0.000000 0.000000 0.000000 0.000000 0.000000 0.000000 0.000000 0.000000 0.000000 0.489063 0.141643 2.000000 0.467187 0.144476 2.000000 0.509375 0.189802 2.000000 0.451562 0.186969 1.000000 0.507812 0.240793 2.000000 0.457813 0.138810 1.000000 0.489063 0.235127 2.000000 0.468750 0.246459 1.000000 0.498437 0.311615 2.000000 0.465625 0.320113 2.000000 0.496875 0.385269 2.000000 0.465625 0.373938 2.000000
0 0.597820 0.386969 0.160984 0.752918 0.000000 0.000000 0.000000 0.554688 0.065156 2.000000 0.000000 0.000000 0.000000 0.560937 0.082153 2.000000 0.000000 0.000000 0.000000 0.564063 0.158640 2.000000 0.621875 0.152975 2.000000 0.564063 0.266289 2.000000 0.632812 0.280453 2.000000 0.554688 0.376771 2.000000 0.000000 0.000000 0.000000 0.576562 0.390935 2.000000 0.625000 0.393768 2.000000 0.556250 0.575071 2.000000 0.612500 0.543909 2.000000 0.554688 0.705382 2.000000 0.654687 0.685552 2.000000
0 0.939758 0.227819 0.048578 0.335071 0.000000 0.000000 0.000000 0.000000 0.000000 0.000000 0.000000 0.000000 0.000000 0.000000 0.000000 0.000000 0.000000 0.000000 0.000000 0.923438 0.116147 2.000000 0.951562 0.116147 2.000000 0.915625 0.169972 1.000000 0.959375 0.169972 2.000000 0.000000 0.000000 0.000000 0.000000 0.000000 0.000000 0.929688 0.198300 1.000000 0.946875 0.195467 2.000000 0.925000 0.294618 1.000000 0.943750 0.291785 2.000000 0.928125 0.390935 1.000000 0.946875 0.390935 2.000000
0 0.723656 0.413739 0.145219 0.157960 0.000000 0.000000 0.000000 0.000000 0.000000 0.000000 0.000000 0.000000 0.000000 0.000000 0.000000 0.000000 0.000000 0.000000 0.000000 0.726562 0.371105 2.000000 0.764062 0.376771 2.000000 0.725000 0.433428 2.000000 0.776563 0.436261 2.000000 0.717187 0.490085 2.000000 0.793750 0.490085 1.000000 0.720313 0.487252 2.000000 0.745313 0.487252 1.000000 0.695312 0.413598 2.000000 0.000000 0.000000 0.000000 0.667188 0.475921 2.000000 0.000000 0.000000 0.000000
0 0.098594 0.308484 0.059219 0.357252 0.067187 0.172805 1.000000 0.071875 0.161473 2.000000 0.000000 0.000000 0.000000 0.089063 0.158640 2.000000 0.000000 0.000000 0.000000 0.101562 0.212465 2.000000 0.060937 0.209632 1.000000 0.118750 0.280453 2.000000 0.000000 0.000000 0.000000 0.103125 0.334278 2.000000 0.000000 0.000000 0.000000 0.107813 0.368272 2.000000 0.078125 0.368272 1.000000 0.110937 0.453258 2.000000 0.068750 0.461756 1.000000 0.150000 0.521246 1.000000 0.000000 0.000000 0.000000
