0 0.454563 0.341215 0.173313 0.563079 0.464062 0.201389 2.000000 0.471875 0.173611 2.000000 0.443750 0.187500 2.000000 0.000000 0.000000 0.000000 0.410938 0.159722 2.000000 0.493750 0.175926 2.000000 0.384375 0.287037 2.000000 0.515625 0.300926 2.000000 0.429688 0.458333 2.000000 0.532813 0.409722 2.000000 0.471875 0.564815 1.000000 0.496875 0.469907 2.000000 0.428125 0.504630 2.000000 0.000000 0.000000 0.000000 0.000000 0.000000 0.000000 0.000000 0.000000 0.000000 0.000000 0.000000 0.000000
0 0.321570 0.183148 0.091016 0.366296 0.321875 0.023148 2.000000 0.326562 0.016204 2.000000 0.315625 0.016204 2.000000 0.328125 0.018519 2.000000 0.304688 0.018519 2.000000 0.337500 0.057870 2.000000 0.295312 0.062500 2.000000 0.351562 0.120370 2.000000 0.290625 0.122685 2.000000 0.335938 0.152778 2.000000 0.317188 0.157407 2.000000 0.339062 0.194444 2.000000 0.315625 0.199074 2.000000 0.339062 0.266204 2.000000 0.315625 0.268519 2.000000 0.339062 0.326389 2.000000 0.320312 0.328704 2.000000
0 0.731125 0.278657 0.160781 0.391019 0.703125 0.189815 2.000000 0.717187 0.173611 2.000000 0.696875 0.166667 2.000000 0.743750 0.171296 2.000000 0.687500 0.150463 1.000000 0.779687 0.277778 2.000000 0.673438 0.215278 2.000000 0.782813 0.405093 2.000000 0.000000 0.000000 0.000000 0.000000 0.000000 0.000000 0.000000 0.000000 0.000000 0.704688 0.481481 1.000000 0.653125 0.414352 1.000000 0.000000 0.000000 0.000000 0.000000 0.000000 0.000000 0.000000 0.000000 0.000000 0.000000 0.000000 0.000000
0 0.378852 0.128981 0.059422 0.257963 0.379688 0.016204 2.000000 0.382812 0.009259 2.000000 0.375000 0.011574 2.000000 0.389062 0.009259 2.000000 0.367188 0.009259 1.000000 0.401562 0.055556 2.000000 0.359375 0.055556 2.000000 0.000000 0.000000 0.000000 0.353125 0.111111 1.000000 0.000000 0.000000 0.000000 0.376563 0.141204 2.000000 0.401562 0.157407 1.000000 0.370312 0.159722 2.000000 0.406250 0.222222 1.000000 0.376563 0.231481 1.000000 0.000000 0.000000 0.000000 0.000000 0.000000 0.000000
0 0.404391 0.800671 0.191562 0.378380 0.000000 0.000000 0.000000 0.000000 0.000000 0.000000 0.000000 0.000000 0.000000 0.346875 0.761574 2.000000 0.462500 0.754630 2.000000 0.320312 0.884259 1.000000 0.484375 0.879630 2.000000 0.000000 0.000000 0.000000 0.000000 0.000000 0.000000 0.000000 0.000000 0.000000 0.000000 0.000000 0.000000 0.000000 0.000000 0.000000 0.000000 0.000000 0.000000 0.000000 0.000000 0.000000 0.000000 0.000000 0.000000 0.000000 0.000000 0.000000 0.000000 0.000000 0.000000
0 0.088539 0.673750 0.174984 0.325926 0.000000 0.000000 0.000000 0.000000 0.000000 0.000000 0.112500 0.594907 2.000000 0.000000 0.000000 0.000000 0.084375 0.650463 2.000000 0.010937 0.759259 1.000000 0.145313 0.754630 2.000000 0.000000 0.000000 0.000000 0.165625 0.858796 1.000000 0.000000 0.000000 0.000000 0.000000 0.000000 0.000000 0.000000 0.000000 0.000000 0.000000 0.000000 0.000000 0.000000 0.000000 0.000000 0.000000 0.000000 0.000000 0.000000 0.000000 0.000000 0.000000 0.000000 0.000000
0 0.491680 0.699294 0.161859 0.362986 0.000000 0.000000 0.000000 0.000000 0.000000 0.000000 0.000000 0.000000 0.000000 0.414062 0.622685 1.000000 0.493750 0.627315 2.000000 0.379688 0.736111 1.000000 0.521875 0.722222 2.000000 0.000000 0.000000 0.000000 0.568750 0.831019 1.000000 0.000000 0.000000 0.000000 0.000000 0.000000 0.000000 0.000000 0.000000 0.000000 0.000000 0.000000 0.000000 0.000000 0.000000 0.000000 0.000000 0.000000 0.000000 0.000000 0.000000 0.000000 0.000000 0.000000 0.000000
0 0.230563 0.783148 0.221469 0.411250 0.000000 0.000000 0.000000 0.000000 0.000000 0.000000 0.000000 0.000000 0.000000 0.153125 0.703704 2.000000 0.254688 0.662037 2.000000 0.139063 0.865741 2.000000 0.293750 0.763889 2.000000 0.000000 0.000000 0.000000 0.000000 0.000000 0.000000 0.000000 0.000000 0.000000 0.000000 0.000000 0.000000 0.000000 0.000000 0.000000 0.000000 0.000000 0.000000 0.000000 0.000000 0.000000 0.000000 0.000000 0.000000 0.000000 0.000000 0.000000 0.000000 0.000000 0.000000
0 0.664484 0.156574 0.070563 0.310000 0.000000 0.000000 0.000000 0.000000 0.000000 0.000000 0.000000 0.000000 0.000000 0.668750 0.006944 2.000000 0.689063 0.006944 2.000000 0.667188 0.053241 2.000000 0.690625 0.039352 2.000000 0.662500 0.111111 2.000000 0.000000 0.000000 0.000000 0.646875 0.148148 2.000000 0.000000 0.000000 0.000000 0.000000 0.000000 0.000000 0.681250 0.129630 2.000000 0.000000 0.000000 0.000000 0.664062 0.201389 2.000000 0.000000 0.000000 0.000000 0.657813 0.268519 1.000000
0 0.220984 0.199803 0.099312 0.398218 0.204687 0.041667 2.000000 0.209375 0.034722 2.000000 0.198437 0.034722 2.000000 0.220312 0.037037 2.000000 0.000000 0.000000 0.000000 0.234375 0.069444 2.000000 0.182812 0.074074 2.000000 0.242188 0.127315 2.000000 0.178125 0.138889 2.000000 0.000000 0.000000 0.000000 0.000000 0.000000 0.000000 0.235937 0.189815 2.000000 0.204687 0.196759 2.000000 0.239063 0.268519 2.000000 0.210938 0.275463 2.000000 0.243750 0.344907 2.000000 0.214062 0.354167 2.000000
0 0.563937 0.545185 0.089781 0.199074 0.000000 0.000000 0.000000 0.000000 0.000000 0.000000 0.000000 0.000000 0.000000 0.525000 0.571759 2.000000 0.000000 0.000000 0.000000 0.487500 0.652778 1.000000 0.595313 0.638889 1.000000 0.000000 0.000000 0.000000 0.000000 0.000000 0.000000 0.000000 0.000000 0.000000 0.000000 0.000000 0.000000 0.000000 0.000000 0.000000 0.000000 0.000000 0.000000 0.000000 0.000000 0.000000 0.000000 0.000000 0.000000 0.000000 0.000000 0.000000 0.000000 0.000000 0.000000
0 0.043633 0.461748 0.087266 0.183819 0.000000 0.000000 0.000000 0.000000 0.000000 0.000000 0.000000 0.000000 0.000000 0.000000 0.000000 0.000000 0.000000 0.000000 0.000000 0.018750 0.423611 2.000000 0.000000 0.000000 0.000000 0.000000 0.000000 0.000000 0.000000 0.000000 0.000000 0.000000 0.000000 0.000000 0.000000 0.000000 0.000000 0.000000 0.000000 0.000000 0.000000 0.000000 0.000000 0.000000 0.000000 0.000000 0.000000 0.000000 0.000000 0.000000 0.000000 0.000000 0.000000 0.000000 0.000000
