0 0.155625 0.269792 0.109969 0.270667 0.126562 0.231250 2.000000 0.142187 0.214583 2.000000 0.000000 0.000000 0.000000 0.181250 0.222917 2.000000 0.000000 0.000000 0.000000 0.226562 0.322917 1.000000 0.000000 0.000000 0.000000 0.000000 0.000000 0.000000 0.000000 0.000000 0.000000 0.000000 0.000000 0.000000 0.000000 0.000000 0.000000 0.000000 0.000000 0.000000 0.000000 0.000000 0.000000 0.000000 0.000000 0.000000 0.000000 0.000000 0.000000 0.000000 0.000000 0.000000 0.000000 0.000000 0.000000
0 0.289883 0.547188 0.562922 0.901125 0.000000 0.000000 0.000000 0.000000 0.000000 0.000000 0.000000 0.000000 0.000000 0.246875 0.256250 2.000000 0.365625 0.300000 2.000000 0.096875 0.454167 2.000000 0.406250 0.483333 2.000000 0.028125 0.743750 2.000000 0.523438 0.745833 2.000000 0.092188 0.977083 2.000000 0.000000 0.000000 0.000000 0.139063 0.979167 2.000000 0.292187 0.987500 2.000000 0.000000 0.000000 0.000000 0.000000 0.000000 0.000000 0.000000 0.000000 0.000000 0.000000 0.000000 0.000000
0 0.672469 0.612802 0.546063 0.750562 0.612500 0.364583 2.000000 0.625000 0.339583 2.000000 0.584375 0.341667 2.000000 0.000000 0.000000 0.000000 0.540625 0.364583 2.000000 0.653125 0.452083 2.000000 0.490625 0.495833 2.000000 0.000000 0.000000 0.000000 0.000000 0.000000 0.000000 0.000000 0.000000 0.000000 0.000000 0.000000 0.000000 0.656250 0.910417 2.000000 0.523438 0.918750 2.000000 0.000000 0.000000 0.000000 0.000000 0.000000 0.000000 0.000000 0.000000 0.000000 0.000000 0.000000 0.000000
0 0.552352 0.162552 0.071609 0.204437 0.564063 0.200000 1.000000 0.571875 0.195833 1.000000 0.557813 0.193750 1.000000 0.000000 0.000000 0.000000 0.000000 0.000000 0.000000 0.000000 0.000000 0.000000 0.000000 0.000000 0.000000 0.000000 0.000000 0.000000 0.000000 0.000000 0.000000 0.000000 0.000000 0.000000 0.000000 0.000000 0.000000 0.000000 0.000000 0.000000 0.000000 0.000000 0.000000 0.000000 0.000000 0.000000 0.000000 0.000000 0.000000 0.000000 0.000000 0.000000 0.000000 0.000000 0.000000
0 0.464094 0.317208 0.126125 0.307875 0.465625 0.210417 2.000000 0.475000 0.204167 2.000000 0.459375 0.204167 2.000000 0.481250 0.214583 2.000000 0.450000 0.214583 2.000000 0.495312 0.258333 2.000000 0.429688 0.252083 2.000000 0.510938 0.331250 2.000000 0.415625 0.325000 2.000000 0.000000 0.000000 0.000000 0.000000 0.000000 0.000000 0.482812 0.389583 2.000000 0.432812 0.385417 2.000000 0.000000 0.000000 0.000000 0.000000 0.000000 0.000000 0.000000 0.000000 0.000000 0.000000 0.000000 0.000000
0 0.596742 0.150094 0.068922 0.113813 0.610938 0.129167 2.000000 0.614062 0.120833 2.000000 0.606250 0.120833 2.000000 0.000000 0.000000 0.000000 0.000000 0.000000 0.000000 0.000000 0.000000 0.000000 0.578125 0.168750 2.000000 0.000000 0.000000 0.000000 0.573438 0.212500 1.000000 0.000000 0.000000 0.000000 0.585938 0.231250 1.000000 0.000000 0.000000 0.000000 0.000000 0.000000 0.000000 0.000000 0.000000 0.000000 0.000000 0.000000 0.000000 0.000000 0.000000 0.000000 0.000000 0.000000 0.000000
0 0.043344 0.239073 0.084187 0.321063 0.000000 0.000000 0.000000 0.000000 0.000000 0.000000 0.000000 0.000000 0.000000 0.026562 0.183333 2.000000 0.000000 0.000000 0.000000 0.029687 0.289583 2.000000 0.042188 0.266667 2.000000 0.000000 0.000000 0.000000 0.000000 0.000000 0.000000 0.000000 0.000000 0.000000 0.000000 0.000000 0.000000 0.000000 0.000000 0.000000 0.000000 0.000000 0.000000 0.000000 0.000000 0.000000 0.000000 0.000000 0.000000 0.000000 0.000000 0.000000 0.000000 0.000000 0.000000
0 0.692562 0.368073 0.103656 0.417479 0.687500 0.212500 2.000000 0.695312 0.204167 2.000000 0.679688 0.204167 2.000000 0.704688 0.208333 2.000000 0.664062 0.208333 2.000000 0.723437 0.260417 2.000000 0.635938 0.266667 1.000000 0.000000 0.000000 0.000000 0.000000 0.000000 0.000000 0.000000 0.000000 0.000000 0.000000 0.000000 0.000000 0.710938 0.404167 2.000000 0.657813 0.406250 2.000000 0.000000 0.000000 0.000000 0.000000 0.000000 0.000000 0.000000 0.000000 0.000000 0.000000 0.000000 0.000000
0 0.923992 0.302937 0.111484 0.292792 0.904687 0.222917 2.000000 0.912500 0.210417 2.000000 0.896875 0.212500 2.000000 0.932813 0.222917 2.000000 0.000000 0.000000 0.000000 0.954688 0.277083 2.000000 0.000000 0.000000 0.000000 0.000000 0.000000 0.000000 0.000000 0.000000 0.000000 0.000000 0.000000 0.000000 0.000000 0.000000 0.000000 0.000000 0.000000 0.000000 0.000000 0.000000 0.000000 0.000000 0.000000 0.000000 0.000000 0.000000 0.000000 0.000000 0.000000 0.000000 0.000000 0.000000 0.000000
0 0.927594 0.633771 0.144813 0.690917 0.000000 0.000000 0.000000 0.000000 0.000000 0.000000 0.000000 0.000000 0.000000 0.884375 0.408333 2.000000 0.000000 0.000000 0.000000 0.853125 0.497917 1.000000 0.987500 0.481250 2.000000 0.000000 0.000000 0.000000 0.000000 0.000000 0.000000 0.000000 0.000000 0.000000 0.000000 0.000000 0.000000 0.903125 0.745833 2.000000 0.978125 0.733333 2.000000 0.000000 0.000000 0.000000 0.000000 0.000000 0.000000 0.000000 0.000000 0.000000 0.000000 0.000000 0.000000
