0 0.403703 0.203683 0.092906 0.197385 0.407813 0.167665 2.000000 0.417187 0.157685 2.000000 0.398438 0.155689 2.000000 0.426563 0.161677 2.000000 0.382812 0.159681 2.000000 0.443750 0.239521 2.000000 0.357812 0.239521 1.000000 0.000000 0.000000 0.000000 0.000000 0.000000 0.000000 0.000000 0.000000 0.000000 0.000000 0.000000 0.000000 0.423438 0.379242 1.000000 0.368750 0.381238 1.000000 0.000000 0.000000 0.000000 0.000000 0.000000 0.000000 0.000000 0.000000 0.000000 0.000000 0.000000 0.000000
0 0.287953 0.628303 0.151313 0.666986 0.289062 0.355289 2.000000 0.298438 0.349301 2.000000 0.281250 0.347305 2.000000 0.309375 0.355289 2.000000 0.262500 0.349301 2.000000 0.346875 0.429142 2.000000 0.234375 0.437126 2.000000 0.359375 0.524950 1.000000 0.234375 0.542914 2.000000 0.362500 0.612774 1.000000 0.242188 0.622754 2.000000 0.334375 0.620758 2.000000 0.278125 0.624750 2.000000 0.337500 0.770459 2.000000 0.285938 0.768463 2.000000 0.343750 0.898204 2.000000 0.289062 0.900200 2.000000
0 0.580055 0.605848 0.162203 0.709461 0.576562 0.311377 2.000000 0.582812 0.299401 2.000000 0.565625 0.301397 2.000000 0.596875 0.303393 2.000000 0.550000 0.305389 1.000000 0.623437 0.383234 2.000000 0.517188 0.383234 2.000000 0.635938 0.500998 2.000000 0.507812 0.495010 2.000000 0.587500 0.570858 2.000000 0.556250 0.562874 2.000000 0.603125 0.606786 2.000000 0.542188 0.604790 2.000000 0.607812 0.758483 2.000000 0.532813 0.750499 2.000000 0.609375 0.898204 2.000000 0.531250 0.898204 2.000000
0 0.427281 0.621098 0.159500 0.678323 0.431250 0.349301 2.000000 0.442188 0.339321 2.000000 0.421875 0.335329 2.000000 0.453125 0.341317 2.000000 0.403125 0.333333 1.000000 0.476562 0.419162 2.000000 0.381250 0.419162 2.000000 0.492188 0.550898 2.000000 0.360938 0.548902 2.000000 0.485938 0.636727 2.000000 0.365625 0.630739 2.000000 0.446875 0.618762 2.000000 0.395313 0.618762 2.000000 0.453125 0.772455 2.000000 0.400000 0.768463 2.000000 0.448437 0.912176 2.000000 0.389062 0.904192 2.000000
0 0.745078 0.252615 0.096531 0.273533 0.720313 0.171657 2.000000 0.729688 0.159681 2.000000 0.712500 0.159681 2.000000 0.746875 0.161677 2.000000 0.704688 0.163673 2.000000 0.779687 0.235529 2.000000 0.690625 0.235529 1.000000 0.765625 0.345309 2.000000 0.000000 0.000000 0.000000 0.709375 0.401198 1.000000 0.000000 0.000000 0.000000 0.000000 0.000000 0.000000 0.000000 0.000000 0.000000 0.000000 0.000000 0.000000 0.000000 0.000000 0.000000 0.000000 0.000000 0.000000 0.000000 0.000000 0.000000
0 0.638789 0.299411 0.090828 0.205928 0.637500 0.255489 2.000000 0.645312 0.245509 2.000000 0.628125 0.243513 2.000000 0.660937 0.247505 2.000000 0.612500 0.249501 2.000000 0.678125 0.327345 1.000000 0.585938 0.327345 1.000000 0.000000 0.000000 0.000000 0.000000 0.000000 0.000000 0.000000 0.000000 0.000000 0.000000 0.000000 0.000000 0.000000 0.000000 0.000000 0.000000 0.000000 0.000000 0.000000 0.000000 0.000000 0.000000 0.000000 0.000000 0.000000 0.000000 0.000000 0.000000 0.000000 0.000000
0 0.636383 0.203693 0.126578 0.197285 0.614062 0.167665 2.000000 0.620313 0.153693 2.000000 0.606250 0.155689 2.000000 0.642188 0.155689 2.000000 0.598437 0.157685 2.000000 0.684375 0.235529 2.000000 0.576562 0.235529 1.000000 0.685937 0.327345 1.000000 0.567187 0.315369 1.000000 0.000000 0.000000 0.000000 0.000000 0.000000 0.000000 0.000000 0.000000 0.000000 0.000000 0.000000 0.000000 0.000000 0.000000 0.000000 0.000000 0.000000 0.000000 0.000000 0.000000 0.000000 0.000000 0.000000 0.000000
0 0.516203 0.231357 0.135688 0.250379 0.509375 0.167665 2.000000 0.520312 0.149701 2.000000 0.500000 0.149701 2.000000 0.532813 0.157685 2.000000 0.485938 0.155689 2.000000 0.560937 0.237525 2.000000 0.467187 0.235529 1.000000 0.000000 0.000000 0.000000 0.000000 0.000000 0.000000 0.000000 0.000000 0.000000 0.000000 0.000000 0.000000 0.548438 0.393214 1.000000 0.478125 0.391218 1.000000 0.000000 0.000000 0.000000 0.000000 0.000000 0.000000 0.000000 0.000000 0.000000 0.000000 0.000000 0.000000
0 0.486094 0.318194 0.092625 0.175988 0.479687 0.277445 2.000000 0.492188 0.265469 2.000000 0.470313 0.265469 2.000000 0.501563 0.265469 2.000000 0.453125 0.269461 2.000000 0.523438 0.345309 2.000000 0.442188 0.343313 1.000000 0.000000 0.000000 0.000000 0.000000 0.000000 0.000000 0.000000 0.000000 0.000000 0.000000 0.000000 0.000000 0.000000 0.000000 0.000000 0.000000 0.000000 0.000000 0.000000 0.000000 0.000000 0.000000 0.000000 0.000000 0.000000 0.000000 0.000000 0.000000 0.000000 0.000000
0 0.705344 0.620858 0.130937 0.689301 0.695312 0.343313 2.000000 0.696875 0.331337 2.000000 0.684375 0.333333 2.000000 0.717187 0.327345 2.000000 0.670312 0.339321 2.000000 0.750000 0.401198 2.000000 0.653125 0.415170 1.000000 0.737500 0.524950 2.000000 0.642188 0.518962 1.000000 0.706250 0.578842 2.000000 0.654687 0.576846 2.000000 0.715625 0.590818 2.000000 0.667188 0.596806 2.000000 0.729688 0.770459 2.000000 0.676562 0.752495 2.000000 0.743750 0.886228 2.000000 0.692187 0.876248 2.000000
0 0.357391 0.299431 0.116219 0.234152 0.339062 0.241517 2.000000 0.346875 0.233533 2.000000 0.328125 0.233533 2.000000 0.360938 0.241517 1.000000 0.309375 0.237525 2.000000 0.384375 0.319361 2.000000 0.290625 0.317365 1.000000 0.385937 0.433134 1.000000 0.271875 0.435130 1.000000 0.000000 0.000000 0.000000 0.000000 0.000000 0.000000 0.000000 0.000000 0.000000 0.000000 0.000000 0.000000 0.000000 0.000000 0.000000 0.000000 0.000000 0.000000 0.000000 0.000000 0.000000 0.000000 0.000000 0.000000
0 0.299680 0.242635 0.142016 0.327864 0.301563 0.127745 2.000000 0.312500 0.117764 2.000000 0.292187 0.117764 2.000000 0.323437 0.125749 2.000000 0.278125 0.125749 2.000000 0.346875 0.203593 1.000000 0.256250 0.203593 2.000000 0.000000 0.000000 0.000000 0.235937 0.319361 2.000000 0.000000 0.000000 0.000000 0.254688 0.411178 1.000000 0.000000 0.000000 0.000000 0.270313 0.391218 1.000000 0.000000 0.000000 0.000000 0.000000 0.000000 0.000000 0.000000 0.000000 0.000000 0.000000 0.000000 0.000000
