0 0.593734 0.543122 0.086344 0.425399 0.582812 0.347418 1.000000 0.585938 0.342723 2.000000 0.000000 0.000000 0.000000 0.603125 0.349765 2.000000 0.000000 0.000000 0.000000 0.604688 0.403756 2.000000 0.615625 0.401408 2.000000 0.598437 0.478873 2.000000 0.000000 0.000000 0.000000 0.570312 0.521127 2.000000 0.587500 0.446009 2.000000 0.609375 0.532864 2.000000 0.607812 0.532864 2.000000 0.606250 0.629108 2.000000 0.573438 0.622066 2.000000 0.612500 0.725352 1.000000 0.581250 0.718310 2.000000
0 0.723086 0.607840 0.201484 0.760094 0.720313 0.309859 2.000000 0.729688 0.295775 2.000000 0.710938 0.300469 2.000000 0.748437 0.298122 2.000000 0.700000 0.300469 2.000000 0.784375 0.389671 2.000000 0.678125 0.394366 2.000000 0.803125 0.502347 2.000000 0.665625 0.507042 2.000000 0.800000 0.615023 2.000000 0.650000 0.565728 2.000000 0.776563 0.643192 2.000000 0.717187 0.647887 2.000000 0.782813 0.774648 2.000000 0.726562 0.800469 2.000000 0.773438 0.896714 2.000000 0.734375 0.934272 2.000000
0 0.447328 0.433627 0.036500 0.250023 0.000000 0.000000 0.000000 0.000000 0.000000 0.000000 0.000000 0.000000 0.000000 0.440625 0.319249 2.000000 0.000000 0.000000 0.000000 0.450000 0.354460 2.000000 0.435937 0.345070 1.000000 0.450000 0.392019 2.000000 0.000000 0.000000 0.000000 0.432812 0.399061 1.000000 0.000000 0.000000 0.000000 0.448437 0.429577 2.000000 0.435937 0.424883 1.000000 0.451562 0.485915 2.000000 0.000000 0.000000 0.000000 0.454688 0.530516 2.000000 0.000000 0.000000 0.000000
0 0.219813 0.388052 0.073906 0.188263 0.000000 0.000000 0.000000 0.218750 0.321596 2.000000 0.000000 0.000000 0.000000 0.226562 0.323944 2.000000 0.000000 0.000000 0.000000 0.220312 0.399061 2.000000 0.257812 0.382629 1.000000 0.000000 0.000000 0.000000 0.000000 0.000000 0.000000 0.000000 0.000000 0.000000 0.000000 0.000000 0.000000 0.231250 0.528169 1.000000 0.270313 0.516432 1.000000 0.000000 0.000000 0.000000 0.000000 0.000000 0.000000 0.000000 0.000000 0.000000 0.000000 0.000000 0.000000
0 0.189961 0.631890 0.092734 0.460681 0.000000 0.000000 0.000000 0.000000 0.000000 0.000000 0.000000 0.000000 0.000000 0.168750 0.448357 2.000000 0.000000 0.000000 0.000000 0.171875 0.497653 2.000000 0.206250 0.495305 2.000000 0.162500 0.570423 2.000000 0.000000 0.000000 0.000000 0.000000 0.000000 0.000000 0.000000 0.000000 0.000000 0.178125 0.650235 2.000000 0.210938 0.645540 2.000000 0.182812 0.739437 2.000000 0.207813 0.737089 2.000000 0.182812 0.826291 2.000000 0.207813 0.821596 2.000000
0 0.101805 0.597923 0.113484 0.561901 0.000000 0.000000 0.000000 0.000000 0.000000 0.000000 0.000000 0.000000 0.000000 0.093750 0.359155 2.000000 0.000000 0.000000 0.000000 0.084375 0.415493 2.000000 0.142187 0.415493 2.000000 0.056250 0.504695 2.000000 0.135937 0.492958 2.000000 0.000000 0.000000 0.000000 0.000000 0.000000 0.000000 0.087500 0.577465 2.000000 0.131250 0.577465 2.000000 0.093750 0.715962 2.000000 0.117188 0.718310 2.000000 0.101562 0.847418 2.000000 0.123438 0.847418 2.000000
0 0.253492 0.574167 0.079797 0.530869 0.000000 0.000000 0.000000 0.000000 0.000000 0.000000 0.000000 0.000000 0.000000 0.000000 0.000000 0.000000 0.000000 0.000000 0.000000 0.246875 0.429577 2.000000 0.285938 0.429577 2.000000 0.223438 0.511737 2.000000 0.000000 0.000000 0.000000 0.000000 0.000000 0.000000 0.000000 0.000000 0.000000 0.245312 0.568075 2.000000 0.276562 0.561033 2.000000 0.250000 0.706573 2.000000 0.268750 0.692488 2.000000 0.260937 0.819249 2.000000 0.262500 0.807512 2.000000
0 0.805094 0.536420 0.069625 0.443592 0.000000 0.000000 0.000000 0.000000 0.000000 0.000000 0.000000 0.000000 0.000000 0.000000 0.000000 0.000000 0.000000 0.000000 0.000000 0.000000 0.000000 0.000000 0.812500 0.401408 2.000000 0.000000 0.000000 0.000000 0.812500 0.490610 1.000000 0.000000 0.000000 0.000000 0.000000 0.000000 0.000000 0.000000 0.000000 0.000000 0.000000 0.000000 0.000000 0.806250 0.629108 1.000000 0.000000 0.000000 0.000000 0.828125 0.708920 2.000000 0.810937 0.713615 1.000000
0 0.511211 0.442042 0.064391 0.258310 0.000000 0.000000 0.000000 0.000000 0.000000 0.000000 0.000000 0.000000 0.000000 0.496875 0.342723 2.000000 0.510938 0.338028 1.000000 0.496875 0.368545 2.000000 0.525000 0.368545 2.000000 0.489063 0.408451 2.000000 0.000000 0.000000 0.000000 0.000000 0.000000 0.000000 0.000000 0.000000 0.000000 0.509375 0.457746 2.000000 0.529687 0.457746 2.000000 0.512500 0.507042 2.000000 0.526563 0.504695 2.000000 0.514062 0.563380 2.000000 0.525000 0.558685 2.000000
0 0.913930 0.486960 0.071797 0.494390 0.896875 0.288732 2.000000 0.904687 0.279343 2.000000 0.895312 0.279343 2.000000 0.923438 0.279343 2.000000 0.000000 0.000000 0.000000 0.943750 0.333333 1.000000 0.890625 0.330986 1.000000 0.950000 0.417840 1.000000 0.892188 0.413146 2.000000 0.948438 0.502347 1.000000 0.873437 0.401408 1.000000 0.931250 0.497653 2.000000 0.890625 0.497653 2.000000 0.928125 0.610329 2.000000 0.890625 0.586854 2.000000 0.929688 0.697183 2.000000 0.923438 0.664319 2.000000
0 0.862320 0.442700 0.049359 0.368545 0.840625 0.300469 1.000000 0.843750 0.291080 2.000000 0.000000 0.000000 0.000000 0.854688 0.298122 2.000000 0.000000 0.000000 0.000000 0.854688 0.330986 2.000000 0.875000 0.326291 2.000000 0.851562 0.377934 2.000000 0.000000 0.000000 0.000000 0.842187 0.420188 2.000000 0.000000 0.000000 0.000000 0.856250 0.431925 2.000000 0.873437 0.429577 2.000000 0.853125 0.497653 2.000000 0.868750 0.500000 2.000000 0.854688 0.582160 2.000000 0.871875 0.572770 2.000000
0 0.032664 0.435869 0.056703 0.212488 0.000000 0.000000 0.000000 0.000000 0.000000 0.000000 0.000000 0.000000 0.000000 0.023438 0.368545 2.000000 0.000000 0.000000 0.000000 0.028125 0.406103 2.000000 0.051562 0.401408 2.000000 0.026562 0.471831 2.000000 0.000000 0.000000 0.000000 0.000000 0.000000 0.000000 0.000000 0.000000 0.000000 0.034375 0.539906 2.000000 0.054688 0.532864 2.000000 0.040625 0.629108 1.000000 0.053125 0.626761 1.000000 0.000000 0.000000 0.000000 0.000000 0.000000 0.000000
0 0.952750 0.614073 0.094500 0.770681 0.000000 0.000000 0.000000 0.000000 0.000000 0.000000 0.000000 0.000000 0.000000 0.000000 0.000000 0.000000 0.000000 0.000000 0.000000 0.000000 0.000000 0.000000 0.000000 0.000000 0.000000 0.932813 0.457746 2.000000 0.000000 0.000000 0.000000 0.000000 0.000000 0.000000 0.000000 0.000000 0.000000 0.992188 0.678404 2.000000 0.000000 0.000000 0.000000 0.000000 0.000000 0.000000 0.000000 0.000000 0.000000 0.000000 0.000000 0.000000 0.000000 0.000000 0.000000
