0 0.273352 0.260906 0.362172 0.413070 0.362500 0.155650 2.000000 0.000000 0.000000 0.000000 0.364063 0.138593 2.000000 0.000000 0.000000 0.000000 0.346875 0.117271 2.000000 0.307812 0.196162 2.000000 0.293750 0.117271 2.000000 0.307812 0.298507 2.000000 0.215625 0.095949 2.000000 0.340625 0.411514 2.000000 0.150000 0.081023 2.000000 0.245312 0.268657 2.000000 0.243750 0.277186 2.000000 0.365625 0.251599 2.000000 0.351562 0.260128 2.000000 0.365625 0.396588 2.000000 0.304688 0.411514 2.000000
0 0.342602 0.885576 0.112953 0.227484 0.357812 0.801706 2.000000 0.362500 0.797441 2.000000 0.354687 0.797441 2.000000 0.371875 0.803838 2.000000 0.348438 0.799574 2.000000 0.379688 0.835821 2.000000 0.345313 0.829424 2.000000 0.364063 0.895522 2.000000 0.335938 0.886994 2.000000 0.331250 0.910448 2.000000 0.315625 0.912580 2.000000 0.364063 0.910448 2.000000 0.340625 0.904051 2.000000 0.329688 0.931770 2.000000 0.292187 0.931770 2.000000 0.357812 0.993603 1.000000 0.000000 0.000000 0.000000
0 0.187977 0.810277 0.061953 0.237484 0.179688 0.716418 2.000000 0.185938 0.714286 2.000000 0.000000 0.000000 0.000000 0.200000 0.720682 2.000000 0.000000 0.000000 0.000000 0.212500 0.744136 2.000000 0.184375 0.750533 2.000000 0.182812 0.788913 2.000000 0.157812 0.782516 2.000000 0.167187 0.782516 2.000000 0.181250 0.791045 2.000000 0.215625 0.850746 1.000000 0.196875 0.855011 1.000000 0.000000 0.000000 0.000000 0.185938 0.921109 2.000000 0.000000 0.000000 0.000000 0.000000 0.000000 0.000000
0 0.148594 0.729510 0.074781 0.108443 0.148438 0.707889 2.000000 0.154688 0.701493 2.000000 0.000000 0.000000 0.000000 0.170313 0.705757 2.000000 0.000000 0.000000 0.000000 0.187500 0.750533 1.000000 0.145313 0.742004 2.000000 0.168750 0.782516 1.000000 0.120313 0.771855 2.000000 0.139063 0.731343 2.000000 0.120313 0.729211 2.000000 0.000000 0.000000 0.000000 0.000000 0.000000 0.000000 0.000000 0.000000 0.000000 0.000000 0.000000 0.000000 0.000000 0.000000 0.000000 0.000000 0.000000 0.000000
0 0.620211 0.710512 0.182047 0.152111 0.648438 0.669510 2.000000 0.654687 0.663113 2.000000 0.643750 0.663113 2.000000 0.665625 0.665245 2.000000 0.637500 0.660981 2.000000 0.679688 0.703625 2.000000 0.639062 0.703625 2.000000 0.715625 0.727079 1.000000 0.593750 0.692964 2.000000 0.000000 0.000000 0.000000 0.542188 0.671642 2.000000 0.665625 0.808102 1.000000 0.642188 0.808102 1.000000 0.000000 0.000000 0.000000 0.000000 0.000000 0.000000 0.000000 0.000000 0.000000 0.000000 0.000000 0.000000
0 0.743297 0.712729 0.093125 0.179915 0.742188 0.665245 2.000000 0.750000 0.656716 2.000000 0.737500 0.654584 2.000000 0.760938 0.658849 2.000000 0.000000 0.000000 0.000000 0.773438 0.710021 2.000000 0.718750 0.710021 2.000000 0.785937 0.778252 1.000000 0.710938 0.759062 2.000000 0.751563 0.756930 2.000000 0.000000 0.000000 0.000000 0.767188 0.816631 1.000000 0.723437 0.818763 1.000000 0.000000 0.000000 0.000000 0.000000 0.000000 0.000000 0.000000 0.000000 0.000000 0.000000 0.000000 0.000000
0 0.808570 0.653316 0.085078 0.153923 0.795312 0.695096 1.000000 0.800000 0.688699 1.000000 0.790625 0.690832 1.000000 0.815625 0.686567 1.000000 0.000000 0.000000 0.000000 0.831250 0.735608 1.000000 0.790625 0.733475 1.000000 0.835938 0.797441 1.000000 0.782813 0.791045 1.000000 0.000000 0.000000 0.000000 0.000000 0.000000 0.000000 0.000000 0.000000 0.000000 0.000000 0.000000 0.000000 0.000000 0.000000 0.000000 0.000000 0.000000 0.000000 0.000000 0.000000 0.000000 0.000000 0.000000 0.000000
0 0.950258 0.693721 0.099484 0.204542 0.000000 0.000000 0.000000 0.000000 0.000000 0.000000 0.000000 0.000000 0.000000 0.000000 0.000000 0.000000 0.000000 0.000000 0.000000 0.000000 0.000000 0.000000 0.985938 0.682303 1.000000 0.000000 0.000000 0.000000 0.945312 0.671642 2.000000 0.000000 0.000000 0.000000 0.918750 0.631130 2.000000 0.000000 0.000000 0.000000 0.987500 0.791045 2.000000 0.000000 0.000000 0.000000 0.000000 0.000000 0.000000 0.000000 0.000000 0.000000 0.000000 0.000000 0.000000
0 0.810781 0.725160 0.072281 0.149851 0.796875 0.699360 2.000000 0.803125 0.688699 2.000000 0.792188 0.690832 2.000000 0.817187 0.688699 2.000000 0.000000 0.000000 0.000000 0.835938 0.735608 2.000000 0.789062 0.731343 2.000000 0.000000 0.000000 0.000000 0.000000 0.000000 0.000000 0.000000 0.000000 0.000000 0.000000 0.000000 0.000000 0.000000 0.000000 0.000000 0.000000 0.000000 0.000000 0.000000 0.000000 0.000000 0.000000 0.000000 0.000000 0.000000 0.000000 0.000000 0.000000 0.000000 0.000000
0 0.234062 0.797079 0.079875 0.160896 0.217188 0.746269 2.000000 0.218750 0.739872 2.000000 0.000000 0.000000 0.000000 0.235937 0.742004 2.000000 0.000000 0.000000 0.000000 0.237500 0.771855 2.000000 0.251563 0.778252 2.000000 0.231250 0.786780 2.000000 0.259375 0.791045 2.000000 0.212500 0.788913 2.000000 0.000000 0.000000 0.000000 0.237500 0.857143 1.000000 0.243750 0.859275 1.000000 0.000000 0.000000 0.000000 0.228125 0.946695 1.000000 0.000000 0.000000 0.000000 0.000000 0.000000 0.000000
