0 0.293064 0.498880 0.507684 0.837840 0.311475 0.184000 2.000000 0.323770 0.162000 2.000000 0.290984 0.162000 2.000000 0.000000 0.000000 0.000000 0.241803 0.184000 2.000000 0.344262 0.242000 2.000000 0.225410 0.228000 2.000000 0.477459 0.242000 2.000000 0.168033 0.324000 2.000000 0.522541 0.356000 2.000000 0.147541 0.314000 2.000000 0.342213 0.482000 2.000000 0.247951 0.468000 2.000000 0.168033 0.646000 2.000000 0.325820 0.666000 2.000000 0.147541 0.826000 2.000000 0.428279 0.762000 2.000000
0 0.478832 0.547300 0.316148 0.722960 0.383197 0.290000 1.000000 0.391393 0.272000 1.000000 0.000000 0.000000 0.000000 0.430328 0.260000 1.000000 0.000000 0.000000 0.000000 0.481557 0.306000 2.000000 0.381148 0.356000 1.000000 0.598361 0.340000 2.000000 0.000000 0.000000 0.000000 0.604508 0.404000 2.000000 0.000000 0.000000 0.000000 0.530738 0.512000 2.000000 0.452869 0.548000 2.000000 0.430328 0.628000 2.000000 0.399590 0.668000 2.000000 0.401639 0.804000 2.000000 0.467213 0.812000 1.000000
0 0.521660 0.242040 0.118402 0.162840 0.510246 0.222000 2.000000 0.520492 0.212000 2.000000 0.493852 0.216000 2.000000 0.538934 0.218000 2.000000 0.469262 0.228000 1.000000 0.553279 0.280000 2.000000 0.436475 0.282000 1.000000 0.555328 0.366000 1.000000 0.000000 0.000000 0.000000 0.561475 0.398000 1.000000 0.000000 0.000000 0.000000 0.000000 0.000000 0.000000 0.000000 0.000000 0.000000 0.000000 0.000000 0.000000 0.000000 0.000000 0.000000 0.000000 0.000000 0.000000 0.000000 0.000000 0.000000
0 0.436230 0.174440 0.101967 0.104920 0.000000 0.000000 0.000000 0.000000 0.000000 0.000000 0.000000 0.000000 0.000000 0.000000 0.000000 0.000000 0.469262 0.178000 2.000000 0.000000 0.000000 0.000000 0.000000 0.000000 0.000000 0.000000 0.000000 0.000000 0.000000 0.000000 0.000000 0.000000 0.000000 0.000000 0.000000 0.000000 0.000000 0.000000 0.000000 0.000000 0.000000 0.000000 0.000000 0.000000 0.000000 0.000000 0.000000 0.000000 0.000000 0.000000 0.000000 0.000000 0.000000 0.000000 0.000000
0 0.801619 0.479730 0.396762 0.820300 0.663934 0.180000 2.000000 0.670082 0.158000 2.000000 0.000000 0.000000 0.000000 0.706967 0.158000 2.000000 0.000000 0.000000 0.000000 0.803279 0.224000 2.000000 0.721311 0.232000 2.000000 0.821721 0.324000 2.000000 0.737705 0.352000 2.000000 0.702869 0.306000 2.000000 0.649590 0.378000 2.000000 0.819672 0.464000 2.000000 0.735656 0.454000 2.000000 0.844262 0.638000 2.000000 0.700820 0.624000 2.000000 0.930328 0.608000 2.000000 0.713115 0.846000 2.000000
0 0.941844 0.306180 0.116311 0.489640 0.969262 0.130000 2.000000 0.987705 0.120000 2.000000 0.961066 0.120000 2.000000 0.000000 0.000000 0.000000 0.938525 0.132000 2.000000 0.000000 0.000000 0.000000 0.915984 0.210000 2.000000 0.000000 0.000000 0.000000 0.922131 0.306000 2.000000 0.000000 0.000000 0.000000 0.981557 0.344000 2.000000 0.000000 0.000000 0.000000 0.000000 0.000000 0.000000 0.000000 0.000000 0.000000 0.000000 0.000000 0.000000 0.000000 0.000000 0.000000 0.000000 0.000000 0.000000
0 0.643023 0.426710 0.155389 0.407060 0.706967 0.254000 1.000000 0.711066 0.238000 1.000000 0.684426 0.238000 2.000000 0.000000 0.000000 0.000000 0.651639 0.256000 2.000000 0.000000 0.000000 0.000000 0.629098 0.308000 1.000000 0.000000 0.000000 0.000000 0.618852 0.390000 1.000000 0.000000 0.000000 0.000000 0.704918 0.388000 1.000000 0.000000 0.000000 0.000000 0.637295 0.432000 2.000000 0.000000 0.000000 0.000000 0.684426 0.470000 1.000000 0.000000 0.000000 0.000000 0.641393 0.580000 1.000000
0 0.269016 0.056550 0.157705 0.113100 0.000000 0.000000 0.000000 0.000000 0.000000 0.000000 0.000000 0.000000 0.000000 0.000000 0.000000 0.000000 0.000000 0.000000 0.000000 0.000000 0.000000 0.000000 0.000000 0.000000 0.000000 0.000000 0.000000 0.000000 0.188525 0.010000 1.000000 0.334016 0.010000 2.000000 0.272541 0.028000 2.000000 0.305328 0.060000 2.000000 0.213115 0.062000 1.000000 0.000000 0.000000 0.000000 0.000000 0.000000 0.000000 0.000000 0.000000 0.000000 0.000000 0.000000 0.000000
0 0.635881 0.252780 0.111803 0.142760 0.000000 0.000000 0.000000 0.000000 0.000000 0.000000 0.000000 0.000000 0.000000 0.000000 0.000000 0.000000 0.651639 0.224000 2.000000 0.000000 0.000000 0.000000 0.616803 0.278000 2.000000 0.000000 0.000000 0.000000 0.600410 0.322000 2.000000 0.000000 0.000000 0.000000 0.000000 0.000000 0.000000 0.000000 0.000000 0.000000 0.000000 0.000000 0.000000 0.000000 0.000000 0.000000 0.000000 0.000000 0.000000 0.000000 0.000000 0.000000 0.000000 0.000000 0.000000
0 0.884959 0.335310 0.230082 0.531940 0.838115 0.138000 2.000000 0.000000 0.000000 0.000000 0.829918 0.128000 2.000000 0.000000 0.000000 0.000000 0.793033 0.138000 2.000000 0.774590 0.214000 1.000000 0.711066 0.222000 1.000000 0.821721 0.308000 1.000000 0.000000 0.000000 0.000000 0.879098 0.276000 2.000000 0.000000 0.000000 0.000000 0.758197 0.394000 1.000000 0.000000 0.000000 0.000000 0.907787 0.378000 2.000000 0.000000 0.000000 0.000000 0.963115 0.552000 2.000000 0.000000 0.000000 0.000000
