0 0.504469 0.576167 0.183375 0.704375 0.496875 0.266667 2.000000 0.507812 0.258333 2.000000 0.485938 0.256250 2.000000 0.526563 0.264583 2.000000 0.000000 0.000000 0.000000 0.559375 0.339583 2.000000 0.450000 0.337500 2.000000 0.585938 0.445833 2.000000 0.426563 0.460417 2.000000 0.557813 0.527083 2.000000 0.451562 0.431250 2.000000 0.534375 0.543750 2.000000 0.473438 0.541667 2.000000 0.523438 0.704167 2.000000 0.478125 0.700000 2.000000 0.526563 0.852083 2.000000 0.492188 0.831250 2.000000
0 0.977195 0.475229 0.045609 0.335583 0.000000 0.000000 0.000000 0.000000 0.000000 0.000000 0.000000 0.000000 0.000000 0.000000 0.000000 0.000000 0.000000 0.000000 0.000000 0.000000 0.000000 0.000000 0.990625 0.358333 2.000000 0.000000 0.000000 0.000000 0.000000 0.000000 0.000000 0.000000 0.000000 0.000000 0.000000 0.000000 0.000000 0.000000 0.000000 0.000000 0.000000 0.000000 0.000000 0.000000 0.000000 0.000000 0.000000 0.000000 0.000000 0.000000 0.000000 0.000000 0.000000 0.000000 0.000000
0 0.303086 0.316823 0.085109 0.225938 0.290625 0.260417 2.000000 0.295312 0.250000 2.000000 0.281250 0.250000 2.000000 0.301563 0.254167 2.000000 0.271875 0.254167 2.000000 0.312500 0.300000 2.000000 0.000000 0.000000 0.000000 0.329688 0.377083 2.000000 0.000000 0.000000 0.000000 0.000000 0.000000 0.000000 0.000000 0.000000 0.000000 0.000000 0.000000 0.000000 0.000000 0.000000 0.000000 0.000000 0.000000 0.000000 0.000000 0.000000 0.000000 0.000000 0.000000 0.000000 0.000000 0.000000 0.000000
0 0.252812 0.384271 0.148313 0.426958 0.209375 0.214583 2.000000 0.221875 0.197917 2.000000 0.195312 0.195833 2.000000 0.246875 0.210417 2.000000 0.000000 0.000000 0.000000 0.282813 0.308333 2.000000 0.168750 0.306250 1.000000 0.300000 0.445833 2.000000 0.000000 0.000000 0.000000 0.300000 0.577083 1.000000 0.000000 0.000000 0.000000 0.267188 0.604167 1.000000 0.176563 0.604167 1.000000 0.000000 0.000000 0.000000 0.000000 0.000000 0.000000 0.000000 0.000000 0.000000 0.000000 0.000000 0.000000
0 0.619969 0.459115 0.165813 0.556312 0.620313 0.206250 2.000000 0.626563 0.191667 2.000000 0.612500 0.191667 2.000000 0.639062 0.200000 2.000000 0.595313 0.204167 1.000000 0.653125 0.258333 2.000000 0.579688 0.262500 2.000000 0.690625 0.325000 2.000000 0.540625 0.337500 1.000000 0.670312 0.410417 2.000000 0.573438 0.291667 2.000000 0.640625 0.456250 2.000000 0.585938 0.452083 1.000000 0.637500 0.562500 2.000000 0.590625 0.572917 2.000000 0.609375 0.631250 2.000000 0.604688 0.681250 2.000000
0 0.792039 0.362115 0.087453 0.230937 0.000000 0.000000 0.000000 0.000000 0.000000 0.000000 0.000000 0.000000 0.000000 0.000000 0.000000 0.000000 0.000000 0.000000 0.000000 0.768750 0.256250 1.000000 0.806250 0.260417 2.000000 0.000000 0.000000 0.000000 0.831250 0.295833 2.000000 0.000000 0.000000 0.000000 0.000000 0.000000 0.000000 0.775000 0.356250 2.000000 0.803125 0.358333 2.000000 0.782813 0.406250 2.000000 0.806250 0.408333 1.000000 0.787500 0.466667 2.000000 0.000000 0.000000 0.000000
0 0.875844 0.522521 0.180750 0.578833 0.925000 0.283333 2.000000 0.000000 0.000000 0.000000 0.000000 0.000000 0.000000 0.862500 0.287500 2.000000 0.000000 0.000000 0.000000 0.845313 0.341667 2.000000 0.932813 0.352083 2.000000 0.812500 0.412500 2.000000 0.951562 0.427083 2.000000 0.796875 0.481250 2.000000 0.953125 0.481250 2.000000 0.850000 0.537500 2.000000 0.907813 0.535417 2.000000 0.853125 0.625000 2.000000 0.890625 0.608333 2.000000 0.851562 0.768750 2.000000 0.878125 0.702083 2.000000
0 0.161875 0.557312 0.323750 0.885375 0.070312 0.264583 2.000000 0.103125 0.235417 2.000000 0.048438 0.229167 2.000000 0.159375 0.254167 2.000000 0.000000 0.000000 0.000000 0.225000 0.412500 2.000000 0.000000 0.000000 0.000000 0.293750 0.685417 2.000000 0.000000 0.000000 0.000000 0.167187 0.531250 2.000000 0.000000 0.000000 0.000000 0.179688 0.947917 2.000000 0.015625 0.950000 2.000000 0.000000 0.000000 0.000000 0.000000 0.000000 0.000000 0.000000 0.000000 0.000000 0.000000 0.000000 0.000000
0 0.391266 0.467344 0.111813 0.443646 0.000000 0.000000 0.000000 0.000000 0.000000 0.000000 0.000000 0.000000 0.000000 0.000000 0.000000 0.000000 0.000000 0.000000 0.000000 0.435937 0.329167 2.000000 0.370312 0.331250 2.000000 0.000000 0.000000 0.000000 0.356250 0.402083 2.000000 0.000000 0.000000 0.000000 0.351562 0.458333 2.000000 0.428125 0.468750 1.000000 0.389062 0.460417 2.000000 0.425000 0.550000 2.000000 0.396875 0.554167 2.000000 0.423438 0.622917 2.000000 0.404687 0.660417 2.000000
0 0.705102 0.429604 0.104547 0.447208 0.700000 0.243750 2.000000 0.704688 0.237500 2.000000 0.692187 0.237500 2.000000 0.000000 0.000000 0.000000 0.682813 0.252083 2.000000 0.725000 0.302083 2.000000 0.670312 0.302083 1.000000 0.735938 0.366667 2.000000 0.000000 0.000000 0.000000 0.743750 0.427083 2.000000 0.000000 0.000000 0.000000 0.712500 0.427083 2.000000 0.679688 0.427083 2.000000 0.707812 0.529167 2.000000 0.670312 0.527083 2.000000 0.701562 0.631250 2.000000 0.665625 0.597917 2.000000
