0 0.843083 0.467414 0.221704 0.229203 0.738337 0.398438 1.000000 0.746450 0.395313 2.000000 0.000000 0.000000 0.000000 0.000000 0.000000 0.000000 0.000000 0.000000 0.000000 0.825558 0.457813 2.000000 0.817444 0.432812 2.000000 0.858012 0.559375 2.000000 0.000000 0.000000 0.000000 0.000000 0.000000 0.000000 0.000000 0.000000 0.000000 0.855984 0.573438 2.000000 0.000000 0.000000 0.000000 0.000000 0.000000 0.000000 0.000000 0.000000 0.000000 0.000000 0.000000 0.000000 0.000000 0.000000 0.000000
0 0.867850 0.212563 0.210223 0.200281 0.829615 0.171875 2.000000 0.843813 0.164062 2.000000 0.825558 0.156250 2.000000 0.000000 0.000000 0.000000 0.000000 0.000000 0.000000 0.926978 0.218750 2.000000 0.845842 0.181250 2.000000 0.941176 0.310937 1.000000 0.843813 0.276562 1.000000 0.000000 0.000000 0.000000 0.801217 0.245312 2.000000 0.900609 0.320312 1.000000 0.855984 0.301563 1.000000 0.000000 0.000000 0.000000 0.801217 0.325000 1.000000 0.000000 0.000000 0.000000 0.000000 0.000000 0.000000
0 0.902444 0.358367 0.154909 0.206672 0.845842 0.321875 2.000000 0.853955 0.314063 2.000000 0.000000 0.000000 0.000000 0.896552 0.301563 2.000000 0.000000 0.000000 0.000000 0.969574 0.337500 2.000000 0.876268 0.353125 2.000000 0.000000 0.000000 0.000000 0.872211 0.434375 1.000000 0.000000 0.000000 0.000000 0.000000 0.000000 0.000000 0.000000 0.000000 0.000000 0.926978 0.471875 1.000000 0.000000 0.000000 0.000000 0.000000 0.000000 0.000000 0.000000 0.000000 0.000000 0.000000 0.000000 0.000000
0 0.515751 0.381922 0.450365 0.260937 0.503043 0.325000 2.000000 0.519270 0.314063 2.000000 0.494929 0.314063 2.000000 0.555781 0.300000 2.000000 0.000000 0.000000 0.000000 0.616633 0.310937 2.000000 0.490872 0.348438 2.000000 0.689655 0.357812 1.000000 0.421907 0.403125 2.000000 0.720081 0.345313 1.000000 0.356998 0.425000 2.000000 0.643002 0.437500 2.000000 0.561866 0.440625 1.000000 0.691684 0.456250 2.000000 0.464503 0.434375 2.000000 0.000000 0.000000 0.000000 0.000000 0.000000 0.000000
0 0.371085 0.341609 0.184442 0.161719 0.346856 0.295312 2.000000 0.350913 0.284375 2.000000 0.332657 0.295312 2.000000 0.369168 0.284375 2.000000 0.320487 0.306250 2.000000 0.421907 0.312500 2.000000 0.312373 0.335938 2.000000 0.000000 0.000000 0.000000 0.306288 0.375000 2.000000 0.425963 0.359375 2.000000 0.288032 0.387500 1.000000 0.000000 0.000000 0.000000 0.000000 0.000000 0.000000 0.000000 0.000000 0.000000 0.000000 0.000000 0.000000 0.000000 0.000000 0.000000 0.000000 0.000000 0.000000
0 0.192779 0.411859 0.154280 0.146219 0.251521 0.381250 2.000000 0.000000 0.000000 0.000000 0.237323 0.375000 2.000000 0.000000 0.000000 0.000000 0.200811 0.381250 2.000000 0.249493 0.428125 2.000000 0.150101 0.445312 2.000000 0.000000 0.000000 0.000000 0.000000 0.000000 0.000000 0.000000 0.000000 0.000000 0.000000 0.000000 0.000000 0.000000 0.000000 0.000000 0.000000 0.000000 0.000000 0.000000 0.000000 0.000000 0.000000 0.000000 0.000000 0.000000 0.000000 0.000000 0.000000 0.000000 0.000000
0 0.164209 0.400383 0.271014 0.359172 0.129817 0.298438 2.000000 0.000000 0.000000 0.000000 0.111562 0.284375 2.000000 0.000000 0.000000 0.000000 0.060852 0.278125 2.000000 0.083164 0.317188 2.000000 0.000000 0.000000 0.000000 0.089249 0.403125 2.000000 0.000000 0.000000 0.000000 0.113590 0.373437 2.000000 0.000000 0.000000 0.000000 0.068966 0.460938 2.000000 0.000000 0.000000 0.000000 0.190669 0.493750 2.000000 0.117647 0.515625 2.000000 0.277890 0.610938 1.000000 0.219067 0.629687 1.000000
0 0.546917 0.209828 0.108276 0.168187 0.563895 0.160938 2.000000 0.576065 0.157812 2.000000 0.555781 0.153125 2.000000 0.586207 0.162500 2.000000 0.543611 0.153125 2.000000 0.576065 0.203125 2.000000 0.523327 0.178125 2.000000 0.567951 0.253125 2.000000 0.000000 0.000000 0.000000 0.527383 0.248438 2.000000 0.000000 0.000000 0.000000 0.533469 0.267188 1.000000 0.492901 0.253125 1.000000 0.000000 0.000000 0.000000 0.000000 0.000000 0.000000 0.000000 0.000000 0.000000 0.000000 0.000000 0.000000
0 0.626268 0.203289 0.092373 0.195703 0.636917 0.146875 2.000000 0.647059 0.142187 2.000000 0.632860 0.139063 2.000000 0.659229 0.150000 2.000000 0.618661 0.137500 2.000000 0.647059 0.193750 2.000000 0.584178 0.150000 1.000000 0.616633 0.259375 2.000000 0.000000 0.000000 0.000000 0.594320 0.290625 2.000000 0.000000 0.000000 0.000000 0.578093 0.259375 1.000000 0.000000 0.000000 0.000000 0.576065 0.326562 1.000000 0.000000 0.000000 0.000000 0.000000 0.000000 0.000000 0.000000 0.000000 0.000000
0 0.714615 0.238664 0.188661 0.206609 0.722110 0.181250 2.000000 0.726166 0.171875 2.000000 0.705882 0.175000 2.000000 0.748479 0.173437 2.000000 0.699797 0.185938 2.000000 0.787018 0.207813 2.000000 0.661258 0.234375 2.000000 0.766734 0.281250 2.000000 0.628803 0.268750 2.000000 0.756592 0.321875 1.000000 0.693712 0.282813 2.000000 0.724138 0.304688 2.000000 0.657201 0.298438 2.000000 0.000000 0.000000 0.000000 0.000000 0.000000 0.000000 0.000000 0.000000 0.000000 0.000000 0.000000 0.000000
