0 0.616164 0.286566 0.214328 0.429541 0.612500 0.162839 2.000000 0.625000 0.148225 2.000000 0.596875 0.152401 2.000000 0.646875 0.141962 2.000000 0.589063 0.152401 2.000000 0.690625 0.242171 2.000000 0.559375 0.258873 2.000000 0.703125 0.373695 1.000000 0.545312 0.382046 2.000000 0.646875 0.475992 2.000000 0.568750 0.486430 1.000000 0.000000 0.000000 0.000000 0.000000 0.000000 0.000000 0.000000 0.000000 0.000000 0.000000 0.000000 0.000000 0.000000 0.000000 0.000000 0.000000 0.000000 0.000000
0 0.333305 0.568038 0.268641 0.618079 0.406250 0.394572 2.000000 0.421875 0.392484 2.000000 0.406250 0.373695 2.000000 0.000000 0.000000 0.000000 0.382812 0.325678 2.000000 0.417187 0.444676 2.000000 0.295312 0.369520 2.000000 0.420312 0.540710 2.000000 0.217188 0.440501 2.000000 0.382812 0.576200 1.000000 0.257812 0.501044 2.000000 0.339062 0.655532 2.000000 0.262500 0.640919 2.000000 0.346875 0.832985 2.000000 0.278125 0.832985 1.000000 0.000000 0.000000 0.000000 0.000000 0.000000 0.000000
0 0.800344 0.602015 0.227719 0.465324 0.748437 0.482255 2.000000 0.760938 0.475992 2.000000 0.000000 0.000000 0.000000 0.810937 0.498956 2.000000 0.000000 0.000000 0.000000 0.832812 0.572025 2.000000 0.839063 0.496868 2.000000 0.771875 0.745303 2.000000 0.759375 0.684760 2.000000 0.659375 0.705637 1.000000 0.731250 0.567850 2.000000 0.000000 0.000000 0.000000 0.000000 0.000000 0.000000 0.000000 0.000000 0.000000 0.000000 0.000000 0.000000 0.000000 0.000000 0.000000 0.000000 0.000000 0.000000
0 0.568266 0.715543 0.308000 0.568914 0.000000 0.000000 0.000000 0.000000 0.000000 0.000000 0.000000 0.000000 0.000000 0.515625 0.578288 2.000000 0.631250 0.559499 2.000000 0.451562 0.718163 2.000000 0.675000 0.728601 2.000000 0.451562 0.966597 2.000000 0.690625 0.903967 2.000000 0.000000 0.000000 0.000000 0.000000 0.000000 0.000000 0.000000 0.000000 0.000000 0.000000 0.000000 0.000000 0.000000 0.000000 0.000000 0.000000 0.000000 0.000000 0.000000 0.000000 0.000000 0.000000 0.000000 0.000000
0 0.227367 0.721190 0.454734 0.557620 0.000000 0.000000 0.000000 0.000000 0.000000 0.000000 0.000000 0.000000 0.000000 0.000000 0.000000 0.000000 0.153125 0.603340 2.000000 0.000000 0.000000 0.000000 0.189062 0.764092 2.000000 0.000000 0.000000 0.000000 0.331250 0.949896 2.000000 0.000000 0.000000 0.000000 0.292187 0.843424 2.000000 0.000000 0.000000 0.000000 0.000000 0.000000 0.000000 0.000000 0.000000 0.000000 0.000000 0.000000 0.000000 0.000000 0.000000 0.000000 0.000000 0.000000 0.000000
0 0.846828 0.274154 0.146313 0.314614 0.875000 0.185804 2.000000 0.878125 0.175365 2.000000 0.860938 0.175365 2.000000 0.000000 0.000000 0.000000 0.834375 0.185804 2.000000 0.881250 0.254697 2.000000 0.826562 0.267223 2.000000 0.904687 0.342380 2.000000 0.826562 0.375783 2.000000 0.850000 0.361169 2.000000 0.890625 0.350731 2.000000 0.000000 0.000000 0.000000 0.000000 0.000000 0.000000 0.000000 0.000000 0.000000 0.000000 0.000000 0.000000 0.000000 0.000000 0.000000 0.000000 0.000000 0.000000
0 0.695461 0.487641 0.142953 0.386514 0.681250 0.427975 2.000000 0.692187 0.411273 2.000000 0.675000 0.413361 2.000000 0.737500 0.407098 2.000000 0.000000 0.000000 0.000000 0.764062 0.501044 1.000000 0.667188 0.480167 2.000000 0.750000 0.651357 1.000000 0.637500 0.590814 2.000000 0.660937 0.645094 2.000000 0.000000 0.000000 0.000000 0.000000 0.000000 0.000000 0.000000 0.000000 0.000000 0.000000 0.000000 0.000000 0.000000 0.000000 0.000000 0.000000 0.000000 0.000000 0.000000 0.000000 0.000000
0 0.112836 0.445365 0.209641 0.529937 0.198437 0.294363 2.000000 0.200000 0.277662 2.000000 0.181250 0.279749 2.000000 0.000000 0.000000 0.000000 0.134375 0.271399 2.000000 0.181250 0.346555 2.000000 0.106250 0.352818 2.000000 0.000000 0.000000 0.000000 0.026562 0.515658 2.000000 0.000000 0.000000 0.000000 0.048438 0.668058 1.000000 0.176563 0.601253 1.000000 0.142187 0.609603 1.000000 0.000000 0.000000 0.000000 0.000000 0.000000 0.000000 0.000000 0.000000 0.000000 0.000000 0.000000 0.000000
0 0.852719 0.662547 0.289281 0.588768 0.860938 0.513570 1.000000 0.865625 0.498956 1.000000 0.000000 0.000000 0.000000 0.918750 0.519833 2.000000 0.000000 0.000000 0.000000 0.918750 0.686848 2.000000 0.000000 0.000000 0.000000 0.842187 0.914405 2.000000 0.000000 0.000000 0.000000 0.770312 0.906054 2.000000 0.807813 0.837161 2.000000 0.000000 0.000000 0.000000 0.000000 0.000000 0.000000 0.000000 0.000000 0.000000 0.000000 0.000000 0.000000 0.000000 0.000000 0.000000 0.000000 0.000000 0.000000
0 0.781484 0.228278 0.068250 0.310668 0.754687 0.141962 2.000000 0.754687 0.127349 2.000000 0.000000 0.000000 0.000000 0.779687 0.129436 2.000000 0.000000 0.000000 0.000000 0.770312 0.185804 2.000000 0.818750 0.177453 1.000000 0.779687 0.279749 2.000000 0.000000 0.000000 0.000000 0.000000 0.000000 0.000000 0.000000 0.000000 0.000000 0.781250 0.352818 2.000000 0.821875 0.344468 1.000000 0.000000 0.000000 0.000000 0.000000 0.000000 0.000000 0.000000 0.000000 0.000000 0.000000 0.000000 0.000000
