0 0.474477 0.246250 0.075484 0.140304 0.456250 0.226636 2.000000 0.457813 0.214953 2.000000 0.000000 0.000000 0.000000 0.467187 0.207944 2.000000 0.000000 0.000000 0.000000 0.487500 0.228972 2.000000 0.464062 0.238318 2.000000 0.475000 0.285047 2.000000 0.457813 0.308411 1.000000 0.000000 0.000000 0.000000 0.000000 0.000000 0.000000 0.495312 0.334112 1.000000 0.481250 0.331776 1.000000 0.000000 0.000000 0.000000 0.000000 0.000000 0.000000 0.000000 0.000000 0.000000 0.000000 0.000000 0.000000
0 0.423305 0.346904 0.062016 0.369369 0.425000 0.200935 2.000000 0.428125 0.193925 2.000000 0.421875 0.193925 2.000000 0.000000 0.000000 0.000000 0.412500 0.200935 2.000000 0.435937 0.242991 2.000000 0.396875 0.247664 2.000000 0.000000 0.000000 0.000000 0.407813 0.294393 2.000000 0.000000 0.000000 0.000000 0.443750 0.308411 2.000000 0.440625 0.331776 2.000000 0.421875 0.331776 2.000000 0.434375 0.411215 2.000000 0.417187 0.422897 2.000000 0.426563 0.488318 2.000000 0.418750 0.500000 2.000000
0 0.251609 0.381028 0.107594 0.441542 0.259375 0.221963 2.000000 0.265625 0.212617 2.000000 0.253125 0.212617 2.000000 0.276562 0.210280 2.000000 0.248438 0.203271 2.000000 0.284375 0.252336 2.000000 0.226562 0.240654 2.000000 0.282813 0.315421 2.000000 0.210938 0.299065 2.000000 0.237500 0.301402 2.000000 0.256250 0.324766 2.000000 0.262500 0.385514 2.000000 0.229687 0.394860 1.000000 0.275000 0.528037 2.000000 0.226562 0.516355 1.000000 0.281250 0.593458 2.000000 0.228125 0.602804 1.000000
0 0.578547 0.317395 0.098812 0.380864 0.537500 0.186916 1.000000 0.537500 0.182243 1.000000 0.000000 0.000000 0.000000 0.548438 0.175234 2.000000 0.000000 0.000000 0.000000 0.579688 0.219626 2.000000 0.551562 0.205607 1.000000 0.617188 0.285047 2.000000 0.000000 0.000000 0.000000 0.607812 0.359813 2.000000 0.000000 0.000000 0.000000 0.584375 0.385514 2.000000 0.559375 0.376168 2.000000 0.582812 0.495327 1.000000 0.562500 0.490654 1.000000 0.000000 0.000000 0.000000 0.000000 0.000000 0.000000
0 0.885117 0.389089 0.105109 0.489252 0.864062 0.205607 2.000000 0.868750 0.196262 2.000000 0.000000 0.000000 0.000000 0.890625 0.186916 2.000000 0.000000 0.000000 0.000000 0.920312 0.247664 2.000000 0.892188 0.240654 2.000000 0.914062 0.343458 2.000000 0.898438 0.329439 2.000000 0.854688 0.338785 2.000000 0.853125 0.348131 2.000000 0.909375 0.383178 2.000000 0.889062 0.373832 1.000000 0.892188 0.488318 2.000000 0.864062 0.478972 1.000000 0.892188 0.595794 2.000000 0.851562 0.567757 1.000000
0 0.177547 0.387418 0.071031 0.411332 0.159375 0.221963 2.000000 0.160938 0.212617 2.000000 0.000000 0.000000 0.000000 0.173437 0.217290 2.000000 0.000000 0.000000 0.000000 0.182812 0.264019 2.000000 0.189062 0.261682 2.000000 0.156250 0.329439 2.000000 0.000000 0.000000 0.000000 0.000000 0.000000 0.000000 0.000000 0.000000 0.000000 0.175000 0.408879 2.000000 0.165625 0.401869 2.000000 0.182812 0.478972 2.000000 0.151562 0.471963 2.000000 0.196875 0.563084 2.000000 0.187500 0.539720 2.000000
0 0.315023 0.303026 0.062141 0.282687 0.306250 0.191589 2.000000 0.309375 0.184579 2.000000 0.304688 0.184579 2.000000 0.318750 0.191589 2.000000 0.000000 0.000000 0.000000 0.329688 0.224299 2.000000 0.293750 0.226636 2.000000 0.335938 0.257009 2.000000 0.285938 0.257009 1.000000 0.334375 0.282710 2.000000 0.290625 0.280374 1.000000 0.326562 0.299065 2.000000 0.303125 0.301402 2.000000 0.326562 0.366822 2.000000 0.307812 0.366822 2.000000 0.325000 0.413551 2.000000 0.307812 0.425234 2.000000
0 0.519711 0.384206 0.102172 0.407897 0.000000 0.000000 0.000000 0.000000 0.000000 0.000000 0.000000 0.000000 0.000000 0.531250 0.212617 2.000000 0.557813 0.219626 2.000000 0.507812 0.254673 2.000000 0.562500 0.285047 2.000000 0.479687 0.317757 2.000000 0.553125 0.357477 2.000000 0.487500 0.345794 2.000000 0.520312 0.376168 2.000000 0.495312 0.392523 2.000000 0.525000 0.408879 2.000000 0.490625 0.500000 2.000000 0.509375 0.511682 2.000000 0.479687 0.588785 1.000000 0.495312 0.591121 1.000000
0 0.711586 0.341565 0.073641 0.377523 0.690625 0.191589 1.000000 0.690625 0.184579 1.000000 0.000000 0.000000 0.000000 0.700000 0.184579 2.000000 0.000000 0.000000 0.000000 0.710938 0.226636 2.000000 0.729688 0.214953 2.000000 0.701562 0.285047 2.000000 0.000000 0.000000 0.000000 0.693750 0.327103 2.000000 0.000000 0.000000 0.000000 0.707812 0.336449 2.000000 0.725000 0.331776 2.000000 0.709375 0.427570 2.000000 0.704688 0.425234 2.000000 0.710938 0.495327 2.000000 0.700000 0.483645 2.000000
0 0.050016 0.402196 0.072875 0.444813 0.062500 0.219626 2.000000 0.000000 0.000000 0.000000 0.056250 0.214953 2.000000 0.000000 0.000000 0.000000 0.000000 0.000000 0.000000 0.000000 0.000000 0.000000 0.042188 0.271028 2.000000 0.000000 0.000000 0.000000 0.073438 0.324766 2.000000 0.000000 0.000000 0.000000 0.000000 0.000000 0.000000 0.043750 0.383178 2.000000 0.051562 0.380841 2.000000 0.065625 0.469626 2.000000 0.076563 0.483645 2.000000 0.064062 0.579439 1.000000 0.025000 0.572430 2.000000
0 0.135836 0.347290 0.049109 0.236262 0.132812 0.261682 2.000000 0.139063 0.252336 2.000000 0.128125 0.250000 2.000000 0.146875 0.264019 2.000000 0.000000 0.000000 0.000000 0.146875 0.289720 2.000000 0.117188 0.294393 2.000000 0.128125 0.327103 2.000000 0.000000 0.000000 0.000000 0.121875 0.287383 2.000000 0.000000 0.000000 0.000000 0.143750 0.369159 2.000000 0.123438 0.369159 1.000000 0.145313 0.455607 1.000000 0.000000 0.000000 0.000000 0.146875 0.542056 1.000000 0.000000 0.000000 0.000000
