0 0.708977 0.509379 0.405641 0.895808 0.000000 0.000000 0.000000 0.000000 0.000000 0.000000 0.000000 0.000000 0.000000 0.720313 0.140515 2.000000 0.757812 0.145199 2.000000 0.670312 0.238876 2.000000 0.796875 0.250585 2.000000 0.615625 0.339578 2.000000 0.809375 0.395785 2.000000 0.546875 0.407494 2.000000 0.790625 0.473068 2.000000 0.695312 0.501171 2.000000 0.770312 0.501171 2.000000 0.637500 0.674473 2.000000 0.814063 0.690867 2.000000 0.582812 0.880562 2.000000 0.873437 0.903981 2.000000
0 0.391742 0.350234 0.079734 0.169977 0.000000 0.000000 0.000000 0.000000 0.000000 0.000000 0.000000 0.000000 0.000000 0.409375 0.297424 2.000000 0.387500 0.295082 2.000000 0.418750 0.339578 2.000000 0.371875 0.337237 2.000000 0.426563 0.419204 2.000000 0.359375 0.412178 2.000000 0.000000 0.000000 0.000000 0.000000 0.000000 0.000000 0.407813 0.461358 1.000000 0.370312 0.461358 1.000000 0.000000 0.000000 0.000000 0.000000 0.000000 0.000000 0.000000 0.000000 0.000000 0.000000 0.000000 0.000000
0 0.933313 0.096628 0.076469 0.157283 0.923438 0.058548 2.000000 0.928125 0.053864 2.000000 0.920312 0.051522 2.000000 0.940625 0.058548 2.000000 0.000000 0.000000 0.000000 0.948438 0.093677 2.000000 0.918750 0.084309 2.000000 0.000000 0.000000 0.000000 0.904687 0.128806 2.000000 0.000000 0.000000 0.000000 0.910937 0.096019 1.000000 0.942187 0.170960 2.000000 0.917188 0.168618 2.000000 0.000000 0.000000 0.000000 0.000000 0.000000 0.000000 0.000000 0.000000 0.000000 0.000000 0.000000 0.000000
0 0.886758 0.364824 0.102266 0.178642 0.000000 0.000000 0.000000 0.000000 0.000000 0.000000 0.000000 0.000000 0.000000 0.900000 0.318501 2.000000 0.876563 0.318501 2.000000 0.914062 0.351288 2.000000 0.868750 0.346604 2.000000 0.917188 0.412178 2.000000 0.842187 0.384075 2.000000 0.901563 0.353630 2.000000 0.871875 0.346604 2.000000 0.901563 0.456674 1.000000 0.864062 0.456674 1.000000 0.000000 0.000000 0.000000 0.000000 0.000000 0.000000 0.000000 0.000000 0.000000 0.000000 0.000000 0.000000
0 0.885289 0.103255 0.054609 0.155785 0.871875 0.056206 2.000000 0.878125 0.049180 2.000000 0.870313 0.049180 2.000000 0.889062 0.060890 2.000000 0.000000 0.000000 0.000000 0.896875 0.091335 2.000000 0.865625 0.088993 1.000000 0.882812 0.152225 2.000000 0.000000 0.000000 0.000000 0.000000 0.000000 0.000000 0.000000 0.000000 0.000000 0.000000 0.000000 0.000000 0.000000 0.000000 0.000000 0.000000 0.000000 0.000000 0.000000 0.000000 0.000000 0.000000 0.000000 0.000000 0.000000 0.000000 0.000000
0 0.456477 0.071733 0.065734 0.130445 0.000000 0.000000 0.000000 0.000000 0.000000 0.000000 0.000000 0.000000 0.000000 0.000000 0.000000 0.000000 0.000000 0.000000 0.000000 0.476562 0.058548 2.000000 0.440625 0.070258 2.000000 0.000000 0.000000 0.000000 0.000000 0.000000 0.000000 0.000000 0.000000 0.000000 0.000000 0.000000 0.000000 0.000000 0.000000 0.000000 0.000000 0.000000 0.000000 0.000000 0.000000 0.000000 0.000000 0.000000 0.000000 0.000000 0.000000 0.000000 0.000000 0.000000 0.000000
0 0.042766 0.080527 0.076656 0.105504 0.032813 0.063232 2.000000 0.035937 0.058548 2.000000 0.029687 0.058548 2.000000 0.043750 0.056206 2.000000 0.000000 0.000000 0.000000 0.054688 0.084309 2.000000 0.018750 0.081967 2.000000 0.000000 0.000000 0.000000 0.000000 0.000000 0.000000 0.000000 0.000000 0.000000 0.000000 0.000000 0.000000 0.000000 0.000000 0.000000 0.000000 0.000000 0.000000 0.000000 0.000000 0.000000 0.000000 0.000000 0.000000 0.000000 0.000000 0.000000 0.000000 0.000000 0.000000
0 0.642859 0.084637 0.090344 0.127588 0.000000 0.000000 0.000000 0.000000 0.000000 0.000000 0.000000 0.000000 0.000000 0.000000 0.000000 0.000000 0.000000 0.000000 0.000000 0.662500 0.086651 2.000000 0.632812 0.079625 2.000000 0.659375 0.128806 2.000000 0.614062 0.117096 2.000000 0.635938 0.135831 2.000000 0.000000 0.000000 0.000000 0.000000 0.000000 0.000000 0.000000 0.000000 0.000000 0.000000 0.000000 0.000000 0.000000 0.000000 0.000000 0.000000 0.000000 0.000000 0.000000 0.000000 0.000000
0 0.789344 0.110796 0.060875 0.130164 0.781250 0.081967 2.000000 0.789062 0.074941 2.000000 0.000000 0.000000 0.000000 0.800000 0.074941 2.000000 0.000000 0.000000 0.000000 0.812500 0.112412 2.000000 0.778125 0.110070 1.000000 0.000000 0.000000 0.000000 0.000000 0.000000 0.000000 0.000000 0.000000 0.000000 0.000000 0.000000 0.000000 0.793750 0.194379 1.000000 0.765625 0.187354 1.000000 0.000000 0.000000 0.000000 0.000000 0.000000 0.000000 0.000000 0.000000 0.000000 0.000000 0.000000 0.000000
0 0.348469 0.067225 0.088188 0.134450 0.000000 0.000000 0.000000 0.000000 0.000000 0.000000 0.000000 0.000000 0.000000 0.353125 0.042155 2.000000 0.000000 0.000000 0.000000 0.375000 0.065574 2.000000 0.329688 0.065574 2.000000 0.381250 0.098361 2.000000 0.315625 0.093677 2.000000 0.359375 0.119438 2.000000 0.331250 0.114754 2.000000 0.000000 0.000000 0.000000 0.000000 0.000000 0.000000 0.000000 0.000000 0.000000 0.000000 0.000000 0.000000 0.000000 0.000000 0.000000 0.000000 0.000000 0.000000
0 0.489250 0.366288 0.084531 0.195152 0.475000 0.311475 2.000000 0.481250 0.302108 2.000000 0.468750 0.302108 2.000000 0.492188 0.302108 2.000000 0.462500 0.309133 2.000000 0.501563 0.346604 2.000000 0.454688 0.351288 2.000000 0.520312 0.414520 1.000000 0.454688 0.421546 2.000000 0.521875 0.470726 1.000000 0.454688 0.468384 1.000000 0.501563 0.466042 1.000000 0.464062 0.466042 1.000000 0.000000 0.000000 0.000000 0.000000 0.000000 0.000000 0.000000 0.000000 0.000000 0.000000 0.000000 0.000000
