0 0.215680 0.620013 0.136797 0.567848 0.240625 0.388451 2.000000 0.240625 0.375328 2.000000 0.231250 0.377953 2.000000 0.000000 0.000000 0.000000 0.207813 0.380577 2.000000 0.250000 0.448819 2.000000 0.182812 0.446194 2.000000 0.257812 0.532808 2.000000 0.157812 0.548556 2.000000 0.268750 0.545932 2.000000 0.203125 0.551181 2.000000 0.239063 0.622047 2.000000 0.195312 0.622047 2.000000 0.234375 0.758530 1.000000 0.185938 0.761155 2.000000 0.234375 0.879265 1.000000 0.182812 0.884514 1.000000
0 0.324094 0.519751 0.112094 0.391050 0.346875 0.367454 2.000000 0.351562 0.359580 2.000000 0.339062 0.359580 2.000000 0.000000 0.000000 0.000000 0.323437 0.367454 2.000000 0.364063 0.433071 2.000000 0.295312 0.427822 2.000000 0.373437 0.524934 1.000000 0.276562 0.527559 2.000000 0.000000 0.000000 0.000000 0.279687 0.595801 2.000000 0.356250 0.593176 2.000000 0.317188 0.595801 2.000000 0.351562 0.732283 1.000000 0.320312 0.734908 1.000000 0.000000 0.000000 0.000000 0.000000 0.000000 0.000000
0 0.469109 0.509488 0.197406 0.411785 0.500000 0.385827 2.000000 0.000000 0.000000 0.000000 0.490625 0.372703 2.000000 0.000000 0.000000 0.000000 0.462500 0.359580 2.000000 0.465625 0.433071 2.000000 0.429688 0.427822 2.000000 0.000000 0.000000 0.000000 0.462500 0.538058 2.000000 0.000000 0.000000 0.000000 0.526563 0.564304 2.000000 0.442188 0.645669 2.000000 0.410938 0.650919 2.000000 0.000000 0.000000 0.000000 0.000000 0.000000 0.000000 0.000000 0.000000 0.000000 0.000000 0.000000 0.000000
0 0.526992 0.428780 0.107078 0.247690 0.531250 0.359580 2.000000 0.535937 0.349081 2.000000 0.525000 0.349081 2.000000 0.000000 0.000000 0.000000 0.512500 0.351706 2.000000 0.562500 0.419948 2.000000 0.482812 0.422572 1.000000 0.571875 0.506562 2.000000 0.485938 0.498688 2.000000 0.570312 0.585302 1.000000 0.487500 0.574803 1.000000 0.546875 0.587927 1.000000 0.500000 0.590551 1.000000 0.000000 0.000000 0.000000 0.000000 0.000000 0.000000 0.000000 0.000000 0.000000 0.000000 0.000000 0.000000
0 0.639992 0.535551 0.216516 0.355512 0.654687 0.430446 2.000000 0.660937 0.419948 2.000000 0.000000 0.000000 0.000000 0.687500 0.427822 2.000000 0.000000 0.000000 0.000000 0.714063 0.485564 2.000000 0.646875 0.480315 2.000000 0.726562 0.590551 2.000000 0.606250 0.540682 2.000000 0.684375 0.632546 2.000000 0.567187 0.561680 2.000000 0.700000 0.685039 2.000000 0.656250 0.679790 1.000000 0.000000 0.000000 0.000000 0.000000 0.000000 0.000000 0.000000 0.000000 0.000000 0.000000 0.000000 0.000000
0 0.816891 0.541010 0.090031 0.338031 0.803125 0.417323 2.000000 0.809375 0.406824 2.000000 0.798438 0.406824 2.000000 0.826562 0.417323 2.000000 0.000000 0.000000 0.000000 0.840625 0.475066 2.000000 0.782813 0.469816 2.000000 0.850000 0.559055 2.000000 0.768750 0.561680 1.000000 0.000000 0.000000 0.000000 0.000000 0.000000 0.000000 0.828125 0.619423 2.000000 0.793750 0.616798 2.000000 0.000000 0.000000 0.000000 0.000000 0.000000 0.000000 0.000000 0.000000 0.000000 0.000000 0.000000 0.000000
0 0.909617 0.550459 0.114578 0.434672 0.901563 0.383202 2.000000 0.909375 0.377953 2.000000 0.896875 0.377953 2.000000 0.928125 0.385827 2.000000 0.000000 0.000000 0.000000 0.946875 0.448819 2.000000 0.884375 0.448819 2.000000 0.950000 0.524934 2.000000 0.864062 0.540682 2.000000 0.906250 0.503937 2.000000 0.862500 0.503937 1.000000 0.929688 0.645669 2.000000 0.885938 0.645669 2.000000 0.928125 0.763780 1.000000 0.884375 0.761155 1.000000 0.000000 0.000000 0.000000 0.000000 0.000000 0.000000
0 0.744344 0.546955 0.070156 0.318845 0.723437 0.427822 2.000000 0.729688 0.422572 2.000000 0.718750 0.419948 2.000000 0.740625 0.430446 2.000000 0.710938 0.427822 2.000000 0.757812 0.488189 2.000000 0.696875 0.488189 1.000000 0.768750 0.574803 2.000000 0.000000 0.000000 0.000000 0.768750 0.640420 2.000000 0.000000 0.000000 0.000000 0.746875 0.674541 2.000000 0.701562 0.669291 1.000000 0.000000 0.000000 0.000000 0.000000 0.000000 0.000000 0.000000 0.000000 0.000000 0.000000 0.000000 0.000000
0 0.052609 0.642270 0.105219 0.693517 0.062500 0.362205 2.000000 0.064062 0.351706 2.000000 0.051562 0.354331 2.000000 0.000000 0.000000 0.000000 0.028125 0.364829 2.000000 0.073438 0.446194 2.000000 0.009375 0.440945 2.000000 0.085938 0.543307 2.000000 0.023438 0.569554 2.000000 0.085938 0.619423 2.000000 0.046875 0.640420 2.000000 0.081250 0.690289 1.000000 0.040625 0.695538 2.000000 0.065625 0.834646 2.000000 0.000000 0.000000 0.000000 0.048438 0.968504 2.000000 0.000000 0.000000 0.000000
0 0.113711 0.652808 0.085609 0.662940 0.132812 0.377953 2.000000 0.134375 0.364829 2.000000 0.125000 0.364829 2.000000 0.000000 0.000000 0.000000 0.100000 0.377953 2.000000 0.145313 0.459318 2.000000 0.073438 0.456693 1.000000 0.148438 0.548556 2.000000 0.000000 0.000000 0.000000 0.150000 0.619423 2.000000 0.000000 0.000000 0.000000 0.134375 0.645669 2.000000 0.089063 0.648294 2.000000 0.123438 0.800525 2.000000 0.082812 0.795276 2.000000 0.115625 0.921260 2.000000 0.081250 0.926509 1.000000
0 0.617875 0.457651 0.079187 0.169318 0.626563 0.419948 2.000000 0.632812 0.409449 2.000000 0.620313 0.409449 2.000000 0.645312 0.417323 2.000000 0.610938 0.417323 1.000000 0.654687 0.477690 1.000000 0.593750 0.477690 2.000000 0.000000 0.000000 0.000000 0.590625 0.559055 1.000000 0.000000 0.000000 0.000000 0.000000 0.000000 0.000000 0.000000 0.000000 0.000000 0.606250 0.622047 1.000000 0.000000 0.000000 0.000000 0.000000 0.000000 0.000000 0.000000 0.000000 0.000000 0.000000 0.000000 0.000000
