0 0.772875 0.553573 0.189312 0.446521 0.690625 0.427083 1.000000 0.707812 0.416667 2.000000 0.000000 0.000000 0.000000 0.750000 0.420833 2.000000 0.000000 0.000000 0.000000 0.806250 0.518750 2.000000 0.728125 0.475000 2.000000 0.759375 0.725000 1.000000 0.701562 0.658333 1.000000 0.653125 0.743750 1.000000 0.646875 0.725000 1.000000 0.806250 0.795833 1.000000 0.779687 0.754167 1.000000 0.000000 0.000000 0.000000 0.000000 0.000000 0.000000 0.000000 0.000000 0.000000 0.000000 0.000000 0.000000
0 0.109797 0.666667 0.219594 0.644125 0.093750 0.491667 2.000000 0.000000 0.000000 0.000000 0.062500 0.479167 2.000000 0.000000 0.000000 0.000000 0.004687 0.552083 2.000000 0.071875 0.579167 2.000000 0.000000 0.000000 0.000000 0.203125 0.766667 2.000000 0.071875 0.970833 2.000000 0.100000 0.918750 2.000000 0.078125 0.697917 2.000000 0.000000 0.000000 0.000000 0.000000 0.000000 0.000000 0.000000 0.000000 0.000000 0.000000 0.000000 0.000000 0.000000 0.000000 0.000000 0.000000 0.000000 0.000000
0 0.199539 0.558333 0.248047 0.441000 0.237500 0.447917 2.000000 0.000000 0.000000 0.000000 0.218750 0.427083 2.000000 0.000000 0.000000 0.000000 0.159375 0.429167 2.000000 0.189062 0.525000 2.000000 0.114062 0.547917 2.000000 0.301563 0.658333 2.000000 0.257812 0.702083 2.000000 0.262500 0.531250 2.000000 0.000000 0.000000 0.000000 0.265625 0.743750 1.000000 0.210938 0.793750 1.000000 0.000000 0.000000 0.000000 0.000000 0.000000 0.000000 0.000000 0.000000 0.000000 0.000000 0.000000 0.000000
0 0.281828 0.486198 0.129844 0.315938 0.304688 0.404167 2.000000 0.000000 0.000000 0.000000 0.300000 0.393750 2.000000 0.000000 0.000000 0.000000 0.264062 0.402083 2.000000 0.289062 0.472917 2.000000 0.229687 0.508333 2.000000 0.298438 0.585417 1.000000 0.000000 0.000000 0.000000 0.342187 0.637500 1.000000 0.000000 0.000000 0.000000 0.301563 0.645833 1.000000 0.256250 0.689583 1.000000 0.000000 0.000000 0.000000 0.000000 0.000000 0.000000 0.000000 0.000000 0.000000 0.000000 0.000000 0.000000
0 0.349867 0.457167 0.097078 0.334958 0.367188 0.347917 2.000000 0.368750 0.335417 2.000000 0.351562 0.339583 2.000000 0.000000 0.000000 0.000000 0.321875 0.352083 2.000000 0.342187 0.410417 2.000000 0.317188 0.425000 2.000000 0.357812 0.508333 2.000000 0.325000 0.552083 2.000000 0.409375 0.554167 1.000000 0.390625 0.587500 1.000000 0.370312 0.558333 2.000000 0.357812 0.587500 2.000000 0.000000 0.000000 0.000000 0.000000 0.000000 0.000000 0.000000 0.000000 0.000000 0.000000 0.000000 0.000000
0 0.403461 0.415948 0.106047 0.249854 0.407813 0.347917 2.000000 0.000000 0.000000 0.000000 0.396875 0.339583 2.000000 0.000000 0.000000 0.000000 0.000000 0.000000 0.000000 0.401562 0.385417 2.000000 0.368750 0.397917 2.000000 0.423438 0.431250 2.000000 0.382812 0.495833 2.000000 0.446875 0.456250 2.000000 0.439063 0.475000 2.000000 0.000000 0.000000 0.000000 0.000000 0.000000 0.000000 0.000000 0.000000 0.000000 0.000000 0.000000 0.000000 0.000000 0.000000 0.000000 0.000000 0.000000 0.000000
0 0.479570 0.359938 0.148578 0.180958 0.448437 0.333333 2.000000 0.450000 0.320833 2.000000 0.442188 0.322917 2.000000 0.000000 0.000000 0.000000 0.417187 0.318750 2.000000 0.434375 0.350000 2.000000 0.415625 0.366667 2.000000 0.468750 0.406250 2.000000 0.448437 0.435417 2.000000 0.514062 0.397917 2.000000 0.509375 0.412500 2.000000 0.000000 0.000000 0.000000 0.000000 0.000000 0.000000 0.000000 0.000000 0.000000 0.000000 0.000000 0.000000 0.000000 0.000000 0.000000 0.000000 0.000000 0.000000
0 0.473141 0.315521 0.062594 0.161292 0.484375 0.277083 2.000000 0.000000 0.000000 0.000000 0.476562 0.268750 2.000000 0.000000 0.000000 0.000000 0.456250 0.277083 2.000000 0.485938 0.320833 2.000000 0.439063 0.320833 1.000000 0.493750 0.395833 1.000000 0.000000 0.000000 0.000000 0.000000 0.000000 0.000000 0.000000 0.000000 0.000000 0.000000 0.000000 0.000000 0.000000 0.000000 0.000000 0.000000 0.000000 0.000000 0.000000 0.000000 0.000000 0.000000 0.000000 0.000000 0.000000 0.000000 0.000000
0 0.686555 0.287719 0.052016 0.090604 0.667188 0.310417 2.000000 0.667188 0.300000 2.000000 0.000000 0.000000 0.000000 0.689063 0.291667 2.000000 0.000000 0.000000 0.000000 0.000000 0.000000 0.000000 0.000000 0.000000 0.000000 0.000000 0.000000 0.000000 0.000000 0.000000 0.000000 0.000000 0.000000 0.000000 0.000000 0.000000 0.000000 0.000000 0.000000 0.000000 0.000000 0.000000 0.000000 0.000000 0.000000 0.000000 0.000000 0.000000 0.000000 0.000000 0.000000 0.000000 0.000000 0.000000 0.000000
0 0.635664 0.315167 0.105766 0.167708 0.646875 0.283333 2.000000 0.654687 0.279167 2.000000 0.000000 0.000000 0.000000 0.670312 0.279167 1.000000 0.000000 0.000000 0.000000 0.687500 0.320833 1.000000 0.671875 0.308333 1.000000 0.000000 0.000000 0.000000 0.657813 0.370833 2.000000 0.000000 0.000000 0.000000 0.615625 0.350000 2.000000 0.695312 0.439583 1.000000 0.682813 0.422917 1.000000 0.000000 0.000000 0.000000 0.000000 0.000000 0.000000 0.000000 0.000000 0.000000 0.000000 0.000000 0.000000
0 0.864023 0.631750 0.271953 0.711708 0.857812 0.427083 2.000000 0.875000 0.400000 2.000000 0.000000 0.000000 0.000000 0.000000 0.000000 0.000000 0.000000 0.000000 0.000000 0.989062 0.616667 2.000000 0.865625 0.547917 2.000000 0.973437 0.887500 2.000000 0.821875 0.668750 2.000000 0.843750 0.789583 2.000000 0.800000 0.710417 2.000000 0.850000 0.914583 2.000000 0.796875 0.789583 2.000000 0.000000 0.000000 0.000000 0.000000 0.000000 0.000000 0.000000 0.000000 0.000000 0.000000 0.000000 0.000000
