0 0.194156 0.662237 0.250375 0.647190 0.000000 0.000000 0.000000 0.000000 0.000000 0.000000 0.000000 0.000000 0.000000 0.000000 0.000000 0.000000 0.220312 0.428571 2.000000 0.143750 0.512881 2.000000 0.223438 0.533958 2.000000 0.000000 0.000000 0.000000 0.243750 0.679157 2.000000 0.000000 0.000000 0.000000 0.301563 0.639344 2.000000 0.100000 0.775176 2.000000 0.159375 0.791569 2.000000 0.000000 0.000000 0.000000 0.000000 0.000000 0.000000 0.000000 0.000000 0.000000 0.000000 0.000000 0.000000
0 0.829109 0.474157 0.284875 0.534824 0.795312 0.337237 2.000000 0.807813 0.325527 2.000000 0.000000 0.000000 0.000000 0.853125 0.320843 2.000000 0.000000 0.000000 0.000000 0.918750 0.430913 2.000000 0.818750 0.395785 2.000000 0.932813 0.625293 2.000000 0.793750 0.538642 2.000000 0.890625 0.768150 1.000000 0.728125 0.585480 2.000000 0.871875 0.744731 1.000000 0.795312 0.725995 1.000000 0.000000 0.000000 0.000000 0.000000 0.000000 0.000000 0.000000 0.000000 0.000000 0.000000 0.000000 0.000000
0 0.330703 0.472307 0.158781 0.337822 0.332813 0.384075 2.000000 0.342187 0.372365 2.000000 0.323437 0.372365 2.000000 0.356250 0.374707 2.000000 0.309375 0.370023 2.000000 0.368750 0.426230 2.000000 0.293750 0.433255 2.000000 0.398438 0.517564 2.000000 0.267188 0.540984 2.000000 0.395313 0.580796 2.000000 0.312500 0.599532 2.000000 0.375000 0.648712 1.000000 0.315625 0.655738 1.000000 0.000000 0.000000 0.000000 0.000000 0.000000 0.000000 0.000000 0.000000 0.000000 0.000000 0.000000 0.000000
0 0.257375 0.460246 0.119938 0.361803 0.000000 0.000000 0.000000 0.000000 0.000000 0.000000 0.000000 0.000000 0.000000 0.251563 0.327869 2.000000 0.000000 0.000000 0.000000 0.287500 0.388759 2.000000 0.221875 0.393443 1.000000 0.306250 0.494145 1.000000 0.000000 0.000000 0.000000 0.000000 0.000000 0.000000 0.000000 0.000000 0.000000 0.282813 0.611241 2.000000 0.223438 0.615925 1.000000 0.000000 0.000000 0.000000 0.000000 0.000000 0.000000 0.000000 0.000000 0.000000 0.000000 0.000000 0.000000
0 0.603133 0.543372 0.124797 0.298782 0.581250 0.473068 1.000000 0.592187 0.459016 2.000000 0.000000 0.000000 0.000000 0.625000 0.463700 2.000000 0.000000 0.000000 0.000000 0.640625 0.524590 2.000000 0.592187 0.519906 2.000000 0.642188 0.608899 2.000000 0.581250 0.590164 2.000000 0.615625 0.669789 1.000000 0.568750 0.648712 2.000000 0.642188 0.688525 1.000000 0.603125 0.681499 1.000000 0.000000 0.000000 0.000000 0.000000 0.000000 0.000000 0.000000 0.000000 0.000000 0.000000 0.000000 0.000000
0 0.535969 0.533583 0.093250 0.254145 0.534375 0.491803 2.000000 0.543750 0.475410 2.000000 0.532813 0.475410 2.000000 0.571875 0.484778 2.000000 0.000000 0.000000 0.000000 0.585938 0.566745 1.000000 0.531250 0.548009 2.000000 0.582812 0.615925 1.000000 0.525000 0.604215 2.000000 0.565625 0.639344 1.000000 0.509375 0.613583 2.000000 0.000000 0.000000 0.000000 0.000000 0.000000 0.000000 0.000000 0.000000 0.000000 0.000000 0.000000 0.000000 0.000000 0.000000 0.000000 0.000000 0.000000 0.000000
0 0.708313 0.501417 0.096937 0.361756 0.671875 0.409836 2.000000 0.681250 0.398126 2.000000 0.000000 0.000000 0.000000 0.712500 0.405152 2.000000 0.000000 0.000000 0.000000 0.725000 0.461358 2.000000 0.701562 0.461358 2.000000 0.720313 0.569087 2.000000 0.000000 0.000000 0.000000 0.676562 0.562061 2.000000 0.000000 0.000000 0.000000 0.710938 0.660422 1.000000 0.682813 0.639344 2.000000 0.000000 0.000000 0.000000 0.000000 0.000000 0.000000 0.000000 0.000000 0.000000 0.000000 0.000000 0.000000
0 0.096227 0.619333 0.105297 0.609672 0.112500 0.395785 2.000000 0.117188 0.374707 2.000000 0.103125 0.379391 2.000000 0.000000 0.000000 0.000000 0.078125 0.391101 2.000000 0.129688 0.456674 2.000000 0.071875 0.456674 2.000000 0.000000 0.000000 0.000000 0.090625 0.569087 2.000000 0.000000 0.000000 0.000000 0.000000 0.000000 0.000000 0.101562 0.646370 2.000000 0.076563 0.655738 2.000000 0.118750 0.833724 1.000000 0.081250 0.845433 1.000000 0.000000 0.000000 0.000000 0.065625 0.992974 1.000000
0 0.485633 0.442553 0.208703 0.400281 0.471875 0.346604 2.000000 0.481250 0.327869 2.000000 0.462500 0.330211 2.000000 0.500000 0.320843 2.000000 0.000000 0.000000 0.000000 0.546875 0.370023 2.000000 0.454688 0.393443 2.000000 0.579688 0.430913 1.000000 0.442188 0.517564 2.000000 0.000000 0.000000 0.000000 0.418750 0.557377 2.000000 0.542188 0.608899 1.000000 0.479687 0.625293 1.000000 0.000000 0.000000 0.000000 0.000000 0.000000 0.000000 0.000000 0.000000 0.000000 0.000000 0.000000 0.000000
0 0.400219 0.377447 0.095281 0.328056 0.415625 0.288056 2.000000 0.426563 0.276347 2.000000 0.409375 0.274005 2.000000 0.440625 0.278689 2.000000 0.400000 0.266979 2.000000 0.456250 0.355972 1.000000 0.365625 0.344262 2.000000 0.000000 0.000000 0.000000 0.000000 0.000000 0.000000 0.000000 0.000000 0.000000 0.000000 0.000000 0.000000 0.432812 0.536300 1.000000 0.362500 0.533958 1.000000 0.000000 0.000000 0.000000 0.000000 0.000000 0.000000 0.000000 0.000000 0.000000 0.000000 0.000000 0.000000
