0 0.241875 0.672990 0.080656 0.526646 0.000000 0.000000 0.000000 0.000000 0.000000 0.000000 0.000000 0.000000 0.000000 0.000000 0.000000 0.000000 0.250000 0.481250 2.000000 0.000000 0.000000 0.000000 0.232813 0.537500 2.000000 0.000000 0.000000 0.000000 0.000000 0.000000 0.000000 0.000000 0.000000 0.000000 0.000000 0.000000 0.000000 0.000000 0.000000 0.000000 0.232813 0.708333 2.000000 0.000000 0.000000 0.000000 0.257812 0.802083 1.000000 0.000000 0.000000 0.000000 0.270313 0.902083 2.000000
0 0.306312 0.710885 0.143250 0.578229 0.337500 0.487500 2.000000 0.000000 0.000000 0.000000 0.335938 0.479167 2.000000 0.000000 0.000000 0.000000 0.317188 0.491667 2.000000 0.253125 0.554167 2.000000 0.306250 0.589583 2.000000 0.000000 0.000000 0.000000 0.328125 0.697917 2.000000 0.000000 0.000000 0.000000 0.359375 0.779167 2.000000 0.256250 0.725000 2.000000 0.284375 0.752083 2.000000 0.281250 0.847917 2.000000 0.310937 0.881250 2.000000 0.281250 0.956250 2.000000 0.000000 0.000000 0.000000
0 0.479727 0.748875 0.168922 0.482000 0.000000 0.000000 0.000000 0.000000 0.000000 0.000000 0.000000 0.000000 0.000000 0.000000 0.000000 0.000000 0.507812 0.616667 2.000000 0.418750 0.693750 2.000000 0.528125 0.704167 2.000000 0.414062 0.779167 2.000000 0.000000 0.000000 0.000000 0.000000 0.000000 0.000000 0.000000 0.000000 0.000000 0.450000 0.877083 2.000000 0.506250 0.877083 1.000000 0.000000 0.000000 0.000000 0.000000 0.000000 0.000000 0.000000 0.000000 0.000000 0.000000 0.000000 0.000000
0 0.772648 0.605365 0.169453 0.722604 0.753125 0.312500 2.000000 0.762500 0.304167 2.000000 0.000000 0.000000 0.000000 0.803125 0.322917 2.000000 0.000000 0.000000 0.000000 0.818750 0.416667 2.000000 0.784375 0.377083 2.000000 0.803125 0.572917 2.000000 0.000000 0.000000 0.000000 0.732812 0.547917 2.000000 0.732812 0.487500 2.000000 0.770312 0.614583 2.000000 0.756250 0.570833 2.000000 0.764062 0.766667 2.000000 0.703125 0.754167 2.000000 0.770312 0.918750 2.000000 0.751563 0.902083 2.000000
0 0.914008 0.665063 0.168484 0.522875 0.948438 0.485417 2.000000 0.000000 0.000000 0.000000 0.000000 0.000000 0.000000 0.987500 0.504167 2.000000 0.000000 0.000000 0.000000 0.951562 0.662500 2.000000 0.000000 0.000000 0.000000 0.890625 0.718750 2.000000 0.000000 0.000000 0.000000 0.000000 0.000000 0.000000 0.000000 0.000000 0.000000 0.926562 0.860417 2.000000 0.000000 0.000000 0.000000 0.000000 0.000000 0.000000 0.000000 0.000000 0.000000 0.000000 0.000000 0.000000 0.000000 0.000000 0.000000
0 0.856375 0.273229 0.062031 0.183500 0.860938 0.200000 2.000000 0.862500 0.197917 2.000000 0.859375 0.197917 2.000000 0.868750 0.195833 2.000000 0.854688 0.195833 2.000000 0.870313 0.218750 2.000000 0.850000 0.214583 2.000000 0.878125 0.245833 2.000000 0.834375 0.229167 1.000000 0.867188 0.254167 2.000000 0.831250 0.250000 2.000000 0.860938 0.262500 2.000000 0.846875 0.262500 2.000000 0.857812 0.304167 2.000000 0.845313 0.297917 2.000000 0.853125 0.343750 2.000000 0.842187 0.345833 2.000000
0 0.562617 0.362708 0.086891 0.382667 0.560937 0.204167 2.000000 0.565625 0.197917 2.000000 0.556250 0.197917 2.000000 0.576562 0.204167 2.000000 0.550000 0.202083 2.000000 0.582812 0.241667 2.000000 0.537500 0.245833 2.000000 0.573438 0.281250 2.000000 0.523438 0.291667 2.000000 0.539062 0.270833 2.000000 0.571875 0.287500 2.000000 0.573438 0.360417 1.000000 0.546875 0.360417 1.000000 0.581250 0.443750 1.000000 0.000000 0.000000 0.000000 0.589063 0.525000 2.000000 0.000000 0.000000 0.000000
0 0.532227 0.481635 0.125672 0.405687 0.528125 0.337500 2.000000 0.532813 0.331250 2.000000 0.000000 0.000000 0.000000 0.554688 0.329167 2.000000 0.000000 0.000000 0.000000 0.571875 0.368750 2.000000 0.529687 0.364583 2.000000 0.579688 0.456250 2.000000 0.520312 0.420833 2.000000 0.529687 0.445833 2.000000 0.503125 0.433333 2.000000 0.562500 0.489583 2.000000 0.531250 0.487500 2.000000 0.556250 0.618750 2.000000 0.531250 0.608333 2.000000 0.000000 0.000000 0.000000 0.535937 0.702083 1.000000
0 0.596297 0.795063 0.281469 0.385167 0.000000 0.000000 0.000000 0.000000 0.000000 0.000000 0.000000 0.000000 0.000000 0.550000 0.708333 2.000000 0.646875 0.718750 2.000000 0.495312 0.831250 2.000000 0.682813 0.835417 2.000000 0.465625 0.966667 2.000000 0.000000 0.000000 0.000000 0.000000 0.000000 0.000000 0.000000 0.000000 0.000000 0.000000 0.000000 0.000000 0.000000 0.000000 0.000000 0.000000 0.000000 0.000000 0.000000 0.000000 0.000000 0.000000 0.000000 0.000000 0.000000 0.000000 0.000000
0 0.662953 0.374615 0.110219 0.222729 0.662500 0.320833 2.000000 0.668750 0.310417 2.000000 0.654687 0.310417 2.000000 0.678125 0.310417 2.000000 0.642188 0.306250 2.000000 0.689063 0.356250 2.000000 0.629687 0.356250 2.000000 0.710938 0.431250 2.000000 0.606250 0.427083 1.000000 0.689063 0.410417 2.000000 0.620313 0.429167 2.000000 0.673438 0.504167 1.000000 0.635938 0.504167 1.000000 0.667188 0.591667 1.000000 0.639062 0.589583 1.000000 0.000000 0.000000 0.000000 0.000000 0.000000 0.000000
0 0.321383 0.261208 0.083547 0.157667 0.323437 0.216667 2.000000 0.326562 0.208333 2.000000 0.315625 0.210417 2.000000 0.332813 0.210417 1.000000 0.303125 0.216667 2.000000 0.343750 0.254167 2.000000 0.290625 0.256250 2.000000 0.357812 0.325000 2.000000 0.287500 0.331250 2.000000 0.309375 0.310417 1.000000 0.340625 0.312500 2.000000 0.335938 0.356250 1.000000 0.307812 0.356250 1.000000 0.000000 0.000000 0.000000 0.000000 0.000000 0.000000 0.000000 0.000000 0.000000 0.000000 0.000000 0.000000
0 0.057672 0.259979 0.063594 0.151500 0.073438 0.227083 2.000000 0.000000 0.000000 0.000000 0.068750 0.218750 2.000000 0.000000 0.000000 0.000000 0.050000 0.225000 2.000000 0.079687 0.264583 2.000000 0.028125 0.281250 1.000000 0.000000 0.000000 0.000000 0.000000 0.000000 0.000000 0.000000 0.000000 0.000000 0.000000 0.000000 0.000000 0.000000 0.000000 0.000000 0.000000 0.000000 0.000000 0.000000 0.000000 0.000000 0.000000 0.000000 0.000000 0.000000 0.000000 0.000000 0.000000 0.000000 0.000000
