0 0.851570 0.605387 0.206828 0.490822 0.865625 0.455399 2.000000 0.882812 0.436620 2.000000 0.860938 0.431925 2.000000 0.917188 0.448357 2.000000 0.000000 0.000000 0.000000 0.914062 0.539906 2.000000 0.892188 0.518779 2.000000 0.848437 0.678404 2.000000 0.845313 0.619718 2.000000 0.784375 0.704225 1.000000 0.784375 0.671362 2.000000 0.860938 0.784038 2.000000 0.842187 0.765258 2.000000 0.692187 0.746479 1.000000 0.698438 0.718310 1.000000 0.000000 0.000000 0.000000 0.000000 0.000000 0.000000
0 0.662312 0.403944 0.138031 0.229202 0.643750 0.349765 2.000000 0.651563 0.338028 2.000000 0.637500 0.338028 2.000000 0.668750 0.335681 2.000000 0.000000 0.000000 0.000000 0.698438 0.403756 2.000000 0.618750 0.401408 2.000000 0.707812 0.483568 2.000000 0.604688 0.481221 2.000000 0.000000 0.000000 0.000000 0.000000 0.000000 0.000000 0.000000 0.000000 0.000000 0.000000 0.000000 0.000000 0.000000 0.000000 0.000000 0.000000 0.000000 0.000000 0.000000 0.000000 0.000000 0.000000 0.000000 0.000000
0 0.554258 0.399085 0.098797 0.186479 0.546875 0.347418 2.000000 0.554688 0.335681 2.000000 0.542188 0.338028 2.000000 0.568750 0.335681 1.000000 0.000000 0.000000 0.000000 0.590625 0.396714 2.000000 0.525000 0.396714 2.000000 0.596875 0.481221 1.000000 0.509375 0.471831 1.000000 0.000000 0.000000 0.000000 0.000000 0.000000 0.000000 0.000000 0.000000 0.000000 0.000000 0.000000 0.000000 0.000000 0.000000 0.000000 0.000000 0.000000 0.000000 0.000000 0.000000 0.000000 0.000000 0.000000 0.000000
0 0.906977 0.267054 0.100703 0.220540 0.000000 0.000000 0.000000 0.000000 0.000000 0.000000 0.000000 0.000000 0.000000 0.896875 0.194836 2.000000 0.921875 0.192488 2.000000 0.879687 0.248826 2.000000 0.942187 0.246479 2.000000 0.862500 0.321596 2.000000 0.946875 0.314554 2.000000 0.000000 0.000000 0.000000 0.920312 0.323944 2.000000 0.890625 0.366197 1.000000 0.926562 0.366197 2.000000 0.000000 0.000000 0.000000 0.000000 0.000000 0.000000 0.000000 0.000000 0.000000 0.000000 0.000000 0.000000
0 0.434773 0.395869 0.109953 0.196385 0.428125 0.352113 2.000000 0.434375 0.342723 2.000000 0.421875 0.342723 2.000000 0.443750 0.352113 2.000000 0.410938 0.352113 2.000000 0.460938 0.401408 2.000000 0.393750 0.417840 2.000000 0.482812 0.483568 1.000000 0.385937 0.490610 1.000000 0.000000 0.000000 0.000000 0.000000 0.000000 0.000000 0.000000 0.000000 0.000000 0.000000 0.000000 0.000000 0.000000 0.000000 0.000000 0.000000 0.000000 0.000000 0.000000 0.000000 0.000000 0.000000 0.000000 0.000000
0 0.833375 0.491937 0.132719 0.361385 0.856250 0.373239 2.000000 0.867188 0.366197 2.000000 0.848437 0.366197 2.000000 0.885938 0.375587 1.000000 0.840625 0.382629 2.000000 0.878125 0.467136 1.000000 0.840625 0.436620 2.000000 0.832812 0.603286 1.000000 0.795312 0.532864 2.000000 0.795312 0.612676 2.000000 0.762500 0.591549 1.000000 0.806250 0.615023 2.000000 0.782813 0.591549 1.000000 0.000000 0.000000 0.000000 0.000000 0.000000 0.000000 0.000000 0.000000 0.000000 0.000000 0.000000 0.000000
0 0.172766 0.456185 0.088250 0.238192 0.185938 0.396714 2.000000 0.192188 0.387324 2.000000 0.176563 0.387324 2.000000 0.000000 0.000000 0.000000 0.157812 0.382629 2.000000 0.187500 0.464789 2.000000 0.132812 0.460094 2.000000 0.198437 0.556338 1.000000 0.140625 0.561033 1.000000 0.198437 0.509390 2.000000 0.168750 0.509390 1.000000 0.176563 0.598592 1.000000 0.148438 0.605634 1.000000 0.226562 0.654930 1.000000 0.215625 0.666667 1.000000 0.000000 0.000000 0.000000 0.000000 0.000000 0.000000
0 0.073203 0.579413 0.145187 0.511174 0.118750 0.389671 2.000000 0.123438 0.382629 2.000000 0.109375 0.373239 2.000000 0.000000 0.000000 0.000000 0.078125 0.377934 2.000000 0.117188 0.453052 2.000000 0.051562 0.453052 2.000000 0.000000 0.000000 0.000000 0.010937 0.568075 2.000000 0.000000 0.000000 0.000000 0.050000 0.683099 2.000000 0.104688 0.650235 2.000000 0.053125 0.647887 2.000000 0.168750 0.690141 1.000000 0.098437 0.769953 2.000000 0.000000 0.000000 0.000000 0.000000 0.000000 0.000000
0 0.316992 0.369636 0.066297 0.171808 0.289062 0.319249 2.000000 0.296875 0.314554 2.000000 0.290625 0.312207 2.000000 0.309375 0.326291 2.000000 0.000000 0.000000 0.000000 0.326562 0.361502 2.000000 0.287500 0.363850 1.000000 0.337500 0.422535 2.000000 0.000000 0.000000 0.000000 0.300000 0.422535 1.000000 0.000000 0.000000 0.000000 0.314063 0.464789 1.000000 0.293750 0.462441 1.000000 0.000000 0.000000 0.000000 0.000000 0.000000 0.000000 0.000000 0.000000 0.000000 0.000000 0.000000 0.000000
0 0.271953 0.425599 0.097469 0.189507 0.273438 0.382629 2.000000 0.279687 0.370892 2.000000 0.262500 0.373239 2.000000 0.287500 0.380282 2.000000 0.250000 0.377934 2.000000 0.307812 0.429577 2.000000 0.237500 0.438967 2.000000 0.000000 0.000000 0.000000 0.235937 0.528169 1.000000 0.000000 0.000000 0.000000 0.000000 0.000000 0.000000 0.310937 0.537559 1.000000 0.257812 0.546948 1.000000 0.000000 0.000000 0.000000 0.000000 0.000000 0.000000 0.000000 0.000000 0.000000 0.000000 0.000000 0.000000
