0 0.423914 0.485028 0.101047 0.561389 0.435937 0.272222 2.000000 0.434375 0.261111 2.000000 0.429688 0.263889 2.000000 0.000000 0.000000 0.000000 0.409375 0.269444 2.000000 0.442188 0.297222 2.000000 0.390625 0.336111 2.000000 0.459375 0.363889 2.000000 0.392188 0.419444 2.000000 0.459375 0.397222 2.000000 0.400000 0.500000 2.000000 0.451562 0.455556 2.000000 0.425000 0.480556 2.000000 0.465625 0.597222 2.000000 0.421875 0.605556 2.000000 0.465625 0.702778 2.000000 0.417187 0.711111 2.000000
0 0.243961 0.480903 0.080891 0.552806 0.268750 0.252778 2.000000 0.271875 0.241667 2.000000 0.260937 0.244444 2.000000 0.000000 0.000000 0.000000 0.246875 0.252778 2.000000 0.271875 0.308333 2.000000 0.225000 0.316667 2.000000 0.000000 0.000000 0.000000 0.218750 0.394444 2.000000 0.000000 0.000000 0.000000 0.246875 0.422222 2.000000 0.268750 0.480556 2.000000 0.235937 0.480556 2.000000 0.265625 0.602778 2.000000 0.235937 0.600000 2.000000 0.259375 0.711111 2.000000 0.228125 0.716667 2.000000
0 0.667422 0.467417 0.101125 0.597778 0.659375 0.225000 2.000000 0.668750 0.213889 2.000000 0.654687 0.211111 2.000000 0.000000 0.000000 0.000000 0.645312 0.208333 1.000000 0.690625 0.283333 2.000000 0.631250 0.280556 2.000000 0.706250 0.375000 2.000000 0.620313 0.377778 2.000000 0.693750 0.419444 2.000000 0.618750 0.477778 2.000000 0.679688 0.461111 2.000000 0.635938 0.461111 2.000000 0.671875 0.594444 2.000000 0.648438 0.588889 2.000000 0.679688 0.730556 2.000000 0.657813 0.725000 2.000000
0 0.776766 0.468417 0.102188 0.603444 0.762500 0.216667 1.000000 0.767188 0.205556 2.000000 0.000000 0.000000 0.000000 0.785937 0.208333 2.000000 0.000000 0.000000 0.000000 0.804688 0.266667 2.000000 0.787500 0.266667 2.000000 0.806250 0.388889 2.000000 0.000000 0.000000 0.000000 0.753125 0.394444 2.000000 0.000000 0.000000 0.000000 0.801562 0.447222 2.000000 0.781250 0.444444 2.000000 0.800000 0.622222 2.000000 0.768750 0.611111 1.000000 0.815625 0.730556 2.000000 0.764062 0.719444 1.000000
0 0.705336 0.461806 0.070797 0.591000 0.675000 0.227778 2.000000 0.679688 0.213889 2.000000 0.000000 0.000000 0.000000 0.693750 0.216667 2.000000 0.000000 0.000000 0.000000 0.715625 0.283333 2.000000 0.000000 0.000000 0.000000 0.726562 0.369444 2.000000 0.000000 0.000000 0.000000 0.715625 0.441667 2.000000 0.000000 0.000000 0.000000 0.704688 0.438889 1.000000 0.000000 0.000000 0.000000 0.709375 0.569444 2.000000 0.000000 0.000000 0.000000 0.710938 0.686111 2.000000 0.000000 0.000000 0.000000
0 0.325141 0.486417 0.114469 0.554833 0.345313 0.252778 2.000000 0.351562 0.244444 2.000000 0.339062 0.244444 2.000000 0.000000 0.000000 0.000000 0.325000 0.258333 2.000000 0.357812 0.316667 2.000000 0.304688 0.300000 2.000000 0.371875 0.394444 2.000000 0.279687 0.377778 2.000000 0.378125 0.419444 2.000000 0.287500 0.427778 2.000000 0.339062 0.477778 2.000000 0.317188 0.472222 2.000000 0.346875 0.622222 2.000000 0.307812 0.625000 2.000000 0.345313 0.719444 2.000000 0.310937 0.727778 2.000000
0 0.119438 0.491722 0.138063 0.570833 0.128125 0.244444 2.000000 0.134375 0.236111 2.000000 0.121875 0.236111 2.000000 0.143750 0.247222 2.000000 0.117188 0.244444 1.000000 0.153125 0.308333 2.000000 0.109375 0.322222 2.000000 0.165625 0.330556 2.000000 0.101562 0.419444 2.000000 0.167187 0.355556 2.000000 0.084375 0.494444 2.000000 0.140625 0.475000 2.000000 0.109375 0.469444 2.000000 0.140625 0.611111 2.000000 0.087500 0.594444 2.000000 0.137500 0.719444 2.000000 0.090625 0.702778 2.000000
0 0.858258 0.497125 0.149703 0.600583 0.832812 0.250000 2.000000 0.835938 0.238889 2.000000 0.000000 0.000000 0.000000 0.857812 0.247222 2.000000 0.000000 0.000000 0.000000 0.873437 0.286111 2.000000 0.834375 0.297222 2.000000 0.834375 0.352778 2.000000 0.828125 0.369444 2.000000 0.825000 0.280556 2.000000 0.812500 0.344444 2.000000 0.862500 0.483333 2.000000 0.843750 0.486111 2.000000 0.882812 0.647222 2.000000 0.840625 0.630556 2.000000 0.904687 0.738889 2.000000 0.832812 0.752778 2.000000
0 0.380711 0.457361 0.060703 0.588778 0.373437 0.208333 2.000000 0.378125 0.200000 2.000000 0.367188 0.202778 2.000000 0.387500 0.211111 2.000000 0.359375 0.216667 2.000000 0.404687 0.266667 1.000000 0.343750 0.266667 1.000000 0.000000 0.000000 0.000000 0.000000 0.000000 0.000000 0.000000 0.000000 0.000000 0.000000 0.000000 0.000000 0.393750 0.444444 1.000000 0.353125 0.447222 1.000000 0.396875 0.580556 2.000000 0.359375 0.575000 1.000000 0.389062 0.725000 2.000000 0.360938 0.725000 1.000000
0 0.552477 0.480667 0.098766 0.571833 0.535937 0.252778 2.000000 0.540625 0.247222 2.000000 0.531250 0.247222 2.000000 0.556250 0.252778 2.000000 0.000000 0.000000 0.000000 0.567187 0.311111 2.000000 0.521875 0.316667 1.000000 0.582812 0.394444 2.000000 0.000000 0.000000 0.000000 0.595313 0.475000 2.000000 0.000000 0.000000 0.000000 0.550000 0.477778 2.000000 0.510938 0.475000 1.000000 0.548438 0.608333 2.000000 0.520312 0.600000 2.000000 0.575000 0.697222 2.000000 0.534375 0.705556 2.000000
0 0.502492 0.464236 0.063047 0.549528 0.493750 0.247222 2.000000 0.501563 0.233333 2.000000 0.487500 0.238889 2.000000 0.514062 0.241667 2.000000 0.000000 0.000000 0.000000 0.515625 0.294444 2.000000 0.479687 0.297222 2.000000 0.512500 0.394444 2.000000 0.476562 0.391667 2.000000 0.000000 0.000000 0.000000 0.000000 0.000000 0.000000 0.514062 0.444444 1.000000 0.482812 0.438889 2.000000 0.501563 0.536111 2.000000 0.482812 0.536111 1.000000 0.000000 0.000000 0.000000 0.000000 0.000000 0.000000
0 0.600961 0.450667 0.079453 0.587444 0.578125 0.208333 2.000000 0.582812 0.191667 2.000000 0.571875 0.194444 2.000000 0.596875 0.188889 2.000000 0.000000 0.000000 0.000000 0.614062 0.238889 2.000000 0.565625 0.252778 1.000000 0.000000 0.000000 0.000000 0.000000 0.000000 0.000000 0.000000 0.000000 0.000000 0.000000 0.000000 0.000000 0.607812 0.413889 2.000000 0.578125 0.419444 1.000000 0.610938 0.577778 2.000000 0.581250 0.577778 2.000000 0.604688 0.700000 2.000000 0.579688 0.697222 1.000000
