0 0.106945 0.791009 0.213891 0.413474 0.096875 0.671362 2.000000 0.110937 0.654930 2.000000 0.092188 0.654930 2.000000 0.143750 0.669014 2.000000 0.000000 0.000000 0.000000 0.173437 0.725352 2.000000 0.081250 0.725352 2.000000 0.153125 0.852113 2.000000 0.064062 0.852113 2.000000 0.112500 0.741784 2.000000 0.070312 0.741784 2.000000 0.162500 0.906103 2.000000 0.092188 0.901408 2.000000 0.150000 0.887324 2.000000 0.048438 0.892019 2.000000 0.000000 0.000000 0.000000 0.000000 0.000000 0.000000
0 0.193977 0.588415 0.053266 0.227770 0.000000 0.000000 0.000000 0.000000 0.000000 0.000000 0.000000 0.000000 0.000000 0.196875 0.492958 2.000000 0.000000 0.000000 0.000000 0.195312 0.514085 2.000000 0.215625 0.516432 2.000000 0.182812 0.551643 2.000000 0.000000 0.000000 0.000000 0.000000 0.000000 0.000000 0.000000 0.000000 0.000000 0.198437 0.586854 2.000000 0.217188 0.591549 2.000000 0.173437 0.617371 2.000000 0.000000 0.000000 0.000000 0.201563 0.622066 2.000000 0.000000 0.000000 0.000000
0 0.270766 0.607453 0.072875 0.306127 0.000000 0.000000 0.000000 0.000000 0.000000 0.000000 0.000000 0.000000 0.000000 0.000000 0.000000 0.000000 0.271875 0.483568 2.000000 0.240625 0.518779 2.000000 0.262500 0.518779 2.000000 0.000000 0.000000 0.000000 0.278125 0.558685 2.000000 0.000000 0.000000 0.000000 0.301563 0.553991 2.000000 0.243750 0.610329 2.000000 0.267188 0.607981 2.000000 0.251563 0.673709 2.000000 0.265625 0.683099 2.000000 0.253125 0.720657 2.000000 0.257812 0.741784 2.000000
0 0.800586 0.652793 0.109578 0.391737 0.000000 0.000000 0.000000 0.000000 0.000000 0.000000 0.000000 0.000000 0.000000 0.000000 0.000000 0.000000 0.000000 0.000000 0.000000 0.745313 0.511737 1.000000 0.785937 0.485915 1.000000 0.759375 0.568075 2.000000 0.000000 0.000000 0.000000 0.789062 0.598592 2.000000 0.000000 0.000000 0.000000 0.796875 0.605634 2.000000 0.848437 0.589202 2.000000 0.778125 0.704225 2.000000 0.821875 0.687793 1.000000 0.789062 0.830986 2.000000 0.835938 0.805164 1.000000
0 0.482977 0.506678 0.077547 0.132136 0.000000 0.000000 0.000000 0.000000 0.000000 0.000000 0.000000 0.000000 0.000000 0.475000 0.464789 2.000000 0.000000 0.000000 0.000000 0.471875 0.497653 2.000000 0.501563 0.495305 2.000000 0.459375 0.542254 2.000000 0.000000 0.000000 0.000000 0.454688 0.535211 2.000000 0.000000 0.000000 0.000000 0.478125 0.558685 2.000000 0.498437 0.558685 2.000000 0.000000 0.000000 0.000000 0.000000 0.000000 0.000000 0.000000 0.000000 0.000000 0.000000 0.000000 0.000000
0 0.549375 0.559718 0.072281 0.281878 0.000000 0.000000 0.000000 0.000000 0.000000 0.000000 0.000000 0.000000 0.000000 0.000000 0.000000 0.000000 0.000000 0.000000 0.000000 0.532813 0.478873 2.000000 0.565625 0.471831 2.000000 0.531250 0.537559 2.000000 0.573438 0.518779 2.000000 0.520312 0.579812 2.000000 0.570312 0.579812 1.000000 0.000000 0.000000 0.000000 0.000000 0.000000 0.000000 0.000000 0.000000 0.000000 0.000000 0.000000 0.000000 0.000000 0.000000 0.000000 0.000000 0.000000 0.000000
0 0.677328 0.509002 0.150500 0.378380 0.671875 0.382629 2.000000 0.671875 0.366197 2.000000 0.000000 0.000000 0.000000 0.687500 0.368545 2.000000 0.000000 0.000000 0.000000 0.696875 0.441315 2.000000 0.721875 0.429577 2.000000 0.681250 0.544601 2.000000 0.000000 0.000000 0.000000 0.631250 0.544601 2.000000 0.000000 0.000000 0.000000 0.701562 0.619718 1.000000 0.725000 0.615023 1.000000 0.689063 0.748826 1.000000 0.718750 0.744131 1.000000 0.000000 0.000000 0.000000 0.000000 0.000000 0.000000
0 0.633367 0.469002 0.060922 0.137723 0.626563 0.431925 2.000000 0.628125 0.429577 2.000000 0.000000 0.000000 0.000000 0.634375 0.429577 2.000000 0.000000 0.000000 0.000000 0.631250 0.462441 2.000000 0.651563 0.462441 2.000000 0.609375 0.509390 2.000000 0.640625 0.502347 2.000000 0.637500 0.504695 2.000000 0.615625 0.509390 2.000000 0.629687 0.530516 2.000000 0.645312 0.530516 2.000000 0.000000 0.000000 0.000000 0.000000 0.000000 0.000000 0.000000 0.000000 0.000000 0.000000 0.000000 0.000000
0 0.383422 0.461491 0.119687 0.146831 0.420312 0.417840 2.000000 0.000000 0.000000 0.000000 0.414062 0.413146 2.000000 0.000000 0.000000 0.000000 0.395313 0.422535 2.000000 0.406250 0.462441 2.000000 0.373437 0.455399 2.000000 0.432812 0.521127 1.000000 0.407813 0.497653 2.000000 0.404687 0.518779 1.000000 0.409375 0.441315 2.000000 0.384375 0.553991 1.000000 0.356250 0.549296 1.000000 0.000000 0.000000 0.000000 0.000000 0.000000 0.000000 0.000000 0.000000 0.000000 0.000000 0.000000 0.000000
0 0.845758 0.519131 0.087484 0.170469 0.807813 0.464789 2.000000 0.812500 0.457746 2.000000 0.000000 0.000000 0.000000 0.826562 0.457746 2.000000 0.000000 0.000000 0.000000 0.848437 0.495305 2.000000 0.806250 0.504695 1.000000 0.857812 0.530516 2.000000 0.000000 0.000000 0.000000 0.875000 0.542254 2.000000 0.000000 0.000000 0.000000 0.850000 0.603286 1.000000 0.814063 0.612676 1.000000 0.000000 0.000000 0.000000 0.000000 0.000000 0.000000 0.000000 0.000000 0.000000 0.000000 0.000000 0.000000
