0 0.920445 0.419577 0.159109 0.839153 0.000000 0.000000 0.000000 0.000000 0.000000 0.000000 0.000000 0.000000 0.000000 0.000000 0.000000 0.000000 0.000000 0.000000 0.000000 0.000000 0.000000 0.000000 0.000000 0.000000 0.000000 0.917188 0.060847 2.000000 0.000000 0.000000 0.000000 0.917188 0.230159 2.000000 0.000000 0.000000 0.000000 0.965625 0.253968 2.000000 0.000000 0.000000 0.000000 0.907813 0.544974 2.000000 0.975000 0.537037 2.000000 0.904687 0.775132 2.000000 0.967187 0.764550 2.000000
0 0.521453 0.647526 0.117062 0.193677 0.556250 0.611111 2.000000 0.564063 0.605820 2.000000 0.551562 0.600529 2.000000 0.000000 0.000000 0.000000 0.535937 0.595238 2.000000 0.557813 0.653439 2.000000 0.521875 0.629630 2.000000 0.565625 0.690476 2.000000 0.501563 0.658730 2.000000 0.571875 0.724868 2.000000 0.482812 0.693122 2.000000 0.521875 0.727513 2.000000 0.506250 0.711640 2.000000 0.557813 0.698413 2.000000 0.521875 0.661376 2.000000 0.532813 0.724868 2.000000 0.509375 0.711640 2.000000
0 0.607883 0.413492 0.079641 0.408995 0.596875 0.246032 2.000000 0.600000 0.235450 2.000000 0.593750 0.238095 2.000000 0.614062 0.232804 2.000000 0.000000 0.000000 0.000000 0.635938 0.283069 2.000000 0.592187 0.288360 1.000000 0.642188 0.351852 2.000000 0.585938 0.349206 2.000000 0.628125 0.407407 2.000000 0.581250 0.399471 2.000000 0.618750 0.407407 2.000000 0.595313 0.410053 2.000000 0.617188 0.497354 2.000000 0.598437 0.507937 2.000000 0.628125 0.595238 2.000000 0.606250 0.600529 2.000000
0 0.217461 0.551878 0.254422 0.546878 0.304688 0.399471 2.000000 0.000000 0.000000 0.000000 0.306250 0.383598 2.000000 0.000000 0.000000 0.000000 0.289062 0.354497 2.000000 0.000000 0.000000 0.000000 0.239063 0.391534 2.000000 0.000000 0.000000 0.000000 0.248438 0.547619 2.000000 0.000000 0.000000 0.000000 0.282813 0.661376 2.000000 0.100000 0.428571 2.000000 0.125000 0.433862 2.000000 0.167187 0.621693 2.000000 0.221875 0.582011 2.000000 0.118750 0.777778 2.000000 0.176563 0.751323 2.000000
0 0.039820 0.501124 0.076984 0.458439 0.000000 0.351852 1.000000 0.004687 0.335979 2.000000 0.000000 0.000000 0.000000 0.000000 0.000000 0.000000 0.000000 0.000000 0.000000 0.021875 0.388889 2.000000 0.000000 0.000000 0.000000 0.057813 0.470899 2.000000 0.000000 0.000000 0.000000 0.028125 0.537037 1.000000 0.000000 0.000000 0.000000 0.007812 0.558201 1.000000 0.000000 0.000000 0.000000 0.000000 0.000000 0.000000 0.000000 0.000000 0.000000 0.000000 0.000000 0.000000 0.000000 0.000000 0.000000
0 0.748000 0.508320 0.125937 0.242566 0.748437 0.439153 2.000000 0.753125 0.428571 2.000000 0.743750 0.431217 2.000000 0.765625 0.425926 2.000000 0.000000 0.000000 0.000000 0.781250 0.457672 2.000000 0.754687 0.460317 2.000000 0.751563 0.486772 2.000000 0.734375 0.484127 2.000000 0.707812 0.510582 2.000000 0.701562 0.502646 2.000000 0.789062 0.595238 2.000000 0.760938 0.597884 2.000000 0.745313 0.521164 2.000000 0.717187 0.521164 2.000000 0.739062 0.608466 2.000000 0.725000 0.600529 2.000000
0 0.831312 0.407421 0.063594 0.272513 0.831250 0.304233 2.000000 0.834375 0.298942 2.000000 0.826562 0.298942 2.000000 0.840625 0.298942 2.000000 0.823438 0.301587 2.000000 0.843750 0.330688 2.000000 0.814063 0.333333 2.000000 0.859375 0.370370 2.000000 0.807813 0.375661 2.000000 0.850000 0.407407 2.000000 0.807813 0.412698 2.000000 0.840625 0.417989 2.000000 0.817187 0.417989 2.000000 0.842187 0.478836 2.000000 0.812500 0.484127 2.000000 0.000000 0.000000 0.000000 0.818750 0.534392 2.000000
0 0.409484 0.546111 0.186156 0.243386 0.446875 0.473545 2.000000 0.451562 0.462963 2.000000 0.443750 0.462963 2.000000 0.462500 0.462963 2.000000 0.000000 0.000000 0.000000 0.470313 0.500000 2.000000 0.446875 0.484127 2.000000 0.481250 0.574074 2.000000 0.000000 0.000000 0.000000 0.490625 0.634921 2.000000 0.000000 0.000000 0.000000 0.428125 0.597884 2.000000 0.412500 0.589947 2.000000 0.375000 0.589947 2.000000 0.353125 0.589947 2.000000 0.381250 0.642857 2.000000 0.367188 0.640212 2.000000
0 0.837063 0.520212 0.128406 0.311746 0.871875 0.428571 2.000000 0.881250 0.420635 2.000000 0.870313 0.420635 2.000000 0.900000 0.423280 1.000000 0.000000 0.000000 0.000000 0.918750 0.478836 1.000000 0.860938 0.484127 2.000000 0.907813 0.547619 1.000000 0.840625 0.544974 2.000000 0.878125 0.595238 2.000000 0.818750 0.597884 2.000000 0.921875 0.584656 1.000000 0.885938 0.584656 2.000000 0.893750 0.605820 2.000000 0.815625 0.560847 1.000000 0.851562 0.645503 2.000000 0.809375 0.642857 2.000000
0 0.691070 0.521310 0.114359 0.212778 0.718750 0.452381 2.000000 0.723437 0.441799 2.000000 0.715625 0.447090 2.000000 0.734375 0.444444 2.000000 0.000000 0.000000 0.000000 0.745313 0.478836 1.000000 0.712500 0.478836 2.000000 0.000000 0.000000 0.000000 0.695312 0.531746 1.000000 0.726562 0.576720 1.000000 0.692187 0.571429 2.000000 0.739062 0.584656 1.000000 0.715625 0.584656 2.000000 0.000000 0.000000 0.000000 0.679688 0.579365 2.000000 0.000000 0.000000 0.000000 0.651563 0.624339 2.000000
0 0.897563 0.693823 0.204875 0.193942 0.000000 0.000000 0.000000 0.000000 0.000000 0.000000 0.000000 0.000000 0.000000 0.000000 0.000000 0.000000 0.000000 0.000000 0.000000 0.000000 0.000000 0.000000 0.000000 0.000000 0.000000 0.000000 0.000000 0.000000 0.000000 0.000000 0.000000 0.000000 0.000000 0.000000 0.956250 0.613757 2.000000 0.000000 0.000000 0.000000 0.000000 0.000000 0.000000 0.957812 0.658730 2.000000 0.912500 0.642857 1.000000 0.895312 0.738095 2.000000 0.839063 0.719577 2.000000
