0 0.929055 0.636260 0.141891 0.693688 0.867188 0.385417 2.000000 0.878125 0.375000 2.000000 0.000000 0.000000 0.000000 0.907813 0.395833 2.000000 0.000000 0.000000 0.000000 0.925000 0.581250 2.000000 0.000000 0.000000 0.000000 0.873437 0.743750 1.000000 0.000000 0.000000 0.000000 0.000000 0.000000 0.000000 0.000000 0.000000 0.000000 0.959375 0.937500 2.000000 0.000000 0.000000 0.000000 0.000000 0.000000 0.000000 0.000000 0.000000 0.000000 0.000000 0.000000 0.000000 0.000000 0.000000 0.000000
0 0.483109 0.288292 0.185812 0.385125 0.495312 0.160417 2.000000 0.507812 0.152083 2.000000 0.487500 0.145833 2.000000 0.526563 0.160417 2.000000 0.481250 0.145833 2.000000 0.551562 0.227083 2.000000 0.443750 0.227083 2.000000 0.559375 0.295833 2.000000 0.410938 0.327083 2.000000 0.545312 0.389583 2.000000 0.406250 0.437500 1.000000 0.531250 0.445833 1.000000 0.459375 0.443750 1.000000 0.000000 0.000000 0.000000 0.000000 0.000000 0.000000 0.000000 0.000000 0.000000 0.000000 0.000000 0.000000
0 0.082875 0.626708 0.165750 0.746583 0.075000 0.358333 2.000000 0.076563 0.343750 2.000000 0.060937 0.343750 2.000000 0.000000 0.000000 0.000000 0.032813 0.350000 2.000000 0.120313 0.443750 2.000000 0.000000 0.000000 0.000000 0.134375 0.585417 2.000000 0.000000 0.000000 0.000000 0.139063 0.562500 2.000000 0.000000 0.000000 0.000000 0.110937 0.718750 2.000000 0.029687 0.710417 2.000000 0.098437 0.922917 2.000000 0.029687 0.914583 1.000000 0.000000 0.000000 0.000000 0.000000 0.000000 0.000000
0 0.678977 0.445448 0.327641 0.444438 0.675000 0.304167 2.000000 0.689063 0.287500 2.000000 0.654687 0.291667 2.000000 0.000000 0.000000 0.000000 0.623437 0.322917 2.000000 0.743750 0.408333 2.000000 0.564063 0.427083 2.000000 0.815625 0.554167 2.000000 0.539062 0.581250 2.000000 0.760938 0.497917 1.000000 0.615625 0.495833 2.000000 0.000000 0.000000 0.000000 0.000000 0.000000 0.000000 0.000000 0.000000 0.000000 0.000000 0.000000 0.000000 0.000000 0.000000 0.000000 0.000000 0.000000 0.000000
0 0.514805 0.819229 0.305391 0.361542 0.000000 0.000000 0.000000 0.000000 0.000000 0.000000 0.000000 0.000000 0.000000 0.521875 0.712500 2.000000 0.615625 0.747917 2.000000 0.431250 0.795833 2.000000 0.601562 0.835417 2.000000 0.387500 0.937500 2.000000 0.637500 0.972917 2.000000 0.000000 0.000000 0.000000 0.000000 0.000000 0.000000 0.000000 0.000000 0.000000 0.000000 0.000000 0.000000 0.000000 0.000000 0.000000 0.000000 0.000000 0.000000 0.000000 0.000000 0.000000 0.000000 0.000000 0.000000
0 0.767695 0.707490 0.315172 0.552813 0.000000 0.000000 0.000000 0.000000 0.000000 0.000000 0.000000 0.000000 0.000000 0.000000 0.000000 0.000000 0.000000 0.000000 0.000000 0.662500 0.664583 2.000000 0.818750 0.650000 2.000000 0.634375 0.791667 2.000000 0.879687 0.793750 2.000000 0.000000 0.000000 0.000000 0.000000 0.000000 0.000000 0.685937 0.910417 2.000000 0.790625 0.893750 2.000000 0.000000 0.000000 0.000000 0.000000 0.000000 0.000000 0.000000 0.000000 0.000000 0.000000 0.000000 0.000000
0 0.265172 0.687458 0.232313 0.622583 0.353125 0.533333 2.000000 0.000000 0.000000 0.000000 0.354687 0.508333 2.000000 0.000000 0.000000 0.000000 0.000000 0.000000 0.000000 0.214062 0.635417 2.000000 0.310937 0.660417 2.000000 0.178125 0.812500 2.000000 0.317188 0.833333 2.000000 0.000000 0.000000 0.000000 0.000000 0.000000 0.000000 0.000000 0.000000 0.000000 0.000000 0.000000 0.000000 0.000000 0.000000 0.000000 0.000000 0.000000 0.000000 0.000000 0.000000 0.000000 0.000000 0.000000 0.000000
0 0.039141 0.914354 0.078281 0.171292 0.000000 0.000000 0.000000 0.000000 0.000000 0.000000 0.000000 0.000000 0.000000 0.000000 0.000000 0.000000 0.000000 0.000000 0.000000 0.000000 0.000000 0.000000 0.000000 0.000000 0.000000 0.000000 0.000000 0.000000 0.000000 0.000000 0.000000 0.000000 0.000000 0.000000 0.000000 0.000000 0.000000 0.000000 0.000000 0.000000 0.000000 0.000000 0.000000 0.056250 0.893750 2.000000 0.000000 0.000000 0.000000 0.000000 0.000000 0.000000 0.000000 0.000000 0.000000
0 0.465992 0.527688 0.173766 0.510583 0.446875 0.397917 2.000000 0.454688 0.385417 2.000000 0.439063 0.387500 2.000000 0.482812 0.354167 2.000000 0.000000 0.000000 0.000000 0.514062 0.422917 2.000000 0.442188 0.406250 2.000000 0.521875 0.552083 1.000000 0.000000 0.000000 0.000000 0.457813 0.518750 2.000000 0.000000 0.000000 0.000000 0.453125 0.675000 2.000000 0.412500 0.645833 1.000000 0.000000 0.000000 0.000000 0.000000 0.000000 0.000000 0.000000 0.000000 0.000000 0.000000 0.000000 0.000000
0 0.763563 0.165740 0.105531 0.315979 0.000000 0.000000 0.000000 0.000000 0.000000 0.000000 0.000000 0.000000 0.000000 0.000000 0.000000 0.000000 0.000000 0.000000 0.000000 0.778125 0.022917 2.000000 0.718750 0.035417 2.000000 0.809375 0.056250 2.000000 0.734375 0.093750 2.000000 0.789062 0.089583 2.000000 0.726562 0.160417 2.000000 0.776563 0.118750 2.000000 0.743750 0.118750 2.000000 0.773438 0.212500 2.000000 0.734375 0.200000 1.000000 0.767188 0.304167 1.000000 0.726562 0.310417 2.000000
