0 0.596211 0.613009 0.245391 0.773981 0.578125 0.304450 2.000000 0.582812 0.288056 2.000000 0.000000 0.000000 0.000000 0.604688 0.297424 2.000000 0.000000 0.000000 0.000000 0.601562 0.348946 2.000000 0.668750 0.374707 2.000000 0.568750 0.393443 2.000000 0.690625 0.510539 2.000000 0.512500 0.414520 2.000000 0.701562 0.524590 2.000000 0.626563 0.559719 2.000000 0.675000 0.559719 2.000000 0.592187 0.772834 2.000000 0.639062 0.740047 2.000000 0.632812 0.911007 2.000000 0.637500 0.892272 2.000000
0 0.977680 0.433513 0.044641 0.448009 0.973437 0.245902 2.000000 0.979688 0.234192 2.000000 0.967187 0.238876 2.000000 0.993750 0.243560 2.000000 0.000000 0.000000 0.000000 0.000000 0.000000 0.000000 0.981250 0.304450 2.000000 0.000000 0.000000 0.000000 0.000000 0.000000 0.000000 0.000000 0.000000 0.000000 0.000000 0.000000 0.000000 0.993750 0.405152 2.000000 0.981250 0.402810 2.000000 0.000000 0.000000 0.000000 0.989062 0.519906 2.000000 0.000000 0.000000 0.000000 0.989062 0.608899 2.000000
0 0.717805 0.335527 0.067328 0.104122 0.714063 0.320843 2.000000 0.720313 0.313817 2.000000 0.710938 0.313817 2.000000 0.728125 0.313817 2.000000 0.706250 0.313817 2.000000 0.735938 0.339578 2.000000 0.696875 0.337237 2.000000 0.743750 0.384075 2.000000 0.692187 0.381733 2.000000 0.000000 0.000000 0.000000 0.000000 0.000000 0.000000 0.000000 0.000000 0.000000 0.000000 0.000000 0.000000 0.000000 0.000000 0.000000 0.000000 0.000000 0.000000 0.000000 0.000000 0.000000 0.000000 0.000000 0.000000
0 0.734930 0.266159 0.094484 0.178080 0.720313 0.210773 2.000000 0.723437 0.203747 2.000000 0.715625 0.203747 2.000000 0.732812 0.206089 2.000000 0.000000 0.000000 0.000000 0.743750 0.238876 2.000000 0.698438 0.243560 2.000000 0.775000 0.243560 2.000000 0.709375 0.299766 2.000000 0.748437 0.238876 2.000000 0.746875 0.288056 2.000000 0.735938 0.316159 1.000000 0.715625 0.316159 1.000000 0.760938 0.330211 2.000000 0.693750 0.323185 2.000000 0.000000 0.000000 0.000000 0.000000 0.000000 0.000000
0 0.553656 0.303372 0.063875 0.160422 0.560937 0.250585 2.000000 0.565625 0.248244 2.000000 0.557813 0.248244 2.000000 0.575000 0.252927 1.000000 0.550000 0.252927 2.000000 0.584375 0.290398 1.000000 0.540625 0.290398 2.000000 0.579688 0.332553 2.000000 0.529687 0.332553 2.000000 0.546875 0.325527 2.000000 0.570312 0.323185 2.000000 0.578125 0.372365 1.000000 0.542188 0.370023 1.000000 0.551562 0.348946 2.000000 0.000000 0.000000 0.000000 0.526563 0.419204 1.000000 0.000000 0.000000 0.000000
0 0.382602 0.336323 0.061266 0.101499 0.378125 0.316159 2.000000 0.382812 0.311475 2.000000 0.373437 0.311475 2.000000 0.000000 0.000000 0.000000 0.000000 0.000000 0.000000 0.404687 0.346604 2.000000 0.357812 0.341920 2.000000 0.000000 0.000000 0.000000 0.000000 0.000000 0.000000 0.000000 0.000000 0.000000 0.000000 0.000000 0.000000 0.000000 0.000000 0.000000 0.000000 0.000000 0.000000 0.000000 0.000000 0.000000 0.000000 0.000000 0.000000 0.000000 0.000000 0.000000 0.000000 0.000000 0.000000
0 0.457445 0.332681 0.078641 0.106253 0.456250 0.311475 2.000000 0.459375 0.304450 2.000000 0.451562 0.304450 2.000000 0.470313 0.311475 2.000000 0.445312 0.309133 2.000000 0.475000 0.339578 2.000000 0.439063 0.339578 2.000000 0.492188 0.393443 1.000000 0.421875 0.381733 1.000000 0.465625 0.365340 2.000000 0.439063 0.360656 2.000000 0.468750 0.414520 1.000000 0.445312 0.414520 1.000000 0.000000 0.000000 0.000000 0.000000 0.000000 0.000000 0.000000 0.000000 0.000000 0.000000 0.000000 0.000000
0 0.409305 0.226370 0.065391 0.117049 0.425000 0.210773 2.000000 0.000000 0.000000 0.000000 0.420312 0.203747 2.000000 0.000000 0.000000 0.000000 0.407813 0.203747 2.000000 0.428125 0.234192 2.000000 0.381250 0.238876 2.000000 0.000000 0.000000 0.000000 0.375000 0.283372 1.000000 0.000000 0.000000 0.000000 0.400000 0.271663 2.000000 0.000000 0.000000 0.000000 0.000000 0.000000 0.000000 0.000000 0.000000 0.000000 0.000000 0.000000 0.000000 0.000000 0.000000 0.000000 0.000000 0.000000 0.000000
0 0.520484 0.250691 0.066312 0.163162 0.514062 0.199063 2.000000 0.521875 0.194379 2.000000 0.000000 0.000000 0.000000 0.534375 0.199063 2.000000 0.000000 0.000000 0.000000 0.546875 0.234192 2.000000 0.506250 0.234192 2.000000 0.554688 0.281030 1.000000 0.500000 0.281030 2.000000 0.532813 0.309133 1.000000 0.514062 0.309133 2.000000 0.542188 0.316159 1.000000 0.509375 0.313817 2.000000 0.000000 0.000000 0.000000 0.493750 0.334895 1.000000 0.000000 0.000000 0.000000 0.000000 0.000000 0.000000
0 0.297609 0.320222 0.091469 0.141569 0.325000 0.266979 2.000000 0.329688 0.264637 2.000000 0.321875 0.259953 2.000000 0.000000 0.000000 0.000000 0.315625 0.264637 2.000000 0.335938 0.309133 2.000000 0.292187 0.290398 2.000000 0.329688 0.362998 2.000000 0.284375 0.323185 2.000000 0.314063 0.360656 2.000000 0.298438 0.344262 2.000000 0.000000 0.000000 0.000000 0.000000 0.000000 0.000000 0.000000 0.000000 0.000000 0.000000 0.000000 0.000000 0.000000 0.000000 0.000000 0.000000 0.000000 0.000000
