0 0.061984 0.635246 0.123969 0.337311 0.043750 0.571970 2.000000 0.046875 0.553030 2.000000 0.034375 0.556818 2.000000 0.000000 0.000000 0.000000 0.010937 0.553030 2.000000 0.060937 0.636364 2.000000 0.000000 0.000000 0.000000 0.089063 0.734848 2.000000 0.014063 0.753788 2.000000 0.109375 0.761364 2.000000 0.054688 0.768939 2.000000 0.000000 0.000000 0.000000 0.000000 0.000000 0.000000 0.000000 0.000000 0.000000 0.000000 0.000000 0.000000 0.000000 0.000000 0.000000 0.000000 0.000000 0.000000
0 0.143766 0.589413 0.116281 0.335720 0.164062 0.507576 2.000000 0.000000 0.000000 0.000000 0.157812 0.496212 2.000000 0.000000 0.000000 0.000000 0.132812 0.511364 2.000000 0.167187 0.587121 2.000000 0.098437 0.632576 2.000000 0.189062 0.719697 2.000000 0.112500 0.757576 1.000000 0.000000 0.000000 0.000000 0.000000 0.000000 0.000000 0.000000 0.000000 0.000000 0.000000 0.000000 0.000000 0.000000 0.000000 0.000000 0.000000 0.000000 0.000000 0.000000 0.000000 0.000000 0.000000 0.000000 0.000000
0 0.902219 0.903617 0.142719 0.192765 0.000000 0.000000 0.000000 0.000000 0.000000 0.000000 0.000000 0.000000 0.000000 0.845313 0.950758 2.000000 0.948438 0.928030 2.000000 0.000000 0.000000 0.000000 0.000000 0.000000 0.000000 0.000000 0.000000 0.000000 0.000000 0.000000 0.000000 0.000000 0.000000 0.000000 0.000000 0.000000 0.000000 0.000000 0.000000 0.000000 0.000000 0.000000 0.000000 0.000000 0.000000 0.000000 0.000000 0.000000 0.000000 0.000000 0.000000 0.000000 0.000000 0.000000 0.000000
0 0.241836 0.400114 0.112047 0.474545 0.231250 0.231061 2.000000 0.231250 0.208333 2.000000 0.220312 0.215909 2.000000 0.000000 0.000000 0.000000 0.204687 0.231061 2.000000 0.248438 0.284091 2.000000 0.201563 0.303030 2.000000 0.293750 0.397727 2.000000 0.226562 0.428030 2.000000 0.253125 0.386364 2.000000 0.265625 0.378788 2.000000 0.221875 0.511364 2.000000 0.215625 0.518939 2.000000 0.000000 0.000000 0.000000 0.000000 0.000000 0.000000 0.000000 0.000000 0.000000 0.000000 0.000000 0.000000
0 0.370984 0.401364 0.084125 0.327652 0.378125 0.314394 2.000000 0.381250 0.303030 2.000000 0.371875 0.303030 2.000000 0.000000 0.000000 0.000000 0.359375 0.295455 2.000000 0.390625 0.363636 2.000000 0.340625 0.359848 2.000000 0.398438 0.465909 1.000000 0.345313 0.477273 2.000000 0.400000 0.549242 1.000000 0.000000 0.000000 0.000000 0.000000 0.000000 0.000000 0.000000 0.000000 0.000000 0.000000 0.000000 0.000000 0.000000 0.000000 0.000000 0.000000 0.000000 0.000000 0.000000 0.000000 0.000000
0 0.387937 0.554621 0.123562 0.285455 0.384375 0.511364 2.000000 0.389062 0.496212 2.000000 0.375000 0.500000 2.000000 0.000000 0.000000 0.000000 0.362500 0.492424 2.000000 0.401562 0.541667 2.000000 0.340625 0.560606 2.000000 0.431250 0.659091 2.000000 0.350000 0.662879 2.000000 0.000000 0.000000 0.000000 0.382812 0.670455 2.000000 0.000000 0.000000 0.000000 0.000000 0.000000 0.000000 0.000000 0.000000 0.000000 0.000000 0.000000 0.000000 0.000000 0.000000 0.000000 0.000000 0.000000 0.000000
0 0.440281 0.448712 0.087563 0.423561 0.435937 0.303030 2.000000 0.440625 0.287879 2.000000 0.429688 0.287879 2.000000 0.000000 0.000000 0.000000 0.000000 0.000000 0.000000 0.459375 0.356061 2.000000 0.407813 0.367424 2.000000 0.473438 0.446970 2.000000 0.400000 0.477273 1.000000 0.460938 0.458333 2.000000 0.425000 0.454545 2.000000 0.460938 0.511364 2.000000 0.426563 0.518939 2.000000 0.454688 0.678030 1.000000 0.434375 0.685606 1.000000 0.000000 0.000000 0.000000 0.000000 0.000000 0.000000
0 0.923016 0.640758 0.151438 0.373864 0.903125 0.556818 1.000000 0.912500 0.541667 2.000000 0.904687 0.534091 2.000000 0.940625 0.564394 2.000000 0.000000 0.000000 0.000000 0.971875 0.621212 2.000000 0.900000 0.621212 2.000000 0.989062 0.734848 2.000000 0.864062 0.727273 2.000000 0.943750 0.784091 2.000000 0.862500 0.750000 2.000000 0.000000 0.000000 0.000000 0.000000 0.000000 0.000000 0.000000 0.000000 0.000000 0.000000 0.000000 0.000000 0.000000 0.000000 0.000000 0.000000 0.000000 0.000000
0 0.509367 0.544943 0.089922 0.267386 0.506250 0.488636 2.000000 0.510938 0.473485 2.000000 0.498437 0.477273 2.000000 0.000000 0.000000 0.000000 0.000000 0.000000 0.000000 0.543750 0.583333 2.000000 0.478125 0.564394 2.000000 0.548438 0.666667 1.000000 0.471875 0.659091 1.000000 0.000000 0.000000 0.000000 0.000000 0.000000 0.000000 0.000000 0.000000 0.000000 0.000000 0.000000 0.000000 0.000000 0.000000 0.000000 0.000000 0.000000 0.000000 0.000000 0.000000 0.000000 0.000000 0.000000 0.000000
0 0.584977 0.434375 0.061578 0.307614 0.584375 0.325758 2.000000 0.589063 0.318182 2.000000 0.579688 0.318182 2.000000 0.596875 0.329545 2.000000 0.576562 0.329545 2.000000 0.607812 0.378788 2.000000 0.562500 0.393939 2.000000 0.000000 0.000000 0.000000 0.559375 0.481061 2.000000 0.000000 0.000000 0.000000 0.584375 0.469697 1.000000 0.606250 0.530303 1.000000 0.576562 0.534091 1.000000 0.000000 0.000000 0.000000 0.000000 0.000000 0.000000 0.000000 0.000000 0.000000 0.000000 0.000000 0.000000
0 0.608234 0.566761 0.133875 0.335568 0.584375 0.488636 2.000000 0.593750 0.477273 2.000000 0.000000 0.000000 0.000000 0.617188 0.481061 2.000000 0.000000 0.000000 0.000000 0.656250 0.553030 2.000000 0.581250 0.545455 2.000000 0.653125 0.685606 2.000000 0.554688 0.651515 2.000000 0.606250 0.625000 2.000000 0.556250 0.681818 2.000000 0.000000 0.000000 0.000000 0.000000 0.000000 0.000000 0.000000 0.000000 0.000000 0.000000 0.000000 0.000000 0.000000 0.000000 0.000000 0.000000 0.000000 0.000000
0 0.271609 0.592197 0.127500 0.389621 0.281250 0.492424 2.000000 0.282813 0.473485 2.000000 0.271875 0.473485 2.000000 0.000000 0.000000 0.000000 0.250000 0.484848 2.000000 0.279687 0.564394 2.000000 0.231250 0.579545 2.000000 0.287500 0.685606 2.000000 0.271875 0.704545 1.000000 0.310937 0.662879 2.000000 0.293750 0.571970 2.000000 0.000000 0.000000 0.000000 0.000000 0.000000 0.000000 0.000000 0.000000 0.000000 0.000000 0.000000 0.000000 0.000000 0.000000 0.000000 0.000000 0.000000 0.000000
