0 0.089680 0.276133 0.092480 0.276373 0.074000 0.168000 2.000000 0.076000 0.160000 2.000000 0.000000 0.000000 0.000000 0.088000 0.162667 2.000000 0.000000 0.000000 0.000000 0.108000 0.200000 2.000000 0.078000 0.205333 2.000000 0.126000 0.248000 2.000000 0.000000 0.000000 0.000000 0.100000 0.258667 2.000000 0.000000 0.000000 0.000000 0.102000 0.293333 1.000000 0.076000 0.290667 2.000000 0.000000 0.000000 0.000000 0.060000 0.360000 2.000000 0.000000 0.000000 0.000000 0.000000 0.000000 0.000000
0 0.448320 0.560680 0.114600 0.505627 0.484000 0.354667 2.000000 0.486000 0.352000 2.000000 0.478000 0.346667 2.000000 0.000000 0.000000 0.000000 0.456000 0.349333 2.000000 0.492000 0.400000 2.000000 0.430000 0.392000 2.000000 0.474000 0.461333 2.000000 0.402000 0.448000 2.000000 0.432000 0.506667 2.000000 0.398000 0.501333 2.000000 0.476000 0.549333 1.000000 0.440000 0.549333 1.000000 0.472000 0.653333 2.000000 0.430000 0.658667 2.000000 0.476000 0.781333 2.000000 0.430000 0.760000 2.000000
0 0.418370 0.288920 0.128820 0.198267 0.422000 0.237333 2.000000 0.424000 0.232000 2.000000 0.418000 0.232000 2.000000 0.440000 0.229333 2.000000 0.000000 0.000000 0.000000 0.454000 0.250667 2.000000 0.408000 0.248000 2.000000 0.000000 0.000000 0.000000 0.384000 0.293333 2.000000 0.000000 0.000000 0.000000 0.362000 0.338667 2.000000 0.456000 0.354667 1.000000 0.414000 0.360000 2.000000 0.000000 0.000000 0.000000 0.000000 0.000000 0.000000 0.000000 0.000000 0.000000 0.000000 0.000000 0.000000
0 0.670290 0.348720 0.074260 0.141440 0.666000 0.325333 2.000000 0.672000 0.320000 2.000000 0.660000 0.317333 2.000000 0.000000 0.000000 0.000000 0.644000 0.320000 2.000000 0.688000 0.368000 2.000000 0.630000 0.365333 1.000000 0.000000 0.000000 0.000000 0.610000 0.426667 1.000000 0.000000 0.000000 0.000000 0.000000 0.000000 0.000000 0.000000 0.000000 0.000000 0.000000 0.000000 0.000000 0.000000 0.000000 0.000000 0.000000 0.000000 0.000000 0.000000 0.000000 0.000000 0.000000 0.000000 0.000000
0 0.815760 0.389493 0.102640 0.289013 0.802000 0.298667 2.000000 0.806000 0.288000 2.000000 0.796000 0.290667 2.000000 0.000000 0.000000 0.000000 0.782000 0.296000 2.000000 0.816000 0.346667 2.000000 0.760000 0.354667 1.000000 0.824000 0.416000 2.000000 0.790000 0.386667 2.000000 0.830000 0.485333 2.000000 0.832000 0.346667 2.000000 0.808000 0.482667 1.000000 0.764000 0.488000 1.000000 0.818000 0.573333 1.000000 0.774000 0.578667 1.000000 0.000000 0.000000 0.000000 0.000000 0.000000 0.000000
0 0.603060 0.287200 0.088360 0.216000 0.624000 0.216000 2.000000 0.630000 0.210667 2.000000 0.620000 0.210667 2.000000 0.638000 0.210667 2.000000 0.000000 0.000000 0.000000 0.652000 0.248000 1.000000 0.602000 0.256000 2.000000 0.000000 0.000000 0.000000 0.590000 0.298667 2.000000 0.000000 0.000000 0.000000 0.610000 0.322667 2.000000 0.000000 0.000000 0.000000 0.000000 0.000000 0.000000 0.000000 0.000000 0.000000 0.000000 0.000000 0.000000 0.000000 0.000000 0.000000 0.000000 0.000000 0.000000
0 0.862660 0.320627 0.084080 0.147973 0.856000 0.269333 2.000000 0.856000 0.264000 2.000000 0.852000 0.264000 2.000000 0.866000 0.266667 2.000000 0.000000 0.000000 0.000000 0.886000 0.285333 2.000000 0.836000 0.288000 2.000000 0.890000 0.338667 2.000000 0.828000 0.325333 2.000000 0.868000 0.344000 2.000000 0.000000 0.000000 0.000000 0.000000 0.000000 0.000000 0.000000 0.000000 0.000000 0.000000 0.000000 0.000000 0.000000 0.000000 0.000000 0.000000 0.000000 0.000000 0.000000 0.000000 0.000000
0 0.105650 0.436120 0.087620 0.370907 0.102000 0.293333 2.000000 0.108000 0.280000 2.000000 0.098000 0.282667 2.000000 0.122000 0.280000 2.000000 0.094000 0.290667 2.000000 0.126000 0.320000 2.000000 0.090000 0.325333 2.000000 0.144000 0.365333 2.000000 0.100000 0.397333 2.000000 0.000000 0.000000 0.000000 0.128000 0.389333 2.000000 0.118000 0.418667 1.000000 0.080000 0.424000 2.000000 0.136000 0.522667 2.000000 0.086000 0.530667 2.000000 0.128000 0.600000 2.000000 0.088000 0.605333 1.000000
0 0.037150 0.417613 0.071140 0.338320 0.000000 0.000000 0.000000 0.000000 0.000000 0.000000 0.000000 0.000000 0.000000 0.000000 0.000000 0.000000 0.000000 0.000000 0.000000 0.024000 0.357333 2.000000 0.000000 0.000000 0.000000 0.050000 0.440000 2.000000 0.000000 0.000000 0.000000 0.032000 0.493333 2.000000 0.000000 0.000000 0.000000 0.026000 0.477333 2.000000 0.000000 0.000000 0.000000 0.056000 0.560000 2.000000 0.000000 0.000000 0.000000 0.000000 0.000000 0.000000 0.000000 0.000000 0.000000
0 0.924890 0.785813 0.150220 0.428373 0.000000 0.000000 0.000000 0.000000 0.000000 0.000000 0.000000 0.000000 0.000000 0.958000 0.709333 2.000000 0.000000 0.000000 0.000000 0.000000 0.000000 0.000000 0.000000 0.000000 0.000000 0.000000 0.000000 0.000000 0.000000 0.000000 0.000000 0.000000 0.000000 0.000000 0.000000 0.000000 0.000000 0.000000 0.000000 0.000000 0.000000 0.000000 0.000000 0.000000 0.000000 0.000000 0.000000 0.000000 0.000000 0.000000 0.000000 0.000000 0.000000 0.000000 0.000000
