0 0.273794 0.749641 0.435269 0.459031 0.131148 0.601562 2.000000 0.142857 0.585938 2.000000 0.000000 0.000000 0.000000 0.203747 0.596875 2.000000 0.000000 0.000000 0.000000 0.236534 0.678125 2.000000 0.332553 0.646875 2.000000 0.119438 0.875000 1.000000 0.000000 0.000000 0.000000 0.000000 0.000000 0.000000 0.000000 0.000000 0.000000 0.281030 0.904687 2.000000 0.393443 0.885938 2.000000 0.000000 0.000000 0.000000 0.000000 0.000000 0.000000 0.000000 0.000000 0.000000 0.000000 0.000000 0.000000
0 0.092834 0.438063 0.178923 0.563063 0.000000 0.000000 0.000000 0.007026 0.204687 2.000000 0.000000 0.000000 0.000000 0.060890 0.207813 2.000000 0.000000 0.000000 0.000000 0.053864 0.292187 2.000000 0.103044 0.271875 2.000000 0.021077 0.403125 2.000000 0.000000 0.000000 0.000000 0.000000 0.000000 0.000000 0.000000 0.000000 0.000000 0.058548 0.451562 2.000000 0.103044 0.435937 2.000000 0.070258 0.621875 2.000000 0.112412 0.607812 2.000000 0.100703 0.731250 1.000000 0.133489 0.725000 1.000000
0 0.334578 0.338953 0.219977 0.527813 0.000000 0.000000 0.000000 0.000000 0.000000 0.000000 0.000000 0.000000 0.000000 0.000000 0.000000 0.000000 0.367681 0.135937 2.000000 0.255269 0.198437 2.000000 0.381733 0.195312 2.000000 0.000000 0.000000 0.000000 0.419204 0.281250 2.000000 0.000000 0.000000 0.000000 0.419204 0.348438 2.000000 0.269321 0.334375 2.000000 0.374707 0.334375 2.000000 0.269321 0.450000 2.000000 0.358314 0.450000 2.000000 0.257611 0.539062 1.000000 0.358314 0.543750 2.000000
0 0.185269 0.290484 0.188899 0.474719 0.110070 0.140625 2.000000 0.128806 0.129688 2.000000 0.105386 0.125000 2.000000 0.196721 0.132812 2.000000 0.000000 0.000000 0.000000 0.192037 0.228125 2.000000 0.000000 0.000000 0.000000 0.168618 0.329688 1.000000 0.000000 0.000000 0.000000 0.000000 0.000000 0.000000 0.000000 0.000000 0.000000 0.199063 0.384375 2.000000 0.000000 0.000000 0.000000 0.000000 0.000000 0.000000 0.000000 0.000000 0.000000 0.000000 0.000000 0.000000 0.000000 0.000000 0.000000
0 0.937283 0.708148 0.125433 0.583703 0.000000 0.000000 0.000000 0.000000 0.000000 0.000000 0.000000 0.000000 0.000000 0.000000 0.000000 0.000000 0.000000 0.000000 0.000000 0.000000 0.000000 0.000000 0.000000 0.000000 0.000000 0.000000 0.000000 0.000000 0.000000 0.000000 0.000000 0.955504 0.500000 2.000000 0.920375 0.476562 2.000000 0.000000 0.000000 0.000000 0.964871 0.617188 2.000000 0.000000 0.000000 0.000000 0.969555 0.800000 2.000000 0.000000 0.000000 0.000000 0.000000 0.000000 0.000000
0 0.517143 0.223680 0.153583 0.302391 0.000000 0.000000 0.000000 0.000000 0.000000 0.000000 0.000000 0.000000 0.000000 0.501171 0.123438 2.000000 0.000000 0.000000 0.000000 0.510539 0.182812 2.000000 0.608899 0.165625 1.000000 0.487119 0.279687 2.000000 0.000000 0.000000 0.000000 0.456674 0.290625 2.000000 0.000000 0.000000 0.000000 0.538642 0.323437 1.000000 0.618267 0.317188 1.000000 0.000000 0.000000 0.000000 0.000000 0.000000 0.000000 0.000000 0.000000 0.000000 0.000000 0.000000 0.000000
0 0.444848 0.181328 0.128993 0.183812 0.426230 0.153125 2.000000 0.416862 0.143750 2.000000 0.000000 0.000000 0.000000 0.423888 0.125000 2.000000 0.000000 0.000000 0.000000 0.451991 0.168750 2.000000 0.524590 0.140625 1.000000 0.430913 0.245312 1.000000 0.000000 0.000000 0.000000 0.000000 0.000000 0.000000 0.000000 0.000000 0.000000 0.000000 0.000000 0.000000 0.000000 0.000000 0.000000 0.000000 0.000000 0.000000 0.000000 0.000000 0.000000 0.000000 0.000000 0.000000 0.000000 0.000000 0.000000
0 0.766370 0.145977 0.230679 0.249328 0.658080 0.085938 2.000000 0.674473 0.071875 2.000000 0.000000 0.000000 0.000000 0.737705 0.089063 2.000000 0.000000 0.000000 0.000000 0.700234 0.182812 1.000000 0.838407 0.156250 2.000000 0.000000 0.000000 0.000000 0.000000 0.000000 0.000000 0.000000 0.000000 0.000000 0.000000 0.000000 0.000000 0.707260 0.390625 1.000000 0.822014 0.371875 1.000000 0.000000 0.000000 0.000000 0.000000 0.000000 0.000000 0.000000 0.000000 0.000000 0.000000 0.000000 0.000000
0 0.707307 0.550281 0.522061 0.851125 0.646370 0.275000 2.000000 0.667447 0.254688 2.000000 0.615925 0.256250 2.000000 0.730679 0.237500 2.000000 0.000000 0.000000 0.000000 0.824356 0.287500 2.000000 0.526932 0.298438 2.000000 0.894614 0.375000 2.000000 0.477752 0.428125 2.000000 0.892272 0.443750 2.000000 0.510539 0.531250 2.000000 0.779859 0.515625 2.000000 0.592506 0.518750 2.000000 0.768150 0.687500 2.000000 0.615925 0.671875 2.000000 0.730679 0.903125 2.000000 0.634660 0.875000 2.000000
0 0.887166 0.223328 0.166183 0.345812 0.000000 0.000000 0.000000 0.000000 0.000000 0.000000 0.000000 0.000000 0.000000 0.852459 0.121875 2.000000 0.852459 0.121875 2.000000 0.000000 0.000000 0.000000 0.880562 0.181250 1.000000 0.000000 0.000000 0.000000 0.929742 0.298438 2.000000 0.000000 0.000000 0.000000 0.969555 0.373437 1.000000 0.000000 0.000000 0.000000 0.000000 0.000000 0.000000 0.000000 0.000000 0.000000 0.000000 0.000000 0.000000 0.000000 0.000000 0.000000 0.000000 0.000000 0.000000
0 0.066464 0.810187 0.132927 0.308844 0.000000 0.000000 0.000000 0.004684 0.726562 2.000000 0.000000 0.000000 0.000000 0.060890 0.725000 2.000000 0.000000 0.000000 0.000000 0.072600 0.778125 2.000000 0.000000 0.000000 0.000000 0.088993 0.873437 2.000000 0.000000 0.000000 0.000000 0.000000 0.000000 0.000000 0.000000 0.000000 0.000000 0.086651 0.915625 2.000000 0.021077 0.898438 1.000000 0.000000 0.000000 0.000000 0.000000 0.000000 0.000000 0.000000 0.000000 0.000000 0.000000 0.000000 0.000000
0 0.923396 0.220617 0.153208 0.325797 0.948478 0.112500 2.000000 0.971897 0.103125 2.000000 0.936768 0.098437 2.000000 0.988290 0.118750 2.000000 0.911007 0.106250 1.000000 0.997658 0.187500 2.000000 0.836066 0.170313 1.000000 0.000000 0.000000 0.000000 0.824356 0.262500 1.000000 0.000000 0.000000 0.000000 0.000000 0.000000 0.000000 0.953162 0.342187 1.000000 0.871194 0.342187 1.000000 0.946136 0.448437 1.000000 0.875878 0.490625 1.000000 0.000000 0.000000 0.000000 0.000000 0.000000 0.000000
