0 0.526609 0.417745 0.102906 0.206180 0.000000 0.000000 0.000000 0.000000 0.000000 0.000000 0.000000 0.000000 0.000000 0.510938 0.338205 2.000000 0.535937 0.338205 2.000000 0.493750 0.379958 2.000000 0.556250 0.375783 2.000000 0.000000 0.000000 0.000000 0.000000 0.000000 0.000000 0.000000 0.000000 0.000000 0.000000 0.000000 0.000000 0.500000 0.490605 2.000000 0.551562 0.492693 2.000000 0.000000 0.000000 0.000000 0.000000 0.000000 0.000000 0.000000 0.000000 0.000000 0.000000 0.000000 0.000000
0 0.647281 0.683831 0.346469 0.631461 0.646875 0.509395 2.000000 0.639062 0.486430 2.000000 0.000000 0.000000 0.000000 0.660937 0.457203 2.000000 0.000000 0.000000 0.000000 0.743750 0.530271 2.000000 0.728125 0.507307 2.000000 0.710938 0.741127 2.000000 0.000000 0.000000 0.000000 0.650000 0.684760 2.000000 0.690625 0.647182 2.000000 0.707812 0.845511 2.000000 0.695312 0.810021 2.000000 0.514062 0.903967 2.000000 0.503125 0.832985 2.000000 0.000000 0.000000 0.000000 0.665625 0.920668 1.000000
0 0.876766 0.460282 0.125906 0.480814 0.900000 0.269311 2.000000 0.906250 0.260960 2.000000 0.893750 0.263048 2.000000 0.000000 0.000000 0.000000 0.875000 0.265136 2.000000 0.918750 0.323591 2.000000 0.851562 0.313152 2.000000 0.923438 0.398747 2.000000 0.823438 0.361169 2.000000 0.920312 0.455115 2.000000 0.826562 0.434238 2.000000 0.892188 0.465553 2.000000 0.856250 0.455115 2.000000 0.868750 0.551148 2.000000 0.865625 0.549061 2.000000 0.000000 0.000000 0.000000 0.865625 0.665971 2.000000
0 0.455789 0.382693 0.056891 0.106973 0.000000 0.000000 0.000000 0.000000 0.000000 0.000000 0.000000 0.000000 0.000000 0.000000 0.000000 0.000000 0.465625 0.346555 2.000000 0.456250 0.356994 2.000000 0.448437 0.356994 2.000000 0.000000 0.000000 0.000000 0.476562 0.369520 2.000000 0.464062 0.382046 2.000000 0.465625 0.348643 2.000000 0.451562 0.413361 2.000000 0.445312 0.415449 2.000000 0.473438 0.421712 2.000000 0.470313 0.430063 2.000000 0.000000 0.000000 0.000000 0.000000 0.000000 0.000000
0 0.264898 0.555804 0.213609 0.370772 0.328125 0.461378 2.000000 0.000000 0.000000 0.000000 0.317188 0.446764 2.000000 0.000000 0.000000 0.000000 0.278125 0.453027 2.000000 0.298438 0.492693 2.000000 0.226562 0.532359 2.000000 0.315625 0.576200 2.000000 0.256250 0.651357 1.000000 0.396875 0.586639 1.000000 0.370312 0.640919 1.000000 0.229687 0.691023 2.000000 0.189062 0.736952 1.000000 0.000000 0.000000 0.000000 0.325000 0.732777 1.000000 0.000000 0.000000 0.000000 0.000000 0.000000 0.000000
0 0.304430 0.378079 0.075578 0.104217 0.339062 0.396660 2.000000 0.000000 0.000000 0.000000 0.331250 0.386221 2.000000 0.000000 0.000000 0.000000 0.000000 0.000000 0.000000 0.000000 0.000000 0.000000 0.000000 0.000000 0.000000 0.000000 0.000000 0.000000 0.000000 0.000000 0.000000 0.000000 0.000000 0.000000 0.000000 0.000000 0.000000 0.000000 0.000000 0.000000 0.000000 0.000000 0.000000 0.000000 0.000000 0.000000 0.000000 0.000000 0.000000 0.000000 0.000000 0.000000 0.000000 0.000000 0.000000
0 0.106336 0.374113 0.052703 0.208351 0.120313 0.298539 2.000000 0.000000 0.000000 0.000000 0.118750 0.292276 2.000000 0.000000 0.000000 0.000000 0.110937 0.288100 2.000000 0.089063 0.306889 2.000000 0.101562 0.308977 2.000000 0.000000 0.000000 0.000000 0.106250 0.342380 2.000000 0.000000 0.000000 0.000000 0.117188 0.336117 2.000000 0.092188 0.371608 2.000000 0.101562 0.373695 2.000000 0.096875 0.417537 2.000000 0.106250 0.417537 2.000000 0.098437 0.450939 2.000000 0.107813 0.463466 2.000000
0 0.398844 0.385052 0.062813 0.086764 0.382812 0.371608 2.000000 0.387500 0.369520 2.000000 0.381250 0.367432 2.000000 0.398438 0.369520 2.000000 0.000000 0.000000 0.000000 0.417187 0.392484 2.000000 0.382812 0.390397 2.000000 0.423438 0.432150 1.000000 0.378125 0.425887 2.000000 0.000000 0.000000 0.000000 0.000000 0.000000 0.000000 0.415625 0.453027 1.000000 0.392188 0.453027 1.000000 0.000000 0.000000 0.000000 0.000000 0.000000 0.000000 0.000000 0.000000 0.000000 0.000000 0.000000 0.000000
0 0.057953 0.405866 0.063719 0.139499 0.040625 0.361169 2.000000 0.046875 0.356994 2.000000 0.040625 0.354906 1.000000 0.060937 0.365344 2.000000 0.000000 0.000000 0.000000 0.071875 0.394572 2.000000 0.042188 0.386221 2.000000 0.071875 0.442589 2.000000 0.000000 0.000000 0.000000 0.043750 0.425887 2.000000 0.000000 0.000000 0.000000 0.071875 0.480167 1.000000 0.000000 0.000000 0.000000 0.000000 0.000000 0.000000 0.000000 0.000000 0.000000 0.000000 0.000000 0.000000 0.000000 0.000000 0.000000
0 0.056742 0.549134 0.108766 0.369332 0.000000 0.000000 0.000000 0.000000 0.000000 0.000000 0.000000 0.000000 0.000000 0.000000 0.000000 0.000000 0.028125 0.400835 2.000000 0.000000 0.000000 0.000000 0.045312 0.450939 2.000000 0.000000 0.000000 0.000000 0.095312 0.521921 2.000000 0.000000 0.000000 0.000000 0.064062 0.509395 2.000000 0.000000 0.000000 0.000000 0.023438 0.603340 2.000000 0.000000 0.000000 0.000000 0.084375 0.599165 2.000000 0.000000 0.000000 0.000000 0.025000 0.705637 2.000000
0 0.638328 0.443706 0.143063 0.191253 0.589063 0.436326 2.000000 0.600000 0.427975 2.000000 0.000000 0.000000 0.000000 0.000000 0.000000 0.000000 0.000000 0.000000 0.000000 0.657813 0.521921 1.000000 0.643750 0.484342 1.000000 0.625000 0.626305 1.000000 0.589063 0.574113 1.000000 0.518750 0.609603 1.000000 0.535937 0.515658 1.000000 0.000000 0.000000 0.000000 0.000000 0.000000 0.000000 0.000000 0.000000 0.000000 0.000000 0.000000 0.000000 0.000000 0.000000 0.000000 0.000000 0.000000 0.000000
