0 0.832720 0.169990 0.130240 0.252420 0.830000 0.070000 2.000000 0.834000 0.064000 2.000000 0.826000 0.064000 2.000000 0.848000 0.068000 2.000000 0.000000 0.000000 0.000000 0.868000 0.094000 1.000000 0.812000 0.094000 2.000000 0.882000 0.140000 2.000000 0.798000 0.128000 2.000000 0.878000 0.126000 2.000000 0.788000 0.148000 2.000000 0.852000 0.168000 2.000000 0.822000 0.168000 2.000000 0.860000 0.222000 1.000000 0.824000 0.224000 2.000000 0.860000 0.282000 2.000000 0.828000 0.278000 2.000000
0 0.920250 0.220870 0.064780 0.136380 0.000000 0.000000 0.000000 0.000000 0.000000 0.000000 0.000000 0.000000 0.000000 0.000000 0.000000 0.000000 0.000000 0.000000 0.000000 0.932000 0.200000 2.000000 0.906000 0.188000 2.000000 0.936000 0.212000 2.000000 0.896000 0.216000 2.000000 0.938000 0.230000 2.000000 0.890000 0.200000 1.000000 0.924000 0.228000 2.000000 0.910000 0.230000 2.000000 0.934000 0.250000 2.000000 0.906000 0.248000 2.000000 0.940000 0.270000 2.000000 0.908000 0.270000 2.000000
0 0.971940 0.151540 0.056120 0.185640 0.966000 0.078000 2.000000 0.970000 0.070000 2.000000 0.962000 0.072000 2.000000 0.980000 0.074000 2.000000 0.000000 0.000000 0.000000 0.976000 0.094000 2.000000 0.972000 0.094000 2.000000 0.962000 0.124000 2.000000 0.970000 0.118000 2.000000 0.950000 0.136000 2.000000 0.954000 0.124000 2.000000 0.980000 0.148000 2.000000 0.976000 0.150000 2.000000 0.984000 0.194000 2.000000 0.980000 0.196000 2.000000 0.986000 0.230000 2.000000 0.982000 0.232000 2.000000
0 0.192250 0.142110 0.119260 0.188020 0.000000 0.000000 0.000000 0.000000 0.000000 0.000000 0.000000 0.000000 0.000000 0.160000 0.070000 2.000000 0.000000 0.000000 0.000000 0.176000 0.094000 2.000000 0.170000 0.098000 2.000000 0.194000 0.130000 2.000000 0.000000 0.000000 0.000000 0.178000 0.162000 2.000000 0.000000 0.000000 0.000000 0.178000 0.176000 2.000000 0.170000 0.176000 2.000000 0.182000 0.236000 1.000000 0.176000 0.236000 1.000000 0.000000 0.000000 0.000000 0.000000 0.000000 0.000000
0 0.255960 0.177000 0.056120 0.178840 0.276000 0.110000 2.000000 0.000000 0.000000 0.000000 0.272000 0.106000 2.000000 0.000000 0.000000 0.000000 0.260000 0.110000 2.000000 0.264000 0.126000 2.000000 0.254000 0.134000 2.000000 0.284000 0.144000 1.000000 0.274000 0.166000 2.000000 0.278000 0.122000 2.000000 0.000000 0.000000 0.000000 0.262000 0.188000 2.000000 0.256000 0.192000 2.000000 0.264000 0.236000 2.000000 0.256000 0.242000 2.000000 0.260000 0.278000 1.000000 0.252000 0.288000 1.000000
0 0.444150 0.157150 0.098700 0.298700 0.436000 0.058000 2.000000 0.438000 0.052000 2.000000 0.430000 0.052000 2.000000 0.450000 0.040000 2.000000 0.000000 0.000000 0.000000 0.458000 0.062000 2.000000 0.420000 0.066000 2.000000 0.478000 0.108000 2.000000 0.406000 0.104000 2.000000 0.454000 0.078000 2.000000 0.424000 0.080000 2.000000 0.464000 0.170000 2.000000 0.424000 0.172000 2.000000 0.462000 0.238000 2.000000 0.418000 0.238000 2.000000 0.466000 0.286000 1.000000 0.420000 0.290000 2.000000
0 0.668920 0.285080 0.242240 0.212360 0.622000 0.230000 2.000000 0.626000 0.220000 2.000000 0.000000 0.000000 0.000000 0.658000 0.220000 2.000000 0.000000 0.000000 0.000000 0.696000 0.258000 2.000000 0.614000 0.260000 2.000000 0.716000 0.308000 2.000000 0.582000 0.332000 2.000000 0.000000 0.000000 0.000000 0.554000 0.392000 1.000000 0.696000 0.350000 2.000000 0.630000 0.356000 2.000000 0.750000 0.336000 2.000000 0.634000 0.342000 2.000000 0.774000 0.362000 1.000000 0.656000 0.374000 1.000000
0 0.539130 0.156980 0.126980 0.313080 0.000000 0.000000 0.000000 0.000000 0.000000 0.000000 0.000000 0.000000 0.000000 0.546000 0.020000 2.000000 0.000000 0.000000 0.000000 0.564000 0.046000 2.000000 0.546000 0.048000 2.000000 0.566000 0.080000 2.000000 0.514000 0.084000 2.000000 0.518000 0.048000 2.000000 0.494000 0.066000 2.000000 0.562000 0.150000 2.000000 0.542000 0.156000 2.000000 0.572000 0.234000 2.000000 0.536000 0.226000 2.000000 0.594000 0.286000 1.000000 0.544000 0.294000 2.000000
0 0.527200 0.702080 0.577720 0.476680 0.000000 0.000000 0.000000 0.000000 0.000000 0.000000 0.000000 0.000000 0.000000 0.274000 0.530000 2.000000 0.346000 0.534000 2.000000 0.258000 0.624000 2.000000 0.342000 0.624000 2.000000 0.000000 0.000000 0.000000 0.460000 0.602000 1.000000 0.262000 0.574000 1.000000 0.432000 0.534000 2.000000 0.380000 0.826000 2.000000 0.358000 0.836000 2.000000 0.536000 0.694000 2.000000 0.448000 0.738000 2.000000 0.674000 0.788000 2.000000 0.596000 0.840000 2.000000
0 0.144830 0.342430 0.271060 0.334220 0.136000 0.232000 2.000000 0.144000 0.220000 2.000000 0.122000 0.224000 2.000000 0.158000 0.220000 2.000000 0.000000 0.000000 0.000000 0.188000 0.240000 2.000000 0.124000 0.276000 2.000000 0.246000 0.302000 2.000000 0.114000 0.364000 2.000000 0.198000 0.304000 2.000000 0.062000 0.352000 2.000000 0.216000 0.340000 2.000000 0.168000 0.358000 2.000000 0.194000 0.338000 2.000000 0.122000 0.394000 2.000000 0.214000 0.434000 2.000000 0.170000 0.446000 2.000000
0 0.075190 0.175610 0.148700 0.297420 0.000000 0.000000 0.000000 0.000000 0.000000 0.000000 0.000000 0.000000 0.000000 0.000000 0.000000 0.000000 0.000000 0.000000 0.000000 0.052000 0.066000 2.000000 0.120000 0.082000 2.000000 0.008000 0.060000 2.000000 0.132000 0.122000 2.000000 0.044000 0.056000 2.000000 0.126000 0.170000 2.000000 0.068000 0.164000 2.000000 0.110000 0.166000 2.000000 0.066000 0.234000 2.000000 0.102000 0.238000 2.000000 0.060000 0.308000 2.000000 0.090000 0.308000 2.000000
