0 0.099477 0.564018 0.089359 0.346250 0.107813 0.418651 2.000000 0.112500 0.414683 2.000000 0.103125 0.414683 2.000000 0.117188 0.420635 2.000000 0.093750 0.416667 2.000000 0.128125 0.468254 2.000000 0.076563 0.466270 2.000000 0.135937 0.513889 2.000000 0.062500 0.507937 2.000000 0.123438 0.545635 2.000000 0.081250 0.539683 2.000000 0.120313 0.559524 2.000000 0.085938 0.559524 2.000000 0.114062 0.638889 2.000000 0.087500 0.638889 2.000000 0.107813 0.708333 2.000000 0.090625 0.710317 2.000000
0 0.177414 0.578085 0.075203 0.321964 0.179688 0.444444 2.000000 0.185938 0.438492 2.000000 0.175000 0.438492 2.000000 0.190625 0.446429 2.000000 0.167187 0.442460 2.000000 0.200000 0.484127 2.000000 0.154688 0.482143 2.000000 0.212500 0.523810 2.000000 0.148438 0.519841 2.000000 0.206250 0.551587 2.000000 0.146875 0.551587 2.000000 0.189062 0.565476 2.000000 0.160938 0.565476 2.000000 0.000000 0.000000 0.000000 0.157812 0.648810 2.000000 0.190625 0.712302 2.000000 0.170313 0.706349 1.000000
0 0.258992 0.561815 0.084734 0.335694 0.254688 0.426587 2.000000 0.259375 0.420635 2.000000 0.250000 0.420635 2.000000 0.267188 0.424603 2.000000 0.242188 0.424603 1.000000 0.279687 0.464286 2.000000 0.231250 0.468254 2.000000 0.295312 0.507937 1.000000 0.223438 0.503968 2.000000 0.271875 0.523810 2.000000 0.234375 0.525794 2.000000 0.273438 0.559524 2.000000 0.239063 0.559524 2.000000 0.268750 0.628968 2.000000 0.245312 0.628968 2.000000 0.257812 0.714286 2.000000 0.240625 0.714286 2.000000
0 0.325641 0.503780 0.068500 0.174742 0.334375 0.448413 2.000000 0.337500 0.442460 2.000000 0.328125 0.442460 2.000000 0.345313 0.446429 1.000000 0.318750 0.448413 2.000000 0.357812 0.482143 2.000000 0.307812 0.484127 2.000000 0.000000 0.000000 0.000000 0.296875 0.521825 2.000000 0.000000 0.000000 0.000000 0.303125 0.571429 2.000000 0.356250 0.585317 1.000000 0.321875 0.587302 1.000000 0.000000 0.000000 0.000000 0.000000 0.000000 0.000000 0.000000 0.000000 0.000000 0.000000 0.000000 0.000000
0 0.425008 0.574018 0.084172 0.349147 0.428125 0.432540 2.000000 0.431250 0.424603 2.000000 0.423438 0.424603 2.000000 0.440625 0.430556 2.000000 0.412500 0.432540 2.000000 0.450000 0.474206 2.000000 0.398438 0.472222 2.000000 0.459375 0.525794 2.000000 0.387500 0.523810 2.000000 0.445312 0.555556 2.000000 0.404687 0.555556 2.000000 0.442188 0.561508 2.000000 0.407813 0.561508 2.000000 0.434375 0.638889 2.000000 0.409375 0.644841 2.000000 0.428125 0.714286 2.000000 0.407813 0.710317 2.000000
0 0.490039 0.492847 0.063266 0.172282 0.485938 0.436508 2.000000 0.489063 0.430556 2.000000 0.481250 0.430556 2.000000 0.498437 0.432540 2.000000 0.475000 0.432540 2.000000 0.504687 0.470238 2.000000 0.470313 0.472222 2.000000 0.000000 0.000000 0.000000 0.000000 0.000000 0.000000 0.000000 0.000000 0.000000 0.000000 0.000000 0.000000 0.000000 0.000000 0.000000 0.000000 0.000000 0.000000 0.000000 0.000000 0.000000 0.000000 0.000000 0.000000 0.000000 0.000000 0.000000 0.000000 0.000000 0.000000
0 0.610219 0.569425 0.087219 0.324048 0.603125 0.436508 2.000000 0.607812 0.430556 2.000000 0.598437 0.432540 2.000000 0.614062 0.434524 2.000000 0.592187 0.434524 2.000000 0.626563 0.476190 2.000000 0.571875 0.478175 2.000000 0.646875 0.521825 2.000000 0.568750 0.523810 1.000000 0.637500 0.541667 2.000000 0.581250 0.547619 2.000000 0.618750 0.573413 2.000000 0.584375 0.571429 2.000000 0.612500 0.638889 2.000000 0.587500 0.634921 2.000000 0.604688 0.722222 2.000000 0.585938 0.720238 2.000000
0 0.691570 0.574157 0.081484 0.293512 0.684375 0.458333 2.000000 0.687500 0.452381 2.000000 0.678125 0.452381 2.000000 0.693750 0.452381 2.000000 0.000000 0.000000 0.000000 0.706250 0.492063 2.000000 0.664062 0.500000 2.000000 0.721875 0.529762 2.000000 0.654687 0.539683 2.000000 0.712500 0.555556 2.000000 0.679688 0.555556 1.000000 0.706250 0.585317 2.000000 0.676562 0.587302 1.000000 0.707812 0.642857 1.000000 0.679688 0.640873 1.000000 0.706250 0.700397 2.000000 0.679688 0.700397 1.000000
0 0.813133 0.597500 0.087641 0.358571 0.817187 0.452381 2.000000 0.821875 0.448413 2.000000 0.812500 0.448413 2.000000 0.828125 0.450397 2.000000 0.803125 0.446429 2.000000 0.835938 0.496032 2.000000 0.789062 0.490079 2.000000 0.846875 0.545635 2.000000 0.778125 0.533730 2.000000 0.837500 0.579365 2.000000 0.790625 0.573413 2.000000 0.828125 0.591270 2.000000 0.798438 0.591270 2.000000 0.823438 0.662698 2.000000 0.800000 0.660714 2.000000 0.818750 0.730159 2.000000 0.796875 0.732143 2.000000
0 0.902531 0.606746 0.099094 0.350556 0.890625 0.466270 2.000000 0.893750 0.460317 2.000000 0.887500 0.460317 2.000000 0.903125 0.460317 2.000000 0.881250 0.462302 2.000000 0.917188 0.498016 2.000000 0.868750 0.501984 2.000000 0.932813 0.541667 2.000000 0.859375 0.551587 2.000000 0.918750 0.583333 2.000000 0.875000 0.583333 2.000000 0.910937 0.599206 2.000000 0.879687 0.601190 2.000000 0.910937 0.678571 2.000000 0.882812 0.676587 2.000000 0.907813 0.734127 2.000000 0.889062 0.734127 2.000000
0 0.752789 0.604058 0.057422 0.307837 0.754687 0.478175 2.000000 0.757812 0.474206 2.000000 0.750000 0.472222 2.000000 0.762500 0.482143 2.000000 0.743750 0.476190 1.000000 0.770312 0.513889 1.000000 0.734375 0.513889 2.000000 0.000000 0.000000 0.000000 0.000000 0.000000 0.000000 0.000000 0.000000 0.000000 0.000000 0.000000 0.000000 0.771875 0.591270 2.000000 0.740625 0.591270 2.000000 0.765625 0.666667 2.000000 0.745313 0.658730 2.000000 0.759375 0.726190 2.000000 0.742188 0.712302 2.000000
0 0.340062 0.652817 0.101969 0.243175 0.354687 0.565476 2.000000 0.359375 0.559524 2.000000 0.348438 0.559524 2.000000 0.000000 0.000000 0.000000 0.337500 0.563492 2.000000 0.370312 0.603175 2.000000 0.323437 0.597222 2.000000 0.381250 0.668651 2.000000 0.303125 0.640873 2.000000 0.368750 0.662698 2.000000 0.296875 0.686508 2.000000 0.356250 0.692460 2.000000 0.329688 0.690476 2.000000 0.353125 0.765873 2.000000 0.325000 0.700397 2.000000 0.337500 0.763889 2.000000 0.323437 0.755952 2.000000
0 0.538453 0.582798 0.082031 0.334563 0.534375 0.444444 2.000000 0.539062 0.440476 2.000000 0.531250 0.440476 2.000000 0.546875 0.442460 2.000000 0.000000 0.000000 0.000000 0.556250 0.476190 2.000000 0.517188 0.478175 2.000000 0.571875 0.523810 2.000000 0.504687 0.519841 2.000000 0.551562 0.553571 2.000000 0.526563 0.551587 2.000000 0.553125 0.567460 2.000000 0.521875 0.567460 2.000000 0.553125 0.644841 2.000000 0.525000 0.644841 2.000000 0.545312 0.722222 2.000000 0.526563 0.722222 2.000000
