0 0.474141 0.670783 0.202875 0.635958 0.000000 0.000000 0.000000 0.000000 0.000000 0.000000 0.000000 0.000000 0.000000 0.475000 0.436916 2.000000 0.000000 0.000000 0.000000 0.442188 0.546729 2.000000 0.551562 0.560748 2.000000 0.407813 0.691589 2.000000 0.559375 0.717290 2.000000 0.395313 0.799065 2.000000 0.553125 0.827103 2.000000 0.439063 0.827103 2.000000 0.517188 0.848131 2.000000 0.000000 0.000000 0.000000 0.000000 0.000000 0.000000 0.000000 0.000000 0.000000 0.000000 0.000000 0.000000
0 0.929492 0.605619 0.106703 0.406752 0.000000 0.000000 0.000000 0.896875 0.455607 2.000000 0.000000 0.000000 0.000000 0.901563 0.453271 2.000000 0.000000 0.000000 0.000000 0.892188 0.549065 2.000000 0.967187 0.549065 2.000000 0.000000 0.000000 0.000000 0.000000 0.000000 0.000000 0.000000 0.000000 0.000000 0.000000 0.000000 0.000000 0.921875 0.750000 1.000000 0.957812 0.738318 2.000000 0.000000 0.000000 0.000000 0.000000 0.000000 0.000000 0.000000 0.000000 0.000000 0.000000 0.000000 0.000000
0 0.184617 0.698084 0.149953 0.603832 0.000000 0.000000 0.000000 0.000000 0.000000 0.000000 0.000000 0.000000 0.000000 0.206250 0.455607 2.000000 0.256250 0.460280 2.000000 0.173437 0.516355 2.000000 0.260937 0.525701 1.000000 0.135937 0.628505 2.000000 0.000000 0.000000 0.000000 0.123438 0.742991 2.000000 0.000000 0.000000 0.000000 0.170313 0.740654 2.000000 0.246875 0.745327 1.000000 0.157812 0.922897 2.000000 0.226562 0.908879 1.000000 0.000000 0.000000 0.000000 0.000000 0.000000 0.000000
0 0.813867 0.700444 0.281266 0.554813 0.000000 0.000000 0.000000 0.000000 0.000000 0.000000 0.000000 0.000000 0.000000 0.800000 0.523364 2.000000 0.000000 0.000000 0.000000 0.751563 0.654206 2.000000 0.895312 0.621495 2.000000 0.725000 0.780374 2.000000 0.934375 0.775701 2.000000 0.684375 0.850467 2.000000 0.000000 0.000000 0.000000 0.801562 0.908879 2.000000 0.893750 0.908879 2.000000 0.000000 0.000000 0.000000 0.000000 0.000000 0.000000 0.000000 0.000000 0.000000 0.000000 0.000000 0.000000
0 0.560992 0.569626 0.089547 0.247056 0.535937 0.497664 2.000000 0.542188 0.485981 2.000000 0.526563 0.485981 1.000000 0.550000 0.500000 2.000000 0.000000 0.000000 0.000000 0.567187 0.556075 2.000000 0.492188 0.549065 1.000000 0.592187 0.661215 2.000000 0.000000 0.000000 0.000000 0.568750 0.635514 1.000000 0.000000 0.000000 0.000000 0.554688 0.719626 1.000000 0.500000 0.717290 1.000000 0.000000 0.000000 0.000000 0.000000 0.000000 0.000000 0.000000 0.000000 0.000000 0.000000 0.000000 0.000000
0 0.295930 0.689486 0.159234 0.618645 0.000000 0.000000 0.000000 0.000000 0.000000 0.000000 0.000000 0.000000 0.000000 0.000000 0.000000 0.000000 0.314063 0.436916 2.000000 0.240625 0.511682 2.000000 0.360938 0.521028 2.000000 0.000000 0.000000 0.000000 0.365625 0.656542 2.000000 0.000000 0.000000 0.000000 0.000000 0.000000 0.000000 0.250000 0.761682 2.000000 0.345313 0.764019 2.000000 0.267188 0.990654 1.000000 0.328125 0.992991 2.000000 0.000000 0.000000 0.000000 0.000000 0.000000 0.000000
0 0.377469 0.587243 0.078438 0.292991 0.000000 0.000000 0.000000 0.000000 0.000000 0.000000 0.000000 0.000000 0.000000 0.000000 0.000000 0.000000 0.000000 0.000000 0.000000 0.342187 0.539720 1.000000 0.410938 0.537383 2.000000 0.000000 0.000000 0.000000 0.000000 0.000000 0.000000 0.000000 0.000000 0.000000 0.000000 0.000000 0.000000 0.348438 0.717290 1.000000 0.398438 0.717290 1.000000 0.000000 0.000000 0.000000 0.000000 0.000000 0.000000 0.000000 0.000000 0.000000 0.000000 0.000000 0.000000
0 0.069602 0.682944 0.078797 0.344626 0.000000 0.000000 0.000000 0.000000 0.000000 0.000000 0.000000 0.000000 0.000000 0.000000 0.000000 0.000000 0.081250 0.542056 2.000000 0.051562 0.579439 1.000000 0.090625 0.579439 2.000000 0.043750 0.637850 1.000000 0.098437 0.635514 2.000000 0.037500 0.679907 2.000000 0.000000 0.000000 0.000000 0.056250 0.684579 2.000000 0.085938 0.686916 2.000000 0.057813 0.754673 2.000000 0.076563 0.747664 2.000000 0.056250 0.827103 2.000000 0.068750 0.834112 2.000000
0 0.030055 0.576414 0.054109 0.334836 0.000000 0.000000 0.000000 0.000000 0.000000 0.000000 0.000000 0.000000 0.000000 0.000000 0.000000 0.000000 0.000000 0.000000 0.000000 0.023438 0.464953 2.000000 0.000000 0.000000 0.000000 0.032813 0.577103 2.000000 0.000000 0.000000 0.000000 0.009375 0.675234 2.000000 0.000000 0.000000 0.000000 0.000000 0.000000 0.000000 0.000000 0.000000 0.000000 0.000000 0.000000 0.000000 0.000000 0.000000 0.000000 0.000000 0.000000 0.000000 0.000000 0.000000 0.000000
0 0.702672 0.749871 0.122063 0.486051 0.000000 0.000000 0.000000 0.000000 0.000000 0.000000 0.000000 0.000000 0.000000 0.000000 0.000000 0.000000 0.734375 0.558411 2.000000 0.673438 0.612150 2.000000 0.748437 0.619159 2.000000 0.660937 0.679907 2.000000 0.000000 0.000000 0.000000 0.000000 0.000000 0.000000 0.000000 0.000000 0.000000 0.682813 0.761682 2.000000 0.735938 0.764019 1.000000 0.692187 0.918224 2.000000 0.720313 0.913551 2.000000 0.000000 0.000000 0.000000 0.000000 0.000000 0.000000
