0 0.571437 0.522523 0.179375 0.592324 0.504687 0.326291 2.000000 0.518750 0.314554 2.000000 0.501563 0.316901 2.000000 0.539062 0.291080 2.000000 0.000000 0.000000 0.000000 0.582812 0.338028 2.000000 0.518750 0.363850 2.000000 0.614062 0.441315 2.000000 0.000000 0.000000 0.000000 0.539062 0.453052 1.000000 0.000000 0.000000 0.000000 0.615625 0.478873 2.000000 0.557813 0.488263 1.000000 0.593750 0.586854 2.000000 0.529687 0.610329 1.000000 0.632812 0.739437 2.000000 0.543750 0.765258 1.000000
0 0.504883 0.592664 0.141672 0.515423 0.467187 0.410798 2.000000 0.473438 0.396714 2.000000 0.464062 0.406103 2.000000 0.496875 0.389671 2.000000 0.000000 0.000000 0.000000 0.509375 0.434272 2.000000 0.467187 0.443662 2.000000 0.553125 0.511737 2.000000 0.475000 0.514085 2.000000 0.537500 0.457746 2.000000 0.451562 0.485915 2.000000 0.529687 0.579812 2.000000 0.495312 0.589202 2.000000 0.529687 0.678404 2.000000 0.496875 0.687793 2.000000 0.545312 0.779343 2.000000 0.500000 0.781690 2.000000
0 0.397133 0.642700 0.151078 0.404507 0.371875 0.495305 2.000000 0.381250 0.485915 2.000000 0.365625 0.488263 2.000000 0.390625 0.495305 2.000000 0.351562 0.492958 2.000000 0.414062 0.558685 2.000000 0.351562 0.561033 2.000000 0.428125 0.638498 2.000000 0.334375 0.645540 2.000000 0.432812 0.687793 2.000000 0.360938 0.701878 2.000000 0.418750 0.708920 2.000000 0.371875 0.713615 2.000000 0.450000 0.814554 2.000000 0.395313 0.821596 2.000000 0.400000 0.802817 2.000000 0.346875 0.791080 2.000000
0 0.061719 0.656585 0.081375 0.312512 0.098437 0.537559 2.000000 0.000000 0.000000 0.000000 0.095312 0.530516 2.000000 0.000000 0.000000 0.000000 0.084375 0.530516 2.000000 0.082812 0.570423 2.000000 0.060937 0.553991 2.000000 0.092188 0.617371 2.000000 0.056250 0.589202 2.000000 0.095312 0.659624 2.000000 0.073438 0.544601 2.000000 0.078125 0.647887 2.000000 0.057813 0.647887 2.000000 0.060937 0.718310 2.000000 0.057813 0.706573 2.000000 0.048438 0.788732 2.000000 0.031250 0.788732 2.000000
0 0.841789 0.605622 0.316422 0.604484 0.831250 0.471831 2.000000 0.843750 0.441315 2.000000 0.000000 0.000000 0.000000 0.878125 0.448357 2.000000 0.000000 0.000000 0.000000 0.887500 0.539906 2.000000 0.821875 0.532864 2.000000 0.909375 0.638498 2.000000 0.785937 0.497653 2.000000 0.884375 0.708920 2.000000 0.760938 0.396714 2.000000 0.881250 0.725352 2.000000 0.815625 0.711268 2.000000 0.790625 0.730047 2.000000 0.720313 0.779343 2.000000 0.950000 0.828638 2.000000 0.829688 0.833333 2.000000
0 0.227359 0.692887 0.072281 0.225962 0.246875 0.610329 2.000000 0.250000 0.605634 2.000000 0.243750 0.600939 2.000000 0.000000 0.000000 0.000000 0.000000 0.000000 0.000000 0.253125 0.631455 2.000000 0.231250 0.631455 2.000000 0.256250 0.669014 2.000000 0.220312 0.664319 2.000000 0.000000 0.000000 0.000000 0.220312 0.694836 2.000000 0.245312 0.715962 2.000000 0.226562 0.711268 2.000000 0.245312 0.748826 1.000000 0.217188 0.739437 2.000000 0.000000 0.000000 0.000000 0.206250 0.774648 2.000000
0 0.220992 0.674683 0.063297 0.248333 0.226562 0.563380 2.000000 0.000000 0.000000 0.000000 0.000000 0.000000 0.000000 0.239063 0.572770 2.000000 0.000000 0.000000 0.000000 0.240625 0.598592 1.000000 0.217188 0.591549 2.000000 0.000000 0.000000 0.000000 0.195312 0.586854 2.000000 0.000000 0.000000 0.000000 0.214062 0.570423 2.000000 0.228125 0.664319 1.000000 0.209375 0.661972 2.000000 0.221875 0.713615 1.000000 0.206250 0.711268 2.000000 0.217188 0.769953 2.000000 0.200000 0.772300 1.000000
0 0.543719 0.571913 0.091250 0.469648 0.000000 0.000000 0.000000 0.000000 0.000000 0.000000 0.000000 0.000000 0.000000 0.000000 0.000000 0.000000 0.000000 0.000000 0.000000 0.000000 0.000000 0.000000 0.000000 0.000000 0.000000 0.000000 0.000000 0.000000 0.000000 0.000000 0.000000 0.000000 0.000000 0.000000 0.000000 0.000000 0.000000 0.564063 0.549296 1.000000 0.528125 0.549296 1.000000 0.568750 0.680751 2.000000 0.529687 0.680751 1.000000 0.568750 0.758216 2.000000 0.529687 0.774648 1.000000
0 0.315680 0.675974 0.048922 0.214812 0.307812 0.603286 1.000000 0.309375 0.593897 2.000000 0.000000 0.000000 0.000000 0.320312 0.593897 2.000000 0.000000 0.000000 0.000000 0.335938 0.622066 1.000000 0.314063 0.624413 2.000000 0.000000 0.000000 0.000000 0.296875 0.654930 2.000000 0.000000 0.000000 0.000000 0.298438 0.673709 2.000000 0.334375 0.687793 1.000000 0.317188 0.687793 2.000000 0.339062 0.734742 1.000000 0.304688 0.734742 2.000000 0.339062 0.772300 2.000000 0.292187 0.774648 1.000000
0 0.142773 0.709120 0.052609 0.190634 0.150000 0.659624 2.000000 0.151562 0.654930 2.000000 0.146875 0.652582 2.000000 0.000000 0.000000 0.000000 0.000000 0.000000 0.000000 0.159375 0.664319 2.000000 0.134375 0.664319 2.000000 0.164062 0.683099 2.000000 0.125000 0.694836 2.000000 0.160938 0.706573 1.000000 0.125000 0.723005 2.000000 0.151562 0.718310 2.000000 0.137500 0.718310 2.000000 0.150000 0.748826 1.000000 0.139063 0.746479 2.000000 0.148438 0.781690 1.000000 0.135937 0.781690 2.000000
