0 0.700170 0.281190 0.063900 0.101700 0.716000 0.256000 2.000000 0.718000 0.256000 2.000000 0.712000 0.252000 2.000000 0.000000 0.000000 0.000000 0.692000 0.252000 2.000000 0.712000 0.296000 2.000000 0.660000 0.280000 1.000000 0.000000 0.000000 0.000000 0.000000 0.000000 0.000000 0.000000 0.000000 0.000000 0.000000 0.000000 0.000000 0.000000 0.000000 0.000000 0.000000 0.000000 0.000000 0.000000 0.000000 0.000000 0.000000 0.000000 0.000000 0.000000 0.000000 0.000000 0.000000 0.000000 0.000000
0 0.304460 0.239780 0.061400 0.181440 0.322000 0.178000 2.000000 0.328000 0.172000 2.000000 0.314000 0.172000 2.000000 0.000000 0.000000 0.000000 0.308000 0.176000 2.000000 0.000000 0.000000 0.000000 0.292000 0.200000 2.000000 0.000000 0.000000 0.000000 0.290000 0.250000 2.000000 0.312000 0.294000 2.000000 0.302000 0.290000 2.000000 0.328000 0.272000 2.000000 0.302000 0.264000 2.000000 0.000000 0.000000 0.000000 0.280000 0.290000 2.000000 0.000000 0.000000 0.000000 0.000000 0.000000 0.000000
0 0.427020 0.198520 0.176400 0.267320 0.420000 0.108000 2.000000 0.000000 0.000000 0.000000 0.414000 0.098000 2.000000 0.000000 0.000000 0.000000 0.378000 0.100000 2.000000 0.420000 0.152000 2.000000 0.338000 0.148000 1.000000 0.494000 0.164000 2.000000 0.000000 0.000000 0.000000 0.466000 0.106000 2.000000 0.000000 0.000000 0.000000 0.426000 0.322000 2.000000 0.360000 0.320000 2.000000 0.000000 0.000000 0.000000 0.000000 0.000000 0.000000 0.000000 0.000000 0.000000 0.000000 0.000000 0.000000
0 0.801680 0.503620 0.211040 0.326160 0.756000 0.430000 2.000000 0.000000 0.000000 0.000000 0.738000 0.424000 2.000000 0.000000 0.000000 0.000000 0.712000 0.444000 2.000000 0.758000 0.476000 2.000000 0.716000 0.486000 2.000000 0.000000 0.000000 0.000000 0.776000 0.486000 2.000000 0.000000 0.000000 0.000000 0.788000 0.374000 2.000000 0.856000 0.640000 2.000000 0.830000 0.660000 2.000000 0.000000 0.000000 0.000000 0.000000 0.000000 0.000000 0.000000 0.000000 0.000000 0.000000 0.000000 0.000000
0 0.901700 0.586840 0.098920 0.154560 0.874000 0.526000 2.000000 0.878000 0.522000 2.000000 0.866000 0.524000 2.000000 0.000000 0.000000 0.000000 0.862000 0.536000 2.000000 0.898000 0.556000 2.000000 0.860000 0.562000 1.000000 0.916000 0.590000 2.000000 0.000000 0.000000 0.000000 0.934000 0.622000 2.000000 0.000000 0.000000 0.000000 0.924000 0.636000 2.000000 0.900000 0.644000 1.000000 0.000000 0.000000 0.000000 0.000000 0.000000 0.000000 0.000000 0.000000 0.000000 0.000000 0.000000 0.000000
0 0.613800 0.266770 0.108600 0.137460 0.602000 0.220000 2.000000 0.606000 0.218000 2.000000 0.594000 0.220000 2.000000 0.000000 0.000000 0.000000 0.586000 0.228000 1.000000 0.638000 0.250000 2.000000 0.576000 0.262000 2.000000 0.660000 0.294000 2.000000 0.568000 0.302000 2.000000 0.654000 0.322000 2.000000 0.588000 0.328000 2.000000 0.648000 0.340000 1.000000 0.612000 0.346000 1.000000 0.000000 0.000000 0.000000 0.000000 0.000000 0.000000 0.000000 0.000000 0.000000 0.000000 0.000000 0.000000
0 0.393170 0.589650 0.113220 0.099340 0.000000 0.000000 0.000000 0.000000 0.000000 0.000000 0.000000 0.000000 0.000000 0.000000 0.000000 0.000000 0.000000 0.000000 0.000000 0.362000 0.580000 2.000000 0.332000 0.590000 1.000000 0.000000 0.000000 0.000000 0.320000 0.620000 1.000000 0.000000 0.000000 0.000000 0.342000 0.596000 2.000000 0.384000 0.614000 2.000000 0.358000 0.620000 2.000000 0.404000 0.552000 2.000000 0.376000 0.568000 2.000000 0.424000 0.616000 2.000000 0.380000 0.630000 2.000000
0 0.064510 0.190460 0.115140 0.285600 0.054000 0.082000 2.000000 0.060000 0.076000 2.000000 0.044000 0.078000 2.000000 0.068000 0.078000 2.000000 0.034000 0.082000 2.000000 0.092000 0.118000 2.000000 0.012000 0.122000 2.000000 0.110000 0.178000 2.000000 0.000000 0.168000 1.000000 0.088000 0.216000 2.000000 0.034000 0.162000 2.000000 0.076000 0.220000 2.000000 0.024000 0.220000 2.000000 0.068000 0.300000 2.000000 0.024000 0.302000 2.000000 0.052000 0.374000 1.000000 0.038000 0.376000 1.000000
0 0.823020 0.179710 0.226880 0.304420 0.864000 0.142000 2.000000 0.000000 0.000000 0.000000 0.854000 0.132000 2.000000 0.000000 0.000000 0.000000 0.824000 0.130000 2.000000 0.874000 0.206000 2.000000 0.792000 0.188000 2.000000 0.926000 0.272000 2.000000 0.762000 0.140000 2.000000 0.888000 0.258000 2.000000 0.744000 0.068000 2.000000 0.874000 0.344000 1.000000 0.798000 0.348000 1.000000 0.000000 0.000000 0.000000 0.000000 0.000000 0.000000 0.000000 0.000000 0.000000 0.000000 0.000000 0.000000
0 0.642860 0.525970 0.049360 0.262340 0.654000 0.418000 2.000000 0.660000 0.412000 2.000000 0.650000 0.410000 2.000000 0.000000 0.000000 0.000000 0.640000 0.412000 2.000000 0.000000 0.000000 0.000000 0.624000 0.450000 2.000000 0.000000 0.000000 0.000000 0.622000 0.490000 1.000000 0.000000 0.000000 0.000000 0.624000 0.516000 1.000000 0.000000 0.000000 0.000000 0.644000 0.540000 2.000000 0.000000 0.000000 0.000000 0.650000 0.606000 2.000000 0.000000 0.000000 0.000000 0.000000 0.000000 0.000000
0 0.202600 0.188310 0.155840 0.314300 0.206000 0.064000 2.000000 0.210000 0.058000 2.000000 0.200000 0.058000 2.000000 0.000000 0.000000 0.000000 0.176000 0.060000 1.000000 0.228000 0.102000 2.000000 0.148000 0.114000 2.000000 0.242000 0.148000 2.000000 0.152000 0.188000 2.000000 0.268000 0.170000 2.000000 0.204000 0.176000 2.000000 0.238000 0.254000 2.000000 0.182000 0.260000 2.000000 0.000000 0.000000 0.000000 0.000000 0.000000 0.000000 0.000000 0.000000 0.000000 0.000000 0.000000 0.000000
0 0.495900 0.510870 0.150680 0.302100 0.522000 0.396000 2.000000 0.526000 0.390000 2.000000 0.508000 0.390000 2.000000 0.000000 0.000000 0.000000 0.490000 0.394000 2.000000 0.538000 0.438000 2.000000 0.444000 0.446000 2.000000 0.556000 0.504000 2.000000 0.432000 0.512000 2.000000 0.548000 0.552000 2.000000 0.496000 0.498000 2.000000 0.534000 0.570000 2.000000 0.486000 0.576000 2.000000 0.000000 0.000000 0.000000 0.000000 0.000000 0.000000 0.000000 0.000000 0.000000 0.000000 0.000000 0.000000
