0 0.455806 0.682523 0.751216 0.395422 0.749380 0.528125 2.000000 0.774194 0.525000 2.000000 0.736973 0.514062 2.000000 0.796526 0.556250 2.000000 0.000000 0.000000 0.000000 0.717122 0.642188 2.000000 0.650124 0.548438 2.000000 0.714640 0.723437 2.000000 0.627792 0.598437 2.000000 0.774194 0.818750 2.000000 0.739454 0.645312 2.000000 0.411911 0.637500 2.000000 0.382134 0.639062 2.000000 0.382134 0.835938 2.000000 0.637717 0.700000 2.000000 0.136476 0.817187 2.000000 0.570720 0.864062 2.000000
0 0.623325 0.370172 0.117866 0.184406 0.630273 0.298438 2.000000 0.637717 0.293750 2.000000 0.622829 0.293750 2.000000 0.000000 0.000000 0.000000 0.610422 0.295312 1.000000 0.662531 0.331250 2.000000 0.583127 0.329688 2.000000 0.660050 0.365625 2.000000 0.590571 0.362500 2.000000 0.600496 0.360938 2.000000 0.647643 0.359375 2.000000 0.647643 0.404687 2.000000 0.593052 0.406250 2.000000 0.640199 0.457813 2.000000 0.598015 0.457813 1.000000 0.652605 0.504687 1.000000 0.000000 0.000000 0.000000
0 0.874963 0.372492 0.116576 0.168703 0.890819 0.314063 2.000000 0.900744 0.310937 2.000000 0.878412 0.309375 2.000000 0.913151 0.312500 2.000000 0.870968 0.310937 2.000000 0.923077 0.342187 2.000000 0.848635 0.342187 2.000000 0.905707 0.375000 2.000000 0.831266 0.370312 2.000000 0.846154 0.376563 2.000000 0.888337 0.368750 2.000000 0.903226 0.410938 2.000000 0.851117 0.410938 1.000000 0.905707 0.470313 1.000000 0.846154 0.468750 1.000000 0.000000 0.000000 0.000000 0.000000 0.000000 0.000000
0 0.070459 0.352930 0.140918 0.166547 0.066998 0.287500 2.000000 0.074442 0.284375 2.000000 0.057072 0.284375 2.000000 0.081886 0.290625 2.000000 0.042184 0.287500 2.000000 0.086849 0.321875 2.000000 0.012407 0.318750 2.000000 0.124069 0.350000 2.000000 0.000000 0.000000 0.000000 0.104218 0.382812 2.000000 0.000000 0.389062 1.000000 0.084367 0.389062 2.000000 0.024814 0.389062 2.000000 0.074442 0.445312 1.000000 0.032258 0.446875 1.000000 0.064516 0.515625 1.000000 0.032258 0.515625 1.000000
0 0.166179 0.342687 0.128834 0.205469 0.168734 0.270313 2.000000 0.176179 0.265625 2.000000 0.161290 0.265625 2.000000 0.188586 0.262500 2.000000 0.143921 0.262500 2.000000 0.210918 0.300000 2.000000 0.124069 0.298438 2.000000 0.213400 0.348438 1.000000 0.116625 0.350000 1.000000 0.213400 0.390625 1.000000 0.116625 0.390625 2.000000 0.193548 0.375000 2.000000 0.133995 0.376563 1.000000 0.191067 0.434375 1.000000 0.126551 0.435937 1.000000 0.000000 0.000000 0.000000 0.000000 0.000000 0.000000
0 0.751228 0.360680 0.139181 0.186516 0.749380 0.289062 2.000000 0.759305 0.284375 2.000000 0.741935 0.282813 2.000000 0.769231 0.287500 2.000000 0.724566 0.287500 2.000000 0.801489 0.320312 2.000000 0.702233 0.323437 2.000000 0.813896 0.365625 1.000000 0.697270 0.362500 2.000000 0.779156 0.367188 2.000000 0.694789 0.379688 2.000000 0.766749 0.409375 2.000000 0.719603 0.409375 2.000000 0.774194 0.465625 1.000000 0.727047 0.467187 1.000000 0.779156 0.526563 1.000000 0.732010 0.528125 1.000000
0 0.081377 0.493117 0.127717 0.133328 0.096774 0.459375 2.000000 0.104218 0.453125 2.000000 0.089330 0.454688 2.000000 0.114144 0.454688 2.000000 0.069479 0.456250 2.000000 0.131514 0.487500 2.000000 0.047146 0.487500 2.000000 0.114144 0.520312 2.000000 0.054591 0.520312 2.000000 0.047146 0.539062 2.000000 0.094293 0.539062 2.000000 0.106700 0.539062 2.000000 0.062035 0.539062 2.000000 0.000000 0.000000 0.000000 0.000000 0.000000 0.000000 0.000000 0.000000 0.000000 0.000000 0.000000 0.000000
0 0.243524 0.505391 0.184467 0.147781 0.260546 0.457813 2.000000 0.272953 0.454688 2.000000 0.248139 0.454688 2.000000 0.285360 0.454688 2.000000 0.238213 0.454688 1.000000 0.312655 0.487500 2.000000 0.225806 0.487500 2.000000 0.315136 0.532813 2.000000 0.218362 0.531250 2.000000 0.282878 0.553125 2.000000 0.260546 0.550000 2.000000 0.305211 0.548438 2.000000 0.248139 0.546875 2.000000 0.240695 0.528125 2.000000 0.205955 0.545312 1.000000 0.248139 0.564063 2.000000 0.272953 0.565625 2.000000
0 0.303983 0.421000 0.150000 0.103219 0.310174 0.400000 2.000000 0.322581 0.395313 2.000000 0.300248 0.395313 2.000000 0.332506 0.400000 2.000000 0.287841 0.396875 2.000000 0.344913 0.418750 2.000000 0.260546 0.412500 2.000000 0.362283 0.448437 2.000000 0.243176 0.450000 1.000000 0.332506 0.454688 2.000000 0.290323 0.459375 1.000000 0.334988 0.476562 1.000000 0.277916 0.476562 1.000000 0.000000 0.000000 0.000000 0.000000 0.000000 0.000000 0.000000 0.000000 0.000000 0.000000 0.000000 0.000000
0 0.244640 0.372508 0.101092 0.111078 0.253102 0.339062 2.000000 0.258065 0.334375 2.000000 0.245658 0.334375 2.000000 0.270471 0.335938 2.000000 0.230769 0.332813 2.000000 0.285360 0.360938 2.000000 0.220844 0.362500 2.000000 0.292804 0.385937 1.000000 0.208437 0.395313 2.000000 0.000000 0.000000 0.000000 0.000000 0.000000 0.000000 0.263027 0.412500 1.000000 0.225806 0.410938 2.000000 0.000000 0.000000 0.000000 0.000000 0.000000 0.000000 0.000000 0.000000 0.000000 0.000000 0.000000 0.000000
0 0.305112 0.315070 0.068139 0.111391 0.310174 0.282813 2.000000 0.317618 0.279687 1.000000 0.305211 0.279687 2.000000 0.000000 0.000000 0.000000 0.290323 0.284375 2.000000 0.339950 0.312500 1.000000 0.280397 0.310937 2.000000 0.000000 0.000000 0.000000 0.000000 0.000000 0.000000 0.000000 0.000000 0.000000 0.000000 0.000000 0.000000 0.000000 0.000000 0.000000 0.000000 0.000000 0.000000 0.000000 0.000000 0.000000 0.000000 0.000000 0.000000 0.000000 0.000000 0.000000 0.000000 0.000000 0.000000
