0 0.484320 0.794809 0.044297 0.301114 0.000000 0.000000 0.000000 0.000000 0.000000 0.000000 0.000000 0.000000 0.000000 0.000000 0.000000 0.000000 0.489063 0.665689 2.000000 0.467187 0.697947 1.000000 0.498437 0.700880 2.000000 0.000000 0.000000 0.000000 0.501563 0.750733 2.000000 0.000000 0.000000 0.000000 0.000000 0.000000 0.000000 0.470313 0.794721 2.000000 0.495312 0.794721 2.000000 0.468750 0.862170 2.000000 0.490625 0.868035 2.000000 0.471875 0.923754 2.000000 0.489063 0.923754 2.000000
0 0.164930 0.718519 0.083922 0.394282 0.000000 0.000000 0.000000 0.000000 0.000000 0.000000 0.000000 0.000000 0.000000 0.000000 0.000000 0.000000 0.171875 0.563050 2.000000 0.134375 0.601173 2.000000 0.181250 0.609971 2.000000 0.125000 0.642229 1.000000 0.185938 0.662757 2.000000 0.000000 0.000000 0.000000 0.000000 0.000000 0.000000 0.142187 0.727273 2.000000 0.168750 0.730205 2.000000 0.140625 0.818182 2.000000 0.167187 0.815249 2.000000 0.135937 0.906158 2.000000 0.167187 0.903226 2.000000
0 0.213687 0.765352 0.057844 0.332581 0.000000 0.000000 0.000000 0.000000 0.000000 0.000000 0.000000 0.000000 0.000000 0.000000 0.000000 0.000000 0.229687 0.630499 2.000000 0.193750 0.665689 2.000000 0.231250 0.665689 2.000000 0.185938 0.730205 2.000000 0.232813 0.715543 2.000000 0.192188 0.753666 2.000000 0.235937 0.750733 1.000000 0.201563 0.762463 2.000000 0.226562 0.762463 2.000000 0.203125 0.841642 2.000000 0.226562 0.835777 2.000000 0.200000 0.909091 2.000000 0.226562 0.909091 2.000000
0 0.558516 0.812610 0.065656 0.221760 0.000000 0.000000 0.000000 0.000000 0.000000 0.000000 0.000000 0.000000 0.000000 0.548438 0.668622 1.000000 0.567187 0.671554 1.000000 0.545312 0.697947 1.000000 0.573438 0.697947 1.000000 0.535937 0.741935 2.000000 0.582812 0.744868 2.000000 0.000000 0.000000 0.000000 0.000000 0.000000 0.000000 0.546875 0.765396 2.000000 0.571875 0.765396 2.000000 0.551562 0.847507 2.000000 0.571875 0.844575 2.000000 0.554688 0.917889 2.000000 0.570312 0.917889 2.000000
0 0.623242 0.777654 0.044922 0.272141 0.000000 0.000000 0.000000 0.000000 0.000000 0.000000 0.000000 0.000000 0.000000 0.000000 0.000000 0.000000 0.000000 0.000000 0.000000 0.623437 0.683284 2.000000 0.637500 0.683284 2.000000 0.617188 0.724340 2.000000 0.000000 0.000000 0.000000 0.609375 0.747801 1.000000 0.000000 0.000000 0.000000 0.623437 0.780059 2.000000 0.634375 0.782991 2.000000 0.621875 0.841642 2.000000 0.634375 0.841642 2.000000 0.621875 0.900293 2.000000 0.635938 0.903226 2.000000
0 0.706008 0.781613 0.043297 0.273138 0.000000 0.000000 0.000000 0.000000 0.000000 0.000000 0.000000 0.000000 0.000000 0.000000 0.000000 0.000000 0.000000 0.000000 0.000000 0.689063 0.709677 1.000000 0.714063 0.703812 2.000000 0.000000 0.000000 0.000000 0.000000 0.000000 0.000000 0.000000 0.000000 0.000000 0.000000 0.000000 0.000000 0.693750 0.765396 2.000000 0.710938 0.765396 2.000000 0.695312 0.824047 2.000000 0.710938 0.826979 2.000000 0.693750 0.885630 2.000000 0.710938 0.897361 1.000000
0 0.804938 0.790762 0.046875 0.243754 0.000000 0.000000 0.000000 0.000000 0.000000 0.000000 0.000000 0.000000 0.000000 0.000000 0.000000 0.000000 0.000000 0.000000 0.000000 0.790625 0.715543 2.000000 0.817187 0.712610 2.000000 0.000000 0.000000 0.000000 0.000000 0.000000 0.000000 0.000000 0.000000 0.000000 0.000000 0.000000 0.000000 0.792188 0.788856 2.000000 0.815625 0.788856 1.000000 0.793750 0.835777 2.000000 0.814063 0.838710 1.000000 0.796875 0.897361 2.000000 0.814063 0.897361 1.000000
0 0.432406 0.783959 0.052094 0.277537 0.000000 0.000000 0.000000 0.000000 0.000000 0.000000 0.000000 0.000000 0.000000 0.425000 0.674487 2.000000 0.000000 0.000000 0.000000 0.423438 0.697947 2.000000 0.453125 0.703812 2.000000 0.417187 0.747801 2.000000 0.000000 0.000000 0.000000 0.409375 0.785924 2.000000 0.000000 0.000000 0.000000 0.425000 0.780059 2.000000 0.451562 0.782991 2.000000 0.425000 0.847507 2.000000 0.450000 0.841642 2.000000 0.426563 0.914956 1.000000 0.450000 0.917889 2.000000
0 0.373727 0.793006 0.060266 0.278094 0.000000 0.000000 0.000000 0.000000 0.000000 0.000000 0.000000 0.000000 0.000000 0.000000 0.000000 0.000000 0.000000 0.000000 0.000000 0.360938 0.715543 2.000000 0.385937 0.715543 2.000000 0.350000 0.765396 2.000000 0.395313 0.768328 2.000000 0.354687 0.821114 2.000000 0.393750 0.821114 2.000000 0.360938 0.824047 2.000000 0.378125 0.826979 2.000000 0.362500 0.897361 2.000000 0.378125 0.900293 2.000000 0.356250 0.967742 1.000000 0.376563 0.970674 1.000000
0 0.048602 0.784677 0.057047 0.295689 0.000000 0.000000 0.000000 0.000000 0.000000 0.000000 0.000000 0.000000 0.000000 0.000000 0.000000 0.000000 0.000000 0.000000 0.000000 0.046875 0.727273 2.000000 0.057813 0.724340 2.000000 0.000000 0.000000 0.000000 0.000000 0.000000 0.000000 0.000000 0.000000 0.000000 0.000000 0.000000 0.000000 0.037500 0.809384 2.000000 0.048438 0.809384 2.000000 0.040625 0.879765 2.000000 0.029687 0.870968 2.000000 0.000000 0.000000 0.000000 0.000000 0.000000 0.000000
0 0.806664 0.791378 0.045141 0.244340 0.000000 0.000000 0.000000 0.000000 0.000000 0.000000 0.000000 0.000000 0.000000 0.000000 0.000000 0.000000 0.000000 0.000000 0.000000 0.792188 0.712610 2.000000 0.815625 0.712610 2.000000 0.787500 0.747801 2.000000 0.825000 0.741935 2.000000 0.000000 0.000000 0.000000 0.000000 0.000000 0.000000 0.795312 0.788856 2.000000 0.812500 0.785924 1.000000 0.796875 0.850440 2.000000 0.812500 0.847507 1.000000 0.796875 0.900293 2.000000 0.814063 0.900293 1.000000
