0 0.270961 0.497852 0.184984 0.677047 0.000000 0.000000 0.000000 0.203125 0.220312 2.000000 0.000000 0.000000 0.000000 0.000000 0.000000 0.000000 0.000000 0.000000 0.000000 0.231250 0.284375 2.000000 0.276562 0.285938 2.000000 0.278125 0.392188 2.000000 0.000000 0.000000 0.000000 0.310937 0.432812 2.000000 0.000000 0.000000 0.000000 0.232813 0.459375 2.000000 0.259375 0.457813 2.000000 0.278125 0.654687 2.000000 0.287500 0.648438 2.000000 0.287500 0.793750 2.000000 0.300000 0.793750 2.000000
0 0.737078 0.498500 0.170781 0.683156 0.759375 0.229687 2.000000 0.771875 0.217188 2.000000 0.745313 0.220312 2.000000 0.000000 0.000000 0.000000 0.715625 0.228125 2.000000 0.775000 0.293750 2.000000 0.690625 0.296875 2.000000 0.000000 0.000000 0.000000 0.689063 0.404687 2.000000 0.000000 0.000000 0.000000 0.734375 0.285938 2.000000 0.787500 0.498437 2.000000 0.718750 0.498437 2.000000 0.787500 0.643750 2.000000 0.703125 0.645312 2.000000 0.790625 0.782813 2.000000 0.676562 0.795312 2.000000
0 0.872734 0.338281 0.085687 0.168625 0.829688 0.295312 1.000000 0.834375 0.287500 2.000000 0.000000 0.000000 0.000000 0.000000 0.000000 0.000000 0.000000 0.000000 0.000000 0.884375 0.307812 2.000000 0.000000 0.000000 0.000000 0.903125 0.371875 2.000000 0.000000 0.000000 0.000000 0.854688 0.370312 2.000000 0.000000 0.000000 0.000000 0.000000 0.000000 0.000000 0.000000 0.000000 0.000000 0.000000 0.000000 0.000000 0.000000 0.000000 0.000000 0.000000 0.000000 0.000000 0.000000 0.000000 0.000000
0 0.123594 0.348312 0.103375 0.206750 0.000000 0.000000 0.000000 0.000000 0.000000 0.000000 0.000000 0.000000 0.000000 0.000000 0.000000 0.000000 0.137500 0.270313 2.000000 0.082812 0.323437 2.000000 0.151562 0.315625 2.000000 0.081250 0.384375 2.000000 0.156250 0.367188 1.000000 0.000000 0.000000 0.000000 0.000000 0.000000 0.000000 0.106250 0.431250 2.000000 0.137500 0.425000 2.000000 0.000000 0.000000 0.000000 0.000000 0.000000 0.000000 0.000000 0.000000 0.000000 0.000000 0.000000 0.000000
0 0.434023 0.529664 0.139203 0.388859 0.000000 0.000000 0.000000 0.000000 0.000000 0.000000 0.000000 0.000000 0.000000 0.000000 0.000000 0.000000 0.000000 0.000000 0.000000 0.468750 0.428125 2.000000 0.000000 0.000000 0.000000 0.456250 0.512500 2.000000 0.000000 0.000000 0.000000 0.000000 0.000000 0.000000 0.000000 0.000000 0.000000 0.495312 0.557813 2.000000 0.000000 0.000000 0.000000 0.390625 0.571875 2.000000 0.432812 0.573438 2.000000 0.409375 0.682813 2.000000 0.467187 0.684375 2.000000
0 0.166563 0.336961 0.062625 0.165328 0.137500 0.285938 1.000000 0.145313 0.278125 2.000000 0.000000 0.000000 0.000000 0.162500 0.284375 2.000000 0.000000 0.000000 0.000000 0.173437 0.326562 2.000000 0.182812 0.318750 2.000000 0.178125 0.381250 2.000000 0.000000 0.000000 0.000000 0.140625 0.381250 1.000000 0.000000 0.000000 0.000000 0.168750 0.434375 1.000000 0.000000 0.000000 0.000000 0.000000 0.000000 0.000000 0.000000 0.000000 0.000000 0.000000 0.000000 0.000000 0.000000 0.000000 0.000000
0 0.624719 0.421352 0.080906 0.415734 0.000000 0.000000 0.000000 0.000000 0.000000 0.000000 0.657813 0.254688 2.000000 0.000000 0.000000 0.000000 0.634375 0.250000 2.000000 0.000000 0.000000 0.000000 0.623437 0.289062 2.000000 0.000000 0.000000 0.000000 0.625000 0.354687 2.000000 0.000000 0.000000 0.000000 0.000000 0.000000 0.000000 0.000000 0.000000 0.000000 0.615625 0.387500 2.000000 0.000000 0.000000 0.000000 0.614062 0.498437 2.000000 0.000000 0.000000 0.000000 0.598437 0.592187 2.000000
0 0.926922 0.449164 0.144562 0.233859 0.000000 0.000000 0.000000 0.000000 0.000000 0.000000 0.000000 0.000000 0.000000 0.000000 0.000000 0.000000 0.000000 0.000000 0.000000 0.882812 0.418750 2.000000 0.976562 0.415625 2.000000 0.000000 0.000000 0.000000 0.000000 0.000000 0.000000 0.000000 0.000000 0.000000 0.000000 0.000000 0.000000 0.909375 0.565625 1.000000 0.979688 0.562500 1.000000 0.000000 0.000000 0.000000 0.000000 0.000000 0.000000 0.000000 0.000000 0.000000 0.000000 0.000000 0.000000
0 0.357484 0.526320 0.079094 0.355266 0.000000 0.000000 0.000000 0.326562 0.395313 2.000000 0.000000 0.000000 0.000000 0.000000 0.000000 0.000000 0.000000 0.000000 0.000000 0.371875 0.425000 2.000000 0.000000 0.000000 0.000000 0.387500 0.493750 1.000000 0.000000 0.000000 0.000000 0.392188 0.475000 1.000000 0.000000 0.000000 0.000000 0.351562 0.523438 2.000000 0.314063 0.525000 1.000000 0.373437 0.554688 2.000000 0.310937 0.573438 1.000000 0.382812 0.692187 2.000000 0.320312 0.693750 1.000000
0 0.446609 0.387578 0.096656 0.292469 0.426563 0.287500 2.000000 0.428125 0.278125 2.000000 0.000000 0.000000 0.000000 0.440625 0.276562 2.000000 0.000000 0.000000 0.000000 0.454688 0.317188 2.000000 0.000000 0.000000 0.000000 0.440625 0.384375 2.000000 0.000000 0.000000 0.000000 0.401562 0.379688 2.000000 0.000000 0.000000 0.000000 0.000000 0.000000 0.000000 0.000000 0.000000 0.000000 0.000000 0.000000 0.000000 0.000000 0.000000 0.000000 0.000000 0.000000 0.000000 0.000000 0.000000 0.000000
0 0.831234 0.348586 0.061125 0.190641 0.000000 0.000000 0.000000 0.000000 0.000000 0.000000 0.828125 0.289062 2.000000 0.000000 0.000000 0.000000 0.807813 0.290625 2.000000 0.823438 0.332813 2.000000 0.000000 0.000000 0.000000 0.000000 0.000000 0.000000 0.000000 0.000000 0.000000 0.000000 0.000000 0.000000 0.000000 0.000000 0.000000 0.000000 0.000000 0.000000 0.000000 0.000000 0.000000 0.000000 0.000000 0.000000 0.000000 0.000000 0.000000 0.000000 0.000000 0.000000 0.000000 0.000000 0.000000
0 0.032828 0.453891 0.065656 0.369094 0.000000 0.000000 0.000000 0.000000 0.000000 0.000000 0.000000 0.000000 0.000000 0.000000 0.000000 0.000000 0.000000 0.000000 0.000000 0.000000 0.000000 0.000000 0.031250 0.325000 2.000000 0.000000 0.000000 0.000000 0.053125 0.396875 2.000000 0.000000 0.000000 0.000000 0.000000 0.000000 0.000000 0.000000 0.000000 0.000000 0.034375 0.442188 2.000000 0.007812 0.532813 2.000000 0.007812 0.521875 2.000000 0.031250 0.610938 2.000000 0.000000 0.000000 0.000000
