0 0.354781 0.443549 0.126906 0.300334 0.393750 0.392484 2.000000 0.393750 0.367432 2.000000 0.375000 0.388309 2.000000 0.000000 0.000000 0.000000 0.329688 0.400835 2.000000 0.371875 0.444676 2.000000 0.315625 0.465553 2.000000 0.000000 0.000000 0.000000 0.343750 0.553236 2.000000 0.000000 0.000000 0.000000 0.384375 0.469729 2.000000 0.364063 0.617954 1.000000 0.328125 0.649269 1.000000 0.000000 0.000000 0.000000 0.000000 0.000000 0.000000 0.000000 0.000000 0.000000 0.000000 0.000000 0.000000
0 0.305414 0.217380 0.198016 0.430501 0.345313 0.043841 2.000000 0.000000 0.000000 0.000000 0.340625 0.033403 2.000000 0.000000 0.000000 0.000000 0.295312 0.041754 2.000000 0.260937 0.100209 2.000000 0.323437 0.127349 2.000000 0.000000 0.000000 0.000000 0.379688 0.248434 2.000000 0.000000 0.000000 0.000000 0.390625 0.189979 2.000000 0.264062 0.338205 2.000000 0.325000 0.363257 1.000000 0.279687 0.494781 1.000000 0.329688 0.511482 1.000000 0.000000 0.000000 0.000000 0.000000 0.000000 0.000000
0 0.454484 0.402203 0.104281 0.274927 0.471875 0.340292 2.000000 0.479687 0.325678 2.000000 0.462500 0.321503 2.000000 0.000000 0.000000 0.000000 0.434375 0.325678 2.000000 0.462500 0.373695 2.000000 0.414062 0.394572 2.000000 0.496875 0.490605 1.000000 0.454688 0.507307 2.000000 0.482812 0.427975 2.000000 0.467187 0.425887 2.000000 0.484375 0.509395 1.000000 0.451562 0.536534 1.000000 0.000000 0.000000 0.000000 0.000000 0.000000 0.000000 0.000000 0.000000 0.000000 0.000000 0.000000 0.000000
0 0.810703 0.668424 0.165594 0.475595 0.832812 0.546973 2.000000 0.851562 0.530271 2.000000 0.812500 0.521921 2.000000 0.864062 0.569937 2.000000 0.773438 0.551148 2.000000 0.860938 0.665971 2.000000 0.751563 0.607516 2.000000 0.835938 0.820459 1.000000 0.000000 0.000000 0.000000 0.818750 0.749478 2.000000 0.000000 0.000000 0.000000 0.000000 0.000000 0.000000 0.000000 0.000000 0.000000 0.000000 0.000000 0.000000 0.000000 0.000000 0.000000 0.000000 0.000000 0.000000 0.000000 0.000000 0.000000
0 0.160977 0.570491 0.245641 0.373257 0.190625 0.484342 2.000000 0.182812 0.459290 2.000000 0.170313 0.473904 2.000000 0.000000 0.000000 0.000000 0.120313 0.505219 2.000000 0.189062 0.563674 2.000000 0.110937 0.609603 2.000000 0.243750 0.682672 1.000000 0.131250 0.728601 2.000000 0.267188 0.588727 1.000000 0.187500 0.594990 2.000000 0.200000 0.770355 1.000000 0.143750 0.824635 1.000000 0.000000 0.000000 0.000000 0.000000 0.000000 0.000000 0.000000 0.000000 0.000000 0.000000 0.000000 0.000000
0 0.764328 0.185658 0.091563 0.188392 0.787500 0.144050 2.000000 0.000000 0.000000 0.000000 0.784375 0.137787 2.000000 0.762500 0.141962 2.000000 0.768750 0.139875 2.000000 0.753125 0.175365 2.000000 0.762500 0.185804 2.000000 0.000000 0.000000 0.000000 0.810937 0.227557 1.000000 0.000000 0.000000 0.000000 0.000000 0.000000 0.000000 0.000000 0.000000 0.000000 0.000000 0.000000 0.000000 0.000000 0.000000 0.000000 0.000000 0.000000 0.000000 0.000000 0.000000 0.000000 0.000000 0.000000 0.000000
0 0.844648 0.128069 0.125672 0.167912 0.889062 0.096033 2.000000 0.000000 0.000000 0.000000 0.889062 0.085595 2.000000 0.000000 0.000000 0.000000 0.873437 0.083507 2.000000 0.867188 0.114823 2.000000 0.848437 0.091858 2.000000 0.000000 0.000000 0.000000 0.850000 0.167015 2.000000 0.000000 0.000000 0.000000 0.873437 0.183716 2.000000 0.817187 0.177453 2.000000 0.798438 0.189979 2.000000 0.000000 0.000000 0.000000 0.000000 0.000000 0.000000 0.000000 0.000000 0.000000 0.000000 0.000000 0.000000
0 0.933219 0.441441 0.133563 0.349102 0.000000 0.000000 0.000000 0.876563 0.369520 2.000000 0.000000 0.000000 0.000000 0.901563 0.382046 2.000000 0.954688 0.367432 2.000000 0.898438 0.473904 2.000000 0.979688 0.444676 2.000000 0.839063 0.605428 1.000000 0.000000 0.000000 0.000000 0.800000 0.498956 1.000000 0.000000 0.000000 0.000000 0.862500 0.697286 1.000000 0.910937 0.686848 1.000000 0.000000 0.000000 0.000000 0.000000 0.000000 0.000000 0.000000 0.000000 0.000000 0.000000 0.000000 0.000000
0 0.976586 0.275574 0.046828 0.268351 0.000000 0.000000 0.000000 0.000000 0.000000 0.000000 0.000000 0.000000 0.000000 0.000000 0.000000 0.000000 0.000000 0.000000 0.000000 0.000000 0.000000 0.000000 0.000000 0.000000 0.000000 0.973437 0.283925 2.000000 0.962500 0.269311 2.000000 0.000000 0.000000 0.000000 0.968750 0.215031 2.000000 0.000000 0.000000 0.000000 0.000000 0.000000 0.000000 0.000000 0.000000 0.000000 0.000000 0.000000 0.000000 0.000000 0.000000 0.000000 0.000000 0.000000 0.000000
0 0.626500 0.784269 0.314500 0.408998 0.585938 0.709812 2.000000 0.612500 0.695198 2.000000 0.596875 0.676409 2.000000 0.681250 0.757829 2.000000 0.000000 0.000000 0.000000 0.621875 0.872651 2.000000 0.729688 0.766180 2.000000 0.495312 0.876827 2.000000 0.000000 0.000000 0.000000 0.543750 0.726514 2.000000 0.623437 0.655532 2.000000 0.000000 0.000000 0.000000 0.000000 0.000000 0.000000 0.000000 0.000000 0.000000 0.000000 0.000000 0.000000 0.000000 0.000000 0.000000 0.000000 0.000000 0.000000
0 0.188547 0.127370 0.063250 0.136367 0.189062 0.083507 2.000000 0.192188 0.079332 2.000000 0.184375 0.079332 2.000000 0.000000 0.000000 0.000000 0.000000 0.000000 0.000000 0.203125 0.104384 2.000000 0.165625 0.110647 2.000000 0.217188 0.129436 2.000000 0.167187 0.152401 2.000000 0.212500 0.139875 1.000000 0.184375 0.150313 2.000000 0.198437 0.164927 2.000000 0.167187 0.167015 2.000000 0.000000 0.000000 0.000000 0.198437 0.194154 2.000000 0.000000 0.000000 0.000000 0.000000 0.000000 0.000000
