0 0.712453 0.688688 0.066719 0.364708 0.717187 0.547917 2.000000 0.720313 0.541667 2.000000 0.710938 0.539583 2.000000 0.728125 0.537500 2.000000 0.706250 0.535417 1.000000 0.740625 0.568750 2.000000 0.690625 0.568750 2.000000 0.000000 0.000000 0.000000 0.685937 0.616667 2.000000 0.000000 0.000000 0.000000 0.682813 0.672917 1.000000 0.728125 0.687500 1.000000 0.703125 0.677083 2.000000 0.731250 0.762500 2.000000 0.704688 0.787500 2.000000 0.726562 0.837500 2.000000 0.710938 0.804167 2.000000
0 0.647227 0.733656 0.107891 0.385479 0.629687 0.575000 2.000000 0.635938 0.568750 2.000000 0.625000 0.572917 2.000000 0.648438 0.570833 2.000000 0.000000 0.000000 0.000000 0.673438 0.612500 2.000000 0.618750 0.622917 2.000000 0.687500 0.666667 2.000000 0.609375 0.679167 2.000000 0.656250 0.679167 2.000000 0.596875 0.645833 2.000000 0.667188 0.727083 2.000000 0.637500 0.729167 2.000000 0.673438 0.812500 2.000000 0.642188 0.814583 2.000000 0.675000 0.881250 2.000000 0.653125 0.881250 2.000000
0 0.482023 0.761427 0.117984 0.391021 0.453125 0.575000 1.000000 0.460938 0.568750 1.000000 0.000000 0.000000 0.000000 0.478125 0.572917 2.000000 0.000000 0.000000 0.000000 0.500000 0.616667 2.000000 0.446875 0.622917 2.000000 0.521875 0.672917 2.000000 0.435937 0.668750 1.000000 0.526563 0.735417 2.000000 0.000000 0.000000 0.000000 0.503125 0.725000 2.000000 0.464062 0.727083 2.000000 0.498437 0.818750 2.000000 0.467187 0.825000 2.000000 0.493750 0.904167 2.000000 0.495312 0.866667 2.000000
0 0.939453 0.540813 0.052969 0.223458 0.950000 0.452083 2.000000 0.000000 0.000000 0.000000 0.945312 0.447917 2.000000 0.000000 0.000000 0.000000 0.937500 0.452083 2.000000 0.953125 0.477083 2.000000 0.925000 0.475000 2.000000 0.957812 0.506250 2.000000 0.918750 0.506250 2.000000 0.959375 0.529167 2.000000 0.920312 0.537500 2.000000 0.945312 0.525000 2.000000 0.931250 0.527083 2.000000 0.948438 0.577083 2.000000 0.932813 0.575000 2.000000 0.945312 0.620833 2.000000 0.935937 0.627083 2.000000
0 0.417133 0.779781 0.085953 0.350562 0.385937 0.654167 2.000000 0.390625 0.645833 2.000000 0.000000 0.000000 0.000000 0.407813 0.645833 2.000000 0.000000 0.000000 0.000000 0.431250 0.681250 2.000000 0.387500 0.687500 2.000000 0.446875 0.725000 2.000000 0.382812 0.735417 2.000000 0.434375 0.756250 2.000000 0.384375 0.768750 2.000000 0.428125 0.783333 2.000000 0.401562 0.783333 2.000000 0.425000 0.852083 2.000000 0.407813 0.852083 2.000000 0.443750 0.889583 2.000000 0.425000 0.918750 2.000000
0 0.310414 0.573448 0.051422 0.165563 0.306250 0.506250 2.000000 0.309375 0.500000 2.000000 0.304688 0.500000 2.000000 0.315625 0.502083 1.000000 0.000000 0.000000 0.000000 0.325000 0.518750 2.000000 0.304688 0.522917 2.000000 0.328125 0.547917 2.000000 0.000000 0.000000 0.000000 0.321875 0.568750 2.000000 0.000000 0.000000 0.000000 0.318750 0.558333 2.000000 0.306250 0.560417 2.000000 0.328125 0.606250 2.000000 0.303125 0.600000 2.000000 0.000000 0.000000 0.000000 0.300000 0.635417 2.000000
0 0.586375 0.738792 0.075375 0.381208 0.589063 0.579167 2.000000 0.595313 0.575000 2.000000 0.582812 0.575000 2.000000 0.000000 0.000000 0.000000 0.000000 0.000000 0.000000 0.614062 0.614583 1.000000 0.567187 0.614583 2.000000 0.607812 0.672917 1.000000 0.568750 0.660417 2.000000 0.000000 0.000000 0.000000 0.592187 0.639583 2.000000 0.601562 0.697917 2.000000 0.578125 0.697917 1.000000 0.607812 0.795833 2.000000 0.581250 0.797917 2.000000 0.609375 0.872917 1.000000 0.587500 0.879167 2.000000
0 0.897906 0.536104 0.043938 0.201792 0.000000 0.000000 0.000000 0.000000 0.000000 0.000000 0.000000 0.000000 0.000000 0.000000 0.000000 0.000000 0.906250 0.452083 2.000000 0.884375 0.472917 2.000000 0.906250 0.472917 2.000000 0.881250 0.502083 2.000000 0.000000 0.000000 0.000000 0.882812 0.529167 2.000000 0.000000 0.000000 0.000000 0.890625 0.520833 2.000000 0.901563 0.520833 2.000000 0.898438 0.566667 2.000000 0.909375 0.566667 2.000000 0.904687 0.620833 2.000000 0.892188 0.610417 2.000000
0 0.781500 0.683927 0.083812 0.351104 0.767188 0.533333 2.000000 0.771875 0.527083 2.000000 0.760938 0.527083 2.000000 0.000000 0.000000 0.000000 0.753125 0.539583 2.000000 0.793750 0.564583 2.000000 0.740625 0.581250 1.000000 0.809375 0.614583 2.000000 0.740625 0.647917 1.000000 0.815625 0.668750 2.000000 0.742188 0.612500 2.000000 0.785937 0.668750 2.000000 0.760938 0.675000 2.000000 0.785937 0.735417 2.000000 0.762500 0.739583 2.000000 0.785937 0.822917 2.000000 0.771875 0.806250 2.000000
0 0.980984 0.575625 0.038031 0.244000 0.000000 0.000000 0.000000 0.000000 0.000000 0.000000 0.000000 0.000000 0.000000 0.000000 0.000000 0.000000 0.000000 0.000000 0.000000 0.000000 0.000000 0.000000 0.970313 0.500000 2.000000 0.000000 0.000000 0.000000 0.965625 0.531250 2.000000 0.000000 0.000000 0.000000 0.987500 0.522917 2.000000 0.000000 0.000000 0.000000 0.976562 0.562500 2.000000 0.000000 0.000000 0.000000 0.984375 0.620833 2.000000 0.000000 0.000000 0.000000 0.981250 0.677083 2.000000
0 0.118156 0.652771 0.090312 0.211333 0.103125 0.577083 2.000000 0.107813 0.570833 2.000000 0.100000 0.570833 2.000000 0.121875 0.577083 2.000000 0.000000 0.000000 0.000000 0.134375 0.610417 2.000000 0.092188 0.604167 2.000000 0.153125 0.662500 2.000000 0.082812 0.650000 2.000000 0.146875 0.712500 2.000000 0.089063 0.633333 2.000000 0.125000 0.718750 1.000000 0.101562 0.720833 1.000000 0.000000 0.000000 0.000000 0.000000 0.000000 0.000000 0.000000 0.000000 0.000000 0.000000 0.000000 0.000000
