0 0.170383 0.563013 0.200672 0.841266 0.200000 0.259825 2.000000 0.196875 0.244541 2.000000 0.182812 0.248908 2.000000 0.000000 0.000000 0.000000 0.134375 0.266376 2.000000 0.200000 0.386463 2.000000 0.120313 0.410480 2.000000 0.228125 0.582969 2.000000 0.117188 0.644105 2.000000 0.246875 0.742358 2.000000 0.153125 0.788210 2.000000 0.239063 0.711790 2.000000 0.181250 0.757642 2.000000 0.000000 0.000000 0.000000 0.000000 0.000000 0.000000 0.000000 0.000000 0.000000 0.000000 0.000000 0.000000
0 0.579234 0.621747 0.385094 0.756507 0.629687 0.360262 2.000000 0.000000 0.000000 0.000000 0.615625 0.340611 2.000000 0.000000 0.000000 0.000000 0.000000 0.000000 0.000000 0.429688 0.517467 2.000000 0.601562 0.648472 2.000000 0.000000 0.000000 0.000000 0.734375 0.703057 2.000000 0.000000 0.000000 0.000000 0.000000 0.000000 0.000000 0.421875 0.888646 2.000000 0.550000 0.956332 2.000000 0.000000 0.000000 0.000000 0.000000 0.000000 0.000000 0.000000 0.000000 0.000000 0.000000 0.000000 0.000000
0 0.921008 0.550677 0.157984 0.898646 0.864062 0.255459 2.000000 0.875000 0.235808 2.000000 0.856250 0.237991 2.000000 0.939063 0.222707 2.000000 0.000000 0.000000 0.000000 0.948438 0.366812 2.000000 0.000000 0.000000 0.000000 0.945312 0.644105 2.000000 0.000000 0.000000 0.000000 0.898438 0.886463 2.000000 0.000000 0.000000 0.000000 0.950000 0.853712 2.000000 0.000000 0.000000 0.000000 0.000000 0.000000 0.000000 0.000000 0.000000 0.000000 0.000000 0.000000 0.000000 0.000000 0.000000 0.000000
0 0.576531 0.340819 0.187437 0.406441 0.000000 0.000000 0.000000 0.000000 0.000000 0.000000 0.000000 0.000000 0.000000 0.506250 0.262009 2.000000 0.000000 0.000000 0.000000 0.479687 0.386463 1.000000 0.645312 0.377729 2.000000 0.000000 0.000000 0.000000 0.000000 0.000000 0.000000 0.000000 0.000000 0.000000 0.000000 0.000000 0.000000 0.000000 0.000000 0.000000 0.000000 0.000000 0.000000 0.000000 0.000000 0.000000 0.000000 0.000000 0.000000 0.000000 0.000000 0.000000 0.000000 0.000000 0.000000
0 0.360227 0.502991 0.199422 0.800000 0.360938 0.218341 2.000000 0.373437 0.185590 2.000000 0.346875 0.194323 2.000000 0.398438 0.192140 2.000000 0.329688 0.207424 1.000000 0.432812 0.312227 2.000000 0.296875 0.325328 2.000000 0.446875 0.471616 1.000000 0.278125 0.489083 2.000000 0.000000 0.000000 0.000000 0.289062 0.622271 2.000000 0.439063 0.613537 1.000000 0.350000 0.622271 2.000000 0.000000 0.000000 0.000000 0.370312 0.868996 2.000000 0.000000 0.000000 0.000000 0.000000 0.000000 0.000000
0 0.763852 0.327205 0.076078 0.217948 0.759375 0.248908 2.000000 0.000000 0.000000 0.000000 0.754687 0.240175 2.000000 0.000000 0.000000 0.000000 0.746875 0.244541 2.000000 0.746875 0.262009 2.000000 0.742188 0.270742 2.000000 0.767188 0.296943 2.000000 0.773438 0.301310 1.000000 0.776563 0.270742 2.000000 0.781250 0.272926 2.000000 0.751563 0.340611 2.000000 0.745313 0.349345 2.000000 0.795312 0.362445 2.000000 0.790625 0.368996 1.000000 0.779687 0.423581 2.000000 0.775000 0.425764 2.000000
0 0.451891 0.246059 0.077187 0.173035 0.432812 0.224891 2.000000 0.435937 0.213974 2.000000 0.426563 0.218341 2.000000 0.453125 0.194323 2.000000 0.000000 0.000000 0.000000 0.490625 0.240175 1.000000 0.426563 0.251092 2.000000 0.000000 0.000000 0.000000 0.000000 0.000000 0.000000 0.000000 0.000000 0.000000 0.000000 0.000000 0.000000 0.000000 0.000000 0.000000 0.000000 0.000000 0.000000 0.000000 0.000000 0.000000 0.000000 0.000000 0.000000 0.000000 0.000000 0.000000 0.000000 0.000000 0.000000
0 0.302953 0.274814 0.073281 0.214607 0.000000 0.000000 0.000000 0.000000 0.000000 0.000000 0.000000 0.000000 0.000000 0.000000 0.000000 0.000000 0.332813 0.227074 2.000000 0.287500 0.290393 2.000000 0.354687 0.292576 1.000000 0.000000 0.000000 0.000000 0.000000 0.000000 0.000000 0.000000 0.000000 0.000000 0.000000 0.000000 0.000000 0.000000 0.000000 0.000000 0.000000 0.000000 0.000000 0.000000 0.000000 0.000000 0.000000 0.000000 0.000000 0.000000 0.000000 0.000000 0.000000 0.000000 0.000000
0 0.176633 0.540590 0.186766 0.918821 0.225000 0.220524 2.000000 0.235937 0.194323 2.000000 0.200000 0.196507 2.000000 0.000000 0.000000 0.000000 0.162500 0.200873 1.000000 0.232813 0.305677 2.000000 0.109375 0.310044 1.000000 0.242188 0.441048 2.000000 0.107813 0.534934 1.000000 0.251563 0.617904 2.000000 0.109375 0.681223 1.000000 0.226562 0.663755 1.000000 0.148438 0.681223 1.000000 0.223438 0.958515 1.000000 0.151562 0.967249 1.000000 0.000000 0.000000 0.000000 0.000000 0.000000 0.000000
0 0.861750 0.445906 0.066000 0.357664 0.000000 0.000000 0.000000 0.000000 0.000000 0.000000 0.000000 0.000000 0.000000 0.000000 0.000000 0.000000 0.000000 0.000000 0.000000 0.000000 0.000000 0.000000 0.848437 0.283843 2.000000 0.000000 0.000000 0.000000 0.881250 0.395197 2.000000 0.000000 0.000000 0.000000 0.000000 0.000000 0.000000 0.000000 0.000000 0.000000 0.885938 0.539301 1.000000 0.000000 0.000000 0.000000 0.000000 0.000000 0.000000 0.000000 0.000000 0.000000 0.000000 0.000000 0.000000
