0 0.398648 0.483148 0.099391 0.220223 0.376563 0.402226 2.000000 0.382812 0.397456 2.000000 0.375000 0.397456 2.000000 0.000000 0.000000 0.000000 0.000000 0.000000 0.000000 0.410938 0.411765 2.000000 0.360938 0.413355 2.000000 0.425000 0.446741 2.000000 0.350000 0.449921 2.000000 0.431250 0.470588 2.000000 0.350000 0.472178 1.000000 0.398438 0.489666 2.000000 0.371875 0.488076 2.000000 0.392188 0.527822 2.000000 0.370312 0.529412 2.000000 0.389062 0.567568 2.000000 0.381250 0.564388 2.000000
0 0.635875 0.573068 0.198813 0.417456 0.000000 0.000000 0.000000 0.000000 0.000000 0.000000 0.000000 0.000000 0.000000 0.000000 0.000000 0.000000 0.000000 0.000000 0.000000 0.606250 0.446741 2.000000 0.675000 0.445151 2.000000 0.565625 0.511924 2.000000 0.710938 0.510334 2.000000 0.554688 0.548490 2.000000 0.717187 0.535771 2.000000 0.623437 0.583466 2.000000 0.690625 0.581876 2.000000 0.609375 0.655008 1.000000 0.692187 0.650238 2.000000 0.612500 0.748808 1.000000 0.700000 0.720191 2.000000
0 0.772359 0.495795 0.154969 0.337727 0.790625 0.357711 2.000000 0.795312 0.351351 2.000000 0.782813 0.351351 2.000000 0.806250 0.351351 2.000000 0.776563 0.352941 2.000000 0.818750 0.384738 2.000000 0.770312 0.389507 2.000000 0.843750 0.432432 2.000000 0.748437 0.421304 2.000000 0.820312 0.454690 2.000000 0.710938 0.434022 2.000000 0.806250 0.478537 2.000000 0.779687 0.475358 2.000000 0.817187 0.565978 2.000000 0.759375 0.575517 2.000000 0.817187 0.629571 2.000000 0.779687 0.624801 2.000000
0 0.191898 0.590246 0.159859 0.445866 0.198437 0.411765 2.000000 0.206250 0.405405 2.000000 0.187500 0.405405 2.000000 0.000000 0.000000 0.000000 0.167187 0.411765 2.000000 0.231250 0.467409 2.000000 0.150000 0.467409 2.000000 0.251563 0.526232 2.000000 0.131250 0.529412 2.000000 0.259375 0.589825 2.000000 0.118750 0.585056 2.000000 0.214062 0.596184 2.000000 0.170313 0.596184 2.000000 0.206250 0.683625 2.000000 0.162500 0.678855 2.000000 0.193750 0.785374 2.000000 0.164062 0.756757 2.000000
0 0.295836 0.460930 0.135734 0.260715 0.296875 0.365660 2.000000 0.301563 0.362480 2.000000 0.292187 0.360890 2.000000 0.307812 0.359300 2.000000 0.285938 0.356121 2.000000 0.314063 0.383148 2.000000 0.264062 0.375199 2.000000 0.335938 0.422893 2.000000 0.246875 0.413355 2.000000 0.348438 0.454690 2.000000 0.231250 0.448331 1.000000 0.296875 0.467409 2.000000 0.265625 0.464229 2.000000 0.292187 0.518283 2.000000 0.259375 0.503975 1.000000 0.285938 0.565978 2.000000 0.279687 0.545310 2.000000
0 0.527234 0.482377 0.069281 0.218617 0.000000 0.000000 0.000000 0.000000 0.000000 0.000000 0.000000 0.000000 0.000000 0.000000 0.000000 0.000000 0.000000 0.000000 0.000000 0.534375 0.427663 2.000000 0.518750 0.427663 2.000000 0.000000 0.000000 0.000000 0.515625 0.456280 2.000000 0.000000 0.000000 0.000000 0.534375 0.483307 2.000000 0.534375 0.515103 2.000000 0.520312 0.516693 2.000000 0.000000 0.000000 0.000000 0.534375 0.578696 1.000000 0.000000 0.000000 0.000000 0.000000 0.000000 0.000000
0 0.924852 0.515739 0.094641 0.362766 0.000000 0.000000 0.000000 0.000000 0.000000 0.000000 0.000000 0.000000 0.000000 0.000000 0.000000 0.000000 0.000000 0.000000 0.000000 0.912500 0.414944 2.000000 0.968750 0.416534 2.000000 0.898438 0.470588 2.000000 0.000000 0.000000 0.000000 0.881250 0.526232 2.000000 0.000000 0.000000 0.000000 0.920312 0.519873 2.000000 0.965625 0.523052 1.000000 0.926562 0.581876 2.000000 0.000000 0.000000 0.000000 0.925000 0.664547 2.000000 0.000000 0.000000 0.000000
0 0.548883 0.661200 0.256578 0.315151 0.000000 0.000000 0.000000 0.000000 0.000000 0.000000 0.000000 0.000000 0.000000 0.453125 0.553259 2.000000 0.492188 0.545310 2.000000 0.442188 0.613672 2.000000 0.534375 0.588235 2.000000 0.442188 0.701113 2.000000 0.607812 0.631161 2.000000 0.446875 0.737679 2.000000 0.651563 0.621622 2.000000 0.484375 0.718601 2.000000 0.546875 0.705882 2.000000 0.440625 0.766296 2.000000 0.485938 0.731320 2.000000 0.498437 0.769475 2.000000 0.509375 0.798092 2.000000
0 0.032023 0.455064 0.059641 0.258426 0.035937 0.359300 1.000000 0.000000 0.000000 0.000000 0.035937 0.351351 2.000000 0.000000 0.000000 0.000000 0.021875 0.349762 2.000000 0.000000 0.000000 0.000000 0.020313 0.373609 2.000000 0.000000 0.000000 0.000000 0.029687 0.418124 2.000000 0.000000 0.000000 0.000000 0.045312 0.441971 2.000000 0.000000 0.000000 0.000000 0.009375 0.459459 2.000000 0.000000 0.000000 0.000000 0.017188 0.511924 2.000000 0.000000 0.000000 0.000000 0.026562 0.559618 2.000000
0 0.861023 0.455159 0.082203 0.279952 0.853125 0.351351 1.000000 0.859375 0.344992 2.000000 0.000000 0.000000 0.000000 0.868750 0.348172 2.000000 0.835938 0.344992 2.000000 0.881250 0.378378 2.000000 0.826562 0.378378 1.000000 0.892188 0.418124 2.000000 0.000000 0.000000 0.000000 0.000000 0.000000 0.000000 0.000000 0.000000 0.000000 0.870313 0.462639 2.000000 0.834375 0.464229 1.000000 0.862500 0.521463 1.000000 0.837500 0.513514 1.000000 0.854688 0.575517 1.000000 0.842187 0.554849 2.000000
0 0.959602 0.563720 0.078734 0.429952 0.982812 0.392687 2.000000 0.990625 0.384738 2.000000 0.975000 0.384738 2.000000 0.000000 0.000000 0.000000 0.000000 0.000000 0.000000 0.000000 0.000000 0.000000 0.957812 0.440382 2.000000 0.000000 0.000000 0.000000 0.937500 0.483307 2.000000 0.000000 0.000000 0.000000 0.942187 0.516693 2.000000 0.000000 0.000000 0.000000 0.970313 0.578696 2.000000 0.000000 0.000000 0.000000 0.979688 0.670906 2.000000 0.000000 0.000000 0.000000 0.982812 0.750397 1.000000
