0 0.942094 0.678603 0.108563 0.309695 0.000000 0.000000 0.000000 0.000000 0.000000 0.000000 0.000000 0.000000 0.000000 0.000000 0.000000 0.000000 0.000000 0.000000 0.000000 0.929688 0.657277 2.000000 0.993750 0.692488 2.000000 0.000000 0.000000 0.000000 0.000000 0.000000 0.000000 0.000000 0.000000 0.000000 0.000000 0.000000 0.000000 0.928125 0.915493 1.000000 0.982812 0.927230 1.000000 0.000000 0.000000 0.000000 0.000000 0.000000 0.000000 0.000000 0.000000 0.000000 0.000000 0.000000 0.000000
0 0.827086 0.614648 0.122766 0.189108 0.000000 0.000000 0.000000 0.000000 0.000000 0.000000 0.000000 0.000000 0.000000 0.843750 0.572770 2.000000 0.881250 0.577465 2.000000 0.820312 0.622066 2.000000 0.884375 0.640845 2.000000 0.776563 0.666667 2.000000 0.000000 0.000000 0.000000 0.000000 0.000000 0.000000 0.000000 0.000000 0.000000 0.000000 0.000000 0.000000 0.000000 0.000000 0.000000 0.000000 0.000000 0.000000 0.000000 0.000000 0.000000 0.000000 0.000000 0.000000 0.000000 0.000000 0.000000
0 0.749656 0.623216 0.116031 0.196667 0.756250 0.582160 2.000000 0.000000 0.000000 0.000000 0.751563 0.572770 2.000000 0.000000 0.000000 0.000000 0.731250 0.586854 2.000000 0.000000 0.000000 0.000000 0.726562 0.643192 2.000000 0.000000 0.000000 0.000000 0.746875 0.701878 2.000000 0.000000 0.000000 0.000000 0.789062 0.706573 2.000000 0.000000 0.000000 0.000000 0.000000 0.000000 0.000000 0.000000 0.000000 0.000000 0.000000 0.000000 0.000000 0.000000 0.000000 0.000000 0.000000 0.000000 0.000000
0 0.440555 0.712512 0.204984 0.446854 0.459375 0.558685 2.000000 0.000000 0.000000 0.000000 0.453125 0.546948 2.000000 0.000000 0.000000 0.000000 0.428125 0.563380 2.000000 0.389062 0.645540 2.000000 0.428125 0.666667 2.000000 0.000000 0.000000 0.000000 0.531250 0.737089 2.000000 0.000000 0.000000 0.000000 0.500000 0.605634 2.000000 0.414062 0.913146 2.000000 0.445312 0.920188 1.000000 0.000000 0.000000 0.000000 0.000000 0.000000 0.000000 0.000000 0.000000 0.000000 0.000000 0.000000 0.000000
0 0.278156 0.573110 0.073313 0.159038 0.296875 0.535211 2.000000 0.000000 0.000000 0.000000 0.000000 0.000000 0.000000 0.000000 0.000000 0.000000 0.000000 0.000000 0.000000 0.000000 0.000000 0.000000 0.270313 0.582160 2.000000 0.000000 0.000000 0.000000 0.292187 0.664319 1.000000 0.298438 0.598592 2.000000 0.000000 0.000000 0.000000 0.000000 0.000000 0.000000 0.000000 0.000000 0.000000 0.000000 0.000000 0.000000 0.000000 0.000000 0.000000 0.000000 0.000000 0.000000 0.000000 0.000000 0.000000
0 0.188781 0.602289 0.142594 0.171385 0.000000 0.000000 0.000000 0.000000 0.000000 0.000000 0.000000 0.000000 0.000000 0.000000 0.000000 0.000000 0.173437 0.570423 2.000000 0.131250 0.607981 2.000000 0.148438 0.607981 2.000000 0.179688 0.659624 2.000000 0.185938 0.676056 2.000000 0.221875 0.666667 2.000000 0.000000 0.000000 0.000000 0.000000 0.000000 0.000000 0.000000 0.000000 0.000000 0.000000 0.000000 0.000000 0.000000 0.000000 0.000000 0.000000 0.000000 0.000000 0.000000 0.000000 0.000000
0 0.030930 0.622077 0.061859 0.219648 0.000000 0.000000 0.000000 0.000000 0.000000 0.000000 0.000000 0.000000 0.000000 0.000000 0.000000 0.000000 0.000000 0.000000 0.000000 0.000000 0.000000 0.000000 0.000000 0.000000 0.000000 0.000000 0.000000 0.000000 0.000000 0.000000 0.000000 0.000000 0.000000 0.000000 0.043750 0.598592 2.000000 0.000000 0.000000 0.000000 0.000000 0.000000 0.000000 0.000000 0.000000 0.000000 0.000000 0.000000 0.000000 0.000000 0.000000 0.000000 0.000000 0.000000 0.000000
0 0.568453 0.618509 0.092750 0.112887 0.593750 0.622066 2.000000 0.000000 0.000000 0.000000 0.593750 0.615023 2.000000 0.000000 0.000000 0.000000 0.585938 0.600939 2.000000 0.000000 0.000000 0.000000 0.573438 0.624413 2.000000 0.000000 0.000000 0.000000 0.556250 0.666667 2.000000 0.000000 0.000000 0.000000 0.000000 0.000000 0.000000 0.000000 0.000000 0.000000 0.000000 0.000000 0.000000 0.000000 0.000000 0.000000 0.000000 0.000000 0.000000 0.000000 0.000000 0.000000 0.000000 0.000000 0.000000
0 0.350016 0.615728 0.095719 0.247183 0.000000 0.000000 0.000000 0.000000 0.000000 0.000000 0.000000 0.000000 0.000000 0.000000 0.000000 0.000000 0.373437 0.575117 2.000000 0.328125 0.598592 2.000000 0.350000 0.638498 2.000000 0.000000 0.000000 0.000000 0.000000 0.000000 0.000000 0.000000 0.000000 0.000000 0.000000 0.000000 0.000000 0.000000 0.000000 0.000000 0.000000 0.000000 0.000000 0.000000 0.000000 0.000000 0.000000 0.000000 0.000000 0.000000 0.000000 0.000000 0.000000 0.000000 0.000000
0 0.928156 0.618568 0.111062 0.245822 0.000000 0.000000 0.000000 0.000000 0.000000 0.000000 0.000000 0.000000 0.000000 0.000000 0.000000 0.000000 0.939063 0.556338 2.000000 0.898438 0.622066 2.000000 0.945312 0.629108 2.000000 0.881250 0.718310 2.000000 0.000000 0.000000 0.000000 0.000000 0.000000 0.000000 0.000000 0.000000 0.000000 0.000000 0.000000 0.000000 0.000000 0.000000 0.000000 0.000000 0.000000 0.000000 0.000000 0.000000 0.000000 0.000000 0.000000 0.000000 0.000000 0.000000 0.000000
