0 0.520758 0.555034 0.370266 0.574315 0.518750 0.353881 2.000000 0.000000 0.000000 0.000000 0.000000 0.000000 0.000000 0.000000 0.000000 0.000000 0.000000 0.000000 0.000000 0.546875 0.388128 2.000000 0.485938 0.321918 2.000000 0.475000 0.436073 2.000000 0.431250 0.363014 2.000000 0.412500 0.417808 2.000000 0.378125 0.397260 2.000000 0.548438 0.536530 2.000000 0.489063 0.529680 2.000000 0.596875 0.646119 2.000000 0.464062 0.607306 2.000000 0.679688 0.787671 2.000000 0.451562 0.785388 2.000000
0 0.601875 0.424167 0.090031 0.296918 0.576562 0.310502 2.000000 0.582812 0.303653 2.000000 0.573438 0.301370 2.000000 0.595313 0.308219 2.000000 0.000000 0.000000 0.000000 0.603125 0.335616 1.000000 0.000000 0.000000 0.000000 0.634375 0.326484 2.000000 0.000000 0.000000 0.000000 0.603125 0.372146 2.000000 0.000000 0.000000 0.000000 0.595313 0.456621 2.000000 0.575000 0.472603 1.000000 0.632812 0.442922 2.000000 0.000000 0.000000 0.000000 0.623437 0.552511 2.000000 0.000000 0.000000 0.000000
0 0.659766 0.069669 0.095344 0.121347 0.660937 0.052511 2.000000 0.667188 0.047945 2.000000 0.656250 0.045662 2.000000 0.676562 0.050228 2.000000 0.648438 0.050228 1.000000 0.687500 0.098174 2.000000 0.629687 0.095890 2.000000 0.000000 0.000000 0.000000 0.000000 0.000000 0.000000 0.000000 0.000000 0.000000 0.000000 0.000000 0.000000 0.000000 0.000000 0.000000 0.000000 0.000000 0.000000 0.000000 0.000000 0.000000 0.000000 0.000000 0.000000 0.000000 0.000000 0.000000 0.000000 0.000000 0.000000
0 0.198781 0.370594 0.131219 0.306164 0.207813 0.262557 2.000000 0.214062 0.255708 2.000000 0.203125 0.255708 2.000000 0.225000 0.251142 2.000000 0.196875 0.255708 2.000000 0.229687 0.278539 2.000000 0.190625 0.278539 2.000000 0.246875 0.344749 2.000000 0.160938 0.342466 2.000000 0.207813 0.363014 2.000000 0.175000 0.353881 2.000000 0.218750 0.365297 2.000000 0.195312 0.363014 2.000000 0.245312 0.374429 2.000000 0.145313 0.363014 2.000000 0.229687 0.479452 2.000000 0.159375 0.468037 2.000000
0 0.959430 0.453151 0.081141 0.323973 0.989062 0.331050 2.000000 0.996875 0.324201 2.000000 0.984375 0.324201 2.000000 0.000000 0.000000 0.000000 0.000000 0.000000 0.000000 0.000000 0.000000 0.000000 0.962500 0.372146 1.000000 0.000000 0.000000 0.000000 0.953125 0.410959 2.000000 0.000000 0.000000 0.000000 0.951562 0.424658 2.000000 0.000000 0.000000 0.000000 0.970313 0.468037 2.000000 0.000000 0.000000 0.000000 0.932813 0.465753 2.000000 0.000000 0.000000 0.000000 0.943750 0.579909 2.000000
0 0.889578 0.439612 0.149438 0.338311 0.931250 0.319635 2.000000 0.935937 0.308219 2.000000 0.926562 0.308219 2.000000 0.000000 0.000000 0.000000 0.915625 0.310502 2.000000 0.954688 0.360731 2.000000 0.900000 0.353881 2.000000 0.946875 0.445205 1.000000 0.000000 0.000000 0.000000 0.900000 0.454338 2.000000 0.882812 0.447489 2.000000 0.909375 0.449772 2.000000 0.889062 0.436073 2.000000 0.906250 0.465753 2.000000 0.829688 0.454338 2.000000 0.909375 0.573059 2.000000 0.837500 0.561644 2.000000
0 0.923109 0.631404 0.153781 0.311119 0.962500 0.550228 2.000000 0.976562 0.536530 2.000000 0.000000 0.000000 0.000000 0.000000 0.000000 0.000000 0.000000 0.000000 0.000000 0.000000 0.000000 0.000000 0.000000 0.000000 0.000000 0.937500 0.662100 2.000000 0.000000 0.000000 0.000000 0.870313 0.678082 2.000000 0.000000 0.000000 0.000000 0.000000 0.000000 0.000000 0.000000 0.000000 0.000000 0.982812 0.723744 2.000000 0.990625 0.666667 2.000000 0.000000 0.000000 0.000000 0.000000 0.000000 0.000000
0 0.445891 0.289463 0.102000 0.120068 0.448437 0.273973 2.000000 0.454688 0.264840 2.000000 0.445312 0.264840 2.000000 0.468750 0.273973 2.000000 0.000000 0.000000 0.000000 0.478125 0.296804 2.000000 0.432812 0.296804 2.000000 0.000000 0.000000 0.000000 0.404687 0.331050 2.000000 0.000000 0.000000 0.000000 0.446875 0.315068 2.000000 0.000000 0.000000 0.000000 0.000000 0.000000 0.000000 0.000000 0.000000 0.000000 0.000000 0.000000 0.000000 0.000000 0.000000 0.000000 0.000000 0.000000 0.000000
0 0.737812 0.430776 0.139906 0.341142 0.757812 0.303653 2.000000 0.762500 0.294521 2.000000 0.753125 0.294521 2.000000 0.773438 0.299087 2.000000 0.746875 0.296804 2.000000 0.787500 0.344749 2.000000 0.728125 0.342466 2.000000 0.785937 0.424658 2.000000 0.715625 0.410959 2.000000 0.743750 0.438356 2.000000 0.721875 0.431507 2.000000 0.800000 0.452055 2.000000 0.739062 0.449772 2.000000 0.771875 0.449772 2.000000 0.698438 0.445205 2.000000 0.767188 0.557078 2.000000 0.693750 0.547945 2.000000
0 0.665359 0.407295 0.077375 0.347100 0.665625 0.294521 2.000000 0.673438 0.283105 2.000000 0.662500 0.283105 2.000000 0.687500 0.283105 2.000000 0.000000 0.000000 0.000000 0.692187 0.326484 2.000000 0.645312 0.317352 2.000000 0.000000 0.000000 0.000000 0.618750 0.342466 1.000000 0.690625 0.420091 1.000000 0.642188 0.308219 2.000000 0.675000 0.424658 2.000000 0.635938 0.413242 2.000000 0.679688 0.468037 1.000000 0.595313 0.452055 1.000000 0.620313 0.541096 1.000000 0.000000 0.000000 0.000000
