0 0.365602 0.533329 0.214891 0.631459 0.379688 0.298824 2.000000 0.000000 0.000000 0.000000 0.376563 0.289412 2.000000 0.000000 0.000000 0.000000 0.362500 0.298824 2.000000 0.350000 0.350588 2.000000 0.307812 0.374118 2.000000 0.390625 0.430588 2.000000 0.315625 0.449412 2.000000 0.465625 0.425882 2.000000 0.376563 0.451765 2.000000 0.354687 0.543529 1.000000 0.310937 0.576471 2.000000 0.406250 0.560000 1.000000 0.371875 0.644706 2.000000 0.000000 0.000000 0.000000 0.337500 0.825882 2.000000
0 0.617984 0.425271 0.198406 0.477506 0.565625 0.263529 2.000000 0.573438 0.251765 2.000000 0.557813 0.251765 2.000000 0.589063 0.258824 2.000000 0.000000 0.000000 0.000000 0.595313 0.305882 2.000000 0.540625 0.317647 2.000000 0.643750 0.348235 2.000000 0.578125 0.374118 2.000000 0.706250 0.381176 1.000000 0.639062 0.383529 2.000000 0.596875 0.465882 2.000000 0.556250 0.482353 2.000000 0.673438 0.494118 1.000000 0.634375 0.512941 2.000000 0.685937 0.595294 1.000000 0.671875 0.677647 1.000000
0 0.779125 0.315259 0.076375 0.234235 0.753125 0.237647 2.000000 0.756250 0.230588 2.000000 0.750000 0.232941 2.000000 0.773438 0.228235 2.000000 0.000000 0.000000 0.000000 0.796875 0.272941 2.000000 0.750000 0.275294 2.000000 0.806250 0.327059 2.000000 0.000000 0.000000 0.000000 0.773438 0.360000 1.000000 0.000000 0.000000 0.000000 0.787500 0.383529 2.000000 0.000000 0.000000 0.000000 0.000000 0.000000 0.000000 0.000000 0.000000 0.000000 0.000000 0.000000 0.000000 0.000000 0.000000 0.000000
0 0.875555 0.378306 0.067516 0.364047 0.000000 0.000000 0.000000 0.000000 0.000000 0.000000 0.000000 0.000000 0.000000 0.000000 0.000000 0.000000 0.000000 0.000000 0.000000 0.912500 0.254118 1.000000 0.871875 0.256471 2.000000 0.000000 0.000000 0.000000 0.857812 0.296471 2.000000 0.000000 0.000000 0.000000 0.851562 0.320000 2.000000 0.000000 0.000000 0.000000 0.882812 0.376471 2.000000 0.000000 0.000000 0.000000 0.879687 0.475294 2.000000 0.000000 0.000000 0.000000 0.882812 0.552941 2.000000
0 0.960813 0.398906 0.078375 0.478047 0.971875 0.214118 2.000000 0.975000 0.197647 2.000000 0.000000 0.000000 0.000000 0.993750 0.192941 2.000000 0.000000 0.000000 0.000000 0.990625 0.230588 2.000000 0.000000 0.000000 0.000000 0.000000 0.000000 0.000000 0.964063 0.291765 2.000000 0.000000 0.000000 0.000000 0.960938 0.240000 2.000000 0.973437 0.402353 2.000000 0.990625 0.400000 2.000000 0.965625 0.503529 2.000000 0.990625 0.496471 2.000000 0.956250 0.609412 2.000000 0.993750 0.607059 2.000000
0 0.224844 0.360318 0.072750 0.384400 0.214062 0.209412 2.000000 0.221875 0.200000 2.000000 0.209375 0.200000 2.000000 0.231250 0.207059 2.000000 0.000000 0.000000 0.000000 0.239063 0.249412 2.000000 0.200000 0.254118 2.000000 0.250000 0.312941 2.000000 0.192188 0.315294 1.000000 0.218750 0.327059 2.000000 0.190625 0.357647 1.000000 0.237500 0.360000 2.000000 0.204687 0.364706 2.000000 0.234375 0.456471 2.000000 0.209375 0.458824 2.000000 0.235937 0.531765 2.000000 0.217188 0.529412 1.000000
0 0.110078 0.369400 0.090781 0.338800 0.106250 0.230588 2.000000 0.112500 0.225882 2.000000 0.000000 0.000000 0.000000 0.121875 0.237647 2.000000 0.000000 0.000000 0.000000 0.131250 0.282353 2.000000 0.000000 0.000000 0.000000 0.114062 0.324706 2.000000 0.106250 0.294118 2.000000 0.089063 0.291765 2.000000 0.092188 0.272941 1.000000 0.126562 0.400000 2.000000 0.000000 0.000000 0.000000 0.129688 0.480000 2.000000 0.000000 0.000000 0.000000 0.142187 0.548235 1.000000 0.000000 0.000000 0.000000
0 0.925109 0.379212 0.063219 0.454235 0.901563 0.202353 2.000000 0.904687 0.192941 2.000000 0.000000 0.000000 0.000000 0.921875 0.192941 2.000000 0.000000 0.000000 0.000000 0.945312 0.249412 2.000000 0.915625 0.244706 2.000000 0.942187 0.338824 2.000000 0.000000 0.000000 0.000000 0.915625 0.374118 2.000000 0.000000 0.000000 0.000000 0.928125 0.411765 2.000000 0.909375 0.407059 2.000000 0.929688 0.498824 2.000000 0.910937 0.501176 2.000000 0.934375 0.588235 2.000000 0.910937 0.588235 1.000000
0 0.287773 0.266788 0.073828 0.174941 0.285938 0.211765 2.000000 0.292187 0.207059 2.000000 0.281250 0.207059 2.000000 0.000000 0.000000 0.000000 0.000000 0.000000 0.000000 0.312500 0.247059 2.000000 0.259375 0.256471 2.000000 0.317188 0.282353 1.000000 0.259375 0.296471 1.000000 0.289062 0.324706 2.000000 0.273438 0.317647 2.000000 0.000000 0.000000 0.000000 0.000000 0.000000 0.000000 0.000000 0.000000 0.000000 0.000000 0.000000 0.000000 0.000000 0.000000 0.000000 0.000000 0.000000 0.000000
0 0.414445 0.128224 0.055516 0.122941 0.401562 0.103529 2.000000 0.404687 0.096471 2.000000 0.398438 0.098824 2.000000 0.412500 0.087059 2.000000 0.000000 0.000000 0.000000 0.429688 0.108235 2.000000 0.392188 0.122353 2.000000 0.000000 0.000000 0.000000 0.000000 0.000000 0.000000 0.000000 0.000000 0.000000 0.000000 0.000000 0.000000 0.421875 0.174118 1.000000 0.401562 0.178824 2.000000 0.000000 0.000000 0.000000 0.000000 0.000000 0.000000 0.000000 0.000000 0.000000 0.000000 0.000000 0.000000
0 0.169055 0.383224 0.068172 0.290165 0.153125 0.277647 2.000000 0.159375 0.268235 2.000000 0.148438 0.265882 2.000000 0.168750 0.268235 2.000000 0.000000 0.000000 0.000000 0.181250 0.301176 2.000000 0.140625 0.303529 2.000000 0.190625 0.348235 2.000000 0.145313 0.364706 2.000000 0.157812 0.348235 2.000000 0.167187 0.352941 2.000000 0.179688 0.381176 2.000000 0.154688 0.385882 2.000000 0.181250 0.449412 2.000000 0.157812 0.454118 2.000000 0.182812 0.520000 2.000000 0.157812 0.517647 2.000000
