0 0.578910 0.104640 0.093180 0.206240 0.578000 0.029333 2.000000 0.582000 0.024000 2.000000 0.572000 0.024000 2.000000 0.588000 0.024000 2.000000 0.566000 0.024000 2.000000 0.602000 0.058667 2.000000 0.556000 0.058667 2.000000 0.616000 0.090667 2.000000 0.538000 0.093333 2.000000 0.610000 0.104000 2.000000 0.544000 0.104000 2.000000 0.592000 0.128000 2.000000 0.558000 0.128000 2.000000 0.606000 0.122667 2.000000 0.556000 0.120000 2.000000 0.570000 0.181333 2.000000 0.578000 0.184000 2.000000
0 0.122470 0.820947 0.238180 0.337840 0.000000 0.000000 0.000000 0.000000 0.000000 0.000000 0.000000 0.000000 0.000000 0.070000 0.757333 2.000000 0.150000 0.752000 2.000000 0.050000 0.869333 2.000000 0.202000 0.858667 2.000000 0.020000 0.989333 2.000000 0.224000 0.984000 2.000000 0.000000 0.000000 0.000000 0.000000 0.000000 0.000000 0.000000 0.000000 0.000000 0.000000 0.000000 0.000000 0.000000 0.000000 0.000000 0.000000 0.000000 0.000000 0.000000 0.000000 0.000000 0.000000 0.000000 0.000000
0 0.402840 0.887507 0.244400 0.224987 0.000000 0.000000 0.000000 0.000000 0.000000 0.000000 0.000000 0.000000 0.000000 0.424000 0.850667 2.000000 0.494000 0.880000 2.000000 0.360000 0.938667 2.000000 0.512000 0.984000 2.000000 0.000000 0.000000 0.000000 0.000000 0.000000 0.000000 0.000000 0.000000 0.000000 0.000000 0.000000 0.000000 0.000000 0.000000 0.000000 0.000000 0.000000 0.000000 0.000000 0.000000 0.000000 0.000000 0.000000 0.000000 0.000000 0.000000 0.000000 0.000000 0.000000 0.000000
0 0.625800 0.729493 0.087160 0.128160 0.000000 0.000000 0.000000 0.000000 0.000000 0.000000 0.000000 0.000000 0.000000 0.594000 0.760000 2.000000 0.660000 0.741333 2.000000 0.000000 0.000000 0.000000 0.000000 0.000000 0.000000 0.000000 0.000000 0.000000 0.000000 0.000000 0.000000 0.000000 0.000000 0.000000 0.000000 0.000000 0.000000 0.000000 0.000000 0.000000 0.000000 0.000000 0.000000 0.000000 0.000000 0.000000 0.000000 0.000000 0.000000 0.000000 0.000000 0.000000 0.000000 0.000000 0.000000
0 0.677530 0.798867 0.306740 0.375280 0.000000 0.000000 0.000000 0.000000 0.000000 0.000000 0.000000 0.000000 0.000000 0.732000 0.688000 1.000000 0.804000 0.725333 1.000000 0.648000 0.794667 2.000000 0.812000 0.872000 1.000000 0.540000 0.925333 2.000000 0.000000 0.000000 0.000000 0.598000 0.962667 1.000000 0.000000 0.000000 0.000000 0.000000 0.000000 0.000000 0.000000 0.000000 0.000000 0.000000 0.000000 0.000000 0.000000 0.000000 0.000000 0.000000 0.000000 0.000000 0.000000 0.000000 0.000000
0 0.820950 0.832213 0.209460 0.292800 0.000000 0.000000 0.000000 0.000000 0.000000 0.000000 0.000000 0.000000 0.000000 0.000000 0.000000 0.000000 0.000000 0.000000 0.000000 0.744000 0.901333 2.000000 0.902000 0.917333 2.000000 0.000000 0.000000 0.000000 0.000000 0.000000 0.000000 0.000000 0.000000 0.000000 0.000000 0.000000 0.000000 0.000000 0.000000 0.000000 0.000000 0.000000 0.000000 0.000000 0.000000 0.000000 0.000000 0.000000 0.000000 0.000000 0.000000 0.000000 0.000000 0.000000 0.000000
0 0.975510 0.664413 0.048980 0.342320 0.000000 0.000000 0.000000 0.000000 0.000000 0.000000 0.000000 0.000000 0.000000 0.000000 0.000000 0.000000 0.000000 0.000000 0.000000 0.982000 0.605333 2.000000 0.000000 0.000000 0.000000 0.978000 0.706667 2.000000 0.000000 0.000000 0.000000 0.982000 0.786667 2.000000 0.000000 0.000000 0.000000 0.000000 0.000000 0.000000 0.000000 0.000000 0.000000 0.000000 0.000000 0.000000 0.000000 0.000000 0.000000 0.000000 0.000000 0.000000 0.000000 0.000000 0.000000
0 0.301850 0.773760 0.277460 0.446187 0.000000 0.000000 0.000000 0.000000 0.000000 0.000000 0.000000 0.000000 0.000000 0.288000 0.642667 2.000000 0.366000 0.640000 2.000000 0.232000 0.760000 2.000000 0.402000 0.770667 2.000000 0.168000 0.842667 1.000000 0.000000 0.000000 0.000000 0.000000 0.000000 0.000000 0.000000 0.000000 0.000000 0.268000 0.992000 2.000000 0.356000 0.992000 1.000000 0.000000 0.000000 0.000000 0.000000 0.000000 0.000000 0.000000 0.000000 0.000000 0.000000 0.000000 0.000000
0 0.420750 0.117933 0.095780 0.184133 0.408000 0.050667 2.000000 0.412000 0.045333 2.000000 0.404000 0.045333 2.000000 0.418000 0.048000 2.000000 0.398000 0.048000 2.000000 0.428000 0.072000 2.000000 0.386000 0.072000 2.000000 0.446000 0.096000 2.000000 0.378000 0.109333 1.000000 0.444000 0.112000 2.000000 0.398000 0.122667 2.000000 0.436000 0.122667 2.000000 0.412000 0.125333 2.000000 0.462000 0.125333 2.000000 0.428000 0.136000 2.000000 0.444000 0.186667 2.000000 0.436000 0.194667 2.000000
0 0.680360 0.668107 0.122520 0.174240 0.000000 0.000000 0.000000 0.000000 0.000000 0.000000 0.000000 0.000000 0.000000 0.628000 0.642667 2.000000 0.718000 0.629333 2.000000 0.000000 0.000000 0.000000 0.000000 0.000000 0.000000 0.000000 0.000000 0.000000 0.000000 0.000000 0.000000 0.000000 0.000000 0.000000 0.000000 0.000000 0.000000 0.000000 0.000000 0.000000 0.000000 0.000000 0.000000 0.000000 0.000000 0.000000 0.000000 0.000000 0.000000 0.000000 0.000000 0.000000 0.000000 0.000000 0.000000
