0 0.527594 0.391865 0.155875 0.299687 0.526563 0.306250 2.000000 0.540625 0.293750 2.000000 0.518750 0.293750 2.000000 0.567187 0.300000 2.000000 0.000000 0.000000 0.000000 0.590625 0.366667 2.000000 0.504687 0.372917 2.000000 0.000000 0.000000 0.000000 0.460938 0.472917 2.000000 0.000000 0.000000 0.000000 0.550000 0.493750 1.000000 0.579688 0.537500 1.000000 0.507812 0.535417 1.000000 0.000000 0.000000 0.000000 0.000000 0.000000 0.000000 0.000000 0.000000 0.000000 0.000000 0.000000 0.000000
0 0.810672 0.603375 0.377531 0.635958 0.687500 0.475000 2.000000 0.698438 0.454167 2.000000 0.000000 0.000000 0.000000 0.000000 0.000000 0.000000 0.000000 0.000000 0.000000 0.875000 0.427083 2.000000 0.706250 0.512500 2.000000 0.968750 0.610417 2.000000 0.717187 0.662500 2.000000 0.903125 0.754167 2.000000 0.743750 0.714583 2.000000 0.926562 0.762500 2.000000 0.820312 0.758333 2.000000 0.000000 0.000000 0.000000 0.000000 0.000000 0.000000 0.000000 0.000000 0.000000 0.000000 0.000000 0.000000
0 0.357477 0.609958 0.227609 0.566125 0.284375 0.445833 2.000000 0.306250 0.425000 2.000000 0.281250 0.422917 2.000000 0.339062 0.418750 2.000000 0.000000 0.000000 0.000000 0.362500 0.529167 2.000000 0.298438 0.479167 2.000000 0.382812 0.712500 2.000000 0.000000 0.000000 0.000000 0.340625 0.852083 2.000000 0.000000 0.000000 0.000000 0.409375 0.800000 1.000000 0.343750 0.760417 1.000000 0.000000 0.000000 0.000000 0.000000 0.000000 0.000000 0.000000 0.000000 0.000000 0.000000 0.000000 0.000000
0 0.616852 0.721344 0.286516 0.319104 0.603125 0.685417 2.000000 0.625000 0.672917 2.000000 0.590625 0.675000 2.000000 0.654687 0.679167 2.000000 0.000000 0.000000 0.000000 0.668750 0.758333 2.000000 0.585938 0.750000 2.000000 0.726562 0.816667 2.000000 0.540625 0.791667 2.000000 0.704688 0.862500 2.000000 0.492188 0.779167 2.000000 0.679688 0.906250 1.000000 0.618750 0.906250 1.000000 0.000000 0.000000 0.000000 0.000000 0.000000 0.000000 0.000000 0.000000 0.000000 0.000000 0.000000 0.000000
0 0.494172 0.657469 0.172906 0.296896 0.510938 0.631250 2.000000 0.521875 0.614583 2.000000 0.493750 0.616667 2.000000 0.543750 0.597917 2.000000 0.471875 0.604167 2.000000 0.553125 0.683333 2.000000 0.460938 0.675000 2.000000 0.537500 0.804167 1.000000 0.434375 0.793750 1.000000 0.512500 0.708333 2.000000 0.432812 0.739583 2.000000 0.000000 0.000000 0.000000 0.000000 0.000000 0.000000 0.000000 0.000000 0.000000 0.000000 0.000000 0.000000 0.000000 0.000000 0.000000 0.000000 0.000000 0.000000
0 0.649117 0.402573 0.106891 0.371604 0.000000 0.000000 0.000000 0.000000 0.000000 0.000000 0.000000 0.000000 0.000000 0.000000 0.000000 0.000000 0.685937 0.291667 2.000000 0.615625 0.377083 2.000000 0.662500 0.385417 1.000000 0.000000 0.000000 0.000000 0.667188 0.539583 1.000000 0.000000 0.000000 0.000000 0.000000 0.000000 0.000000 0.000000 0.000000 0.000000 0.000000 0.000000 0.000000 0.000000 0.000000 0.000000 0.000000 0.000000 0.000000 0.000000 0.000000 0.000000 0.000000 0.000000 0.000000
0 0.935672 0.385323 0.128656 0.355271 0.989062 0.295833 2.000000 0.000000 0.000000 0.000000 0.976562 0.283333 2.000000 0.000000 0.000000 0.000000 0.943750 0.285417 2.000000 0.000000 0.000000 0.000000 0.900000 0.391667 2.000000 0.000000 0.000000 0.000000 0.000000 0.000000 0.000000 0.000000 0.000000 0.000000 0.000000 0.000000 0.000000 0.000000 0.000000 0.000000 0.000000 0.000000 0.000000 0.000000 0.000000 0.000000 0.000000 0.000000 0.000000 0.000000 0.000000 0.000000 0.000000 0.000000 0.000000
0 0.281922 0.499875 0.139469 0.497417 0.000000 0.000000 0.000000 0.000000 0.000000 0.000000 0.000000 0.000000 0.000000 0.000000 0.000000 0.000000 0.320312 0.318750 2.000000 0.325000 0.408333 1.000000 0.271875 0.422917 1.000000 0.000000 0.000000 0.000000 0.220312 0.516667 2.000000 0.000000 0.000000 0.000000 0.284375 0.537500 2.000000 0.318750 0.587500 1.000000 0.273438 0.600000 2.000000 0.318750 0.737500 1.000000 0.278125 0.739583 1.000000 0.000000 0.000000 0.000000 0.000000 0.000000 0.000000
0 0.231875 0.391000 0.092812 0.320125 0.251563 0.308333 2.000000 0.259375 0.295833 2.000000 0.240625 0.297917 2.000000 0.281250 0.308333 1.000000 0.228125 0.302083 1.000000 0.292187 0.364583 1.000000 0.212500 0.366667 2.000000 0.000000 0.000000 0.000000 0.204687 0.454167 2.000000 0.000000 0.000000 0.000000 0.196875 0.506250 2.000000 0.284375 0.568750 1.000000 0.231250 0.570833 1.000000 0.000000 0.000000 0.000000 0.000000 0.000000 0.000000 0.000000 0.000000 0.000000 0.000000 0.000000 0.000000
0 0.851031 0.309740 0.100500 0.146729 0.806250 0.302083 2.000000 0.817187 0.289583 2.000000 0.806250 0.293750 2.000000 0.845313 0.289583 2.000000 0.000000 0.000000 0.000000 0.840625 0.347917 2.000000 0.871875 0.347917 2.000000 0.000000 0.000000 0.000000 0.000000 0.000000 0.000000 0.000000 0.000000 0.000000 0.000000 0.000000 0.000000 0.000000 0.000000 0.000000 0.000000 0.000000 0.000000 0.000000 0.000000 0.000000 0.000000 0.000000 0.000000 0.000000 0.000000 0.000000 0.000000 0.000000 0.000000
0 0.440703 0.468969 0.073438 0.333937 0.428125 0.352083 2.000000 0.432812 0.343750 2.000000 0.000000 0.000000 0.000000 0.448437 0.350000 2.000000 0.000000 0.000000 0.000000 0.471875 0.400000 1.000000 0.435937 0.402083 2.000000 0.465625 0.475000 1.000000 0.000000 0.000000 0.000000 0.421875 0.454167 2.000000 0.000000 0.000000 0.000000 0.464062 0.510417 2.000000 0.431250 0.512500 2.000000 0.456250 0.610417 2.000000 0.429688 0.612500 1.000000 0.450000 0.708333 1.000000 0.435937 0.704167 1.000000
0 0.059258 0.734563 0.118516 0.506167 0.015625 0.558333 2.000000 0.000000 0.000000 0.000000 0.004687 0.541667 2.000000 0.000000 0.000000 0.000000 0.000000 0.000000 0.000000 0.000000 0.000000 0.000000 0.006250 0.716667 2.000000 0.000000 0.000000 0.000000 0.090625 0.814583 2.000000 0.000000 0.000000 0.000000 0.081250 0.691667 2.000000 0.000000 0.000000 0.000000 0.010937 0.987500 1.000000 0.000000 0.000000 0.000000 0.000000 0.000000 0.000000 0.000000 0.000000 0.000000 0.000000 0.000000 0.000000
0 0.211977 0.628896 0.078359 0.207500 0.240625 0.635417 2.000000 0.240625 0.618750 2.000000 0.223438 0.629167 2.000000 0.000000 0.000000 0.000000 0.187500 0.652083 1.000000 0.200000 0.695833 2.000000 0.234375 0.706250 2.000000 0.000000 0.000000 0.000000 0.243750 0.789583 1.000000 0.000000 0.000000 0.000000 0.282813 0.747917 1.000000 0.000000 0.000000 0.000000 0.000000 0.000000 0.000000 0.000000 0.000000 0.000000 0.000000 0.000000 0.000000 0.000000 0.000000 0.000000 0.000000 0.000000 0.000000
