0 0.619656 0.877740 0.097344 0.243229 0.640625 0.822917 2.000000 0.642188 0.806250 2.000000 0.632812 0.812500 2.000000 0.000000 0.000000 0.000000 0.601562 0.816667 2.000000 0.631250 0.866667 2.000000 0.589063 0.866667 2.000000 0.640625 0.927083 2.000000 0.000000 0.000000 0.000000 0.659375 0.993750 2.000000 0.000000 0.000000 0.000000 0.000000 0.000000 0.000000 0.000000 0.000000 0.000000 0.000000 0.000000 0.000000 0.000000 0.000000 0.000000 0.000000 0.000000 0.000000 0.000000 0.000000 0.000000
0 0.848727 0.850073 0.133328 0.299854 0.000000 0.000000 0.000000 0.000000 0.000000 0.000000 0.000000 0.000000 0.000000 0.857812 0.722917 2.000000 0.000000 0.000000 0.000000 0.860938 0.756250 2.000000 0.892188 0.762500 2.000000 0.823438 0.781250 2.000000 0.906250 0.808333 2.000000 0.803125 0.754167 2.000000 0.907813 0.850000 2.000000 0.857812 0.862500 2.000000 0.885938 0.860417 2.000000 0.860938 0.943750 2.000000 0.884375 0.941667 2.000000 0.000000 0.000000 0.000000 0.000000 0.000000 0.000000
0 0.760672 0.845083 0.088406 0.306958 0.746875 0.729167 2.000000 0.746875 0.725000 2.000000 0.000000 0.000000 0.000000 0.756250 0.729167 2.000000 0.000000 0.000000 0.000000 0.748437 0.766667 2.000000 0.781250 0.764583 2.000000 0.731250 0.814583 2.000000 0.000000 0.000000 0.000000 0.725000 0.787500 2.000000 0.740625 0.777083 2.000000 0.760938 0.877083 2.000000 0.787500 0.877083 2.000000 0.743750 0.952083 2.000000 0.776563 0.952083 2.000000 0.000000 0.000000 0.000000 0.000000 0.000000 0.000000
0 0.705313 0.877427 0.050844 0.232354 0.709375 0.789583 2.000000 0.000000 0.000000 0.000000 0.706250 0.785417 2.000000 0.000000 0.000000 0.000000 0.696875 0.783333 2.000000 0.698438 0.810417 2.000000 0.692187 0.808333 2.000000 0.000000 0.000000 0.000000 0.690625 0.845833 2.000000 0.000000 0.000000 0.000000 0.709375 0.845833 2.000000 0.709375 0.868750 2.000000 0.700000 0.868750 2.000000 0.709375 0.929167 2.000000 0.698438 0.929167 2.000000 0.709375 0.977083 2.000000 0.696875 0.981250 2.000000
0 0.475523 0.856198 0.124484 0.287604 0.000000 0.000000 0.000000 0.473438 0.733333 2.000000 0.000000 0.000000 0.000000 0.476562 0.743750 2.000000 0.000000 0.000000 0.000000 0.471875 0.791667 2.000000 0.507812 0.772917 2.000000 0.457813 0.856250 2.000000 0.495312 0.720833 2.000000 0.431250 0.883333 2.000000 0.479687 0.658333 1.000000 0.489063 0.906250 2.000000 0.525000 0.900000 2.000000 0.000000 0.000000 0.000000 0.000000 0.000000 0.000000 0.000000 0.000000 0.000000 0.000000 0.000000 0.000000
0 0.311586 0.832313 0.107516 0.335375 0.000000 0.000000 0.000000 0.000000 0.000000 0.000000 0.000000 0.000000 0.000000 0.306250 0.697917 2.000000 0.000000 0.000000 0.000000 0.295312 0.752083 2.000000 0.356250 0.754167 2.000000 0.270313 0.825000 2.000000 0.000000 0.000000 0.000000 0.267188 0.760417 2.000000 0.000000 0.000000 0.000000 0.293750 0.927083 2.000000 0.348438 0.927083 2.000000 0.000000 0.000000 0.000000 0.000000 0.000000 0.000000 0.000000 0.000000 0.000000 0.000000 0.000000 0.000000
0 0.150227 0.795479 0.182922 0.406792 0.126562 0.660417 2.000000 0.134375 0.645833 2.000000 0.000000 0.000000 0.000000 0.162500 0.641667 2.000000 0.000000 0.000000 0.000000 0.164062 0.714583 2.000000 0.217188 0.733333 2.000000 0.120313 0.747917 2.000000 0.000000 0.000000 0.000000 0.104688 0.668750 2.000000 0.000000 0.000000 0.000000 0.148438 0.964583 2.000000 0.198437 0.960417 2.000000 0.000000 0.000000 0.000000 0.000000 0.000000 0.000000 0.000000 0.000000 0.000000 0.000000 0.000000 0.000000
0 0.963617 0.806271 0.037359 0.198417 0.970313 0.729167 2.000000 0.971875 0.722917 2.000000 0.967187 0.722917 2.000000 0.000000 0.000000 0.000000 0.959375 0.725000 2.000000 0.973437 0.743750 2.000000 0.948438 0.743750 2.000000 0.978125 0.766667 2.000000 0.950000 0.775000 2.000000 0.000000 0.000000 0.000000 0.951562 0.800000 2.000000 0.965625 0.791667 2.000000 0.957812 0.793750 2.000000 0.971875 0.841667 1.000000 0.959375 0.843750 2.000000 0.000000 0.000000 0.000000 0.964063 0.887500 2.000000
0 0.983148 0.844021 0.033703 0.202833 0.000000 0.000000 0.000000 0.000000 0.000000 0.000000 0.000000 0.000000 0.000000 0.984375 0.764583 2.000000 0.000000 0.000000 0.000000 0.978125 0.789583 2.000000 0.000000 0.000000 0.000000 0.970313 0.814583 2.000000 0.000000 0.000000 0.000000 0.000000 0.000000 0.000000 0.000000 0.000000 0.000000 0.984375 0.835417 2.000000 0.000000 0.000000 0.000000 0.987500 0.879167 2.000000 0.000000 0.000000 0.000000 0.992188 0.925000 2.000000 0.000000 0.000000 0.000000
0 0.662687 0.847625 0.035344 0.164000 0.000000 0.000000 0.000000 0.000000 0.000000 0.000000 0.000000 0.000000 0.000000 0.000000 0.000000 0.000000 0.000000 0.000000 0.000000 0.000000 0.000000 0.000000 0.000000 0.000000 0.000000 0.000000 0.000000 0.000000 0.000000 0.000000 0.000000 0.000000 0.000000 0.000000 0.000000 0.000000 0.000000 0.653125 0.800000 2.000000 0.664062 0.797917 2.000000 0.653125 0.872917 2.000000 0.665625 0.870833 2.000000 0.000000 0.000000 0.000000 0.000000 0.000000 0.000000
0 0.372961 0.855771 0.067516 0.281208 0.000000 0.000000 0.000000 0.000000 0.000000 0.000000 0.000000 0.000000 0.000000 0.346875 0.737500 2.000000 0.000000 0.000000 0.000000 0.345313 0.762500 1.000000 0.378125 0.762500 2.000000 0.000000 0.000000 0.000000 0.401562 0.804167 2.000000 0.000000 0.000000 0.000000 0.387500 0.841667 2.000000 0.353125 0.850000 1.000000 0.375000 0.850000 2.000000 0.354687 0.918750 1.000000 0.376563 0.918750 2.000000 0.357812 0.985417 1.000000 0.378125 0.981250 2.000000
