0 0.555008 0.350198 0.260703 0.390187 0.570312 0.204167 2.000000 0.571875 0.197917 2.000000 0.564063 0.200000 2.000000 0.000000 0.000000 0.000000 0.546875 0.206250 2.000000 0.576562 0.216667 2.000000 0.537500 0.252083 2.000000 0.623437 0.212500 2.000000 0.596875 0.302083 2.000000 0.659375 0.235417 2.000000 0.637500 0.272917 1.000000 0.551562 0.320833 2.000000 0.517188 0.320833 2.000000 0.585938 0.412500 2.000000 0.500000 0.422917 2.000000 0.589063 0.510417 2.000000 0.473438 0.468750 2.000000
0 0.776336 0.301156 0.133172 0.175854 0.739062 0.239583 2.000000 0.742188 0.235417 2.000000 0.734375 0.235417 2.000000 0.000000 0.000000 0.000000 0.725000 0.235417 2.000000 0.751563 0.258333 2.000000 0.717187 0.260417 2.000000 0.000000 0.000000 0.000000 0.715625 0.227083 2.000000 0.000000 0.000000 0.000000 0.743750 0.225000 2.000000 0.767188 0.314583 2.000000 0.742188 0.318750 2.000000 0.804688 0.308333 2.000000 0.776563 0.275000 2.000000 0.809375 0.377083 2.000000 0.812500 0.308333 2.000000
0 0.674281 0.264542 0.072531 0.159167 0.681250 0.206250 2.000000 0.682813 0.202083 2.000000 0.679688 0.202083 2.000000 0.690625 0.208333 2.000000 0.000000 0.000000 0.000000 0.696875 0.229167 2.000000 0.668750 0.229167 2.000000 0.704688 0.247917 2.000000 0.000000 0.000000 0.000000 0.000000 0.000000 0.000000 0.000000 0.000000 0.000000 0.700000 0.270833 2.000000 0.673438 0.270833 2.000000 0.695312 0.256250 2.000000 0.700000 0.281250 2.000000 0.696875 0.293750 2.000000 0.698438 0.331250 2.000000
0 0.453914 0.324490 0.067484 0.179979 0.446875 0.266667 2.000000 0.450000 0.260417 2.000000 0.442188 0.260417 2.000000 0.454688 0.260417 2.000000 0.437500 0.260417 2.000000 0.457813 0.277083 2.000000 0.428125 0.277083 2.000000 0.467187 0.314583 2.000000 0.429688 0.310417 2.000000 0.454688 0.337500 2.000000 0.456250 0.335417 2.000000 0.459375 0.322917 2.000000 0.434375 0.322917 2.000000 0.473438 0.339583 2.000000 0.435937 0.339583 2.000000 0.476562 0.395833 2.000000 0.440625 0.400000 2.000000
0 0.300836 0.232594 0.062359 0.249438 0.300000 0.131250 2.000000 0.304688 0.129167 2.000000 0.296875 0.129167 2.000000 0.312500 0.135417 2.000000 0.000000 0.000000 0.000000 0.318750 0.166667 2.000000 0.282813 0.164583 2.000000 0.000000 0.000000 0.000000 0.265625 0.179167 1.000000 0.321875 0.197917 2.000000 0.287500 0.150000 2.000000 0.310937 0.254167 2.000000 0.282813 0.252083 2.000000 0.304688 0.312500 2.000000 0.281250 0.308333 2.000000 0.298438 0.362500 1.000000 0.273438 0.352083 1.000000
0 0.144875 0.416083 0.211750 0.310458 0.000000 0.000000 0.000000 0.000000 0.000000 0.000000 0.000000 0.000000 0.000000 0.000000 0.000000 0.000000 0.000000 0.000000 0.000000 0.153125 0.360417 2.000000 0.117188 0.345833 2.000000 0.196875 0.404167 2.000000 0.073438 0.385417 2.000000 0.240625 0.381250 2.000000 0.057813 0.420833 2.000000 0.090625 0.437500 2.000000 0.081250 0.437500 2.000000 0.178125 0.462500 2.000000 0.156250 0.470833 2.000000 0.106250 0.518750 2.000000 0.084375 0.512500 2.000000
0 0.214445 0.259115 0.071609 0.260354 0.000000 0.000000 0.000000 0.000000 0.000000 0.000000 0.000000 0.000000 0.000000 0.000000 0.000000 0.000000 0.000000 0.000000 0.000000 0.214062 0.172917 2.000000 0.187500 0.179167 2.000000 0.234375 0.195833 2.000000 0.182812 0.225000 2.000000 0.240625 0.172917 2.000000 0.200000 0.195833 2.000000 0.000000 0.000000 0.000000 0.196875 0.243750 2.000000 0.000000 0.000000 0.000000 0.198437 0.310417 2.000000 0.000000 0.000000 0.000000 0.198437 0.375000 2.000000
0 0.060883 0.279740 0.068797 0.273271 0.065625 0.177083 2.000000 0.067187 0.170833 2.000000 0.062500 0.168750 2.000000 0.000000 0.000000 0.000000 0.053125 0.168750 2.000000 0.071875 0.195833 2.000000 0.042188 0.193750 2.000000 0.100000 0.162500 1.000000 0.029687 0.179167 2.000000 0.095312 0.183333 1.000000 0.037500 0.152083 2.000000 0.067187 0.275000 2.000000 0.045312 0.272917 2.000000 0.059375 0.329167 2.000000 0.056250 0.322917 2.000000 0.057813 0.385417 2.000000 0.048438 0.385417 2.000000
0 0.409203 0.318729 0.053438 0.185708 0.403125 0.250000 2.000000 0.406250 0.247917 2.000000 0.398438 0.247917 2.000000 0.000000 0.000000 0.000000 0.390625 0.245833 2.000000 0.410938 0.268750 2.000000 0.382812 0.268750 2.000000 0.415625 0.302083 2.000000 0.381250 0.308333 1.000000 0.410938 0.312500 2.000000 0.407813 0.316667 2.000000 0.406250 0.320833 2.000000 0.385937 0.320833 2.000000 0.420312 0.331250 2.000000 0.400000 0.331250 2.000000 0.410938 0.389583 2.000000 0.392188 0.389583 2.000000
0 0.134758 0.221021 0.076078 0.225250 0.142187 0.152083 2.000000 0.145313 0.145833 2.000000 0.135937 0.145833 2.000000 0.151562 0.147917 2.000000 0.128125 0.150000 2.000000 0.154688 0.183333 2.000000 0.118750 0.181250 2.000000 0.160938 0.243750 2.000000 0.103125 0.235417 2.000000 0.000000 0.000000 0.000000 0.106250 0.279167 2.000000 0.150000 0.270833 1.000000 0.120313 0.270833 2.000000 0.000000 0.000000 0.000000 0.000000 0.000000 0.000000 0.000000 0.000000 0.000000 0.000000 0.000000 0.000000
0 0.849578 0.306229 0.061594 0.160417 0.854688 0.250000 2.000000 0.859375 0.245833 2.000000 0.851562 0.243750 2.000000 0.864062 0.250000 2.000000 0.845313 0.245833 2.000000 0.865625 0.264583 2.000000 0.835938 0.264583 2.000000 0.871875 0.297917 2.000000 0.834375 0.300000 2.000000 0.867188 0.312500 2.000000 0.860938 0.312500 2.000000 0.000000 0.000000 0.000000 0.000000 0.000000 0.000000 0.000000 0.000000 0.000000 0.000000 0.000000 0.000000 0.000000 0.000000 0.000000 0.000000 0.000000 0.000000
