0 0.565527 0.447060 0.463645 0.676760 0.373494 0.164000 2.000000 0.391566 0.154000 2.000000 0.358434 0.158000 2.000000 0.439759 0.162000 2.000000 0.000000 0.000000 0.000000 0.524096 0.172000 2.000000 0.385542 0.256000 2.000000 0.629518 0.242000 2.000000 0.457831 0.316000 2.000000 0.572289 0.220000 2.000000 0.478916 0.244000 2.000000 0.683735 0.336000 2.000000 0.587349 0.372000 2.000000 0.698795 0.526000 2.000000 0.509036 0.540000 2.000000 0.759036 0.718000 2.000000 0.412651 0.730000 2.000000
0 0.779623 0.216500 0.197741 0.188920 0.783133 0.162000 2.000000 0.801205 0.154000 2.000000 0.774096 0.154000 2.000000 0.825301 0.162000 2.000000 0.768072 0.162000 2.000000 0.849398 0.198000 2.000000 0.746988 0.200000 2.000000 0.870482 0.248000 1.000000 0.713855 0.256000 2.000000 0.000000 0.000000 0.000000 0.695783 0.298000 1.000000 0.834337 0.294000 1.000000 0.753012 0.294000 2.000000 0.000000 0.000000 0.000000 0.000000 0.000000 0.000000 0.000000 0.000000 0.000000 0.000000 0.000000 0.000000
0 0.226024 0.201800 0.191807 0.157400 0.213855 0.160000 2.000000 0.222892 0.154000 2.000000 0.204819 0.152000 2.000000 0.259036 0.156000 2.000000 0.000000 0.000000 0.000000 0.295181 0.206000 2.000000 0.177711 0.204000 2.000000 0.280120 0.278000 1.000000 0.189759 0.280000 1.000000 0.000000 0.000000 0.000000 0.000000 0.000000 0.000000 0.000000 0.000000 0.000000 0.000000 0.000000 0.000000 0.000000 0.000000 0.000000 0.000000 0.000000 0.000000 0.000000 0.000000 0.000000 0.000000 0.000000 0.000000
0 0.870136 0.303550 0.228343 0.207380 0.849398 0.240000 2.000000 0.870482 0.234000 2.000000 0.840361 0.232000 2.000000 0.900602 0.244000 2.000000 0.831325 0.234000 1.000000 0.930723 0.290000 2.000000 0.798193 0.292000 2.000000 0.969880 0.356000 1.000000 0.777108 0.366000 2.000000 0.912651 0.396000 1.000000 0.825301 0.394000 2.000000 0.924699 0.410000 1.000000 0.819277 0.408000 1.000000 0.000000 0.000000 0.000000 0.000000 0.000000 0.000000 0.000000 0.000000 0.000000 0.000000 0.000000 0.000000
0 0.416702 0.360070 0.163765 0.109580 0.400602 0.348000 2.000000 0.415663 0.340000 2.000000 0.394578 0.340000 2.000000 0.442771 0.352000 2.000000 0.000000 0.000000 0.000000 0.472892 0.394000 2.000000 0.349398 0.392000 2.000000 0.000000 0.000000 0.000000 0.000000 0.000000 0.000000 0.000000 0.000000 0.000000 0.000000 0.000000 0.000000 0.000000 0.000000 0.000000 0.000000 0.000000 0.000000 0.000000 0.000000 0.000000 0.000000 0.000000 0.000000 0.000000 0.000000 0.000000 0.000000 0.000000 0.000000
0 0.069413 0.329120 0.131295 0.150960 0.000000 0.000000 0.000000 0.021084 0.280000 2.000000 0.000000 0.000000 0.000000 0.054217 0.290000 2.000000 0.000000 0.000000 0.000000 0.087349 0.318000 2.000000 0.000000 0.000000 0.000000 0.108434 0.376000 1.000000 0.000000 0.000000 0.000000 0.000000 0.000000 0.000000 0.000000 0.000000 0.000000 0.000000 0.000000 0.000000 0.000000 0.000000 0.000000 0.000000 0.000000 0.000000 0.000000 0.000000 0.000000 0.000000 0.000000 0.000000 0.000000 0.000000 0.000000
0 0.075572 0.247070 0.151145 0.268660 0.015060 0.162000 2.000000 0.033133 0.154000 2.000000 0.009036 0.152000 2.000000 0.069277 0.162000 2.000000 0.000000 0.000000 0.000000 0.102410 0.190000 2.000000 0.000000 0.000000 0.000000 0.117470 0.274000 2.000000 0.000000 0.000000 0.000000 0.000000 0.000000 0.000000 0.000000 0.000000 0.000000 0.069277 0.288000 1.000000 0.012048 0.288000 1.000000 0.126506 0.296000 2.000000 0.000000 0.000000 0.000000 0.000000 0.000000 0.000000 0.000000 0.000000 0.000000
0 0.247048 0.320230 0.203072 0.182020 0.207831 0.278000 2.000000 0.225904 0.270000 2.000000 0.201807 0.266000 2.000000 0.265060 0.278000 2.000000 0.000000 0.000000 0.000000 0.310241 0.302000 2.000000 0.174699 0.308000 2.000000 0.307229 0.372000 2.000000 0.186747 0.382000 2.000000 0.246988 0.398000 2.000000 0.204819 0.316000 2.000000 0.268072 0.398000 2.000000 0.222892 0.398000 2.000000 0.307229 0.406000 2.000000 0.186747 0.402000 2.000000 0.000000 0.000000 0.000000 0.000000 0.000000 0.000000
0 0.377214 0.106890 0.209428 0.181100 0.000000 0.000000 0.000000 0.373494 0.054000 2.000000 0.349398 0.054000 2.000000 0.409639 0.056000 2.000000 0.000000 0.000000 0.000000 0.454819 0.098000 2.000000 0.310241 0.092000 2.000000 0.000000 0.000000 0.000000 0.286145 0.170000 2.000000 0.000000 0.000000 0.000000 0.000000 0.000000 0.000000 0.000000 0.000000 0.000000 0.328313 0.210000 1.000000 0.000000 0.000000 0.000000 0.000000 0.000000 0.000000 0.000000 0.000000 0.000000 0.000000 0.000000 0.000000
0 0.592364 0.088850 0.153042 0.140900 0.587349 0.064000 2.000000 0.605422 0.056000 2.000000 0.581325 0.056000 2.000000 0.632530 0.068000 2.000000 0.000000 0.000000 0.000000 0.671687 0.112000 1.000000 0.536145 0.112000 2.000000 0.000000 0.000000 0.000000 0.000000 0.000000 0.000000 0.000000 0.000000 0.000000 0.000000 0.000000 0.000000 0.000000 0.000000 0.000000 0.000000 0.000000 0.000000 0.000000 0.000000 0.000000 0.000000 0.000000 0.000000 0.000000 0.000000 0.000000 0.000000 0.000000 0.000000
0 0.695663 0.043160 0.166205 0.085200 0.000000 0.000000 0.000000 0.000000 0.000000 0.000000 0.000000 0.000000 0.000000 0.000000 0.000000 0.000000 0.000000 0.000000 0.000000 0.753012 0.020000 2.000000 0.629518 0.022000 1.000000 0.753012 0.080000 2.000000 0.623494 0.074000 1.000000 0.000000 0.000000 0.000000 0.000000 0.000000 0.000000 0.731928 0.118000 1.000000 0.650602 0.118000 1.000000 0.000000 0.000000 0.000000 0.000000 0.000000 0.000000 0.000000 0.000000 0.000000 0.000000 0.000000 0.000000
0 0.932575 0.363470 0.134849 0.086260 0.903614 0.366000 2.000000 0.927711 0.358000 2.000000 0.900602 0.358000 2.000000 0.960843 0.364000 2.000000 0.000000 0.000000 0.000000 0.990964 0.400000 2.000000 0.885542 0.402000 2.000000 0.000000 0.000000 0.000000 0.000000 0.000000 0.000000 0.000000 0.000000 0.000000 0.000000 0.000000 0.000000 0.000000 0.000000 0.000000 0.000000 0.000000 0.000000 0.000000 0.000000 0.000000 0.000000 0.000000 0.000000 0.000000 0.000000 0.000000 0.000000 0.000000 0.000000
