0 0.882305 0.597750 0.230891 0.804500 0.948438 0.443750 2.000000 0.989062 0.400000 2.000000 0.931250 0.372917 2.000000 0.000000 0.000000 0.000000 0.000000 0.000000 0.000000 0.976562 0.795833 2.000000 0.906250 0.668750 1.000000 0.000000 0.000000 0.000000 0.000000 0.000000 0.000000 0.000000 0.000000 0.000000 0.000000 0.000000 0.000000 0.000000 0.000000 0.000000 0.000000 0.000000 0.000000 0.000000 0.000000 0.000000 0.000000 0.000000 0.000000 0.000000 0.000000 0.000000 0.000000 0.000000 0.000000
0 0.693719 0.640281 0.433844 0.719437 0.678125 0.408333 2.000000 0.695312 0.385417 2.000000 0.665625 0.385417 2.000000 0.748437 0.385417 2.000000 0.000000 0.000000 0.000000 0.798438 0.537500 2.000000 0.748437 0.497917 2.000000 0.704688 0.772917 2.000000 0.654687 0.614583 2.000000 0.532813 0.731250 2.000000 0.671875 0.708333 2.000000 0.829688 0.906250 2.000000 0.770312 0.820833 2.000000 0.612500 0.931250 1.000000 0.000000 0.000000 0.000000 0.000000 0.000000 0.000000 0.000000 0.000000 0.000000
0 0.505414 0.455854 0.285766 0.329125 0.453125 0.400000 2.000000 0.467187 0.383333 2.000000 0.446875 0.381250 2.000000 0.515625 0.393750 2.000000 0.000000 0.000000 0.000000 0.553125 0.450000 2.000000 0.439063 0.456250 2.000000 0.620313 0.589583 2.000000 0.378125 0.562500 2.000000 0.495312 0.583333 1.000000 0.484375 0.585417 1.000000 0.551562 0.660417 1.000000 0.443750 0.654167 1.000000 0.000000 0.000000 0.000000 0.000000 0.000000 0.000000 0.000000 0.000000 0.000000 0.000000 0.000000 0.000000
0 0.213203 0.532583 0.267969 0.467417 0.217188 0.404167 2.000000 0.232813 0.381250 2.000000 0.203125 0.379167 2.000000 0.259375 0.400000 2.000000 0.189062 0.397917 2.000000 0.265625 0.447917 2.000000 0.167187 0.460417 2.000000 0.318750 0.562500 2.000000 0.140625 0.606250 2.000000 0.278125 0.608333 2.000000 0.210938 0.537500 2.000000 0.215625 0.666667 2.000000 0.128125 0.672917 2.000000 0.000000 0.000000 0.000000 0.000000 0.000000 0.000000 0.000000 0.000000 0.000000 0.000000 0.000000 0.000000
0 0.338094 0.370156 0.090312 0.195521 0.379688 0.316667 1.000000 0.000000 0.000000 0.000000 0.375000 0.306250 2.000000 0.000000 0.000000 0.000000 0.359375 0.304167 2.000000 0.000000 0.000000 0.000000 0.335938 0.337500 2.000000 0.000000 0.000000 0.000000 0.332813 0.383333 2.000000 0.000000 0.000000 0.000000 0.370312 0.397917 1.000000 0.000000 0.000000 0.000000 0.306250 0.431250 2.000000 0.000000 0.000000 0.000000 0.356250 0.450000 1.000000 0.000000 0.000000 0.000000 0.346875 0.531250 1.000000
0 0.395977 0.371583 0.083891 0.165542 0.000000 0.000000 0.000000 0.000000 0.000000 0.000000 0.000000 0.000000 0.000000 0.000000 0.000000 0.000000 0.407813 0.316667 2.000000 0.370312 0.335417 2.000000 0.404687 0.341667 2.000000 0.000000 0.000000 0.000000 0.437500 0.395833 1.000000 0.000000 0.000000 0.000000 0.435937 0.347917 1.000000 0.356250 0.466667 1.000000 0.389062 0.472917 1.000000 0.000000 0.000000 0.000000 0.000000 0.000000 0.000000 0.000000 0.000000 0.000000 0.000000 0.000000 0.000000
0 0.079227 0.255708 0.113609 0.134458 0.082812 0.225000 2.000000 0.087500 0.220833 2.000000 0.079687 0.220833 2.000000 0.000000 0.000000 0.000000 0.067187 0.212500 2.000000 0.085938 0.237500 2.000000 0.045312 0.235417 2.000000 0.104688 0.279167 2.000000 0.029687 0.275000 2.000000 0.128125 0.293750 2.000000 0.053125 0.295833 1.000000 0.081250 0.331250 1.000000 0.053125 0.333333 1.000000 0.000000 0.000000 0.000000 0.000000 0.000000 0.000000 0.000000 0.000000 0.000000 0.000000 0.000000 0.000000
0 0.622609 0.379437 0.068219 0.222042 0.590625 0.318750 2.000000 0.593750 0.314583 2.000000 0.000000 0.000000 0.000000 0.609375 0.316667 2.000000 0.000000 0.000000 0.000000 0.614062 0.337500 2.000000 0.000000 0.000000 0.000000 0.603125 0.400000 2.000000 0.000000 0.000000 0.000000 0.000000 0.000000 0.000000 0.000000 0.000000 0.000000 0.635938 0.458333 2.000000 0.000000 0.000000 0.000000 0.000000 0.000000 0.000000 0.000000 0.000000 0.000000 0.000000 0.000000 0.000000 0.000000 0.000000 0.000000
0 0.154891 0.364625 0.070906 0.215708 0.135937 0.293750 1.000000 0.139063 0.285417 1.000000 0.000000 0.000000 0.000000 0.148438 0.287500 2.000000 0.000000 0.000000 0.000000 0.154688 0.318750 2.000000 0.195312 0.322917 1.000000 0.126562 0.370833 2.000000 0.000000 0.000000 0.000000 0.137500 0.329167 2.000000 0.000000 0.000000 0.000000 0.175000 0.425000 2.000000 0.201563 0.427083 1.000000 0.115625 0.427083 1.000000 0.000000 0.000000 0.000000 0.143750 0.485417 1.000000 0.000000 0.000000 0.000000
0 0.055594 0.394958 0.091969 0.253167 0.000000 0.000000 0.000000 0.000000 0.000000 0.000000 0.000000 0.000000 0.000000 0.029687 0.302083 2.000000 0.054688 0.300000 2.000000 0.014063 0.320833 2.000000 0.057813 0.327083 2.000000 0.000000 0.000000 0.000000 0.096875 0.379167 2.000000 0.000000 0.000000 0.000000 0.000000 0.000000 0.000000 0.020313 0.406250 2.000000 0.051562 0.416667 2.000000 0.064062 0.431250 2.000000 0.093750 0.443750 2.000000 0.082812 0.504167 1.000000 0.060937 0.510417 1.000000
