0 0.662680 0.622752 0.207359 0.716230 0.631250 0.372365 2.000000 0.635938 0.360656 2.000000 0.626563 0.362998 2.000000 0.000000 0.000000 0.000000 0.000000 0.000000 0.000000 0.698438 0.437939 2.000000 0.629687 0.419204 2.000000 0.729688 0.531616 2.000000 0.000000 0.000000 0.000000 0.742188 0.629977 2.000000 0.000000 0.000000 0.000000 0.657813 0.622951 2.000000 0.606250 0.604215 2.000000 0.642188 0.784543 2.000000 0.570312 0.751756 2.000000 0.635938 0.920375 2.000000 0.581250 0.845433 2.000000
0 0.916195 0.420691 0.061266 0.154684 0.926562 0.386417 2.000000 0.935937 0.381733 2.000000 0.920312 0.374707 2.000000 0.946875 0.393443 1.000000 0.910937 0.377049 2.000000 0.950000 0.456674 1.000000 0.887500 0.426230 1.000000 0.000000 0.000000 0.000000 0.000000 0.000000 0.000000 0.000000 0.000000 0.000000 0.000000 0.000000 0.000000 0.000000 0.000000 0.000000 0.000000 0.000000 0.000000 0.000000 0.000000 0.000000 0.000000 0.000000 0.000000 0.000000 0.000000 0.000000 0.000000 0.000000 0.000000
0 0.512813 0.663314 0.069062 0.416604 0.510938 0.517564 2.000000 0.515625 0.510539 2.000000 0.504687 0.508197 2.000000 0.523438 0.508197 2.000000 0.496875 0.501171 2.000000 0.537500 0.540984 2.000000 0.485938 0.548009 2.000000 0.535937 0.594848 2.000000 0.503125 0.604215 2.000000 0.506250 0.594848 2.000000 0.534375 0.599532 2.000000 0.521875 0.655738 2.000000 0.498437 0.653396 2.000000 0.510938 0.754098 2.000000 0.496875 0.751756 2.000000 0.507812 0.831382 2.000000 0.490625 0.840749 2.000000
0 0.126695 0.367424 0.094453 0.186511 0.162500 0.346604 2.000000 0.000000 0.000000 0.000000 0.151562 0.332553 2.000000 0.000000 0.000000 0.000000 0.121875 0.327869 2.000000 0.150000 0.395785 1.000000 0.098437 0.398126 2.000000 0.000000 0.000000 0.000000 0.000000 0.000000 0.000000 0.000000 0.000000 0.000000 0.000000 0.000000 0.000000 0.000000 0.000000 0.000000 0.000000 0.000000 0.000000 0.000000 0.000000 0.000000 0.000000 0.000000 0.000000 0.000000 0.000000 0.000000 0.000000 0.000000 0.000000
0 0.423555 0.626909 0.091453 0.512459 0.428125 0.444965 2.000000 0.432812 0.430913 2.000000 0.420312 0.430913 2.000000 0.000000 0.000000 0.000000 0.404687 0.416862 2.000000 0.435937 0.466042 2.000000 0.390625 0.473068 1.000000 0.453125 0.529274 2.000000 0.000000 0.000000 0.000000 0.459375 0.569087 2.000000 0.000000 0.000000 0.000000 0.434375 0.613583 2.000000 0.396875 0.618267 2.000000 0.428125 0.728337 2.000000 0.396875 0.721311 2.000000 0.420312 0.826698 2.000000 0.389062 0.833724 2.000000
0 0.049477 0.616850 0.095953 0.743817 0.068750 0.360656 2.000000 0.000000 0.000000 0.000000 0.064062 0.346604 2.000000 0.000000 0.000000 0.000000 0.023438 0.330211 2.000000 0.054688 0.416862 2.000000 0.000000 0.000000 0.000000 0.070312 0.496487 2.000000 0.000000 0.000000 0.000000 0.000000 0.000000 0.000000 0.000000 0.000000 0.000000 0.048438 0.639344 2.000000 0.000000 0.000000 0.000000 0.026562 0.854801 2.000000 0.007812 0.852459 2.000000 0.000000 0.000000 0.000000 0.000000 0.000000 0.000000
0 0.849477 0.432178 0.087078 0.177237 0.840625 0.402810 2.000000 0.848437 0.393443 2.000000 0.834375 0.395785 2.000000 0.870313 0.395785 2.000000 0.000000 0.000000 0.000000 0.887500 0.454333 1.000000 0.828125 0.459016 2.000000 0.000000 0.000000 0.000000 0.817187 0.564403 1.000000 0.000000 0.000000 0.000000 0.000000 0.000000 0.000000 0.000000 0.000000 0.000000 0.000000 0.000000 0.000000 0.000000 0.000000 0.000000 0.000000 0.000000 0.000000 0.000000 0.000000 0.000000 0.000000 0.000000 0.000000
0 0.135680 0.674789 0.132641 0.650422 0.171875 0.428571 2.000000 0.000000 0.000000 0.000000 0.165625 0.412178 2.000000 0.000000 0.000000 0.000000 0.132812 0.409836 2.000000 0.137500 0.482436 2.000000 0.112500 0.484778 2.000000 0.000000 0.000000 0.000000 0.070312 0.639344 1.000000 0.000000 0.000000 0.000000 0.000000 0.000000 0.000000 0.157812 0.679157 2.000000 0.123438 0.688525 2.000000 0.181250 0.824356 2.000000 0.117188 0.852459 2.000000 0.176563 0.981265 2.000000 0.096875 0.995316 1.000000
0 0.208109 0.671663 0.103906 0.656674 0.229687 0.430913 2.000000 0.000000 0.000000 0.000000 0.228125 0.423888 2.000000 0.000000 0.000000 0.000000 0.196875 0.412178 2.000000 0.220312 0.477752 2.000000 0.175000 0.491803 2.000000 0.248438 0.571429 2.000000 0.214062 0.576112 2.000000 0.226562 0.491803 2.000000 0.221875 0.491803 2.000000 0.237500 0.646370 2.000000 0.203125 0.655738 2.000000 0.220312 0.800937 2.000000 0.196875 0.800937 1.000000 0.212500 0.941452 2.000000 0.192188 0.960187 1.000000
0 0.355680 0.636909 0.095797 0.595504 0.376563 0.412178 2.000000 0.379688 0.400468 2.000000 0.367188 0.400468 2.000000 0.000000 0.000000 0.000000 0.346875 0.393443 2.000000 0.384375 0.459016 2.000000 0.328125 0.440281 2.000000 0.393750 0.550351 2.000000 0.340625 0.529274 2.000000 0.367188 0.519906 2.000000 0.389062 0.515222 2.000000 0.381250 0.611241 2.000000 0.340625 0.615925 2.000000 0.000000 0.000000 0.000000 0.362500 0.740047 2.000000 0.332813 0.864169 2.000000 0.348438 0.871194 2.000000
