0 0.550305 0.582094 0.708967 0.835812 0.600939 0.239063 2.000000 0.605634 0.221875 2.000000 0.572770 0.223438 2.000000 0.000000 0.000000 0.000000 0.502347 0.239063 2.000000 0.636150 0.306250 2.000000 0.420188 0.318750 2.000000 0.537559 0.300000 2.000000 0.239437 0.331250 2.000000 0.384977 0.217188 2.000000 0.323944 0.240625 2.000000 0.579812 0.581250 2.000000 0.450704 0.582812 2.000000 0.730047 0.778125 2.000000 0.305164 0.768750 2.000000 0.828638 0.962500 2.000000 0.307512 0.971875 2.000000
0 0.899847 0.738742 0.198897 0.376422 0.941315 0.617188 2.000000 0.948357 0.606250 2.000000 0.920188 0.604688 2.000000 0.974178 0.607812 2.000000 0.892019 0.606250 2.000000 0.981221 0.650000 2.000000 0.835681 0.656250 2.000000 0.000000 0.000000 0.000000 0.814554 0.684375 2.000000 0.983568 0.678125 2.000000 0.915493 0.684375 2.000000 0.964789 0.800000 1.000000 0.849765 0.801562 2.000000 0.000000 0.000000 0.000000 0.840376 0.904687 1.000000 0.000000 0.000000 0.000000 0.000000 0.000000 0.000000
0 0.655282 0.793625 0.316197 0.339531 0.000000 0.000000 0.000000 0.000000 0.000000 0.000000 0.000000 0.000000 0.000000 0.000000 0.000000 0.000000 0.000000 0.000000 0.000000 0.669014 0.637500 1.000000 0.535211 0.653125 1.000000 0.788732 0.679688 2.000000 0.502347 0.692187 1.000000 0.715962 0.696875 1.000000 0.607981 0.690625 1.000000 0.669014 0.798438 2.000000 0.558685 0.810937 2.000000 0.793427 0.809375 1.000000 0.539906 0.948438 2.000000 0.744131 0.920312 2.000000 0.000000 0.000000 0.000000
0 0.811702 0.370578 0.217488 0.166281 0.830986 0.339062 2.000000 0.838028 0.329688 2.000000 0.816901 0.329688 2.000000 0.000000 0.000000 0.000000 0.788732 0.331250 2.000000 0.894366 0.379688 2.000000 0.758216 0.381250 2.000000 0.946009 0.450000 1.000000 0.725352 0.446875 2.000000 0.899061 0.451562 1.000000 0.000000 0.000000 0.000000 0.868545 0.490625 1.000000 0.767606 0.489063 1.000000 0.000000 0.000000 0.000000 0.000000 0.000000 0.000000 0.000000 0.000000 0.000000 0.000000 0.000000 0.000000
0 0.140810 0.373227 0.245000 0.191266 0.000000 0.000000 0.000000 0.000000 0.000000 0.000000 0.000000 0.000000 0.000000 0.000000 0.000000 0.000000 0.115023 0.326562 2.000000 0.173709 0.364063 2.000000 0.046948 0.367188 2.000000 0.239437 0.443750 2.000000 0.053991 0.457813 2.000000 0.000000 0.000000 0.000000 0.211268 0.440625 2.000000 0.145540 0.500000 1.000000 0.051643 0.500000 1.000000 0.000000 0.000000 0.000000 0.000000 0.000000 0.000000 0.000000 0.000000 0.000000 0.000000 0.000000 0.000000
0 0.762218 0.239523 0.162371 0.093234 0.000000 0.000000 0.000000 0.000000 0.000000 0.000000 0.000000 0.000000 0.000000 0.788732 0.223438 2.000000 0.730047 0.225000 2.000000 0.807512 0.262500 2.000000 0.000000 0.000000 0.000000 0.000000 0.000000 0.000000 0.000000 0.000000 0.000000 0.000000 0.000000 0.000000 0.000000 0.000000 0.000000 0.000000 0.000000 0.000000 0.000000 0.000000 0.000000 0.000000 0.000000 0.000000 0.000000 0.000000 0.000000 0.000000 0.000000 0.000000 0.000000 0.000000 0.000000
0 0.911033 0.283180 0.144085 0.156703 0.000000 0.000000 0.000000 0.000000 0.000000 0.000000 0.000000 0.000000 0.000000 0.931925 0.250000 2.000000 0.866197 0.251563 2.000000 0.960094 0.281250 2.000000 0.849765 0.284375 2.000000 0.971831 0.332813 1.000000 0.000000 0.000000 0.000000 0.000000 0.000000 0.000000 0.000000 0.000000 0.000000 0.000000 0.000000 0.000000 0.000000 0.000000 0.000000 0.000000 0.000000 0.000000 0.000000 0.000000 0.000000 0.000000 0.000000 0.000000 0.000000 0.000000 0.000000
0 0.823016 0.123813 0.132840 0.128094 0.809859 0.089063 2.000000 0.816901 0.082812 2.000000 0.802817 0.084375 2.000000 0.000000 0.000000 0.000000 0.000000 0.000000 0.000000 0.856808 0.120313 2.000000 0.765258 0.123438 2.000000 0.000000 0.000000 0.000000 0.000000 0.000000 0.000000 0.000000 0.000000 0.000000 0.000000 0.000000 0.000000 0.000000 0.000000 0.000000 0.000000 0.000000 0.000000 0.000000 0.000000 0.000000 0.000000 0.000000 0.000000 0.000000 0.000000 0.000000 0.000000 0.000000 0.000000
0 0.959883 0.413070 0.080235 0.086141 0.964789 0.420312 2.000000 0.976526 0.409375 2.000000 0.950704 0.409375 2.000000 0.000000 0.000000 0.000000 0.924883 0.414062 2.000000 0.000000 0.000000 0.000000 0.000000 0.000000 0.000000 0.000000 0.000000 0.000000 0.000000 0.000000 0.000000 0.000000 0.000000 0.000000 0.000000 0.000000 0.000000 0.000000 0.000000 0.000000 0.000000 0.000000 0.000000 0.000000 0.000000 0.000000 0.000000 0.000000 0.000000 0.000000 0.000000 0.000000 0.000000 0.000000 0.000000
0 0.066408 0.188227 0.129624 0.200891 0.000000 0.000000 0.000000 0.000000 0.000000 0.000000 0.000000 0.000000 0.000000 0.000000 0.000000 0.000000 0.079812 0.118750 2.000000 0.124413 0.150000 1.000000 0.028169 0.150000 2.000000 0.000000 0.000000 0.000000 0.028169 0.195312 2.000000 0.000000 0.000000 0.000000 0.091549 0.204687 2.000000 0.000000 0.000000 0.000000 0.000000 0.000000 0.000000 0.000000 0.000000 0.000000 0.053991 0.250000 2.000000 0.000000 0.000000 0.000000 0.065728 0.342187 1.000000
0 0.221749 0.205891 0.221479 0.263906 0.237089 0.112500 2.000000 0.248826 0.104688 2.000000 0.227700 0.104688 2.000000 0.000000 0.000000 0.000000 0.194836 0.114062 2.000000 0.276995 0.160938 2.000000 0.169014 0.156250 2.000000 0.000000 0.000000 0.000000 0.152582 0.209375 2.000000 0.000000 0.000000 0.000000 0.183099 0.264062 2.000000 0.260563 0.284375 1.000000 0.185446 0.284375 2.000000 0.000000 0.000000 0.000000 0.000000 0.000000 0.000000 0.000000 0.000000 0.000000 0.000000 0.000000 0.000000
0 0.278404 0.410062 0.145915 0.104406 0.244131 0.390625 2.000000 0.253521 0.382812 2.000000 0.232394 0.382812 2.000000 0.000000 0.000000 0.000000 0.000000 0.000000 0.000000 0.293427 0.425000 2.000000 0.201878 0.426563 1.000000 0.328638 0.453125 2.000000 0.000000 0.000000 0.000000 0.258216 0.446875 2.000000 0.000000 0.000000 0.000000 0.000000 0.000000 0.000000 0.000000 0.000000 0.000000 0.000000 0.000000 0.000000 0.000000 0.000000 0.000000 0.000000 0.000000 0.000000 0.000000 0.000000 0.000000
0 0.931479 0.147516 0.126291 0.119031 0.913146 0.123438 2.000000 0.917840 0.118750 2.000000 0.906103 0.118750 2.000000 0.927230 0.121875 2.000000 0.880282 0.120313 2.000000 0.957746 0.160938 2.000000 0.859155 0.160938 1.000000 0.971831 0.206250 1.000000 0.842723 0.196875 1.000000 0.000000 0.000000 0.000000 0.000000 0.000000 0.000000 0.953052 0.235937 1.000000 0.863850 0.235937 1.000000 0.000000 0.000000 0.000000 0.000000 0.000000 0.000000 0.000000 0.000000 0.000000 0.000000 0.000000 0.000000
