0 0.621227 0.585175 0.309047 0.467086 0.609375 0.414918 2.000000 0.000000 0.000000 0.000000 0.598437 0.410256 2.000000 0.000000 0.000000 0.000000 0.582812 0.410256 2.000000 0.585938 0.419580 2.000000 0.582812 0.456876 2.000000 0.632812 0.445221 2.000000 0.631250 0.515152 2.000000 0.676562 0.477855 2.000000 0.678125 0.526807 2.000000 0.596875 0.580420 2.000000 0.585938 0.594406 2.000000 0.654687 0.671329 2.000000 0.581250 0.720280 2.000000 0.721875 0.778555 2.000000 0.500000 0.755245 2.000000
0 0.267180 0.687517 0.291203 0.337226 0.000000 0.000000 0.000000 0.000000 0.000000 0.000000 0.275000 0.568765 2.000000 0.000000 0.000000 0.000000 0.254688 0.575758 2.000000 0.284375 0.606061 2.000000 0.210938 0.617716 2.000000 0.334375 0.615385 2.000000 0.176563 0.692308 2.000000 0.375000 0.615385 2.000000 0.153125 0.757576 2.000000 0.196875 0.741259 2.000000 0.187500 0.748252 2.000000 0.304688 0.699301 2.000000 0.240625 0.692308 2.000000 0.231250 0.804196 2.000000 0.192188 0.822844 2.000000
0 0.113078 0.643100 0.172094 0.412308 0.175000 0.494172 2.000000 0.000000 0.000000 0.000000 0.170313 0.484848 2.000000 0.000000 0.000000 0.000000 0.145313 0.484848 2.000000 0.132812 0.515152 2.000000 0.121875 0.522145 2.000000 0.000000 0.000000 0.000000 0.118750 0.622378 2.000000 0.000000 0.000000 0.000000 0.167187 0.627040 2.000000 0.059375 0.622378 2.000000 0.051562 0.641026 2.000000 0.134375 0.673660 2.000000 0.112500 0.687646 2.000000 0.107813 0.776224 2.000000 0.067187 0.799534 2.000000
0 0.312562 0.141573 0.091875 0.125851 0.310937 0.114219 2.000000 0.317188 0.107226 2.000000 0.306250 0.107226 2.000000 0.000000 0.000000 0.000000 0.296875 0.114219 2.000000 0.337500 0.153846 2.000000 0.282813 0.151515 2.000000 0.350000 0.202797 1.000000 0.270313 0.209790 1.000000 0.000000 0.000000 0.000000 0.000000 0.000000 0.000000 0.328125 0.233100 1.000000 0.295312 0.235431 1.000000 0.000000 0.000000 0.000000 0.000000 0.000000 0.000000 0.000000 0.000000 0.000000 0.000000 0.000000 0.000000
0 0.608930 0.257541 0.125984 0.210326 0.617188 0.195804 1.000000 0.617188 0.188811 2.000000 0.609375 0.188811 2.000000 0.000000 0.000000 0.000000 0.601562 0.186480 2.000000 0.639062 0.240093 2.000000 0.584375 0.240093 2.000000 0.654687 0.307692 1.000000 0.560937 0.298368 2.000000 0.662500 0.291375 1.000000 0.565625 0.333333 2.000000 0.635938 0.335664 1.000000 0.592187 0.335664 1.000000 0.000000 0.000000 0.000000 0.000000 0.000000 0.000000 0.000000 0.000000 0.000000 0.000000 0.000000 0.000000
0 0.545648 0.269103 0.063953 0.236014 0.556250 0.191142 2.000000 0.557813 0.184149 2.000000 0.551562 0.184149 2.000000 0.000000 0.000000 0.000000 0.540625 0.188811 2.000000 0.571875 0.226107 2.000000 0.521875 0.235431 2.000000 0.000000 0.000000 0.000000 0.518750 0.312354 2.000000 0.000000 0.000000 0.000000 0.532813 0.356643 2.000000 0.571875 0.317016 1.000000 0.543750 0.324009 2.000000 0.000000 0.000000 0.000000 0.000000 0.000000 0.000000 0.000000 0.000000 0.000000 0.000000 0.000000 0.000000
0 0.230891 0.146154 0.078906 0.130117 0.210938 0.123543 2.000000 0.215625 0.118881 2.000000 0.000000 0.000000 0.000000 0.234375 0.121212 2.000000 0.000000 0.000000 0.000000 0.259375 0.151515 1.000000 0.204687 0.153846 2.000000 0.281250 0.193473 1.000000 0.204687 0.207459 2.000000 0.000000 0.000000 0.000000 0.000000 0.000000 0.000000 0.000000 0.000000 0.000000 0.000000 0.000000 0.000000 0.000000 0.000000 0.000000 0.000000 0.000000 0.000000 0.000000 0.000000 0.000000 0.000000 0.000000 0.000000
0 0.144602 0.152238 0.099422 0.132587 0.156250 0.123543 2.000000 0.000000 0.000000 0.000000 0.151562 0.116550 2.000000 0.000000 0.000000 0.000000 0.135937 0.116550 2.000000 0.151562 0.163170 2.000000 0.123438 0.172494 2.000000 0.000000 0.000000 0.000000 0.000000 0.000000 0.000000 0.000000 0.000000 0.000000 0.000000 0.000000 0.000000 0.000000 0.000000 0.000000 0.000000 0.000000 0.000000 0.000000 0.000000 0.000000 0.000000 0.000000 0.000000 0.000000 0.000000 0.000000 0.000000 0.000000 0.000000
0 0.167648 0.069406 0.084391 0.130047 0.164062 0.032634 2.000000 0.168750 0.025641 2.000000 0.159375 0.025641 2.000000 0.173437 0.034965 2.000000 0.150000 0.032634 2.000000 0.185938 0.065268 2.000000 0.139063 0.060606 2.000000 0.203125 0.100233 2.000000 0.134375 0.116550 1.000000 0.228125 0.137529 1.000000 0.000000 0.000000 0.000000 0.171875 0.142191 1.000000 0.145313 0.142191 1.000000 0.000000 0.000000 0.000000 0.000000 0.000000 0.000000 0.000000 0.000000 0.000000 0.000000 0.000000 0.000000
0 0.031586 0.095221 0.060422 0.136270 0.050000 0.062937 2.000000 0.000000 0.000000 0.000000 0.045312 0.060606 2.000000 0.000000 0.000000 0.000000 0.032813 0.067599 2.000000 0.046875 0.081585 2.000000 0.004687 0.093240 2.000000 0.000000 0.000000 0.000000 0.009375 0.123543 2.000000 0.000000 0.000000 0.000000 0.029687 0.125874 2.000000 0.000000 0.000000 0.000000 0.000000 0.000000 0.000000 0.000000 0.000000 0.000000 0.000000 0.000000 0.000000 0.000000 0.000000 0.000000 0.000000 0.000000 0.000000
0 0.755898 0.208159 0.101016 0.298695 0.746875 0.093240 2.000000 0.751563 0.083916 2.000000 0.740625 0.083916 2.000000 0.000000 0.000000 0.000000 0.000000 0.000000 0.000000 0.757812 0.118881 2.000000 0.715625 0.118881 2.000000 0.000000 0.000000 0.000000 0.000000 0.000000 0.000000 0.000000 0.000000 0.000000 0.000000 0.000000 0.000000 0.751563 0.228438 1.000000 0.731250 0.228438 1.000000 0.790625 0.275058 2.000000 0.000000 0.000000 0.000000 0.768750 0.358974 1.000000 0.000000 0.000000 0.000000
0 0.702805 0.248741 0.120234 0.258974 0.692187 0.142191 2.000000 0.696875 0.137529 2.000000 0.685937 0.139860 2.000000 0.703125 0.146853 2.000000 0.681250 0.149184 2.000000 0.726562 0.188811 1.000000 0.665625 0.195804 1.000000 0.742188 0.244755 1.000000 0.654687 0.251748 2.000000 0.000000 0.000000 0.000000 0.660937 0.279720 1.000000 0.712500 0.305361 2.000000 0.681250 0.305361 2.000000 0.754687 0.317016 2.000000 0.687500 0.372960 2.000000 0.000000 0.000000 0.000000 0.000000 0.000000 0.000000
