0 0.872323 0.085828 0.109729 0.171594 0.904167 0.039062 2.000000 0.908333 0.034375 2.000000 0.897917 0.032813 2.000000 0.000000 0.000000 0.000000 0.879167 0.029687 2.000000 0.910417 0.062500 2.000000 0.860417 0.054688 2.000000 0.918750 0.109375 1.000000 0.833333 0.103125 2.000000 0.000000 0.000000 0.000000 0.835417 0.148438 2.000000 0.889583 0.159375 1.000000 0.860417 0.160938 2.000000 0.000000 0.000000 0.000000 0.000000 0.000000 0.000000 0.000000 0.000000 0.000000 0.000000 0.000000 0.000000
0 0.228542 0.138156 0.088292 0.231438 0.189583 0.060937 2.000000 0.193750 0.051562 2.000000 0.000000 0.000000 0.000000 0.233333 0.050000 1.000000 0.000000 0.000000 0.000000 0.268750 0.095312 1.000000 0.212500 0.104688 2.000000 0.258333 0.131250 1.000000 0.202083 0.171875 2.000000 0.195833 0.159375 2.000000 0.212500 0.217188 2.000000 0.252083 0.214062 1.000000 0.220833 0.212500 2.000000 0.000000 0.000000 0.000000 0.000000 0.000000 0.000000 0.000000 0.000000 0.000000 0.000000 0.000000 0.000000
0 0.554469 0.095977 0.080604 0.162328 0.581250 0.042188 2.000000 0.000000 0.000000 0.000000 0.000000 0.000000 0.000000 0.545833 0.043750 2.000000 0.000000 0.000000 0.000000 0.547917 0.073438 2.000000 0.600000 0.075000 1.000000 0.522917 0.123438 2.000000 0.000000 0.000000 0.000000 0.000000 0.000000 0.000000 0.000000 0.000000 0.000000 0.543750 0.153125 2.000000 0.000000 0.000000 0.000000 0.000000 0.000000 0.000000 0.000000 0.000000 0.000000 0.000000 0.000000 0.000000 0.000000 0.000000 0.000000
0 0.459208 0.115609 0.113042 0.188188 0.425000 0.060937 2.000000 0.435417 0.054688 2.000000 0.000000 0.000000 0.000000 0.464583 0.060937 2.000000 0.000000 0.000000 0.000000 0.452083 0.110937 2.000000 0.495833 0.101562 2.000000 0.433333 0.184375 2.000000 0.000000 0.000000 0.000000 0.408333 0.221875 1.000000 0.000000 0.000000 0.000000 0.454167 0.207813 1.000000 0.479167 0.196875 1.000000 0.000000 0.000000 0.000000 0.000000 0.000000 0.000000 0.000000 0.000000 0.000000 0.000000 0.000000 0.000000
0 0.086177 0.316773 0.172354 0.307141 0.000000 0.000000 0.000000 0.000000 0.000000 0.000000 0.000000 0.000000 0.000000 0.000000 0.000000 0.000000 0.000000 0.000000 0.000000 0.000000 0.000000 0.000000 0.000000 0.000000 0.000000 0.000000 0.000000 0.000000 0.000000 0.000000 0.000000 0.097917 0.237500 2.000000 0.000000 0.000000 0.000000 0.000000 0.000000 0.000000 0.000000 0.000000 0.000000 0.000000 0.000000 0.000000 0.000000 0.000000 0.000000 0.000000 0.000000 0.000000 0.000000 0.000000 0.000000
0 0.297063 0.156852 0.197667 0.313703 0.210417 0.039062 1.000000 0.214583 0.025000 2.000000 0.000000 0.000000 0.000000 0.256250 0.018750 2.000000 0.000000 0.000000 0.000000 0.325000 0.096875 1.000000 0.266667 0.092188 2.000000 0.341667 0.207813 1.000000 0.000000 0.000000 0.000000 0.287500 0.281250 1.000000 0.000000 0.000000 0.000000 0.325000 0.278125 2.000000 0.277083 0.260937 1.000000 0.000000 0.000000 0.000000 0.000000 0.000000 0.000000 0.000000 0.000000 0.000000 0.000000 0.000000 0.000000
0 0.175458 0.096227 0.085042 0.186359 0.162500 0.054688 2.000000 0.175000 0.045312 2.000000 0.156250 0.045312 2.000000 0.000000 0.000000 0.000000 0.000000 0.000000 0.000000 0.000000 0.000000 0.000000 0.147917 0.065625 2.000000 0.000000 0.000000 0.000000 0.135417 0.120313 1.000000 0.000000 0.000000 0.000000 0.133333 0.154688 1.000000 0.204167 0.162500 1.000000 0.160417 0.162500 2.000000 0.000000 0.000000 0.000000 0.000000 0.000000 0.000000 0.000000 0.000000 0.000000 0.000000 0.000000 0.000000
0 0.683146 0.119102 0.215750 0.238203 0.000000 0.000000 0.000000 0.000000 0.000000 0.000000 0.000000 0.000000 0.000000 0.000000 0.000000 0.000000 0.000000 0.000000 0.000000 0.608333 0.042188 2.000000 0.710417 0.040625 2.000000 0.000000 0.000000 0.000000 0.756250 0.151562 1.000000 0.000000 0.000000 0.000000 0.000000 0.000000 0.000000 0.608333 0.193750 2.000000 0.687500 0.198437 1.000000 0.000000 0.000000 0.000000 0.000000 0.000000 0.000000 0.000000 0.000000 0.000000 0.000000 0.000000 0.000000
0 0.126802 0.103617 0.064479 0.126703 0.000000 0.000000 0.000000 0.000000 0.000000 0.000000 0.000000 0.000000 0.000000 0.000000 0.000000 0.000000 0.000000 0.000000 0.000000 0.114583 0.065625 2.000000 0.168750 0.060937 1.000000 0.000000 0.000000 0.000000 0.000000 0.000000 0.000000 0.000000 0.000000 0.000000 0.000000 0.000000 0.000000 0.127083 0.134375 2.000000 0.162500 0.134375 1.000000 0.000000 0.000000 0.000000 0.000000 0.000000 0.000000 0.000000 0.000000 0.000000 0.000000 0.000000 0.000000
0 0.067531 0.116883 0.135063 0.202609 0.000000 0.000000 0.000000 0.000000 0.000000 0.000000 0.000000 0.000000 0.000000 0.018750 0.057813 2.000000 0.000000 0.000000 0.000000 0.072917 0.106250 2.000000 0.000000 0.000000 0.000000 0.112500 0.189062 2.000000 0.000000 0.000000 0.000000 0.120833 0.250000 1.000000 0.000000 0.000000 0.000000 0.068750 0.267188 1.000000 0.000000 0.271875 1.000000 0.000000 0.000000 0.000000 0.000000 0.000000 0.000000 0.000000 0.000000 0.000000 0.000000 0.000000 0.000000
