0 0.251520 0.409338 0.193725 0.315147 0.266340 0.359477 2.000000 0.272876 0.341503 2.000000 0.250000 0.349673 2.000000 0.000000 0.000000 0.000000 0.192810 0.349673 2.000000 0.251634 0.392157 2.000000 0.192810 0.421569 2.000000 0.263072 0.442810 2.000000 0.199346 0.501634 2.000000 0.302288 0.472222 2.000000 0.271242 0.545752 2.000000 0.246732 0.524510 2.000000 0.214052 0.540850 1.000000 0.000000 0.000000 0.000000 0.000000 0.000000 0.000000 0.000000 0.000000 0.000000 0.000000 0.000000 0.000000
0 0.278824 0.341168 0.156176 0.254853 0.292484 0.302288 2.000000 0.302288 0.285948 2.000000 0.281046 0.289216 1.000000 0.000000 0.000000 0.000000 0.000000 0.000000 0.000000 0.277778 0.328431 1.000000 0.254902 0.344771 1.000000 0.290850 0.380719 2.000000 0.271242 0.419935 1.000000 0.307190 0.410131 2.000000 0.300654 0.449346 2.000000 0.000000 0.000000 0.000000 0.000000 0.000000 0.000000 0.000000 0.000000 0.000000 0.000000 0.000000 0.000000 0.000000 0.000000 0.000000 0.000000 0.000000 0.000000
0 0.409673 0.268587 0.130458 0.154853 0.367647 0.248366 2.000000 0.382353 0.245098 2.000000 0.372549 0.233660 2.000000 0.421569 0.264706 2.000000 0.000000 0.000000 0.000000 0.457516 0.315359 1.000000 0.366013 0.313725 2.000000 0.000000 0.000000 0.000000 0.351307 0.362745 1.000000 0.000000 0.000000 0.000000 0.000000 0.000000 0.000000 0.000000 0.000000 0.000000 0.000000 0.000000 0.000000 0.000000 0.000000 0.000000 0.000000 0.000000 0.000000 0.000000 0.000000 0.000000 0.000000 0.000000 0.000000
0 0.569681 0.231642 0.115637 0.214755 0.581699 0.186275 2.000000 0.591503 0.181373 2.000000 0.573529 0.178105 2.000000 0.607843 0.183007 2.000000 0.557190 0.174837 2.000000 0.606209 0.212418 2.000000 0.547386 0.214052 2.000000 0.616013 0.267974 2.000000 0.521242 0.259804 2.000000 0.611111 0.318627 2.000000 0.521242 0.303922 2.000000 0.598039 0.321895 2.000000 0.555556 0.323529 2.000000 0.000000 0.000000 0.000000 0.000000 0.000000 0.000000 0.000000 0.000000 0.000000 0.000000 0.000000 0.000000
0 0.712443 0.267623 0.184690 0.241846 0.704248 0.210784 2.000000 0.718954 0.204248 2.000000 0.707516 0.194444 2.000000 0.754902 0.232026 2.000000 0.000000 0.000000 0.000000 0.787582 0.279412 1.000000 0.669935 0.264706 2.000000 0.000000 0.000000 0.000000 0.625817 0.330065 2.000000 0.000000 0.000000 0.000000 0.694444 0.346405 2.000000 0.754902 0.406863 1.000000 0.691176 0.403595 1.000000 0.000000 0.000000 0.000000 0.000000 0.000000 0.000000 0.000000 0.000000 0.000000 0.000000 0.000000 0.000000
0 0.873031 0.562925 0.240441 0.325850 0.874183 0.506536 2.000000 0.898693 0.488562 2.000000 0.864379 0.483660 2.000000 0.934641 0.488562 2.000000 0.000000 0.000000 0.000000 0.955882 0.547386 2.000000 0.843137 0.513072 2.000000 0.000000 0.000000 0.000000 0.816993 0.571895 2.000000 0.960784 0.629085 2.000000 0.792484 0.581699 2.000000 0.867647 0.712418 1.000000 0.818627 0.660131 2.000000 0.000000 0.000000 0.000000 0.000000 0.000000 0.000000 0.000000 0.000000 0.000000 0.000000 0.000000 0.000000
0 0.846544 0.444526 0.177827 0.248464 0.872549 0.397059 2.000000 0.887255 0.385621 2.000000 0.857843 0.387255 2.000000 0.000000 0.000000 0.000000 0.831699 0.400327 2.000000 0.000000 0.000000 0.000000 0.826797 0.446078 2.000000 0.000000 0.000000 0.000000 0.802288 0.496732 2.000000 0.000000 0.000000 0.000000 0.797386 0.539216 2.000000 0.000000 0.000000 0.000000 0.000000 0.000000 0.000000 0.000000 0.000000 0.000000 0.000000 0.000000 0.000000 0.000000 0.000000 0.000000 0.000000 0.000000 0.000000
0 0.109714 0.757819 0.219428 0.484363 0.050654 0.629085 2.000000 0.000000 0.000000 0.000000 0.034314 0.642157 2.000000 0.000000 0.000000 0.000000 0.000000 0.000000 0.000000 0.000000 0.000000 0.000000 0.000000 0.000000 0.000000 0.000000 0.000000 0.000000 0.093137 0.911765 2.000000 0.000000 0.000000 0.000000 0.163399 0.983660 2.000000 0.000000 0.000000 0.000000 0.000000 0.000000 0.000000 0.000000 0.000000 0.000000 0.000000 0.000000 0.000000 0.000000 0.000000 0.000000 0.000000 0.000000 0.000000
0 0.156185 0.643301 0.312369 0.560425 0.000000 0.000000 0.000000 0.000000 0.000000 0.000000 0.168301 0.472222 2.000000 0.000000 0.000000 0.000000 0.093137 0.488562 2.000000 0.142157 0.535948 2.000000 0.096405 0.622549 2.000000 0.169935 0.630719 2.000000 0.127451 0.725490 2.000000 0.220588 0.715686 2.000000 0.192810 0.805556 2.000000 0.214052 0.852941 1.000000 0.166667 0.906863 2.000000 0.000000 0.000000 0.000000 0.000000 0.000000 0.000000 0.000000 0.000000 0.000000 0.000000 0.000000 0.000000
0 0.576953 0.122181 0.199624 0.244363 0.000000 0.000000 0.000000 0.000000 0.000000 0.000000 0.000000 0.000000 0.000000 0.000000 0.000000 0.000000 0.000000 0.000000 0.000000 0.000000 0.000000 0.000000 0.000000 0.000000 0.000000 0.661765 0.026144 2.000000 0.485294 0.019608 2.000000 0.000000 0.000000 0.000000 0.000000 0.000000 0.000000 0.611111 0.120915 2.000000 0.534314 0.122549 2.000000 0.607843 0.228758 1.000000 0.532680 0.228758 1.000000 0.000000 0.000000 0.000000 0.000000 0.000000 0.000000
0 0.808219 0.394436 0.195229 0.306127 0.787582 0.330065 2.000000 0.803922 0.316993 2.000000 0.787582 0.315359 2.000000 0.856209 0.318627 2.000000 0.000000 0.000000 0.000000 0.869281 0.390523 1.000000 0.820261 0.364379 2.000000 0.810458 0.434641 1.000000 0.782680 0.403595 2.000000 0.800654 0.377451 2.000000 0.756536 0.395425 2.000000 0.846405 0.493464 1.000000 0.816993 0.468954 1.000000 0.763072 0.557190 1.000000 0.728758 0.413399 2.000000 0.000000 0.000000 0.000000 0.000000 0.000000 0.000000
0 0.461797 0.870784 0.244935 0.235948 0.000000 0.000000 0.000000 0.000000 0.000000 0.000000 0.000000 0.000000 0.000000 0.349673 0.975490 2.000000 0.568627 0.944444 2.000000 0.000000 0.000000 0.000000 0.000000 0.000000 0.000000 0.000000 0.000000 0.000000 0.000000 0.000000 0.000000 0.000000 0.000000 0.000000 0.000000 0.000000 0.000000 0.000000 0.000000 0.000000 0.000000 0.000000 0.000000 0.000000 0.000000 0.000000 0.000000 0.000000 0.000000 0.000000 0.000000 0.000000 0.000000 0.000000 0.000000
0 0.071430 0.193505 0.137663 0.387010 0.093137 0.098039 2.000000 0.102941 0.080065 2.000000 0.081699 0.076797 2.000000 0.000000 0.000000 0.000000 0.029412 0.039216 2.000000 0.109477 0.080065 2.000000 0.000000 0.000000 0.000000 0.093137 0.192810 2.000000 0.000000 0.000000 0.000000 0.058824 0.282680 2.000000 0.004902 0.343137 2.000000 0.081699 0.285948 2.000000 0.006536 0.305556 2.000000 0.132353 0.418301 1.000000 0.000000 0.000000 0.000000 0.000000 0.000000 0.000000 0.000000 0.000000 0.000000
