0 0.044125 0.519108 0.088250 0.480892 0.020313 0.333333 2.000000 0.025000 0.323944 2.000000 0.014063 0.323944 2.000000 0.000000 0.000000 0.000000 0.000000 0.333333 1.000000 0.018750 0.356808 2.000000 0.000000 0.000000 0.000000 0.054688 0.335681 2.000000 0.000000 0.000000 0.000000 0.020313 0.305164 2.000000 0.012500 0.535211 2.000000 0.029687 0.507042 2.000000 0.000000 0.000000 0.000000 0.037500 0.603286 2.000000 0.006250 0.610329 2.000000 0.039062 0.697183 2.000000 0.000000 0.000000 0.000000
0 0.363719 0.704507 0.211906 0.564038 0.000000 0.000000 0.000000 0.000000 0.000000 0.000000 0.000000 0.000000 0.000000 0.348438 0.476526 2.000000 0.000000 0.000000 0.000000 0.360938 0.542254 2.000000 0.395313 0.516432 2.000000 0.346875 0.638498 2.000000 0.410938 0.596244 2.000000 0.301563 0.673709 2.000000 0.423438 0.659624 2.000000 0.376563 0.687793 2.000000 0.404687 0.671362 2.000000 0.340625 0.814554 2.000000 0.396875 0.814554 2.000000 0.326562 0.948357 2.000000 0.446875 0.934272 2.000000
0 0.322766 0.574495 0.070500 0.439413 0.304688 0.413146 1.000000 0.307812 0.403756 2.000000 0.000000 0.000000 0.000000 0.329688 0.403756 2.000000 0.000000 0.000000 0.000000 0.340625 0.441315 1.000000 0.325000 0.434272 1.000000 0.334375 0.511737 2.000000 0.000000 0.000000 0.000000 0.315625 0.558685 2.000000 0.000000 0.000000 0.000000 0.335938 0.577465 2.000000 0.323437 0.570423 2.000000 0.353125 0.664319 1.000000 0.309375 0.654930 2.000000 0.000000 0.000000 0.000000 0.315625 0.744131 2.000000
0 0.502695 0.358803 0.084859 0.383991 0.503125 0.213615 2.000000 0.000000 0.000000 0.000000 0.500000 0.206573 2.000000 0.000000 0.000000 0.000000 0.492188 0.220657 2.000000 0.467187 0.265258 2.000000 0.496875 0.267606 2.000000 0.464062 0.312207 2.000000 0.509375 0.326291 2.000000 0.000000 0.000000 0.000000 0.514062 0.373239 2.000000 0.470313 0.377934 2.000000 0.498437 0.375587 2.000000 0.475000 0.455399 2.000000 0.509375 0.446009 2.000000 0.470313 0.532864 2.000000 0.515625 0.516432 2.000000
0 0.260469 0.479014 0.081812 0.456573 0.000000 0.000000 0.000000 0.000000 0.000000 0.000000 0.000000 0.000000 0.000000 0.000000 0.000000 0.000000 0.248438 0.295775 2.000000 0.221875 0.342723 1.000000 0.251563 0.349765 2.000000 0.000000 0.000000 0.000000 0.260937 0.415493 2.000000 0.000000 0.000000 0.000000 0.282813 0.469484 2.000000 0.229687 0.485915 1.000000 0.262500 0.485915 2.000000 0.239063 0.570423 2.000000 0.278125 0.570423 2.000000 0.248438 0.664319 2.000000 0.270313 0.680751 1.000000
0 0.297273 0.414472 0.063516 0.451667 0.320312 0.230047 2.000000 0.000000 0.000000 0.000000 0.317188 0.227700 2.000000 0.000000 0.000000 0.000000 0.301563 0.227700 2.000000 0.298438 0.272300 2.000000 0.290625 0.274648 2.000000 0.321875 0.314554 2.000000 0.290625 0.349765 2.000000 0.318750 0.262911 2.000000 0.296875 0.422535 2.000000 0.301563 0.436620 2.000000 0.298438 0.436620 2.000000 0.307812 0.523474 2.000000 0.306250 0.528169 2.000000 0.300000 0.593897 2.000000 0.292187 0.617371 2.000000
0 0.573141 0.315869 0.067687 0.385399 0.000000 0.000000 0.000000 0.000000 0.000000 0.000000 0.000000 0.000000 0.000000 0.000000 0.000000 0.000000 0.587500 0.164319 2.000000 0.565625 0.192488 2.000000 0.579688 0.197183 2.000000 0.545312 0.234742 2.000000 0.579688 0.241784 2.000000 0.000000 0.000000 0.000000 0.596875 0.286385 2.000000 0.562500 0.291080 2.000000 0.575000 0.293427 1.000000 0.573438 0.382629 2.000000 0.578125 0.389671 2.000000 0.565625 0.457746 2.000000 0.573438 0.481221 2.000000
0 0.796758 0.367195 0.109547 0.392887 0.815625 0.223005 2.000000 0.818750 0.213615 2.000000 0.809375 0.215962 2.000000 0.000000 0.000000 0.000000 0.796875 0.213615 2.000000 0.814063 0.253521 2.000000 0.789062 0.258216 2.000000 0.839063 0.272300 2.000000 0.771875 0.309859 2.000000 0.818750 0.232394 2.000000 0.790625 0.352113 2.000000 0.814063 0.354460 2.000000 0.789062 0.354460 2.000000 0.817187 0.429577 2.000000 0.787500 0.431925 2.000000 0.820312 0.516432 2.000000 0.764062 0.488263 2.000000
0 0.792961 0.192512 0.060984 0.375352 0.796875 0.035211 2.000000 0.801562 0.028169 2.000000 0.793750 0.028169 2.000000 0.000000 0.000000 0.000000 0.784375 0.032864 2.000000 0.807813 0.072770 2.000000 0.773438 0.075117 2.000000 0.818750 0.126761 2.000000 0.784375 0.136150 2.000000 0.798438 0.126761 2.000000 0.809375 0.124413 2.000000 0.804688 0.178404 1.000000 0.792188 0.180751 2.000000 0.806250 0.272300 1.000000 0.789062 0.269953 1.000000 0.804688 0.349765 1.000000 0.781250 0.354460 1.000000
0 0.214648 0.506737 0.091234 0.438216 0.243750 0.326291 2.000000 0.000000 0.000000 0.000000 0.000000 0.000000 0.000000 0.000000 0.000000 0.000000 0.231250 0.335681 2.000000 0.193750 0.363850 2.000000 0.228125 0.384977 2.000000 0.000000 0.000000 0.000000 0.239063 0.462441 2.000000 0.000000 0.000000 0.000000 0.000000 0.000000 0.000000 0.181250 0.497653 2.000000 0.212500 0.500000 2.000000 0.201563 0.586854 2.000000 0.220312 0.596244 2.000000 0.196875 0.687793 2.000000 0.220312 0.692488 2.000000
0 0.913742 0.137723 0.057797 0.266479 0.918750 0.002347 1.000000 0.000000 0.000000 0.000000 0.000000 0.000000 0.000000 0.000000 0.000000 0.000000 0.000000 0.000000 0.000000 0.890625 0.030516 1.000000 0.906250 0.032864 2.000000 0.909375 0.063380 2.000000 0.903125 0.077465 2.000000 0.923438 0.044601 2.000000 0.914062 0.119718 2.000000 0.895312 0.122066 2.000000 0.907813 0.119718 2.000000 0.895312 0.183099 2.000000 0.929688 0.169014 2.000000 0.893750 0.237089 1.000000 0.909375 0.197183 1.000000
