0 0.189055 0.355445 0.196422 0.669153 0.137500 0.093220 2.000000 0.148438 0.080508 2.000000 0.000000 0.000000 0.000000 0.181250 0.108051 2.000000 0.000000 0.000000 0.000000 0.201563 0.197034 2.000000 0.214062 0.177966 2.000000 0.160938 0.364407 2.000000 0.000000 0.000000 0.000000 0.131250 0.230932 2.000000 0.000000 0.000000 0.000000 0.215625 0.525424 2.000000 0.000000 0.000000 0.000000 0.000000 0.000000 0.000000 0.000000 0.000000 0.000000 0.000000 0.000000 0.000000 0.000000 0.000000 0.000000
0 0.350195 0.660117 0.286016 0.679767 0.360938 0.449153 2.000000 0.370312 0.423729 2.000000 0.332813 0.434322 2.000000 0.000000 0.000000 0.000000 0.278125 0.476695 2.000000 0.387500 0.599576 2.000000 0.268750 0.584746 2.000000 0.000000 0.000000 0.000000 0.268750 0.788136 2.000000 0.000000 0.000000 0.000000 0.335938 0.603814 2.000000 0.406250 0.917373 2.000000 0.301563 0.913136 2.000000 0.000000 0.000000 0.000000 0.000000 0.000000 0.000000 0.000000 0.000000 0.000000 0.000000 0.000000 0.000000
0 0.606578 0.583146 0.338094 0.788750 0.000000 0.000000 0.000000 0.000000 0.000000 0.000000 0.000000 0.000000 0.000000 0.559375 0.459746 2.000000 0.000000 0.000000 0.000000 0.617188 0.625000 2.000000 0.684375 0.538136 2.000000 0.606250 0.908898 2.000000 0.592187 0.523305 2.000000 0.514062 0.699153 2.000000 0.506250 0.358051 2.000000 0.653125 0.976695 2.000000 0.723437 0.947034 2.000000 0.000000 0.000000 0.000000 0.000000 0.000000 0.000000 0.000000 0.000000 0.000000 0.000000 0.000000 0.000000
0 0.750758 0.286515 0.348047 0.573030 0.000000 0.000000 0.000000 0.000000 0.000000 0.000000 0.000000 0.000000 0.000000 0.665625 0.086864 2.000000 0.000000 0.000000 0.000000 0.645312 0.226695 2.000000 0.800000 0.197034 2.000000 0.590625 0.360169 1.000000 0.887500 0.269068 2.000000 0.000000 0.000000 0.000000 0.820312 0.430085 1.000000 0.695312 0.572034 1.000000 0.790625 0.559322 2.000000 0.709375 0.779661 1.000000 0.806250 0.764831 1.000000 0.000000 0.000000 0.000000 0.000000 0.000000 0.000000
0 0.827195 0.128379 0.152828 0.254513 0.000000 0.000000 0.000000 0.000000 0.000000 0.000000 0.000000 0.000000 0.000000 0.779687 0.023305 2.000000 0.000000 0.000000 0.000000 0.795312 0.165254 1.000000 0.828125 0.103814 2.000000 0.000000 0.000000 0.000000 0.000000 0.000000 0.000000 0.000000 0.000000 0.000000 0.000000 0.000000 0.000000 0.000000 0.000000 0.000000 0.000000 0.000000 0.000000 0.000000 0.000000 0.000000 0.000000 0.000000 0.000000 0.000000 0.000000 0.000000 0.000000 0.000000 0.000000
0 0.057180 0.551684 0.111047 0.838199 0.000000 0.000000 0.000000 0.000000 0.000000 0.000000 0.000000 0.000000 0.000000 0.000000 0.000000 0.000000 0.031250 0.199153 2.000000 0.000000 0.000000 0.000000 0.023438 0.262712 1.000000 0.000000 0.000000 0.000000 0.043750 0.381356 1.000000 0.000000 0.000000 0.000000 0.103125 0.336864 1.000000 0.048438 0.559322 1.000000 0.028125 0.572034 1.000000 0.056250 0.703390 2.000000 0.026562 0.718220 2.000000 0.034375 0.858051 2.000000 0.007812 0.894068 2.000000
0 0.487617 0.331038 0.174641 0.662076 0.000000 0.000000 0.000000 0.448437 0.086864 2.000000 0.000000 0.000000 0.000000 0.465625 0.091102 2.000000 0.000000 0.000000 0.000000 0.485938 0.192797 2.000000 0.543750 0.175847 2.000000 0.410938 0.324153 2.000000 0.000000 0.000000 0.000000 0.000000 0.000000 0.000000 0.000000 0.000000 0.000000 0.489063 0.468220 2.000000 0.546875 0.449153 1.000000 0.453125 0.665254 1.000000 0.518750 0.663136 1.000000 0.000000 0.000000 0.000000 0.512500 0.855932 1.000000
0 0.866773 0.635953 0.182297 0.705636 0.000000 0.000000 0.000000 0.779687 0.387712 2.000000 0.000000 0.000000 0.000000 0.821875 0.389831 2.000000 0.000000 0.000000 0.000000 0.834375 0.542373 2.000000 0.882812 0.500000 2.000000 0.864062 0.726695 2.000000 0.000000 0.000000 0.000000 0.815625 0.887712 2.000000 0.000000 0.000000 0.000000 0.854688 0.866525 2.000000 0.893750 0.847458 2.000000 0.000000 0.000000 0.000000 0.000000 0.000000 0.000000 0.000000 0.000000 0.000000 0.000000 0.000000 0.000000
0 0.765148 0.675064 0.191141 0.507415 0.720313 0.457627 2.000000 0.723437 0.442797 2.000000 0.690625 0.457627 2.000000 0.000000 0.000000 0.000000 0.673438 0.504237 1.000000 0.732812 0.588983 1.000000 0.710938 0.578390 1.000000 0.000000 0.000000 0.000000 0.693750 0.747881 1.000000 0.000000 0.000000 0.000000 0.803125 0.733051 2.000000 0.715625 0.891949 1.000000 0.698438 0.894068 1.000000 0.000000 0.000000 0.000000 0.000000 0.000000 0.000000 0.000000 0.000000 0.000000 0.000000 0.000000 0.000000
0 0.104008 0.443136 0.090547 0.386102 0.000000 0.000000 0.000000 0.000000 0.000000 0.000000 0.000000 0.000000 0.000000 0.000000 0.000000 0.000000 0.000000 0.000000 0.000000 0.087500 0.279661 2.000000 0.000000 0.000000 0.000000 0.096875 0.434322 2.000000 0.000000 0.000000 0.000000 0.000000 0.000000 0.000000 0.000000 0.000000 0.000000 0.000000 0.000000 0.000000 0.000000 0.000000 0.000000 0.000000 0.000000 0.000000 0.000000 0.000000 0.000000 0.000000 0.000000 0.000000 0.000000 0.000000 0.000000
