0 0.101312 0.502238 0.160812 0.739323 0.125000 0.207424 2.000000 0.131250 0.192140 2.000000 0.118750 0.189956 2.000000 0.145313 0.185590 2.000000 0.107813 0.189956 2.000000 0.170313 0.275109 2.000000 0.071875 0.259825 2.000000 0.178125 0.388646 1.000000 0.042188 0.375546 2.000000 0.000000 0.000000 0.000000 0.042188 0.489083 2.000000 0.146875 0.467249 1.000000 0.079687 0.460699 2.000000 0.137500 0.644105 1.000000 0.067187 0.639738 1.000000 0.137500 0.788210 2.000000 0.060937 0.788210 2.000000
0 0.241227 0.305404 0.144734 0.341157 0.256250 0.207424 2.000000 0.260937 0.198690 2.000000 0.246875 0.194323 2.000000 0.275000 0.192140 2.000000 0.231250 0.194323 2.000000 0.285938 0.272926 1.000000 0.195312 0.268559 2.000000 0.296875 0.336245 2.000000 0.192188 0.338428 2.000000 0.284375 0.427948 1.000000 0.201563 0.417031 2.000000 0.000000 0.000000 0.000000 0.000000 0.000000 0.000000 0.000000 0.000000 0.000000 0.000000 0.000000 0.000000 0.000000 0.000000 0.000000 0.000000 0.000000 0.000000
0 0.137383 0.600644 0.189266 0.525349 0.159375 0.410480 2.000000 0.168750 0.401747 2.000000 0.150000 0.401747 2.000000 0.185938 0.412664 2.000000 0.139063 0.412664 2.000000 0.209375 0.493450 2.000000 0.120313 0.486900 2.000000 0.204687 0.602620 2.000000 0.089063 0.574236 2.000000 0.137500 0.655022 2.000000 0.071875 0.631004 2.000000 0.178125 0.672489 2.000000 0.128125 0.668122 2.000000 0.178125 0.825328 2.000000 0.060937 0.681223 2.000000 0.000000 0.000000 0.000000 0.117188 0.823144 2.000000
0 0.270969 0.584269 0.143125 0.543821 0.268750 0.395197 2.000000 0.276562 0.377729 2.000000 0.257812 0.382096 2.000000 0.292187 0.373362 1.000000 0.245312 0.379913 2.000000 0.323437 0.473799 2.000000 0.237500 0.473799 2.000000 0.000000 0.000000 0.000000 0.229687 0.572052 2.000000 0.000000 0.000000 0.000000 0.226562 0.624454 2.000000 0.301563 0.659389 2.000000 0.254688 0.657205 2.000000 0.300000 0.834061 2.000000 0.215625 0.696507 2.000000 0.000000 0.000000 0.000000 0.221875 0.786026 2.000000
0 0.399906 0.585295 0.146500 0.543515 0.407813 0.388646 2.000000 0.418750 0.377729 2.000000 0.398438 0.373362 2.000000 0.429688 0.384279 2.000000 0.384375 0.379913 2.000000 0.450000 0.456332 2.000000 0.362500 0.467249 2.000000 0.460938 0.558952 1.000000 0.346875 0.565502 2.000000 0.415625 0.628821 2.000000 0.337500 0.635371 2.000000 0.428125 0.628821 2.000000 0.371875 0.624454 2.000000 0.423438 0.816594 2.000000 0.339062 0.698690 2.000000 0.400000 0.764192 2.000000 0.370312 0.796943 2.000000
0 0.501742 0.670415 0.119016 0.429214 0.496875 0.521834 2.000000 0.504687 0.513100 2.000000 0.489063 0.513100 2.000000 0.520312 0.510917 2.000000 0.481250 0.510917 2.000000 0.531250 0.567686 2.000000 0.468750 0.561135 2.000000 0.532813 0.646288 2.000000 0.453125 0.620087 2.000000 0.517188 0.683406 2.000000 0.481250 0.655022 2.000000 0.510938 0.692140 2.000000 0.471875 0.703057 2.000000 0.504687 0.724891 2.000000 0.476562 0.820961 2.000000 0.512500 0.836245 2.000000 0.528125 0.788210 2.000000
0 0.605945 0.610862 0.125266 0.509629 0.600000 0.430131 2.000000 0.609375 0.421397 2.000000 0.592187 0.417031 2.000000 0.620313 0.425764 2.000000 0.576562 0.417031 1.000000 0.642188 0.508734 2.000000 0.557813 0.517467 2.000000 0.656250 0.609170 2.000000 0.553125 0.615721 1.000000 0.629687 0.652838 2.000000 0.553125 0.707424 2.000000 0.620313 0.665939 2.000000 0.579688 0.685590 2.000000 0.650000 0.687773 2.000000 0.595313 0.794760 2.000000 0.632812 0.803493 2.000000 0.000000 0.000000 0.000000
0 0.728523 0.600218 0.161172 0.531528 0.718750 0.427948 2.000000 0.731250 0.410480 2.000000 0.706250 0.410480 2.000000 0.745313 0.414847 2.000000 0.696875 0.414847 1.000000 0.757812 0.489083 2.000000 0.679688 0.493450 2.000000 0.767188 0.596070 2.000000 0.676562 0.613537 2.000000 0.745313 0.663755 2.000000 0.690625 0.720524 2.000000 0.740625 0.635371 2.000000 0.696875 0.646288 2.000000 0.787500 0.685590 2.000000 0.696875 0.827511 1.000000 0.751563 0.790393 2.000000 0.000000 0.000000 0.000000
0 0.847531 0.597871 0.161031 0.546354 0.839063 0.410480 2.000000 0.850000 0.397380 2.000000 0.829688 0.395197 2.000000 0.865625 0.401747 2.000000 0.817187 0.399563 2.000000 0.898438 0.471616 2.000000 0.781250 0.469432 2.000000 0.893750 0.591703 2.000000 0.782813 0.580786 1.000000 0.839063 0.639738 2.000000 0.853125 0.617904 2.000000 0.862500 0.652838 2.000000 0.798438 0.655022 2.000000 0.878125 0.641921 2.000000 0.000000 0.000000 0.000000 0.885938 0.820961 2.000000 0.000000 0.000000 0.000000
0 0.892687 0.462216 0.153281 0.743515 0.857812 0.168122 2.000000 0.867188 0.152838 2.000000 0.846875 0.157205 2.000000 0.889062 0.150655 2.000000 0.000000 0.000000 0.000000 0.925000 0.231441 2.000000 0.825000 0.251092 2.000000 0.945312 0.331878 2.000000 0.814063 0.358079 1.000000 0.934375 0.456332 2.000000 0.000000 0.000000 0.000000 0.914062 0.443231 2.000000 0.843750 0.445415 1.000000 0.914062 0.622271 2.000000 0.860938 0.615721 1.000000 0.917188 0.781659 2.000000 0.871875 0.772926 1.000000
0 0.345750 0.311234 0.109344 0.352817 0.337500 0.207424 2.000000 0.345313 0.189956 2.000000 0.328125 0.189956 2.000000 0.360938 0.187773 2.000000 0.312500 0.192140 1.000000 0.396875 0.281659 2.000000 0.295312 0.292576 2.000000 0.406250 0.377729 1.000000 0.304688 0.410480 1.000000 0.000000 0.000000 0.000000 0.000000 0.000000 0.000000 0.390625 0.493450 1.000000 0.317188 0.493450 1.000000 0.000000 0.000000 0.000000 0.000000 0.000000 0.000000 0.000000 0.000000 0.000000 0.000000 0.000000 0.000000
0 0.472344 0.300295 0.130906 0.381463 0.465625 0.181223 2.000000 0.470313 0.170306 2.000000 0.456250 0.168122 2.000000 0.487500 0.168122 2.000000 0.443750 0.172489 2.000000 0.514062 0.246725 2.000000 0.423438 0.253275 2.000000 0.523438 0.351528 2.000000 0.412500 0.373362 1.000000 0.523438 0.465066 2.000000 0.418750 0.467249 1.000000 0.490625 0.480349 1.000000 0.450000 0.484716 1.000000 0.000000 0.000000 0.000000 0.000000 0.000000 0.000000 0.000000 0.000000 0.000000 0.000000 0.000000 0.000000
0 0.608586 0.329880 0.161984 0.435306 0.607812 0.196507 2.000000 0.617188 0.179039 2.000000 0.598437 0.179039 2.000000 0.628125 0.179039 2.000000 0.582812 0.174672 2.000000 0.645312 0.270742 2.000000 0.557813 0.277293 2.000000 0.668750 0.379913 2.000000 0.548438 0.379913 2.000000 0.670312 0.480349 2.000000 0.537500 0.495633 2.000000 0.634375 0.475983 2.000000 0.573438 0.475983 2.000000 0.632812 0.585153 1.000000 0.570312 0.582969 1.000000 0.000000 0.000000 0.000000 0.000000 0.000000 0.000000
