0 0.777937 0.634605 0.243719 0.382526 0.673438 0.489796 2.000000 0.678125 0.482143 2.000000 0.000000 0.000000 0.000000 0.700000 0.479592 2.000000 0.000000 0.000000 0.000000 0.720313 0.512755 2.000000 0.693750 0.533163 2.000000 0.745313 0.607143 2.000000 0.728125 0.584184 2.000000 0.715625 0.640306 2.000000 0.712500 0.627551 2.000000 0.778125 0.609694 2.000000 0.743750 0.614796 2.000000 0.809375 0.729592 2.000000 0.698438 0.658163 2.000000 0.876563 0.767857 2.000000 0.706250 0.793367 2.000000
0 0.598047 0.685497 0.190688 0.301301 0.000000 0.000000 0.000000 0.000000 0.000000 0.000000 0.000000 0.000000 0.000000 0.601562 0.576531 2.000000 0.000000 0.000000 0.000000 0.600000 0.617347 2.000000 0.635938 0.607143 2.000000 0.556250 0.642857 2.000000 0.000000 0.000000 0.000000 0.521875 0.663265 2.000000 0.000000 0.000000 0.000000 0.650000 0.742347 2.000000 0.660937 0.739796 2.000000 0.581250 0.732143 2.000000 0.610938 0.714286 2.000000 0.632812 0.811224 2.000000 0.651563 0.813776 2.000000
0 0.303547 0.599209 0.215125 0.469490 0.264062 0.443878 2.000000 0.270313 0.443878 2.000000 0.000000 0.000000 0.000000 0.287500 0.454082 2.000000 0.000000 0.000000 0.000000 0.267188 0.492347 2.000000 0.304688 0.466837 2.000000 0.237500 0.454082 2.000000 0.293750 0.451531 2.000000 0.259375 0.403061 2.000000 0.282813 0.410714 2.000000 0.306250 0.625000 2.000000 0.264062 0.612245 2.000000 0.325000 0.747449 2.000000 0.223438 0.678571 2.000000 0.393750 0.767857 2.000000 0.215625 0.811224 2.000000
0 0.028500 0.470561 0.057000 0.151224 0.015625 0.436224 2.000000 0.020313 0.431122 2.000000 0.012500 0.431122 2.000000 0.025000 0.428571 2.000000 0.006250 0.428571 2.000000 0.031250 0.451531 2.000000 0.000000 0.448980 1.000000 0.037500 0.505102 2.000000 0.000000 0.000000 0.000000 0.026562 0.512755 2.000000 0.009375 0.515306 2.000000 0.000000 0.000000 0.000000 0.000000 0.000000 0.000000 0.042188 0.530612 2.000000 0.000000 0.000000 0.000000 0.000000 0.000000 0.000000 0.000000 0.000000 0.000000
0 0.200594 0.436454 0.104094 0.233878 0.221875 0.344388 2.000000 0.225000 0.336735 2.000000 0.218750 0.336735 2.000000 0.232813 0.344388 2.000000 0.210938 0.344388 1.000000 0.240625 0.385204 2.000000 0.203125 0.382653 2.000000 0.000000 0.000000 0.000000 0.187500 0.420918 2.000000 0.000000 0.000000 0.000000 0.185938 0.431122 2.000000 0.218750 0.464286 2.000000 0.189062 0.461735 2.000000 0.209375 0.477041 2.000000 0.156250 0.479592 2.000000 0.210938 0.561224 1.000000 0.170313 0.558673 1.000000
0 0.377984 0.440765 0.100844 0.224133 0.393750 0.359694 2.000000 0.398438 0.357143 2.000000 0.392188 0.354592 2.000000 0.403125 0.357143 2.000000 0.000000 0.000000 0.000000 0.410938 0.395408 2.000000 0.371875 0.382653 2.000000 0.421875 0.436224 2.000000 0.354687 0.420918 2.000000 0.420312 0.477041 2.000000 0.337500 0.451531 2.000000 0.381250 0.469388 2.000000 0.353125 0.466837 2.000000 0.381250 0.497449 2.000000 0.339062 0.497449 2.000000 0.370312 0.551020 1.000000 0.318750 0.540816 1.000000
0 0.495016 0.423559 0.127375 0.183750 0.000000 0.000000 0.000000 0.481250 0.354592 2.000000 0.475000 0.354592 2.000000 0.000000 0.000000 0.000000 0.000000 0.000000 0.000000 0.500000 0.392857 2.000000 0.462500 0.390306 2.000000 0.537500 0.408163 2.000000 0.437500 0.431122 2.000000 0.546875 0.423469 2.000000 0.450000 0.443878 2.000000 0.468750 0.461735 2.000000 0.446875 0.454082 2.000000 0.445312 0.487245 2.000000 0.446875 0.469388 2.000000 0.000000 0.000000 0.000000 0.000000 0.000000 0.000000
0 0.648141 0.451760 0.123219 0.225765 0.646875 0.364796 2.000000 0.650000 0.359694 2.000000 0.643750 0.359694 2.000000 0.000000 0.000000 0.000000 0.000000 0.000000 0.000000 0.665625 0.395408 2.000000 0.628125 0.392857 2.000000 0.698438 0.400510 1.000000 0.595313 0.410714 1.000000 0.000000 0.000000 0.000000 0.000000 0.000000 0.000000 0.643750 0.471939 2.000000 0.621875 0.469388 2.000000 0.631250 0.502551 2.000000 0.593750 0.500000 2.000000 0.632812 0.566327 1.000000 0.601562 0.563776 1.000000
0 0.797891 0.461199 0.110844 0.232806 0.807813 0.372449 2.000000 0.809375 0.367347 2.000000 0.803125 0.367347 2.000000 0.818750 0.372449 2.000000 0.000000 0.000000 0.000000 0.834375 0.408163 2.000000 0.796875 0.403061 2.000000 0.832812 0.454082 2.000000 0.789062 0.433673 2.000000 0.804688 0.469388 2.000000 0.787500 0.464286 2.000000 0.825000 0.474490 2.000000 0.800000 0.471939 2.000000 0.803125 0.497449 2.000000 0.756250 0.500000 2.000000 0.814063 0.563776 2.000000 0.743750 0.558673 1.000000
0 0.937195 0.462653 0.092266 0.224337 0.929688 0.385204 2.000000 0.934375 0.380102 2.000000 0.926562 0.380102 2.000000 0.942187 0.382653 2.000000 0.000000 0.000000 0.000000 0.953125 0.410714 2.000000 0.917188 0.413265 2.000000 0.959375 0.464286 2.000000 0.910937 0.464286 2.000000 0.931250 0.482143 2.000000 0.915625 0.477041 2.000000 0.968750 0.471939 2.000000 0.932813 0.474490 2.000000 0.956250 0.487245 2.000000 0.901563 0.487245 2.000000 0.960938 0.579082 1.000000 0.901563 0.571429 2.000000
0 0.838086 0.082755 0.064828 0.165510 0.839063 0.030612 2.000000 0.843750 0.022959 2.000000 0.835938 0.025510 2.000000 0.853125 0.025510 2.000000 0.000000 0.000000 0.000000 0.859375 0.061224 2.000000 0.829688 0.053571 2.000000 0.857812 0.109694 2.000000 0.812500 0.063776 2.000000 0.834375 0.117347 2.000000 0.815625 0.071429 2.000000 0.843750 0.130102 2.000000 0.818750 0.125000 2.000000 0.835938 0.137755 2.000000 0.000000 0.000000 0.000000 0.846875 0.183673 1.000000 0.000000 0.000000 0.000000
