0 0.399094 0.450224 0.183375 0.569200 0.432812 0.249412 2.000000 0.442188 0.237647 2.000000 0.420312 0.232941 2.000000 0.450000 0.249412 2.000000 0.395313 0.240000 2.000000 0.459375 0.360000 2.000000 0.348438 0.315294 2.000000 0.462500 0.454118 2.000000 0.354687 0.425882 2.000000 0.471875 0.527059 2.000000 0.439063 0.512941 2.000000 0.426563 0.616471 2.000000 0.359375 0.607059 2.000000 0.000000 0.000000 0.000000 0.000000 0.000000 0.000000 0.000000 0.000000 0.000000 0.000000 0.000000 0.000000
0 0.540203 0.470788 0.217875 0.519082 0.576562 0.301176 2.000000 0.590625 0.284706 2.000000 0.567187 0.284706 2.000000 0.615625 0.294118 2.000000 0.000000 0.000000 0.000000 0.626563 0.407059 2.000000 0.543750 0.367059 2.000000 0.589063 0.536471 2.000000 0.515625 0.435294 2.000000 0.504687 0.560000 2.000000 0.481250 0.515294 2.000000 0.596875 0.651765 2.000000 0.529687 0.637647 2.000000 0.000000 0.000000 0.000000 0.000000 0.000000 0.000000 0.000000 0.000000 0.000000 0.000000 0.000000 0.000000
0 0.821695 0.427718 0.109922 0.380565 0.832812 0.282353 2.000000 0.840625 0.272941 2.000000 0.826562 0.272941 2.000000 0.846875 0.282353 2.000000 0.815625 0.280000 1.000000 0.860938 0.343529 2.000000 0.793750 0.338824 2.000000 0.865625 0.430588 2.000000 0.781250 0.430588 2.000000 0.840625 0.496471 2.000000 0.803125 0.501176 2.000000 0.840625 0.503529 2.000000 0.800000 0.501176 2.000000 0.839063 0.602353 2.000000 0.798438 0.600000 1.000000 0.000000 0.000000 0.000000 0.000000 0.000000 0.000000
0 0.957094 0.500659 0.085812 0.440471 0.967187 0.336471 2.000000 0.976562 0.327059 2.000000 0.962500 0.327059 2.000000 0.985938 0.331765 2.000000 0.951562 0.324706 2.000000 0.000000 0.000000 0.000000 0.940625 0.364706 1.000000 0.000000 0.000000 0.000000 0.926562 0.432941 2.000000 0.000000 0.000000 0.000000 0.923438 0.494118 2.000000 0.978125 0.569412 2.000000 0.939063 0.567059 2.000000 0.000000 0.000000 0.000000 0.000000 0.000000 0.000000 0.000000 0.000000 0.000000 0.000000 0.000000 0.000000
0 0.224984 0.386600 0.087688 0.269953 0.214062 0.284706 2.000000 0.217188 0.280000 2.000000 0.209375 0.280000 2.000000 0.229687 0.287059 2.000000 0.000000 0.000000 0.000000 0.246875 0.334118 2.000000 0.196875 0.338824 2.000000 0.253125 0.404706 2.000000 0.192188 0.402353 2.000000 0.218750 0.456471 2.000000 0.203125 0.454118 2.000000 0.243750 0.456471 2.000000 0.200000 0.456471 2.000000 0.240625 0.548235 1.000000 0.203125 0.545882 1.000000 0.000000 0.000000 0.000000 0.000000 0.000000 0.000000
0 0.119289 0.448153 0.088484 0.343647 0.117188 0.301176 2.000000 0.121875 0.296471 2.000000 0.110937 0.298824 2.000000 0.000000 0.000000 0.000000 0.100000 0.305882 2.000000 0.140625 0.355294 2.000000 0.090625 0.362353 2.000000 0.151562 0.414118 2.000000 0.092188 0.425882 2.000000 0.137500 0.465882 2.000000 0.121875 0.472941 2.000000 0.146875 0.470588 2.000000 0.107813 0.475294 2.000000 0.000000 0.000000 0.000000 0.000000 0.000000 0.000000 0.000000 0.000000 0.000000 0.000000 0.000000 0.000000
0 0.702937 0.419176 0.078531 0.221600 0.704688 0.336471 2.000000 0.710938 0.331765 2.000000 0.701562 0.329412 2.000000 0.715625 0.341176 2.000000 0.695312 0.334118 1.000000 0.718750 0.381176 2.000000 0.681250 0.376471 2.000000 0.728125 0.418824 2.000000 0.676562 0.418824 2.000000 0.720313 0.442353 2.000000 0.685937 0.437647 2.000000 0.710938 0.470588 2.000000 0.689063 0.470588 2.000000 0.000000 0.000000 0.000000 0.000000 0.000000 0.000000 0.000000 0.000000 0.000000 0.000000 0.000000 0.000000
0 0.281898 0.384800 0.050141 0.189082 0.000000 0.000000 0.000000 0.000000 0.000000 0.000000 0.000000 0.000000 0.000000 0.273438 0.320000 2.000000 0.000000 0.000000 0.000000 0.282813 0.348235 2.000000 0.282813 0.348235 2.000000 0.292187 0.402353 2.000000 0.000000 0.000000 0.000000 0.265625 0.407059 2.000000 0.000000 0.000000 0.000000 0.000000 0.000000 0.000000 0.000000 0.000000 0.000000 0.000000 0.000000 0.000000 0.000000 0.000000 0.000000 0.000000 0.000000 0.000000 0.000000 0.000000 0.000000
0 0.650594 0.398247 0.034625 0.183271 0.000000 0.000000 0.000000 0.643750 0.324706 2.000000 0.000000 0.000000 0.000000 0.651563 0.329412 2.000000 0.000000 0.000000 0.000000 0.656250 0.357647 2.000000 0.637500 0.357647 2.000000 0.657813 0.388235 2.000000 0.000000 0.000000 0.000000 0.653125 0.404706 2.000000 0.000000 0.000000 0.000000 0.000000 0.000000 0.000000 0.000000 0.000000 0.000000 0.000000 0.000000 0.000000 0.000000 0.000000 0.000000 0.000000 0.000000 0.000000 0.000000 0.000000 0.000000
0 0.754125 0.402776 0.062437 0.234165 0.753125 0.324706 2.000000 0.756250 0.317647 2.000000 0.748437 0.322353 2.000000 0.767188 0.315294 2.000000 0.000000 0.000000 0.000000 0.776563 0.343529 2.000000 0.737500 0.345882 1.000000 0.787500 0.400000 1.000000 0.729688 0.409412 1.000000 0.768750 0.404706 2.000000 0.737500 0.383529 2.000000 0.770312 0.430588 1.000000 0.750000 0.444706 2.000000 0.770312 0.498824 1.000000 0.745313 0.498824 2.000000 0.000000 0.000000 0.000000 0.000000 0.000000 0.000000
0 0.169875 0.401953 0.071688 0.268329 0.156250 0.303529 2.000000 0.156250 0.296471 2.000000 0.000000 0.000000 0.000000 0.168750 0.291765 2.000000 0.000000 0.000000 0.000000 0.187500 0.329412 2.000000 0.156250 0.331765 2.000000 0.192188 0.371765 1.000000 0.000000 0.000000 0.000000 0.165625 0.369412 2.000000 0.000000 0.000000 0.000000 0.000000 0.000000 0.000000 0.000000 0.000000 0.000000 0.000000 0.000000 0.000000 0.000000 0.000000 0.000000 0.000000 0.000000 0.000000 0.000000 0.000000 0.000000
0 0.911977 0.470706 0.047516 0.374635 0.000000 0.000000 0.000000 0.000000 0.000000 0.000000 0.000000 0.000000 0.000000 0.000000 0.000000 0.000000 0.000000 0.000000 0.000000 0.917188 0.350588 2.000000 0.000000 0.000000 0.000000 0.909375 0.381176 2.000000 0.000000 0.000000 0.000000 0.900000 0.411765 1.000000 0.000000 0.000000 0.000000 0.918750 0.451765 2.000000 0.000000 0.000000 0.000000 0.914062 0.512941 1.000000 0.000000 0.000000 0.000000 0.909375 0.592941 2.000000 0.000000 0.000000 0.000000
