0 0.442612 0.610359 0.885224 0.750000 0.000000 0.000000 0.000000 0.000000 0.000000 0.000000 0.000000 0.000000 0.000000 0.527059 0.346875 2.000000 0.000000 0.000000 0.000000 0.395294 0.518750 2.000000 0.814118 0.482812 2.000000 0.178824 0.590625 2.000000 0.000000 0.000000 0.000000 0.355294 0.432812 2.000000 0.000000 0.000000 0.000000 0.451765 0.906250 2.000000 0.738824 0.868750 2.000000 0.216471 0.668750 2.000000 0.442353 0.573438 2.000000 0.242353 0.956250 1.000000 0.108235 0.671875 2.000000
0 0.934306 0.427266 0.131388 0.424188 0.962353 0.284375 2.000000 0.981176 0.268750 2.000000 0.000000 0.000000 0.000000 0.000000 0.000000 0.000000 0.000000 0.000000 0.000000 0.976471 0.467187 2.000000 0.000000 0.000000 0.000000 0.847059 0.614062 1.000000 0.000000 0.000000 0.000000 0.000000 0.000000 0.000000 0.000000 0.000000 0.000000 0.000000 0.000000 0.000000 0.000000 0.000000 0.000000 0.000000 0.000000 0.000000 0.000000 0.000000 0.000000 0.000000 0.000000 0.000000 0.000000 0.000000 0.000000
0 0.744071 0.172758 0.159435 0.183328 0.778824 0.118750 2.000000 0.797647 0.107813 2.000000 0.771765 0.110937 2.000000 0.811765 0.114062 1.000000 0.757647 0.121875 2.000000 0.840000 0.151562 1.000000 0.741176 0.154688 2.000000 0.807059 0.217188 1.000000 0.734118 0.196875 2.000000 0.738824 0.250000 1.000000 0.698824 0.229687 2.000000 0.000000 0.000000 0.000000 0.000000 0.000000 0.000000 0.000000 0.000000 0.000000 0.000000 0.000000 0.000000 0.000000 0.000000 0.000000 0.000000 0.000000 0.000000
0 0.512929 0.225891 0.175506 0.137781 0.430588 0.223438 2.000000 0.449412 0.212500 2.000000 0.000000 0.000000 0.000000 0.517647 0.218750 2.000000 0.000000 0.000000 0.000000 0.000000 0.000000 0.000000 0.000000 0.000000 0.000000 0.000000 0.000000 0.000000 0.000000 0.000000 0.000000 0.000000 0.000000 0.000000 0.000000 0.000000 0.000000 0.000000 0.000000 0.000000 0.000000 0.000000 0.000000 0.000000 0.000000 0.000000 0.000000 0.000000 0.000000 0.000000 0.000000 0.000000 0.000000 0.000000 0.000000
0 0.310212 0.342438 0.330212 0.441281 0.320000 0.175000 2.000000 0.336471 0.160938 2.000000 0.000000 0.000000 0.000000 0.383529 0.167187 2.000000 0.000000 0.000000 0.000000 0.341176 0.251563 2.000000 0.496471 0.239063 1.000000 0.287059 0.357812 2.000000 0.000000 0.000000 0.000000 0.324706 0.306250 2.000000 0.000000 0.000000 0.000000 0.374118 0.410938 1.000000 0.498824 0.403125 1.000000 0.192941 0.395313 2.000000 0.301176 0.359375 2.000000 0.197647 0.514062 2.000000 0.315294 0.515625 1.000000
0 0.232424 0.275320 0.188471 0.222391 0.207059 0.207813 2.000000 0.214118 0.201563 2.000000 0.204706 0.201563 2.000000 0.247059 0.201563 2.000000 0.000000 0.000000 0.000000 0.282353 0.237500 1.000000 0.200000 0.234375 2.000000 0.244706 0.278125 2.000000 0.178824 0.259375 2.000000 0.178824 0.292187 2.000000 0.162353 0.282813 2.000000 0.240000 0.315625 1.000000 0.183529 0.310937 2.000000 0.000000 0.000000 0.000000 0.000000 0.000000 0.000000 0.000000 0.000000 0.000000 0.000000 0.000000 0.000000
0 0.077718 0.255031 0.155435 0.240187 0.000000 0.000000 0.000000 0.004706 0.176563 2.000000 0.000000 0.000000 0.000000 0.056471 0.178125 2.000000 0.000000 0.000000 0.000000 0.028235 0.237500 2.000000 0.087059 0.221875 2.000000 0.000000 0.000000 0.000000 0.000000 0.000000 0.000000 0.000000 0.000000 0.000000 0.000000 0.000000 0.000000 0.028235 0.384375 1.000000 0.091765 0.368750 1.000000 0.000000 0.000000 0.000000 0.000000 0.000000 0.000000 0.000000 0.000000 0.000000 0.000000 0.000000 0.000000
0 0.656024 0.158500 0.120235 0.167594 0.600000 0.107813 2.000000 0.611765 0.103125 2.000000 0.000000 0.000000 0.000000 0.637647 0.109375 2.000000 0.000000 0.000000 0.000000 0.682353 0.139063 2.000000 0.658824 0.129688 2.000000 0.684706 0.210938 2.000000 0.644706 0.203125 2.000000 0.597647 0.223438 2.000000 0.597647 0.221875 2.000000 0.000000 0.000000 0.000000 0.000000 0.000000 0.000000 0.000000 0.000000 0.000000 0.000000 0.000000 0.000000 0.000000 0.000000 0.000000 0.000000 0.000000 0.000000
0 0.570576 0.049102 0.090612 0.097516 0.000000 0.000000 0.000000 0.000000 0.000000 0.000000 0.000000 0.000000 0.000000 0.000000 0.000000 0.000000 0.000000 0.000000 0.000000 0.595294 0.045312 2.000000 0.560000 0.043750 2.000000 0.574118 0.076563 2.000000 0.000000 0.000000 0.000000 0.548235 0.076563 2.000000 0.000000 0.000000 0.000000 0.597647 0.101562 1.000000 0.564706 0.100000 1.000000 0.000000 0.000000 0.000000 0.000000 0.000000 0.000000 0.000000 0.000000 0.000000 0.000000 0.000000 0.000000
0 0.914529 0.394773 0.170941 0.110797 0.000000 0.000000 0.000000 0.000000 0.000000 0.000000 0.000000 0.000000 0.000000 0.000000 0.000000 0.000000 0.000000 0.000000 0.000000 0.000000 0.000000 0.000000 0.788235 0.478125 1.000000 0.000000 0.000000 0.000000 0.000000 0.000000 0.000000 0.000000 0.000000 0.000000 0.000000 0.000000 0.000000 0.000000 0.000000 0.000000 0.000000 0.000000 0.000000 0.847059 0.354687 2.000000 0.000000 0.000000 0.000000 0.000000 0.000000 0.000000 0.000000 0.000000 0.000000
0 0.837482 0.165734 0.212706 0.196938 0.000000 0.000000 0.000000 0.000000 0.000000 0.000000 0.000000 0.000000 0.000000 0.816471 0.107813 2.000000 0.000000 0.000000 0.000000 0.840000 0.148438 2.000000 0.000000 0.000000 0.000000 0.802353 0.225000 2.000000 0.000000 0.000000 0.000000 0.736471 0.254688 2.000000 0.000000 0.000000 0.000000 0.823529 0.248438 2.000000 0.000000 0.000000 0.000000 0.661176 0.284375 1.000000 0.000000 0.000000 0.000000 0.000000 0.000000 0.000000 0.000000 0.000000 0.000000
0 0.861953 0.214625 0.276094 0.264562 0.974118 0.129688 2.000000 0.985882 0.118750 2.000000 0.000000 0.000000 0.000000 0.000000 0.000000 0.000000 0.000000 0.000000 0.000000 0.000000 0.000000 0.000000 0.952941 0.175000 2.000000 0.971765 0.237500 1.000000 0.910588 0.229687 2.000000 0.872941 0.276562 2.000000 0.854118 0.256250 2.000000 0.000000 0.000000 0.000000 0.894118 0.260937 2.000000 0.000000 0.000000 0.000000 0.741176 0.315625 1.000000 0.000000 0.000000 0.000000 0.000000 0.000000 0.000000
