0 0.919523 0.661035 0.160953 0.639624 0.000000 0.000000 0.000000 0.000000 0.000000 0.000000 0.000000 0.000000 0.000000 0.000000 0.000000 0.000000 0.000000 0.000000 0.000000 0.904687 0.517647 2.000000 0.000000 0.000000 0.000000 0.875000 0.672941 2.000000 0.000000 0.000000 0.000000 0.875000 0.797647 2.000000 0.000000 0.000000 0.000000 0.929688 0.832941 2.000000 0.000000 0.000000 0.000000 0.000000 0.000000 0.000000 0.000000 0.000000 0.000000 0.000000 0.000000 0.000000 0.000000 0.000000 0.000000
0 0.253766 0.678776 0.103188 0.452518 0.257812 0.487059 2.000000 0.264062 0.482353 2.000000 0.253125 0.482353 2.000000 0.271875 0.491765 2.000000 0.245312 0.491765 2.000000 0.285938 0.548235 2.000000 0.225000 0.545882 2.000000 0.293750 0.611765 2.000000 0.217188 0.609412 2.000000 0.289062 0.665882 2.000000 0.214062 0.663529 2.000000 0.268750 0.675294 2.000000 0.240625 0.675294 2.000000 0.259375 0.776471 2.000000 0.248438 0.778824 2.000000 0.265625 0.870588 2.000000 0.254688 0.856471 2.000000
0 0.678992 0.612259 0.107141 0.369694 0.679688 0.470588 2.000000 0.684375 0.465882 2.000000 0.676562 0.463529 2.000000 0.695312 0.468235 2.000000 0.000000 0.000000 0.000000 0.707812 0.505882 2.000000 0.664062 0.512941 2.000000 0.732812 0.567059 1.000000 0.651563 0.555294 2.000000 0.720313 0.534118 2.000000 0.635938 0.585882 2.000000 0.704688 0.604706 2.000000 0.673438 0.611765 2.000000 0.709375 0.684706 2.000000 0.675000 0.680000 2.000000 0.721875 0.750588 2.000000 0.668750 0.776471 2.000000
0 0.831508 0.590553 0.084797 0.280824 0.837500 0.480000 2.000000 0.840625 0.475294 2.000000 0.834375 0.475294 2.000000 0.000000 0.000000 0.000000 0.000000 0.000000 0.000000 0.857812 0.505882 2.000000 0.825000 0.505882 2.000000 0.867188 0.531765 2.000000 0.818750 0.543529 2.000000 0.862500 0.548235 2.000000 0.817187 0.569412 2.000000 0.853125 0.585882 2.000000 0.834375 0.588235 2.000000 0.856250 0.647059 1.000000 0.831250 0.640000 2.000000 0.859375 0.696471 1.000000 0.826562 0.698824 2.000000
0 0.310594 0.603976 0.072250 0.397929 0.000000 0.000000 0.000000 0.000000 0.000000 0.000000 0.000000 0.000000 0.000000 0.000000 0.000000 0.000000 0.000000 0.000000 0.000000 0.304688 0.470588 2.000000 0.309375 0.470588 2.000000 0.000000 0.000000 0.000000 0.334375 0.536471 2.000000 0.000000 0.000000 0.000000 0.000000 0.000000 0.000000 0.309375 0.597647 2.000000 0.314063 0.600000 2.000000 0.000000 0.000000 0.000000 0.310937 0.682353 2.000000 0.284375 0.752941 2.000000 0.298438 0.760000 2.000000
0 0.502531 0.688059 0.119656 0.463976 0.492188 0.505882 2.000000 0.498437 0.496471 2.000000 0.485938 0.496471 2.000000 0.506250 0.501176 2.000000 0.478125 0.503529 2.000000 0.523438 0.543529 2.000000 0.471875 0.550588 2.000000 0.556250 0.604706 2.000000 0.448437 0.609412 2.000000 0.548438 0.658824 2.000000 0.454688 0.668235 2.000000 0.520312 0.675294 2.000000 0.490625 0.675294 2.000000 0.526563 0.767059 2.000000 0.485938 0.760000 2.000000 0.529687 0.865882 2.000000 0.484375 0.870588 2.000000
0 0.384445 0.816753 0.135109 0.366494 0.370312 0.705882 2.000000 0.378125 0.696471 2.000000 0.367188 0.696471 2.000000 0.393750 0.694118 2.000000 0.000000 0.000000 0.000000 0.403125 0.736471 2.000000 0.356250 0.729412 2.000000 0.423438 0.776471 2.000000 0.340625 0.762353 2.000000 0.428125 0.816471 2.000000 0.331250 0.804706 2.000000 0.409375 0.854118 2.000000 0.376563 0.851765 2.000000 0.410938 0.910588 2.000000 0.375000 0.903529 2.000000 0.439063 0.962353 2.000000 0.381250 0.988235 2.000000
0 0.370258 0.519765 0.059766 0.211529 0.373437 0.451765 2.000000 0.000000 0.000000 0.000000 0.370312 0.449412 2.000000 0.000000 0.000000 0.000000 0.000000 0.000000 0.000000 0.364063 0.480000 2.000000 0.351562 0.484706 2.000000 0.000000 0.000000 0.000000 0.351562 0.536471 2.000000 0.000000 0.000000 0.000000 0.382812 0.541176 2.000000 0.367188 0.564706 2.000000 0.357812 0.574118 2.000000 0.000000 0.000000 0.000000 0.000000 0.000000 0.000000 0.000000 0.000000 0.000000 0.000000 0.000000 0.000000
0 0.180391 0.549318 0.076406 0.298447 0.000000 0.000000 0.000000 0.000000 0.000000 0.000000 0.000000 0.000000 0.000000 0.000000 0.000000 0.000000 0.000000 0.000000 0.000000 0.148438 0.461176 2.000000 0.179688 0.470588 2.000000 0.000000 0.000000 0.000000 0.212500 0.472941 2.000000 0.000000 0.000000 0.000000 0.203125 0.447059 2.000000 0.157812 0.555294 2.000000 0.179688 0.560000 2.000000 0.157812 0.628235 2.000000 0.178125 0.623529 2.000000 0.153125 0.682353 2.000000 0.171875 0.682353 2.000000
0 0.764156 0.628753 0.089344 0.418871 0.750000 0.461176 2.000000 0.757812 0.454118 2.000000 0.746875 0.454118 2.000000 0.765625 0.461176 2.000000 0.743750 0.461176 2.000000 0.781250 0.503529 2.000000 0.732812 0.503529 2.000000 0.809375 0.550588 1.000000 0.000000 0.000000 0.000000 0.796875 0.560000 1.000000 0.000000 0.000000 0.000000 0.773438 0.614118 2.000000 0.742188 0.616471 2.000000 0.773438 0.705882 2.000000 0.735938 0.701176 2.000000 0.773438 0.811765 2.000000 0.750000 0.807059 2.000000
0 0.071203 0.565553 0.060781 0.367482 0.082812 0.416471 2.000000 0.000000 0.000000 0.000000 0.078125 0.414118 2.000000 0.000000 0.000000 0.000000 0.065625 0.411765 2.000000 0.084375 0.449412 2.000000 0.051562 0.449412 2.000000 0.000000 0.000000 0.000000 0.050000 0.496471 2.000000 0.000000 0.000000 0.000000 0.087500 0.480000 2.000000 0.079687 0.569412 2.000000 0.060937 0.569412 2.000000 0.079687 0.651765 2.000000 0.059375 0.642353 2.000000 0.070312 0.722353 2.000000 0.046875 0.727059 2.000000
