0 0.690178 0.306925 0.116091 0.329200 0.692047 0.207500 2.000000 0.698816 0.195000 2.000000 0.686971 0.195000 2.000000 0.714044 0.197500 2.000000 0.000000 0.000000 0.000000 0.730964 0.272500 2.000000 0.649746 0.265000 2.000000 0.737733 0.370000 2.000000 0.637902 0.347500 1.000000 0.000000 0.000000 0.000000 0.000000 0.000000 0.000000 0.717428 0.447500 1.000000 0.656514 0.450000 2.000000 0.000000 0.000000 0.000000 0.000000 0.000000 0.000000 0.000000 0.000000 0.000000 0.000000 0.000000 0.000000
0 0.502673 0.466287 0.144501 0.658425 0.490694 0.197500 2.000000 0.497462 0.192500 2.000000 0.483926 0.190000 2.000000 0.510998 0.202500 2.000000 0.468697 0.205000 2.000000 0.536379 0.265000 2.000000 0.451777 0.267500 2.000000 0.565144 0.360000 2.000000 0.465313 0.370000 2.000000 0.490694 0.355000 2.000000 0.522843 0.340000 2.000000 0.541455 0.457500 2.000000 0.477157 0.460000 2.000000 0.543147 0.612500 1.000000 0.485618 0.625000 2.000000 0.539763 0.732500 1.000000 0.483926 0.740000 2.000000
0 0.383274 0.528525 0.146007 0.757300 0.370558 0.215000 2.000000 0.379019 0.202500 2.000000 0.363790 0.207500 2.000000 0.392555 0.210000 2.000000 0.353638 0.220000 2.000000 0.417936 0.292500 2.000000 0.335025 0.300000 2.000000 0.441624 0.377500 2.000000 0.335025 0.382500 2.000000 0.389171 0.362500 2.000000 0.409475 0.370000 2.000000 0.414552 0.507500 2.000000 0.367174 0.507500 2.000000 0.409475 0.652500 2.000000 0.362098 0.662500 2.000000 0.406091 0.800000 2.000000 0.357022 0.815000 2.000000
0 0.112005 0.523513 0.224010 0.849525 0.123519 0.197500 2.000000 0.131980 0.190000 2.000000 0.113367 0.185000 2.000000 0.000000 0.000000 0.000000 0.081218 0.182500 2.000000 0.142132 0.272500 2.000000 0.052453 0.275000 2.000000 0.159052 0.392500 2.000000 0.015228 0.400000 2.000000 0.179357 0.460000 2.000000 0.086294 0.492500 2.000000 0.148900 0.510000 2.000000 0.093063 0.515000 2.000000 0.164129 0.687500 2.000000 0.103215 0.685000 2.000000 0.138748 0.865000 2.000000 0.101523 0.885000 2.000000
0 0.582183 0.672475 0.198342 0.561500 0.588832 0.497500 2.000000 0.598985 0.475000 2.000000 0.578680 0.477500 2.000000 0.614213 0.475000 2.000000 0.563452 0.482500 2.000000 0.626058 0.532500 2.000000 0.529611 0.522500 2.000000 0.648054 0.657500 2.000000 0.502538 0.670000 2.000000 0.612521 0.732500 2.000000 0.553299 0.630000 2.000000 0.580372 0.710000 2.000000 0.512690 0.712500 2.000000 0.663283 0.747500 2.000000 0.546531 0.927500 1.000000 0.604061 0.870000 1.000000 0.502538 0.810000 2.000000
0 0.730313 0.650200 0.186074 0.562400 0.730964 0.455000 2.000000 0.741117 0.447500 2.000000 0.724196 0.445000 2.000000 0.000000 0.000000 0.000000 0.705584 0.450000 2.000000 0.761421 0.532500 2.000000 0.668359 0.515000 2.000000 0.783418 0.647500 2.000000 0.631134 0.592500 1.000000 0.742809 0.712500 2.000000 0.680203 0.632500 2.000000 0.700508 0.715000 2.000000 0.663283 0.715000 2.000000 0.796954 0.707500 2.000000 0.000000 0.000000 0.000000 0.766497 0.867500 2.000000 0.000000 0.000000 0.000000
0 0.858012 0.619700 0.203096 0.561550 0.808799 0.412500 2.000000 0.817259 0.397500 2.000000 0.798646 0.397500 2.000000 0.832487 0.412500 2.000000 0.790186 0.407500 2.000000 0.837563 0.495000 2.000000 0.768190 0.470000 2.000000 0.849408 0.587500 2.000000 0.749577 0.580000 1.000000 0.893401 0.625000 2.000000 0.803723 0.590000 2.000000 0.810491 0.652500 2.000000 0.756345 0.652500 1.000000 0.890017 0.660000 2.000000 0.000000 0.000000 0.000000 0.895093 0.815000 2.000000 0.000000 0.000000 0.000000
0 0.906447 0.571650 0.145685 0.522900 0.869712 0.387500 2.000000 0.878173 0.377500 2.000000 0.861252 0.377500 2.000000 0.000000 0.000000 0.000000 0.844332 0.377500 1.000000 0.891709 0.462500 2.000000 0.818951 0.457500 1.000000 0.908629 0.567500 2.000000 0.000000 0.000000 0.000000 0.920474 0.647500 2.000000 0.857868 0.582500 1.000000 0.878173 0.620000 1.000000 0.830795 0.622500 1.000000 0.961083 0.647500 2.000000 0.000000 0.000000 0.000000 0.913706 0.777500 2.000000 0.000000 0.000000 0.000000
0 0.797834 0.301950 0.101895 0.277500 0.802030 0.225000 2.000000 0.808799 0.215000 2.000000 0.798646 0.215000 2.000000 0.822335 0.217500 2.000000 0.000000 0.000000 0.000000 0.832487 0.302500 2.000000 0.763113 0.260000 2.000000 0.835871 0.382500 1.000000 0.732657 0.330000 1.000000 0.000000 0.000000 0.000000 0.000000 0.000000 0.000000 0.781726 0.425000 2.000000 0.746193 0.395000 1.000000 0.000000 0.000000 0.000000 0.000000 0.000000 0.000000 0.000000 0.000000 0.000000 0.000000 0.000000 0.000000
0 0.605262 0.330562 0.116311 0.299375 0.573604 0.237500 2.000000 0.578680 0.225000 2.000000 0.565144 0.227500 2.000000 0.000000 0.000000 0.000000 0.000000 0.000000 0.000000 0.609137 0.285000 2.000000 0.548223 0.290000 1.000000 0.656514 0.362500 2.000000 0.000000 0.000000 0.000000 0.600677 0.345000 2.000000 0.000000 0.000000 0.000000 0.000000 0.000000 0.000000 0.000000 0.000000 0.000000 0.000000 0.000000 0.000000 0.000000 0.000000 0.000000 0.000000 0.000000 0.000000 0.000000 0.000000 0.000000
