0 0.667070 0.506743 0.205922 0.842688 0.000000 0.000000 0.000000 0.000000 0.000000 0.000000 0.000000 0.000000 0.000000 0.639062 0.169492 2.000000 0.687500 0.162228 2.000000 0.603125 0.254237 2.000000 0.718750 0.263923 2.000000 0.581250 0.387409 1.000000 0.745313 0.411622 1.000000 0.000000 0.000000 0.000000 0.737500 0.443099 1.000000 0.629687 0.486683 2.000000 0.693750 0.489104 2.000000 0.629687 0.668281 2.000000 0.684375 0.685230 2.000000 0.628125 0.748184 2.000000 0.679688 0.903148 2.000000
0 0.482172 0.511235 0.187062 0.829201 0.496875 0.181598 2.000000 0.506250 0.162228 2.000000 0.484375 0.162228 2.000000 0.000000 0.000000 0.000000 0.468750 0.159806 1.000000 0.546875 0.239709 1.000000 0.434375 0.232446 1.000000 0.562500 0.336562 2.000000 0.407813 0.353511 2.000000 0.000000 0.000000 0.000000 0.398438 0.384988 1.000000 0.510938 0.457627 2.000000 0.450000 0.457627 2.000000 0.493750 0.685230 2.000000 0.459375 0.634383 2.000000 0.479687 0.852300 2.000000 0.462500 0.842615 2.000000
0 0.301898 0.496174 0.221703 0.876077 0.000000 0.000000 0.000000 0.000000 0.000000 0.000000 0.000000 0.000000 0.000000 0.000000 0.000000 0.000000 0.000000 0.000000 0.000000 0.239063 0.222760 2.000000 0.342187 0.225182 2.000000 0.203125 0.377724 2.000000 0.367188 0.353511 2.000000 0.207813 0.469734 2.000000 0.400000 0.377724 2.000000 0.254688 0.421308 2.000000 0.323437 0.421308 2.000000 0.242188 0.723971 2.000000 0.301563 0.709443 2.000000 0.254688 0.694915 2.000000 0.287500 0.886199 2.000000
0 0.113445 0.515981 0.220984 0.940630 0.000000 0.000000 0.000000 0.000000 0.000000 0.000000 0.000000 0.000000 0.000000 0.068750 0.118644 2.000000 0.126562 0.121065 2.000000 0.037500 0.222760 2.000000 0.165625 0.227603 2.000000 0.000000 0.000000 0.000000 0.200000 0.348668 2.000000 0.000000 0.000000 0.000000 0.000000 0.000000 0.000000 0.071875 0.484262 2.000000 0.140625 0.486683 2.000000 0.051562 0.707022 2.000000 0.140625 0.702179 2.000000 0.039062 0.951574 2.000000 0.173437 0.849879 2.000000
0 0.781453 0.147990 0.094781 0.133075 0.809375 0.152542 2.000000 0.812500 0.140436 2.000000 0.801562 0.138015 2.000000 0.000000 0.000000 0.000000 0.779687 0.145278 2.000000 0.810937 0.191283 2.000000 0.760938 0.188862 2.000000 0.000000 0.000000 0.000000 0.000000 0.000000 0.000000 0.804688 0.203390 2.000000 0.000000 0.000000 0.000000 0.000000 0.000000 0.000000 0.000000 0.000000 0.000000 0.000000 0.000000 0.000000 0.000000 0.000000 0.000000 0.000000 0.000000 0.000000 0.000000 0.000000 0.000000
0 0.874211 0.151320 0.124766 0.127288 0.875000 0.147700 2.000000 0.884375 0.135593 2.000000 0.868750 0.135593 2.000000 0.901563 0.145278 2.000000 0.000000 0.000000 0.000000 0.918750 0.196126 2.000000 0.845313 0.191283 2.000000 0.000000 0.000000 0.000000 0.000000 0.000000 0.000000 0.000000 0.000000 0.000000 0.000000 0.000000 0.000000 0.000000 0.000000 0.000000 0.000000 0.000000 0.000000 0.000000 0.000000 0.000000 0.000000 0.000000 0.000000 0.000000 0.000000 0.000000 0.000000 0.000000 0.000000
0 0.601297 0.103983 0.076969 0.207966 0.614062 0.060533 2.000000 0.621875 0.053269 2.000000 0.607812 0.053269 2.000000 0.632812 0.070218 2.000000 0.595313 0.060533 2.000000 0.645312 0.121065 1.000000 0.578125 0.118644 2.000000 0.000000 0.000000 0.000000 0.600000 0.176755 2.000000 0.632812 0.157385 2.000000 0.000000 0.000000 0.000000 0.000000 0.000000 0.000000 0.000000 0.000000 0.000000 0.000000 0.000000 0.000000 0.000000 0.000000 0.000000 0.000000 0.000000 0.000000 0.000000 0.000000 0.000000
0 0.923867 0.578935 0.152266 0.620581 0.935937 0.338983 2.000000 0.942187 0.329298 2.000000 0.928125 0.329298 2.000000 0.953125 0.329298 2.000000 0.918750 0.336562 2.000000 0.984375 0.414044 2.000000 0.898438 0.416465 2.000000 0.000000 0.000000 0.000000 0.873437 0.501211 2.000000 0.989062 0.515738 2.000000 0.862500 0.583535 2.000000 0.964063 0.622276 2.000000 0.904687 0.617433 2.000000 0.956250 0.750605 2.000000 0.898438 0.748184 2.000000 0.951562 0.898305 1.000000 0.889062 0.893462 1.000000
0 0.785250 0.651308 0.143562 0.489879 0.782813 0.457627 2.000000 0.792188 0.450363 2.000000 0.776563 0.450363 2.000000 0.806250 0.462470 2.000000 0.768750 0.464891 2.000000 0.842187 0.544794 2.000000 0.734375 0.530266 2.000000 0.871875 0.627119 1.000000 0.704688 0.617433 1.000000 0.845313 0.682809 2.000000 0.717187 0.687651 2.000000 0.812500 0.743341 2.000000 0.745313 0.743341 2.000000 0.000000 0.000000 0.000000 0.000000 0.000000 0.000000 0.000000 0.000000 0.000000 0.000000 0.000000 0.000000
0 0.574258 0.643826 0.072516 0.483148 0.000000 0.000000 0.000000 0.000000 0.000000 0.000000 0.000000 0.000000 0.000000 0.000000 0.000000 0.000000 0.585938 0.460048 2.000000 0.643750 0.535109 1.000000 0.559375 0.537530 2.000000 0.667188 0.641646 1.000000 0.550000 0.656174 2.000000 0.664062 0.719128 1.000000 0.543750 0.755448 2.000000 0.648438 0.723971 1.000000 0.587500 0.726392 2.000000 0.000000 0.000000 0.000000 0.000000 0.000000 0.000000 0.000000 0.000000 0.000000 0.000000 0.000000 0.000000
0 0.968719 0.149007 0.060406 0.135012 0.996875 0.133172 2.000000 0.000000 0.000000 0.000000 0.990625 0.128329 2.000000 0.000000 0.000000 0.000000 0.970313 0.135593 2.000000 0.000000 0.000000 0.000000 0.954688 0.203390 2.000000 0.000000 0.000000 0.000000 0.000000 0.000000 0.000000 0.000000 0.000000 0.000000 0.000000 0.000000 0.000000 0.000000 0.000000 0.000000 0.000000 0.000000 0.000000 0.000000 0.000000 0.000000 0.000000 0.000000 0.000000 0.000000 0.000000 0.000000 0.000000 0.000000 0.000000
0 0.858594 0.646199 0.068781 0.484504 0.862500 0.472155 2.000000 0.867188 0.460048 2.000000 0.854688 0.460048 2.000000 0.000000 0.000000 0.000000 0.839063 0.460048 2.000000 0.000000 0.000000 0.000000 0.814063 0.523002 1.000000 0.000000 0.000000 0.000000 0.000000 0.000000 0.000000 0.000000 0.000000 0.000000 0.000000 0.000000 0.000000 0.884375 0.697337 2.000000 0.843750 0.697337 1.000000 0.895312 0.845036 1.000000 0.832812 0.854722 2.000000 0.000000 0.000000 0.000000 0.000000 0.000000 0.000000
