0 0.367522 0.688866 0.130243 0.261296 0.361739 0.608796 2.000000 0.366957 0.601852 2.000000 0.354783 0.601852 2.000000 0.375652 0.599537 2.000000 0.340870 0.601852 2.000000 0.389565 0.636574 2.000000 0.328696 0.638889 2.000000 0.417391 0.678241 2.000000 0.320000 0.701389 2.000000 0.400000 0.745370 2.000000 0.351304 0.752315 2.000000 0.377391 0.733796 2.000000 0.344348 0.733796 2.000000 0.422609 0.722222 2.000000 0.314783 0.733796 2.000000 0.351304 0.791667 2.000000 0.377391 0.798611 2.000000
0 0.864426 0.557303 0.141826 0.480903 0.852174 0.361111 2.000000 0.860870 0.351852 2.000000 0.845217 0.356481 2.000000 0.873043 0.351852 2.000000 0.838261 0.358796 2.000000 0.888696 0.398148 2.000000 0.831304 0.402778 2.000000 0.914783 0.476852 2.000000 0.808696 0.486111 2.000000 0.909565 0.548611 2.000000 0.810435 0.546296 2.000000 0.876522 0.506944 2.000000 0.840000 0.509259 2.000000 0.885217 0.636574 2.000000 0.840000 0.636574 2.000000 0.895652 0.745370 2.000000 0.848696 0.738426 2.000000
0 0.615487 0.690903 0.129791 0.264676 0.629565 0.608796 2.000000 0.634783 0.601852 2.000000 0.622609 0.601852 2.000000 0.000000 0.000000 0.000000 0.608696 0.599537 2.000000 0.652174 0.631944 2.000000 0.596522 0.631944 2.000000 0.671304 0.673611 2.000000 0.566957 0.678241 2.000000 0.629565 0.712963 2.000000 0.593043 0.719907 2.000000 0.641739 0.761574 2.000000 0.608696 0.759259 2.000000 0.657391 0.708333 2.000000 0.573913 0.715278 2.000000 0.624348 0.791667 2.000000 0.627826 0.791667 2.000000
0 0.681678 0.565475 0.098730 0.186319 0.680000 0.520833 2.000000 0.685217 0.511574 2.000000 0.674783 0.513889 2.000000 0.697391 0.511574 2.000000 0.666087 0.516204 2.000000 0.716522 0.557870 2.000000 0.652174 0.553241 2.000000 0.723478 0.618056 2.000000 0.000000 0.000000 0.000000 0.000000 0.000000 0.000000 0.000000 0.000000 0.000000 0.000000 0.000000 0.000000 0.000000 0.000000 0.000000 0.000000 0.000000 0.000000 0.000000 0.000000 0.000000 0.000000 0.000000 0.000000 0.000000 0.000000 0.000000
0 0.758887 0.692326 0.153983 0.250810 0.749565 0.615741 2.000000 0.756522 0.606481 2.000000 0.742609 0.608796 2.000000 0.765217 0.606481 2.000000 0.732174 0.608796 2.000000 0.784348 0.638889 2.000000 0.714783 0.641204 2.000000 0.819130 0.696759 2.000000 0.697391 0.701389 2.000000 0.787826 0.750000 2.000000 0.714783 0.750000 2.000000 0.784348 0.733796 2.000000 0.733913 0.738426 2.000000 0.826087 0.726852 2.000000 0.695652 0.743056 2.000000 0.742609 0.803241 2.000000 0.789565 0.789352 2.000000
0 0.771670 0.466528 0.097670 0.312778 0.765217 0.358796 2.000000 0.770435 0.347222 2.000000 0.760000 0.349537 2.000000 0.782609 0.344907 2.000000 0.753043 0.351852 2.000000 0.794783 0.386574 2.000000 0.747826 0.400463 2.000000 0.780870 0.462963 2.000000 0.730435 0.469907 2.000000 0.751304 0.451389 2.000000 0.761739 0.469907 2.000000 0.784348 0.495370 2.000000 0.751304 0.493056 2.000000 0.758261 0.604167 1.000000 0.739130 0.594907 1.000000 0.000000 0.000000 0.000000 0.000000 0.000000 0.000000
0 0.489678 0.681169 0.123739 0.232940 0.492174 0.599537 2.000000 0.497391 0.592593 2.000000 0.485217 0.592593 2.000000 0.507826 0.594907 2.000000 0.474783 0.597222 1.000000 0.523478 0.634259 2.000000 0.460870 0.634259 2.000000 0.532174 0.696759 2.000000 0.443478 0.694444 2.000000 0.497391 0.743056 2.000000 0.467826 0.740741 2.000000 0.511304 0.759259 2.000000 0.474783 0.759259 2.000000 0.544348 0.731481 2.000000 0.434783 0.733796 2.000000 0.471304 0.787037 2.000000 0.504348 0.784722 1.000000
0 0.623139 0.435903 0.092643 0.225000 0.610435 0.361111 2.000000 0.617391 0.354167 2.000000 0.605217 0.356481 2.000000 0.624348 0.358796 2.000000 0.598261 0.361111 2.000000 0.648696 0.400463 2.000000 0.586087 0.409722 2.000000 0.660870 0.486111 2.000000 0.586087 0.479167 2.000000 0.000000 0.000000 0.000000 0.000000 0.000000 0.000000 0.640000 0.511574 2.000000 0.603478 0.511574 1.000000 0.000000 0.000000 0.000000 0.000000 0.000000 0.000000 0.000000 0.000000 0.000000 0.000000 0.000000 0.000000
0 0.083861 0.557176 0.112000 0.446713 0.097391 0.375000 2.000000 0.102609 0.368056 2.000000 0.090435 0.368056 2.000000 0.107826 0.370370 2.000000 0.076522 0.372685 2.000000 0.114783 0.421296 2.000000 0.055652 0.409722 2.000000 0.121739 0.476852 2.000000 0.034783 0.490741 2.000000 0.126957 0.516204 2.000000 0.038261 0.539352 2.000000 0.102609 0.576389 2.000000 0.069565 0.569444 2.000000 0.097391 0.636574 2.000000 0.071304 0.643519 2.000000 0.093913 0.733796 2.000000 0.074783 0.736111 2.000000
0 0.188452 0.546169 0.117739 0.425995 0.175652 0.370370 2.000000 0.180870 0.363426 2.000000 0.168696 0.365741 2.000000 0.187826 0.365741 2.000000 0.156522 0.370370 2.000000 0.205217 0.418981 2.000000 0.149565 0.425926 2.000000 0.222609 0.483796 2.000000 0.139130 0.497685 2.000000 0.227826 0.539352 2.000000 0.153043 0.550926 2.000000 0.206957 0.532407 2.000000 0.165217 0.532407 2.000000 0.206957 0.625000 2.000000 0.166957 0.631944 2.000000 0.213913 0.719907 2.000000 0.173913 0.729167 2.000000
0 0.261600 0.526759 0.082122 0.424537 0.267826 0.356481 2.000000 0.267826 0.347222 2.000000 0.259130 0.347222 2.000000 0.278261 0.344907 1.000000 0.243478 0.347222 1.000000 0.295652 0.402778 2.000000 0.229565 0.409722 2.000000 0.300870 0.465278 2.000000 0.229565 0.490741 1.000000 0.000000 0.000000 0.000000 0.229565 0.541667 1.000000 0.286957 0.509259 2.000000 0.253913 0.516204 2.000000 0.281739 0.613426 2.000000 0.260870 0.620370 2.000000 0.292174 0.694444 2.000000 0.260870 0.689815 2.000000
0 0.346939 0.472245 0.105983 0.305463 0.344348 0.361111 2.000000 0.351304 0.351852 2.000000 0.339130 0.351852 2.000000 0.361739 0.351852 2.000000 0.332174 0.356481 2.000000 0.373913 0.395833 2.000000 0.320000 0.402778 2.000000 0.391304 0.458333 2.000000 0.307826 0.460648 2.000000 0.373913 0.509259 2.000000 0.000000 0.000000 0.000000 0.375652 0.520833 2.000000 0.335652 0.520833 2.000000 0.379130 0.597222 1.000000 0.335652 0.599537 2.000000 0.000000 0.000000 0.000000 0.000000 0.000000 0.000000
0 0.543487 0.581771 0.091426 0.181690 0.530435 0.543981 2.000000 0.533913 0.534722 2.000000 0.523478 0.534722 2.000000 0.544348 0.523148 2.000000 0.513043 0.532407 2.000000 0.561739 0.555556 2.000000 0.500870 0.564815 2.000000 0.560000 0.611111 2.000000 0.499130 0.629630 1.000000 0.513043 0.618056 1.000000 0.540870 0.634259 2.000000 0.000000 0.000000 0.000000 0.000000 0.000000 0.000000 0.000000 0.000000 0.000000 0.000000 0.000000 0.000000 0.000000 0.000000 0.000000 0.000000 0.000000 0.000000
