0 0.538477 0.524719 0.163484 0.271896 0.525000 0.508333 2.000000 0.543750 0.487500 2.000000 0.512500 0.483333 2.000000 0.573438 0.504167 2.000000 0.496875 0.500000 2.000000 0.603125 0.606250 1.000000 0.482812 0.579167 2.000000 0.000000 0.000000 0.000000 0.000000 0.000000 0.000000 0.000000 0.000000 0.000000 0.000000 0.000000 0.000000 0.000000 0.000000 0.000000 0.000000 0.000000 0.000000 0.000000 0.000000 0.000000 0.000000 0.000000 0.000000 0.000000 0.000000 0.000000 0.000000 0.000000 0.000000
0 0.518016 0.285552 0.209844 0.378229 0.485938 0.200000 2.000000 0.498437 0.179167 2.000000 0.467187 0.177083 2.000000 0.525000 0.197917 2.000000 0.445312 0.187500 2.000000 0.567187 0.335417 2.000000 0.000000 0.000000 0.000000 0.000000 0.000000 0.000000 0.000000 0.000000 0.000000 0.000000 0.000000 0.000000 0.329688 0.497917 1.000000 0.000000 0.000000 0.000000 0.000000 0.000000 0.000000 0.000000 0.000000 0.000000 0.000000 0.000000 0.000000 0.000000 0.000000 0.000000 0.000000 0.000000 0.000000
0 0.137891 0.289240 0.275781 0.578479 0.000000 0.000000 0.000000 0.000000 0.000000 0.000000 0.000000 0.000000 0.000000 0.000000 0.000000 0.000000 0.000000 0.000000 0.000000 0.170313 0.052083 2.000000 0.000000 0.000000 0.000000 0.231250 0.250000 2.000000 0.000000 0.000000 0.000000 0.273438 0.402083 1.000000 0.000000 0.000000 0.000000 0.165625 0.456250 2.000000 0.014063 0.454167 1.000000 0.000000 0.000000 0.000000 0.000000 0.000000 0.000000 0.000000 0.000000 0.000000 0.000000 0.000000 0.000000
0 0.391289 0.415833 0.123047 0.372875 0.387500 0.339583 2.000000 0.398438 0.327083 2.000000 0.378125 0.327083 2.000000 0.414062 0.337500 2.000000 0.359375 0.327083 2.000000 0.423438 0.397917 2.000000 0.342187 0.387500 2.000000 0.439063 0.470833 2.000000 0.000000 0.000000 0.000000 0.407813 0.543750 1.000000 0.000000 0.000000 0.000000 0.409375 0.512500 2.000000 0.354687 0.516667 1.000000 0.429688 0.575000 2.000000 0.376563 0.568750 1.000000 0.000000 0.000000 0.000000 0.000000 0.000000 0.000000
0 0.316516 0.496323 0.133969 0.269146 0.325000 0.458333 2.000000 0.329688 0.435417 2.000000 0.303125 0.437500 1.000000 0.000000 0.000000 0.000000 0.271875 0.466667 1.000000 0.332813 0.547917 2.000000 0.275000 0.572917 1.000000 0.000000 0.000000 0.000000 0.000000 0.000000 0.000000 0.000000 0.000000 0.000000 0.379688 0.593750 1.000000 0.000000 0.000000 0.000000 0.000000 0.000000 0.000000 0.000000 0.000000 0.000000 0.000000 0.000000 0.000000 0.000000 0.000000 0.000000 0.000000 0.000000 0.000000
0 0.300844 0.557302 0.257875 0.337062 0.312500 0.520833 2.000000 0.312500 0.500000 2.000000 0.290625 0.508333 2.000000 0.000000 0.000000 0.000000 0.220312 0.545833 2.000000 0.325000 0.641667 2.000000 0.203125 0.683333 2.000000 0.000000 0.000000 0.000000 0.000000 0.000000 0.000000 0.000000 0.000000 0.000000 0.000000 0.000000 0.000000 0.000000 0.000000 0.000000 0.000000 0.000000 0.000000 0.000000 0.000000 0.000000 0.000000 0.000000 0.000000 0.000000 0.000000 0.000000 0.000000 0.000000 0.000000
0 0.385992 0.264823 0.113141 0.213104 0.371875 0.200000 2.000000 0.384375 0.193750 2.000000 0.379688 0.189583 2.000000 0.418750 0.231250 2.000000 0.000000 0.000000 0.000000 0.409375 0.297917 1.000000 0.375000 0.287500 1.000000 0.000000 0.000000 0.000000 0.000000 0.000000 0.000000 0.000000 0.000000 0.000000 0.000000 0.000000 0.000000 0.000000 0.000000 0.000000 0.000000 0.000000 0.000000 0.000000 0.000000 0.000000 0.000000 0.000000 0.000000 0.000000 0.000000 0.000000 0.000000 0.000000 0.000000
0 0.835391 0.494385 0.329219 0.988771 0.000000 0.000000 0.000000 0.000000 0.000000 0.000000 0.000000 0.000000 0.000000 0.000000 0.000000 0.000000 0.000000 0.000000 0.000000 0.000000 0.000000 0.000000 0.784375 0.062500 2.000000 0.000000 0.000000 0.000000 0.701562 0.308333 2.000000 0.000000 0.000000 0.000000 0.709375 0.416667 2.000000 0.959375 0.602083 2.000000 0.767188 0.593750 1.000000 0.000000 0.000000 0.000000 0.000000 0.000000 0.000000 0.000000 0.000000 0.000000 0.000000 0.000000 0.000000
0 0.099727 0.587917 0.199453 0.445542 0.053125 0.579167 2.000000 0.078125 0.556250 2.000000 0.025000 0.556250 2.000000 0.131250 0.572917 2.000000 0.000000 0.000000 0.000000 0.154688 0.677083 2.000000 0.006250 0.752083 2.000000 0.221875 0.845833 1.000000 0.000000 0.000000 0.000000 0.201563 0.772917 1.000000 0.000000 0.000000 0.000000 0.000000 0.000000 0.000000 0.000000 0.000000 0.000000 0.000000 0.000000 0.000000 0.000000 0.000000 0.000000 0.000000 0.000000 0.000000 0.000000 0.000000 0.000000
0 0.155352 0.572177 0.083297 0.176021 0.000000 0.000000 0.000000 0.000000 0.000000 0.000000 0.000000 0.000000 0.000000 0.000000 0.000000 0.000000 0.000000 0.000000 0.000000 0.159375 0.597917 2.000000 0.000000 0.000000 0.000000 0.000000 0.000000 0.000000 0.000000 0.000000 0.000000 0.000000 0.000000 0.000000 0.000000 0.000000 0.000000 0.000000 0.000000 0.000000 0.000000 0.000000 0.000000 0.000000 0.000000 0.000000 0.000000 0.000000 0.000000 0.000000 0.000000 0.000000 0.000000 0.000000 0.000000
0 0.231820 0.180125 0.129922 0.359542 0.210938 0.068750 1.000000 0.220312 0.047917 2.000000 0.195312 0.047917 1.000000 0.000000 0.000000 0.000000 0.176563 0.060417 1.000000 0.254688 0.160417 2.000000 0.000000 0.000000 0.000000 0.276562 0.300000 2.000000 0.000000 0.000000 0.000000 0.000000 0.000000 0.000000 0.000000 0.000000 0.000000 0.240625 0.350000 1.000000 0.000000 0.000000 0.000000 0.000000 0.000000 0.000000 0.000000 0.000000 0.000000 0.000000 0.000000 0.000000 0.000000 0.000000 0.000000
0 0.951961 0.452156 0.096078 0.208312 0.000000 0.000000 0.000000 0.000000 0.000000 0.000000 0.000000 0.000000 0.000000 0.000000 0.000000 0.000000 0.000000 0.000000 0.000000 0.000000 0.000000 0.000000 0.000000 0.000000 0.000000 0.000000 0.000000 0.000000 0.000000 0.000000 0.000000 0.968750 0.416667 2.000000 0.000000 0.000000 0.000000 0.000000 0.000000 0.000000 0.000000 0.000000 0.000000 0.000000 0.000000 0.000000 0.000000 0.000000 0.000000 0.000000 0.000000 0.000000 0.000000 0.000000 0.000000
