0 0.202372 0.421742 0.183974 0.612109 0.274725 0.170313 2.000000 0.000000 0.000000 0.000000 0.261905 0.157812 2.000000 0.000000 0.000000 0.000000 0.217949 0.167187 2.000000 0.217949 0.231250 2.000000 0.203297 0.231250 2.000000 0.000000 0.000000 0.000000 0.155678 0.326562 2.000000 0.000000 0.000000 0.000000 0.128205 0.406250 2.000000 0.206960 0.409375 2.000000 0.195971 0.410938 2.000000 0.195971 0.537500 2.000000 0.188645 0.535937 2.000000 0.181319 0.689063 1.000000 0.168498 0.687500 2.000000
0 0.856474 0.187906 0.077271 0.187938 0.844322 0.121875 2.000000 0.849817 0.120313 2.000000 0.833333 0.120313 2.000000 0.857143 0.123438 2.000000 0.820513 0.126562 2.000000 0.862637 0.160938 2.000000 0.811355 0.160938 1.000000 0.893773 0.209375 2.000000 0.822344 0.203125 1.000000 0.831502 0.195312 1.000000 0.868132 0.193750 2.000000 0.864469 0.257812 1.000000 0.822344 0.259375 1.000000 0.847985 0.335938 1.000000 0.822344 0.332813 1.000000 0.000000 0.000000 0.000000 0.000000 0.000000 0.000000
0 0.797097 0.280953 0.143352 0.309250 0.000000 0.000000 0.000000 0.000000 0.000000 0.000000 0.000000 0.000000 0.000000 0.778388 0.154688 2.000000 0.816850 0.154688 2.000000 0.763736 0.187500 1.000000 0.829670 0.187500 2.000000 0.000000 0.000000 0.000000 0.846154 0.243750 2.000000 0.000000 0.000000 0.000000 0.857143 0.285938 2.000000 0.782051 0.281250 1.000000 0.822344 0.281250 2.000000 0.785714 0.357812 2.000000 0.820513 0.359375 2.000000 0.783883 0.432812 1.000000 0.815018 0.432812 1.000000
0 0.075742 0.312063 0.108443 0.402031 0.102564 0.145313 2.000000 0.111722 0.137500 2.000000 0.091575 0.137500 2.000000 0.124542 0.139063 2.000000 0.080586 0.139063 1.000000 0.000000 0.000000 0.000000 0.065934 0.171875 2.000000 0.000000 0.000000 0.000000 0.040293 0.235937 2.000000 0.000000 0.000000 0.000000 0.073260 0.212500 2.000000 0.000000 0.000000 0.000000 0.073260 0.285938 2.000000 0.000000 0.000000 0.000000 0.078755 0.389062 2.000000 0.000000 0.000000 0.000000 0.080586 0.478125 2.000000
0 0.557234 0.524820 0.574286 0.914984 0.432234 0.210938 2.000000 0.470696 0.187500 2.000000 0.402930 0.189062 2.000000 0.553114 0.206250 2.000000 0.000000 0.000000 0.000000 0.635531 0.312500 2.000000 0.375458 0.321875 2.000000 0.706960 0.482812 2.000000 0.364469 0.593750 2.000000 0.580586 0.321875 2.000000 0.338828 0.762500 2.000000 0.598901 0.778125 2.000000 0.382784 0.776563 2.000000 0.000000 0.000000 0.000000 0.000000 0.000000 0.000000 0.000000 0.000000 0.000000 0.000000 0.000000 0.000000
0 0.925879 0.260680 0.118535 0.310109 0.952381 0.137500 2.000000 0.959707 0.129688 2.000000 0.945055 0.128125 2.000000 0.972527 0.134375 1.000000 0.937729 0.128125 1.000000 0.974359 0.170313 1.000000 0.908425 0.167187 2.000000 0.000000 0.000000 0.000000 0.886447 0.196875 1.000000 0.000000 0.000000 0.000000 0.879121 0.235937 1.000000 0.959707 0.267188 2.000000 0.902930 0.262500 2.000000 0.956044 0.331250 2.000000 0.891941 0.326562 2.000000 0.937729 0.389062 2.000000 0.901099 0.376563 2.000000
0 0.127811 0.179547 0.117234 0.211719 0.161172 0.109375 2.000000 0.164835 0.101562 2.000000 0.148352 0.101562 2.000000 0.000000 0.000000 0.000000 0.126374 0.117188 2.000000 0.197802 0.164062 1.000000 0.104396 0.164062 2.000000 0.000000 0.000000 0.000000 0.087912 0.240625 2.000000 0.000000 0.000000 0.000000 0.082418 0.284375 1.000000 0.000000 0.000000 0.000000 0.117216 0.300000 1.000000 0.000000 0.000000 0.000000 0.000000 0.000000 0.000000 0.000000 0.000000 0.000000 0.000000 0.000000 0.000000
0 0.979295 0.186766 0.041410 0.182094 0.000000 0.000000 0.000000 0.000000 0.000000 0.000000 0.000000 0.000000 0.000000 0.000000 0.000000 0.000000 0.994505 0.121875 2.000000 0.000000 0.000000 0.000000 0.992674 0.160938 2.000000 0.000000 0.000000 0.000000 0.000000 0.000000 0.000000 0.000000 0.000000 0.000000 0.000000 0.000000 0.000000 0.000000 0.000000 0.000000 0.976190 0.239063 2.000000 0.000000 0.000000 0.000000 0.000000 0.000000 0.000000 0.000000 0.000000 0.000000 0.000000 0.000000 0.000000
0 0.024332 0.275898 0.048663 0.298953 0.000000 0.000000 0.000000 0.000000 0.000000 0.000000 0.000000 0.000000 0.000000 0.000000 0.000000 0.000000 0.000000 0.000000 0.000000 0.000000 0.000000 0.000000 0.016484 0.167187 2.000000 0.000000 0.000000 0.000000 0.023810 0.221875 1.000000 0.000000 0.000000 0.000000 0.029304 0.257812 1.000000 0.000000 0.000000 0.000000 0.005495 0.254688 2.000000 0.000000 0.000000 0.000000 0.014652 0.335938 2.000000 0.000000 0.000000 0.000000 0.007326 0.400000 2.000000
0 0.968864 0.323375 0.062271 0.267531 0.000000 0.000000 0.000000 0.000000 0.000000 0.000000 0.000000 0.000000 0.000000 0.000000 0.000000 0.000000 0.000000 0.000000 0.000000 0.000000 0.000000 0.000000 0.994505 0.212500 2.000000 0.000000 0.000000 0.000000 0.981685 0.259375 2.000000 0.000000 0.000000 0.000000 0.963370 0.295312 2.000000 0.000000 0.000000 0.000000 0.000000 0.000000 0.000000 0.000000 0.000000 0.000000 0.989011 0.362500 2.000000 0.000000 0.000000 0.000000 0.970696 0.431250 2.000000
