0 0.390687 0.776188 0.160656 0.444083 0.335938 0.633333 2.000000 0.342187 0.622917 2.000000 0.000000 0.000000 0.000000 0.368750 0.618750 2.000000 0.000000 0.000000 0.000000 0.406250 0.687500 2.000000 0.371875 0.693750 2.000000 0.431250 0.804167 2.000000 0.379688 0.810417 2.000000 0.403125 0.883333 2.000000 0.343750 0.870833 2.000000 0.435937 0.908333 2.000000 0.000000 0.000000 0.000000 0.000000 0.000000 0.000000 0.000000 0.000000 0.000000 0.000000 0.000000 0.000000 0.000000 0.000000 0.000000
0 0.219797 0.812500 0.140937 0.366875 0.187500 0.693750 1.000000 0.000000 0.000000 0.000000 0.000000 0.000000 0.000000 0.198437 0.672917 2.000000 0.000000 0.000000 0.000000 0.220312 0.722917 2.000000 0.245312 0.712500 2.000000 0.196875 0.772917 2.000000 0.000000 0.000000 0.000000 0.165625 0.762500 2.000000 0.000000 0.000000 0.000000 0.217188 0.868750 2.000000 0.237500 0.862500 2.000000 0.185938 0.972917 2.000000 0.239063 0.985417 2.000000 0.000000 0.000000 0.000000 0.000000 0.000000 0.000000
0 0.760242 0.655042 0.092109 0.244375 0.726562 0.560417 2.000000 0.726562 0.554167 2.000000 0.000000 0.000000 0.000000 0.734375 0.554167 2.000000 0.000000 0.000000 0.000000 0.745313 0.575000 2.000000 0.742188 0.579167 2.000000 0.765625 0.608333 2.000000 0.000000 0.000000 0.000000 0.753125 0.635417 2.000000 0.000000 0.000000 0.000000 0.756250 0.666667 2.000000 0.753125 0.672917 2.000000 0.771875 0.718750 2.000000 0.768750 0.720833 2.000000 0.793750 0.754167 2.000000 0.790625 0.758333 2.000000
0 0.574141 0.693281 0.064938 0.270479 0.590625 0.587500 2.000000 0.000000 0.000000 0.000000 0.590625 0.581250 2.000000 0.000000 0.000000 0.000000 0.581250 0.572917 2.000000 0.587500 0.600000 2.000000 0.556250 0.581250 2.000000 0.592187 0.629167 1.000000 0.543750 0.631250 2.000000 0.610938 0.614583 1.000000 0.557813 0.645833 2.000000 0.585938 0.681250 2.000000 0.567187 0.683333 2.000000 0.592187 0.722917 2.000000 0.570312 0.725000 2.000000 0.596875 0.768750 2.000000 0.576562 0.772917 2.000000
0 0.496508 0.708469 0.089547 0.133354 0.000000 0.000000 0.000000 0.000000 0.000000 0.000000 0.000000 0.000000 0.000000 0.000000 0.000000 0.000000 0.000000 0.000000 0.000000 0.000000 0.000000 0.000000 0.489063 0.652083 2.000000 0.000000 0.000000 0.000000 0.493750 0.681250 2.000000 0.000000 0.000000 0.000000 0.500000 0.702083 2.000000 0.454688 0.679167 2.000000 0.471875 0.679167 2.000000 0.467187 0.706250 2.000000 0.475000 0.714583 2.000000 0.000000 0.000000 0.000000 0.471875 0.752083 2.000000
0 0.667742 0.663615 0.092547 0.207063 0.632812 0.589583 2.000000 0.634375 0.585417 2.000000 0.629687 0.587500 2.000000 0.640625 0.577083 2.000000 0.000000 0.000000 0.000000 0.657813 0.585417 2.000000 0.634375 0.602083 2.000000 0.673438 0.618750 2.000000 0.639062 0.631250 2.000000 0.676562 0.641667 2.000000 0.637500 0.645833 2.000000 0.671875 0.650000 2.000000 0.656250 0.656250 2.000000 0.678125 0.697917 2.000000 0.654687 0.700000 2.000000 0.698438 0.739583 2.000000 0.667188 0.750000 2.000000
0 0.086398 0.830208 0.170234 0.333833 0.000000 0.000000 0.000000 0.000000 0.000000 0.000000 0.000000 0.000000 0.000000 0.000000 0.000000 0.000000 0.000000 0.000000 0.000000 0.000000 0.000000 0.000000 0.071875 0.720833 2.000000 0.000000 0.000000 0.000000 0.000000 0.000000 0.000000 0.000000 0.000000 0.000000 0.000000 0.000000 0.000000 0.000000 0.000000 0.000000 0.000000 0.000000 0.000000 0.000000 0.000000 0.000000 0.000000 0.000000 0.000000 0.000000 0.000000 0.000000 0.000000 0.000000 0.000000
0 0.145477 0.676823 0.104484 0.154229 0.154688 0.660417 2.000000 0.160938 0.654167 2.000000 0.000000 0.000000 0.000000 0.000000 0.000000 0.000000 0.000000 0.000000 0.000000 0.179688 0.689583 2.000000 0.148438 0.677083 2.000000 0.000000 0.000000 0.000000 0.125000 0.691667 2.000000 0.000000 0.000000 0.000000 0.106250 0.708333 2.000000 0.000000 0.000000 0.000000 0.000000 0.000000 0.000000 0.000000 0.000000 0.000000 0.000000 0.000000 0.000000 0.000000 0.000000 0.000000 0.000000 0.000000 0.000000
0 0.272375 0.743688 0.084500 0.303625 0.239063 0.643750 2.000000 0.243750 0.635417 2.000000 0.000000 0.000000 0.000000 0.257812 0.637500 2.000000 0.000000 0.000000 0.000000 0.267188 0.672917 2.000000 0.287500 0.656250 2.000000 0.000000 0.000000 0.000000 0.000000 0.000000 0.000000 0.000000 0.000000 0.000000 0.000000 0.000000 0.000000 0.267188 0.793750 1.000000 0.282813 0.783333 1.000000 0.265625 0.877083 1.000000 0.279687 0.870833 1.000000 0.000000 0.000000 0.000000 0.000000 0.000000 0.000000
0 0.889578 0.628781 0.066062 0.229021 0.867188 0.545833 2.000000 0.868750 0.539583 2.000000 0.862500 0.539583 2.000000 0.000000 0.000000 0.000000 0.000000 0.000000 0.000000 0.882812 0.560417 2.000000 0.000000 0.000000 0.000000 0.898438 0.583333 2.000000 0.000000 0.000000 0.000000 0.889062 0.608333 2.000000 0.000000 0.000000 0.000000 0.885938 0.629167 2.000000 0.870313 0.629167 2.000000 0.887500 0.681250 2.000000 0.879687 0.677083 2.000000 0.907813 0.722917 2.000000 0.901563 0.716667 2.000000
