0 0.324148 0.759417 0.311391 0.455875 0.351562 0.664583 2.000000 0.000000 0.000000 0.000000 0.345313 0.656250 2.000000 0.000000 0.000000 0.000000 0.304688 0.666667 2.000000 0.276562 0.722917 2.000000 0.214062 0.783333 2.000000 0.321875 0.806250 2.000000 0.237500 0.987500 1.000000 0.398438 0.777083 2.000000 0.370312 0.902083 2.000000 0.000000 0.000000 0.000000 0.000000 0.000000 0.000000 0.000000 0.000000 0.000000 0.000000 0.000000 0.000000 0.000000 0.000000 0.000000 0.000000 0.000000 0.000000
0 0.884836 0.751938 0.230328 0.496000 0.000000 0.000000 0.000000 0.000000 0.000000 0.000000 0.000000 0.000000 0.000000 0.807813 0.650000 2.000000 0.000000 0.000000 0.000000 0.857812 0.835417 2.000000 0.909375 0.670833 2.000000 0.000000 0.000000 0.000000 0.000000 0.000000 0.000000 0.825000 0.968750 2.000000 0.000000 0.000000 0.000000 0.000000 0.000000 0.000000 0.000000 0.000000 0.000000 0.000000 0.000000 0.000000 0.000000 0.000000 0.000000 0.000000 0.000000 0.000000 0.000000 0.000000 0.000000
0 0.114609 0.573031 0.225844 0.822479 0.140625 0.295833 2.000000 0.000000 0.000000 0.000000 0.137500 0.279167 2.000000 0.000000 0.000000 0.000000 0.110937 0.285417 2.000000 0.096875 0.389583 2.000000 0.035937 0.437500 2.000000 0.000000 0.000000 0.000000 0.087500 0.677083 2.000000 0.000000 0.000000 0.000000 0.181250 0.685417 2.000000 0.140625 0.797917 1.000000 0.073438 0.847917 2.000000 0.000000 0.000000 0.000000 0.000000 0.000000 0.000000 0.000000 0.000000 0.000000 0.000000 0.000000 0.000000
0 0.370047 0.608448 0.144719 0.330562 0.418750 0.516667 1.000000 0.428125 0.500000 1.000000 0.404687 0.500000 1.000000 0.439063 0.497917 1.000000 0.385937 0.500000 2.000000 0.440625 0.547917 1.000000 0.376563 0.575000 1.000000 0.456250 0.647917 1.000000 0.406250 0.685417 1.000000 0.484375 0.593750 1.000000 0.453125 0.614583 1.000000 0.454688 0.675000 1.000000 0.415625 0.704167 1.000000 0.000000 0.000000 0.000000 0.000000 0.000000 0.000000 0.000000 0.000000 0.000000 0.000000 0.000000 0.000000
0 0.440141 0.587323 0.149031 0.311896 0.420312 0.518750 2.000000 0.425000 0.497917 2.000000 0.406250 0.497917 2.000000 0.000000 0.000000 0.000000 0.000000 0.000000 0.000000 0.442188 0.554167 2.000000 0.381250 0.577083 2.000000 0.459375 0.652083 2.000000 0.404687 0.675000 2.000000 0.482812 0.593750 2.000000 0.448437 0.627083 2.000000 0.476562 0.689583 2.000000 0.434375 0.722917 1.000000 0.000000 0.000000 0.000000 0.000000 0.000000 0.000000 0.000000 0.000000 0.000000 0.000000 0.000000 0.000000
0 0.362531 0.372354 0.093406 0.163917 0.403125 0.352083 2.000000 0.000000 0.000000 0.000000 0.398438 0.343750 2.000000 0.000000 0.000000 0.000000 0.371875 0.343750 2.000000 0.384375 0.393750 2.000000 0.339062 0.400000 2.000000 0.000000 0.000000 0.000000 0.342187 0.487500 1.000000 0.000000 0.000000 0.000000 0.000000 0.000000 0.000000 0.000000 0.000000 0.000000 0.000000 0.000000 0.000000 0.000000 0.000000 0.000000 0.000000 0.000000 0.000000 0.000000 0.000000 0.000000 0.000000 0.000000 0.000000
0 0.544820 0.433854 0.134234 0.365417 0.521875 0.320833 2.000000 0.528125 0.306250 2.000000 0.512500 0.306250 2.000000 0.553125 0.300000 2.000000 0.000000 0.000000 0.000000 0.570312 0.360417 2.000000 0.510938 0.360417 2.000000 0.595313 0.454167 2.000000 0.484375 0.445833 2.000000 0.560937 0.447917 2.000000 0.507812 0.433333 2.000000 0.564063 0.541667 2.000000 0.515625 0.541667 2.000000 0.564063 0.664583 1.000000 0.512500 0.664583 1.000000 0.000000 0.000000 0.000000 0.000000 0.000000 0.000000
0 0.670109 0.481604 0.157906 0.319708 0.648438 0.375000 2.000000 0.657813 0.366667 2.000000 0.645312 0.370833 2.000000 0.682813 0.366667 2.000000 0.000000 0.000000 0.000000 0.709375 0.431250 2.000000 0.656250 0.441667 2.000000 0.731250 0.533333 2.000000 0.637500 0.516667 2.000000 0.715625 0.620833 2.000000 0.606250 0.562500 2.000000 0.710938 0.572917 2.000000 0.667188 0.570833 2.000000 0.000000 0.000000 0.000000 0.000000 0.000000 0.000000 0.000000 0.000000 0.000000 0.000000 0.000000 0.000000
0 0.903523 0.570021 0.144266 0.255125 0.000000 0.000000 0.000000 0.000000 0.000000 0.000000 0.000000 0.000000 0.000000 0.000000 0.000000 0.000000 0.000000 0.000000 0.000000 0.928125 0.658333 2.000000 0.870313 0.629167 1.000000 0.000000 0.000000 0.000000 0.000000 0.000000 0.000000 0.000000 0.000000 0.000000 0.000000 0.000000 0.000000 0.000000 0.000000 0.000000 0.000000 0.000000 0.000000 0.000000 0.000000 0.000000 0.000000 0.000000 0.000000 0.000000 0.000000 0.000000 0.000000 0.000000 0.000000
0 0.796852 0.579615 0.138172 0.331938 0.773438 0.477083 2.000000 0.785937 0.468750 2.000000 0.000000 0.000000 0.000000 0.820312 0.479167 2.000000 0.000000 0.000000 0.000000 0.825000 0.600000 1.000000 0.810937 0.572917 1.000000 0.000000 0.000000 0.000000 0.000000 0.000000 0.000000 0.000000 0.000000 0.000000 0.000000 0.000000 0.000000 0.000000 0.000000 0.000000 0.000000 0.000000 0.000000 0.000000 0.000000 0.000000 0.000000 0.000000 0.000000 0.000000 0.000000 0.000000 0.000000 0.000000 0.000000
