0 0.173016 0.601559 0.095781 0.375167 0.000000 0.000000 0.000000 0.000000 0.000000 0.000000 0.000000 0.000000 0.000000 0.000000 0.000000 0.000000 0.189062 0.445607 2.000000 0.146875 0.487448 2.000000 0.196875 0.489540 2.000000 0.137500 0.552301 2.000000 0.200000 0.548117 2.000000 0.165625 0.583682 2.000000 0.210938 0.598326 2.000000 0.154688 0.589958 2.000000 0.184375 0.594142 2.000000 0.162500 0.684100 2.000000 0.200000 0.692469 2.000000 0.164062 0.763598 2.000000 0.207813 0.763598 2.000000
0 0.245797 0.621004 0.085437 0.409247 0.218750 0.479079 2.000000 0.217188 0.470711 2.000000 0.000000 0.000000 0.000000 0.228125 0.449791 2.000000 0.000000 0.000000 0.000000 0.243750 0.493724 2.000000 0.267188 0.491632 2.000000 0.245312 0.552301 2.000000 0.000000 0.000000 0.000000 0.217188 0.564854 2.000000 0.000000 0.000000 0.000000 0.245312 0.612971 2.000000 0.268750 0.598326 2.000000 0.251563 0.696653 2.000000 0.260937 0.690377 2.000000 0.276562 0.786611 2.000000 0.265625 0.769874 2.000000
0 0.353656 0.580094 0.055063 0.231904 0.000000 0.000000 0.000000 0.000000 0.000000 0.000000 0.000000 0.000000 0.000000 0.345313 0.485356 2.000000 0.362500 0.495816 2.000000 0.332813 0.502092 1.000000 0.370312 0.508368 2.000000 0.000000 0.000000 0.000000 0.371875 0.543933 2.000000 0.000000 0.000000 0.000000 0.000000 0.000000 0.000000 0.332813 0.556485 2.000000 0.362500 0.558577 2.000000 0.334375 0.638075 2.000000 0.370312 0.635983 2.000000 0.348438 0.696653 1.000000 0.376563 0.698745 1.000000
0 0.421312 0.612772 0.094125 0.346590 0.000000 0.000000 0.000000 0.432812 0.470711 2.000000 0.000000 0.000000 0.000000 0.426563 0.468619 2.000000 0.000000 0.000000 0.000000 0.423438 0.497908 2.000000 0.392188 0.491632 2.000000 0.435937 0.560669 2.000000 0.376563 0.560669 1.000000 0.460938 0.612971 2.000000 0.385937 0.587866 2.000000 0.426563 0.589958 2.000000 0.398438 0.585774 2.000000 0.420312 0.675732 2.000000 0.396875 0.677824 2.000000 0.420312 0.761506 2.000000 0.403125 0.755230 2.000000
0 0.688133 0.598190 0.067141 0.289895 0.000000 0.000000 0.000000 0.000000 0.000000 0.000000 0.000000 0.000000 0.000000 0.000000 0.000000 0.000000 0.000000 0.000000 0.000000 0.679688 0.502092 2.000000 0.695312 0.491632 2.000000 0.000000 0.000000 0.000000 0.000000 0.000000 0.000000 0.000000 0.000000 0.000000 0.000000 0.000000 0.000000 0.689063 0.579498 2.000000 0.704688 0.577406 2.000000 0.681250 0.646444 2.000000 0.696875 0.642259 2.000000 0.682813 0.713389 2.000000 0.695312 0.711297 2.000000
0 0.793531 0.604111 0.077875 0.347218 0.765625 0.479079 2.000000 0.770312 0.470711 2.000000 0.000000 0.000000 0.000000 0.782813 0.460251 2.000000 0.000000 0.000000 0.000000 0.814063 0.495816 2.000000 0.775000 0.500000 2.000000 0.820312 0.550209 2.000000 0.776563 0.548117 2.000000 0.815625 0.600418 2.000000 0.778125 0.596234 2.000000 0.809375 0.598326 2.000000 0.789062 0.596234 2.000000 0.810937 0.677824 2.000000 0.789062 0.669456 2.000000 0.807813 0.744770 2.000000 0.795312 0.732218 2.000000
0 0.948281 0.652123 0.073844 0.334833 0.000000 0.000000 0.000000 0.000000 0.000000 0.000000 0.000000 0.000000 0.000000 0.942187 0.514644 2.000000 0.000000 0.000000 0.000000 0.939063 0.550209 1.000000 0.973437 0.550209 2.000000 0.923438 0.592050 1.000000 0.981250 0.598326 1.000000 0.000000 0.000000 0.000000 0.000000 0.000000 0.000000 0.940625 0.642259 2.000000 0.967187 0.642259 2.000000 0.928125 0.698745 2.000000 0.956250 0.707113 2.000000 0.937500 0.778243 1.000000 0.953125 0.774059 2.000000
0 0.045320 0.628086 0.083922 0.375293 0.070312 0.481172 2.000000 0.000000 0.000000 0.000000 0.067187 0.476987 2.000000 0.000000 0.000000 0.000000 0.045312 0.474895 2.000000 0.071875 0.510460 2.000000 0.026562 0.512552 1.000000 0.075000 0.562762 2.000000 0.010937 0.571130 2.000000 0.075000 0.600418 2.000000 0.018750 0.619247 2.000000 0.057813 0.621339 2.000000 0.032813 0.621339 2.000000 0.060937 0.705021 2.000000 0.037500 0.705021 2.000000 0.056250 0.776151 2.000000 0.025000 0.786611 2.000000
0 0.126008 0.636967 0.057266 0.277573 0.000000 0.000000 0.000000 0.000000 0.000000 0.000000 0.000000 0.000000 0.000000 0.000000 0.000000 0.000000 0.000000 0.000000 0.000000 0.140625 0.510460 1.000000 0.148438 0.510460 1.000000 0.000000 0.000000 0.000000 0.121875 0.564854 2.000000 0.000000 0.000000 0.000000 0.000000 0.000000 0.000000 0.117188 0.583682 2.000000 0.126562 0.585774 2.000000 0.131250 0.667364 2.000000 0.126562 0.665272 2.000000 0.128125 0.748954 2.000000 0.121875 0.751046 2.000000
0 0.508266 0.623274 0.097000 0.368640 0.000000 0.000000 0.000000 0.000000 0.000000 0.000000 0.000000 0.000000 0.000000 0.503125 0.474895 1.000000 0.000000 0.000000 0.000000 0.507812 0.512552 2.000000 0.548438 0.510460 1.000000 0.492188 0.579498 2.000000 0.000000 0.000000 0.000000 0.482812 0.623431 2.000000 0.000000 0.000000 0.000000 0.509375 0.612971 2.000000 0.542188 0.604603 2.000000 0.501563 0.694561 2.000000 0.537500 0.694561 2.000000 0.484375 0.784519 2.000000 0.537500 0.771967 2.000000
