0 0.249609 0.370657 0.044969 0.189793 0.254688 0.304147 2.000000 0.000000 0.000000 0.000000 0.253125 0.299539 2.000000 0.000000 0.000000 0.000000 0.245312 0.297235 2.000000 0.251563 0.311060 2.000000 0.240625 0.313364 2.000000 0.259375 0.327189 2.000000 0.245312 0.331797 2.000000 0.264062 0.336406 2.000000 0.254688 0.317972 2.000000 0.254688 0.368664 2.000000 0.243750 0.370968 2.000000 0.254688 0.412442 2.000000 0.243750 0.412442 2.000000 0.254688 0.449309 2.000000 0.243750 0.449309 2.000000
0 0.126844 0.438445 0.053062 0.224954 0.145313 0.347926 2.000000 0.000000 0.000000 0.000000 0.140625 0.345622 2.000000 0.000000 0.000000 0.000000 0.132812 0.345622 2.000000 0.117188 0.361751 2.000000 0.137500 0.368664 2.000000 0.000000 0.000000 0.000000 0.131250 0.403226 2.000000 0.000000 0.000000 0.000000 0.140625 0.403226 2.000000 0.118750 0.435484 2.000000 0.132812 0.437788 2.000000 0.123438 0.483871 2.000000 0.140625 0.479263 2.000000 0.121875 0.527650 2.000000 0.131250 0.525346 2.000000
0 0.202367 0.410035 0.051703 0.212880 0.204687 0.322581 2.000000 0.206250 0.317972 2.000000 0.203125 0.317972 2.000000 0.000000 0.000000 0.000000 0.196875 0.320276 2.000000 0.209375 0.343318 2.000000 0.190625 0.345622 2.000000 0.221875 0.343318 2.000000 0.181250 0.377880 2.000000 0.214062 0.320276 2.000000 0.193750 0.387097 2.000000 0.209375 0.405530 2.000000 0.193750 0.407834 2.000000 0.207813 0.456221 2.000000 0.192188 0.453917 2.000000 0.203125 0.493088 2.000000 0.190625 0.493088 2.000000
0 0.310438 0.351532 0.053906 0.162558 0.312500 0.290323 2.000000 0.314063 0.285714 2.000000 0.309375 0.285714 2.000000 0.320312 0.283410 2.000000 0.304688 0.285714 2.000000 0.320312 0.299539 2.000000 0.300000 0.299539 2.000000 0.331250 0.315668 2.000000 0.293750 0.317972 2.000000 0.320312 0.304147 2.000000 0.303125 0.304147 2.000000 0.317188 0.359447 2.000000 0.303125 0.359447 2.000000 0.318750 0.405530 2.000000 0.298438 0.410138 2.000000 0.000000 0.000000 0.000000 0.000000 0.000000 0.000000
0 0.898430 0.812200 0.101891 0.337673 0.873437 0.691244 1.000000 0.873437 0.684332 1.000000 0.000000 0.000000 0.000000 0.882812 0.670507 2.000000 0.000000 0.000000 0.000000 0.898438 0.702765 2.000000 0.887500 0.702765 2.000000 0.898438 0.758065 2.000000 0.885938 0.744240 2.000000 0.867188 0.746544 2.000000 0.865625 0.739631 2.000000 0.910937 0.806452 2.000000 0.887500 0.804147 2.000000 0.909375 0.868664 2.000000 0.890625 0.866359 2.000000 0.931250 0.935484 2.000000 0.904687 0.935484 2.000000
0 0.795367 0.741521 0.099641 0.312903 0.796875 0.619816 2.000000 0.801562 0.615207 2.000000 0.793750 0.612903 2.000000 0.809375 0.615207 2.000000 0.000000 0.000000 0.000000 0.817187 0.647465 2.000000 0.782813 0.640553 2.000000 0.837500 0.698157 2.000000 0.770312 0.679724 2.000000 0.821875 0.737327 2.000000 0.776563 0.711982 2.000000 0.803125 0.746544 2.000000 0.779687 0.746544 2.000000 0.804688 0.817972 2.000000 0.776563 0.820276 2.000000 0.798438 0.882488 2.000000 0.771875 0.882488 2.000000
0 0.032000 0.533710 0.064000 0.258433 0.015625 0.447005 2.000000 0.017188 0.440092 2.000000 0.010937 0.440092 2.000000 0.000000 0.000000 0.000000 0.000000 0.000000 0.000000 0.028125 0.453917 2.000000 0.004687 0.458525 2.000000 0.000000 0.000000 0.000000 0.000000 0.000000 0.000000 0.000000 0.000000 0.000000 0.000000 0.000000 0.000000 0.029687 0.529954 2.000000 0.010937 0.525346 2.000000 0.023438 0.582949 2.000000 0.015625 0.587558 2.000000 0.000000 0.000000 0.000000 0.000000 0.000000 0.000000
0 0.574172 0.931256 0.095656 0.137488 0.607812 0.903226 2.000000 0.000000 0.000000 0.000000 0.607812 0.898618 2.000000 0.000000 0.000000 0.000000 0.595313 0.903226 2.000000 0.546875 0.930876 2.000000 0.598437 0.953917 2.000000 0.000000 0.000000 0.000000 0.000000 0.000000 0.000000 0.000000 0.000000 0.000000 0.000000 0.000000 0.000000 0.000000 0.000000 0.000000 0.000000 0.000000 0.000000 0.000000 0.000000 0.000000 0.000000 0.000000 0.000000 0.000000 0.000000 0.000000 0.000000 0.000000 0.000000
0 0.699406 0.857984 0.098469 0.215553 0.671875 0.799539 1.000000 0.679688 0.790323 2.000000 0.670312 0.790323 2.000000 0.693750 0.790323 2.000000 0.000000 0.000000 0.000000 0.707812 0.820276 2.000000 0.671875 0.820276 1.000000 0.737500 0.880184 2.000000 0.657813 0.877880 2.000000 0.721875 0.933180 2.000000 0.657813 0.894009 2.000000 0.704688 0.947005 1.000000 0.000000 0.000000 0.000000 0.000000 0.000000 0.000000 0.000000 0.000000 0.000000 0.000000 0.000000 0.000000 0.000000 0.000000 0.000000
0 0.677008 0.898986 0.096516 0.198664 0.657813 0.834101 2.000000 0.665625 0.831797 2.000000 0.000000 0.000000 0.000000 0.679688 0.841014 2.000000 0.000000 0.000000 0.000000 0.693750 0.887097 2.000000 0.678125 0.877880 2.000000 0.703125 0.956221 2.000000 0.000000 0.000000 0.000000 0.000000 0.000000 0.000000 0.651563 0.979263 2.000000 0.000000 0.000000 0.000000 0.000000 0.000000 0.000000 0.000000 0.000000 0.000000 0.000000 0.000000 0.000000 0.000000 0.000000 0.000000 0.000000 0.000000 0.000000
0 0.790328 0.947051 0.079344 0.105899 0.764062 0.935484 2.000000 0.768750 0.930876 2.000000 0.000000 0.000000 0.000000 0.784375 0.935484 2.000000 0.000000 0.000000 0.000000 0.817187 0.981567 2.000000 0.767188 0.972350 2.000000 0.000000 0.000000 0.000000 0.000000 0.000000 0.000000 0.000000 0.000000 0.000000 0.000000 0.000000 0.000000 0.000000 0.000000 0.000000 0.000000 0.000000 0.000000 0.000000 0.000000 0.000000 0.000000 0.000000 0.000000 0.000000 0.000000 0.000000 0.000000 0.000000 0.000000
0 0.582203 0.851509 0.064406 0.150207 0.585938 0.824885 2.000000 0.589063 0.815668 2.000000 0.579688 0.817972 2.000000 0.000000 0.000000 0.000000 0.570312 0.817972 2.000000 0.603125 0.850230 2.000000 0.556250 0.834101 2.000000 0.595313 0.891705 1.000000 0.518750 0.831797 1.000000 0.585938 0.843318 2.000000 0.528125 0.801843 1.000000 0.592187 0.942396 1.000000 0.559375 0.935484 1.000000 0.000000 0.000000 0.000000 0.000000 0.000000 0.000000 0.000000 0.000000 0.000000 0.000000 0.000000 0.000000
