0 0.835508 0.713322 0.200766 0.573356 0.882812 0.706935 2.000000 0.000000 0.000000 0.000000 0.871875 0.695749 2.000000 0.000000 0.000000 0.000000 0.842187 0.706935 2.000000 0.856250 0.841163 2.000000 0.790625 0.798658 2.000000 0.885938 0.950783 2.000000 0.775000 0.651007 2.000000 0.000000 0.000000 0.000000 0.759375 0.516779 2.000000 0.000000 0.000000 0.000000 0.000000 0.000000 0.000000 0.000000 0.000000 0.000000 0.000000 0.000000 0.000000 0.000000 0.000000 0.000000 0.000000 0.000000 0.000000
0 0.304422 0.908669 0.088563 0.173221 0.000000 0.000000 0.000000 0.000000 0.000000 0.000000 0.000000 0.000000 0.000000 0.000000 0.000000 0.000000 0.000000 0.000000 0.000000 0.292187 0.879195 2.000000 0.335938 0.881432 2.000000 0.284375 0.926174 2.000000 0.337500 0.928412 2.000000 0.271875 0.968680 2.000000 0.000000 0.000000 0.000000 0.298438 0.964206 1.000000 0.325000 0.964206 1.000000 0.000000 0.000000 0.000000 0.000000 0.000000 0.000000 0.000000 0.000000 0.000000 0.000000 0.000000 0.000000
0 0.940148 0.907864 0.065922 0.157293 0.939063 0.856823 2.000000 0.943750 0.854586 2.000000 0.937500 0.852349 2.000000 0.000000 0.000000 0.000000 0.926562 0.852349 2.000000 0.951562 0.881432 2.000000 0.915625 0.876957 2.000000 0.964063 0.872483 2.000000 0.920312 0.885906 2.000000 0.929688 0.881432 2.000000 0.953125 0.892617 2.000000 0.953125 0.982103 2.000000 0.917188 0.982103 1.000000 0.000000 0.000000 0.000000 0.000000 0.000000 0.000000 0.000000 0.000000 0.000000 0.000000 0.000000 0.000000
0 0.453594 0.895503 0.056500 0.168546 0.471875 0.838926 2.000000 0.000000 0.000000 0.000000 0.468750 0.834452 2.000000 0.000000 0.000000 0.000000 0.459375 0.836689 2.000000 0.446875 0.847875 2.000000 0.451562 0.863535 2.000000 0.000000 0.000000 0.000000 0.439063 0.906040 2.000000 0.000000 0.000000 0.000000 0.437500 0.944072 2.000000 0.000000 0.000000 0.000000 0.457813 0.939597 1.000000 0.000000 0.000000 0.000000 0.000000 0.000000 0.000000 0.000000 0.000000 0.000000 0.000000 0.000000 0.000000
0 0.613664 0.893132 0.066953 0.213244 0.623437 0.812081 2.000000 0.626563 0.809843 2.000000 0.620313 0.807606 2.000000 0.631250 0.818792 2.000000 0.612500 0.812081 2.000000 0.632812 0.850112 2.000000 0.596875 0.850112 2.000000 0.000000 0.000000 0.000000 0.589063 0.899329 2.000000 0.000000 0.000000 0.000000 0.593750 0.939597 2.000000 0.626563 0.941834 2.000000 0.598437 0.941834 2.000000 0.000000 0.000000 0.000000 0.000000 0.000000 0.000000 0.000000 0.000000 0.000000 0.000000 0.000000 0.000000
0 0.552852 0.916913 0.055578 0.166174 0.575000 0.865772 1.000000 0.000000 0.000000 0.000000 0.571875 0.856823 2.000000 0.000000 0.000000 0.000000 0.560937 0.854586 2.000000 0.575000 0.881432 1.000000 0.548438 0.874720 2.000000 0.000000 0.000000 0.000000 0.000000 0.000000 0.000000 0.000000 0.000000 0.000000 0.000000 0.000000 0.000000 0.570312 0.939597 1.000000 0.556250 0.939597 2.000000 0.000000 0.000000 0.000000 0.000000 0.000000 0.000000 0.000000 0.000000 0.000000 0.000000 0.000000 0.000000
0 0.513375 0.903848 0.059625 0.185817 0.506250 0.879195 1.000000 0.509375 0.874720 2.000000 0.000000 0.000000 0.000000 0.000000 0.000000 0.000000 0.000000 0.000000 0.000000 0.518750 0.899329 2.000000 0.510938 0.906040 2.000000 0.520312 0.865772 2.000000 0.000000 0.000000 0.000000 0.515625 0.832215 2.000000 0.000000 0.000000 0.000000 0.515625 0.955257 2.000000 0.501563 0.957494 2.000000 0.000000 0.000000 0.000000 0.000000 0.000000 0.000000 0.000000 0.000000 0.000000 0.000000 0.000000 0.000000
0 0.097531 0.881398 0.067500 0.237204 0.000000 0.000000 0.000000 0.000000 0.000000 0.000000 0.000000 0.000000 0.000000 0.000000 0.000000 0.000000 0.000000 0.000000 0.000000 0.081250 0.852349 2.000000 0.115625 0.861298 2.000000 0.070312 0.825503 2.000000 0.121875 0.816555 2.000000 0.079687 0.785235 2.000000 0.106250 0.778523 2.000000 0.084375 0.941834 2.000000 0.109375 0.941834 2.000000 0.000000 0.000000 0.000000 0.000000 0.000000 0.000000 0.000000 0.000000 0.000000 0.000000 0.000000 0.000000
0 0.370969 0.893333 0.056813 0.213333 0.000000 0.000000 0.000000 0.000000 0.000000 0.000000 0.000000 0.000000 0.000000 0.354687 0.816555 2.000000 0.000000 0.000000 0.000000 0.362500 0.850112 2.000000 0.392188 0.843400 2.000000 0.359375 0.903803 2.000000 0.000000 0.000000 0.000000 0.348438 0.941834 1.000000 0.000000 0.000000 0.000000 0.365625 0.939597 2.000000 0.392188 0.932886 2.000000 0.000000 0.000000 0.000000 0.000000 0.000000 0.000000 0.000000 0.000000 0.000000 0.000000 0.000000 0.000000
0 0.687578 0.911029 0.065656 0.176197 0.692187 0.845638 2.000000 0.695312 0.841163 2.000000 0.689063 0.841163 2.000000 0.000000 0.000000 0.000000 0.681250 0.845638 2.000000 0.703125 0.868009 2.000000 0.670312 0.874720 2.000000 0.709375 0.917226 2.000000 0.660937 0.908277 2.000000 0.715625 0.946309 2.000000 0.665625 0.955257 2.000000 0.700000 0.937360 2.000000 0.676562 0.937360 2.000000 0.706250 0.995526 2.000000 0.679688 0.995526 2.000000 0.000000 0.000000 0.000000 0.000000 0.000000 0.000000
