0 0.128992 0.542588 0.175234 0.548033 0.160938 0.351288 2.000000 0.167187 0.339578 2.000000 0.154688 0.337237 2.000000 0.000000 0.000000 0.000000 0.139063 0.327869 2.000000 0.181250 0.384075 2.000000 0.101562 0.379391 2.000000 0.192188 0.470726 2.000000 0.070312 0.433255 2.000000 0.203125 0.540984 2.000000 0.096875 0.459016 2.000000 0.167187 0.540984 2.000000 0.123438 0.538642 2.000000 0.154688 0.658080 2.000000 0.142187 0.646370 2.000000 0.140625 0.775176 2.000000 0.112500 0.765808 2.000000
0 0.211367 0.502471 0.082078 0.423068 0.000000 0.000000 0.000000 0.000000 0.000000 0.000000 0.000000 0.000000 0.000000 0.000000 0.000000 0.000000 0.000000 0.000000 0.000000 0.218750 0.377049 2.000000 0.195312 0.377049 1.000000 0.228125 0.454333 2.000000 0.000000 0.000000 0.000000 0.223438 0.503513 2.000000 0.000000 0.000000 0.000000 0.210938 0.510539 2.000000 0.196875 0.512881 1.000000 0.192188 0.599532 2.000000 0.210938 0.569087 2.000000 0.182812 0.686183 2.000000 0.240625 0.693208 2.000000
0 0.437508 0.724040 0.152109 0.433419 0.000000 0.000000 0.000000 0.000000 0.000000 0.000000 0.000000 0.000000 0.000000 0.000000 0.000000 0.000000 0.000000 0.000000 0.000000 0.000000 0.000000 0.000000 0.000000 0.000000 0.000000 0.000000 0.000000 0.000000 0.000000 0.000000 0.000000 0.000000 0.000000 0.000000 0.000000 0.000000 0.000000 0.465625 0.583138 1.000000 0.423438 0.583138 2.000000 0.434375 0.716628 2.000000 0.450000 0.728337 2.000000 0.400000 0.859485 2.000000 0.481250 0.901639 2.000000
0 0.642227 0.490433 0.133797 0.522506 0.659375 0.281030 2.000000 0.000000 0.000000 0.000000 0.654687 0.269321 2.000000 0.000000 0.000000 0.000000 0.632812 0.266979 2.000000 0.664062 0.334895 2.000000 0.614062 0.339578 2.000000 0.689063 0.407494 2.000000 0.587500 0.428571 2.000000 0.700000 0.475410 1.000000 0.582812 0.503513 2.000000 0.662500 0.468384 2.000000 0.634375 0.468384 2.000000 0.670312 0.590164 2.000000 0.650000 0.585480 2.000000 0.603125 0.653396 2.000000 0.657813 0.714286 2.000000
0 0.916242 0.532646 0.167516 0.657658 0.998437 0.271663 2.000000 0.000000 0.000000 0.000000 0.990625 0.264637 2.000000 0.000000 0.000000 0.000000 0.965625 0.269321 2.000000 0.000000 0.000000 0.000000 0.943750 0.330211 2.000000 0.000000 0.000000 0.000000 0.923438 0.433255 2.000000 0.000000 0.000000 0.000000 0.928125 0.529274 2.000000 0.000000 0.000000 0.000000 0.940625 0.545667 2.000000 0.960938 0.667447 2.000000 0.948438 0.669789 2.000000 0.970313 0.807963 2.000000 0.876563 0.735363 2.000000
0 0.054836 0.511417 0.091391 0.506862 0.012500 0.302108 2.000000 0.014063 0.290398 2.000000 0.000000 0.000000 0.000000 0.034375 0.283372 2.000000 0.000000 0.000000 0.000000 0.059375 0.325527 1.000000 0.000000 0.000000 0.000000 0.000000 0.000000 0.000000 0.000000 0.000000 0.000000 0.000000 0.000000 0.000000 0.000000 0.000000 0.000000 0.043750 0.494145 2.000000 0.000000 0.000000 0.000000 0.056250 0.583138 2.000000 0.029687 0.583138 2.000000 0.000000 0.000000 0.000000 0.046875 0.697892 2.000000
0 0.103523 0.319871 0.074266 0.154356 0.085938 0.295082 2.000000 0.090625 0.283372 2.000000 0.000000 0.000000 0.000000 0.109375 0.276347 2.000000 0.000000 0.000000 0.000000 0.000000 0.000000 0.000000 0.000000 0.000000 0.000000 0.000000 0.000000 0.000000 0.000000 0.000000 0.000000 0.087500 0.381733 2.000000 0.000000 0.000000 0.000000 0.000000 0.000000 0.000000 0.000000 0.000000 0.000000 0.000000 0.000000 0.000000 0.000000 0.000000 0.000000 0.000000 0.000000 0.000000 0.000000 0.000000 0.000000
0 0.282133 0.464895 0.105266 0.390585 0.295312 0.283372 2.000000 0.298438 0.274005 2.000000 0.289062 0.274005 2.000000 0.000000 0.000000 0.000000 0.275000 0.274005 1.000000 0.287500 0.302108 2.000000 0.251563 0.302108 2.000000 0.000000 0.000000 0.000000 0.251563 0.351288 2.000000 0.000000 0.000000 0.000000 0.287500 0.339578 2.000000 0.296875 0.451991 2.000000 0.265625 0.449649 2.000000 0.309375 0.522248 2.000000 0.253125 0.543326 2.000000 0.296875 0.615925 2.000000 0.242188 0.632319 2.000000
0 0.855781 0.470211 0.115500 0.423747 0.889062 0.302108 2.000000 0.000000 0.000000 0.000000 0.882812 0.297424 2.000000 0.000000 0.000000 0.000000 0.867188 0.288056 2.000000 0.895312 0.327869 2.000000 0.000000 0.000000 0.000000 0.000000 0.000000 0.000000 0.000000 0.000000 0.000000 0.000000 0.000000 0.000000 0.000000 0.000000 0.000000 0.000000 0.000000 0.000000 0.845313 0.466042 1.000000 0.840625 0.540984 1.000000 0.871875 0.540984 2.000000 0.812500 0.625293 2.000000 0.887500 0.641686 2.000000
0 0.749500 0.524672 0.140375 0.535059 0.732812 0.313817 2.000000 0.737500 0.297424 2.000000 0.729688 0.302108 2.000000 0.754687 0.295082 2.000000 0.000000 0.000000 0.000000 0.776563 0.346604 2.000000 0.732812 0.358314 2.000000 0.787500 0.419204 2.000000 0.723437 0.430913 2.000000 0.753125 0.377049 2.000000 0.695312 0.491803 2.000000 0.775000 0.491803 2.000000 0.746875 0.501171 2.000000 0.734375 0.606557 2.000000 0.771875 0.594848 2.000000 0.721875 0.730679 2.000000 0.798438 0.709602 2.000000
0 0.838078 0.426593 0.091531 0.567658 0.864062 0.203747 2.000000 0.000000 0.000000 0.000000 0.856250 0.194379 2.000000 0.000000 0.000000 0.000000 0.837500 0.199063 2.000000 0.825000 0.250585 2.000000 0.818750 0.250585 1.000000 0.848437 0.344262 2.000000 0.817187 0.348946 2.000000 0.845313 0.416862 2.000000 0.828125 0.430913 2.000000 0.834375 0.433255 2.000000 0.804688 0.440281 2.000000 0.848437 0.529274 2.000000 0.000000 0.000000 0.000000 0.846875 0.676815 2.000000 0.000000 0.000000 0.000000
