0 0.546461 0.583255 0.212578 0.430913 0.515625 0.416862 2.000000 0.000000 0.000000 0.000000 0.517188 0.409836 2.000000 0.526563 0.414520 2.000000 0.000000 0.000000 0.000000 0.512500 0.447307 2.000000 0.587500 0.470726 2.000000 0.496875 0.510539 2.000000 0.593750 0.529274 2.000000 0.000000 0.000000 0.000000 0.000000 0.000000 0.000000 0.550000 0.585480 2.000000 0.585938 0.587822 2.000000 0.492188 0.655738 2.000000 0.576562 0.686183 2.000000 0.473438 0.758782 2.000000 0.618750 0.751756 2.000000
0 0.741242 0.615246 0.220016 0.374848 0.742188 0.512881 2.000000 0.750000 0.508197 2.000000 0.000000 0.000000 0.000000 0.762500 0.508197 2.000000 0.000000 0.000000 0.000000 0.768750 0.548009 2.000000 0.000000 0.000000 0.000000 0.710938 0.529274 2.000000 0.779687 0.634660 2.000000 0.668750 0.496487 2.000000 0.751563 0.648712 2.000000 0.823438 0.681499 2.000000 0.823438 0.660422 2.000000 0.750000 0.674473 2.000000 0.000000 0.000000 0.000000 0.798438 0.761124 2.000000 0.809375 0.751756 2.000000
0 0.832523 0.454590 0.074484 0.223466 0.831250 0.381733 2.000000 0.835938 0.377049 2.000000 0.826562 0.374707 2.000000 0.845313 0.379391 2.000000 0.821875 0.377049 2.000000 0.854688 0.414520 1.000000 0.812500 0.407494 2.000000 0.000000 0.000000 0.000000 0.809375 0.461358 2.000000 0.000000 0.000000 0.000000 0.803125 0.494145 2.000000 0.843750 0.501171 1.000000 0.814063 0.498829 2.000000 0.000000 0.000000 0.000000 0.000000 0.000000 0.000000 0.000000 0.000000 0.000000 0.000000 0.000000 0.000000
0 0.892148 0.615749 0.169672 0.397119 0.837500 0.461358 2.000000 0.843750 0.456674 2.000000 0.000000 0.000000 0.000000 0.867188 0.454333 2.000000 0.000000 0.000000 0.000000 0.881250 0.480094 2.000000 0.857812 0.505855 2.000000 0.928125 0.548009 2.000000 0.865625 0.578454 2.000000 0.943750 0.622951 2.000000 0.834375 0.573770 2.000000 0.928125 0.606557 2.000000 0.910937 0.601874 2.000000 0.901563 0.662763 2.000000 0.868750 0.658080 2.000000 0.943750 0.775176 2.000000 0.890625 0.763466 2.000000
0 0.685500 0.568993 0.118813 0.235222 0.712500 0.489461 2.000000 0.717187 0.480094 2.000000 0.710938 0.480094 2.000000 0.725000 0.487119 2.000000 0.704688 0.484778 2.000000 0.737500 0.529274 1.000000 0.692187 0.519906 1.000000 0.740625 0.583138 2.000000 0.671875 0.564403 2.000000 0.732812 0.644028 2.000000 0.645312 0.580796 2.000000 0.720313 0.639344 2.000000 0.695312 0.632319 2.000000 0.717187 0.716628 1.000000 0.671875 0.681499 2.000000 0.000000 0.000000 0.000000 0.700000 0.754098 1.000000
0 0.483844 0.571944 0.075531 0.146698 0.490625 0.526932 2.000000 0.492188 0.522248 2.000000 0.487500 0.522248 2.000000 0.500000 0.524590 2.000000 0.481250 0.524590 2.000000 0.512500 0.559719 2.000000 0.467187 0.559719 2.000000 0.000000 0.000000 0.000000 0.448437 0.604215 2.000000 0.000000 0.000000 0.000000 0.456250 0.625293 2.000000 0.501563 0.634660 1.000000 0.475000 0.634660 2.000000 0.000000 0.000000 0.000000 0.446875 0.665105 1.000000 0.000000 0.000000 0.000000 0.000000 0.000000 0.000000
0 0.346648 0.571593 0.101422 0.178501 0.360938 0.517564 2.000000 0.365625 0.510539 2.000000 0.357812 0.510539 2.000000 0.371875 0.517564 2.000000 0.353125 0.515222 2.000000 0.385937 0.555035 2.000000 0.335938 0.550351 2.000000 0.385937 0.604215 2.000000 0.331250 0.592506 2.000000 0.360938 0.622951 2.000000 0.340625 0.625293 2.000000 0.371875 0.629977 2.000000 0.337500 0.629977 2.000000 0.368750 0.653396 2.000000 0.307812 0.655738 1.000000 0.000000 0.000000 0.000000 0.000000 0.000000 0.000000
0 0.840195 0.273700 0.081891 0.090304 0.835938 0.255269 2.000000 0.842187 0.248244 2.000000 0.832812 0.248244 2.000000 0.850000 0.255269 2.000000 0.829688 0.252927 2.000000 0.864062 0.295082 2.000000 0.815625 0.295082 2.000000 0.000000 0.000000 0.000000 0.000000 0.000000 0.000000 0.000000 0.000000 0.000000 0.000000 0.000000 0.000000 0.000000 0.000000 0.000000 0.000000 0.000000 0.000000 0.000000 0.000000 0.000000 0.000000 0.000000 0.000000 0.000000 0.000000 0.000000 0.000000 0.000000 0.000000
0 0.123047 0.559286 0.085875 0.171030 0.126562 0.501171 1.000000 0.129688 0.496487 2.000000 0.123438 0.496487 1.000000 0.137500 0.498829 2.000000 0.000000 0.000000 0.000000 0.151562 0.540984 2.000000 0.106250 0.540984 2.000000 0.148438 0.592506 2.000000 0.095312 0.592506 2.000000 0.120313 0.615925 1.000000 0.114062 0.618267 2.000000 0.135937 0.615925 2.000000 0.107813 0.615925 2.000000 0.134375 0.644028 1.000000 0.082812 0.639344 1.000000 0.000000 0.000000 0.000000 0.000000 0.000000 0.000000
0 0.570812 0.151499 0.055219 0.154988 0.562500 0.107728 2.000000 0.565625 0.100703 2.000000 0.557813 0.100703 2.000000 0.575000 0.103044 2.000000 0.000000 0.000000 0.000000 0.584375 0.142857 2.000000 0.548438 0.140515 2.000000 0.587500 0.177986 2.000000 0.545312 0.173302 1.000000 0.571875 0.201405 2.000000 0.000000 0.000000 0.000000 0.581250 0.210773 2.000000 0.554688 0.208431 1.000000 0.000000 0.000000 0.000000 0.000000 0.000000 0.000000 0.000000 0.000000 0.000000 0.000000 0.000000 0.000000
0 0.683984 0.136557 0.061937 0.118501 0.679688 0.107728 2.000000 0.684375 0.103044 2.000000 0.678125 0.100703 2.000000 0.692187 0.107728 2.000000 0.671875 0.107728 1.000000 0.704688 0.133489 2.000000 0.660937 0.138173 2.000000 0.709375 0.182670 1.000000 0.660937 0.187354 1.000000 0.000000 0.000000 0.000000 0.000000 0.000000 0.000000 0.000000 0.000000 0.000000 0.000000 0.000000 0.000000 0.000000 0.000000 0.000000 0.000000 0.000000 0.000000 0.000000 0.000000 0.000000 0.000000 0.000000 0.000000
