0 0.530937 0.784792 0.316125 0.430417 0.537500 0.662500 2.000000 0.559375 0.647917 2.000000 0.532813 0.641667 2.000000 0.596875 0.662500 2.000000 0.000000 0.000000 0.000000 0.600000 0.791667 2.000000 0.000000 0.000000 0.000000 0.582812 0.989583 2.000000 0.000000 0.000000 0.000000 0.509375 0.997917 1.000000 0.000000 0.000000 0.000000 0.000000 0.000000 0.000000 0.000000 0.000000 0.000000 0.000000 0.000000 0.000000 0.000000 0.000000 0.000000 0.000000 0.000000 0.000000 0.000000 0.000000 0.000000
0 0.333867 0.653854 0.344109 0.310708 0.340625 0.570833 2.000000 0.348438 0.560417 2.000000 0.328125 0.558333 2.000000 0.000000 0.000000 0.000000 0.304688 0.560417 2.000000 0.354687 0.633333 2.000000 0.259375 0.625000 2.000000 0.410938 0.620833 1.000000 0.178125 0.681250 2.000000 0.475000 0.614583 2.000000 0.176563 0.787500 2.000000 0.293750 0.814583 1.000000 0.226562 0.820833 1.000000 0.000000 0.000000 0.000000 0.000000 0.000000 0.000000 0.000000 0.000000 0.000000 0.000000 0.000000 0.000000
0 0.433281 0.636177 0.163375 0.252604 0.421875 0.579167 2.000000 0.429688 0.564583 2.000000 0.409375 0.564583 2.000000 0.000000 0.000000 0.000000 0.000000 0.000000 0.000000 0.460938 0.625000 2.000000 0.367188 0.652083 2.000000 0.484375 0.725000 2.000000 0.368750 0.770833 1.000000 0.000000 0.000000 0.000000 0.393750 0.722917 2.000000 0.465625 0.772917 1.000000 0.406250 0.793750 1.000000 0.000000 0.000000 0.000000 0.000000 0.000000 0.000000 0.000000 0.000000 0.000000 0.000000 0.000000 0.000000
0 0.644016 0.640573 0.089438 0.219688 0.626563 0.575000 2.000000 0.634375 0.564583 2.000000 0.617188 0.566667 2.000000 0.648438 0.577083 2.000000 0.601562 0.577083 2.000000 0.670312 0.645833 2.000000 0.581250 0.647917 1.000000 0.675000 0.745833 2.000000 0.000000 0.000000 0.000000 0.000000 0.000000 0.000000 0.000000 0.000000 0.000000 0.000000 0.000000 0.000000 0.000000 0.000000 0.000000 0.000000 0.000000 0.000000 0.000000 0.000000 0.000000 0.000000 0.000000 0.000000 0.000000 0.000000 0.000000
0 0.752117 0.645687 0.128266 0.233125 0.740625 0.587500 2.000000 0.750000 0.577083 2.000000 0.732812 0.575000 2.000000 0.767188 0.585417 2.000000 0.717187 0.583333 2.000000 0.795312 0.633333 2.000000 0.714063 0.643750 2.000000 0.815625 0.727083 1.000000 0.701562 0.729167 1.000000 0.000000 0.000000 0.000000 0.756250 0.735417 1.000000 0.000000 0.000000 0.000000 0.000000 0.000000 0.000000 0.000000 0.000000 0.000000 0.000000 0.000000 0.000000 0.000000 0.000000 0.000000 0.000000 0.000000 0.000000
0 0.073313 0.752812 0.143250 0.467417 0.046875 0.620833 2.000000 0.060937 0.597917 2.000000 0.028125 0.591667 2.000000 0.000000 0.000000 0.000000 0.000000 0.000000 0.000000 0.000000 0.000000 0.000000 0.035937 0.693750 2.000000 0.000000 0.000000 0.000000 0.062500 0.812500 2.000000 0.084375 0.925000 2.000000 0.143750 0.804167 1.000000 0.037500 0.977083 2.000000 0.073438 0.947917 2.000000 0.000000 0.000000 0.000000 0.000000 0.000000 0.000000 0.000000 0.000000 0.000000 0.000000 0.000000 0.000000
0 0.471219 0.558885 0.050813 0.101646 0.470313 0.531250 2.000000 0.475000 0.525000 2.000000 0.464062 0.525000 2.000000 0.479687 0.537500 2.000000 0.456250 0.537500 2.000000 0.495312 0.570833 1.000000 0.439063 0.575000 1.000000 0.490625 0.627083 1.000000 0.000000 0.000000 0.000000 0.484375 0.579167 2.000000 0.000000 0.000000 0.000000 0.000000 0.000000 0.000000 0.000000 0.000000 0.000000 0.000000 0.000000 0.000000 0.000000 0.000000 0.000000 0.000000 0.000000 0.000000 0.000000 0.000000 0.000000
0 0.937906 0.755167 0.124188 0.488542 0.926562 0.585417 2.000000 0.937500 0.564583 2.000000 0.915625 0.566667 2.000000 0.962500 0.570833 2.000000 0.904687 0.585417 2.000000 0.993750 0.658333 2.000000 0.898438 0.666667 2.000000 0.000000 0.000000 0.000000 0.000000 0.000000 0.000000 0.000000 0.000000 0.000000 0.000000 0.000000 0.000000 0.989062 0.866667 2.000000 0.915625 0.852083 1.000000 0.000000 0.000000 0.000000 0.000000 0.000000 0.000000 0.000000 0.000000 0.000000 0.000000 0.000000 0.000000
0 0.809828 0.768167 0.227531 0.426958 0.821875 0.641667 2.000000 0.845313 0.627083 2.000000 0.814063 0.618750 2.000000 0.875000 0.650000 2.000000 0.798438 0.627083 2.000000 0.867188 0.750000 2.000000 0.812500 0.722917 2.000000 0.775000 0.902083 2.000000 0.778125 0.814583 1.000000 0.698438 0.943750 1.000000 0.718750 0.810417 1.000000 0.000000 0.000000 0.000000 0.000000 0.000000 0.000000 0.000000 0.000000 0.000000 0.000000 0.000000 0.000000 0.000000 0.000000 0.000000 0.000000 0.000000 0.000000
0 0.524367 0.615031 0.074109 0.222771 0.000000 0.000000 0.000000 0.000000 0.000000 0.000000 0.000000 0.000000 0.000000 0.512500 0.539583 2.000000 0.548438 0.545833 2.000000 0.504687 0.570833 2.000000 0.554688 0.568750 2.000000 0.493750 0.620833 1.000000 0.560937 0.618750 1.000000 0.000000 0.000000 0.000000 0.000000 0.000000 0.000000 0.000000 0.000000 0.000000 0.000000 0.000000 0.000000 0.000000 0.000000 0.000000 0.000000 0.000000 0.000000 0.000000 0.000000 0.000000 0.000000 0.000000 0.000000
