0 0.467234 0.544943 0.760531 0.887647 0.595313 0.396584 2.000000 0.600000 0.352941 2.000000 0.560937 0.358634 2.000000 0.000000 0.000000 0.000000 0.421875 0.349146 2.000000 0.550000 0.544592 2.000000 0.270313 0.652751 2.000000 0.796875 0.815939 2.000000 0.000000 0.000000 0.000000 0.739062 0.590133 2.000000 0.000000 0.000000 0.000000 0.000000 0.000000 0.000000 0.000000 0.000000 0.000000 0.000000 0.000000 0.000000 0.000000 0.000000 0.000000 0.000000 0.000000 0.000000 0.000000 0.000000 0.000000
0 0.108172 0.289250 0.192531 0.575731 0.151562 0.064516 2.000000 0.000000 0.000000 0.000000 0.145313 0.060721 2.000000 0.000000 0.000000 0.000000 0.117188 0.062619 2.000000 0.118750 0.129032 2.000000 0.089063 0.130930 2.000000 0.000000 0.000000 0.000000 0.087500 0.210626 2.000000 0.154688 0.267552 1.000000 0.110937 0.290323 2.000000 0.062500 0.294118 2.000000 0.093750 0.294118 2.000000 0.062500 0.421252 2.000000 0.131250 0.430740 2.000000 0.032813 0.533207 2.000000 0.176563 0.537002 2.000000
0 0.168086 0.315579 0.061516 0.320417 0.000000 0.000000 0.000000 0.000000 0.000000 0.000000 0.000000 0.000000 0.000000 0.154688 0.206831 2.000000 0.000000 0.000000 0.000000 0.167187 0.242884 2.000000 0.000000 0.000000 0.000000 0.187500 0.282732 2.000000 0.000000 0.000000 0.000000 0.189062 0.330171 2.000000 0.000000 0.000000 0.000000 0.154688 0.313093 2.000000 0.143750 0.313093 2.000000 0.165625 0.388994 2.000000 0.000000 0.000000 0.000000 0.178125 0.447818 2.000000 0.000000 0.000000 0.000000
0 0.187398 0.233928 0.097859 0.467856 0.159375 0.108159 2.000000 0.160938 0.100569 2.000000 0.000000 0.000000 0.000000 0.179688 0.089184 2.000000 0.000000 0.000000 0.000000 0.209375 0.125237 2.000000 0.176563 0.127135 2.000000 0.223438 0.189753 2.000000 0.000000 0.000000 0.000000 0.187500 0.227704 2.000000 0.000000 0.000000 0.000000 0.207813 0.225806 2.000000 0.175000 0.231499 1.000000 0.157812 0.313093 1.000000 0.193750 0.343454 1.000000 0.165625 0.445920 1.000000 0.210938 0.444023 2.000000
0 0.674680 0.135332 0.067297 0.241935 0.679688 0.047438 2.000000 0.684375 0.039848 2.000000 0.673438 0.037951 2.000000 0.690625 0.043643 2.000000 0.668750 0.041746 1.000000 0.698438 0.068311 2.000000 0.664062 0.060721 2.000000 0.700000 0.096774 2.000000 0.645312 0.081594 2.000000 0.676562 0.098672 2.000000 0.659375 0.089184 2.000000 0.684375 0.134725 2.000000 0.659375 0.129032 2.000000 0.679688 0.185958 2.000000 0.657813 0.191651 2.000000 0.671875 0.231499 2.000000 0.660937 0.237192 2.000000
0 0.765086 0.140436 0.062359 0.252486 0.743750 0.045541 1.000000 0.746875 0.037951 2.000000 0.000000 0.000000 0.000000 0.759375 0.039848 2.000000 0.000000 0.000000 0.000000 0.779687 0.072106 2.000000 0.739062 0.074004 2.000000 0.785937 0.104364 2.000000 0.735938 0.104364 2.000000 0.781250 0.146110 2.000000 0.745313 0.115750 2.000000 0.767188 0.130930 2.000000 0.748437 0.129032 2.000000 0.764062 0.199241 2.000000 0.748437 0.191651 2.000000 0.760938 0.248577 2.000000 0.751563 0.246679 2.000000
0 0.980727 0.131461 0.037016 0.204478 0.000000 0.000000 0.000000 0.000000 0.000000 0.000000 0.000000 0.000000 0.000000 0.000000 0.000000 0.000000 0.000000 0.000000 0.000000 0.973437 0.068311 2.000000 0.995313 0.068311 2.000000 0.000000 0.000000 0.000000 0.000000 0.000000 0.000000 0.000000 0.000000 0.000000 0.000000 0.000000 0.000000 0.975000 0.123340 2.000000 0.993750 0.121442 2.000000 0.975000 0.166983 2.000000 0.992188 0.172676 2.000000 0.971875 0.197343 2.000000 0.979688 0.206831 2.000000
0 0.912203 0.050275 0.050844 0.100550 0.000000 0.000000 0.000000 0.000000 0.000000 0.000000 0.000000 0.000000 0.000000 0.000000 0.000000 0.000000 0.000000 0.000000 0.000000 0.907813 0.017078 2.000000 0.932813 0.017078 2.000000 0.898438 0.041746 2.000000 0.931250 0.045541 2.000000 0.889062 0.053131 1.000000 0.915625 0.053131 2.000000 0.909375 0.081594 2.000000 0.925000 0.083491 2.000000 0.000000 0.000000 0.000000 0.000000 0.000000 0.000000 0.000000 0.000000 0.000000 0.000000 0.000000 0.000000
0 0.638922 0.098264 0.050469 0.182106 0.000000 0.000000 0.000000 0.000000 0.000000 0.000000 0.000000 0.000000 0.000000 0.637500 0.039848 2.000000 0.656250 0.039848 2.000000 0.632812 0.056926 2.000000 0.657813 0.056926 1.000000 0.626563 0.081594 2.000000 0.000000 0.000000 0.000000 0.000000 0.000000 0.000000 0.000000 0.000000 0.000000 0.635938 0.098672 2.000000 0.654687 0.098672 1.000000 0.639062 0.149905 1.000000 0.650000 0.149905 1.000000 0.657813 0.182163 1.000000 0.632812 0.184061 1.000000
0 0.539672 0.065237 0.088594 0.130474 0.000000 0.000000 0.000000 0.000000 0.000000 0.000000 0.000000 0.000000 0.000000 0.000000 0.000000 0.000000 0.000000 0.000000 0.000000 0.534375 0.015180 2.000000 0.564063 0.017078 2.000000 0.526563 0.047438 2.000000 0.576562 0.056926 2.000000 0.509375 0.070209 2.000000 0.578125 0.094877 2.000000 0.539062 0.077799 2.000000 0.560937 0.077799 2.000000 0.542188 0.119545 2.000000 0.539062 0.140417 1.000000 0.000000 0.000000 0.000000 0.000000 0.000000 0.000000
0 0.511594 0.057932 0.048281 0.115674 0.000000 0.000000 0.000000 0.000000 0.000000 0.000000 0.000000 0.000000 0.000000 0.000000 0.000000 0.000000 0.000000 0.000000 0.000000 0.000000 0.000000 0.000000 0.000000 0.000000 0.000000 0.000000 0.000000 0.000000 0.000000 0.000000 0.000000 0.000000 0.000000 0.000000 0.000000 0.000000 0.000000 0.510938 0.051233 2.000000 0.520312 0.051233 1.000000 0.512500 0.102467 2.000000 0.520312 0.106262 2.000000 0.000000 0.000000 0.000000 0.000000 0.000000 0.000000
