0 0.463508 0.193531 0.048609 0.174437 0.471875 0.131250 2.000000 0.475000 0.125000 1.000000 0.465625 0.127083 2.000000 0.000000 0.000000 0.000000 0.457813 0.129167 2.000000 0.478125 0.152083 2.000000 0.446875 0.158333 2.000000 0.479687 0.172917 2.000000 0.453125 0.195833 2.000000 0.467187 0.191667 2.000000 0.462500 0.181250 2.000000 0.473438 0.225000 2.000000 0.459375 0.225000 2.000000 0.000000 0.000000 0.000000 0.000000 0.000000 0.000000 0.000000 0.000000 0.000000 0.000000 0.000000 0.000000
0 0.539305 0.224073 0.126766 0.271312 0.000000 0.000000 0.000000 0.000000 0.000000 0.000000 0.000000 0.000000 0.000000 0.528125 0.122917 1.000000 0.559375 0.125000 2.000000 0.510938 0.175000 2.000000 0.570312 0.177083 2.000000 0.495312 0.245833 2.000000 0.585938 0.258333 2.000000 0.490625 0.308333 2.000000 0.589063 0.322917 2.000000 0.518750 0.300000 2.000000 0.562500 0.300000 2.000000 0.000000 0.000000 0.000000 0.000000 0.000000 0.000000 0.000000 0.000000 0.000000 0.000000 0.000000 0.000000
0 0.178523 0.209781 0.131203 0.212021 0.175000 0.154167 2.000000 0.181250 0.145833 2.000000 0.171875 0.145833 2.000000 0.196875 0.141667 2.000000 0.164062 0.143750 2.000000 0.217188 0.189583 2.000000 0.151562 0.177083 2.000000 0.225000 0.256250 2.000000 0.126562 0.241667 1.000000 0.203125 0.306250 2.000000 0.129688 0.295833 1.000000 0.185938 0.302083 2.000000 0.146875 0.295833 2.000000 0.176563 0.393750 1.000000 0.137500 0.389583 1.000000 0.000000 0.000000 0.000000 0.000000 0.000000 0.000000
0 0.048938 0.215458 0.081563 0.236167 0.075000 0.141667 2.000000 0.079687 0.137500 2.000000 0.071875 0.135417 2.000000 0.000000 0.000000 0.000000 0.054688 0.127083 2.000000 0.079687 0.183333 2.000000 0.026562 0.170833 2.000000 0.078125 0.245833 2.000000 0.014063 0.237500 2.000000 0.092188 0.289583 1.000000 0.029687 0.291667 1.000000 0.068750 0.308333 2.000000 0.031250 0.314583 1.000000 0.000000 0.000000 0.000000 0.000000 0.000000 0.000000 0.000000 0.000000 0.000000 0.000000 0.000000 0.000000
0 0.353289 0.211562 0.076828 0.115500 0.000000 0.000000 0.000000 0.000000 0.000000 0.000000 0.000000 0.000000 0.000000 0.000000 0.000000 0.000000 0.371875 0.187500 1.000000 0.329688 0.220833 2.000000 0.375000 0.222917 2.000000 0.318750 0.270833 1.000000 0.376563 0.268750 1.000000 0.000000 0.000000 0.000000 0.000000 0.000000 0.000000 0.000000 0.000000 0.000000 0.000000 0.000000 0.000000 0.000000 0.000000 0.000000 0.000000 0.000000 0.000000 0.000000 0.000000 0.000000 0.000000 0.000000 0.000000
0 0.710820 0.250656 0.069609 0.202937 0.693750 0.183333 2.000000 0.693750 0.175000 2.000000 0.000000 0.000000 0.000000 0.703125 0.175000 2.000000 0.000000 0.000000 0.000000 0.721875 0.195833 2.000000 0.712500 0.204167 2.000000 0.735938 0.235417 2.000000 0.000000 0.000000 0.000000 0.704688 0.250000 1.000000 0.000000 0.000000 0.000000 0.721875 0.281250 1.000000 0.712500 0.285417 2.000000 0.704688 0.354167 1.000000 0.726562 0.356250 1.000000 0.000000 0.000000 0.000000 0.000000 0.000000 0.000000
0 0.878703 0.409885 0.242594 0.804937 0.895312 0.072917 2.000000 0.906250 0.054167 2.000000 0.889062 0.058333 2.000000 0.940625 0.054167 2.000000 0.000000 0.000000 0.000000 0.968750 0.145833 2.000000 0.885938 0.156250 2.000000 0.996875 0.291667 2.000000 0.896875 0.262500 2.000000 0.953125 0.381250 2.000000 0.884375 0.379167 2.000000 0.943750 0.381250 2.000000 0.882812 0.377083 2.000000 0.964063 0.552083 2.000000 0.859375 0.541667 2.000000 0.962500 0.735417 2.000000 0.820312 0.741667 2.000000
0 0.433531 0.189917 0.047969 0.157208 0.443750 0.135417 2.000000 0.445312 0.129167 2.000000 0.440625 0.129167 2.000000 0.000000 0.000000 0.000000 0.434375 0.133333 2.000000 0.434375 0.166667 2.000000 0.415625 0.162500 2.000000 0.439063 0.197917 2.000000 0.414062 0.200000 2.000000 0.446875 0.229167 2.000000 0.421875 0.235417 2.000000 0.000000 0.000000 0.000000 0.000000 0.000000 0.000000 0.000000 0.000000 0.000000 0.000000 0.000000 0.000000 0.000000 0.000000 0.000000 0.000000 0.000000 0.000000
0 0.388016 0.163937 0.052625 0.150292 0.410938 0.114583 2.000000 0.410938 0.110417 2.000000 0.407813 0.110417 2.000000 0.000000 0.000000 0.000000 0.398438 0.114583 2.000000 0.404687 0.139583 2.000000 0.379688 0.141667 2.000000 0.000000 0.000000 0.000000 0.371875 0.185417 2.000000 0.000000 0.000000 0.000000 0.390625 0.218750 2.000000 0.000000 0.000000 0.000000 0.000000 0.000000 0.000000 0.000000 0.000000 0.000000 0.000000 0.000000 0.000000 0.000000 0.000000 0.000000 0.000000 0.000000 0.000000
0 0.851781 0.256323 0.126125 0.298854 0.000000 0.000000 0.000000 0.000000 0.000000 0.000000 0.878125 0.150000 2.000000 0.000000 0.000000 0.000000 0.862500 0.143750 1.000000 0.826562 0.189583 1.000000 0.854688 0.193750 2.000000 0.000000 0.000000 0.000000 0.000000 0.000000 0.000000 0.000000 0.000000 0.000000 0.000000 0.000000 0.000000 0.821875 0.279167 2.000000 0.851562 0.281250 2.000000 0.000000 0.000000 0.000000 0.000000 0.000000 0.000000 0.000000 0.000000 0.000000 0.000000 0.000000 0.000000
0 0.264477 0.188135 0.043453 0.166396 0.281250 0.127083 1.000000 0.000000 0.000000 0.000000 0.276562 0.122917 2.000000 0.000000 0.000000 0.000000 0.262500 0.125000 2.000000 0.254688 0.156250 2.000000 0.262500 0.160417 2.000000 0.000000 0.000000 0.000000 0.267188 0.197917 2.000000 0.000000 0.000000 0.000000 0.276562 0.245833 2.000000 0.259375 0.245833 2.000000 0.264062 0.254167 2.000000 0.000000 0.000000 0.000000 0.000000 0.000000 0.000000 0.000000 0.000000 0.000000 0.000000 0.000000 0.000000
