0 0.942250 0.090094 0.115500 0.164413 0.921875 0.014085 2.000000 0.934375 0.004695 1.000000 0.912500 0.004695 1.000000 0.957812 0.011737 2.000000 0.000000 0.000000 0.000000 0.982812 0.096244 2.000000 0.896875 0.096244 2.000000 0.000000 0.000000 0.000000 0.000000 0.000000 0.000000 0.000000 0.000000 0.000000 0.000000 0.000000 0.000000 0.000000 0.000000 0.000000 0.000000 0.000000 0.000000 0.000000 0.000000 0.000000 0.000000 0.000000 0.000000 0.000000 0.000000 0.000000 0.000000 0.000000 0.000000
0 0.656766 0.130305 0.067219 0.106291 0.645312 0.145540 2.000000 0.654687 0.136150 2.000000 0.635938 0.133803 2.000000 0.678125 0.154930 2.000000 0.626563 0.145540 2.000000 0.000000 0.000000 0.000000 0.000000 0.000000 0.000000 0.000000 0.000000 0.000000 0.000000 0.000000 0.000000 0.000000 0.000000 0.000000 0.000000 0.000000 0.000000 0.000000 0.000000 0.000000 0.000000 0.000000 0.000000 0.000000 0.000000 0.000000 0.000000 0.000000 0.000000 0.000000 0.000000 0.000000 0.000000 0.000000 0.000000
0 0.185492 0.096561 0.148484 0.176596 0.140625 0.084507 2.000000 0.150000 0.058685 2.000000 0.129688 0.068075 2.000000 0.182812 0.065728 2.000000 0.000000 0.000000 0.000000 0.220312 0.147887 2.000000 0.125000 0.164319 2.000000 0.000000 0.000000 0.000000 0.000000 0.000000 0.000000 0.000000 0.000000 0.000000 0.000000 0.000000 0.000000 0.000000 0.000000 0.000000 0.000000 0.000000 0.000000 0.000000 0.000000 0.000000 0.000000 0.000000 0.000000 0.000000 0.000000 0.000000 0.000000 0.000000 0.000000
0 0.500336 0.094378 0.115172 0.188756 0.507812 0.084507 2.000000 0.518750 0.070423 2.000000 0.500000 0.070423 2.000000 0.537500 0.086854 2.000000 0.489063 0.086854 2.000000 0.562500 0.147887 1.000000 0.462500 0.138498 2.000000 0.548438 0.246479 1.000000 0.440625 0.248826 1.000000 0.515625 0.183099 2.000000 0.453125 0.183099 2.000000 0.000000 0.000000 0.000000 0.000000 0.000000 0.000000 0.000000 0.000000 0.000000 0.000000 0.000000 0.000000 0.000000 0.000000 0.000000 0.000000 0.000000 0.000000
0 0.621211 0.089061 0.127641 0.178122 0.000000 0.000000 0.000000 0.000000 0.000000 0.000000 0.000000 0.000000 0.000000 0.640625 0.007042 2.000000 0.000000 0.000000 0.000000 0.667188 0.079812 2.000000 0.570312 0.079812 2.000000 0.000000 0.000000 0.000000 0.000000 0.000000 0.000000 0.000000 0.000000 0.000000 0.000000 0.000000 0.000000 0.653125 0.234742 1.000000 0.592187 0.234742 1.000000 0.000000 0.000000 0.000000 0.000000 0.000000 0.000000 0.000000 0.000000 0.000000 0.000000 0.000000 0.000000
0 0.417141 0.095657 0.123875 0.174883 0.434375 0.028169 2.000000 0.446875 0.014085 2.000000 0.423438 0.014085 2.000000 0.000000 0.000000 0.000000 0.400000 0.002347 1.000000 0.470313 0.093897 2.000000 0.373437 0.100939 2.000000 0.475000 0.164319 1.000000 0.362500 0.206573 1.000000 0.426563 0.112676 2.000000 0.000000 0.000000 0.000000 0.000000 0.000000 0.000000 0.000000 0.000000 0.000000 0.000000 0.000000 0.000000 0.000000 0.000000 0.000000 0.000000 0.000000 0.000000 0.000000 0.000000 0.000000
0 0.041883 0.097758 0.083766 0.195516 0.000000 0.000000 0.000000 0.004687 0.037559 2.000000 0.000000 0.000000 0.000000 0.021875 0.042254 2.000000 0.000000 0.000000 0.000000 0.057813 0.119718 2.000000 0.000000 0.000000 0.000000 0.000000 0.000000 0.000000 0.000000 0.000000 0.000000 0.000000 0.000000 0.000000 0.000000 0.000000 0.000000 0.000000 0.000000 0.000000 0.000000 0.000000 0.000000 0.000000 0.000000 0.000000 0.000000 0.000000 0.000000 0.000000 0.000000 0.000000 0.000000 0.000000 0.000000
0 0.748078 0.090094 0.131937 0.173427 0.750000 0.009390 2.000000 0.000000 0.000000 0.000000 0.000000 0.000000 0.000000 0.787500 0.007042 2.000000 0.000000 0.000000 0.000000 0.801562 0.096244 1.000000 0.709375 0.070423 2.000000 0.784375 0.180751 1.000000 0.700000 0.154930 2.000000 0.000000 0.000000 0.000000 0.735938 0.171362 1.000000 0.000000 0.000000 0.000000 0.000000 0.000000 0.000000 0.000000 0.000000 0.000000 0.000000 0.000000 0.000000 0.000000 0.000000 0.000000 0.000000 0.000000 0.000000
0 0.873133 0.086021 0.125016 0.172042 0.834375 0.030516 2.000000 0.848437 0.023474 2.000000 0.826562 0.023474 2.000000 0.875000 0.046948 2.000000 0.000000 0.000000 0.000000 0.901563 0.147887 2.000000 0.790625 0.138498 1.000000 0.000000 0.000000 0.000000 0.000000 0.000000 0.000000 0.000000 0.000000 0.000000 0.000000 0.000000 0.000000 0.000000 0.000000 0.000000 0.000000 0.000000 0.000000 0.000000 0.000000 0.000000 0.000000 0.000000 0.000000 0.000000 0.000000 0.000000 0.000000 0.000000 0.000000
0 0.521281 0.540446 0.396375 0.887653 0.535937 0.185446 2.000000 0.553125 0.169014 2.000000 0.532813 0.169014 2.000000 0.590625 0.197183 2.000000 0.000000 0.000000 0.000000 0.626563 0.340376 2.000000 0.456250 0.298122 2.000000 0.648438 0.502347 2.000000 0.400000 0.434272 2.000000 0.668750 0.612676 2.000000 0.354687 0.586854 2.000000 0.560937 0.680751 2.000000 0.467187 0.664319 2.000000 0.610938 0.873239 2.000000 0.507812 0.884977 2.000000 0.000000 0.000000 0.000000 0.000000 0.000000 0.000000
0 0.789773 0.111678 0.107703 0.125845 0.790625 0.133803 2.000000 0.800000 0.124413 2.000000 0.782813 0.124413 1.000000 0.825000 0.138498 2.000000 0.000000 0.000000 0.000000 0.823438 0.178404 1.000000 0.770312 0.171362 2.000000 0.782813 0.187793 1.000000 0.000000 0.000000 0.000000 0.737500 0.143192 1.000000 0.000000 0.000000 0.000000 0.000000 0.000000 0.000000 0.000000 0.000000 0.000000 0.000000 0.000000 0.000000 0.000000 0.000000 0.000000 0.000000 0.000000 0.000000 0.000000 0.000000 0.000000
