0 0.248594 0.664042 0.217406 0.438208 0.242188 0.504167 2.000000 0.240625 0.493750 2.000000 0.225000 0.497917 2.000000 0.000000 0.000000 0.000000 0.196875 0.514583 2.000000 0.246875 0.579167 2.000000 0.171875 0.583333 2.000000 0.298438 0.650000 2.000000 0.214062 0.637500 2.000000 0.320312 0.602083 2.000000 0.284375 0.600000 2.000000 0.235937 0.716667 2.000000 0.181250 0.727083 2.000000 0.328125 0.672917 1.000000 0.301563 0.850000 2.000000 0.256250 0.793750 2.000000 0.185938 0.837500 2.000000
0 0.487703 0.438115 0.135656 0.572271 0.464062 0.252083 2.000000 0.464062 0.241667 2.000000 0.000000 0.000000 0.000000 0.490625 0.227083 2.000000 0.000000 0.000000 0.000000 0.525000 0.260417 2.000000 0.481250 0.262500 2.000000 0.464062 0.283333 2.000000 0.445312 0.302083 2.000000 0.428125 0.218750 2.000000 0.426563 0.237500 2.000000 0.515625 0.458333 2.000000 0.481250 0.458333 2.000000 0.512500 0.572917 1.000000 0.482812 0.570833 1.000000 0.520312 0.689583 2.000000 0.489063 0.691667 2.000000
0 0.750000 0.524719 0.252812 0.707854 0.789062 0.266667 2.000000 0.792188 0.250000 2.000000 0.771875 0.252083 2.000000 0.000000 0.000000 0.000000 0.729688 0.266667 2.000000 0.795312 0.308333 2.000000 0.703125 0.314583 1.000000 0.735938 0.400000 2.000000 0.681250 0.362500 2.000000 0.656250 0.391667 2.000000 0.656250 0.372917 2.000000 0.800000 0.537500 2.000000 0.739062 0.543750 2.000000 0.804688 0.679167 2.000000 0.739062 0.695833 2.000000 0.853125 0.800000 2.000000 0.751563 0.820833 2.000000
0 0.591570 0.328094 0.155047 0.647187 0.596875 0.058333 2.000000 0.606250 0.050000 2.000000 0.585938 0.050000 2.000000 0.000000 0.000000 0.000000 0.565625 0.056250 1.000000 0.643750 0.139583 2.000000 0.534375 0.139583 2.000000 0.670312 0.237500 1.000000 0.521875 0.231250 1.000000 0.660937 0.308333 1.000000 0.531250 0.312500 1.000000 0.625000 0.335417 2.000000 0.557813 0.339583 2.000000 0.621875 0.485417 2.000000 0.567187 0.487500 2.000000 0.621875 0.620833 1.000000 0.567187 0.616667 2.000000
0 0.983109 0.476354 0.033781 0.463958 0.000000 0.000000 0.000000 0.000000 0.000000 0.000000 0.000000 0.000000 0.000000 0.000000 0.000000 0.000000 0.000000 0.000000 0.000000 0.000000 0.000000 0.000000 0.995313 0.262500 2.000000 0.000000 0.000000 0.000000 0.982812 0.347917 2.000000 0.000000 0.000000 0.000000 0.000000 0.000000 0.000000 0.000000 0.000000 0.000000 0.000000 0.000000 0.000000 0.000000 0.000000 0.000000 0.000000 0.000000 0.000000 0.000000 0.000000 0.000000 0.976562 0.652083 2.000000
0 0.087250 0.456750 0.067125 0.530208 0.078125 0.268750 2.000000 0.082812 0.256250 2.000000 0.000000 0.000000 0.000000 0.000000 0.000000 0.000000 0.000000 0.000000 0.000000 0.090625 0.325000 1.000000 0.000000 0.000000 0.000000 0.103125 0.416667 2.000000 0.000000 0.000000 0.000000 0.084375 0.445833 2.000000 0.000000 0.000000 0.000000 0.092188 0.481250 2.000000 0.057813 0.489583 1.000000 0.068750 0.612500 2.000000 0.087500 0.604167 2.000000 0.065625 0.675000 2.000000 0.098437 0.668750 2.000000
0 0.064047 0.405615 0.128094 0.707854 0.000000 0.000000 0.000000 0.000000 0.000000 0.000000 0.000000 0.000000 0.000000 0.000000 0.000000 0.000000 0.000000 0.000000 0.000000 0.017188 0.125000 2.000000 0.000000 0.000000 0.000000 0.114062 0.072917 2.000000 0.000000 0.000000 0.000000 0.017188 0.079167 2.000000 0.000000 0.000000 0.000000 0.004687 0.345833 2.000000 0.000000 0.000000 0.000000 0.025000 0.508333 2.000000 0.000000 0.000000 0.000000 0.000000 0.000000 0.000000 0.000000 0.000000 0.000000
0 0.828375 0.292135 0.126406 0.480896 0.796875 0.112500 2.000000 0.806250 0.100000 2.000000 0.790625 0.102083 2.000000 0.814063 0.110417 2.000000 0.770312 0.114583 2.000000 0.832812 0.193750 2.000000 0.000000 0.000000 0.000000 0.864062 0.283333 2.000000 0.000000 0.000000 0.000000 0.845313 0.364583 2.000000 0.000000 0.000000 0.000000 0.814063 0.397917 1.000000 0.000000 0.000000 0.000000 0.840625 0.520833 1.000000 0.000000 0.000000 0.000000 0.000000 0.000000 0.000000 0.000000 0.000000 0.000000
0 0.438375 0.615760 0.209781 0.228229 0.000000 0.000000 0.000000 0.000000 0.000000 0.000000 0.000000 0.000000 0.000000 0.000000 0.000000 0.000000 0.485938 0.558333 2.000000 0.000000 0.000000 0.000000 0.451562 0.558333 1.000000 0.000000 0.000000 0.000000 0.457813 0.650000 1.000000 0.000000 0.000000 0.000000 0.489063 0.637500 2.000000 0.000000 0.000000 0.000000 0.382812 0.641667 2.000000 0.000000 0.000000 0.000000 0.440625 0.720833 2.000000 0.000000 0.000000 0.000000 0.357812 0.706250 2.000000
0 0.680141 0.451979 0.101063 0.525125 0.712500 0.241667 2.000000 0.000000 0.000000 0.000000 0.703125 0.233333 2.000000 0.000000 0.000000 0.000000 0.685937 0.245833 2.000000 0.735938 0.310417 1.000000 0.667188 0.300000 1.000000 0.000000 0.000000 0.000000 0.651563 0.397917 1.000000 0.000000 0.000000 0.000000 0.678125 0.470833 2.000000 0.717187 0.462500 1.000000 0.671875 0.458333 2.000000 0.728125 0.570833 1.000000 0.668750 0.570833 2.000000 0.726562 0.689583 2.000000 0.657813 0.697917 2.000000
