0 0.570410 0.535013 0.473540 0.908075 0.536000 0.350000 2.000000 0.574000 0.295000 2.000000 0.496000 0.302500 2.000000 0.648000 0.310000 2.000000 0.450000 0.335000 2.000000 0.726000 0.540000 2.000000 0.406000 0.562500 2.000000 0.770000 0.847500 2.000000 0.382000 0.847500 2.000000 0.642000 0.767500 2.000000 0.476000 0.842500 2.000000 0.000000 0.000000 0.000000 0.000000 0.000000 0.000000 0.000000 0.000000 0.000000 0.000000 0.000000 0.000000 0.000000 0.000000 0.000000 0.000000 0.000000 0.000000
0 0.726360 0.230000 0.120880 0.215050 0.732000 0.242500 2.000000 0.742000 0.220000 2.000000 0.716000 0.222500 2.000000 0.000000 0.000000 0.000000 0.684000 0.222500 2.000000 0.758000 0.270000 1.000000 0.656000 0.265000 1.000000 0.000000 0.000000 0.000000 0.000000 0.000000 0.000000 0.000000 0.000000 0.000000 0.000000 0.000000 0.000000 0.000000 0.000000 0.000000 0.000000 0.000000 0.000000 0.000000 0.000000 0.000000 0.000000 0.000000 0.000000 0.000000 0.000000 0.000000 0.000000 0.000000 0.000000
0 0.245950 0.238738 0.185580 0.380625 0.000000 0.000000 0.000000 0.000000 0.000000 0.000000 0.000000 0.000000 0.000000 0.000000 0.000000 0.000000 0.000000 0.000000 0.000000 0.156000 0.180000 1.000000 0.244000 0.180000 2.000000 0.000000 0.000000 0.000000 0.266000 0.257500 2.000000 0.000000 0.000000 0.000000 0.000000 0.000000 0.000000 0.180000 0.400000 1.000000 0.264000 0.392500 2.000000 0.000000 0.000000 0.000000 0.000000 0.000000 0.000000 0.000000 0.000000 0.000000 0.000000 0.000000 0.000000
0 0.184750 0.673763 0.369500 0.652475 0.000000 0.000000 0.000000 0.000000 0.000000 0.000000 0.000000 0.000000 0.000000 0.000000 0.000000 0.000000 0.000000 0.000000 0.000000 0.000000 0.000000 0.000000 0.000000 0.000000 0.000000 0.000000 0.000000 0.000000 0.004000 0.730000 2.000000 0.000000 0.000000 0.000000 0.124000 0.502500 2.000000 0.110000 0.887500 2.000000 0.000000 0.000000 0.000000 0.000000 0.000000 0.000000 0.000000 0.000000 0.000000 0.000000 0.000000 0.000000 0.000000 0.000000 0.000000
0 0.107870 0.242700 0.212140 0.480900 0.000000 0.000000 0.000000 0.000000 0.000000 0.000000 0.000000 0.000000 0.000000 0.028000 0.062500 2.000000 0.000000 0.000000 0.000000 0.136000 0.185000 2.000000 0.000000 0.000000 0.000000 0.194000 0.317500 2.000000 0.006000 0.335000 2.000000 0.112000 0.382500 2.000000 0.034000 0.407500 2.000000 0.094000 0.435000 1.000000 0.022000 0.447500 1.000000 0.112000 0.582500 1.000000 0.028000 0.597500 1.000000 0.150000 0.695000 1.000000 0.000000 0.000000 0.000000
0 0.283140 0.152812 0.070120 0.179775 0.000000 0.000000 0.000000 0.000000 0.000000 0.000000 0.000000 0.000000 0.000000 0.266000 0.107500 2.000000 0.000000 0.000000 0.000000 0.266000 0.155000 2.000000 0.298000 0.150000 2.000000 0.264000 0.217500 1.000000 0.000000 0.000000 0.000000 0.000000 0.000000 0.000000 0.000000 0.000000 0.000000 0.274000 0.247500 1.000000 0.000000 0.000000 0.000000 0.000000 0.000000 0.000000 0.000000 0.000000 0.000000 0.000000 0.000000 0.000000 0.000000 0.000000 0.000000
0 0.379290 0.100413 0.085900 0.198775 0.000000 0.000000 0.000000 0.000000 0.000000 0.000000 0.000000 0.000000 0.000000 0.000000 0.000000 0.000000 0.000000 0.000000 0.000000 0.000000 0.000000 0.000000 0.382000 0.037500 2.000000 0.000000 0.000000 0.000000 0.392000 0.110000 2.000000 0.000000 0.000000 0.000000 0.402000 0.177500 1.000000 0.000000 0.000000 0.000000 0.000000 0.000000 0.000000 0.000000 0.000000 0.000000 0.000000 0.000000 0.000000 0.000000 0.000000 0.000000 0.000000 0.000000 0.000000
0 0.364940 0.461800 0.215720 0.604500 0.000000 0.000000 0.000000 0.000000 0.000000 0.000000 0.000000 0.000000 0.000000 0.000000 0.000000 0.000000 0.440000 0.325000 2.000000 0.312000 0.387500 2.000000 0.448000 0.447500 2.000000 0.000000 0.000000 0.000000 0.000000 0.000000 0.000000 0.000000 0.000000 0.000000 0.000000 0.000000 0.000000 0.306000 0.700000 2.000000 0.402000 0.745000 1.000000 0.000000 0.000000 0.000000 0.000000 0.000000 0.000000 0.000000 0.000000 0.000000 0.000000 0.000000 0.000000
0 0.789600 0.500088 0.275640 0.653425 0.000000 0.000000 0.000000 0.000000 0.000000 0.000000 0.000000 0.000000 0.000000 0.000000 0.000000 0.000000 0.000000 0.000000 0.000000 0.768000 0.312500 2.000000 0.000000 0.000000 0.000000 0.000000 0.000000 0.000000 0.000000 0.000000 0.000000 0.000000 0.000000 0.000000 0.000000 0.000000 0.000000 0.000000 0.000000 0.000000 0.000000 0.000000 0.000000 0.000000 0.000000 0.000000 0.000000 0.000000 0.000000 0.000000 0.000000 0.000000 0.000000 0.000000 0.000000
0 0.836560 0.500000 0.326880 1.000000 0.000000 0.000000 0.000000 0.000000 0.000000 0.000000 0.000000 0.000000 0.000000 0.000000 0.000000 0.000000 0.000000 0.000000 0.000000 0.000000 0.000000 0.000000 0.988000 0.187500 2.000000 0.000000 0.000000 0.000000 0.784000 0.057500 2.000000 0.000000 0.000000 0.000000 0.000000 0.000000 0.000000 0.000000 0.000000 0.000000 0.896000 0.970000 2.000000 0.000000 0.000000 0.000000 0.000000 0.000000 0.000000 0.000000 0.000000 0.000000 0.000000 0.000000 0.000000
