0 0.379781 0.510106 0.410375 0.957294 0.000000 0.000000 0.000000 0.000000 0.000000 0.000000 0.000000 0.000000 0.000000 0.396875 0.152941 2.000000 0.000000 0.000000 0.000000 0.404687 0.230588 2.000000 0.529687 0.218824 2.000000 0.314063 0.402353 2.000000 0.000000 0.000000 0.000000 0.214062 0.435294 2.000000 0.000000 0.000000 0.000000 0.453125 0.562353 2.000000 0.548438 0.555294 2.000000 0.246875 0.607059 2.000000 0.000000 0.000000 0.000000 0.335938 0.934118 2.000000 0.000000 0.000000 0.000000
0 0.665555 0.338635 0.208922 0.620235 0.648438 0.096471 2.000000 0.654687 0.080000 2.000000 0.635938 0.087059 2.000000 0.000000 0.000000 0.000000 0.617188 0.089412 2.000000 0.687500 0.150588 2.000000 0.607812 0.157647 2.000000 0.714063 0.244706 2.000000 0.593750 0.258824 2.000000 0.740625 0.320000 2.000000 0.621875 0.329412 2.000000 0.660937 0.357647 2.000000 0.610938 0.352941 2.000000 0.678125 0.524706 2.000000 0.629687 0.390588 2.000000 0.664062 0.644706 1.000000 0.620313 0.590588 2.000000
0 0.189516 0.301576 0.134313 0.357318 0.000000 0.000000 0.000000 0.000000 0.000000 0.000000 0.000000 0.000000 0.000000 0.000000 0.000000 0.000000 0.000000 0.000000 0.000000 0.239063 0.242353 2.000000 0.145313 0.240000 2.000000 0.000000 0.000000 0.000000 0.157812 0.329412 1.000000 0.000000 0.000000 0.000000 0.225000 0.289412 2.000000 0.231250 0.395294 1.000000 0.164062 0.392941 2.000000 0.000000 0.000000 0.000000 0.000000 0.000000 0.000000 0.000000 0.000000 0.000000 0.000000 0.000000 0.000000
0 0.031516 0.162459 0.062281 0.240400 0.029687 0.101176 2.000000 0.037500 0.094118 2.000000 0.023438 0.091765 2.000000 0.000000 0.000000 0.000000 0.007812 0.094118 2.000000 0.060937 0.138824 2.000000 0.000000 0.000000 0.000000 0.000000 0.000000 0.000000 0.000000 0.000000 0.000000 0.000000 0.000000 0.000000 0.000000 0.000000 0.000000 0.000000 0.000000 0.000000 0.000000 0.000000 0.000000 0.000000 0.000000 0.000000 0.000000 0.000000 0.000000 0.000000 0.000000 0.000000 0.000000 0.000000 0.000000
0 0.026453 0.251635 0.052344 0.258612 0.032813 0.103529 1.000000 0.035937 0.091765 1.000000 0.023438 0.091765 1.000000 0.000000 0.000000 0.000000 0.004687 0.082353 1.000000 0.053125 0.141176 1.000000 0.000000 0.000000 0.000000 0.000000 0.000000 0.000000 0.000000 0.000000 0.000000 0.000000 0.000000 0.000000 0.000000 0.000000 0.000000 0.042188 0.275294 2.000000 0.000000 0.000000 0.000000 0.000000 0.000000 0.000000 0.000000 0.000000 0.000000 0.000000 0.000000 0.000000 0.000000 0.000000 0.000000
0 0.951414 0.479776 0.097172 0.959553 0.000000 0.000000 0.000000 0.000000 0.000000 0.000000 0.000000 0.000000 0.000000 0.000000 0.000000 0.000000 0.000000 0.000000 0.000000 0.000000 0.000000 0.000000 0.942187 0.237647 2.000000 0.000000 0.000000 0.000000 0.000000 0.000000 0.000000 0.000000 0.000000 0.000000 0.000000 0.000000 0.000000 0.000000 0.000000 0.000000 0.970313 0.548235 2.000000 0.000000 0.000000 0.000000 0.951562 0.825882 2.000000 0.000000 0.000000 0.000000 0.000000 0.000000 0.000000
0 0.856586 0.216988 0.127766 0.314635 0.850000 0.127059 2.000000 0.859375 0.117647 2.000000 0.848437 0.112941 2.000000 0.871875 0.120000 2.000000 0.840625 0.103529 2.000000 0.884375 0.162353 2.000000 0.832812 0.152941 2.000000 0.901563 0.247059 2.000000 0.796875 0.209412 2.000000 0.859375 0.228235 2.000000 0.814063 0.202353 2.000000 0.862500 0.287059 2.000000 0.832812 0.289412 2.000000 0.864062 0.395294 1.000000 0.806250 0.378824 1.000000 0.000000 0.000000 0.000000 0.000000 0.000000 0.000000
0 0.588250 0.126059 0.069406 0.247835 0.603125 0.035294 2.000000 0.607812 0.028235 2.000000 0.596875 0.025882 2.000000 0.000000 0.000000 0.000000 0.587500 0.032941 2.000000 0.626563 0.091765 1.000000 0.582812 0.094118 2.000000 0.000000 0.000000 0.000000 0.570312 0.178824 1.000000 0.000000 0.000000 0.000000 0.557813 0.230588 2.000000 0.000000 0.000000 0.000000 0.578125 0.223529 1.000000 0.000000 0.000000 0.000000 0.000000 0.000000 0.000000 0.000000 0.000000 0.000000 0.000000 0.000000 0.000000
0 0.765906 0.259224 0.132312 0.449506 0.790625 0.112941 2.000000 0.000000 0.000000 0.000000 0.792188 0.098824 2.000000 0.000000 0.000000 0.000000 0.773438 0.089412 2.000000 0.721875 0.136471 2.000000 0.768750 0.141176 2.000000 0.000000 0.000000 0.000000 0.759375 0.249412 2.000000 0.000000 0.000000 0.000000 0.807813 0.230588 2.000000 0.728125 0.322353 2.000000 0.757812 0.334118 1.000000 0.720313 0.477647 1.000000 0.751563 0.482353 2.000000 0.717187 0.609412 1.000000 0.737500 0.618824 1.000000
0 0.039258 0.748200 0.078516 0.422612 0.000000 0.000000 0.000000 0.000000 0.000000 0.000000 0.000000 0.000000 0.000000 0.000000 0.000000 0.000000 0.000000 0.000000 0.000000 0.000000 0.000000 0.000000 0.000000 0.000000 0.000000 0.000000 0.000000 0.000000 0.000000 0.000000 0.000000 0.000000 0.000000 0.000000 0.007812 0.651765 2.000000 0.000000 0.000000 0.000000 0.000000 0.000000 0.000000 0.000000 0.000000 0.000000 0.048438 0.840000 2.000000 0.000000 0.000000 0.000000 0.000000 0.000000 0.000000
