0 0.858953 0.602479 0.096281 0.400917 0.881250 0.466667 2.000000 0.000000 0.000000 0.000000 0.876563 0.456250 2.000000 0.000000 0.000000 0.000000 0.860938 0.443750 2.000000 0.885938 0.479167 2.000000 0.834375 0.468750 2.000000 0.889062 0.545833 2.000000 0.818750 0.512500 2.000000 0.895312 0.593750 2.000000 0.829688 0.487500 2.000000 0.875000 0.595833 2.000000 0.840625 0.595833 2.000000 0.890625 0.666667 2.000000 0.839063 0.670833 2.000000 0.885938 0.750000 2.000000 0.835938 0.758333 2.000000
0 0.686656 0.653156 0.089531 0.349104 0.679688 0.510417 2.000000 0.684375 0.504167 2.000000 0.676562 0.506250 2.000000 0.693750 0.502083 1.000000 0.000000 0.000000 0.000000 0.704688 0.535417 2.000000 0.668750 0.535417 2.000000 0.712500 0.593750 2.000000 0.660937 0.589583 2.000000 0.714063 0.641667 2.000000 0.653125 0.641667 2.000000 0.696875 0.652083 2.000000 0.684375 0.654167 2.000000 0.707812 0.720833 2.000000 0.689063 0.720833 2.000000 0.720313 0.779167 2.000000 0.700000 0.779167 2.000000
0 0.312203 0.574938 0.055250 0.240750 0.314063 0.483333 2.000000 0.315625 0.477083 2.000000 0.309375 0.477083 2.000000 0.000000 0.000000 0.000000 0.298438 0.483333 2.000000 0.307812 0.508333 2.000000 0.298438 0.512500 2.000000 0.312500 0.533333 1.000000 0.300000 0.556250 1.000000 0.321875 0.539583 1.000000 0.323437 0.562500 2.000000 0.000000 0.000000 0.000000 0.000000 0.000000 0.000000 0.000000 0.000000 0.000000 0.000000 0.000000 0.000000 0.000000 0.000000 0.000000 0.000000 0.000000 0.000000
0 0.402586 0.724458 0.190922 0.446042 0.367188 0.558333 2.000000 0.373437 0.556250 2.000000 0.365625 0.550000 2.000000 0.393750 0.552083 2.000000 0.000000 0.000000 0.000000 0.403125 0.577083 2.000000 0.350000 0.581250 2.000000 0.432812 0.631250 2.000000 0.332813 0.647917 2.000000 0.467187 0.639583 2.000000 0.360938 0.689583 2.000000 0.373437 0.706250 2.000000 0.340625 0.710417 2.000000 0.368750 0.797917 2.000000 0.335938 0.800000 2.000000 0.342187 0.893750 2.000000 0.321875 0.906250 2.000000
0 0.277188 0.639271 0.091469 0.362250 0.273438 0.504167 2.000000 0.276562 0.497917 2.000000 0.264062 0.497917 2.000000 0.000000 0.000000 0.000000 0.250000 0.495833 2.000000 0.287500 0.531250 2.000000 0.242188 0.531250 2.000000 0.310937 0.581250 2.000000 0.000000 0.000000 0.000000 0.317188 0.627083 2.000000 0.000000 0.000000 0.000000 0.284375 0.635417 2.000000 0.254688 0.633333 1.000000 0.298438 0.704167 2.000000 0.253125 0.706250 2.000000 0.315625 0.762500 1.000000 0.264062 0.775000 2.000000
0 0.726797 0.556344 0.061500 0.282438 0.715625 0.445833 2.000000 0.721875 0.441667 2.000000 0.710938 0.439583 2.000000 0.731250 0.445833 2.000000 0.000000 0.000000 0.000000 0.728125 0.479167 2.000000 0.703125 0.470833 2.000000 0.743750 0.527083 2.000000 0.000000 0.000000 0.000000 0.737500 0.564583 2.000000 0.000000 0.000000 0.000000 0.723437 0.564583 2.000000 0.000000 0.000000 0.000000 0.721875 0.620833 2.000000 0.000000 0.000000 0.000000 0.723437 0.681250 2.000000 0.000000 0.000000 0.000000
0 0.445562 0.495729 0.057469 0.120042 0.439063 0.468750 2.000000 0.442188 0.462500 2.000000 0.435937 0.460417 2.000000 0.451562 0.462500 2.000000 0.000000 0.000000 0.000000 0.464062 0.493750 2.000000 0.423438 0.495833 2.000000 0.468750 0.527083 1.000000 0.421875 0.535417 2.000000 0.459375 0.545833 1.000000 0.437500 0.547917 2.000000 0.000000 0.000000 0.000000 0.000000 0.000000 0.000000 0.000000 0.000000 0.000000 0.000000 0.000000 0.000000 0.000000 0.000000 0.000000 0.000000 0.000000 0.000000
0 0.542008 0.627875 0.125453 0.390292 0.506250 0.472917 2.000000 0.509375 0.466667 2.000000 0.000000 0.000000 0.000000 0.526563 0.460417 2.000000 0.000000 0.000000 0.000000 0.553125 0.479167 2.000000 0.510938 0.491667 2.000000 0.581250 0.518750 2.000000 0.514062 0.556250 2.000000 0.585938 0.529167 2.000000 0.493750 0.597917 2.000000 0.556250 0.604167 2.000000 0.531250 0.612500 2.000000 0.542188 0.712500 2.000000 0.567187 0.714583 2.000000 0.531250 0.791667 2.000000 0.590625 0.764583 2.000000
0 0.566492 0.436250 0.078234 0.099792 0.539062 0.420833 2.000000 0.542188 0.414583 2.000000 0.535937 0.414583 2.000000 0.554688 0.414583 2.000000 0.000000 0.000000 0.000000 0.565625 0.441667 2.000000 0.528125 0.450000 1.000000 0.600000 0.468750 2.000000 0.000000 0.000000 0.000000 0.570312 0.458333 2.000000 0.000000 0.000000 0.000000 0.000000 0.000000 0.000000 0.000000 0.000000 0.000000 0.000000 0.000000 0.000000 0.000000 0.000000 0.000000 0.000000 0.000000 0.000000 0.000000 0.000000 0.000000
0 0.097977 0.728885 0.136703 0.540438 0.135937 0.529167 2.000000 0.000000 0.000000 0.000000 0.126562 0.518750 2.000000 0.000000 0.000000 0.000000 0.000000 0.000000 0.000000 0.000000 0.000000 0.000000 0.075000 0.606250 2.000000 0.000000 0.000000 0.000000 0.092188 0.733333 2.000000 0.000000 0.000000 0.000000 0.129688 0.839583 2.000000 0.000000 0.000000 0.000000 0.087500 0.818750 2.000000 0.000000 0.000000 0.000000 0.109375 0.970833 2.000000 0.000000 0.000000 0.000000 0.000000 0.000000 0.000000
