0 0.843815 0.423595 0.110114 0.298889 0.885621 0.310458 2.000000 0.000000 0.000000 0.000000 0.880719 0.307190 2.000000 0.000000 0.000000 0.000000 0.862745 0.307190 2.000000 0.877451 0.331699 2.000000 0.820261 0.326797 2.000000 0.000000 0.000000 0.000000 0.856209 0.390523 1.000000 0.000000 0.000000 0.000000 0.000000 0.000000 0.000000 0.856209 0.418301 1.000000 0.826797 0.416667 2.000000 0.843137 0.495098 2.000000 0.818627 0.483660 2.000000 0.833333 0.552288 2.000000 0.802288 0.550654 2.000000
0 0.164314 0.623162 0.327647 0.753676 0.000000 0.000000 0.000000 0.000000 0.000000 0.000000 0.000000 0.000000 0.000000 0.000000 0.000000 0.000000 0.228758 0.357843 2.000000 0.014706 0.344771 2.000000 0.222222 0.464052 2.000000 0.000000 0.000000 0.000000 0.215686 0.684641 2.000000 0.000000 0.000000 0.000000 0.294118 0.743464 2.000000 0.000000 0.000000 0.000000 0.091503 0.732026 2.000000 0.000000 0.000000 0.000000 0.000000 0.000000 0.000000 0.000000 0.000000 0.000000 0.000000 0.000000 0.000000
0 0.320654 0.396454 0.129314 0.409248 0.295752 0.250000 2.000000 0.300654 0.243464 2.000000 0.000000 0.000000 0.000000 0.325163 0.235294 2.000000 0.000000 0.000000 0.000000 0.361111 0.281046 2.000000 0.297386 0.266340 2.000000 0.348039 0.330065 2.000000 0.000000 0.000000 0.000000 0.282680 0.325163 1.000000 0.000000 0.000000 0.000000 0.320261 0.405229 2.000000 0.284314 0.390523 2.000000 0.312092 0.483660 2.000000 0.276144 0.459150 2.000000 0.312092 0.570261 1.000000 0.000000 0.000000 0.000000
0 0.643824 0.337075 0.065163 0.134837 0.000000 0.000000 0.000000 0.000000 0.000000 0.000000 0.000000 0.000000 0.000000 0.000000 0.000000 0.000000 0.000000 0.000000 0.000000 0.638889 0.297386 2.000000 0.665033 0.303922 2.000000 0.633987 0.308824 2.000000 0.663399 0.323529 2.000000 0.627451 0.328431 2.000000 0.660131 0.343137 1.000000 0.633987 0.336601 2.000000 0.648693 0.339869 2.000000 0.627451 0.362745 2.000000 0.642157 0.364379 2.000000 0.624183 0.385621 2.000000 0.637255 0.393791 1.000000
0 0.480408 0.322974 0.046732 0.116144 0.000000 0.000000 0.000000 0.000000 0.000000 0.000000 0.000000 0.000000 0.000000 0.000000 0.000000 0.000000 0.000000 0.000000 0.000000 0.473856 0.285948 2.000000 0.495098 0.287582 2.000000 0.464052 0.300654 2.000000 0.500000 0.300654 2.000000 0.460784 0.292484 2.000000 0.495098 0.312092 2.000000 0.475490 0.318627 2.000000 0.485294 0.318627 2.000000 0.473856 0.346405 2.000000 0.485294 0.344771 2.000000 0.473856 0.367647 2.000000 0.485294 0.359477 2.000000
0 0.745792 0.352410 0.050866 0.148742 0.000000 0.000000 0.000000 0.000000 0.000000 0.000000 0.000000 0.000000 0.000000 0.000000 0.000000 0.000000 0.764706 0.290850 2.000000 0.745098 0.303922 2.000000 0.751634 0.303922 2.000000 0.000000 0.000000 0.000000 0.753268 0.330065 2.000000 0.000000 0.000000 0.000000 0.761438 0.346405 1.000000 0.738562 0.343137 2.000000 0.743464 0.346405 2.000000 0.733660 0.385621 2.000000 0.736928 0.388889 2.000000 0.730392 0.415033 2.000000 0.732026 0.416667 2.000000
0 0.915098 0.444158 0.161471 0.338448 0.000000 0.000000 0.000000 0.000000 0.000000 0.000000 0.000000 0.000000 0.000000 0.000000 0.000000 0.000000 0.941176 0.303922 2.000000 0.880719 0.336601 2.000000 0.944444 0.344771 2.000000 0.848039 0.388889 2.000000 0.972222 0.383987 2.000000 0.843137 0.446078 2.000000 0.991830 0.415033 1.000000 0.857843 0.455882 2.000000 0.895425 0.457516 2.000000 0.861111 0.522876 2.000000 0.900327 0.524510 2.000000 0.861111 0.588235 2.000000 0.875817 0.584967 2.000000
0 0.164428 0.238946 0.068072 0.126912 0.186275 0.236928 2.000000 0.000000 0.000000 0.000000 0.184641 0.225490 2.000000 0.000000 0.000000 0.000000 0.165033 0.215686 2.000000 0.000000 0.000000 0.000000 0.187908 0.287582 1.000000 0.000000 0.000000 0.000000 0.000000 0.000000 0.000000 0.000000 0.000000 0.000000 0.000000 0.000000 0.000000 0.000000 0.000000 0.000000 0.000000 0.000000 0.000000 0.000000 0.000000 0.000000 0.000000 0.000000 0.000000 0.000000 0.000000 0.000000 0.000000 0.000000 0.000000
0 0.097377 0.142198 0.082337 0.082794 0.132353 0.166667 2.000000 0.000000 0.000000 0.000000 0.124183 0.155229 2.000000 0.000000 0.000000 0.000000 0.096405 0.160131 2.000000 0.000000 0.000000 0.000000 0.000000 0.000000 0.000000 0.000000 0.000000 0.000000 0.000000 0.000000 0.000000 0.000000 0.000000 0.000000 0.000000 0.000000 0.000000 0.000000 0.000000 0.000000 0.000000 0.000000 0.000000 0.000000 0.000000 0.000000 0.000000 0.000000 0.000000 0.000000 0.000000 0.000000 0.000000 0.000000 0.000000
0 0.398595 0.345392 0.066928 0.243170 0.000000 0.000000 0.000000 0.000000 0.000000 0.000000 0.000000 0.000000 0.000000 0.390523 0.245098 2.000000 0.410131 0.243464 2.000000 0.374183 0.266340 2.000000 0.421569 0.271242 1.000000 0.000000 0.000000 0.000000 0.000000 0.000000 0.000000 0.000000 0.000000 0.000000 0.000000 0.000000 0.000000 0.382353 0.330065 1.000000 0.406863 0.331699 2.000000 0.000000 0.000000 0.000000 0.000000 0.000000 0.000000 0.000000 0.000000 0.000000 0.000000 0.000000 0.000000
0 0.089796 0.239453 0.116029 0.144755 0.000000 0.000000 0.000000 0.000000 0.000000 0.000000 0.000000 0.000000 0.000000 0.000000 0.000000 0.000000 0.098039 0.220588 2.000000 0.024510 0.285948 1.000000 0.111111 0.300654 1.000000 0.000000 0.000000 0.000000 0.000000 0.000000 0.000000 0.000000 0.000000 0.000000 0.000000 0.000000 0.000000 0.000000 0.000000 0.000000 0.000000 0.000000 0.000000 0.000000 0.000000 0.000000 0.000000 0.000000 0.000000 0.000000 0.000000 0.000000 0.000000 0.000000 0.000000
