0 0.481781 0.672705 0.167437 0.139977 0.000000 0.000000 0.000000 0.000000 0.000000 0.000000 0.000000 0.000000 0.000000 0.000000 0.000000 0.000000 0.000000 0.000000 0.000000 0.535937 0.644028 2.000000 0.515625 0.646370 2.000000 0.532813 0.688525 2.000000 0.503125 0.683841 2.000000 0.539062 0.721311 2.000000 0.503125 0.725995 2.000000 0.492188 0.658080 2.000000 0.471875 0.637002 2.000000 0.492188 0.693208 2.000000 0.453125 0.683841 2.000000 0.459375 0.718970 2.000000 0.420312 0.718970 2.000000
0 0.377945 0.601007 0.148359 0.225105 0.379688 0.543326 2.000000 0.382812 0.538642 2.000000 0.376563 0.538642 2.000000 0.000000 0.000000 0.000000 0.365625 0.538642 2.000000 0.392188 0.555035 2.000000 0.354687 0.559719 2.000000 0.410938 0.564403 2.000000 0.337500 0.571429 2.000000 0.434375 0.564403 2.000000 0.318750 0.580796 2.000000 0.384375 0.622951 2.000000 0.360938 0.622951 2.000000 0.404687 0.639344 2.000000 0.354687 0.651054 2.000000 0.418750 0.690867 2.000000 0.328125 0.693208 2.000000
0 0.371344 0.374075 0.090781 0.319953 0.000000 0.000000 0.000000 0.000000 0.000000 0.000000 0.000000 0.000000 0.000000 0.339062 0.257611 2.000000 0.000000 0.000000 0.000000 0.375000 0.278689 2.000000 0.339062 0.299766 2.000000 0.392188 0.323185 2.000000 0.343750 0.351288 2.000000 0.403125 0.372365 2.000000 0.334375 0.391101 2.000000 0.382812 0.386417 2.000000 0.357812 0.391101 2.000000 0.384375 0.456674 2.000000 0.354687 0.459016 2.000000 0.396875 0.515222 2.000000 0.360938 0.524590 1.000000
0 0.176234 0.313852 0.053781 0.156745 0.000000 0.000000 0.000000 0.000000 0.000000 0.000000 0.000000 0.000000 0.000000 0.000000 0.000000 0.000000 0.000000 0.000000 0.000000 0.171875 0.266979 2.000000 0.182812 0.269321 2.000000 0.164062 0.278689 2.000000 0.000000 0.000000 0.000000 0.151562 0.276347 2.000000 0.000000 0.000000 0.000000 0.168750 0.318501 2.000000 0.179688 0.318501 2.000000 0.173437 0.348946 2.000000 0.168750 0.344262 2.000000 0.190625 0.381733 2.000000 0.165625 0.381733 2.000000
0 0.230977 0.197190 0.070703 0.135785 0.242188 0.147541 2.000000 0.243750 0.142857 2.000000 0.239063 0.145199 2.000000 0.246875 0.140515 2.000000 0.235937 0.145199 2.000000 0.256250 0.170960 2.000000 0.228125 0.170960 2.000000 0.262500 0.199063 2.000000 0.226562 0.206089 2.000000 0.256250 0.238876 2.000000 0.207813 0.241218 2.000000 0.246875 0.222482 2.000000 0.234375 0.224824 2.000000 0.000000 0.000000 0.000000 0.000000 0.000000 0.000000 0.000000 0.000000 0.000000 0.000000 0.000000 0.000000
0 0.383805 0.171511 0.058047 0.177494 0.000000 0.000000 0.000000 0.000000 0.000000 0.000000 0.000000 0.000000 0.000000 0.000000 0.000000 0.000000 0.000000 0.000000 0.000000 0.000000 0.000000 0.000000 0.373437 0.124122 2.000000 0.000000 0.000000 0.000000 0.376563 0.149883 2.000000 0.000000 0.000000 0.000000 0.395313 0.170960 2.000000 0.000000 0.000000 0.000000 0.371875 0.206089 2.000000 0.000000 0.000000 0.000000 0.371875 0.259953 1.000000 0.000000 0.000000 0.000000 0.368750 0.313817 1.000000
0 0.550797 0.207951 0.043250 0.234918 0.000000 0.000000 0.000000 0.000000 0.000000 0.000000 0.000000 0.000000 0.000000 0.000000 0.000000 0.000000 0.000000 0.000000 0.000000 0.557813 0.140515 2.000000 0.551562 0.140515 2.000000 0.565625 0.173302 2.000000 0.551562 0.177986 2.000000 0.570312 0.201405 2.000000 0.551562 0.196721 2.000000 0.557813 0.220141 2.000000 0.550000 0.220141 2.000000 0.554688 0.257611 2.000000 0.548438 0.259953 2.000000 0.554688 0.302108 2.000000 0.548438 0.306792 2.000000
0 0.129719 0.233115 0.052469 0.146698 0.000000 0.000000 0.000000 0.000000 0.000000 0.000000 0.000000 0.000000 0.000000 0.000000 0.000000 0.000000 0.000000 0.000000 0.000000 0.139063 0.199063 2.000000 0.117188 0.203747 2.000000 0.146875 0.229508 2.000000 0.114062 0.255269 2.000000 0.142187 0.250585 2.000000 0.096875 0.259953 1.000000 0.137500 0.276347 2.000000 0.125000 0.276347 2.000000 0.000000 0.000000 0.000000 0.000000 0.000000 0.000000 0.000000 0.000000 0.000000 0.000000 0.000000 0.000000
0 0.418555 0.230363 0.042391 0.213700 0.000000 0.000000 0.000000 0.000000 0.000000 0.000000 0.000000 0.000000 0.000000 0.000000 0.000000 0.000000 0.000000 0.000000 0.000000 0.418750 0.159251 2.000000 0.423438 0.156909 2.000000 0.414062 0.173302 2.000000 0.000000 0.000000 0.000000 0.401562 0.175644 2.000000 0.000000 0.000000 0.000000 0.423438 0.245902 2.000000 0.426563 0.245902 2.000000 0.426563 0.304450 2.000000 0.000000 0.000000 0.000000 0.000000 0.000000 0.000000 0.000000 0.000000 0.000000
0 0.312188 0.242553 0.056125 0.277799 0.000000 0.000000 0.000000 0.000000 0.000000 0.000000 0.000000 0.000000 0.000000 0.000000 0.000000 0.000000 0.000000 0.000000 0.000000 0.289062 0.168618 2.000000 0.323437 0.163934 2.000000 0.285938 0.220141 1.000000 0.328125 0.210773 2.000000 0.295312 0.245902 2.000000 0.325000 0.234192 2.000000 0.303125 0.264637 2.000000 0.318750 0.262295 2.000000 0.307812 0.313817 2.000000 0.325000 0.306792 2.000000 0.306250 0.362998 2.000000 0.323437 0.360656 2.000000
0 0.127813 0.437845 0.052469 0.259251 0.128125 0.341920 2.000000 0.134375 0.337237 2.000000 0.123438 0.337237 2.000000 0.142187 0.341920 2.000000 0.114062 0.341920 2.000000 0.142187 0.353630 2.000000 0.115625 0.355972 2.000000 0.000000 0.000000 0.000000 0.104688 0.374707 2.000000 0.142187 0.327869 2.000000 0.125000 0.351288 2.000000 0.142187 0.426230 2.000000 0.120313 0.428571 2.000000 0.143750 0.494145 2.000000 0.120313 0.496487 2.000000 0.143750 0.543326 2.000000 0.114062 0.548009 2.000000
