0 0.760156 0.681854 0.207750 0.366500 0.710938 0.591667 2.000000 0.717187 0.579167 2.000000 0.000000 0.000000 0.000000 0.751563 0.635417 2.000000 0.000000 0.000000 0.000000 0.767188 0.781250 2.000000 0.745313 0.706250 2.000000 0.000000 0.000000 0.000000 0.696875 0.685417 1.000000 0.000000 0.000000 0.000000 0.689063 0.652083 2.000000 0.000000 0.000000 0.000000 0.000000 0.000000 0.000000 0.000000 0.000000 0.000000 0.000000 0.000000 0.000000 0.000000 0.000000 0.000000 0.000000 0.000000 0.000000
0 0.696063 0.821354 0.428094 0.334833 0.000000 0.000000 0.000000 0.000000 0.000000 0.000000 0.000000 0.000000 0.000000 0.548438 0.847917 2.000000 0.729688 0.812500 2.000000 0.000000 0.000000 0.000000 0.785937 0.891667 2.000000 0.000000 0.000000 0.000000 0.000000 0.000000 0.000000 0.539062 0.925000 2.000000 0.000000 0.000000 0.000000 0.000000 0.000000 0.000000 0.000000 0.000000 0.000000 0.000000 0.000000 0.000000 0.000000 0.000000 0.000000 0.000000 0.000000 0.000000 0.000000 0.000000 0.000000
0 0.349719 0.653937 0.210687 0.400000 0.256250 0.558333 2.000000 0.264062 0.543750 2.000000 0.000000 0.000000 0.000000 0.301563 0.562500 2.000000 0.000000 0.000000 0.000000 0.392188 0.620833 2.000000 0.267188 0.618750 2.000000 0.428125 0.772917 2.000000 0.268750 0.766667 2.000000 0.335938 0.858333 1.000000 0.290625 0.845833 1.000000 0.385937 0.850000 1.000000 0.290625 0.835417 1.000000 0.000000 0.000000 0.000000 0.000000 0.000000 0.000000 0.000000 0.000000 0.000000 0.000000 0.000000 0.000000
0 0.075352 0.639604 0.147828 0.273625 0.143750 0.577083 2.000000 0.000000 0.000000 0.000000 0.129688 0.572917 2.000000 0.000000 0.000000 0.000000 0.090625 0.581250 2.000000 0.128125 0.637500 2.000000 0.040625 0.695833 2.000000 0.000000 0.000000 0.000000 0.000000 0.000000 0.000000 0.000000 0.000000 0.000000 0.000000 0.000000 0.000000 0.128125 0.860417 1.000000 0.064062 0.891667 1.000000 0.000000 0.000000 0.000000 0.000000 0.000000 0.000000 0.000000 0.000000 0.000000 0.000000 0.000000 0.000000
0 0.197016 0.585979 0.120500 0.320375 0.232813 0.477083 2.000000 0.000000 0.000000 0.000000 0.223438 0.472917 2.000000 0.000000 0.000000 0.000000 0.198437 0.489583 2.000000 0.132812 0.554167 1.000000 0.214062 0.554167 2.000000 0.000000 0.000000 0.000000 0.000000 0.000000 0.000000 0.000000 0.000000 0.000000 0.000000 0.000000 0.000000 0.000000 0.000000 0.000000 0.000000 0.000000 0.000000 0.000000 0.000000 0.000000 0.000000 0.000000 0.000000 0.000000 0.000000 0.000000 0.000000 0.000000 0.000000
0 0.233148 0.473115 0.080828 0.207354 0.226562 0.412500 2.000000 0.232813 0.404167 2.000000 0.218750 0.406250 2.000000 0.000000 0.000000 0.000000 0.203125 0.414583 2.000000 0.250000 0.466667 2.000000 0.190625 0.468750 1.000000 0.281250 0.535417 1.000000 0.000000 0.000000 0.000000 0.000000 0.000000 0.000000 0.000000 0.000000 0.000000 0.248438 0.593750 1.000000 0.203125 0.597917 1.000000 0.000000 0.000000 0.000000 0.000000 0.000000 0.000000 0.000000 0.000000 0.000000 0.000000 0.000000 0.000000
0 0.382539 0.521135 0.113172 0.279854 0.367188 0.435417 2.000000 0.375000 0.425000 2.000000 0.354687 0.429167 2.000000 0.000000 0.000000 0.000000 0.332813 0.445833 2.000000 0.404687 0.514583 2.000000 0.318750 0.525000 1.000000 0.418750 0.614583 2.000000 0.000000 0.000000 0.000000 0.000000 0.000000 0.000000 0.000000 0.000000 0.000000 0.000000 0.000000 0.000000 0.000000 0.000000 0.000000 0.000000 0.000000 0.000000 0.000000 0.000000 0.000000 0.000000 0.000000 0.000000 0.000000 0.000000 0.000000
0 0.743680 0.494073 0.074047 0.123896 0.764062 0.477083 2.000000 0.771875 0.472917 2.000000 0.759375 0.466667 2.000000 0.000000 0.000000 0.000000 0.739062 0.466667 2.000000 0.000000 0.000000 0.000000 0.742188 0.504167 2.000000 0.000000 0.000000 0.000000 0.000000 0.000000 0.000000 0.000000 0.000000 0.000000 0.000000 0.000000 0.000000 0.000000 0.000000 0.000000 0.000000 0.000000 0.000000 0.000000 0.000000 0.000000 0.000000 0.000000 0.000000 0.000000 0.000000 0.000000 0.000000 0.000000 0.000000
0 0.689258 0.468458 0.109922 0.163417 0.718750 0.425000 2.000000 0.725000 0.416667 2.000000 0.712500 0.418750 2.000000 0.739062 0.420833 2.000000 0.000000 0.000000 0.000000 0.000000 0.000000 0.000000 0.687500 0.462500 2.000000 0.000000 0.000000 0.000000 0.642188 0.518750 2.000000 0.000000 0.000000 0.000000 0.659375 0.512500 2.000000 0.000000 0.000000 0.000000 0.000000 0.000000 0.000000 0.000000 0.000000 0.000000 0.000000 0.000000 0.000000 0.000000 0.000000 0.000000 0.000000 0.000000 0.000000
0 0.906766 0.675677 0.185156 0.536229 0.864062 0.452083 2.000000 0.876563 0.450000 2.000000 0.000000 0.000000 0.000000 0.904687 0.477083 2.000000 0.000000 0.000000 0.000000 0.928125 0.564583 2.000000 0.837500 0.497917 2.000000 0.945312 0.675000 2.000000 0.801562 0.564583 1.000000 0.000000 0.000000 0.000000 0.865625 0.600000 2.000000 0.882812 0.670833 1.000000 0.000000 0.000000 0.000000 0.970313 0.729167 2.000000 0.000000 0.000000 0.000000 0.948438 0.883333 2.000000 0.000000 0.000000 0.000000
0 0.508367 0.587375 0.169203 0.647292 0.484375 0.316667 2.000000 0.493750 0.308333 2.000000 0.484375 0.306250 2.000000 0.528125 0.318750 2.000000 0.000000 0.000000 0.000000 0.557813 0.408333 2.000000 0.481250 0.395833 2.000000 0.573438 0.514583 2.000000 0.473438 0.493750 2.000000 0.503125 0.504167 2.000000 0.442188 0.510417 2.000000 0.531250 0.595833 2.000000 0.470313 0.587500 2.000000 0.525000 0.737500 2.000000 0.487500 0.750000 2.000000 0.575000 0.864583 1.000000 0.509375 0.891667 2.000000
0 0.813484 0.454115 0.086406 0.123229 0.810937 0.429167 2.000000 0.818750 0.422917 2.000000 0.806250 0.422917 2.000000 0.829688 0.433333 2.000000 0.798438 0.433333 2.000000 0.837500 0.475000 2.000000 0.793750 0.466667 2.000000 0.000000 0.000000 0.000000 0.000000 0.000000 0.000000 0.000000 0.000000 0.000000 0.000000 0.000000 0.000000 0.000000 0.000000 0.000000 0.000000 0.000000 0.000000 0.000000 0.000000 0.000000 0.000000 0.000000 0.000000 0.000000 0.000000 0.000000 0.000000 0.000000 0.000000
0 0.078891 0.462688 0.129062 0.156333 0.073438 0.427083 2.000000 0.078125 0.420833 2.000000 0.064062 0.422917 2.000000 0.000000 0.000000 0.000000 0.046875 0.431250 2.000000 0.109375 0.452083 2.000000 0.029687 0.487500 2.000000 0.140625 0.493750 1.000000 0.065625 0.547917 1.000000 0.000000 0.000000 0.000000 0.071875 0.472917 2.000000 0.000000 0.000000 0.000000 0.000000 0.000000 0.000000 0.000000 0.000000 0.000000 0.000000 0.000000 0.000000 0.000000 0.000000 0.000000 0.000000 0.000000 0.000000
