0 0.374039 0.513509 0.454234 0.948192 0.325000 0.241784 2.000000 0.334375 0.211268 2.000000 0.296875 0.218310 2.000000 0.000000 0.000000 0.000000 0.245312 0.215962 2.000000 0.309375 0.314554 2.000000 0.239063 0.382629 2.000000 0.000000 0.000000 0.000000 0.426563 0.523474 2.000000 0.000000 0.000000 0.000000 0.535937 0.361502 2.000000 0.332813 0.802817 2.000000 0.257812 0.786385 2.000000 0.000000 0.000000 0.000000 0.000000 0.000000 0.000000 0.000000 0.000000 0.000000 0.000000 0.000000 0.000000
0 0.646844 0.449108 0.146094 0.321127 0.639062 0.354460 2.000000 0.653125 0.340376 2.000000 0.628125 0.338028 2.000000 0.678125 0.373239 2.000000 0.000000 0.000000 0.000000 0.693750 0.427230 2.000000 0.592187 0.422535 1.000000 0.681250 0.525822 2.000000 0.582812 0.518779 1.000000 0.656250 0.424883 2.000000 0.606250 0.434272 1.000000 0.656250 0.619718 1.000000 0.598437 0.615023 1.000000 0.000000 0.000000 0.000000 0.000000 0.000000 0.000000 0.000000 0.000000 0.000000 0.000000 0.000000 0.000000
0 0.742742 0.241761 0.141109 0.289108 0.739062 0.164319 2.000000 0.750000 0.150235 2.000000 0.729688 0.147887 2.000000 0.767188 0.169014 2.000000 0.712500 0.169014 2.000000 0.796875 0.276995 2.000000 0.685937 0.276995 2.000000 0.000000 0.000000 0.000000 0.000000 0.000000 0.000000 0.000000 0.000000 0.000000 0.000000 0.000000 0.000000 0.000000 0.000000 0.000000 0.000000 0.000000 0.000000 0.000000 0.000000 0.000000 0.000000 0.000000 0.000000 0.000000 0.000000 0.000000 0.000000 0.000000 0.000000
0 0.884891 0.636467 0.184812 0.336455 0.898438 0.575117 2.000000 0.909375 0.556338 2.000000 0.885938 0.553991 2.000000 0.937500 0.558685 2.000000 0.000000 0.000000 0.000000 0.953125 0.652582 2.000000 0.834375 0.650235 2.000000 0.975000 0.776995 1.000000 0.809375 0.776995 1.000000 0.921875 0.741784 2.000000 0.846875 0.746479 2.000000 0.000000 0.000000 0.000000 0.000000 0.000000 0.000000 0.000000 0.000000 0.000000 0.000000 0.000000 0.000000 0.000000 0.000000 0.000000 0.000000 0.000000 0.000000
0 0.474062 0.482793 0.131156 0.394883 0.489063 0.373239 2.000000 0.501563 0.361502 2.000000 0.476562 0.359155 2.000000 0.000000 0.000000 0.000000 0.456250 0.361502 2.000000 0.532813 0.422535 1.000000 0.445312 0.429577 2.000000 0.000000 0.000000 0.000000 0.000000 0.000000 0.000000 0.000000 0.000000 0.000000 0.000000 0.000000 0.000000 0.509375 0.617371 2.000000 0.468750 0.619718 2.000000 0.000000 0.000000 0.000000 0.000000 0.000000 0.000000 0.000000 0.000000 0.000000 0.000000 0.000000 0.000000
0 0.565633 0.730094 0.179078 0.500000 0.581250 0.556338 2.000000 0.592187 0.539906 2.000000 0.567187 0.539906 2.000000 0.617188 0.551643 2.000000 0.548438 0.558685 2.000000 0.635938 0.647887 1.000000 0.520312 0.647887 2.000000 0.642188 0.760563 1.000000 0.482812 0.760563 1.000000 0.000000 0.000000 0.000000 0.542188 0.784038 2.000000 0.609375 0.814554 1.000000 0.535937 0.812207 2.000000 0.621875 0.852113 1.000000 0.500000 0.845070 2.000000 0.000000 0.000000 0.000000 0.000000 0.000000 0.000000
0 0.712539 0.678662 0.189547 0.467418 0.718750 0.523474 2.000000 0.737500 0.507042 2.000000 0.709375 0.502347 2.000000 0.759375 0.528169 2.000000 0.000000 0.000000 0.000000 0.771875 0.607981 2.000000 0.670312 0.610329 2.000000 0.809375 0.711268 1.000000 0.621875 0.680751 2.000000 0.743750 0.579812 2.000000 0.671875 0.593897 2.000000 0.743750 0.852113 2.000000 0.679688 0.849765 2.000000 0.000000 0.000000 0.000000 0.000000 0.000000 0.000000 0.000000 0.000000 0.000000 0.000000 0.000000 0.000000
0 0.826828 0.476080 0.169125 0.409296 0.829688 0.352113 2.000000 0.843750 0.330986 2.000000 0.818750 0.330986 2.000000 0.864062 0.347418 2.000000 0.000000 0.000000 0.000000 0.882812 0.438967 2.000000 0.768750 0.434272 2.000000 0.846875 0.556338 2.000000 0.000000 0.000000 0.000000 0.829688 0.410798 2.000000 0.754687 0.431925 2.000000 0.832812 0.652582 2.000000 0.770312 0.652582 1.000000 0.000000 0.000000 0.000000 0.000000 0.000000 0.000000 0.000000 0.000000 0.000000 0.000000 0.000000 0.000000
0 0.610156 0.853603 0.218875 0.272512 0.626563 0.821596 2.000000 0.634375 0.798122 2.000000 0.609375 0.798122 2.000000 0.648438 0.805164 2.000000 0.581250 0.809859 1.000000 0.670312 0.877934 2.000000 0.545312 0.882629 2.000000 0.720313 0.983568 1.000000 0.498437 0.992958 1.000000 0.000000 0.000000 0.000000 0.559375 0.974178 2.000000 0.000000 0.000000 0.000000 0.000000 0.000000 0.000000 0.000000 0.000000 0.000000 0.000000 0.000000 0.000000 0.000000 0.000000 0.000000 0.000000 0.000000 0.000000
0 0.875984 0.867113 0.207813 0.265775 0.898438 0.823944 2.000000 0.910937 0.812207 2.000000 0.882812 0.809859 2.000000 0.000000 0.000000 0.000000 0.000000 0.000000 0.000000 0.945312 0.892019 2.000000 0.842187 0.884977 2.000000 0.948438 0.988263 2.000000 0.771875 0.990610 1.000000 0.878125 0.901408 2.000000 0.821875 0.903756 2.000000 0.000000 0.000000 0.000000 0.000000 0.000000 0.000000 0.000000 0.000000 0.000000 0.000000 0.000000 0.000000 0.000000 0.000000 0.000000 0.000000 0.000000 0.000000
0 0.429172 0.284425 0.134969 0.293122 0.428125 0.206573 2.000000 0.439063 0.192488 2.000000 0.415625 0.190141 2.000000 0.456250 0.199531 2.000000 0.398438 0.199531 2.000000 0.476562 0.284038 2.000000 0.373437 0.288732 2.000000 0.476562 0.382629 1.000000 0.368750 0.392019 2.000000 0.000000 0.000000 0.000000 0.000000 0.000000 0.000000 0.465625 0.476526 1.000000 0.389062 0.478873 1.000000 0.000000 0.000000 0.000000 0.000000 0.000000 0.000000 0.000000 0.000000 0.000000 0.000000 0.000000 0.000000
0 0.511750 0.140258 0.138313 0.280516 0.518750 0.009390 2.000000 0.000000 0.000000 0.000000 0.000000 0.000000 0.000000 0.000000 0.000000 0.000000 0.484375 0.002347 2.000000 0.557813 0.100939 2.000000 0.467187 0.096244 2.000000 0.545312 0.192488 2.000000 0.000000 0.000000 0.000000 0.489063 0.201878 2.000000 0.000000 0.000000 0.000000 0.000000 0.000000 0.000000 0.000000 0.000000 0.000000 0.000000 0.000000 0.000000 0.000000 0.000000 0.000000 0.000000 0.000000 0.000000 0.000000 0.000000 0.000000
0 0.420617 0.751103 0.139953 0.380939 0.389062 0.612676 2.000000 0.398438 0.593897 2.000000 0.373437 0.591549 2.000000 0.415625 0.615023 1.000000 0.353125 0.619718 1.000000 0.442188 0.708920 2.000000 0.337500 0.706573 1.000000 0.468750 0.856808 2.000000 0.000000 0.000000 0.000000 0.456250 0.964789 1.000000 0.000000 0.000000 0.000000 0.428125 0.969484 1.000000 0.371875 0.974178 1.000000 0.000000 0.000000 0.000000 0.000000 0.000000 0.000000 0.000000 0.000000 0.000000 0.000000 0.000000 0.000000
