0 0.616406 0.519369 0.402688 0.520930 0.500000 0.410299 2.000000 0.000000 0.000000 0.000000 0.000000 0.000000 0.000000 0.000000 0.000000 0.000000 0.000000 0.000000 0.000000 0.542188 0.338870 2.000000 0.450000 0.403654 2.000000 0.612500 0.285714 2.000000 0.451562 0.481728 2.000000 0.684375 0.297342 2.000000 0.481250 0.533223 2.000000 0.614062 0.443522 2.000000 0.560937 0.473422 2.000000 0.684375 0.566445 2.000000 0.610938 0.607973 2.000000 0.781250 0.692691 2.000000 0.709375 0.672757 2.000000
0 0.374898 0.297292 0.184078 0.321728 0.410938 0.177741 2.000000 0.414062 0.171096 2.000000 0.403125 0.171096 2.000000 0.425000 0.167774 2.000000 0.393750 0.167774 2.000000 0.439063 0.215947 2.000000 0.378125 0.212625 2.000000 0.448437 0.289037 2.000000 0.351562 0.244186 2.000000 0.401562 0.307309 2.000000 0.365625 0.282392 2.000000 0.425000 0.325581 2.000000 0.368750 0.323920 2.000000 0.375000 0.353821 2.000000 0.331250 0.337209 2.000000 0.314063 0.418605 2.000000 0.323437 0.418605 2.000000
0 0.257398 0.292791 0.158891 0.250000 0.304688 0.207641 2.000000 0.314063 0.202658 2.000000 0.303125 0.199336 2.000000 0.329688 0.209302 1.000000 0.295312 0.197674 1.000000 0.332813 0.250831 2.000000 0.276562 0.237542 2.000000 0.307812 0.295681 2.000000 0.257812 0.284053 2.000000 0.267188 0.308970 2.000000 0.273438 0.284053 2.000000 0.306250 0.305648 2.000000 0.282813 0.297342 2.000000 0.268750 0.328904 2.000000 0.250000 0.315615 2.000000 0.212500 0.377076 2.000000 0.225000 0.385382 2.000000
0 0.163812 0.134826 0.116250 0.265166 0.000000 0.000000 0.000000 0.000000 0.000000 0.000000 0.000000 0.000000 0.000000 0.000000 0.000000 0.000000 0.000000 0.000000 0.000000 0.148438 0.016611 2.000000 0.198437 0.019934 2.000000 0.128125 0.069767 2.000000 0.214062 0.066445 2.000000 0.145313 0.104651 2.000000 0.195312 0.107973 2.000000 0.154688 0.116279 2.000000 0.189062 0.117940 2.000000 0.146875 0.177741 2.000000 0.181250 0.182724 2.000000 0.137500 0.242525 2.000000 0.171875 0.244186 2.000000
0 0.038852 0.098231 0.077703 0.194468 0.000000 0.000000 0.000000 0.000000 0.000000 0.000000 0.000000 0.000000 0.000000 0.000000 0.000000 0.000000 0.000000 0.000000 0.000000 0.000000 0.000000 0.000000 0.000000 0.000000 0.000000 0.000000 0.000000 0.000000 0.073438 0.011628 2.000000 0.000000 0.000000 0.000000 0.060937 0.054817 2.000000 0.040625 0.039867 1.000000 0.057813 0.044850 2.000000 0.020313 0.109635 2.000000 0.046875 0.111296 2.000000 0.015625 0.164452 2.000000 0.035937 0.169435 2.000000
0 0.083648 0.096080 0.064047 0.189668 0.000000 0.000000 0.000000 0.000000 0.000000 0.000000 0.000000 0.000000 0.000000 0.000000 0.000000 0.000000 0.000000 0.000000 0.000000 0.000000 0.000000 0.000000 0.000000 0.000000 0.000000 0.000000 0.000000 0.000000 0.000000 0.000000 0.000000 0.000000 0.000000 0.000000 0.000000 0.000000 0.000000 0.101562 0.049834 2.000000 0.073438 0.043189 2.000000 0.084375 0.114618 2.000000 0.073438 0.112957 2.000000 0.078125 0.164452 2.000000 0.071875 0.164452 2.000000
0 0.622500 0.142699 0.128937 0.285399 0.000000 0.000000 0.000000 0.000000 0.000000 0.000000 0.000000 0.000000 0.000000 0.000000 0.000000 0.000000 0.000000 0.000000 0.000000 0.664062 0.024917 2.000000 0.595313 0.013289 1.000000 0.671875 0.076412 2.000000 0.579688 0.084718 2.000000 0.612500 0.068106 2.000000 0.000000 0.000000 0.000000 0.646875 0.166113 2.000000 0.590625 0.156146 2.000000 0.615625 0.264120 2.000000 0.576562 0.254153 2.000000 0.000000 0.000000 0.000000 0.000000 0.000000 0.000000
0 0.035523 0.094850 0.069203 0.189169 0.000000 0.000000 0.000000 0.000000 0.000000 0.000000 0.000000 0.000000 0.000000 0.000000 0.000000 0.000000 0.000000 0.000000 0.000000 0.000000 0.000000 0.000000 0.000000 0.000000 0.000000 0.000000 0.000000 0.000000 0.000000 0.000000 0.000000 0.000000 0.000000 0.000000 0.000000 0.000000 0.000000 0.031250 0.046512 2.000000 0.053125 0.048173 1.000000 0.018750 0.109635 1.000000 0.043750 0.116279 1.000000 0.015625 0.166113 1.000000 0.035937 0.174419 1.000000
0 0.784211 0.284269 0.156422 0.303355 0.815625 0.172757 2.000000 0.825000 0.167774 2.000000 0.812500 0.166113 2.000000 0.837500 0.172757 2.000000 0.801562 0.164452 2.000000 0.842187 0.212625 2.000000 0.790625 0.200997 2.000000 0.848437 0.250831 2.000000 0.762500 0.224252 2.000000 0.835938 0.259136 2.000000 0.743750 0.237542 2.000000 0.810937 0.290698 2.000000 0.779687 0.280731 1.000000 0.800000 0.343854 2.000000 0.750000 0.327243 2.000000 0.792188 0.410299 1.000000 0.739062 0.388704 1.000000
0 0.852219 0.351769 0.082469 0.136761 0.000000 0.000000 0.000000 0.000000 0.000000 0.000000 0.000000 0.000000 0.000000 0.000000 0.000000 0.000000 0.000000 0.000000 0.000000 0.000000 0.000000 0.000000 0.837500 0.294020 1.000000 0.000000 0.000000 0.000000 0.867188 0.347176 2.000000 0.000000 0.000000 0.000000 0.881250 0.388704 2.000000 0.000000 0.000000 0.000000 0.837500 0.408638 2.000000 0.000000 0.000000 0.000000 0.000000 0.000000 0.000000 0.000000 0.000000 0.000000 0.000000 0.000000 0.000000
