0 0.446448 0.456180 0.689146 0.858422 0.454167 0.214062 1.000000 0.508333 0.167187 2.000000 0.402083 0.165625 2.000000 0.000000 0.000000 0.000000 0.310417 0.226562 2.000000 0.495833 0.390625 2.000000 0.216667 0.439063 2.000000 0.568750 0.565625 2.000000 0.177083 0.751563 2.000000 0.710417 0.467187 2.000000 0.439583 0.571875 2.000000 0.610417 0.839063 2.000000 0.404167 0.873437 2.000000 0.000000 0.000000 0.000000 0.000000 0.000000 0.000000 0.000000 0.000000 0.000000 0.000000 0.000000 0.000000
0 0.605750 0.475031 0.209542 0.722031 0.666667 0.182812 2.000000 0.668750 0.168750 2.000000 0.652083 0.167187 2.000000 0.000000 0.000000 0.000000 0.000000 0.000000 0.000000 0.000000 0.000000 0.000000 0.583333 0.250000 2.000000 0.000000 0.000000 0.000000 0.583333 0.389062 2.000000 0.000000 0.000000 0.000000 0.637500 0.496875 1.000000 0.000000 0.000000 0.000000 0.645833 0.476562 2.000000 0.000000 0.000000 0.000000 0.639583 0.634375 2.000000 0.000000 0.000000 0.000000 0.618750 0.809375 1.000000
0 0.783625 0.315453 0.127125 0.262781 0.802083 0.217188 2.000000 0.808333 0.209375 2.000000 0.793750 0.209375 2.000000 0.000000 0.000000 0.000000 0.783333 0.209375 2.000000 0.833333 0.237500 2.000000 0.764583 0.234375 2.000000 0.837500 0.278125 2.000000 0.743750 0.273438 2.000000 0.820833 0.259375 2.000000 0.729167 0.303125 2.000000 0.818750 0.315625 2.000000 0.766667 0.314063 2.000000 0.808333 0.365625 2.000000 0.764583 0.364063 2.000000 0.800000 0.421875 2.000000 0.770833 0.406250 1.000000
0 0.852885 0.293391 0.074938 0.246625 0.820833 0.190625 1.000000 0.827083 0.189062 2.000000 0.000000 0.000000 0.000000 0.845833 0.195312 2.000000 0.000000 0.000000 0.000000 0.862500 0.221875 2.000000 0.806250 0.217188 1.000000 0.879167 0.257812 2.000000 0.000000 0.000000 0.000000 0.837500 0.259375 1.000000 0.000000 0.000000 0.000000 0.837500 0.293750 1.000000 0.800000 0.292187 1.000000 0.835417 0.342187 1.000000 0.000000 0.000000 0.000000 0.827083 0.401562 2.000000 0.000000 0.000000 0.000000
0 0.948427 0.292602 0.097146 0.248891 0.000000 0.000000 0.000000 0.000000 0.000000 0.000000 0.000000 0.000000 0.000000 0.945833 0.200000 1.000000 0.987500 0.196875 2.000000 0.935417 0.228125 2.000000 0.000000 0.000000 0.000000 0.918750 0.270313 2.000000 0.000000 0.000000 0.000000 0.914583 0.315625 2.000000 0.000000 0.000000 0.000000 0.937500 0.320312 2.000000 0.991667 0.320312 2.000000 0.939583 0.378125 2.000000 0.985417 0.376563 2.000000 0.941667 0.428125 1.000000 0.989583 0.420312 1.000000
0 0.840073 0.697187 0.319854 0.602250 0.000000 0.000000 0.000000 0.000000 0.000000 0.000000 0.000000 0.000000 0.000000 0.000000 0.000000 0.000000 0.000000 0.000000 0.000000 0.958333 0.468750 2.000000 0.000000 0.000000 0.000000 0.768750 0.889062 2.000000 0.000000 0.000000 0.000000 0.927083 0.801562 2.000000 0.000000 0.000000 0.000000 0.000000 0.000000 0.000000 0.000000 0.000000 0.000000 0.000000 0.000000 0.000000 0.000000 0.000000 0.000000 0.000000 0.000000 0.000000 0.000000 0.000000 0.000000
0 0.124625 0.354734 0.111125 0.308562 0.150000 0.237500 2.000000 0.000000 0.000000 0.000000 0.150000 0.226562 2.000000 0.000000 0.000000 0.000000 0.133333 0.225000 2.000000 0.114583 0.260937 2.000000 0.100000 0.243750 2.000000 0.147917 0.292187 2.000000 0.158333 0.262500 2.000000 0.175000 0.271875 2.000000 0.164583 0.248438 2.000000 0.125000 0.331250 2.000000 0.110417 0.332813 2.000000 0.135417 0.403125 2.000000 0.114583 0.404687 2.000000 0.129167 0.475000 2.000000 0.106250 0.478125 2.000000
0 0.044594 0.306797 0.066396 0.203375 0.000000 0.000000 0.000000 0.000000 0.000000 0.000000 0.000000 0.000000 0.000000 0.000000 0.000000 0.000000 0.000000 0.000000 0.000000 0.006250 0.248438 1.000000 0.045833 0.248438 2.000000 0.000000 0.000000 0.000000 0.060417 0.278125 2.000000 0.000000 0.000000 0.000000 0.070833 0.300000 2.000000 0.016667 0.310937 1.000000 0.043750 0.309375 2.000000 0.037500 0.350000 2.000000 0.020833 0.354687 1.000000 0.054167 0.395313 2.000000 0.010417 0.385937 1.000000
0 0.177719 0.306969 0.085979 0.218031 0.150000 0.231250 1.000000 0.154167 0.223438 1.000000 0.000000 0.000000 0.000000 0.162500 0.223438 2.000000 0.000000 0.000000 0.000000 0.193750 0.245312 2.000000 0.118750 0.257812 1.000000 0.202083 0.284375 2.000000 0.000000 0.000000 0.000000 0.204167 0.317188 2.000000 0.000000 0.000000 0.000000 0.193750 0.320312 2.000000 0.154167 0.325000 1.000000 0.202083 0.384375 1.000000 0.164583 0.389062 2.000000 0.206250 0.460938 1.000000 0.181250 0.462500 1.000000
0 0.732917 0.276836 0.072375 0.154484 0.754167 0.217188 2.000000 0.756250 0.214062 2.000000 0.750000 0.214062 2.000000 0.000000 0.000000 0.000000 0.000000 0.000000 0.000000 0.762500 0.228125 2.000000 0.727083 0.229687 2.000000 0.000000 0.000000 0.000000 0.704167 0.242188 2.000000 0.000000 0.000000 0.000000 0.725000 0.257812 2.000000 0.760417 0.270313 2.000000 0.735417 0.271875 2.000000 0.000000 0.000000 0.000000 0.000000 0.000000 0.000000 0.000000 0.000000 0.000000 0.000000 0.000000 0.000000
