0 0.594760 0.630047 0.253960 0.731247 0.560000 0.407059 2.000000 0.574000 0.385882 2.000000 0.542000 0.392941 2.000000 0.000000 0.000000 0.000000 0.000000 0.000000 0.000000 0.684000 0.477647 2.000000 0.534000 0.489412 2.000000 0.688000 0.630588 1.000000 0.478000 0.630588 2.000000 0.594000 0.583529 2.000000 0.502000 0.592941 2.000000 0.630000 0.790588 1.000000 0.546000 0.809412 2.000000 0.000000 0.000000 0.000000 0.000000 0.000000 0.000000 0.000000 0.000000 0.000000 0.000000 0.000000 0.000000
0 0.853820 0.560247 0.287160 0.879506 0.000000 0.000000 0.000000 0.000000 0.000000 0.000000 0.000000 0.000000 0.000000 0.864000 0.280000 2.000000 0.000000 0.000000 0.000000 0.822000 0.392941 2.000000 0.000000 0.000000 0.000000 0.726000 0.534118 2.000000 0.000000 0.000000 0.000000 0.782000 0.371765 2.000000 0.000000 0.000000 0.000000 0.852000 0.790588 2.000000 0.976000 0.797647 2.000000 0.000000 0.000000 0.000000 0.000000 0.000000 0.000000 0.000000 0.000000 0.000000 0.000000 0.000000 0.000000
0 0.245780 0.588318 0.288360 0.823365 0.264000 0.284706 2.000000 0.276000 0.265882 2.000000 0.234000 0.258824 2.000000 0.000000 0.000000 0.000000 0.208000 0.275294 2.000000 0.266000 0.402353 2.000000 0.192000 0.390588 2.000000 0.284000 0.571765 2.000000 0.160000 0.571765 2.000000 0.332000 0.534118 2.000000 0.300000 0.527059 2.000000 0.290000 0.724706 2.000000 0.208000 0.736471 2.000000 0.000000 0.000000 0.000000 0.000000 0.000000 0.000000 0.000000 0.000000 0.000000 0.000000 0.000000 0.000000
0 0.391920 0.420671 0.138640 0.426988 0.000000 0.000000 0.000000 0.000000 0.000000 0.000000 0.000000 0.000000 0.000000 0.338000 0.251765 2.000000 0.000000 0.000000 0.000000 0.000000 0.000000 0.000000 0.392000 0.322353 2.000000 0.000000 0.000000 0.000000 0.416000 0.407059 2.000000 0.000000 0.000000 0.000000 0.430000 0.491765 2.000000 0.346000 0.440000 1.000000 0.384000 0.447059 2.000000 0.000000 0.000000 0.000000 0.380000 0.576471 2.000000 0.000000 0.000000 0.000000 0.000000 0.000000 0.000000
0 0.076810 0.280212 0.079540 0.138306 0.042000 0.240000 2.000000 0.046000 0.232941 2.000000 0.000000 0.000000 0.000000 0.064000 0.235294 2.000000 0.000000 0.000000 0.000000 0.094000 0.272941 2.000000 0.038000 0.275294 1.000000 0.000000 0.000000 0.000000 0.000000 0.000000 0.000000 0.000000 0.000000 0.000000 0.000000 0.000000 0.000000 0.000000 0.000000 0.000000 0.000000 0.000000 0.000000 0.000000 0.000000 0.000000 0.000000 0.000000 0.000000 0.000000 0.000000 0.000000 0.000000 0.000000 0.000000
0 0.032950 0.708847 0.064940 0.582306 0.000000 0.000000 0.000000 0.000000 0.000000 0.000000 0.000000 0.000000 0.000000 0.000000 0.000000 0.000000 0.000000 0.000000 0.000000 0.000000 0.000000 0.000000 0.002000 0.440000 2.000000 0.000000 0.000000 0.000000 0.022000 0.632941 2.000000 0.000000 0.000000 0.000000 0.044000 0.802353 2.000000 0.000000 0.000000 0.000000 0.000000 0.000000 0.000000 0.000000 0.000000 0.000000 0.000000 0.000000 0.000000 0.000000 0.000000 0.000000 0.000000 0.000000 0.000000
0 0.054450 0.361765 0.108900 0.277741 0.000000 0.000000 0.000000 0.000000 0.000000 0.000000 0.000000 0.000000 0.000000 0.000000 0.000000 0.000000 0.000000 0.000000 0.000000 0.006000 0.258824 2.000000 0.006000 0.256471 2.000000 0.000000 0.000000 0.000000 0.082000 0.395294 2.000000 0.000000 0.000000 0.000000 0.032000 0.484706 1.000000 0.000000 0.000000 0.000000 0.030000 0.508235 1.000000 0.000000 0.000000 0.000000 0.000000 0.000000 0.000000 0.000000 0.000000 0.000000 0.000000 0.000000 0.000000
0 0.137840 0.453682 0.102600 0.440353 0.000000 0.000000 0.000000 0.000000 0.000000 0.000000 0.000000 0.000000 0.000000 0.000000 0.000000 0.000000 0.000000 0.000000 0.000000 0.108000 0.338824 2.000000 0.164000 0.336471 2.000000 0.000000 0.000000 0.000000 0.000000 0.000000 0.000000 0.000000 0.000000 0.000000 0.000000 0.000000 0.000000 0.114000 0.416471 2.000000 0.146000 0.416471 1.000000 0.000000 0.000000 0.000000 0.000000 0.000000 0.000000 0.000000 0.000000 0.000000 0.134000 0.625882 2.000000
0 0.739710 0.356000 0.077980 0.125600 0.000000 0.000000 0.000000 0.000000 0.000000 0.000000 0.000000 0.000000 0.000000 0.000000 0.000000 0.000000 0.000000 0.000000 0.000000 0.760000 0.310588 2.000000 0.000000 0.000000 0.000000 0.708000 0.360000 2.000000 0.000000 0.000000 0.000000 0.734000 0.402353 2.000000 0.000000 0.000000 0.000000 0.754000 0.411765 1.000000 0.000000 0.000000 0.000000 0.000000 0.000000 0.000000 0.000000 0.000000 0.000000 0.000000 0.000000 0.000000 0.000000 0.000000 0.000000
0 0.710840 0.363282 0.091840 0.228353 0.000000 0.000000 0.000000 0.000000 0.000000 0.000000 0.000000 0.000000 0.000000 0.000000 0.000000 0.000000 0.000000 0.000000 0.000000 0.000000 0.000000 0.000000 0.760000 0.310588 1.000000 0.000000 0.000000 0.000000 0.706000 0.357647 2.000000 0.000000 0.000000 0.000000 0.732000 0.402353 1.000000 0.000000 0.000000 0.000000 0.000000 0.000000 0.000000 0.000000 0.000000 0.000000 0.000000 0.000000 0.000000 0.000000 0.000000 0.000000 0.000000 0.000000 0.000000
