0 0.638695 0.496271 0.240453 0.380625 0.642188 0.410417 2.000000 0.662500 0.391667 2.000000 0.632812 0.391667 2.000000 0.689063 0.402083 2.000000 0.000000 0.000000 0.000000 0.700000 0.470833 2.000000 0.625000 0.456250 2.000000 0.635938 0.614583 2.000000 0.584375 0.556250 2.000000 0.598437 0.587500 2.000000 0.539062 0.581250 2.000000 0.720313 0.683333 1.000000 0.650000 0.656250 1.000000 0.000000 0.000000 0.000000 0.000000 0.000000 0.000000 0.000000 0.000000 0.000000 0.000000 0.000000 0.000000
0 0.827523 0.641385 0.337078 0.717229 0.862500 0.416667 2.000000 0.887500 0.393750 2.000000 0.848437 0.389583 2.000000 0.931250 0.410417 2.000000 0.000000 0.000000 0.000000 0.000000 0.000000 0.000000 0.806250 0.518750 2.000000 0.000000 0.000000 0.000000 0.751563 0.662500 2.000000 0.000000 0.000000 0.000000 0.684375 0.750000 2.000000 0.909375 0.852083 2.000000 0.817187 0.804167 1.000000 0.781250 0.995833 1.000000 0.000000 0.000000 0.000000 0.000000 0.000000 0.000000 0.000000 0.000000 0.000000
0 0.532234 0.380042 0.206844 0.347542 0.590625 0.283333 2.000000 0.603125 0.268750 2.000000 0.581250 0.272917 2.000000 0.628125 0.275000 2.000000 0.573438 0.275000 1.000000 0.642188 0.347917 1.000000 0.576562 0.347917 2.000000 0.000000 0.000000 0.000000 0.534375 0.452083 2.000000 0.000000 0.000000 0.000000 0.465625 0.483333 2.000000 0.567187 0.537500 1.000000 0.529687 0.527083 2.000000 0.000000 0.000000 0.000000 0.000000 0.000000 0.000000 0.000000 0.000000 0.000000 0.000000 0.000000 0.000000
0 0.286516 0.731469 0.320219 0.514604 0.270313 0.591667 2.000000 0.273438 0.556250 2.000000 0.235937 0.570833 2.000000 0.000000 0.000000 0.000000 0.184375 0.608333 2.000000 0.000000 0.000000 0.000000 0.223438 0.762500 2.000000 0.000000 0.000000 0.000000 0.296875 0.989583 1.000000 0.000000 0.000000 0.000000 0.392188 0.929167 2.000000 0.000000 0.000000 0.000000 0.000000 0.000000 0.000000 0.000000 0.000000 0.000000 0.000000 0.000000 0.000000 0.000000 0.000000 0.000000 0.000000 0.000000 0.000000
0 0.073313 0.664042 0.146625 0.631458 0.106250 0.452083 2.000000 0.117188 0.435417 2.000000 0.085938 0.433333 2.000000 0.000000 0.000000 0.000000 0.048438 0.443750 2.000000 0.117188 0.518750 2.000000 0.042188 0.587500 2.000000 0.000000 0.000000 0.000000 0.062500 0.783333 2.000000 0.000000 0.000000 0.000000 0.000000 0.000000 0.000000 0.162500 0.739583 1.000000 0.110937 0.839583 2.000000 0.000000 0.000000 0.000000 0.000000 0.000000 0.000000 0.000000 0.000000 0.000000 0.000000 0.000000 0.000000
0 0.179484 0.421188 0.114594 0.270125 0.218750 0.387500 2.000000 0.000000 0.000000 0.000000 0.212500 0.375000 2.000000 0.000000 0.000000 0.000000 0.184375 0.366667 2.000000 0.154688 0.385417 2.000000 0.110937 0.445833 1.000000 0.259375 0.387500 1.000000 0.000000 0.000000 0.000000 0.000000 0.000000 0.000000 0.000000 0.000000 0.000000 0.171875 0.587500 1.000000 0.131250 0.627083 1.000000 0.000000 0.000000 0.000000 0.000000 0.000000 0.000000 0.000000 0.000000 0.000000 0.000000 0.000000 0.000000
0 0.124250 0.259115 0.092937 0.132938 0.114062 0.222917 2.000000 0.115625 0.214583 2.000000 0.107813 0.218750 2.000000 0.123438 0.208333 2.000000 0.103125 0.225000 2.000000 0.140625 0.235417 2.000000 0.101562 0.254167 2.000000 0.165625 0.250000 2.000000 0.092188 0.287500 2.000000 0.000000 0.000000 0.000000 0.000000 0.000000 0.000000 0.000000 0.000000 0.000000 0.000000 0.000000 0.000000 0.000000 0.000000 0.000000 0.000000 0.000000 0.000000 0.000000 0.000000 0.000000 0.000000 0.000000 0.000000
0 0.353328 0.234167 0.058562 0.186500 0.000000 0.000000 0.000000 0.000000 0.000000 0.000000 0.000000 0.000000 0.000000 0.346875 0.160417 2.000000 0.000000 0.000000 0.000000 0.339062 0.185417 2.000000 0.373437 0.183333 2.000000 0.329688 0.220833 2.000000 0.381250 0.197917 2.000000 0.345313 0.216667 2.000000 0.000000 0.000000 0.000000 0.356250 0.260417 2.000000 0.378125 0.258333 2.000000 0.337500 0.247917 1.000000 0.000000 0.000000 0.000000 0.335938 0.295833 2.000000 0.000000 0.000000 0.000000
0 0.498383 0.366135 0.120734 0.229188 0.495312 0.314583 2.000000 0.501563 0.304167 2.000000 0.487500 0.306250 2.000000 0.521875 0.295833 2.000000 0.000000 0.000000 0.000000 0.551562 0.354167 2.000000 0.476562 0.354167 2.000000 0.000000 0.000000 0.000000 0.459375 0.439583 2.000000 0.000000 0.000000 0.000000 0.000000 0.000000 0.000000 0.504687 0.483333 1.000000 0.470313 0.466667 2.000000 0.000000 0.000000 0.000000 0.000000 0.000000 0.000000 0.000000 0.000000 0.000000 0.000000 0.000000 0.000000
0 0.309969 0.176833 0.060406 0.103292 0.314063 0.160417 2.000000 0.000000 0.000000 0.000000 0.310937 0.156250 2.000000 0.000000 0.000000 0.000000 0.301563 0.150000 2.000000 0.317188 0.162500 2.000000 0.287500 0.166667 2.000000 0.000000 0.000000 0.000000 0.298438 0.197917 2.000000 0.000000 0.000000 0.000000 0.321875 0.187500 2.000000 0.315625 0.216667 1.000000 0.293750 0.220833 2.000000 0.000000 0.000000 0.000000 0.000000 0.000000 0.000000 0.000000 0.000000 0.000000 0.000000 0.000000 0.000000
