0 0.292547 0.679180 0.176125 0.557049 0.303125 0.463700 2.000000 0.314063 0.451991 2.000000 0.293750 0.451991 2.000000 0.323437 0.459016 2.000000 0.281250 0.459016 2.000000 0.350000 0.538642 2.000000 0.256250 0.536300 2.000000 0.359375 0.658080 2.000000 0.217188 0.629977 2.000000 0.326562 0.735363 2.000000 0.248438 0.714286 2.000000 0.351562 0.704918 2.000000 0.285938 0.751756 2.000000 0.359375 0.747073 2.000000 0.307812 0.896956 2.000000 0.346875 0.894614 2.000000 0.000000 0.000000 0.000000
0 0.449117 0.657600 0.153328 0.518806 0.454688 0.480094 2.000000 0.464062 0.468384 2.000000 0.445312 0.468384 2.000000 0.479687 0.475410 2.000000 0.432812 0.475410 2.000000 0.492188 0.571429 2.000000 0.398438 0.552693 2.000000 0.495312 0.681499 2.000000 0.385937 0.658080 2.000000 0.445312 0.737705 2.000000 0.378125 0.747073 2.000000 0.464062 0.728337 2.000000 0.396875 0.737705 2.000000 0.506250 0.742389 2.000000 0.423438 0.906323 2.000000 0.507812 0.903981 1.000000 0.428125 0.875878 2.000000
0 0.181414 0.546066 0.140922 0.687635 0.196875 0.262295 2.000000 0.204687 0.255269 2.000000 0.187500 0.252927 2.000000 0.000000 0.000000 0.000000 0.170313 0.262295 2.000000 0.237500 0.341920 2.000000 0.140625 0.337237 2.000000 0.234375 0.461358 2.000000 0.118750 0.456674 2.000000 0.000000 0.000000 0.000000 0.145313 0.524590 2.000000 0.215625 0.491803 2.000000 0.171875 0.491803 2.000000 0.207813 0.695550 2.000000 0.154688 0.697892 2.000000 0.210938 0.826698 2.000000 0.150000 0.819672 1.000000
0 0.737258 0.689496 0.158422 0.547939 0.717187 0.484778 2.000000 0.725000 0.470726 2.000000 0.706250 0.473068 2.000000 0.737500 0.475410 2.000000 0.698438 0.475410 1.000000 0.770312 0.564403 2.000000 0.675000 0.571429 2.000000 0.784375 0.667447 2.000000 0.676562 0.688525 2.000000 0.801562 0.728337 2.000000 0.675000 0.796253 2.000000 0.746875 0.718970 2.000000 0.695312 0.742389 2.000000 0.801562 0.768150 2.000000 0.715625 0.899297 2.000000 0.764062 0.920375 2.000000 0.753125 0.861827 2.000000
0 0.317211 0.404391 0.138609 0.403911 0.315625 0.262295 2.000000 0.325000 0.250585 2.000000 0.307812 0.252927 2.000000 0.337500 0.259953 2.000000 0.296875 0.262295 2.000000 0.368750 0.346604 2.000000 0.270313 0.346604 2.000000 0.379688 0.447307 1.000000 0.264062 0.440281 2.000000 0.000000 0.000000 0.000000 0.000000 0.000000 0.000000 0.350000 0.524590 1.000000 0.293750 0.517564 1.000000 0.000000 0.000000 0.000000 0.000000 0.000000 0.000000 0.000000 0.000000 0.000000 0.000000 0.000000 0.000000
0 0.435172 0.399215 0.127594 0.375105 0.432812 0.266979 2.000000 0.443750 0.255269 2.000000 0.425000 0.252927 2.000000 0.457813 0.264637 2.000000 0.412500 0.259953 1.000000 0.479687 0.351288 2.000000 0.390625 0.351288 2.000000 0.482812 0.454333 1.000000 0.384375 0.451991 2.000000 0.000000 0.000000 0.000000 0.000000 0.000000 0.000000 0.465625 0.533958 1.000000 0.404687 0.533958 1.000000 0.000000 0.000000 0.000000 0.000000 0.000000 0.000000 0.000000 0.000000 0.000000 0.000000 0.000000 0.000000
0 0.558016 0.368208 0.115531 0.376745 0.548438 0.266979 2.000000 0.557813 0.259953 2.000000 0.539062 0.257611 2.000000 0.567187 0.262295 2.000000 0.529687 0.266979 1.000000 0.596875 0.348946 2.000000 0.507812 0.355972 2.000000 0.596875 0.459016 1.000000 0.509375 0.480094 1.000000 0.000000 0.000000 0.000000 0.000000 0.000000 0.000000 0.575000 0.529274 1.000000 0.532813 0.526932 1.000000 0.000000 0.000000 0.000000 0.000000 0.000000 0.000000 0.000000 0.000000 0.000000 0.000000 0.000000 0.000000
0 0.685883 0.459333 0.159609 0.514122 0.675000 0.259953 2.000000 0.685937 0.248244 2.000000 0.664062 0.250585 2.000000 0.698438 0.262295 2.000000 0.656250 0.262295 2.000000 0.732812 0.344262 2.000000 0.631250 0.351288 2.000000 0.748437 0.447307 2.000000 0.615625 0.459016 2.000000 0.000000 0.000000 0.000000 0.000000 0.000000 0.000000 0.707812 0.531616 1.000000 0.650000 0.529274 2.000000 0.000000 0.000000 0.000000 0.643750 0.695550 1.000000 0.000000 0.000000 0.000000 0.640625 0.829040 1.000000
0 0.829930 0.535609 0.148672 0.704052 0.825000 0.243560 2.000000 0.832812 0.231850 2.000000 0.817187 0.231850 2.000000 0.850000 0.236534 2.000000 0.804688 0.243560 1.000000 0.879687 0.320843 2.000000 0.773438 0.323185 2.000000 0.881250 0.433255 2.000000 0.770312 0.447307 2.000000 0.000000 0.000000 0.000000 0.000000 0.000000 0.000000 0.851562 0.505855 2.000000 0.800000 0.503513 2.000000 0.867188 0.697892 2.000000 0.789062 0.693208 1.000000 0.867188 0.826698 2.000000 0.776563 0.819672 1.000000
0 0.238023 0.304871 0.109234 0.462717 0.234375 0.133489 2.000000 0.243750 0.121780 2.000000 0.226562 0.121780 2.000000 0.253125 0.133489 2.000000 0.212500 0.133489 2.000000 0.273438 0.215457 2.000000 0.190625 0.213115 1.000000 0.285938 0.316159 1.000000 0.000000 0.000000 0.000000 0.000000 0.000000 0.000000 0.000000 0.000000 0.000000 0.265625 0.444965 1.000000 0.204687 0.442623 1.000000 0.000000 0.000000 0.000000 0.000000 0.000000 0.000000 0.000000 0.000000 0.000000 0.000000 0.000000 0.000000
0 0.356039 0.193197 0.119672 0.253372 0.346875 0.138173 2.000000 0.354687 0.124122 2.000000 0.337500 0.124122 2.000000 0.365625 0.124122 2.000000 0.326562 0.128806 1.000000 0.384375 0.210773 2.000000 0.310937 0.210773 1.000000 0.400000 0.311475 2.000000 0.292187 0.299766 1.000000 0.000000 0.000000 0.000000 0.293750 0.402810 1.000000 0.370312 0.374707 1.000000 0.317188 0.372365 1.000000 0.000000 0.000000 0.000000 0.000000 0.000000 0.000000 0.000000 0.000000 0.000000 0.000000 0.000000 0.000000
0 0.590727 0.674157 0.158922 0.570796 0.578125 0.470726 2.000000 0.590625 0.459016 2.000000 0.568750 0.454333 2.000000 0.603125 0.459016 1.000000 0.557813 0.461358 2.000000 0.618750 0.559719 2.000000 0.532813 0.548009 2.000000 0.632812 0.653396 2.000000 0.517188 0.672131 2.000000 0.643750 0.702576 2.000000 0.526563 0.772834 2.000000 0.601562 0.709602 2.000000 0.548438 0.730679 2.000000 0.651563 0.747073 2.000000 0.567187 0.901639 2.000000 0.640625 0.925059 2.000000 0.590625 0.840749 2.000000
