0 0.318570 0.547184 0.625220 0.905633 0.612000 0.322289 2.000000 0.610000 0.268072 2.000000 0.594000 0.271084 2.000000 0.000000 0.000000 0.000000 0.536000 0.283133 2.000000 0.366000 0.310241 2.000000 0.428000 0.442771 2.000000 0.000000 0.000000 0.000000 0.366000 0.750000 2.000000 0.554000 0.855422 2.000000 0.000000 0.000000 0.000000 0.000000 0.000000 0.000000 0.000000 0.000000 0.000000 0.000000 0.000000 0.000000 0.000000 0.000000 0.000000 0.000000 0.000000 0.000000 0.000000 0.000000 0.000000
0 0.893040 0.365166 0.153680 0.253946 0.892000 0.328313 2.000000 0.898000 0.316265 2.000000 0.884000 0.316265 2.000000 0.908000 0.325301 2.000000 0.868000 0.322289 2.000000 0.930000 0.403614 2.000000 0.848000 0.403614 2.000000 0.954000 0.481928 1.000000 0.836000 0.500000 1.000000 0.000000 0.000000 0.000000 0.000000 0.000000 0.000000 0.920000 0.524096 1.000000 0.868000 0.530120 1.000000 0.000000 0.000000 0.000000 0.000000 0.000000 0.000000 0.000000 0.000000 0.000000 0.000000 0.000000 0.000000
0 0.628030 0.383343 0.112940 0.242108 0.000000 0.000000 0.000000 0.000000 0.000000 0.000000 0.000000 0.000000 0.000000 0.000000 0.000000 0.000000 0.000000 0.000000 0.000000 0.638000 0.424699 1.000000 0.572000 0.430723 1.000000 0.658000 0.506024 1.000000 0.000000 0.000000 0.000000 0.000000 0.000000 0.000000 0.000000 0.000000 0.000000 0.630000 0.551205 1.000000 0.594000 0.557229 1.000000 0.000000 0.000000 0.000000 0.000000 0.000000 0.000000 0.000000 0.000000 0.000000 0.000000 0.000000 0.000000
0 0.111910 0.325663 0.094500 0.255000 0.134000 0.277108 2.000000 0.138000 0.262048 2.000000 0.124000 0.265060 2.000000 0.000000 0.000000 0.000000 0.108000 0.277108 2.000000 0.144000 0.319277 2.000000 0.088000 0.334337 2.000000 0.136000 0.418675 2.000000 0.092000 0.433735 1.000000 0.148000 0.487952 1.000000 0.124000 0.496988 1.000000 0.140000 0.442771 1.000000 0.100000 0.457831 1.000000 0.000000 0.000000 0.000000 0.000000 0.000000 0.000000 0.000000 0.000000 0.000000 0.000000 0.000000 0.000000
0 0.349580 0.195708 0.137960 0.238645 0.350000 0.147590 2.000000 0.358000 0.132530 2.000000 0.340000 0.135542 2.000000 0.374000 0.135542 2.000000 0.322000 0.144578 2.000000 0.396000 0.198795 2.000000 0.312000 0.204819 2.000000 0.406000 0.286145 1.000000 0.284000 0.286145 1.000000 0.000000 0.000000 0.000000 0.000000 0.000000 0.000000 0.000000 0.000000 0.000000 0.000000 0.000000 0.000000 0.000000 0.000000 0.000000 0.000000 0.000000 0.000000 0.000000 0.000000 0.000000 0.000000 0.000000 0.000000
0 0.785340 0.233193 0.171200 0.367711 0.742000 0.141566 2.000000 0.748000 0.129518 2.000000 0.734000 0.129518 2.000000 0.772000 0.126506 2.000000 0.000000 0.000000 0.000000 0.792000 0.168675 2.000000 0.730000 0.189759 2.000000 0.842000 0.207831 2.000000 0.706000 0.265060 1.000000 0.000000 0.000000 0.000000 0.000000 0.000000 0.000000 0.800000 0.280120 2.000000 0.750000 0.301205 1.000000 0.820000 0.349398 2.000000 0.776000 0.364458 1.000000 0.828000 0.424699 1.000000 0.784000 0.427711 1.000000
0 0.688570 0.092937 0.132500 0.172620 0.000000 0.000000 0.000000 0.000000 0.000000 0.000000 0.000000 0.000000 0.000000 0.000000 0.000000 0.000000 0.000000 0.000000 0.000000 0.732000 0.042169 2.000000 0.642000 0.051205 2.000000 0.000000 0.000000 0.000000 0.000000 0.000000 0.000000 0.000000 0.000000 0.000000 0.000000 0.000000 0.000000 0.730000 0.186747 1.000000 0.662000 0.192771 1.000000 0.000000 0.000000 0.000000 0.000000 0.000000 0.000000 0.000000 0.000000 0.000000 0.000000 0.000000 0.000000
0 0.051590 0.483630 0.102220 0.398645 0.036000 0.355422 2.000000 0.000000 0.000000 0.000000 0.022000 0.343373 2.000000 0.000000 0.000000 0.000000 0.000000 0.000000 0.000000 0.048000 0.451807 2.000000 0.000000 0.000000 0.000000 0.084000 0.551205 1.000000 0.000000 0.000000 0.000000 0.000000 0.000000 0.000000 0.000000 0.000000 0.000000 0.050000 0.659639 1.000000 0.000000 0.000000 0.000000 0.000000 0.000000 0.000000 0.000000 0.000000 0.000000 0.000000 0.000000 0.000000 0.000000 0.000000 0.000000
0 0.060150 0.199187 0.112220 0.263735 0.088000 0.162651 2.000000 0.000000 0.000000 0.000000 0.080000 0.153614 2.000000 0.000000 0.000000 0.000000 0.058000 0.153614 2.000000 0.092000 0.213855 2.000000 0.028000 0.225904 2.000000 0.110000 0.286145 1.000000 0.022000 0.316265 1.000000 0.000000 0.000000 0.000000 0.074000 0.358434 1.000000 0.000000 0.000000 0.000000 0.000000 0.000000 0.000000 0.000000 0.000000 0.000000 0.000000 0.000000 0.000000 0.000000 0.000000 0.000000 0.000000 0.000000 0.000000
0 0.243260 0.300783 0.087880 0.227349 0.266000 0.259036 2.000000 0.266000 0.246988 2.000000 0.256000 0.250000 2.000000 0.000000 0.000000 0.000000 0.240000 0.268072 2.000000 0.274000 0.313253 2.000000 0.224000 0.340361 2.000000 0.000000 0.000000 0.000000 0.228000 0.433735 1.000000 0.000000 0.000000 0.000000 0.000000 0.000000 0.000000 0.000000 0.000000 0.000000 0.000000 0.000000 0.000000 0.000000 0.000000 0.000000 0.000000 0.000000 0.000000 0.000000 0.000000 0.000000 0.000000 0.000000 0.000000
0 0.751540 0.379669 0.129160 0.228916 0.746000 0.355422 2.000000 0.752000 0.337349 2.000000 0.738000 0.337349 2.000000 0.764000 0.331325 2.000000 0.728000 0.337349 2.000000 0.786000 0.376506 2.000000 0.712000 0.400602 2.000000 0.804000 0.457831 2.000000 0.712000 0.475904 2.000000 0.000000 0.000000 0.000000 0.000000 0.000000 0.000000 0.000000 0.000000 0.000000 0.000000 0.000000 0.000000 0.000000 0.000000 0.000000 0.000000 0.000000 0.000000 0.000000 0.000000 0.000000 0.000000 0.000000 0.000000
0 0.036060 0.112952 0.072120 0.223072 0.042000 0.033133 2.000000 0.046000 0.024096 2.000000 0.034000 0.024096 2.000000 0.000000 0.000000 0.000000 0.010000 0.033133 2.000000 0.078000 0.081325 1.000000 0.000000 0.000000 0.000000 0.000000 0.000000 0.000000 0.000000 0.000000 0.000000 0.000000 0.000000 0.000000 0.000000 0.000000 0.000000 0.000000 0.000000 0.000000 0.000000 0.000000 0.000000 0.000000 0.000000 0.000000 0.000000 0.000000 0.000000 0.000000 0.000000 0.000000 0.000000 0.000000 0.000000
