0 0.228031 0.555024 0.080406 0.371741 0.000000 0.000000 0.000000 0.231250 0.395294 1.000000 0.223438 0.397647 2.000000 0.000000 0.000000 0.000000 0.000000 0.000000 0.000000 0.000000 0.000000 0.000000 0.000000 0.000000 0.000000 0.000000 0.000000 0.000000 0.212500 0.501176 1.000000 0.000000 0.000000 0.000000 0.193750 0.538824 2.000000 0.248438 0.571765 2.000000 0.221875 0.571765 1.000000 0.250000 0.623529 2.000000 0.221875 0.630588 2.000000 0.256250 0.712941 2.000000 0.231250 0.715294 2.000000
0 0.274992 0.487659 0.059016 0.335459 0.000000 0.000000 0.000000 0.257812 0.343529 2.000000 0.250000 0.345882 2.000000 0.270313 0.343529 2.000000 0.000000 0.000000 0.000000 0.000000 0.000000 0.000000 0.000000 0.000000 0.000000 0.000000 0.000000 0.000000 0.000000 0.000000 0.000000 0.000000 0.000000 0.000000 0.000000 0.000000 0.000000 0.000000 0.000000 0.000000 0.284375 0.437647 1.000000 0.285938 0.576471 2.000000 0.256250 0.578824 1.000000 0.290625 0.640000 2.000000 0.265625 0.642353 1.000000
0 0.392555 0.533471 0.052953 0.334659 0.371875 0.395294 2.000000 0.375000 0.390588 2.000000 0.370312 0.388235 2.000000 0.385937 0.397647 2.000000 0.000000 0.000000 0.000000 0.398438 0.437647 2.000000 0.354687 0.435294 1.000000 0.409375 0.487059 1.000000 0.000000 0.000000 0.000000 0.000000 0.000000 0.000000 0.000000 0.000000 0.000000 0.396875 0.536471 2.000000 0.368750 0.536471 1.000000 0.396875 0.600000 2.000000 0.371875 0.600000 1.000000 0.398438 0.672941 2.000000 0.375000 0.672941 2.000000
0 0.443359 0.492035 0.047250 0.301529 0.428125 0.367059 2.000000 0.431250 0.360000 2.000000 0.426563 0.360000 2.000000 0.443750 0.362353 2.000000 0.000000 0.000000 0.000000 0.000000 0.000000 0.000000 0.000000 0.000000 0.000000 0.000000 0.000000 0.000000 0.000000 0.000000 0.000000 0.000000 0.000000 0.000000 0.000000 0.000000 0.000000 0.442188 0.487059 1.000000 0.425000 0.489412 2.000000 0.446875 0.548235 2.000000 0.434375 0.552941 2.000000 0.453125 0.621176 2.000000 0.440625 0.609412 2.000000
0 0.510227 0.495518 0.076328 0.382800 0.510938 0.336471 2.000000 0.514062 0.329412 2.000000 0.506250 0.329412 2.000000 0.000000 0.000000 0.000000 0.493750 0.343529 2.000000 0.528125 0.378824 2.000000 0.482812 0.374118 1.000000 0.540625 0.430588 2.000000 0.000000 0.000000 0.000000 0.529687 0.470588 1.000000 0.000000 0.000000 0.000000 0.518750 0.494118 1.000000 0.495312 0.489412 1.000000 0.523438 0.583529 1.000000 0.489063 0.576471 2.000000 0.523438 0.661176 2.000000 0.489063 0.656471 2.000000
0 0.584234 0.521624 0.078000 0.351341 0.575000 0.376471 2.000000 0.578125 0.369412 2.000000 0.570312 0.369412 2.000000 0.585938 0.374118 2.000000 0.565625 0.376471 2.000000 0.596875 0.421176 2.000000 0.560937 0.423529 2.000000 0.612500 0.482353 2.000000 0.556250 0.475294 2.000000 0.595313 0.515294 2.000000 0.550000 0.517647 2.000000 0.590625 0.529412 2.000000 0.568750 0.527059 2.000000 0.587500 0.602353 2.000000 0.573438 0.602353 2.000000 0.590625 0.672941 2.000000 0.575000 0.658824 2.000000
0 0.626633 0.480294 0.042078 0.289294 0.634375 0.376471 2.000000 0.637500 0.369412 2.000000 0.632812 0.367059 2.000000 0.000000 0.000000 0.000000 0.625000 0.360000 2.000000 0.643750 0.390588 1.000000 0.615625 0.390588 2.000000 0.000000 0.000000 0.000000 0.609375 0.418824 2.000000 0.000000 0.000000 0.000000 0.000000 0.000000 0.000000 0.642188 0.472941 1.000000 0.618750 0.470588 1.000000 0.000000 0.000000 0.000000 0.618750 0.543529 2.000000 0.000000 0.000000 0.000000 0.618750 0.597647 2.000000
0 0.704289 0.503882 0.076516 0.328188 0.700000 0.381176 2.000000 0.701562 0.371765 2.000000 0.695312 0.374118 2.000000 0.000000 0.000000 0.000000 0.000000 0.000000 0.000000 0.707812 0.407059 1.000000 0.684375 0.402353 2.000000 0.000000 0.000000 0.000000 0.000000 0.000000 0.000000 0.000000 0.000000 0.000000 0.000000 0.000000 0.000000 0.717187 0.510588 2.000000 0.693750 0.508235 1.000000 0.721875 0.583529 2.000000 0.690625 0.588235 2.000000 0.712500 0.654118 2.000000 0.682813 0.654118 1.000000
0 0.782477 0.511424 0.054297 0.302800 0.778125 0.390588 2.000000 0.781250 0.385882 2.000000 0.775000 0.383529 2.000000 0.000000 0.000000 0.000000 0.767188 0.390588 2.000000 0.798438 0.421176 1.000000 0.764062 0.423529 2.000000 0.000000 0.000000 0.000000 0.765625 0.468235 2.000000 0.000000 0.000000 0.000000 0.790625 0.480000 2.000000 0.795312 0.508235 2.000000 0.770312 0.508235 2.000000 0.790625 0.571765 2.000000 0.771875 0.567059 2.000000 0.785937 0.644706 2.000000 0.770312 0.642353 2.000000
0 0.134664 0.546047 0.076391 0.399529 0.104688 0.385882 2.000000 0.110937 0.376471 2.000000 0.101562 0.378824 2.000000 0.126562 0.385882 2.000000 0.000000 0.000000 0.000000 0.142187 0.428235 2.000000 0.100000 0.423529 1.000000 0.157812 0.496471 1.000000 0.000000 0.000000 0.000000 0.156250 0.555294 2.000000 0.000000 0.000000 0.000000 0.142187 0.555294 2.000000 0.117188 0.557647 1.000000 0.148438 0.637647 2.000000 0.120313 0.640000 2.000000 0.156250 0.710588 2.000000 0.132812 0.712941 2.000000
0 0.865008 0.509600 0.068078 0.261647 0.000000 0.000000 0.000000 0.000000 0.000000 0.000000 0.000000 0.000000 0.000000 0.000000 0.000000 0.000000 0.000000 0.000000 0.000000 0.882812 0.423529 2.000000 0.850000 0.421176 2.000000 0.892188 0.461176 2.000000 0.839063 0.461176 2.000000 0.879687 0.463529 2.000000 0.853125 0.484706 1.000000 0.867188 0.503529 1.000000 0.848437 0.508235 1.000000 0.873437 0.555294 2.000000 0.840625 0.571765 1.000000 0.870313 0.621176 2.000000 0.837500 0.614118 2.000000
