0 0.214375 0.792889 0.095281 0.328090 0.000000 0.000000 0.000000 0.000000 0.000000 0.000000 0.000000 0.000000 0.000000 0.203125 0.662736 2.000000 0.226562 0.669811 2.000000 0.182812 0.698113 2.000000 0.240625 0.698113 2.000000 0.175000 0.757075 2.000000 0.248438 0.764151 2.000000 0.000000 0.000000 0.000000 0.254688 0.808962 2.000000 0.193750 0.813679 2.000000 0.228125 0.813679 2.000000 0.201563 0.917453 2.000000 0.235937 0.903302 2.000000 0.204687 0.988208 1.000000 0.239063 0.969340 1.000000
0 0.152031 0.820189 0.064656 0.293774 0.170313 0.707547 2.000000 0.000000 0.000000 0.000000 0.168750 0.700472 2.000000 0.000000 0.000000 0.000000 0.160938 0.705189 2.000000 0.137500 0.726415 2.000000 0.154688 0.731132 2.000000 0.000000 0.000000 0.000000 0.157812 0.778302 2.000000 0.000000 0.000000 0.000000 0.181250 0.783019 1.000000 0.135937 0.830189 1.000000 0.150000 0.830189 2.000000 0.164062 0.898585 2.000000 0.125000 0.912736 2.000000 0.182812 0.957547 2.000000 0.107813 0.976415 1.000000
0 0.094695 0.825672 0.088734 0.328467 0.000000 0.000000 0.000000 0.000000 0.000000 0.000000 0.000000 0.000000 0.000000 0.081250 0.698113 2.000000 0.109375 0.693396 2.000000 0.078125 0.726415 2.000000 0.112500 0.731132 2.000000 0.064062 0.785377 2.000000 0.125000 0.792453 2.000000 0.056250 0.839623 2.000000 0.132812 0.841981 2.000000 0.081250 0.832547 2.000000 0.107813 0.832547 2.000000 0.082812 0.915094 2.000000 0.107813 0.919811 2.000000 0.076563 0.976415 1.000000 0.112500 0.976415 2.000000
0 0.367219 0.757842 0.119875 0.206392 0.000000 0.000000 0.000000 0.000000 0.000000 0.000000 0.000000 0.000000 0.000000 0.000000 0.000000 0.000000 0.375000 0.688679 2.000000 0.335938 0.738208 2.000000 0.392188 0.731132 2.000000 0.314063 0.785377 2.000000 0.414062 0.783019 2.000000 0.331250 0.827830 2.000000 0.420312 0.813679 2.000000 0.339062 0.853774 2.000000 0.371875 0.853774 1.000000 0.000000 0.000000 0.000000 0.000000 0.000000 0.000000 0.000000 0.000000 0.000000 0.000000 0.000000 0.000000
0 0.307594 0.769623 0.055719 0.212170 0.303125 0.688679 2.000000 0.306250 0.681604 2.000000 0.300000 0.681604 2.000000 0.312500 0.681604 2.000000 0.000000 0.000000 0.000000 0.325000 0.716981 2.000000 0.293750 0.714623 2.000000 0.326562 0.752358 1.000000 0.284375 0.761792 2.000000 0.320312 0.785377 1.000000 0.284375 0.806604 2.000000 0.312500 0.768868 2.000000 0.296875 0.771226 2.000000 0.307812 0.818396 2.000000 0.295312 0.816038 2.000000 0.000000 0.000000 0.000000 0.000000 0.000000 0.000000
0 0.511008 0.741108 0.074734 0.189009 0.504687 0.686321 2.000000 0.509375 0.676887 2.000000 0.500000 0.676887 2.000000 0.517188 0.676887 2.000000 0.000000 0.000000 0.000000 0.531250 0.716981 2.000000 0.493750 0.716981 2.000000 0.542188 0.771226 2.000000 0.485938 0.768868 2.000000 0.525000 0.726415 2.000000 0.481250 0.825472 2.000000 0.529687 0.808962 1.000000 0.496875 0.808962 2.000000 0.000000 0.000000 0.000000 0.000000 0.000000 0.000000 0.000000 0.000000 0.000000 0.000000 0.000000 0.000000
0 0.464125 0.756274 0.044469 0.189717 0.470313 0.679245 2.000000 0.473438 0.676887 2.000000 0.467187 0.676887 2.000000 0.478125 0.679245 2.000000 0.462500 0.676887 1.000000 0.481250 0.707547 2.000000 0.456250 0.702830 1.000000 0.000000 0.000000 0.000000 0.448437 0.738208 2.000000 0.000000 0.000000 0.000000 0.000000 0.000000 0.000000 0.479687 0.778302 1.000000 0.456250 0.775943 2.000000 0.479687 0.825472 1.000000 0.450000 0.825472 2.000000 0.000000 0.000000 0.000000 0.000000 0.000000 0.000000
0 0.622344 0.767512 0.037406 0.220542 0.000000 0.000000 0.000000 0.000000 0.000000 0.000000 0.000000 0.000000 0.000000 0.000000 0.000000 0.000000 0.000000 0.000000 0.000000 0.628125 0.693396 2.000000 0.615625 0.705189 2.000000 0.632812 0.726415 2.000000 0.610938 0.745283 2.000000 0.607812 0.754717 1.000000 0.000000 0.000000 0.000000 0.628125 0.773585 2.000000 0.617188 0.771226 2.000000 0.623437 0.825472 2.000000 0.617188 0.830189 2.000000 0.628125 0.865566 2.000000 0.000000 0.000000 0.000000
0 0.652117 0.762476 0.044578 0.212547 0.000000 0.000000 0.000000 0.000000 0.000000 0.000000 0.000000 0.000000 0.000000 0.000000 0.000000 0.000000 0.000000 0.000000 0.000000 0.654687 0.700472 2.000000 0.643750 0.698113 2.000000 0.000000 0.000000 0.000000 0.000000 0.000000 0.000000 0.000000 0.000000 0.000000 0.000000 0.000000 0.000000 0.648438 0.757075 2.000000 0.640625 0.754717 2.000000 0.648438 0.816038 2.000000 0.640625 0.816038 2.000000 0.000000 0.000000 0.000000 0.000000 0.000000 0.000000
0 0.731977 0.774139 0.039203 0.200212 0.000000 0.000000 0.000000 0.000000 0.000000 0.000000 0.000000 0.000000 0.000000 0.000000 0.000000 0.000000 0.000000 0.000000 0.000000 0.725000 0.705189 2.000000 0.740625 0.705189 1.000000 0.721875 0.733491 2.000000 0.000000 0.000000 0.000000 0.000000 0.000000 0.000000 0.000000 0.000000 0.000000 0.729688 0.761792 2.000000 0.746875 0.759434 2.000000 0.732812 0.816038 2.000000 0.742188 0.813679 2.000000 0.737500 0.856132 2.000000 0.742188 0.853774 2.000000
