0 0.395227 0.833708 0.210672 0.305625 0.000000 0.000000 0.000000 0.000000 0.000000 0.000000 0.000000 0.000000 0.000000 0.000000 0.000000 0.000000 0.453125 0.906250 2.000000 0.000000 0.000000 0.000000 0.000000 0.000000 0.000000 0.000000 0.000000 0.000000 0.000000 0.000000 0.000000 0.000000 0.000000 0.000000 0.000000 0.000000 0.000000 0.000000 0.000000 0.000000 0.000000 0.000000 0.000000 0.000000 0.000000 0.000000 0.000000 0.000000 0.000000 0.000000 0.000000 0.000000 0.000000 0.000000 0.000000
0 0.345508 0.625844 0.485391 0.743812 0.000000 0.000000 0.000000 0.000000 0.000000 0.000000 0.000000 0.000000 0.000000 0.278125 0.416667 2.000000 0.403125 0.420833 2.000000 0.170313 0.650000 2.000000 0.482812 0.637500 2.000000 0.135937 0.902083 2.000000 0.545312 0.939583 2.000000 0.000000 0.000000 0.000000 0.000000 0.000000 0.000000 0.000000 0.000000 0.000000 0.000000 0.000000 0.000000 0.000000 0.000000 0.000000 0.000000 0.000000 0.000000 0.000000 0.000000 0.000000 0.000000 0.000000 0.000000
0 0.941594 0.650302 0.116813 0.699271 0.000000 0.000000 0.000000 0.000000 0.000000 0.000000 0.000000 0.000000 0.000000 0.978125 0.489583 2.000000 0.000000 0.000000 0.000000 0.000000 0.000000 0.000000 0.000000 0.000000 0.000000 0.000000 0.000000 0.000000 0.000000 0.000000 0.000000 0.000000 0.000000 0.000000 0.918750 0.877083 2.000000 0.000000 0.000000 0.000000 0.000000 0.000000 0.000000 0.000000 0.000000 0.000000 0.000000 0.000000 0.000000 0.000000 0.000000 0.000000 0.000000 0.000000 0.000000
0 0.213203 0.370792 0.150000 0.467417 0.232813 0.258333 2.000000 0.246875 0.231250 2.000000 0.217188 0.235417 2.000000 0.259375 0.247917 2.000000 0.181250 0.252083 2.000000 0.292187 0.370833 1.000000 0.148438 0.385417 2.000000 0.000000 0.000000 0.000000 0.156250 0.564583 1.000000 0.000000 0.000000 0.000000 0.225000 0.516667 2.000000 0.259375 0.606250 1.000000 0.185938 0.616667 1.000000 0.000000 0.000000 0.000000 0.000000 0.000000 0.000000 0.000000 0.000000 0.000000 0.000000 0.000000 0.000000
0 0.478922 0.332479 0.159969 0.469000 0.464062 0.212500 2.000000 0.478125 0.187500 2.000000 0.443750 0.197917 2.000000 0.503125 0.193750 2.000000 0.420312 0.218750 2.000000 0.548438 0.300000 2.000000 0.409375 0.325000 1.000000 0.551562 0.354167 1.000000 0.395313 0.537500 1.000000 0.495312 0.372917 2.000000 0.450000 0.454167 2.000000 0.526563 0.554167 1.000000 0.434375 0.566667 2.000000 0.000000 0.000000 0.000000 0.000000 0.000000 0.000000 0.000000 0.000000 0.000000 0.000000 0.000000 0.000000
0 0.914359 0.505323 0.169500 0.852979 0.867188 0.220833 2.000000 0.879687 0.195833 2.000000 0.867188 0.197917 2.000000 0.939063 0.195833 2.000000 0.000000 0.000000 0.000000 0.968750 0.347917 1.000000 0.878125 0.331250 2.000000 0.982812 0.558333 1.000000 0.000000 0.000000 0.000000 0.865625 0.687500 1.000000 0.000000 0.000000 0.000000 0.934375 0.716667 2.000000 0.876563 0.706250 1.000000 0.000000 0.000000 0.000000 0.000000 0.000000 0.000000 0.000000 0.000000 0.000000 0.000000 0.000000 0.000000
0 0.046703 0.438979 0.093406 0.625042 0.075000 0.318750 2.000000 0.075000 0.283333 2.000000 0.056250 0.287500 2.000000 0.000000 0.000000 0.000000 0.000000 0.000000 0.000000 0.000000 0.000000 0.000000 0.020313 0.479167 2.000000 0.000000 0.000000 0.000000 0.017188 0.731250 2.000000 0.000000 0.000000 0.000000 0.000000 0.000000 0.000000 0.000000 0.000000 0.000000 0.000000 0.000000 0.000000 0.000000 0.000000 0.000000 0.000000 0.000000 0.000000 0.000000 0.000000 0.000000 0.000000 0.000000 0.000000
0 0.346117 0.210604 0.064078 0.125917 0.373437 0.197917 2.000000 0.000000 0.000000 0.000000 0.368750 0.189583 2.000000 0.000000 0.000000 0.000000 0.346875 0.185417 2.000000 0.360938 0.222917 2.000000 0.339062 0.231250 2.000000 0.365625 0.295833 1.000000 0.326562 0.300000 1.000000 0.000000 0.000000 0.000000 0.000000 0.000000 0.000000 0.000000 0.000000 0.000000 0.000000 0.000000 0.000000 0.000000 0.000000 0.000000 0.000000 0.000000 0.000000 0.000000 0.000000 0.000000 0.000000 0.000000 0.000000
0 0.086797 0.537073 0.173594 0.782021 0.103125 0.285417 2.000000 0.114062 0.264583 2.000000 0.084375 0.266667 2.000000 0.000000 0.000000 0.000000 0.000000 0.000000 0.000000 0.129688 0.397917 1.000000 0.012500 0.418750 2.000000 0.142187 0.535417 2.000000 0.000000 0.000000 0.000000 0.131250 0.691667 2.000000 0.042188 0.720833 2.000000 0.134375 0.787500 1.000000 0.056250 0.806250 2.000000 0.000000 0.000000 0.000000 0.000000 0.000000 0.000000 0.000000 0.000000 0.000000 0.000000 0.000000 0.000000
0 0.590555 0.148177 0.140047 0.130438 0.604688 0.152083 2.000000 0.612500 0.141667 2.000000 0.601562 0.141667 2.000000 0.648438 0.139583 2.000000 0.000000 0.000000 0.000000 0.662500 0.204167 1.000000 0.596875 0.204167 1.000000 0.000000 0.000000 0.000000 0.526563 0.177083 2.000000 0.000000 0.000000 0.000000 0.545312 0.127083 2.000000 0.000000 0.000000 0.000000 0.000000 0.000000 0.000000 0.000000 0.000000 0.000000 0.000000 0.000000 0.000000 0.000000 0.000000 0.000000 0.000000 0.000000 0.000000
