0 0.276617 0.724719 0.313359 0.528080 0.279687 0.679157 2.000000 0.309375 0.637002 2.000000 0.250000 0.637002 2.000000 0.331250 0.655738 1.000000 0.228125 0.637002 2.000000 0.000000 0.000000 0.000000 0.000000 0.000000 0.000000 0.000000 0.000000 0.000000 0.000000 0.000000 0.000000 0.000000 0.000000 0.000000 0.000000 0.000000 0.000000 0.000000 0.000000 0.000000 0.000000 0.000000 0.000000 0.000000 0.000000 0.000000 0.000000 0.000000 0.000000 0.000000 0.000000 0.000000 0.000000 0.000000 0.000000
0 0.496164 0.850222 0.242859 0.299555 0.000000 0.000000 0.000000 0.000000 0.000000 0.000000 0.578125 0.882904 2.000000 0.000000 0.000000 0.000000 0.481250 0.889930 2.000000 0.000000 0.000000 0.000000 0.000000 0.000000 0.000000 0.000000 0.000000 0.000000 0.000000 0.000000 0.000000 0.000000 0.000000 0.000000 0.000000 0.000000 0.000000 0.000000 0.000000 0.000000 0.000000 0.000000 0.000000 0.000000 0.000000 0.000000 0.000000 0.000000 0.000000 0.000000 0.000000 0.000000 0.000000 0.000000 0.000000
0 0.774891 0.667412 0.239344 0.367705 0.845313 0.711944 2.000000 0.851562 0.674473 2.000000 0.829688 0.688525 2.000000 0.000000 0.000000 0.000000 0.746875 0.667447 2.000000 0.835938 0.749415 2.000000 0.676562 0.786885 1.000000 0.000000 0.000000 0.000000 0.000000 0.000000 0.000000 0.000000 0.000000 0.000000 0.785937 0.843091 1.000000 0.000000 0.000000 0.000000 0.000000 0.000000 0.000000 0.000000 0.000000 0.000000 0.000000 0.000000 0.000000 0.000000 0.000000 0.000000 0.000000 0.000000 0.000000
0 0.614656 0.677635 0.090719 0.200515 0.610938 0.695550 2.000000 0.625000 0.674473 2.000000 0.606250 0.672131 2.000000 0.651563 0.676815 2.000000 0.000000 0.000000 0.000000 0.662500 0.721311 1.000000 0.581250 0.718970 2.000000 0.000000 0.000000 0.000000 0.000000 0.000000 0.000000 0.000000 0.000000 0.000000 0.000000 0.000000 0.000000 0.000000 0.000000 0.000000 0.000000 0.000000 0.000000 0.000000 0.000000 0.000000 0.000000 0.000000 0.000000 0.000000 0.000000 0.000000 0.000000 0.000000 0.000000
0 0.470383 0.589239 0.154609 0.470890 0.521875 0.475410 2.000000 0.000000 0.000000 0.000000 0.520312 0.459016 2.000000 0.000000 0.000000 0.000000 0.493750 0.475410 2.000000 0.446875 0.550351 2.000000 0.481250 0.585480 2.000000 0.396875 0.679157 2.000000 0.423438 0.742389 2.000000 0.000000 0.000000 0.000000 0.000000 0.000000 0.000000 0.457813 0.775176 1.000000 0.495312 0.791569 1.000000 0.000000 0.000000 0.000000 0.000000 0.000000 0.000000 0.000000 0.000000 0.000000 0.000000 0.000000 0.000000
0 0.386547 0.620890 0.091594 0.236019 0.000000 0.000000 0.000000 0.000000 0.000000 0.000000 0.000000 0.000000 0.000000 0.000000 0.000000 0.000000 0.000000 0.000000 0.000000 0.000000 0.000000 0.000000 0.375000 0.634660 2.000000 0.000000 0.000000 0.000000 0.379688 0.765808 1.000000 0.000000 0.000000 0.000000 0.000000 0.000000 0.000000 0.000000 0.000000 0.000000 0.000000 0.000000 0.000000 0.000000 0.000000 0.000000 0.000000 0.000000 0.000000 0.000000 0.000000 0.000000 0.000000 0.000000 0.000000
0 0.079281 0.688232 0.146000 0.355293 0.129688 0.594848 2.000000 0.000000 0.000000 0.000000 0.112500 0.580796 2.000000 0.000000 0.000000 0.000000 0.068750 0.613583 2.000000 0.143750 0.711944 1.000000 0.007812 0.775176 1.000000 0.000000 0.000000 0.000000 0.000000 0.000000 0.000000 0.000000 0.000000 0.000000 0.000000 0.000000 0.000000 0.000000 0.000000 0.000000 0.000000 0.000000 0.000000 0.000000 0.000000 0.000000 0.000000 0.000000 0.000000 0.000000 0.000000 0.000000 0.000000 0.000000 0.000000
0 0.577984 0.625843 0.061469 0.164052 0.595313 0.590164 2.000000 0.601562 0.573770 2.000000 0.584375 0.578454 2.000000 0.000000 0.000000 0.000000 0.576562 0.578454 1.000000 0.000000 0.000000 0.000000 0.557813 0.655738 2.000000 0.000000 0.000000 0.000000 0.000000 0.000000 0.000000 0.000000 0.000000 0.000000 0.000000 0.000000 0.000000 0.000000 0.000000 0.000000 0.000000 0.000000 0.000000 0.000000 0.000000 0.000000 0.000000 0.000000 0.000000 0.000000 0.000000 0.000000 0.000000 0.000000 0.000000
0 0.176016 0.611674 0.074750 0.170703 0.184375 0.585480 2.000000 0.193750 0.573770 2.000000 0.175000 0.576112 2.000000 0.203125 0.576112 2.000000 0.165625 0.576112 2.000000 0.217188 0.644028 1.000000 0.153125 0.644028 2.000000 0.000000 0.000000 0.000000 0.000000 0.000000 0.000000 0.000000 0.000000 0.000000 0.000000 0.000000 0.000000 0.206250 0.775176 1.000000 0.157812 0.777518 1.000000 0.000000 0.000000 0.000000 0.000000 0.000000 0.000000 0.000000 0.000000 0.000000 0.000000 0.000000 0.000000
0 0.264133 0.397986 0.080734 0.149040 0.000000 0.000000 0.000000 0.234375 0.355972 2.000000 0.229687 0.353630 2.000000 0.240625 0.348946 2.000000 0.000000 0.000000 0.000000 0.239063 0.370023 2.000000 0.268750 0.355972 2.000000 0.239063 0.428571 2.000000 0.296875 0.395785 2.000000 0.000000 0.000000 0.000000 0.000000 0.000000 0.000000 0.256250 0.463700 1.000000 0.265625 0.459016 2.000000 0.000000 0.000000 0.000000 0.000000 0.000000 0.000000 0.000000 0.000000 0.000000 0.000000 0.000000 0.000000
0 0.104945 0.816265 0.161922 0.367471 0.000000 0.000000 0.000000 0.000000 0.000000 0.000000 0.146875 0.754098 2.000000 0.000000 0.000000 0.000000 0.092188 0.777518 2.000000 0.195312 0.866511 1.000000 0.032813 0.899297 2.000000 0.000000 0.000000 0.000000 0.000000 0.000000 0.000000 0.000000 0.000000 0.000000 0.000000 0.000000 0.000000 0.000000 0.000000 0.000000 0.000000 0.000000 0.000000 0.000000 0.000000 0.000000 0.000000 0.000000 0.000000 0.000000 0.000000 0.000000 0.000000 0.000000 0.000000
