0 0.632300 0.567055 0.090786 0.188203 0.635025 0.500000 2.000000 0.638298 0.495312 2.000000 0.630115 0.496875 2.000000 0.646481 0.495312 2.000000 0.623568 0.498437 2.000000 0.659574 0.517188 2.000000 0.610475 0.518750 2.000000 0.669394 0.551562 2.000000 0.607201 0.553125 2.000000 0.662848 0.570312 2.000000 0.603928 0.565625 2.000000 0.648118 0.573438 2.000000 0.621931 0.573438 2.000000 0.662848 0.587500 2.000000 0.602291 0.582812 2.000000 0.661211 0.648438 2.000000 0.600655 0.645312 2.000000
0 0.183985 0.536789 0.202799 0.520297 0.266776 0.412500 2.000000 0.000000 0.000000 0.000000 0.260229 0.406250 2.000000 0.000000 0.000000 0.000000 0.237316 0.406250 2.000000 0.250409 0.473438 2.000000 0.225859 0.415625 2.000000 0.234043 0.525000 2.000000 0.234043 0.360938 2.000000 0.222586 0.471875 2.000000 0.256956 0.309375 2.000000 0.166939 0.556250 2.000000 0.130933 0.543750 2.000000 0.168576 0.650000 2.000000 0.108020 0.646875 2.000000 0.148936 0.750000 2.000000 0.098200 0.740625 2.000000
0 0.559771 0.449297 0.066547 0.071625 0.563011 0.431250 2.000000 0.567921 0.428125 2.000000 0.556465 0.428125 2.000000 0.577741 0.431250 2.000000 0.549918 0.434375 2.000000 0.582651 0.459375 2.000000 0.538462 0.459375 2.000000 0.000000 0.000000 0.000000 0.000000 0.000000 0.000000 0.000000 0.000000 0.000000 0.000000 0.000000 0.000000 0.000000 0.000000 0.000000 0.000000 0.000000 0.000000 0.000000 0.000000 0.000000 0.000000 0.000000 0.000000 0.000000 0.000000 0.000000 0.000000 0.000000 0.000000
0 0.588838 0.415906 0.071358 0.111125 0.585925 0.381250 2.000000 0.589198 0.376563 2.000000 0.579378 0.376563 2.000000 0.595745 0.376563 2.000000 0.569558 0.378125 2.000000 0.608838 0.406250 2.000000 0.561375 0.410938 2.000000 0.613748 0.435937 2.000000 0.558101 0.456250 1.000000 0.599018 0.459375 2.000000 0.579378 0.465625 1.000000 0.603928 0.460938 2.000000 0.569558 0.464062 1.000000 0.000000 0.000000 0.000000 0.000000 0.000000 0.000000 0.000000 0.000000 0.000000 0.000000 0.000000 0.000000
0 0.321399 0.382547 0.093404 0.115844 0.320786 0.343750 2.000000 0.324059 0.339062 2.000000 0.315876 0.339062 2.000000 0.000000 0.000000 0.000000 0.304419 0.342187 2.000000 0.338789 0.364063 2.000000 0.288052 0.365625 2.000000 0.360065 0.384375 2.000000 0.284779 0.401562 2.000000 0.355155 0.390625 2.000000 0.320786 0.403125 1.000000 0.325696 0.404687 1.000000 0.291326 0.406250 2.000000 0.000000 0.000000 0.000000 0.304419 0.421875 1.000000 0.000000 0.000000 0.000000 0.000000 0.000000 0.000000
0 0.318216 0.293961 0.077119 0.103922 0.330606 0.262500 2.000000 0.333879 0.259375 2.000000 0.327332 0.259375 2.000000 0.338789 0.262500 2.000000 0.319149 0.262500 2.000000 0.345336 0.282813 2.000000 0.307692 0.276562 2.000000 0.335516 0.320312 2.000000 0.294599 0.300000 2.000000 0.307692 0.315625 2.000000 0.291326 0.312500 2.000000 0.327332 0.328125 2.000000 0.304419 0.325000 2.000000 0.335516 0.337500 2.000000 0.000000 0.000000 0.000000 0.000000 0.000000 0.000000 0.000000 0.000000 0.000000
0 0.362692 0.262078 0.054157 0.094188 0.355155 0.231250 2.000000 0.358429 0.229687 2.000000 0.351882 0.229687 2.000000 0.000000 0.000000 0.000000 0.345336 0.231250 2.000000 0.368249 0.245312 2.000000 0.340426 0.248438 1.000000 0.384615 0.265625 2.000000 0.000000 0.000000 0.000000 0.381342 0.273438 2.000000 0.000000 0.000000 0.000000 0.364975 0.279687 2.000000 0.343699 0.279687 1.000000 0.000000 0.000000 0.000000 0.000000 0.000000 0.000000 0.000000 0.000000 0.000000 0.000000 0.000000 0.000000
0 0.391260 0.359117 0.080622 0.146172 0.392799 0.309375 2.000000 0.394435 0.303125 2.000000 0.386252 0.304688 2.000000 0.000000 0.000000 0.000000 0.376432 0.306250 2.000000 0.400982 0.317188 2.000000 0.373159 0.320312 2.000000 0.420622 0.342187 2.000000 0.358429 0.359375 2.000000 0.425532 0.370312 2.000000 0.379705 0.371875 2.000000 0.397709 0.368750 2.000000 0.381342 0.368750 2.000000 0.420622 0.379688 2.000000 0.351882 0.378125 1.000000 0.407529 0.423438 2.000000 0.364975 0.423438 1.000000
0 0.318134 0.450625 0.087921 0.072125 0.314239 0.439063 2.000000 0.317512 0.434375 2.000000 0.307692 0.435937 2.000000 0.324059 0.435937 2.000000 0.301146 0.439063 2.000000 0.333879 0.457813 2.000000 0.292962 0.460938 2.000000 0.343699 0.487500 1.000000 0.286416 0.492188 1.000000 0.000000 0.000000 0.000000 0.000000 0.000000 0.000000 0.000000 0.000000 0.000000 0.000000 0.000000 0.000000 0.000000 0.000000 0.000000 0.000000 0.000000 0.000000 0.000000 0.000000 0.000000 0.000000 0.000000 0.000000
0 0.635475 0.371711 0.093208 0.124141 0.621931 0.331250 2.000000 0.625205 0.326562 2.000000 0.615385 0.328125 2.000000 0.000000 0.000000 0.000000 0.607201 0.331250 1.000000 0.644845 0.350000 2.000000 0.592471 0.359375 2.000000 0.674304 0.376563 2.000000 0.000000 0.000000 0.000000 0.656301 0.409375 2.000000 0.000000 0.000000 0.000000 0.643208 0.407813 2.000000 0.603928 0.409375 1.000000 0.000000 0.000000 0.000000 0.000000 0.000000 0.000000 0.000000 0.000000 0.000000 0.000000 0.000000 0.000000
