0 0.684531 0.638201 0.323094 0.692150 0.573438 0.429907 2.000000 0.584375 0.394860 2.000000 0.554688 0.408879 2.000000 0.625000 0.378505 2.000000 0.000000 0.000000 0.000000 0.698438 0.448598 2.000000 0.576562 0.514019 2.000000 0.742188 0.661215 2.000000 0.603125 0.696262 2.000000 0.712500 0.759346 2.000000 0.565625 0.523364 2.000000 0.753125 0.757009 2.000000 0.679688 0.813084 2.000000 0.717187 0.901869 2.000000 0.000000 0.000000 0.000000 0.000000 0.000000 0.000000 0.000000 0.000000 0.000000
0 0.858727 0.535397 0.278266 0.648037 0.776563 0.392523 2.000000 0.798438 0.352804 2.000000 0.757812 0.364486 2.000000 0.845313 0.341121 2.000000 0.000000 0.000000 0.000000 0.914062 0.488318 2.000000 0.735938 0.434579 2.000000 0.914062 0.712617 2.000000 0.764062 0.584112 2.000000 0.859375 0.827103 2.000000 0.775000 0.663551 2.000000 0.982812 0.626168 1.000000 0.873437 0.581776 2.000000 0.942187 0.740654 2.000000 0.825000 0.703271 2.000000 0.960938 0.962617 1.000000 0.839063 0.915888 1.000000
0 0.410266 0.304498 0.147281 0.289883 0.384375 0.285047 2.000000 0.393750 0.259346 2.000000 0.368750 0.268692 2.000000 0.412500 0.242991 2.000000 0.354687 0.278037 2.000000 0.454688 0.322430 2.000000 0.357812 0.334112 1.000000 0.000000 0.000000 0.000000 0.000000 0.000000 0.000000 0.000000 0.000000 0.000000 0.000000 0.000000 0.000000 0.000000 0.000000 0.000000 0.000000 0.000000 0.000000 0.000000 0.000000 0.000000 0.000000 0.000000 0.000000 0.000000 0.000000 0.000000 0.000000 0.000000 0.000000
0 0.350156 0.474159 0.231438 0.368551 0.337500 0.380841 2.000000 0.348438 0.355140 2.000000 0.325000 0.359813 2.000000 0.371875 0.355140 2.000000 0.000000 0.000000 0.000000 0.406250 0.471963 2.000000 0.289062 0.446262 2.000000 0.445312 0.574766 2.000000 0.214062 0.439252 1.000000 0.403125 0.602804 2.000000 0.000000 0.000000 0.000000 0.273438 0.654206 1.000000 0.237500 0.607477 1.000000 0.000000 0.000000 0.000000 0.000000 0.000000 0.000000 0.000000 0.000000 0.000000 0.000000 0.000000 0.000000
0 0.286180 0.301647 0.126516 0.270257 0.282813 0.266355 2.000000 0.293750 0.245327 2.000000 0.270313 0.250000 2.000000 0.325000 0.245327 2.000000 0.000000 0.000000 0.000000 0.348438 0.327103 1.000000 0.245312 0.320093 2.000000 0.000000 0.000000 0.000000 0.218750 0.429907 1.000000 0.000000 0.000000 0.000000 0.000000 0.000000 0.000000 0.320312 0.532710 1.000000 0.250000 0.530374 1.000000 0.000000 0.000000 0.000000 0.000000 0.000000 0.000000 0.000000 0.000000 0.000000 0.000000 0.000000 0.000000
0 0.188273 0.665386 0.147609 0.605864 0.231250 0.539720 2.000000 0.239063 0.502336 2.000000 0.207813 0.492991 2.000000 0.000000 0.000000 0.000000 0.151562 0.502336 2.000000 0.223438 0.612150 2.000000 0.067187 0.682243 1.000000 0.000000 0.000000 0.000000 0.000000 0.000000 0.000000 0.000000 0.000000 0.000000 0.000000 0.000000 0.000000 0.000000 0.000000 0.000000 0.000000 0.000000 0.000000 0.000000 0.000000 0.000000 0.000000 0.000000 0.000000 0.000000 0.000000 0.000000 0.000000 0.000000 0.000000
0 0.081516 0.771449 0.163031 0.433411 0.146875 0.700935 2.000000 0.151562 0.668224 2.000000 0.114062 0.668224 2.000000 0.000000 0.000000 0.000000 0.048438 0.712617 2.000000 0.096875 0.852804 2.000000 0.053125 0.915888 2.000000 0.000000 0.000000 0.000000 0.000000 0.000000 0.000000 0.000000 0.000000 0.000000 0.000000 0.000000 0.000000 0.000000 0.000000 0.000000 0.000000 0.000000 0.000000 0.000000 0.000000 0.000000 0.000000 0.000000 0.000000 0.000000 0.000000 0.000000 0.000000 0.000000 0.000000
0 0.494828 0.564568 0.176875 0.412921 0.448437 0.453271 2.000000 0.465625 0.429907 2.000000 0.439063 0.432243 1.000000 0.509375 0.439252 2.000000 0.000000 0.000000 0.000000 0.515625 0.546729 2.000000 0.453125 0.528037 2.000000 0.551562 0.735981 2.000000 0.000000 0.000000 0.000000 0.468750 0.672897 1.000000 0.456250 0.635514 2.000000 0.000000 0.000000 0.000000 0.000000 0.000000 0.000000 0.000000 0.000000 0.000000 0.000000 0.000000 0.000000 0.000000 0.000000 0.000000 0.000000 0.000000 0.000000
0 0.659492 0.279439 0.114891 0.290327 0.685937 0.231308 2.000000 0.687500 0.203271 2.000000 0.665625 0.217290 2.000000 0.000000 0.000000 0.000000 0.632812 0.250000 2.000000 0.690625 0.303738 2.000000 0.620313 0.341121 1.000000 0.698438 0.434579 1.000000 0.000000 0.000000 0.000000 0.682813 0.322430 2.000000 0.000000 0.000000 0.000000 0.000000 0.000000 0.000000 0.000000 0.000000 0.000000 0.000000 0.000000 0.000000 0.000000 0.000000 0.000000 0.000000 0.000000 0.000000 0.000000 0.000000 0.000000
0 0.501156 0.290082 0.141437 0.263621 0.478125 0.268692 2.000000 0.490625 0.250000 2.000000 0.465625 0.250000 2.000000 0.506250 0.240654 2.000000 0.446875 0.242991 2.000000 0.543750 0.292056 2.000000 0.423438 0.264019 1.000000 0.553125 0.413551 1.000000 0.000000 0.000000 0.000000 0.000000 0.000000 0.000000 0.000000 0.000000 0.000000 0.000000 0.000000 0.000000 0.000000 0.000000 0.000000 0.000000 0.000000 0.000000 0.000000 0.000000 0.000000 0.000000 0.000000 0.000000 0.000000 0.000000 0.000000
