0 0.182805 0.694388 0.076109 0.314612 0.203125 0.571765 2.000000 0.000000 0.000000 0.000000 0.200000 0.564706 2.000000 0.000000 0.000000 0.000000 0.187500 0.571765 2.000000 0.192188 0.602353 2.000000 0.168750 0.595294 2.000000 0.201563 0.642353 2.000000 0.165625 0.644706 2.000000 0.209375 0.682353 2.000000 0.175000 0.694118 2.000000 0.189062 0.689412 2.000000 0.178125 0.689412 2.000000 0.170313 0.752941 2.000000 0.173437 0.750588 2.000000 0.159375 0.807059 2.000000 0.167187 0.814118 2.000000
0 0.405211 0.691612 0.069016 0.312729 0.420312 0.574118 2.000000 0.423438 0.569412 2.000000 0.417187 0.567059 2.000000 0.000000 0.000000 0.000000 0.000000 0.000000 0.000000 0.423438 0.600000 2.000000 0.384375 0.597647 2.000000 0.426563 0.640000 2.000000 0.381250 0.642353 2.000000 0.432812 0.680000 2.000000 0.378125 0.684706 2.000000 0.417187 0.682353 2.000000 0.393750 0.682353 2.000000 0.417187 0.741176 2.000000 0.390625 0.745882 1.000000 0.415625 0.809412 2.000000 0.389062 0.814118 2.000000
0 0.309781 0.699129 0.092281 0.258071 0.301563 0.609412 2.000000 0.304688 0.604706 2.000000 0.298438 0.604706 2.000000 0.000000 0.000000 0.000000 0.000000 0.000000 0.000000 0.326562 0.632941 2.000000 0.289062 0.635294 2.000000 0.335938 0.672941 2.000000 0.284375 0.677647 2.000000 0.329688 0.701176 2.000000 0.296875 0.712941 2.000000 0.320312 0.708235 2.000000 0.292187 0.710588 2.000000 0.337500 0.741176 2.000000 0.282813 0.745882 2.000000 0.335938 0.814118 2.000000 0.279687 0.816471 2.000000
0 0.537852 0.734588 0.112359 0.325835 0.000000 0.000000 0.000000 0.000000 0.000000 0.000000 0.000000 0.000000 0.000000 0.000000 0.000000 0.000000 0.560937 0.600000 2.000000 0.523438 0.621176 2.000000 0.559375 0.628235 2.000000 0.517188 0.670588 1.000000 0.567187 0.682353 2.000000 0.000000 0.000000 0.000000 0.581250 0.665882 2.000000 0.525000 0.720000 2.000000 0.550000 0.720000 2.000000 0.525000 0.792941 2.000000 0.548438 0.797647 2.000000 0.526563 0.865882 2.000000 0.548438 0.865882 2.000000
0 0.244023 0.703165 0.067922 0.240165 0.257812 0.609412 2.000000 0.259375 0.607059 2.000000 0.251563 0.607059 2.000000 0.000000 0.000000 0.000000 0.240625 0.607059 1.000000 0.267188 0.630588 2.000000 0.226562 0.635294 2.000000 0.273438 0.663529 1.000000 0.220312 0.677647 2.000000 0.268750 0.687059 2.000000 0.231250 0.712941 2.000000 0.264062 0.715294 2.000000 0.235937 0.715294 2.000000 0.264062 0.748235 2.000000 0.242188 0.755294 2.000000 0.257812 0.811765 2.000000 0.235937 0.811765 2.000000
0 0.480430 0.681741 0.054703 0.297176 0.481250 0.560000 2.000000 0.482812 0.555294 2.000000 0.476562 0.555294 2.000000 0.489063 0.560000 2.000000 0.470313 0.560000 1.000000 0.498437 0.592941 2.000000 0.465625 0.592941 2.000000 0.000000 0.000000 0.000000 0.456250 0.618824 1.000000 0.000000 0.000000 0.000000 0.462500 0.642353 1.000000 0.492188 0.677647 2.000000 0.471875 0.675294 1.000000 0.000000 0.000000 0.000000 0.470313 0.741176 2.000000 0.000000 0.000000 0.000000 0.468750 0.807059 2.000000
0 0.106891 0.585965 0.054562 0.207365 0.109375 0.503529 2.000000 0.110937 0.501176 2.000000 0.106250 0.501176 2.000000 0.115625 0.501176 2.000000 0.103125 0.501176 2.000000 0.121875 0.527059 2.000000 0.095312 0.529412 2.000000 0.128125 0.557647 2.000000 0.090625 0.557647 2.000000 0.129688 0.581176 2.000000 0.085938 0.585882 2.000000 0.114062 0.578824 2.000000 0.098437 0.578824 2.000000 0.115625 0.618824 1.000000 0.096875 0.630588 2.000000 0.000000 0.000000 0.000000 0.098437 0.675294 2.000000
0 0.510914 0.665129 0.065641 0.217929 0.000000 0.000000 0.000000 0.000000 0.000000 0.000000 0.000000 0.000000 0.000000 0.000000 0.000000 0.000000 0.000000 0.000000 0.000000 0.000000 0.000000 0.000000 0.514062 0.607059 2.000000 0.000000 0.000000 0.000000 0.000000 0.000000 0.000000 0.000000 0.000000 0.000000 0.000000 0.000000 0.000000 0.000000 0.000000 0.000000 0.509375 0.689412 2.000000 0.000000 0.000000 0.000000 0.000000 0.000000 0.000000 0.000000 0.000000 0.000000 0.000000 0.000000 0.000000
0 0.657617 0.606694 0.055266 0.109153 0.670312 0.585882 2.000000 0.675000 0.581176 2.000000 0.665625 0.578824 2.000000 0.678125 0.581176 2.000000 0.657813 0.576471 2.000000 0.681250 0.607059 2.000000 0.643750 0.602353 2.000000 0.000000 0.000000 0.000000 0.000000 0.000000 0.000000 0.000000 0.000000 0.000000 0.000000 0.000000 0.000000 0.000000 0.000000 0.000000 0.000000 0.000000 0.000000 0.000000 0.000000 0.000000 0.000000 0.000000 0.000000 0.000000 0.000000 0.000000 0.000000 0.000000 0.000000
0 0.746969 0.595235 0.071125 0.110376 0.756250 0.585882 2.000000 0.757812 0.578824 2.000000 0.751563 0.578824 2.000000 0.000000 0.000000 0.000000 0.743750 0.574118 2.000000 0.775000 0.583529 2.000000 0.728125 0.576471 2.000000 0.000000 0.000000 0.000000 0.723437 0.616471 2.000000 0.000000 0.000000 0.000000 0.000000 0.000000 0.000000 0.000000 0.000000 0.000000 0.000000 0.000000 0.000000 0.000000 0.000000 0.000000 0.000000 0.000000 0.000000 0.000000 0.000000 0.000000 0.000000 0.000000 0.000000
