0 0.117273 0.549068 0.208703 0.550570 0.151562 0.336502 2.000000 0.156250 0.328897 2.000000 0.145313 0.328897 2.000000 0.000000 0.000000 0.000000 0.114062 0.338403 2.000000 0.153125 0.384030 2.000000 0.081250 0.372624 2.000000 0.000000 0.000000 0.000000 0.057813 0.465779 2.000000 0.142187 0.545627 2.000000 0.065625 0.541825 2.000000 0.131250 0.522814 2.000000 0.082812 0.513308 2.000000 0.162500 0.655894 2.000000 0.076563 0.678707 2.000000 0.168750 0.783270 2.000000 0.037500 0.777567 2.000000
0 0.319789 0.674268 0.210016 0.334430 0.317188 0.558935 2.000000 0.000000 0.000000 0.000000 0.309375 0.549430 2.000000 0.000000 0.000000 0.000000 0.282813 0.555133 2.000000 0.334375 0.604563 2.000000 0.256250 0.602662 2.000000 0.389062 0.633080 2.000000 0.223438 0.680608 2.000000 0.412500 0.600760 1.000000 0.262500 0.695817 2.000000 0.301563 0.728137 2.000000 0.248438 0.728137 2.000000 0.382812 0.762357 2.000000 0.296875 0.728137 2.000000 0.321875 0.794677 2.000000 0.250000 0.813688 2.000000
0 0.965859 0.352063 0.068281 0.159411 0.978125 0.317490 2.000000 0.984375 0.309886 2.000000 0.970313 0.309886 2.000000 0.987500 0.313688 2.000000 0.959375 0.313688 2.000000 0.995313 0.342205 2.000000 0.942187 0.340304 1.000000 0.000000 0.000000 0.000000 0.000000 0.000000 0.000000 0.000000 0.000000 0.000000 0.000000 0.000000 0.000000 0.982812 0.444867 1.000000 0.948438 0.442966 1.000000 0.000000 0.000000 0.000000 0.000000 0.000000 0.000000 0.000000 0.000000 0.000000 0.000000 0.000000 0.000000
0 0.556391 0.382215 0.121000 0.121616 0.576562 0.366920 2.000000 0.579688 0.355513 2.000000 0.567187 0.355513 2.000000 0.000000 0.000000 0.000000 0.551562 0.357414 2.000000 0.584375 0.384030 2.000000 0.529687 0.384030 2.000000 0.607812 0.423954 2.000000 0.501563 0.423954 2.000000 0.576562 0.422053 2.000000 0.534375 0.420152 2.000000 0.559375 0.477186 1.000000 0.523438 0.477186 1.000000 0.000000 0.000000 0.000000 0.000000 0.000000 0.000000 0.000000 0.000000 0.000000 0.000000 0.000000 0.000000
0 0.748406 0.600951 0.252406 0.501901 0.750000 0.408745 2.000000 0.000000 0.000000 0.000000 0.743750 0.401141 2.000000 0.000000 0.000000 0.000000 0.720313 0.399240 2.000000 0.757812 0.450570 2.000000 0.706250 0.423954 2.000000 0.689063 0.475285 2.000000 0.635938 0.433460 2.000000 0.660937 0.418251 2.000000 0.654687 0.385932 2.000000 0.767188 0.591255 2.000000 0.725000 0.596958 2.000000 0.768750 0.705323 2.000000 0.678125 0.697719 2.000000 0.845313 0.811787 2.000000 0.698438 0.798479 2.000000
0 0.709078 0.471625 0.090563 0.334772 0.739062 0.340304 2.000000 0.740625 0.332700 2.000000 0.729688 0.334601 2.000000 0.000000 0.000000 0.000000 0.712500 0.340304 2.000000 0.750000 0.374525 1.000000 0.682813 0.380228 2.000000 0.759375 0.414449 1.000000 0.668750 0.429658 1.000000 0.714063 0.441065 1.000000 0.684375 0.479087 1.000000 0.000000 0.000000 0.000000 0.000000 0.000000 0.000000 0.000000 0.000000 0.000000 0.000000 0.000000 0.000000 0.000000 0.000000 0.000000 0.000000 0.000000 0.000000
0 0.803664 0.484316 0.072266 0.419049 0.825000 0.317490 2.000000 0.000000 0.000000 0.000000 0.820312 0.309886 2.000000 0.000000 0.000000 0.000000 0.803125 0.311787 2.000000 0.775000 0.342205 2.000000 0.809375 0.347909 2.000000 0.820312 0.555133 2.000000 0.817187 0.420152 2.000000 0.807813 0.653992 2.000000 0.840625 0.441065 1.000000 0.775000 0.461977 1.000000 0.800000 0.461977 1.000000 0.785937 0.564639 1.000000 0.000000 0.000000 0.000000 0.782813 0.644487 1.000000 0.000000 0.000000 0.000000
0 0.934758 0.393698 0.130484 0.112186 0.951562 0.374525 2.000000 0.956250 0.368821 2.000000 0.945312 0.368821 2.000000 0.000000 0.000000 0.000000 0.928125 0.370722 2.000000 0.967187 0.397338 2.000000 0.906250 0.395437 2.000000 0.990625 0.435361 2.000000 0.878125 0.433460 2.000000 0.964063 0.429658 2.000000 0.921875 0.431559 2.000000 0.945312 0.498099 1.000000 0.907813 0.496198 1.000000 0.000000 0.000000 0.000000 0.000000 0.000000 0.000000 0.000000 0.000000 0.000000 0.000000 0.000000 0.000000
0 0.422945 0.465162 0.140359 0.301122 0.432812 0.374525 2.000000 0.437500 0.366920 2.000000 0.426563 0.368821 2.000000 0.000000 0.000000 0.000000 0.409375 0.366920 2.000000 0.448437 0.376426 2.000000 0.390625 0.376426 2.000000 0.476562 0.420152 2.000000 0.360938 0.416350 1.000000 0.429688 0.410646 2.000000 0.412500 0.412548 2.000000 0.425000 0.500000 2.000000 0.376563 0.494297 2.000000 0.425000 0.587452 1.000000 0.384375 0.583650 2.000000 0.404687 0.655894 1.000000 0.385937 0.665399 1.000000
0 0.298961 0.458308 0.103484 0.243992 0.315625 0.374525 2.000000 0.318750 0.368821 2.000000 0.309375 0.368821 2.000000 0.000000 0.000000 0.000000 0.292187 0.370722 2.000000 0.323437 0.391635 2.000000 0.278125 0.401141 2.000000 0.339062 0.403042 2.000000 0.304688 0.427757 2.000000 0.296875 0.395437 2.000000 0.332813 0.410646 2.000000 0.306250 0.509506 1.000000 0.276562 0.507605 2.000000 0.307812 0.602662 1.000000 0.276562 0.604563 1.000000 0.000000 0.000000 0.000000 0.000000 0.000000 0.000000
0 0.922961 0.582595 0.107453 0.237662 0.950000 0.376426 1.000000 0.954688 0.368821 1.000000 0.945312 0.368821 1.000000 0.000000 0.000000 0.000000 0.928125 0.370722 1.000000 0.968750 0.395437 1.000000 0.903125 0.395437 1.000000 0.992188 0.437262 1.000000 0.875000 0.431559 1.000000 0.962500 0.429658 1.000000 0.923438 0.429658 1.000000 0.943750 0.511407 2.000000 0.893750 0.501901 2.000000 0.925000 0.612167 2.000000 0.879687 0.583650 2.000000 0.910937 0.690114 2.000000 0.907813 0.644487 2.000000
