0 0.121852 0.690539 0.205578 0.570258 0.200000 0.475410 2.000000 0.000000 0.000000 0.000000 0.000000 0.000000 0.000000 0.000000 0.000000 0.000000 0.157812 0.466042 2.000000 0.175000 0.531616 2.000000 0.125000 0.526932 2.000000 0.140625 0.604215 2.000000 0.085938 0.653396 2.000000 0.145313 0.667447 2.000000 0.115625 0.735363 2.000000 0.132812 0.707260 2.000000 0.093750 0.711944 2.000000 0.196875 0.756440 1.000000 0.115625 0.796253 2.000000 0.171875 0.911007 1.000000 0.054688 0.929742 2.000000
0 0.285617 0.776405 0.292359 0.438197 0.315625 0.632319 2.000000 0.315625 0.615925 2.000000 0.300000 0.618267 2.000000 0.000000 0.000000 0.000000 0.273438 0.629977 2.000000 0.320312 0.688525 2.000000 0.225000 0.688525 2.000000 0.359375 0.761124 2.000000 0.162500 0.768150 2.000000 0.389062 0.843091 2.000000 0.160938 0.868852 2.000000 0.260937 0.854801 2.000000 0.210938 0.857143 2.000000 0.353125 0.789227 2.000000 0.242188 0.793911 2.000000 0.303125 0.932084 2.000000 0.193750 0.948478 2.000000
0 0.566156 0.103314 0.096594 0.179977 0.573438 0.058548 2.000000 0.579688 0.051522 2.000000 0.568750 0.049180 2.000000 0.585938 0.060890 2.000000 0.553125 0.053864 1.000000 0.600000 0.117096 2.000000 0.539062 0.112412 2.000000 0.609375 0.192037 1.000000 0.537500 0.189696 2.000000 0.582812 0.138173 2.000000 0.567187 0.133489 2.000000 0.596875 0.245902 1.000000 0.548438 0.245902 1.000000 0.000000 0.000000 0.000000 0.000000 0.000000 0.000000 0.000000 0.000000 0.000000 0.000000 0.000000 0.000000
0 0.692016 0.091756 0.123406 0.173255 0.681250 0.072600 2.000000 0.689063 0.063232 2.000000 0.675000 0.063232 2.000000 0.701562 0.056206 2.000000 0.665625 0.056206 2.000000 0.728125 0.112412 2.000000 0.648438 0.112412 2.000000 0.740625 0.168618 1.000000 0.634375 0.180328 1.000000 0.000000 0.000000 0.000000 0.000000 0.000000 0.000000 0.000000 0.000000 0.000000 0.000000 0.000000 0.000000 0.000000 0.000000 0.000000 0.000000 0.000000 0.000000 0.000000 0.000000 0.000000 0.000000 0.000000 0.000000
0 0.835313 0.088583 0.119531 0.174637 0.850000 0.039813 2.000000 0.854688 0.030445 2.000000 0.840625 0.032787 2.000000 0.000000 0.000000 0.000000 0.821875 0.037471 2.000000 0.871875 0.093677 2.000000 0.796875 0.098361 2.000000 0.885938 0.175644 1.000000 0.790625 0.187354 1.000000 0.000000 0.000000 0.000000 0.000000 0.000000 0.000000 0.000000 0.000000 0.000000 0.000000 0.000000 0.000000 0.000000 0.000000 0.000000 0.000000 0.000000 0.000000 0.000000 0.000000 0.000000 0.000000 0.000000 0.000000
0 0.894883 0.046745 0.070922 0.093489 0.000000 0.000000 0.000000 0.000000 0.000000 0.000000 0.000000 0.000000 0.000000 0.000000 0.000000 0.000000 0.000000 0.000000 0.000000 0.921875 0.018735 2.000000 0.871875 0.014052 2.000000 0.000000 0.000000 0.000000 0.867188 0.067916 2.000000 0.000000 0.000000 0.000000 0.000000 0.000000 0.000000 0.000000 0.000000 0.000000 0.000000 0.000000 0.000000 0.000000 0.000000 0.000000 0.000000 0.000000 0.000000 0.000000 0.000000 0.000000 0.000000 0.000000 0.000000
0 0.786648 0.045609 0.085641 0.091218 0.000000 0.000000 0.000000 0.000000 0.000000 0.000000 0.000000 0.000000 0.000000 0.000000 0.000000 0.000000 0.000000 0.000000 0.000000 0.825000 0.002342 1.000000 0.762500 0.002342 1.000000 0.000000 0.000000 0.000000 0.767188 0.065574 2.000000 0.000000 0.000000 0.000000 0.817187 0.074941 1.000000 0.000000 0.000000 0.000000 0.000000 0.000000 0.000000 0.000000 0.000000 0.000000 0.000000 0.000000 0.000000 0.000000 0.000000 0.000000 0.000000 0.000000 0.000000
0 0.693180 0.063208 0.115766 0.125480 0.681250 0.077283 1.000000 0.689063 0.067916 1.000000 0.676562 0.067916 1.000000 0.700000 0.063232 1.000000 0.665625 0.058548 1.000000 0.731250 0.117096 1.000000 0.645312 0.117096 1.000000 0.000000 0.000000 0.000000 0.000000 0.000000 0.000000 0.000000 0.000000 0.000000 0.000000 0.000000 0.000000 0.000000 0.000000 0.000000 0.000000 0.000000 0.000000 0.000000 0.000000 0.000000 0.000000 0.000000 0.000000 0.000000 0.000000 0.000000 0.000000 0.000000 0.000000
0 0.562688 0.077822 0.139250 0.155644 0.571875 0.060890 1.000000 0.579688 0.051522 1.000000 0.565625 0.051522 1.000000 0.587500 0.063232 1.000000 0.551562 0.058548 2.000000 0.601562 0.112412 1.000000 0.534375 0.112412 1.000000 0.607812 0.180328 1.000000 0.529687 0.182670 1.000000 0.581250 0.135831 1.000000 0.565625 0.128806 1.000000 0.000000 0.000000 0.000000 0.000000 0.000000 0.000000 0.000000 0.000000 0.000000 0.000000 0.000000 0.000000 0.000000 0.000000 0.000000 0.000000 0.000000 0.000000
0 0.147070 0.122822 0.077016 0.245644 0.140625 0.021077 2.000000 0.145313 0.007026 2.000000 0.134375 0.011710 2.000000 0.000000 0.000000 0.000000 0.120313 0.014052 1.000000 0.150000 0.046838 2.000000 0.123438 0.063232 2.000000 0.000000 0.000000 0.000000 0.120313 0.112412 2.000000 0.000000 0.000000 0.000000 0.123438 0.166276 2.000000 0.157812 0.170960 2.000000 0.132812 0.173302 2.000000 0.178125 0.264637 1.000000 0.134375 0.264637 1.000000 0.168750 0.341920 1.000000 0.137500 0.334895 1.000000
0 0.694375 0.603700 0.278406 0.733349 0.673438 0.306792 2.000000 0.676562 0.288056 2.000000 0.659375 0.299766 2.000000 0.000000 0.000000 0.000000 0.634375 0.306792 1.000000 0.692187 0.358314 2.000000 0.637500 0.362998 2.000000 0.615625 0.440281 2.000000 0.604688 0.395785 2.000000 0.567187 0.370023 2.000000 0.579688 0.355972 2.000000 0.726562 0.550351 2.000000 0.671875 0.559719 2.000000 0.729688 0.742389 2.000000 0.623437 0.737705 2.000000 0.810937 0.899297 2.000000 0.645312 0.913349 2.000000
0 0.945008 0.086276 0.109984 0.172553 0.959375 0.023419 2.000000 0.965625 0.018735 2.000000 0.951562 0.018735 2.000000 0.000000 0.000000 0.000000 0.931250 0.021077 2.000000 0.982812 0.065574 2.000000 0.918750 0.081967 2.000000 0.000000 0.000000 0.000000 0.898438 0.159251 2.000000 0.000000 0.000000 0.000000 0.000000 0.000000 0.000000 0.000000 0.000000 0.000000 0.000000 0.000000 0.000000 0.000000 0.000000 0.000000 0.000000 0.000000 0.000000 0.000000 0.000000 0.000000 0.000000 0.000000 0.000000
