0 0.340852 0.634040 0.054828 0.205878 0.000000 0.000000 0.000000 0.000000 0.000000 0.000000 0.000000 0.000000 0.000000 0.334375 0.545667 2.000000 0.345313 0.545667 2.000000 0.325000 0.571429 2.000000 0.353125 0.571429 2.000000 0.317188 0.606557 2.000000 0.360938 0.601874 2.000000 0.318750 0.634660 2.000000 0.364063 0.627635 2.000000 0.328125 0.629977 2.000000 0.345313 0.629977 2.000000 0.332813 0.676815 2.000000 0.345313 0.660422 2.000000 0.334375 0.718970 2.000000 0.343750 0.702576 2.000000
0 0.284531 0.529859 0.047719 0.188665 0.281250 0.456674 2.000000 0.281250 0.451991 2.000000 0.278125 0.451991 2.000000 0.287500 0.451991 2.000000 0.000000 0.000000 0.000000 0.293750 0.466042 2.000000 0.273438 0.473068 2.000000 0.300000 0.482436 2.000000 0.267188 0.496487 2.000000 0.303125 0.501171 2.000000 0.267188 0.517564 2.000000 0.292187 0.505855 2.000000 0.281250 0.505855 2.000000 0.290625 0.550351 2.000000 0.284375 0.552693 2.000000 0.289062 0.578454 2.000000 0.290625 0.592506 2.000000
0 0.231336 0.582424 0.040922 0.178993 0.000000 0.000000 0.000000 0.000000 0.000000 0.000000 0.000000 0.000000 0.000000 0.000000 0.000000 0.000000 0.000000 0.000000 0.000000 0.215625 0.533958 2.000000 0.240625 0.531616 2.000000 0.214062 0.562061 2.000000 0.245312 0.559719 2.000000 0.214062 0.576112 2.000000 0.246875 0.573770 2.000000 0.223438 0.571429 2.000000 0.239063 0.573770 2.000000 0.226562 0.608899 2.000000 0.237500 0.618267 2.000000 0.228125 0.639344 2.000000 0.235937 0.646370 2.000000
0 0.136281 0.659379 0.050844 0.199602 0.000000 0.000000 0.000000 0.000000 0.000000 0.000000 0.000000 0.000000 0.000000 0.000000 0.000000 0.000000 0.000000 0.000000 0.000000 0.118750 0.604215 2.000000 0.142187 0.592506 2.000000 0.114062 0.639344 2.000000 0.153125 0.625293 2.000000 0.000000 0.000000 0.000000 0.000000 0.000000 0.000000 0.128125 0.672131 2.000000 0.143750 0.667447 2.000000 0.129688 0.711944 2.000000 0.146875 0.704918 2.000000 0.132812 0.737705 2.000000 0.148438 0.742389 2.000000
0 0.869930 0.598103 0.042641 0.181827 0.870313 0.529274 2.000000 0.871875 0.524590 2.000000 0.868750 0.524590 2.000000 0.000000 0.000000 0.000000 0.862500 0.524590 2.000000 0.873437 0.538642 2.000000 0.857812 0.538642 2.000000 0.884375 0.571429 2.000000 0.854688 0.564403 2.000000 0.879687 0.594848 2.000000 0.853125 0.592506 2.000000 0.875000 0.573770 2.000000 0.864062 0.576112 2.000000 0.868750 0.629977 2.000000 0.864062 0.629977 2.000000 0.865625 0.679157 2.000000 0.860938 0.679157 2.000000
0 0.166727 0.900457 0.078359 0.199087 0.000000 0.000000 0.000000 0.000000 0.000000 0.000000 0.000000 0.000000 0.000000 0.000000 0.000000 0.000000 0.000000 0.000000 0.000000 0.168750 0.838407 2.000000 0.142187 0.838407 2.000000 0.179688 0.873536 2.000000 0.137500 0.859485 1.000000 0.157812 0.873536 2.000000 0.000000 0.000000 0.000000 0.168750 0.903981 2.000000 0.153125 0.903981 2.000000 0.160938 0.948478 2.000000 0.181250 0.946136 2.000000 0.000000 0.000000 0.000000 0.198437 0.978923 2.000000
0 0.633266 0.868244 0.062656 0.211288 0.637500 0.796253 2.000000 0.639062 0.791569 2.000000 0.634375 0.791569 2.000000 0.000000 0.000000 0.000000 0.629687 0.784543 2.000000 0.646875 0.800937 2.000000 0.615625 0.800937 1.000000 0.657813 0.840749 2.000000 0.609375 0.838407 2.000000 0.646875 0.852459 2.000000 0.631250 0.845433 2.000000 0.642188 0.854801 2.000000 0.626563 0.854801 2.000000 0.653125 0.892272 2.000000 0.609375 0.878220 2.000000 0.650000 0.943794 2.000000 0.609375 0.941452 2.000000
0 0.772906 0.853361 0.059406 0.181991 0.778125 0.793911 2.000000 0.779687 0.791569 2.000000 0.775000 0.791569 2.000000 0.000000 0.000000 0.000000 0.767188 0.782201 2.000000 0.785937 0.793911 2.000000 0.756250 0.793911 2.000000 0.789062 0.833724 2.000000 0.751563 0.833724 2.000000 0.784375 0.836066 2.000000 0.767188 0.843091 2.000000 0.778125 0.845433 2.000000 0.765625 0.845433 2.000000 0.793750 0.885246 2.000000 0.785937 0.892272 2.000000 0.789062 0.927400 2.000000 0.776563 0.929742 2.000000
0 0.906953 0.798489 0.092250 0.217728 0.921875 0.721311 2.000000 0.925000 0.716628 2.000000 0.917188 0.714286 2.000000 0.000000 0.000000 0.000000 0.914062 0.709602 2.000000 0.931250 0.733021 2.000000 0.893750 0.721311 2.000000 0.946875 0.763466 2.000000 0.876563 0.770492 2.000000 0.928125 0.758782 2.000000 0.889062 0.796253 2.000000 0.912500 0.812646 2.000000 0.893750 0.807963 2.000000 0.907813 0.875878 2.000000 0.882812 0.857143 2.000000 0.901563 0.925059 1.000000 0.878125 0.885246 2.000000
0 0.063969 0.804965 0.061656 0.240281 0.000000 0.000000 0.000000 0.000000 0.000000 0.000000 0.000000 0.000000 0.000000 0.053125 0.711944 2.000000 0.073438 0.704918 2.000000 0.046875 0.735363 2.000000 0.079687 0.730679 2.000000 0.042188 0.779859 2.000000 0.084375 0.761124 2.000000 0.037500 0.803279 2.000000 0.000000 0.000000 0.000000 0.050000 0.798595 2.000000 0.076563 0.796253 2.000000 0.060937 0.843091 2.000000 0.073438 0.845433 2.000000 0.065625 0.873536 2.000000 0.073438 0.901639 2.000000
0 0.707203 0.876253 0.070281 0.149461 0.000000 0.000000 0.000000 0.000000 0.000000 0.000000 0.000000 0.000000 0.000000 0.000000 0.000000 0.000000 0.000000 0.000000 0.000000 0.715625 0.822014 2.000000 0.685937 0.822014 2.000000 0.726562 0.857143 2.000000 0.676562 0.866511 2.000000 0.726562 0.882904 2.000000 0.685937 0.850117 2.000000 0.714063 0.864169 2.000000 0.690625 0.868852 2.000000 0.735938 0.887588 2.000000 0.678125 0.885246 2.000000 0.000000 0.000000 0.000000 0.684375 0.932084 2.000000
