0 0.694383 0.571917 0.515734 0.833708 0.668750 0.287500 2.000000 0.671875 0.260417 2.000000 0.648438 0.275000 2.000000 0.000000 0.000000 0.000000 0.592187 0.293750 2.000000 0.715625 0.370833 2.000000 0.520312 0.418750 2.000000 0.706250 0.587500 2.000000 0.496875 0.631250 2.000000 0.560937 0.560417 2.000000 0.478125 0.545833 2.000000 0.770312 0.720833 2.000000 0.643750 0.743750 2.000000 0.848437 0.947917 2.000000 0.531250 0.945833 2.000000 0.000000 0.000000 0.000000 0.000000 0.000000 0.000000
0 0.511672 0.200750 0.193375 0.398458 0.520312 0.004167 2.000000 0.000000 0.000000 0.000000 0.000000 0.000000 0.000000 0.000000 0.000000 0.000000 0.000000 0.000000 0.000000 0.556250 0.066667 2.000000 0.460938 0.052083 2.000000 0.595313 0.168750 1.000000 0.464062 0.177083 2.000000 0.496875 0.152083 2.000000 0.543750 0.208333 2.000000 0.553125 0.258333 2.000000 0.492188 0.258333 2.000000 0.000000 0.000000 0.000000 0.518750 0.295833 2.000000 0.000000 0.000000 0.000000 0.000000 0.000000 0.000000
0 0.396906 0.205615 0.173594 0.411229 0.000000 0.000000 0.000000 0.000000 0.000000 0.000000 0.000000 0.000000 0.000000 0.000000 0.000000 0.000000 0.000000 0.000000 0.000000 0.000000 0.000000 0.000000 0.000000 0.000000 0.000000 0.000000 0.000000 0.000000 0.345313 0.100000 2.000000 0.000000 0.000000 0.000000 0.415625 0.150000 1.000000 0.434375 0.168750 1.000000 0.376563 0.170833 2.000000 0.000000 0.000000 0.000000 0.390625 0.200000 2.000000 0.000000 0.000000 0.000000 0.407813 0.408333 1.000000
0 0.817461 0.052417 0.183578 0.101500 0.000000 0.000000 0.000000 0.000000 0.000000 0.000000 0.000000 0.000000 0.000000 0.000000 0.000000 0.000000 0.000000 0.000000 0.000000 0.000000 0.000000 0.000000 0.000000 0.000000 0.000000 0.000000 0.000000 0.000000 0.760938 0.068750 1.000000 0.000000 0.000000 0.000000 0.000000 0.000000 0.000000 0.000000 0.000000 0.000000 0.785937 0.114583 1.000000 0.000000 0.000000 0.000000 0.000000 0.000000 0.000000 0.000000 0.000000 0.000000 0.000000 0.000000 0.000000
0 0.245148 0.145542 0.096047 0.223458 0.315625 0.227083 1.000000 0.000000 0.000000 0.000000 0.304688 0.218750 1.000000 0.000000 0.000000 0.000000 0.259375 0.235417 1.000000 0.000000 0.000000 0.000000 0.214062 0.341667 1.000000 0.000000 0.000000 0.000000 0.000000 0.000000 0.000000 0.000000 0.000000 0.000000 0.000000 0.000000 0.000000 0.000000 0.000000 0.000000 0.000000 0.000000 0.000000 0.000000 0.000000 0.000000 0.000000 0.000000 0.000000 0.000000 0.000000 0.000000 0.000000 0.000000 0.000000
0 0.302219 0.301187 0.260031 0.300667 0.320312 0.222917 1.000000 0.323437 0.212500 1.000000 0.312500 0.206250 1.000000 0.000000 0.000000 0.000000 0.257812 0.231250 2.000000 0.373437 0.304167 1.000000 0.204687 0.339583 2.000000 0.412500 0.408333 2.000000 0.231250 0.458333 1.000000 0.409375 0.483333 1.000000 0.315625 0.506250 1.000000 0.000000 0.000000 0.000000 0.000000 0.000000 0.000000 0.000000 0.000000 0.000000 0.000000 0.000000 0.000000 0.000000 0.000000 0.000000 0.000000 0.000000 0.000000
0 0.089320 0.307979 0.159516 0.295167 0.117188 0.250000 2.000000 0.125000 0.235417 2.000000 0.100000 0.235417 2.000000 0.000000 0.000000 0.000000 0.068750 0.254167 2.000000 0.140625 0.350000 2.000000 0.040625 0.347917 2.000000 0.160938 0.464583 1.000000 0.053125 0.462500 1.000000 0.071875 0.464583 1.000000 0.140625 0.458333 1.000000 0.000000 0.000000 0.000000 0.000000 0.000000 0.000000 0.000000 0.000000 0.000000 0.000000 0.000000 0.000000 0.000000 0.000000 0.000000 0.000000 0.000000 0.000000
0 0.058008 0.158896 0.107016 0.311875 0.042188 0.127083 2.000000 0.051562 0.108333 2.000000 0.034375 0.110417 2.000000 0.093750 0.104167 2.000000 0.000000 0.000000 0.000000 0.104688 0.168750 1.000000 0.039062 0.168750 2.000000 0.000000 0.000000 0.000000 0.000000 0.000000 0.000000 0.000000 0.000000 0.000000 0.000000 0.000000 0.000000 0.000000 0.000000 0.000000 0.000000 0.000000 0.000000 0.000000 0.000000 0.000000 0.000000 0.000000 0.000000 0.000000 0.000000 0.000000 0.000000 0.000000 0.000000
0 0.682102 0.122792 0.181172 0.244167 0.648438 0.010417 2.000000 0.000000 0.000000 0.000000 0.000000 0.000000 0.000000 0.693750 0.012500 2.000000 0.000000 0.000000 0.000000 0.746875 0.064583 2.000000 0.604688 0.081250 2.000000 0.000000 0.000000 0.000000 0.628125 0.206250 1.000000 0.000000 0.000000 0.000000 0.700000 0.214583 2.000000 0.000000 0.000000 0.000000 0.000000 0.000000 0.000000 0.000000 0.000000 0.000000 0.000000 0.000000 0.000000 0.000000 0.000000 0.000000 0.000000 0.000000 0.000000
0 0.806492 0.266229 0.206484 0.361042 0.714063 0.164583 2.000000 0.726562 0.154167 2.000000 0.720313 0.152083 2.000000 0.756250 0.166667 2.000000 0.000000 0.000000 0.000000 0.795312 0.245833 2.000000 0.731250 0.252083 1.000000 0.771875 0.387500 2.000000 0.000000 0.000000 0.000000 0.000000 0.000000 0.000000 0.000000 0.000000 0.000000 0.000000 0.000000 0.000000 0.000000 0.000000 0.000000 0.000000 0.000000 0.000000 0.000000 0.000000 0.000000 0.000000 0.000000 0.000000 0.000000 0.000000 0.000000
0 0.910063 0.127271 0.179875 0.254542 0.000000 0.000000 0.000000 0.000000 0.000000 0.000000 0.000000 0.000000 0.000000 0.000000 0.000000 0.000000 0.000000 0.000000 0.000000 0.984375 0.052083 2.000000 0.889062 0.020833 2.000000 0.000000 0.000000 0.000000 0.848437 0.137500 2.000000 0.000000 0.000000 0.000000 0.901563 0.220833 1.000000 0.956250 0.229167 1.000000 0.910937 0.229167 2.000000 0.000000 0.000000 0.000000 0.000000 0.000000 0.000000 0.000000 0.000000 0.000000 0.000000 0.000000 0.000000
0 0.968422 0.221875 0.063156 0.160667 0.000000 0.000000 0.000000 0.000000 0.000000 0.000000 0.000000 0.000000 0.000000 0.000000 0.000000 0.000000 0.000000 0.000000 0.000000 0.000000 0.000000 0.000000 0.981250 0.179167 2.000000 0.000000 0.000000 0.000000 0.965625 0.287500 2.000000 0.000000 0.000000 0.000000 0.000000 0.000000 0.000000 0.000000 0.000000 0.000000 0.000000 0.000000 0.000000 0.000000 0.000000 0.000000 0.000000 0.000000 0.000000 0.000000 0.000000 0.000000 0.000000 0.000000 0.000000
0 0.145109 0.288771 0.100906 0.324458 0.000000 0.000000 0.000000 0.000000 0.000000 0.000000 0.000000 0.000000 0.000000 0.110937 0.181250 1.000000 0.157812 0.160417 2.000000 0.135937 0.308333 2.000000 0.162500 0.256250 2.000000 0.000000 0.000000 0.000000 0.000000 0.000000 0.000000 0.000000 0.000000 0.000000 0.000000 0.000000 0.000000 0.000000 0.000000 0.000000 0.165625 0.404167 2.000000 0.000000 0.000000 0.000000 0.000000 0.000000 0.000000 0.000000 0.000000 0.000000 0.000000 0.000000 0.000000
