0 0.478906 0.580250 0.216312 0.763708 0.481250 0.318750 2.000000 0.489063 0.300000 2.000000 0.470313 0.300000 2.000000 0.000000 0.000000 0.000000 0.443750 0.297917 2.000000 0.521875 0.347917 2.000000 0.410938 0.358333 2.000000 0.567187 0.422917 2.000000 0.395313 0.452083 2.000000 0.514062 0.450000 2.000000 0.425000 0.475000 2.000000 0.514062 0.589583 2.000000 0.440625 0.591667 2.000000 0.521875 0.714583 2.000000 0.435937 0.752083 2.000000 0.510938 0.879167 2.000000 0.426563 0.902083 2.000000
0 0.767984 0.617115 0.238656 0.765771 0.801562 0.327083 2.000000 0.809375 0.312500 2.000000 0.801562 0.314583 2.000000 0.000000 0.000000 0.000000 0.000000 0.000000 0.000000 0.850000 0.389583 2.000000 0.000000 0.000000 0.000000 0.795312 0.416667 2.000000 0.000000 0.000000 0.000000 0.710938 0.383333 2.000000 0.000000 0.000000 0.000000 0.828125 0.643750 2.000000 0.835938 0.635417 2.000000 0.812500 0.814583 2.000000 0.820312 0.812500 2.000000 0.826562 0.977083 2.000000 0.842187 0.979167 2.000000
0 0.159633 0.397667 0.095453 0.354375 0.184375 0.262500 2.000000 0.187500 0.256250 2.000000 0.179688 0.256250 2.000000 0.000000 0.000000 0.000000 0.162500 0.250000 2.000000 0.192188 0.283333 2.000000 0.146875 0.283333 2.000000 0.196875 0.339583 2.000000 0.121875 0.333333 2.000000 0.198437 0.383333 2.000000 0.131250 0.372917 2.000000 0.179688 0.395833 2.000000 0.154688 0.393750 2.000000 0.159375 0.475000 2.000000 0.160938 0.462500 2.000000 0.134375 0.541667 2.000000 0.167187 0.556250 2.000000
0 0.072297 0.417094 0.126812 0.312312 0.087500 0.308333 2.000000 0.090625 0.300000 2.000000 0.085938 0.300000 2.000000 0.000000 0.000000 0.000000 0.073438 0.291667 2.000000 0.076563 0.310417 2.000000 0.046875 0.308333 2.000000 0.087500 0.358333 2.000000 0.031250 0.358333 2.000000 0.114062 0.377083 2.000000 0.029687 0.406250 2.000000 0.078125 0.414583 2.000000 0.050000 0.414583 2.000000 0.070312 0.483333 2.000000 0.035937 0.479167 2.000000 0.073438 0.552083 2.000000 0.023438 0.552083 2.000000
0 0.315156 0.438917 0.064031 0.212750 0.329688 0.358333 2.000000 0.331250 0.354167 2.000000 0.326562 0.354167 2.000000 0.000000 0.000000 0.000000 0.000000 0.000000 0.000000 0.332813 0.385417 2.000000 0.312500 0.383333 2.000000 0.000000 0.000000 0.000000 0.309375 0.416667 2.000000 0.000000 0.000000 0.000000 0.309375 0.435417 2.000000 0.332813 0.456250 2.000000 0.317188 0.456250 2.000000 0.329688 0.487500 2.000000 0.312500 0.493750 2.000000 0.325000 0.522917 2.000000 0.295312 0.516667 2.000000
0 0.223219 0.338615 0.044531 0.205312 0.000000 0.000000 0.000000 0.000000 0.000000 0.000000 0.000000 0.000000 0.000000 0.000000 0.000000 0.000000 0.000000 0.000000 0.000000 0.214062 0.270833 2.000000 0.232813 0.275000 2.000000 0.206250 0.308333 2.000000 0.240625 0.295833 2.000000 0.203125 0.337500 1.000000 0.239063 0.314583 2.000000 0.214062 0.327083 2.000000 0.228125 0.327083 2.000000 0.209375 0.372917 2.000000 0.228125 0.377083 2.000000 0.210938 0.425000 2.000000 0.231250 0.422917 2.000000
0 0.638727 0.389177 0.073641 0.263396 0.639062 0.281250 2.000000 0.642188 0.272917 2.000000 0.635938 0.275000 2.000000 0.646875 0.275000 2.000000 0.626563 0.270833 2.000000 0.654687 0.308333 2.000000 0.610938 0.306250 2.000000 0.000000 0.000000 0.000000 0.609375 0.350000 2.000000 0.000000 0.000000 0.000000 0.618750 0.381250 2.000000 0.646875 0.383333 2.000000 0.623437 0.385417 2.000000 0.645312 0.452083 2.000000 0.625000 0.450000 2.000000 0.637500 0.506250 1.000000 0.628125 0.506250 2.000000
0 0.730859 0.354250 0.043594 0.200083 0.000000 0.000000 0.000000 0.000000 0.000000 0.000000 0.000000 0.000000 0.000000 0.000000 0.000000 0.000000 0.000000 0.000000 0.000000 0.718750 0.295833 2.000000 0.742188 0.291667 2.000000 0.000000 0.000000 0.000000 0.000000 0.000000 0.000000 0.000000 0.000000 0.000000 0.000000 0.000000 0.000000 0.717187 0.333333 2.000000 0.737500 0.333333 2.000000 0.000000 0.000000 0.000000 0.000000 0.000000 0.000000 0.000000 0.000000 0.000000 0.000000 0.000000 0.000000
0 0.015023 0.482615 0.029109 0.198062 0.010937 0.406250 2.000000 0.012500 0.402083 2.000000 0.006250 0.404167 2.000000 0.000000 0.000000 0.000000 0.000000 0.000000 0.000000 0.017188 0.435417 2.000000 0.001563 0.435417 2.000000 0.021875 0.441667 2.000000 0.000000 0.000000 0.000000 0.031250 0.435417 1.000000 0.001563 0.489583 2.000000 0.017188 0.495833 2.000000 0.009375 0.495833 2.000000 0.000000 0.000000 0.000000 0.007812 0.518750 2.000000 0.000000 0.000000 0.000000 0.007812 0.564583 2.000000
0 0.905898 0.443135 0.052234 0.262937 0.921875 0.343750 2.000000 0.000000 0.000000 0.000000 0.920312 0.335417 2.000000 0.000000 0.000000 0.000000 0.910937 0.343750 2.000000 0.887500 0.362500 1.000000 0.907813 0.360417 2.000000 0.000000 0.000000 0.000000 0.901563 0.391667 2.000000 0.000000 0.000000 0.000000 0.920312 0.422917 2.000000 0.881250 0.439583 1.000000 0.893750 0.439583 2.000000 0.000000 0.000000 0.000000 0.898438 0.491667 2.000000 0.000000 0.000000 0.000000 0.889062 0.552083 2.000000
0 0.324797 0.364177 0.074844 0.242938 0.343750 0.277083 2.000000 0.345313 0.272917 2.000000 0.339062 0.272917 2.000000 0.000000 0.000000 0.000000 0.328125 0.277083 2.000000 0.345313 0.310417 2.000000 0.310937 0.302083 2.000000 0.345313 0.356250 2.000000 0.298438 0.347917 2.000000 0.353125 0.385417 2.000000 0.295312 0.383333 2.000000 0.340625 0.385417 1.000000 0.321875 0.387500 1.000000 0.000000 0.000000 0.000000 0.000000 0.000000 0.000000 0.000000 0.000000 0.000000 0.000000 0.000000 0.000000
