0 0.455758 0.631456 0.286203 0.723589 0.493750 0.401806 2.000000 0.000000 0.000000 0.000000 0.487500 0.386005 2.000000 0.000000 0.000000 0.000000 0.464062 0.426637 2.000000 0.340625 0.609481 2.000000 0.506250 0.647856 2.000000 0.000000 0.000000 0.000000 0.543750 0.907449 2.000000 0.000000 0.000000 0.000000 0.570312 0.767494 2.000000 0.392188 0.975169 2.000000 0.500000 0.981941 2.000000 0.000000 0.000000 0.000000 0.000000 0.000000 0.000000 0.000000 0.000000 0.000000 0.000000 0.000000 0.000000
0 0.308758 0.614605 0.147766 0.748307 0.000000 0.000000 0.000000 0.278125 0.318284 1.000000 0.000000 0.000000 0.000000 0.285938 0.329571 2.000000 0.000000 0.000000 0.000000 0.275000 0.419865 2.000000 0.362500 0.408578 1.000000 0.268750 0.532731 2.000000 0.000000 0.000000 0.000000 0.260937 0.627540 2.000000 0.000000 0.000000 0.000000 0.301563 0.665914 2.000000 0.356250 0.652370 1.000000 0.326562 0.814898 2.000000 0.000000 0.000000 0.000000 0.339062 0.939052 2.000000 0.000000 0.000000 0.000000
0 0.104219 0.595508 0.208437 0.808984 0.135937 0.297968 2.000000 0.000000 0.000000 0.000000 0.125000 0.277652 2.000000 0.000000 0.000000 0.000000 0.093750 0.273138 2.000000 0.000000 0.000000 0.000000 0.109375 0.383747 2.000000 0.000000 0.000000 0.000000 0.178125 0.577878 2.000000 0.000000 0.000000 0.000000 0.192188 0.674944 2.000000 0.034375 0.663657 2.000000 0.135937 0.665914 2.000000 0.095312 0.902935 2.000000 0.164062 0.884876 2.000000 0.000000 0.000000 0.000000 0.000000 0.000000 0.000000
0 0.733609 0.652009 0.184125 0.692551 0.717187 0.386005 2.000000 0.735938 0.370203 2.000000 0.715625 0.367946 2.000000 0.765625 0.383747 2.000000 0.000000 0.000000 0.000000 0.785937 0.489842 2.000000 0.695312 0.465011 2.000000 0.000000 0.000000 0.000000 0.692187 0.523702 2.000000 0.000000 0.000000 0.000000 0.678125 0.553047 2.000000 0.754687 0.726862 1.000000 0.696875 0.720090 2.000000 0.000000 0.000000 0.000000 0.000000 0.000000 0.000000 0.000000 0.000000 0.000000 0.000000 0.000000 0.000000
0 0.843844 0.569661 0.256656 0.838194 0.796875 0.322799 2.000000 0.812500 0.295711 2.000000 0.000000 0.000000 0.000000 0.879687 0.309255 2.000000 0.000000 0.000000 0.000000 0.854688 0.537246 2.000000 0.000000 0.000000 0.000000 0.739062 0.688488 2.000000 0.000000 0.000000 0.000000 0.773438 0.573363 2.000000 0.000000 0.000000 0.000000 0.825000 0.862302 2.000000 0.000000 0.000000 0.000000 0.000000 0.000000 0.000000 0.000000 0.000000 0.000000 0.000000 0.000000 0.000000 0.000000 0.000000 0.000000
0 0.356719 0.296433 0.051438 0.152460 0.000000 0.000000 0.000000 0.000000 0.000000 0.000000 0.000000 0.000000 0.000000 0.000000 0.000000 0.000000 0.367188 0.279910 2.000000 0.000000 0.000000 0.000000 0.370312 0.313770 1.000000 0.000000 0.000000 0.000000 0.000000 0.000000 0.000000 0.000000 0.000000 0.000000 0.000000 0.000000 0.000000 0.000000 0.000000 0.000000 0.000000 0.000000 0.000000 0.000000 0.000000 0.000000 0.000000 0.000000 0.000000 0.000000 0.000000 0.000000 0.000000 0.000000 0.000000
0 0.563961 0.491287 0.143922 0.615711 0.000000 0.000000 0.000000 0.000000 0.000000 0.000000 0.000000 0.000000 0.000000 0.543750 0.232506 1.000000 0.581250 0.232506 2.000000 0.528125 0.304740 2.000000 0.587500 0.311512 2.000000 0.498437 0.388262 1.000000 0.629687 0.243792 2.000000 0.000000 0.000000 0.000000 0.590625 0.257336 2.000000 0.548438 0.480813 2.000000 0.584375 0.483070 2.000000 0.548438 0.620767 2.000000 0.589063 0.627540 2.000000 0.550000 0.747178 1.000000 0.592187 0.751693 1.000000
0 0.480938 0.253070 0.098437 0.243386 0.445312 0.178330 1.000000 0.448437 0.173815 2.000000 0.000000 0.000000 0.000000 0.460938 0.180587 2.000000 0.000000 0.000000 0.000000 0.478125 0.227991 2.000000 0.000000 0.000000 0.000000 0.475000 0.327314 1.000000 0.000000 0.000000 0.000000 0.000000 0.000000 0.000000 0.000000 0.000000 0.000000 0.000000 0.000000 0.000000 0.000000 0.000000 0.000000 0.000000 0.000000 0.000000 0.000000 0.000000 0.000000 0.000000 0.000000 0.000000 0.000000 0.000000 0.000000
0 0.647453 0.435203 0.091594 0.601738 0.620313 0.205418 2.000000 0.626563 0.194131 2.000000 0.617188 0.194131 2.000000 0.650000 0.194131 2.000000 0.000000 0.000000 0.000000 0.671875 0.275395 2.000000 0.625000 0.246050 1.000000 0.681250 0.367946 2.000000 0.000000 0.000000 0.000000 0.621875 0.367946 2.000000 0.000000 0.000000 0.000000 0.656250 0.428894 2.000000 0.623437 0.431151 2.000000 0.662500 0.564334 1.000000 0.634375 0.555305 2.000000 0.670312 0.708804 2.000000 0.656250 0.672686 2.000000
0 0.362727 0.217065 0.067297 0.137788 0.371875 0.191874 2.000000 0.368750 0.178330 2.000000 0.360938 0.189616 2.000000 0.000000 0.000000 0.000000 0.345313 0.200903 2.000000 0.000000 0.000000 0.000000 0.000000 0.000000 0.000000 0.000000 0.000000 0.000000 0.000000 0.000000 0.000000 0.000000 0.000000 0.000000 0.000000 0.000000 0.000000 0.000000 0.000000 0.000000 0.000000 0.000000 0.000000 0.000000 0.000000 0.000000 0.000000 0.000000 0.000000 0.000000 0.000000 0.000000 0.000000 0.000000 0.000000
0 0.246617 0.353668 0.078953 0.393160 0.000000 0.000000 0.000000 0.000000 0.000000 0.000000 0.259375 0.205418 2.000000 0.000000 0.000000 0.000000 0.246875 0.207675 2.000000 0.218750 0.250564 2.000000 0.254688 0.246050 2.000000 0.221875 0.313770 2.000000 0.264062 0.327314 2.000000 0.000000 0.000000 0.000000 0.290625 0.372460 1.000000 0.234375 0.372460 2.000000 0.260937 0.372460 1.000000 0.245312 0.469526 1.000000 0.268750 0.460497 1.000000 0.253125 0.566591 1.000000 0.270313 0.577878 1.000000
0 0.161516 0.319955 0.057531 0.293093 0.159375 0.209932 2.000000 0.160938 0.200903 2.000000 0.156250 0.200903 2.000000 0.171875 0.198646 2.000000 0.000000 0.000000 0.000000 0.190625 0.232506 1.000000 0.157812 0.234763 2.000000 0.000000 0.000000 0.000000 0.000000 0.000000 0.000000 0.000000 0.000000 0.000000 0.000000 0.000000 0.000000 0.000000 0.000000 0.000000 0.000000 0.000000 0.000000 0.000000 0.000000 0.000000 0.000000 0.000000 0.000000 0.000000 0.000000 0.000000 0.000000 0.000000 0.000000
