0 0.437031 0.730854 0.683906 0.405422 0.615625 0.601266 2.000000 0.000000 0.000000 0.000000 0.601562 0.590717 2.000000 0.000000 0.000000 0.000000 0.565625 0.628692 2.000000 0.604688 0.713080 2.000000 0.550000 0.675105 2.000000 0.643750 0.824895 2.000000 0.653125 0.706751 2.000000 0.690625 0.875527 2.000000 0.717187 0.687764 2.000000 0.431250 0.751055 2.000000 0.412500 0.812236 2.000000 0.326562 0.795359 2.000000 0.273438 0.805907 2.000000 0.209375 0.643460 2.000000 0.154688 0.675105 2.000000
0 0.213742 0.406540 0.344547 0.664388 0.243750 0.181435 2.000000 0.251563 0.162447 2.000000 0.231250 0.164557 2.000000 0.000000 0.000000 0.000000 0.193750 0.160338 2.000000 0.232813 0.225738 2.000000 0.164062 0.240506 2.000000 0.273438 0.327004 2.000000 0.182812 0.417722 2.000000 0.339062 0.335443 2.000000 0.260937 0.493671 2.000000 0.190625 0.525316 2.000000 0.115625 0.537975 2.000000 0.250000 0.670886 1.000000 0.060937 0.715190 2.000000 0.239063 0.894515 1.000000 0.073438 0.590717 2.000000
0 0.523289 0.268998 0.072203 0.353481 0.512500 0.143460 2.000000 0.521875 0.130802 2.000000 0.507812 0.126582 2.000000 0.000000 0.000000 0.000000 0.490625 0.128692 2.000000 0.537500 0.194093 2.000000 0.471875 0.187764 1.000000 0.553125 0.265823 2.000000 0.000000 0.000000 0.000000 0.517188 0.282700 2.000000 0.000000 0.000000 0.000000 0.517188 0.354430 2.000000 0.473438 0.352321 1.000000 0.000000 0.000000 0.000000 0.000000 0.000000 0.000000 0.000000 0.000000 0.000000 0.000000 0.000000 0.000000
0 0.626656 0.311160 0.111031 0.605443 0.635938 0.059072 2.000000 0.643750 0.044304 2.000000 0.628125 0.044304 2.000000 0.653125 0.059072 2.000000 0.606250 0.056962 2.000000 0.667188 0.109705 1.000000 0.595313 0.126582 2.000000 0.000000 0.000000 0.000000 0.000000 0.000000 0.000000 0.000000 0.000000 0.000000 0.000000 0.000000 0.000000 0.639062 0.318565 2.000000 0.604688 0.316456 2.000000 0.665625 0.462025 2.000000 0.621875 0.464135 2.000000 0.676562 0.565401 2.000000 0.635938 0.575949 2.000000
0 0.089039 0.325844 0.178078 0.584262 0.093750 0.105485 2.000000 0.103125 0.094937 2.000000 0.082812 0.092827 2.000000 0.000000 0.000000 0.000000 0.062500 0.103376 1.000000 0.143750 0.154008 2.000000 0.045312 0.164557 2.000000 0.000000 0.000000 0.000000 0.039062 0.270042 2.000000 0.000000 0.000000 0.000000 0.023438 0.356540 2.000000 0.114062 0.327004 1.000000 0.079687 0.335443 2.000000 0.000000 0.000000 0.000000 0.057813 0.472574 2.000000 0.000000 0.000000 0.000000 0.000000 0.000000 0.000000
0 0.890367 0.329251 0.196734 0.658502 0.896875 0.031646 2.000000 0.904687 0.023207 2.000000 0.889062 0.023207 2.000000 0.917188 0.029536 2.000000 0.873437 0.025316 2.000000 0.940625 0.107595 2.000000 0.843750 0.097046 2.000000 0.959375 0.215190 2.000000 0.821875 0.198312 2.000000 0.973437 0.291139 2.000000 0.801562 0.293249 2.000000 0.925000 0.282700 2.000000 0.843750 0.280591 2.000000 0.907813 0.445148 2.000000 0.825000 0.443038 2.000000 0.904687 0.620253 2.000000 0.817187 0.618143 2.000000
0 0.560047 0.179778 0.058250 0.224705 0.559375 0.109705 2.000000 0.564063 0.105485 2.000000 0.550000 0.105485 2.000000 0.000000 0.000000 0.000000 0.000000 0.000000 0.000000 0.575000 0.137131 2.000000 0.548438 0.147679 2.000000 0.571875 0.187764 2.000000 0.000000 0.000000 0.000000 0.571875 0.253165 2.000000 0.000000 0.000000 0.000000 0.000000 0.000000 0.000000 0.000000 0.000000 0.000000 0.000000 0.000000 0.000000 0.000000 0.000000 0.000000 0.000000 0.000000 0.000000 0.000000 0.000000 0.000000
0 0.741859 0.317785 0.208719 0.589958 0.720313 0.086498 2.000000 0.729688 0.071730 2.000000 0.709375 0.069620 2.000000 0.000000 0.000000 0.000000 0.695312 0.090717 2.000000 0.748437 0.164557 2.000000 0.682813 0.160338 2.000000 0.759375 0.278481 2.000000 0.659375 0.284810 2.000000 0.800000 0.348101 2.000000 0.725000 0.314346 2.000000 0.773438 0.337553 2.000000 0.723437 0.341772 2.000000 0.773438 0.563291 2.000000 0.750000 0.578059 2.000000 0.746875 0.708861 1.000000 0.721875 0.715190 1.000000
0 0.794719 0.092574 0.091938 0.134473 0.776563 0.071730 2.000000 0.784375 0.063291 2.000000 0.770312 0.065401 2.000000 0.000000 0.000000 0.000000 0.000000 0.000000 0.000000 0.000000 0.000000 0.000000 0.000000 0.000000 0.000000 0.000000 0.000000 0.000000 0.000000 0.000000 0.000000 0.000000 0.000000 0.000000 0.000000 0.000000 0.000000 0.000000 0.000000 0.000000 0.000000 0.000000 0.000000 0.000000 0.000000 0.000000 0.000000 0.000000 0.000000 0.000000 0.000000 0.000000 0.000000 0.000000 0.000000
0 0.714477 0.102859 0.146609 0.205717 0.000000 0.000000 0.000000 0.000000 0.000000 0.000000 0.000000 0.000000 0.000000 0.000000 0.000000 0.000000 0.000000 0.000000 0.000000 0.751563 0.105485 2.000000 0.676562 0.107595 2.000000 0.762500 0.179325 2.000000 0.657813 0.172996 2.000000 0.000000 0.000000 0.000000 0.000000 0.000000 0.000000 0.739062 0.255274 1.000000 0.690625 0.253165 1.000000 0.000000 0.000000 0.000000 0.000000 0.000000 0.000000 0.000000 0.000000 0.000000 0.000000 0.000000 0.000000
0 0.386305 0.156614 0.092609 0.291793 0.375000 0.061181 2.000000 0.382812 0.052743 2.000000 0.365625 0.054852 2.000000 0.396875 0.063291 2.000000 0.357812 0.069620 2.000000 0.426563 0.122363 2.000000 0.348438 0.130802 2.000000 0.000000 0.000000 0.000000 0.000000 0.000000 0.000000 0.000000 0.000000 0.000000 0.359375 0.261603 1.000000 0.420312 0.286920 1.000000 0.375000 0.289030 2.000000 0.000000 0.000000 0.000000 0.000000 0.000000 0.000000 0.000000 0.000000 0.000000 0.000000 0.000000 0.000000
0 0.304117 0.348449 0.128547 0.670992 0.320312 0.080169 2.000000 0.325000 0.067511 2.000000 0.309375 0.067511 2.000000 0.000000 0.000000 0.000000 0.293750 0.082278 2.000000 0.357812 0.151899 2.000000 0.265625 0.132911 1.000000 0.000000 0.000000 0.000000 0.000000 0.000000 0.000000 0.000000 0.000000 0.000000 0.000000 0.000000 0.000000 0.337500 0.324895 1.000000 0.270313 0.316456 1.000000 0.321875 0.485232 2.000000 0.265625 0.470464 1.000000 0.326562 0.628692 2.000000 0.254688 0.641350 1.000000
0 0.445328 0.341857 0.140437 0.591814 0.450000 0.105485 2.000000 0.459375 0.099156 2.000000 0.439063 0.097046 2.000000 0.471875 0.116034 2.000000 0.428125 0.113924 1.000000 0.495312 0.175105 2.000000 0.407813 0.183544 2.000000 0.492188 0.242616 2.000000 0.387500 0.261603 2.000000 0.443750 0.276371 2.000000 0.426563 0.291139 2.000000 0.473438 0.331224 2.000000 0.406250 0.333333 2.000000 0.479687 0.483122 2.000000 0.412500 0.476793 2.000000 0.489063 0.601266 2.000000 0.406250 0.603376 2.000000
