0 0.612410 0.551880 0.302020 0.637573 0.640000 0.296000 2.000000 0.642000 0.285333 2.000000 0.634000 0.285333 2.000000 0.000000 0.000000 0.000000 0.606000 0.290667 2.000000 0.558000 0.346667 2.000000 0.608000 0.346667 2.000000 0.522000 0.448000 2.000000 0.666000 0.421333 2.000000 0.000000 0.000000 0.000000 0.722000 0.437333 2.000000 0.552000 0.480000 2.000000 0.582000 0.480000 2.000000 0.534000 0.656000 2.000000 0.626000 0.658667 2.000000 0.488000 0.794667 2.000000 0.656000 0.802667 2.000000
0 0.356620 0.631840 0.197920 0.398827 0.362000 0.485333 2.000000 0.364000 0.477333 2.000000 0.350000 0.477333 2.000000 0.000000 0.000000 0.000000 0.000000 0.000000 0.000000 0.364000 0.560000 2.000000 0.300000 0.541333 2.000000 0.386000 0.640000 2.000000 0.298000 0.634667 2.000000 0.444000 0.693333 2.000000 0.354000 0.680000 2.000000 0.338000 0.682667 2.000000 0.280000 0.696000 2.000000 0.424000 0.677333 2.000000 0.378000 0.696000 2.000000 0.350000 0.778667 2.000000 0.288000 0.778667 2.000000
0 0.106970 0.206467 0.117180 0.236240 0.122000 0.144000 2.000000 0.000000 0.000000 0.000000 0.118000 0.141333 2.000000 0.000000 0.000000 0.000000 0.098000 0.138667 2.000000 0.130000 0.149333 2.000000 0.074000 0.176000 1.000000 0.156000 0.168000 2.000000 0.000000 0.000000 0.000000 0.154000 0.213333 2.000000 0.000000 0.000000 0.000000 0.000000 0.000000 0.000000 0.000000 0.000000 0.000000 0.000000 0.000000 0.000000 0.000000 0.000000 0.000000 0.000000 0.000000 0.000000 0.000000 0.000000 0.000000
0 0.230250 0.170027 0.098820 0.218507 0.240000 0.109333 2.000000 0.244000 0.101333 2.000000 0.234000 0.098667 2.000000 0.000000 0.000000 0.000000 0.218000 0.104000 2.000000 0.262000 0.160000 2.000000 0.200000 0.160000 2.000000 0.266000 0.248000 2.000000 0.198000 0.234667 1.000000 0.260000 0.266667 2.000000 0.232000 0.269333 1.000000 0.000000 0.000000 0.000000 0.000000 0.000000 0.000000 0.000000 0.000000 0.000000 0.000000 0.000000 0.000000 0.000000 0.000000 0.000000 0.000000 0.000000 0.000000
0 0.369860 0.267987 0.121040 0.228933 0.376000 0.192000 2.000000 0.380000 0.184000 2.000000 0.370000 0.184000 2.000000 0.388000 0.194667 1.000000 0.352000 0.189333 2.000000 0.398000 0.240000 2.000000 0.334000 0.240000 2.000000 0.412000 0.298667 2.000000 0.000000 0.000000 0.000000 0.384000 0.330667 2.000000 0.000000 0.000000 0.000000 0.378000 0.352000 1.000000 0.000000 0.000000 0.000000 0.420000 0.352000 2.000000 0.000000 0.000000 0.000000 0.000000 0.000000 0.000000 0.000000 0.000000 0.000000
0 0.472020 0.268360 0.094120 0.200507 0.458000 0.216000 2.000000 0.466000 0.208000 2.000000 0.454000 0.205333 2.000000 0.488000 0.210667 2.000000 0.000000 0.000000 0.000000 0.504000 0.256000 1.000000 0.444000 0.258667 2.000000 0.000000 0.000000 0.000000 0.452000 0.322667 2.000000 0.000000 0.000000 0.000000 0.490000 0.304000 2.000000 0.000000 0.000000 0.000000 0.000000 0.000000 0.000000 0.000000 0.000000 0.000000 0.000000 0.000000 0.000000 0.000000 0.000000 0.000000 0.000000 0.000000 0.000000
0 0.339780 0.179053 0.120160 0.212080 0.330000 0.120000 2.000000 0.336000 0.112000 2.000000 0.326000 0.112000 2.000000 0.354000 0.114667 1.000000 0.000000 0.000000 0.000000 0.364000 0.152000 2.000000 0.300000 0.160000 2.000000 0.388000 0.221333 1.000000 0.294000 0.237333 2.000000 0.000000 0.000000 0.000000 0.000000 0.000000 0.000000 0.364000 0.253333 1.000000 0.310000 0.258667 1.000000 0.000000 0.000000 0.000000 0.000000 0.000000 0.000000 0.000000 0.000000 0.000000 0.000000 0.000000 0.000000
0 0.206120 0.323080 0.111320 0.129093 0.202000 0.301333 2.000000 0.206000 0.290667 2.000000 0.194000 0.293333 2.000000 0.216000 0.293333 2.000000 0.180000 0.296000 2.000000 0.238000 0.338667 2.000000 0.168000 0.346667 2.000000 0.000000 0.000000 0.000000 0.162000 0.410667 1.000000 0.000000 0.000000 0.000000 0.194000 0.338667 2.000000 0.242000 0.440000 1.000000 0.190000 0.445333 1.000000 0.000000 0.000000 0.000000 0.000000 0.000000 0.000000 0.000000 0.000000 0.000000 0.000000 0.000000 0.000000
0 0.833730 0.470493 0.140260 0.321467 0.822000 0.357333 2.000000 0.828000 0.346667 2.000000 0.818000 0.344000 2.000000 0.000000 0.000000 0.000000 0.000000 0.000000 0.000000 0.862000 0.394667 2.000000 0.796000 0.389333 2.000000 0.874000 0.469333 2.000000 0.784000 0.466667 2.000000 0.844000 0.488000 2.000000 0.824000 0.482667 2.000000 0.848000 0.490667 2.000000 0.810000 0.490667 2.000000 0.886000 0.485333 2.000000 0.782000 0.485333 2.000000 0.884000 0.610667 2.000000 0.778000 0.608000 2.000000
0 0.893090 0.305587 0.074500 0.180880 0.872000 0.261333 2.000000 0.878000 0.253333 2.000000 0.000000 0.000000 0.000000 0.896000 0.258667 2.000000 0.000000 0.000000 0.000000 0.904000 0.317333 2.000000 0.904000 0.306667 2.000000 0.902000 0.389333 2.000000 0.000000 0.000000 0.000000 0.840000 0.384000 1.000000 0.000000 0.000000 0.000000 0.000000 0.000000 0.000000 0.000000 0.000000 0.000000 0.000000 0.000000 0.000000 0.000000 0.000000 0.000000 0.000000 0.000000 0.000000 0.000000 0.000000 0.000000
0 0.060540 0.501373 0.121080 0.634053 0.100000 0.245333 2.000000 0.000000 0.000000 0.000000 0.092000 0.237333 2.000000 0.000000 0.000000 0.000000 0.062000 0.240000 2.000000 0.000000 0.000000 0.000000 0.048000 0.298667 2.000000 0.000000 0.000000 0.000000 0.020000 0.389333 2.000000 0.000000 0.000000 0.000000 0.038000 0.482667 2.000000 0.048000 0.474667 2.000000 0.060000 0.474667 2.000000 0.050000 0.642667 2.000000 0.066000 0.634667 2.000000 0.020000 0.760000 2.000000 0.056000 0.778667 2.000000
0 0.498880 0.314600 0.128080 0.157307 0.518000 0.288000 2.000000 0.524000 0.282667 2.000000 0.512000 0.282667 2.000000 0.534000 0.285333 2.000000 0.498000 0.288000 2.000000 0.558000 0.325333 2.000000 0.480000 0.330667 2.000000 0.000000 0.000000 0.000000 0.456000 0.381333 2.000000 0.000000 0.000000 0.000000 0.000000 0.000000 0.000000 0.000000 0.000000 0.000000 0.000000 0.000000 0.000000 0.000000 0.000000 0.000000 0.000000 0.000000 0.000000 0.000000 0.000000 0.000000 0.000000 0.000000 0.000000
0 0.452360 0.180747 0.114560 0.181067 0.454000 0.152000 2.000000 0.460000 0.144000 2.000000 0.450000 0.144000 2.000000 0.472000 0.133333 2.000000 0.436000 0.130667 2.000000 0.490000 0.160000 2.000000 0.414000 0.165333 2.000000 0.000000 0.000000 0.000000 0.408000 0.245333 1.000000 0.000000 0.000000 0.000000 0.000000 0.000000 0.000000 0.000000 0.000000 0.000000 0.000000 0.000000 0.000000 0.000000 0.000000 0.000000 0.000000 0.000000 0.000000 0.000000 0.000000 0.000000 0.000000 0.000000 0.000000
