0 0.359023 0.497760 0.381734 0.641271 0.384375 0.372917 2.000000 0.396875 0.335417 2.000000 0.343750 0.331250 2.000000 0.000000 0.000000 0.000000 0.292187 0.350000 2.000000 0.454688 0.508333 2.000000 0.196875 0.518750 2.000000 0.515625 0.800000 2.000000 0.232813 0.814583 1.000000 0.000000 0.000000 0.000000 0.439063 0.837500 1.000000 0.434375 0.891667 1.000000 0.275000 0.918750 1.000000 0.000000 0.000000 0.000000 0.000000 0.000000 0.000000 0.000000 0.000000 0.000000 0.000000 0.000000 0.000000
0 0.852039 0.460323 0.295922 0.512479 0.953125 0.395833 1.000000 0.000000 0.000000 0.000000 0.954688 0.379167 2.000000 0.000000 0.000000 0.000000 0.912500 0.335417 2.000000 0.898438 0.427083 2.000000 0.812500 0.445833 2.000000 0.870313 0.597917 1.000000 0.759375 0.675000 1.000000 0.000000 0.000000 0.000000 0.000000 0.000000 0.000000 0.000000 0.000000 0.000000 0.000000 0.000000 0.000000 0.000000 0.000000 0.000000 0.000000 0.000000 0.000000 0.000000 0.000000 0.000000 0.000000 0.000000 0.000000
0 0.598992 0.142875 0.086734 0.244625 0.589063 0.141667 2.000000 0.601562 0.118750 2.000000 0.578125 0.127083 2.000000 0.000000 0.000000 0.000000 0.000000 0.000000 0.000000 0.635938 0.214583 1.000000 0.000000 0.000000 0.000000 0.000000 0.000000 0.000000 0.000000 0.000000 0.000000 0.000000 0.000000 0.000000 0.000000 0.000000 0.000000 0.000000 0.000000 0.000000 0.000000 0.000000 0.000000 0.000000 0.000000 0.000000 0.000000 0.000000 0.000000 0.000000 0.000000 0.000000 0.000000 0.000000 0.000000
0 0.715609 0.200646 0.082219 0.114083 0.698438 0.222917 2.000000 0.709375 0.195833 2.000000 0.695312 0.193750 2.000000 0.734375 0.170833 2.000000 0.000000 0.000000 0.000000 0.765625 0.237500 1.000000 0.693750 0.233333 2.000000 0.000000 0.000000 0.000000 0.000000 0.000000 0.000000 0.000000 0.000000 0.000000 0.000000 0.000000 0.000000 0.000000 0.000000 0.000000 0.000000 0.000000 0.000000 0.000000 0.000000 0.000000 0.000000 0.000000 0.000000 0.000000 0.000000 0.000000 0.000000 0.000000 0.000000
0 0.825562 0.077750 0.048125 0.119917 0.817187 0.079167 2.000000 0.825000 0.062500 2.000000 0.812500 0.062500 2.000000 0.839063 0.070833 2.000000 0.000000 0.000000 0.000000 0.000000 0.000000 0.000000 0.000000 0.000000 0.000000 0.000000 0.000000 0.000000 0.000000 0.000000 0.000000 0.000000 0.000000 0.000000 0.000000 0.000000 0.000000 0.000000 0.000000 0.000000 0.000000 0.000000 0.000000 0.000000 0.000000 0.000000 0.000000 0.000000 0.000000 0.000000 0.000000 0.000000 0.000000 0.000000 0.000000
0 0.399711 0.066583 0.113453 0.133167 0.367188 0.041667 2.000000 0.385937 0.016667 2.000000 0.356250 0.022917 2.000000 0.425000 0.014583 2.000000 0.000000 0.000000 0.000000 0.000000 0.000000 0.000000 0.000000 0.000000 0.000000 0.000000 0.000000 0.000000 0.000000 0.000000 0.000000 0.000000 0.000000 0.000000 0.000000 0.000000 0.000000 0.000000 0.000000 0.000000 0.000000 0.000000 0.000000 0.000000 0.000000 0.000000 0.000000 0.000000 0.000000 0.000000 0.000000 0.000000 0.000000 0.000000 0.000000
0 0.236117 0.147740 0.153703 0.261729 0.260937 0.158333 2.000000 0.270313 0.129167 2.000000 0.243750 0.129167 2.000000 0.000000 0.000000 0.000000 0.182812 0.125000 2.000000 0.239063 0.260417 2.000000 0.185938 0.256250 2.000000 0.000000 0.000000 0.000000 0.000000 0.000000 0.000000 0.000000 0.000000 0.000000 0.000000 0.000000 0.000000 0.000000 0.000000 0.000000 0.000000 0.000000 0.000000 0.000000 0.000000 0.000000 0.000000 0.000000 0.000000 0.000000 0.000000 0.000000 0.000000 0.000000 0.000000
0 0.506102 0.142990 0.096516 0.253562 0.509375 0.147917 2.000000 0.520312 0.120833 2.000000 0.498437 0.120833 2.000000 0.553125 0.122917 1.000000 0.000000 0.000000 0.000000 0.581250 0.208333 1.000000 0.487500 0.212500 2.000000 0.000000 0.000000 0.000000 0.000000 0.000000 0.000000 0.000000 0.000000 0.000000 0.000000 0.000000 0.000000 0.000000 0.000000 0.000000 0.000000 0.000000 0.000000 0.000000 0.000000 0.000000 0.000000 0.000000 0.000000 0.000000 0.000000 0.000000 0.000000 0.000000 0.000000
0 0.700328 0.110385 0.099344 0.127271 0.700000 0.097917 2.000000 0.714063 0.077083 2.000000 0.690625 0.064583 2.000000 0.731250 0.083333 2.000000 0.679688 0.064583 2.000000 0.000000 0.000000 0.000000 0.000000 0.000000 0.000000 0.000000 0.000000 0.000000 0.000000 0.000000 0.000000 0.000000 0.000000 0.000000 0.000000 0.000000 0.000000 0.000000 0.000000 0.000000 0.000000 0.000000 0.000000 0.000000 0.000000 0.000000 0.000000 0.000000 0.000000 0.000000 0.000000 0.000000 0.000000 0.000000 0.000000
0 0.090969 0.168312 0.163375 0.230208 0.081250 0.162500 2.000000 0.096875 0.143750 2.000000 0.065625 0.143750 2.000000 0.131250 0.168750 2.000000 0.000000 0.000000 0.000000 0.173437 0.266667 1.000000 0.006250 0.272917 1.000000 0.000000 0.000000 0.000000 0.000000 0.000000 0.000000 0.000000 0.000000 0.000000 0.000000 0.000000 0.000000 0.000000 0.000000 0.000000 0.000000 0.000000 0.000000 0.000000 0.000000 0.000000 0.000000 0.000000 0.000000 0.000000 0.000000 0.000000 0.000000 0.000000 0.000000
