0 0.771586 0.696042 0.291734 0.583326 0.801562 0.501171 2.000000 0.809375 0.489461 2.000000 0.000000 0.000000 0.000000 0.842187 0.475410 1.000000 0.000000 0.000000 0.000000 0.882812 0.564403 2.000000 0.796875 0.557377 2.000000 0.887500 0.690867 2.000000 0.773438 0.644028 2.000000 0.795312 0.690867 2.000000 0.743750 0.651054 2.000000 0.823438 0.737705 1.000000 0.773438 0.714286 1.000000 0.717187 0.777518 2.000000 0.643750 0.714286 2.000000 0.725000 0.915691 2.000000 0.684375 0.871194 2.000000
0 0.700570 0.651265 0.181641 0.436440 0.735938 0.482436 2.000000 0.745313 0.473068 2.000000 0.732812 0.473068 2.000000 0.768750 0.473068 2.000000 0.000000 0.000000 0.000000 0.770312 0.545667 2.000000 0.721875 0.536300 2.000000 0.742188 0.622951 2.000000 0.689063 0.599532 2.000000 0.700000 0.611241 2.000000 0.726562 0.597190 2.000000 0.740625 0.639344 1.000000 0.701562 0.629977 1.000000 0.650000 0.672131 2.000000 0.634375 0.662763 2.000000 0.656250 0.805621 1.000000 0.635938 0.796253 2.000000
0 0.683758 0.532283 0.068453 0.161991 0.000000 0.000000 0.000000 0.679688 0.489461 2.000000 0.670312 0.491803 2.000000 0.698438 0.494145 2.000000 0.673438 0.498829 2.000000 0.717187 0.550351 1.000000 0.670312 0.533958 2.000000 0.701562 0.618267 1.000000 0.635938 0.590164 1.000000 0.651563 0.625293 1.000000 0.650000 0.562061 1.000000 0.693750 0.646370 1.000000 0.668750 0.634660 1.000000 0.631250 0.665105 1.000000 0.000000 0.000000 0.000000 0.000000 0.000000 0.000000 0.000000 0.000000 0.000000
0 0.953055 0.574321 0.093891 0.831077 0.000000 0.000000 0.000000 0.000000 0.000000 0.000000 0.000000 0.000000 0.000000 0.000000 0.000000 0.000000 0.000000 0.000000 0.000000 0.000000 0.000000 0.000000 0.981250 0.316159 2.000000 0.000000 0.000000 0.000000 0.000000 0.000000 0.000000 0.000000 0.000000 0.000000 0.000000 0.000000 0.000000 0.000000 0.000000 0.000000 0.981250 0.655738 2.000000 0.000000 0.000000 0.000000 0.981250 0.789227 2.000000 0.000000 0.000000 0.000000 0.942187 0.978923 2.000000
0 0.554922 0.615398 0.126750 0.292248 0.598437 0.501171 2.000000 0.603125 0.494145 2.000000 0.000000 0.000000 0.000000 0.000000 0.000000 0.000000 0.000000 0.000000 0.000000 0.609375 0.531616 2.000000 0.600000 0.529274 2.000000 0.585938 0.594848 1.000000 0.575000 0.571429 1.000000 0.576562 0.548009 2.000000 0.573438 0.548009 2.000000 0.593750 0.608899 1.000000 0.579688 0.601874 1.000000 0.551562 0.629977 2.000000 0.551562 0.590164 1.000000 0.531250 0.725995 2.000000 0.000000 0.000000 0.000000
0 0.365133 0.557681 0.128672 0.268759 0.326562 0.442623 2.000000 0.000000 0.000000 0.000000 0.320312 0.428571 1.000000 0.000000 0.000000 0.000000 0.000000 0.000000 0.000000 0.000000 0.000000 0.000000 0.292187 0.482436 1.000000 0.000000 0.000000 0.000000 0.323437 0.569087 2.000000 0.000000 0.000000 0.000000 0.345313 0.498829 2.000000 0.000000 0.000000 0.000000 0.307812 0.627635 1.000000 0.000000 0.000000 0.000000 0.410938 0.648712 2.000000 0.000000 0.000000 0.000000 0.432812 0.761124 1.000000
0 0.607148 0.632248 0.104359 0.347916 0.617188 0.510539 2.000000 0.621875 0.503513 2.000000 0.000000 0.000000 0.000000 0.634375 0.494145 2.000000 0.000000 0.000000 0.000000 0.650000 0.550351 1.000000 0.615625 0.543326 1.000000 0.000000 0.000000 0.000000 0.000000 0.000000 0.000000 0.000000 0.000000 0.000000 0.000000 0.000000 0.000000 0.651563 0.646370 1.000000 0.625000 0.641686 1.000000 0.585938 0.651054 2.000000 0.568750 0.648712 2.000000 0.607812 0.761124 2.000000 0.584375 0.742389 2.000000
0 0.535195 0.539016 0.073141 0.129227 0.543750 0.501171 2.000000 0.546875 0.496487 2.000000 0.000000 0.000000 0.000000 0.557813 0.496487 2.000000 0.000000 0.000000 0.000000 0.564063 0.522248 2.000000 0.543750 0.522248 2.000000 0.000000 0.000000 0.000000 0.542188 0.564403 2.000000 0.000000 0.000000 0.000000 0.532813 0.533958 2.000000 0.545312 0.590164 1.000000 0.529687 0.585480 1.000000 0.492188 0.587822 1.000000 0.481250 0.583138 1.000000 0.500000 0.651054 1.000000 0.490625 0.646370 1.000000
0 0.319586 0.640738 0.332766 0.693841 0.298438 0.440281 2.000000 0.000000 0.000000 0.000000 0.293750 0.416862 2.000000 0.000000 0.000000 0.000000 0.000000 0.000000 0.000000 0.000000 0.000000 0.000000 0.228125 0.449649 2.000000 0.289062 0.597190 2.000000 0.242188 0.646370 2.000000 0.284375 0.470726 2.000000 0.334375 0.587822 2.000000 0.273438 0.681499 1.000000 0.259375 0.707260 1.000000 0.423438 0.718970 2.000000 0.421875 0.751756 2.000000 0.429688 0.915691 2.000000 0.428125 0.985948 1.000000
0 0.370727 0.519005 0.090672 0.197728 0.328125 0.442623 1.000000 0.329688 0.437939 1.000000 0.331250 0.437939 1.000000 0.000000 0.000000 0.000000 0.000000 0.000000 0.000000 0.000000 0.000000 0.000000 0.000000 0.000000 0.000000 0.000000 0.000000 0.000000 0.000000 0.000000 0.000000 0.000000 0.000000 0.000000 0.343750 0.501171 1.000000 0.000000 0.000000 0.000000 0.000000 0.000000 0.000000 0.409375 0.606557 2.000000 0.409375 0.615925 2.000000 0.000000 0.000000 0.000000 0.000000 0.000000 0.000000
