0 0.481180 0.662920 0.254480 0.647173 0.438000 0.402667 2.000000 0.446000 0.389333 2.000000 0.424000 0.394667 2.000000 0.000000 0.000000 0.000000 0.394000 0.410667 2.000000 0.458000 0.490667 2.000000 0.390000 0.485333 2.000000 0.494000 0.613333 2.000000 0.454000 0.552000 2.000000 0.520000 0.717333 2.000000 0.534000 0.557333 2.000000 0.488000 0.789333 2.000000 0.440000 0.794667 2.000000 0.474000 0.920000 2.000000 0.436000 0.922667 2.000000 0.000000 0.000000 0.000000 0.000000 0.000000 0.000000
0 0.966650 0.536080 0.066700 0.263627 0.984000 0.440000 2.000000 0.990000 0.432000 2.000000 0.978000 0.432000 2.000000 0.000000 0.000000 0.000000 0.966000 0.440000 2.000000 0.992000 0.485333 1.000000 0.948000 0.480000 2.000000 0.000000 0.000000 0.000000 0.942000 0.536000 2.000000 0.000000 0.000000 0.000000 0.982000 0.530667 2.000000 0.990000 0.565333 2.000000 0.966000 0.562667 2.000000 0.000000 0.000000 0.000000 0.000000 0.000000 0.000000 0.000000 0.000000 0.000000 0.000000 0.000000 0.000000
0 0.701390 0.730240 0.097740 0.301760 0.000000 0.000000 0.000000 0.000000 0.000000 0.000000 0.000000 0.000000 0.000000 0.000000 0.000000 0.000000 0.000000 0.000000 0.000000 0.000000 0.000000 0.000000 0.726000 0.589333 2.000000 0.000000 0.000000 0.000000 0.698000 0.634667 2.000000 0.726000 0.626667 2.000000 0.750000 0.648000 1.000000 0.000000 0.000000 0.000000 0.718000 0.706667 1.000000 0.740000 0.762667 1.000000 0.670000 0.749333 2.000000 0.740000 0.834667 2.000000 0.696000 0.816000 2.000000
0 0.591220 0.667787 0.189200 0.639627 0.616000 0.410667 2.000000 0.618000 0.397333 2.000000 0.604000 0.397333 2.000000 0.000000 0.000000 0.000000 0.578000 0.416000 2.000000 0.638000 0.496000 2.000000 0.544000 0.493333 2.000000 0.644000 0.578667 2.000000 0.528000 0.605333 2.000000 0.666000 0.645333 2.000000 0.584000 0.581333 1.000000 0.626000 0.664000 2.000000 0.556000 0.661333 2.000000 0.600000 0.816000 2.000000 0.544000 0.837333 2.000000 0.594000 0.962667 2.000000 0.516000 0.976000 2.000000
0 0.321260 0.499853 0.083760 0.204400 0.320000 0.424000 2.000000 0.322000 0.418667 2.000000 0.314000 0.424000 2.000000 0.000000 0.000000 0.000000 0.304000 0.426667 2.000000 0.334000 0.458667 2.000000 0.300000 0.461333 2.000000 0.360000 0.504000 1.000000 0.300000 0.514667 2.000000 0.328000 0.512000 2.000000 0.330000 0.525333 1.000000 0.338000 0.562667 1.000000 0.306000 0.565333 1.000000 0.000000 0.000000 0.000000 0.000000 0.000000 0.000000 0.000000 0.000000 0.000000 0.000000 0.000000 0.000000
0 0.206080 0.604733 0.195960 0.635120 0.192000 0.338667 2.000000 0.198000 0.330667 2.000000 0.180000 0.333333 2.000000 0.000000 0.000000 0.000000 0.152000 0.349333 2.000000 0.210000 0.424000 2.000000 0.136000 0.437333 2.000000 0.258000 0.549333 2.000000 0.128000 0.562667 2.000000 0.256000 0.522667 2.000000 0.234000 0.557333 2.000000 0.254000 0.685333 2.000000 0.192000 0.696000 2.000000 0.270000 0.845333 2.000000 0.196000 0.872000 1.000000 0.000000 0.000000 0.000000 0.000000 0.000000 0.000000
0 0.051890 0.513387 0.103180 0.286613 0.052000 0.402667 2.000000 0.058000 0.397333 2.000000 0.046000 0.397333 2.000000 0.066000 0.402667 2.000000 0.036000 0.402667 2.000000 0.082000 0.440000 2.000000 0.020000 0.442667 2.000000 0.090000 0.509333 2.000000 0.014000 0.520000 2.000000 0.064000 0.549333 2.000000 0.052000 0.565333 2.000000 0.076000 0.584000 2.000000 0.032000 0.586667 2.000000 0.000000 0.000000 0.000000 0.000000 0.000000 0.000000 0.000000 0.000000 0.000000 0.000000 0.000000 0.000000
0 0.802370 0.676800 0.152020 0.623893 0.836000 0.448000 2.000000 0.000000 0.000000 0.000000 0.828000 0.432000 2.000000 0.000000 0.000000 0.000000 0.796000 0.432000 2.000000 0.840000 0.506667 2.000000 0.758000 0.506667 2.000000 0.846000 0.602667 2.000000 0.746000 0.608000 2.000000 0.858000 0.685333 2.000000 0.762000 0.688000 2.000000 0.834000 0.720000 2.000000 0.772000 0.725333 2.000000 0.848000 0.837333 2.000000 0.774000 0.834667 2.000000 0.868000 0.960000 1.000000 0.778000 0.954667 2.000000
0 0.316860 0.574147 0.101120 0.159547 0.346000 0.522667 2.000000 0.350000 0.520000 2.000000 0.340000 0.517333 2.000000 0.358000 0.530667 2.000000 0.330000 0.525333 1.000000 0.366000 0.560000 1.000000 0.312000 0.554667 2.000000 0.354000 0.624000 2.000000 0.324000 0.621333 2.000000 0.356000 0.573333 2.000000 0.346000 0.568000 2.000000 0.330000 0.666667 1.000000 0.298000 0.669333 1.000000 0.366000 0.709333 1.000000 0.324000 0.720000 1.000000 0.000000 0.000000 0.000000 0.000000 0.000000 0.000000
0 0.099660 0.818693 0.199320 0.335573 0.122000 0.794667 2.000000 0.114000 0.770667 2.000000 0.084000 0.786667 2.000000 0.000000 0.000000 0.000000 0.006000 0.837333 2.000000 0.070000 0.904000 2.000000 0.012000 0.986667 1.000000 0.192000 0.986667 1.000000 0.000000 0.000000 0.000000 0.000000 0.000000 0.000000 0.000000 0.000000 0.000000 0.000000 0.000000 0.000000 0.000000 0.000000 0.000000 0.000000 0.000000 0.000000 0.000000 0.000000 0.000000 0.000000 0.000000 0.000000 0.000000 0.000000 0.000000
0 0.927870 0.705747 0.107740 0.339333 0.950000 0.573333 2.000000 0.948000 0.562667 2.000000 0.940000 0.565333 2.000000 0.000000 0.000000 0.000000 0.924000 0.573333 2.000000 0.966000 0.629333 2.000000 0.894000 0.624000 2.000000 0.960000 0.704000 1.000000 0.882000 0.701333 1.000000 0.000000 0.000000 0.000000 0.908000 0.696000 2.000000 0.950000 0.741333 1.000000 0.904000 0.741333 1.000000 0.926000 0.792000 2.000000 0.944000 0.746667 1.000000 0.924000 0.904000 1.000000 0.962000 0.818667 1.000000
