0 0.907580 0.458427 0.139880 0.575307 0.894000 0.232000 2.000000 0.902000 0.218667 2.000000 0.888000 0.221333 2.000000 0.922000 0.218667 2.000000 0.000000 0.000000 0.000000 0.944000 0.290667 2.000000 0.876000 0.280000 2.000000 0.942000 0.381333 2.000000 0.852000 0.360000 2.000000 0.898000 0.440000 2.000000 0.860000 0.432000 2.000000 0.916000 0.464000 2.000000 0.876000 0.458667 2.000000 0.918000 0.568000 2.000000 0.872000 0.562667 2.000000 0.920000 0.720000 1.000000 0.878000 0.714667 2.000000
0 0.347910 0.460933 0.198500 0.818773 0.372000 0.141333 2.000000 0.380000 0.125333 2.000000 0.358000 0.125333 2.000000 0.346000 0.120000 2.000000 0.334000 0.117333 2.000000 0.392000 0.208000 2.000000 0.292000 0.208000 2.000000 0.416000 0.336000 2.000000 0.266000 0.336000 2.000000 0.428000 0.408000 1.000000 0.280000 0.408000 1.000000 0.386000 0.450667 1.000000 0.302000 0.448000 2.000000 0.376000 0.648000 2.000000 0.300000 0.642667 2.000000 0.372000 0.832000 2.000000 0.286000 0.824000 2.000000
0 0.125100 0.388947 0.100640 0.217840 0.126000 0.336000 2.000000 0.134000 0.328000 2.000000 0.118000 0.325333 2.000000 0.146000 0.325333 2.000000 0.106000 0.325333 2.000000 0.162000 0.373333 2.000000 0.094000 0.373333 2.000000 0.138000 0.458667 2.000000 0.092000 0.440000 2.000000 0.098000 0.480000 2.000000 0.118000 0.490667 1.000000 0.142000 0.488000 2.000000 0.094000 0.480000 2.000000 0.000000 0.000000 0.000000 0.000000 0.000000 0.000000 0.000000 0.000000 0.000000 0.000000 0.000000 0.000000
0 0.038610 0.375013 0.075540 0.199307 0.018000 0.328000 2.000000 0.024000 0.320000 2.000000 0.010000 0.317333 2.000000 0.036000 0.328000 2.000000 0.000000 0.000000 0.000000 0.050000 0.373333 2.000000 0.000000 0.000000 0.000000 0.060000 0.442667 2.000000 0.000000 0.000000 0.000000 0.026000 0.485333 1.000000 0.000000 0.000000 0.000000 0.000000 0.000000 0.000000 0.000000 0.000000 0.000000 0.000000 0.000000 0.000000 0.000000 0.000000 0.000000 0.000000 0.000000 0.000000 0.000000 0.000000 0.000000
0 0.789030 0.518773 0.114900 0.419307 0.810000 0.360000 2.000000 0.818000 0.349333 2.000000 0.802000 0.349333 2.000000 0.834000 0.365333 2.000000 0.000000 0.000000 0.000000 0.848000 0.408000 1.000000 0.774000 0.408000 2.000000 0.852000 0.485333 1.000000 0.746000 0.474667 2.000000 0.812000 0.509333 2.000000 0.778000 0.506667 2.000000 0.816000 0.525333 2.000000 0.766000 0.514667 2.000000 0.768000 0.520000 2.000000 0.758000 0.584000 2.000000 0.716000 0.621333 1.000000 0.758000 0.690667 2.000000
0 0.638260 0.535813 0.230240 0.776533 0.586000 0.226667 2.000000 0.598000 0.210667 2.000000 0.586000 0.208000 2.000000 0.636000 0.208000 2.000000 0.000000 0.000000 0.000000 0.678000 0.285333 2.000000 0.600000 0.280000 2.000000 0.706000 0.397333 2.000000 0.544000 0.357333 2.000000 0.652000 0.485333 2.000000 0.554000 0.325333 2.000000 0.664000 0.520000 2.000000 0.598000 0.512000 2.000000 0.674000 0.696000 2.000000 0.612000 0.701333 2.000000 0.682000 0.877333 2.000000 0.634000 0.864000 2.000000
0 0.460680 0.399227 0.084520 0.204960 0.434000 0.357333 2.000000 0.442000 0.352000 2.000000 0.428000 0.349333 2.000000 0.456000 0.357333 2.000000 0.000000 0.000000 0.000000 0.480000 0.392000 2.000000 0.412000 0.386667 1.000000 0.480000 0.464000 2.000000 0.404000 0.458667 1.000000 0.448000 0.496000 2.000000 0.422000 0.488000 2.000000 0.458000 0.520000 1.000000 0.416000 0.514667 1.000000 0.000000 0.000000 0.000000 0.000000 0.000000 0.000000 0.000000 0.000000 0.000000 0.000000 0.000000 0.000000
0 0.768430 0.377747 0.068940 0.182373 0.750000 0.352000 2.000000 0.756000 0.344000 2.000000 0.742000 0.341333 2.000000 0.774000 0.344000 2.000000 0.000000 0.000000 0.000000 0.786000 0.386667 2.000000 0.736000 0.386667 2.000000 0.794000 0.453333 1.000000 0.000000 0.000000 0.000000 0.756000 0.448000 1.000000 0.000000 0.000000 0.000000 0.000000 0.000000 0.000000 0.000000 0.000000 0.000000 0.000000 0.000000 0.000000 0.000000 0.000000 0.000000 0.000000 0.000000 0.000000 0.000000 0.000000 0.000000
0 0.218530 0.505813 0.110580 0.392107 0.216000 0.357333 2.000000 0.222000 0.349333 2.000000 0.212000 0.346667 2.000000 0.242000 0.357333 2.000000 0.000000 0.000000 0.000000 0.246000 0.429333 1.000000 0.184000 0.437333 2.000000 0.238000 0.488000 2.000000 0.178000 0.472000 2.000000 0.208000 0.506667 2.000000 0.184000 0.498667 2.000000 0.236000 0.525333 2.000000 0.188000 0.517333 1.000000 0.210000 0.570667 1.000000 0.000000 0.000000 0.000000 0.228000 0.658667 2.000000 0.000000 0.000000 0.000000
0 0.971050 0.366040 0.057900 0.401200 0.958000 0.218667 2.000000 0.962000 0.208000 2.000000 0.950000 0.210667 2.000000 0.980000 0.210667 2.000000 0.000000 0.000000 0.000000 0.990000 0.269333 2.000000 0.950000 0.264000 1.000000 0.000000 0.000000 0.000000 0.000000 0.000000 0.000000 0.000000 0.000000 0.000000 0.000000 0.000000 0.000000 0.000000 0.000000 0.000000 0.000000 0.000000 0.000000 0.000000 0.000000 0.000000 0.000000 0.000000 0.000000 0.000000 0.000000 0.000000 0.000000 0.000000 0.000000
0 0.501900 0.274080 0.056720 0.231680 0.000000 0.000000 0.000000 0.000000 0.000000 0.000000 0.518000 0.197333 2.000000 0.000000 0.000000 0.000000 0.000000 0.000000 0.000000 0.000000 0.000000 0.000000 0.500000 0.264000 2.000000 0.000000 0.000000 0.000000 0.480000 0.370667 1.000000 0.000000 0.000000 0.000000 0.498000 0.306667 2.000000 0.000000 0.000000 0.000000 0.000000 0.000000 0.000000 0.000000 0.000000 0.000000 0.000000 0.000000 0.000000 0.000000 0.000000 0.000000 0.000000 0.000000 0.000000
