0 0.470766 0.328143 0.326750 0.503528 0.542188 0.259346 2.000000 0.551562 0.259346 2.000000 0.550000 0.240654 2.000000 0.000000 0.000000 0.000000 0.535937 0.193925 2.000000 0.489063 0.271028 2.000000 0.504687 0.161215 2.000000 0.000000 0.000000 0.000000 0.492188 0.114486 2.000000 0.540625 0.413551 2.000000 0.512500 0.098131 2.000000 0.409375 0.282710 2.000000 0.389062 0.224299 2.000000 0.490625 0.397196 2.000000 0.515625 0.310748 2.000000 0.385937 0.476636 2.000000 0.543750 0.471963 2.000000
0 0.227680 0.677815 0.066422 0.432407 0.226562 0.504673 2.000000 0.235937 0.495327 2.000000 0.220312 0.495327 2.000000 0.242188 0.500000 2.000000 0.000000 0.000000 0.000000 0.237500 0.544393 2.000000 0.217188 0.544393 2.000000 0.237500 0.598131 2.000000 0.000000 0.000000 0.000000 0.209375 0.633178 2.000000 0.000000 0.000000 0.000000 0.225000 0.684579 2.000000 0.209375 0.682243 2.000000 0.218750 0.761682 2.000000 0.207813 0.766355 2.000000 0.217188 0.866822 2.000000 0.209375 0.857477 2.000000
0 0.050867 0.591180 0.101734 0.465958 0.085938 0.401869 2.000000 0.000000 0.000000 0.000000 0.082812 0.392523 2.000000 0.000000 0.000000 0.000000 0.067187 0.392523 2.000000 0.034375 0.448598 2.000000 0.059375 0.432243 2.000000 0.000000 0.000000 0.000000 0.059375 0.514019 2.000000 0.000000 0.000000 0.000000 0.079687 0.570093 2.000000 0.029687 0.588785 2.000000 0.059375 0.584112 2.000000 0.028125 0.712617 2.000000 0.071875 0.686916 2.000000 0.017188 0.810748 2.000000 0.056250 0.796729 2.000000
0 0.338219 0.684252 0.083312 0.443972 0.334375 0.516355 2.000000 0.340625 0.509346 2.000000 0.329688 0.507009 2.000000 0.000000 0.000000 0.000000 0.000000 0.000000 0.000000 0.348438 0.570093 2.000000 0.000000 0.000000 0.000000 0.335938 0.647196 2.000000 0.000000 0.000000 0.000000 0.306250 0.714953 2.000000 0.000000 0.000000 0.000000 0.331250 0.735981 2.000000 0.000000 0.000000 0.000000 0.318750 0.841121 2.000000 0.000000 0.000000 0.000000 0.000000 0.000000 0.000000 0.000000 0.000000 0.000000
0 0.430773 0.739860 0.117484 0.349112 0.435937 0.621495 2.000000 0.442188 0.614486 2.000000 0.429688 0.616822 2.000000 0.450000 0.621495 2.000000 0.418750 0.623832 2.000000 0.467187 0.691589 2.000000 0.403125 0.696262 2.000000 0.471875 0.778037 2.000000 0.393750 0.785047 2.000000 0.450000 0.866822 2.000000 0.382812 0.855140 2.000000 0.454688 0.859813 2.000000 0.400000 0.869159 2.000000 0.000000 0.000000 0.000000 0.000000 0.000000 0.000000 0.000000 0.000000 0.000000 0.000000 0.000000 0.000000
0 0.521094 0.802465 0.103281 0.395070 0.520312 0.656542 2.000000 0.000000 0.000000 0.000000 0.517188 0.642523 2.000000 0.000000 0.000000 0.000000 0.506250 0.640187 2.000000 0.475000 0.679907 1.000000 0.512500 0.684579 2.000000 0.000000 0.000000 0.000000 0.564063 0.742991 2.000000 0.000000 0.000000 0.000000 0.518750 0.775701 2.000000 0.481250 0.855140 2.000000 0.501563 0.852804 2.000000 0.000000 0.000000 0.000000 0.518750 0.936916 1.000000 0.000000 0.000000 0.000000 0.000000 0.000000 0.000000
0 0.596375 0.810526 0.071906 0.358388 0.000000 0.000000 0.000000 0.000000 0.000000 0.000000 0.000000 0.000000 0.000000 0.000000 0.000000 0.000000 0.000000 0.000000 0.000000 0.595313 0.691589 2.000000 0.618750 0.696262 2.000000 0.582812 0.773364 1.000000 0.634375 0.745327 1.000000 0.573438 0.822430 2.000000 0.628125 0.764019 2.000000 0.600000 0.820093 2.000000 0.618750 0.820093 2.000000 0.582812 0.911215 2.000000 0.607812 0.908879 2.000000 0.612500 0.974299 2.000000 0.607812 0.981308 2.000000
0 0.774992 0.862114 0.071078 0.274743 0.773438 0.742991 2.000000 0.000000 0.000000 0.000000 0.770312 0.740654 2.000000 0.000000 0.000000 0.000000 0.764062 0.742991 2.000000 0.776563 0.778037 2.000000 0.751563 0.778037 2.000000 0.000000 0.000000 0.000000 0.745313 0.815421 2.000000 0.000000 0.000000 0.000000 0.759375 0.838785 2.000000 0.776563 0.852804 2.000000 0.757812 0.852804 2.000000 0.771875 0.911215 2.000000 0.757812 0.911215 2.000000 0.771875 0.974299 2.000000 0.754687 0.969626 1.000000
0 0.687453 0.842068 0.119969 0.312687 0.667188 0.714953 2.000000 0.671875 0.707944 2.000000 0.664062 0.707944 2.000000 0.679688 0.719626 2.000000 0.653125 0.724299 2.000000 0.690625 0.766355 2.000000 0.640625 0.766355 2.000000 0.701562 0.822430 2.000000 0.640625 0.827103 2.000000 0.703125 0.873832 2.000000 0.000000 0.000000 0.000000 0.681250 0.890187 2.000000 0.645312 0.887850 2.000000 0.679688 0.976636 2.000000 0.643750 0.974299 2.000000 0.000000 0.000000 0.000000 0.000000 0.000000 0.000000
0 0.896617 0.823621 0.095766 0.323458 0.887500 0.726636 2.000000 0.895312 0.717290 2.000000 0.881250 0.717290 2.000000 0.907813 0.724299 2.000000 0.000000 0.000000 0.000000 0.923438 0.799065 2.000000 0.871875 0.796729 2.000000 0.931250 0.913551 2.000000 0.865625 0.885514 2.000000 0.000000 0.000000 0.000000 0.845313 0.955607 1.000000 0.000000 0.000000 0.000000 0.000000 0.000000 0.000000 0.000000 0.000000 0.000000 0.000000 0.000000 0.000000 0.000000 0.000000 0.000000 0.000000 0.000000 0.000000
0 0.973422 0.900724 0.053156 0.198551 0.995313 0.857477 2.000000 0.000000 0.000000 0.000000 0.987500 0.848131 2.000000 0.000000 0.000000 0.000000 0.982812 0.834112 2.000000 0.000000 0.000000 0.000000 0.962500 0.852804 2.000000 0.000000 0.000000 0.000000 0.943750 0.890187 1.000000 0.000000 0.000000 0.000000 0.987500 0.901869 2.000000 0.000000 0.000000 0.000000 0.978125 0.988318 2.000000 0.000000 0.000000 0.000000 0.000000 0.000000 0.000000 0.000000 0.000000 0.000000 0.000000 0.000000 0.000000
0 0.149773 0.631507 0.101016 0.497407 0.187500 0.427570 2.000000 0.195312 0.420561 2.000000 0.182812 0.415888 2.000000 0.000000 0.000000 0.000000 0.168750 0.415888 2.000000 0.167187 0.460280 2.000000 0.159375 0.460280 2.000000 0.000000 0.000000 0.000000 0.162500 0.542056 2.000000 0.000000 0.000000 0.000000 0.173437 0.616822 2.000000 0.151562 0.612150 2.000000 0.145313 0.614486 2.000000 0.140625 0.721963 2.000000 0.159375 0.689252 2.000000 0.128125 0.848131 2.000000 0.153125 0.831776 1.000000
