0 0.908047 0.595614 0.157000 0.734531 0.906250 0.296875 2.000000 0.912500 0.287946 2.000000 0.896875 0.287946 2.000000 0.000000 0.000000 0.000000 0.875000 0.294643 2.000000 0.940625 0.352679 2.000000 0.859375 0.366071 2.000000 0.973437 0.473214 2.000000 0.843750 0.491071 2.000000 0.931250 0.566964 2.000000 0.857812 0.569196 2.000000 0.914062 0.571429 2.000000 0.875000 0.569196 2.000000 0.920312 0.741071 2.000000 0.879687 0.727679 2.000000 0.923438 0.912946 2.000000 0.896875 0.881696 2.000000
0 0.831922 0.558672 0.078125 0.645290 0.829688 0.290179 2.000000 0.835938 0.281250 2.000000 0.820312 0.283482 2.000000 0.851562 0.287946 2.000000 0.809375 0.296875 2.000000 0.875000 0.354911 1.000000 0.796875 0.372768 1.000000 0.000000 0.000000 0.000000 0.000000 0.000000 0.000000 0.000000 0.000000 0.000000 0.000000 0.000000 0.000000 0.000000 0.000000 0.000000 0.000000 0.000000 0.000000 0.000000 0.000000 0.000000 0.828125 0.714286 2.000000 0.000000 0.000000 0.000000 0.831250 0.832589 2.000000
0 0.768930 0.600681 0.153109 0.683817 0.767188 0.308036 2.000000 0.775000 0.299107 2.000000 0.757812 0.299107 2.000000 0.784375 0.308036 2.000000 0.746875 0.310268 2.000000 0.821875 0.388393 2.000000 0.714063 0.390625 2.000000 0.829688 0.495536 2.000000 0.704688 0.493304 2.000000 0.818750 0.582589 2.000000 0.723437 0.593750 2.000000 0.798438 0.578125 2.000000 0.750000 0.578125 2.000000 0.792188 0.745536 2.000000 0.750000 0.745536 2.000000 0.789062 0.895089 2.000000 0.754687 0.897321 2.000000
0 0.592828 0.622545 0.164344 0.669777 0.593750 0.341518 2.000000 0.600000 0.328125 2.000000 0.582812 0.330357 2.000000 0.614062 0.341518 2.000000 0.570312 0.345982 2.000000 0.640625 0.408482 2.000000 0.534375 0.419643 2.000000 0.657813 0.508929 2.000000 0.523438 0.522321 2.000000 0.646875 0.593750 2.000000 0.551562 0.600446 2.000000 0.629687 0.618304 2.000000 0.575000 0.618304 2.000000 0.628125 0.772321 2.000000 0.565625 0.770089 2.000000 0.628125 0.901786 2.000000 0.557813 0.906250 2.000000
0 0.552047 0.580156 0.100719 0.650938 0.540625 0.312500 2.000000 0.546875 0.299107 2.000000 0.532813 0.299107 2.000000 0.557813 0.308036 2.000000 0.520312 0.312500 2.000000 0.571875 0.372768 2.000000 0.507812 0.379464 2.000000 0.000000 0.000000 0.000000 0.000000 0.000000 0.000000 0.000000 0.000000 0.000000 0.000000 0.000000 0.000000 0.000000 0.000000 0.000000 0.000000 0.000000 0.000000 0.575000 0.738839 1.000000 0.529687 0.738839 2.000000 0.575000 0.857143 1.000000 0.539062 0.845982 2.000000
0 0.470703 0.619654 0.110531 0.634799 0.471875 0.370536 2.000000 0.478125 0.357143 2.000000 0.460938 0.359375 2.000000 0.490625 0.363839 2.000000 0.443750 0.363839 2.000000 0.514062 0.437500 2.000000 0.429688 0.433036 2.000000 0.518750 0.537946 1.000000 0.425000 0.526786 2.000000 0.476562 0.569196 2.000000 0.464062 0.602679 2.000000 0.503125 0.616071 2.000000 0.445312 0.611607 2.000000 0.503125 0.734375 2.000000 0.457813 0.747768 2.000000 0.496875 0.868304 2.000000 0.468750 0.868304 2.000000
0 0.413211 0.589621 0.080016 0.609241 0.410938 0.334821 2.000000 0.420312 0.330357 2.000000 0.403125 0.325893 2.000000 0.432812 0.334821 2.000000 0.396875 0.337054 2.000000 0.446875 0.404018 1.000000 0.373437 0.404018 1.000000 0.000000 0.000000 0.000000 0.000000 0.000000 0.000000 0.000000 0.000000 0.000000 0.000000 0.000000 0.000000 0.443750 0.569196 1.000000 0.381250 0.575893 1.000000 0.442188 0.680804 1.000000 0.392188 0.691964 1.000000 0.443750 0.803571 2.000000 0.403125 0.816964 2.000000
0 0.355172 0.649475 0.105844 0.598549 0.354687 0.401786 2.000000 0.362500 0.392857 2.000000 0.346875 0.392857 2.000000 0.000000 0.000000 0.000000 0.332813 0.401786 2.000000 0.389062 0.470982 2.000000 0.317188 0.468750 2.000000 0.401562 0.560268 2.000000 0.320312 0.558036 2.000000 0.378125 0.631696 2.000000 0.368750 0.625000 2.000000 0.373437 0.647321 2.000000 0.329688 0.649554 2.000000 0.373437 0.770089 2.000000 0.337500 0.770089 2.000000 0.373437 0.892857 2.000000 0.353125 0.897321 2.000000
0 0.296781 0.594576 0.077000 0.621161 0.281250 0.341518 2.000000 0.289062 0.328125 2.000000 0.273438 0.328125 2.000000 0.300000 0.341518 1.000000 0.000000 0.000000 0.000000 0.317188 0.404018 2.000000 0.240625 0.399554 1.000000 0.000000 0.000000 0.000000 0.000000 0.000000 0.000000 0.000000 0.000000 0.000000 0.000000 0.000000 0.000000 0.309375 0.604911 1.000000 0.246875 0.604911 1.000000 0.307812 0.729911 2.000000 0.000000 0.000000 0.000000 0.303125 0.863839 2.000000 0.000000 0.000000 0.000000
0 0.148195 0.623873 0.138734 0.709442 0.160938 0.332589 2.000000 0.170313 0.321429 2.000000 0.153125 0.319196 2.000000 0.000000 0.000000 0.000000 0.137500 0.323661 2.000000 0.204687 0.406250 2.000000 0.104688 0.406250 2.000000 0.000000 0.000000 0.000000 0.090625 0.533482 2.000000 0.000000 0.000000 0.000000 0.098437 0.627232 2.000000 0.179688 0.633929 2.000000 0.121875 0.636161 2.000000 0.176563 0.792411 2.000000 0.110937 0.796875 2.000000 0.168750 0.908482 2.000000 0.114062 0.928571 2.000000
0 0.255531 0.638750 0.108875 0.658929 0.254688 0.366071 2.000000 0.257812 0.354911 2.000000 0.243750 0.354911 2.000000 0.000000 0.000000 0.000000 0.225000 0.361607 2.000000 0.282813 0.437500 2.000000 0.209375 0.439732 2.000000 0.300000 0.537946 2.000000 0.223438 0.558036 2.000000 0.293750 0.602679 2.000000 0.278125 0.613839 2.000000 0.284375 0.616071 2.000000 0.242188 0.620536 2.000000 0.273438 0.772321 2.000000 0.250000 0.770089 2.000000 0.268750 0.915179 2.000000 0.239063 0.919643 2.000000
0 0.664594 0.590056 0.107781 0.660246 0.660937 0.319196 2.000000 0.670312 0.312500 2.000000 0.651563 0.312500 2.000000 0.684375 0.319196 2.000000 0.639062 0.319196 2.000000 0.703125 0.395089 2.000000 0.618750 0.395089 1.000000 0.707812 0.495536 1.000000 0.000000 0.000000 0.000000 0.682813 0.537946 2.000000 0.000000 0.000000 0.000000 0.692187 0.593750 2.000000 0.637500 0.593750 1.000000 0.692187 0.723214 2.000000 0.642188 0.723214 1.000000 0.690625 0.854911 2.000000 0.645312 0.859375 1.000000
