0 0.336594 0.694821 0.178156 0.545045 0.339062 0.513393 2.000000 0.348438 0.504464 2.000000 0.331250 0.504464 2.000000 0.000000 0.000000 0.000000 0.000000 0.000000 0.000000 0.375000 0.546875 2.000000 0.304688 0.553571 2.000000 0.400000 0.575893 2.000000 0.260937 0.582589 2.000000 0.410938 0.640625 2.000000 0.281250 0.638393 2.000000 0.362500 0.689732 2.000000 0.320312 0.694196 2.000000 0.367188 0.792411 2.000000 0.303125 0.794643 2.000000 0.376563 0.915179 2.000000 0.287500 0.915179 2.000000
0 0.755844 0.422467 0.319312 0.804487 0.735938 0.098214 2.000000 0.743750 0.084821 2.000000 0.726562 0.084821 2.000000 0.757812 0.095982 2.000000 0.712500 0.098214 1.000000 0.778125 0.203125 2.000000 0.685937 0.200893 2.000000 0.806250 0.305804 2.000000 0.659375 0.305804 2.000000 0.803125 0.410714 2.000000 0.650000 0.415179 2.000000 0.759375 0.444196 2.000000 0.696875 0.444196 2.000000 0.804688 0.582589 2.000000 0.659375 0.589286 2.000000 0.870313 0.736607 2.000000 0.617188 0.750000 2.000000
0 0.938531 0.349330 0.121281 0.562500 0.000000 0.000000 0.000000 0.000000 0.000000 0.000000 0.000000 0.000000 0.000000 0.000000 0.000000 0.000000 0.957812 0.109375 2.000000 0.900000 0.183036 2.000000 0.975000 0.183036 2.000000 0.887500 0.261161 2.000000 0.978125 0.265625 2.000000 0.896875 0.345982 2.000000 0.989062 0.339286 2.000000 0.907813 0.345982 2.000000 0.956250 0.348214 2.000000 0.907813 0.466518 2.000000 0.953125 0.457589 2.000000 0.900000 0.591518 2.000000 0.951562 0.591518 2.000000
0 0.641391 0.163181 0.060250 0.232790 0.000000 0.000000 0.000000 0.000000 0.000000 0.000000 0.000000 0.000000 0.000000 0.000000 0.000000 0.000000 0.000000 0.000000 0.000000 0.632812 0.084821 2.000000 0.662500 0.082589 1.000000 0.626563 0.127232 2.000000 0.000000 0.000000 0.000000 0.615625 0.165179 2.000000 0.000000 0.000000 0.000000 0.645312 0.171875 2.000000 0.662500 0.165179 2.000000 0.635938 0.236607 2.000000 0.648438 0.234375 2.000000 0.635938 0.287946 1.000000 0.667188 0.276786 1.000000
0 0.588695 0.165379 0.066578 0.252946 0.596875 0.078125 2.000000 0.598437 0.071429 2.000000 0.592187 0.071429 2.000000 0.603125 0.075893 2.000000 0.585938 0.075893 2.000000 0.610938 0.104911 2.000000 0.578125 0.104911 2.000000 0.000000 0.000000 0.000000 0.564063 0.133929 2.000000 0.000000 0.000000 0.000000 0.576562 0.156250 2.000000 0.607812 0.180804 1.000000 0.589063 0.180804 2.000000 0.600000 0.247768 2.000000 0.587500 0.247768 2.000000 0.000000 0.000000 0.000000 0.000000 0.000000 0.000000
0 0.429867 0.186551 0.051516 0.250558 0.407813 0.093750 2.000000 0.409375 0.084821 2.000000 0.000000 0.000000 0.000000 0.415625 0.084821 2.000000 0.000000 0.000000 0.000000 0.421875 0.109375 2.000000 0.442188 0.111607 2.000000 0.418750 0.142857 2.000000 0.000000 0.000000 0.000000 0.417187 0.169643 2.000000 0.000000 0.000000 0.000000 0.431250 0.189732 2.000000 0.446875 0.185268 2.000000 0.418750 0.258929 2.000000 0.437500 0.256696 2.000000 0.425000 0.312500 1.000000 0.446875 0.316964 1.000000
0 0.100672 0.200000 0.106969 0.364063 0.000000 0.000000 0.000000 0.000000 0.000000 0.000000 0.000000 0.000000 0.000000 0.000000 0.000000 0.000000 0.118750 0.051339 2.000000 0.082812 0.093750 2.000000 0.125000 0.091518 2.000000 0.075000 0.147321 2.000000 0.139063 0.149554 2.000000 0.000000 0.000000 0.000000 0.000000 0.000000 0.000000 0.089063 0.203125 2.000000 0.114062 0.203125 2.000000 0.087500 0.265625 2.000000 0.115625 0.265625 2.000000 0.075000 0.361607 2.000000 0.117188 0.352679 2.000000
0 0.918711 0.088973 0.081422 0.177946 0.909375 0.031250 2.000000 0.910937 0.024554 2.000000 0.000000 0.000000 0.000000 0.920312 0.024554 2.000000 0.000000 0.000000 0.000000 0.939063 0.046875 2.000000 0.906250 0.044643 2.000000 0.950000 0.084821 1.000000 0.904687 0.087054 2.000000 0.000000 0.000000 0.000000 0.892188 0.102679 2.000000 0.942187 0.125000 1.000000 0.918750 0.125000 1.000000 0.000000 0.000000 0.000000 0.904687 0.174107 1.000000 0.000000 0.000000 0.000000 0.000000 0.000000 0.000000
0 0.377141 0.612991 0.395625 0.715580 0.337500 0.368304 2.000000 0.346875 0.350446 2.000000 0.320312 0.352679 2.000000 0.367188 0.325893 2.000000 0.000000 0.000000 0.000000 0.398438 0.368304 2.000000 0.293750 0.363839 2.000000 0.425000 0.477679 2.000000 0.262500 0.464286 2.000000 0.392188 0.553571 1.000000 0.264062 0.522321 2.000000 0.378125 0.616071 2.000000 0.312500 0.618304 1.000000 0.446875 0.727679 2.000000 0.259375 0.741071 2.000000 0.518750 0.843750 2.000000 0.207813 0.886161 2.000000
0 0.983945 0.107500 0.032109 0.215000 0.000000 0.000000 0.000000 0.000000 0.000000 0.000000 0.000000 0.000000 0.000000 0.000000 0.000000 0.000000 0.000000 0.000000 0.000000 0.000000 0.000000 0.000000 0.995313 0.026786 2.000000 0.000000 0.000000 0.000000 0.000000 0.000000 0.000000 0.000000 0.000000 0.000000 0.000000 0.000000 0.000000 0.000000 0.000000 0.000000 0.993750 0.095982 2.000000 0.000000 0.000000 0.000000 0.996875 0.145089 2.000000 0.000000 0.000000 0.000000 0.993750 0.205357 2.000000
0 0.686031 0.097902 0.084250 0.190938 0.000000 0.000000 0.000000 0.000000 0.000000 0.000000 0.000000 0.000000 0.000000 0.000000 0.000000 0.000000 0.000000 0.000000 0.000000 0.671875 0.022321 2.000000 0.712500 0.015625 2.000000 0.653125 0.058036 2.000000 0.000000 0.000000 0.000000 0.668750 0.089286 2.000000 0.000000 0.000000 0.000000 0.679688 0.118304 2.000000 0.703125 0.118304 2.000000 0.000000 0.000000 0.000000 0.000000 0.000000 0.000000 0.000000 0.000000 0.000000 0.000000 0.000000 0.000000
