0 0.650703 0.825841 0.149188 0.325841 0.623437 0.730088 2.000000 0.632812 0.716814 2.000000 0.614062 0.719027 2.000000 0.643750 0.723451 2.000000 0.601562 0.732301 2.000000 0.682813 0.774336 1.000000 0.582812 0.780973 1.000000 0.690625 0.882743 2.000000 0.000000 0.000000 0.000000 0.620313 0.902655 2.000000 0.000000 0.000000 0.000000 0.673438 0.907080 2.000000 0.620313 0.911504 2.000000 0.685937 0.933628 2.000000 0.598437 0.982301 2.000000 0.000000 0.000000 0.000000 0.000000 0.000000 0.000000
0 0.203141 0.704491 0.171406 0.586504 0.195312 0.471239 2.000000 0.204687 0.460177 2.000000 0.185938 0.457965 2.000000 0.218750 0.466814 2.000000 0.175000 0.469027 2.000000 0.250000 0.553097 2.000000 0.157812 0.553097 2.000000 0.268750 0.637168 2.000000 0.140625 0.657080 2.000000 0.262500 0.716814 2.000000 0.135937 0.736726 2.000000 0.228125 0.765487 2.000000 0.167187 0.765487 2.000000 0.232813 0.891593 2.000000 0.164062 0.880531 2.000000 0.000000 0.000000 0.000000 0.000000 0.000000 0.000000
0 0.438867 0.696958 0.108453 0.528916 0.459375 0.488938 2.000000 0.467187 0.477876 2.000000 0.450000 0.477876 2.000000 0.476562 0.484513 2.000000 0.443750 0.484513 2.000000 0.495312 0.548673 1.000000 0.423438 0.550885 2.000000 0.000000 0.000000 0.000000 0.404687 0.643805 1.000000 0.000000 0.000000 0.000000 0.410938 0.716814 1.000000 0.471875 0.758850 2.000000 0.432812 0.756637 1.000000 0.476562 0.898230 1.000000 0.432812 0.898230 1.000000 0.464062 0.997788 1.000000 0.000000 0.000000 0.000000
0 0.544875 0.608883 0.147844 0.402854 0.537500 0.469027 2.000000 0.548438 0.451327 2.000000 0.529687 0.457965 2.000000 0.565625 0.451327 2.000000 0.000000 0.000000 0.000000 0.596875 0.528761 2.000000 0.512500 0.526549 2.000000 0.650000 0.603982 1.000000 0.492188 0.637168 2.000000 0.000000 0.000000 0.000000 0.495312 0.752212 1.000000 0.582812 0.716814 2.000000 0.526563 0.716814 1.000000 0.556250 0.811947 1.000000 0.504687 0.820796 1.000000 0.565625 0.926991 1.000000 0.000000 0.000000 0.000000
0 0.676031 0.614867 0.127250 0.394159 0.654687 0.480088 2.000000 0.662500 0.466814 2.000000 0.646875 0.466814 2.000000 0.673438 0.473451 2.000000 0.629687 0.466814 1.000000 0.696875 0.535398 2.000000 0.621875 0.539823 1.000000 0.714063 0.623894 2.000000 0.000000 0.000000 0.000000 0.729688 0.699115 2.000000 0.000000 0.000000 0.000000 0.685937 0.712389 2.000000 0.631250 0.714602 1.000000 0.687500 0.827434 1.000000 0.628125 0.825221 1.000000 0.000000 0.000000 0.000000 0.000000 0.000000 0.000000
0 0.393422 0.782732 0.176437 0.434535 0.385937 0.628319 2.000000 0.395313 0.617257 2.000000 0.379688 0.619469 2.000000 0.409375 0.621681 1.000000 0.360938 0.626106 2.000000 0.423438 0.685841 2.000000 0.332813 0.710177 2.000000 0.457813 0.783186 2.000000 0.321875 0.796460 2.000000 0.470313 0.867257 1.000000 0.318750 0.889381 2.000000 0.400000 0.880531 2.000000 0.356250 0.911504 2.000000 0.470313 0.900442 1.000000 0.000000 0.000000 0.000000 0.000000 0.000000 0.000000 0.000000 0.000000 0.000000
0 0.390516 0.381770 0.166187 0.357655 0.382812 0.285398 2.000000 0.387500 0.276549 2.000000 0.373437 0.278761 2.000000 0.400000 0.274336 2.000000 0.357812 0.272124 2.000000 0.398438 0.305310 2.000000 0.334375 0.347345 2.000000 0.414062 0.311947 2.000000 0.315625 0.451327 2.000000 0.435937 0.327434 2.000000 0.350000 0.426991 2.000000 0.404687 0.502212 2.000000 0.356250 0.517699 1.000000 0.000000 0.000000 0.000000 0.000000 0.000000 0.000000 0.000000 0.000000 0.000000 0.000000 0.000000 0.000000
0 0.604320 0.441560 0.078328 0.170420 0.614062 0.420354 2.000000 0.617188 0.409292 2.000000 0.606250 0.411504 2.000000 0.635938 0.404867 2.000000 0.596875 0.409292 2.000000 0.635938 0.482301 1.000000 0.575000 0.475664 2.000000 0.000000 0.000000 0.000000 0.000000 0.000000 0.000000 0.000000 0.000000 0.000000 0.000000 0.000000 0.000000 0.000000 0.000000 0.000000 0.000000 0.000000 0.000000 0.000000 0.000000 0.000000 0.000000 0.000000 0.000000 0.000000 0.000000 0.000000 0.000000 0.000000 0.000000
0 0.524531 0.831460 0.134906 0.310133 0.523438 0.736726 2.000000 0.532813 0.723451 2.000000 0.515625 0.723451 2.000000 0.000000 0.000000 0.000000 0.000000 0.000000 0.000000 0.559375 0.761062 2.000000 0.481250 0.811947 2.000000 0.618750 0.738938 1.000000 0.471875 0.904867 2.000000 0.000000 0.000000 0.000000 0.495312 0.971239 2.000000 0.551562 0.944690 2.000000 0.500000 0.957965 2.000000 0.000000 0.000000 0.000000 0.000000 0.000000 0.000000 0.000000 0.000000 0.000000 0.000000 0.000000 0.000000
0 0.479922 0.124812 0.210938 0.249624 0.521875 0.024336 2.000000 0.531250 0.024336 2.000000 0.518750 0.008850 2.000000 0.000000 0.000000 0.000000 0.000000 0.000000 0.000000 0.518750 0.053097 2.000000 0.460938 0.008850 2.000000 0.532813 0.103982 2.000000 0.462500 0.097345 2.000000 0.557813 0.161504 2.000000 0.518750 0.128319 2.000000 0.460938 0.128319 2.000000 0.423438 0.115044 2.000000 0.517188 0.115044 2.000000 0.393750 0.090708 2.000000 0.546875 0.190265 2.000000 0.403125 0.232301 2.000000
0 0.659836 0.206327 0.185359 0.299115 0.654687 0.117257 2.000000 0.664062 0.106195 2.000000 0.646875 0.106195 2.000000 0.673438 0.101770 2.000000 0.635938 0.099558 2.000000 0.693750 0.134956 2.000000 0.614062 0.128319 2.000000 0.710938 0.161504 2.000000 0.562500 0.157080 1.000000 0.681250 0.192478 2.000000 0.607812 0.179204 2.000000 0.673438 0.252212 2.000000 0.628125 0.254425 1.000000 0.728125 0.174779 2.000000 0.654687 0.232301 2.000000 0.734375 0.309735 2.000000 0.645312 0.298673 2.000000
0 0.347625 0.596051 0.086188 0.245066 0.367188 0.526549 2.000000 0.376563 0.513274 2.000000 0.359375 0.513274 2.000000 0.385937 0.519912 2.000000 0.350000 0.517699 2.000000 0.390625 0.575221 1.000000 0.334375 0.579646 2.000000 0.000000 0.000000 0.000000 0.314063 0.674779 2.000000 0.000000 0.000000 0.000000 0.354687 0.694690 1.000000 0.000000 0.000000 0.000000 0.000000 0.000000 0.000000 0.000000 0.000000 0.000000 0.000000 0.000000 0.000000 0.000000 0.000000 0.000000 0.000000 0.000000 0.000000
0 0.487391 0.455730 0.077250 0.179690 0.475000 0.409292 2.000000 0.481250 0.398230 2.000000 0.468750 0.400442 2.000000 0.000000 0.000000 0.000000 0.000000 0.000000 0.000000 0.509375 0.449115 2.000000 0.443750 0.453540 1.000000 0.540625 0.475664 1.000000 0.420312 0.486726 1.000000 0.000000 0.000000 0.000000 0.000000 0.000000 0.000000 0.492188 0.597345 1.000000 0.454688 0.603982 1.000000 0.000000 0.000000 0.000000 0.000000 0.000000 0.000000 0.000000 0.000000 0.000000 0.000000 0.000000 0.000000
