0 0.341573 0.200742 0.131854 0.235953 0.316667 0.132812 2.000000 0.327083 0.126562 2.000000 0.304167 0.128125 2.000000 0.337500 0.128125 2.000000 0.283333 0.134375 1.000000 0.362500 0.184375 2.000000 0.256250 0.184375 1.000000 0.372917 0.257812 2.000000 0.000000 0.000000 0.000000 0.393750 0.309375 2.000000 0.000000 0.000000 0.000000 0.343750 0.307812 2.000000 0.279167 0.309375 1.000000 0.000000 0.000000 0.000000 0.000000 0.000000 0.000000 0.000000 0.000000 0.000000 0.000000 0.000000 0.000000
0 0.244688 0.214438 0.127083 0.231344 0.229167 0.148438 2.000000 0.241667 0.140625 2.000000 0.220833 0.142187 2.000000 0.268750 0.146875 2.000000 0.000000 0.000000 0.000000 0.277083 0.195312 2.000000 0.243750 0.185938 2.000000 0.272917 0.268750 2.000000 0.000000 0.000000 0.000000 0.231250 0.312500 2.000000 0.000000 0.000000 0.000000 0.245833 0.317188 2.000000 0.216667 0.307812 2.000000 0.241667 0.418750 1.000000 0.000000 0.000000 0.000000 0.000000 0.000000 0.000000 0.000000 0.000000 0.000000
0 0.530333 0.206742 0.101875 0.166297 0.504167 0.159375 2.000000 0.518750 0.150000 2.000000 0.493750 0.150000 2.000000 0.541667 0.154688 2.000000 0.000000 0.000000 0.000000 0.558333 0.198437 2.000000 0.485417 0.198437 1.000000 0.579167 0.257812 1.000000 0.000000 0.000000 0.000000 0.000000 0.000000 0.000000 0.000000 0.000000 0.000000 0.527083 0.304688 1.000000 0.477083 0.303125 1.000000 0.000000 0.000000 0.000000 0.000000 0.000000 0.000000 0.000000 0.000000 0.000000 0.000000 0.000000 0.000000
0 0.775135 0.164367 0.205437 0.260891 0.745833 0.092188 1.000000 0.762500 0.081250 2.000000 0.745833 0.081250 2.000000 0.806250 0.081250 2.000000 0.000000 0.000000 0.000000 0.835417 0.148438 2.000000 0.802083 0.135937 2.000000 0.822917 0.226562 2.000000 0.783333 0.218750 2.000000 0.729167 0.240625 2.000000 0.733333 0.215625 2.000000 0.000000 0.000000 0.000000 0.000000 0.000000 0.000000 0.000000 0.000000 0.000000 0.000000 0.000000 0.000000 0.000000 0.000000 0.000000 0.000000 0.000000 0.000000
0 0.596448 0.112602 0.160854 0.207422 0.000000 0.000000 0.000000 0.000000 0.000000 0.000000 0.000000 0.000000 0.000000 0.577083 0.053125 2.000000 0.633333 0.056250 2.000000 0.529167 0.101562 2.000000 0.660417 0.101562 2.000000 0.000000 0.000000 0.000000 0.000000 0.000000 0.000000 0.000000 0.000000 0.000000 0.000000 0.000000 0.000000 0.545833 0.215625 1.000000 0.641667 0.215625 1.000000 0.000000 0.000000 0.000000 0.000000 0.000000 0.000000 0.000000 0.000000 0.000000 0.000000 0.000000 0.000000
0 0.864417 0.104500 0.092875 0.101125 0.885417 0.106250 1.000000 0.000000 0.000000 0.000000 0.881250 0.096875 2.000000 0.000000 0.000000 0.000000 0.862500 0.096875 2.000000 0.789583 0.142187 1.000000 0.895833 0.142187 2.000000 0.000000 0.000000 0.000000 0.000000 0.000000 0.000000 0.000000 0.000000 0.000000 0.000000 0.000000 0.000000 0.000000 0.000000 0.000000 0.000000 0.000000 0.000000 0.000000 0.000000 0.000000 0.000000 0.000000 0.000000 0.000000 0.000000 0.000000 0.000000 0.000000 0.000000
0 0.140271 0.096656 0.095167 0.152344 0.145833 0.068750 2.000000 0.156250 0.060937 2.000000 0.135417 0.062500 2.000000 0.000000 0.000000 0.000000 0.100000 0.068750 2.000000 0.168750 0.128125 2.000000 0.075000 0.125000 1.000000 0.000000 0.000000 0.000000 0.043750 0.203125 1.000000 0.000000 0.000000 0.000000 0.000000 0.000000 0.000000 0.000000 0.000000 0.000000 0.000000 0.000000 0.000000 0.000000 0.000000 0.000000 0.000000 0.000000 0.000000 0.000000 0.000000 0.000000 0.000000 0.000000 0.000000
0 0.223760 0.113742 0.113396 0.181766 0.206250 0.070312 2.000000 0.220833 0.065625 2.000000 0.195833 0.065625 2.000000 0.250000 0.067187 2.000000 0.000000 0.000000 0.000000 0.295833 0.115625 1.000000 0.179167 0.120313 2.000000 0.000000 0.000000 0.000000 0.160417 0.181250 1.000000 0.000000 0.000000 0.000000 0.202083 0.157812 2.000000 0.000000 0.000000 0.000000 0.000000 0.000000 0.000000 0.000000 0.000000 0.000000 0.000000 0.000000 0.000000 0.000000 0.000000 0.000000 0.000000 0.000000 0.000000
0 0.950937 0.165172 0.098125 0.276406 0.000000 0.000000 0.000000 0.000000 0.000000 0.000000 0.000000 0.000000 0.000000 0.964583 0.070312 2.000000 0.000000 0.000000 0.000000 0.929167 0.115625 2.000000 0.000000 0.000000 0.000000 0.927083 0.196875 1.000000 0.000000 0.000000 0.000000 0.000000 0.000000 0.000000 0.000000 0.000000 0.000000 0.964583 0.282813 2.000000 0.000000 0.000000 0.000000 0.000000 0.000000 0.000000 0.000000 0.000000 0.000000 0.000000 0.000000 0.000000 0.000000 0.000000 0.000000
0 0.448104 0.177906 0.146375 0.218406 0.000000 0.000000 0.000000 0.000000 0.000000 0.000000 0.000000 0.000000 0.000000 0.000000 0.000000 0.000000 0.479167 0.120313 2.000000 0.408333 0.146875 2.000000 0.468750 0.162500 2.000000 0.000000 0.000000 0.000000 0.452083 0.232813 2.000000 0.000000 0.000000 0.000000 0.000000 0.000000 0.000000 0.385417 0.271875 1.000000 0.431250 0.289062 1.000000 0.000000 0.000000 0.000000 0.000000 0.000000 0.000000 0.000000 0.000000 0.000000 0.000000 0.000000 0.000000
0 0.669844 0.536523 0.534937 0.640141 0.502083 0.279687 1.000000 0.510417 0.268750 2.000000 0.000000 0.000000 0.000000 0.564583 0.271875 2.000000 0.000000 0.000000 0.000000 0.568750 0.317188 2.000000 0.606250 0.323437 2.000000 0.472917 0.368750 2.000000 0.545833 0.426563 2.000000 0.435417 0.343750 2.000000 0.439583 0.389062 2.000000 0.627083 0.500000 2.000000 0.583333 0.503125 2.000000 0.700000 0.653125 2.000000 0.581250 0.653125 2.000000 0.885417 0.665625 2.000000 0.645833 0.793750 2.000000
0 0.113854 0.186453 0.152750 0.219281 0.097917 0.125000 2.000000 0.106250 0.117188 2.000000 0.087500 0.118750 2.000000 0.122917 0.123438 2.000000 0.068750 0.128125 2.000000 0.164583 0.182812 2.000000 0.075000 0.160938 2.000000 0.179167 0.254688 2.000000 0.000000 0.000000 0.000000 0.154167 0.320312 1.000000 0.000000 0.000000 0.000000 0.137500 0.328125 1.000000 0.100000 0.320312 1.000000 0.000000 0.000000 0.000000 0.000000 0.000000 0.000000 0.000000 0.000000 0.000000 0.000000 0.000000 0.000000
