0 0.530250 0.516617 0.401500 0.764047 0.391667 0.217188 2.000000 0.402083 0.198437 2.000000 0.377083 0.201563 2.000000 0.462500 0.196875 2.000000 0.000000 0.000000 0.000000 0.510417 0.240625 2.000000 0.370833 0.290625 2.000000 0.537500 0.342187 2.000000 0.358333 0.389062 2.000000 0.447917 0.414062 2.000000 0.391667 0.407813 2.000000 0.539583 0.450000 1.000000 0.456250 0.471875 2.000000 0.587500 0.657813 2.000000 0.397917 0.668750 2.000000 0.679167 0.829688 2.000000 0.437500 0.823438 2.000000
0 0.213698 0.345484 0.135937 0.171656 0.216667 0.295312 2.000000 0.229167 0.285938 2.000000 0.206250 0.285938 2.000000 0.250000 0.295312 2.000000 0.197917 0.292187 2.000000 0.247917 0.337500 2.000000 0.200000 0.340625 1.000000 0.195833 0.400000 2.000000 0.154167 0.400000 2.000000 0.175000 0.381250 2.000000 0.183333 0.382812 2.000000 0.231250 0.454688 1.000000 0.200000 0.454688 1.000000 0.000000 0.000000 0.000000 0.000000 0.000000 0.000000 0.000000 0.000000 0.000000 0.000000 0.000000 0.000000
0 0.783583 0.362570 0.078000 0.129609 0.000000 0.000000 0.000000 0.000000 0.000000 0.000000 0.000000 0.000000 0.000000 0.000000 0.000000 0.000000 0.812500 0.326562 2.000000 0.768750 0.354687 1.000000 0.816667 0.354687 1.000000 0.000000 0.000000 0.000000 0.000000 0.000000 0.000000 0.000000 0.000000 0.000000 0.000000 0.000000 0.000000 0.000000 0.000000 0.000000 0.000000 0.000000 0.000000 0.000000 0.000000 0.000000 0.000000 0.000000 0.000000 0.000000 0.000000 0.000000 0.000000 0.000000 0.000000
0 0.681771 0.313961 0.198917 0.174734 0.675000 0.250000 2.000000 0.685417 0.245312 2.000000 0.666667 0.245312 2.000000 0.706250 0.257812 2.000000 0.652083 0.257812 2.000000 0.733333 0.298438 2.000000 0.627083 0.300000 2.000000 0.766667 0.357812 1.000000 0.593750 0.357812 2.000000 0.743750 0.403125 1.000000 0.593750 0.395313 1.000000 0.714583 0.415625 1.000000 0.637500 0.417187 1.000000 0.000000 0.000000 0.000000 0.000000 0.000000 0.000000 0.000000 0.000000 0.000000 0.000000 0.000000 0.000000
0 0.893635 0.364055 0.086979 0.121578 0.000000 0.000000 0.000000 0.000000 0.000000 0.000000 0.000000 0.000000 0.000000 0.881250 0.328125 2.000000 0.916667 0.329688 2.000000 0.870833 0.360938 2.000000 0.918750 0.362500 2.000000 0.000000 0.000000 0.000000 0.000000 0.000000 0.000000 0.000000 0.000000 0.000000 0.000000 0.000000 0.000000 0.000000 0.000000 0.000000 0.000000 0.000000 0.000000 0.000000 0.000000 0.000000 0.000000 0.000000 0.000000 0.000000 0.000000 0.000000 0.000000 0.000000 0.000000
0 0.845021 0.375836 0.136333 0.096766 0.831250 0.365625 2.000000 0.841667 0.357812 2.000000 0.825000 0.359375 2.000000 0.862500 0.360938 2.000000 0.000000 0.000000 0.000000 0.883333 0.395313 2.000000 0.787500 0.406250 2.000000 0.904167 0.428125 1.000000 0.000000 0.000000 0.000000 0.858333 0.426563 1.000000 0.000000 0.000000 0.000000 0.000000 0.000000 0.000000 0.000000 0.000000 0.000000 0.000000 0.000000 0.000000 0.000000 0.000000 0.000000 0.000000 0.000000 0.000000 0.000000 0.000000 0.000000
0 0.297031 0.346352 0.093771 0.165641 0.293750 0.304688 2.000000 0.304167 0.298438 2.000000 0.283333 0.298438 2.000000 0.322917 0.301563 2.000000 0.000000 0.000000 0.000000 0.331250 0.345313 2.000000 0.256250 0.342187 1.000000 0.347917 0.404687 1.000000 0.000000 0.000000 0.000000 0.000000 0.000000 0.000000 0.000000 0.000000 0.000000 0.000000 0.000000 0.000000 0.000000 0.000000 0.000000 0.000000 0.000000 0.000000 0.000000 0.000000 0.000000 0.000000 0.000000 0.000000 0.000000 0.000000 0.000000
0 0.956792 0.349773 0.086417 0.146141 0.991667 0.307812 2.000000 0.995833 0.301563 2.000000 0.983333 0.301563 2.000000 0.000000 0.000000 0.000000 0.975000 0.306250 2.000000 0.000000 0.000000 0.000000 0.960417 0.350000 2.000000 0.000000 0.000000 0.000000 0.933333 0.412500 2.000000 0.000000 0.000000 0.000000 0.927083 0.392188 2.000000 0.000000 0.000000 0.000000 0.000000 0.000000 0.000000 0.000000 0.000000 0.000000 0.000000 0.000000 0.000000 0.000000 0.000000 0.000000 0.000000 0.000000 0.000000
0 0.033031 0.385023 0.064479 0.125734 0.006250 0.351562 2.000000 0.014583 0.348438 2.000000 0.000000 0.346875 1.000000 0.000000 0.000000 0.000000 0.000000 0.000000 0.000000 0.041667 0.393750 2.000000 0.000000 0.000000 0.000000 0.027083 0.434375 2.000000 0.000000 0.000000 0.000000 0.010417 0.406250 2.000000 0.000000 0.000000 0.000000 0.000000 0.000000 0.000000 0.000000 0.000000 0.000000 0.000000 0.000000 0.000000 0.000000 0.000000 0.000000 0.000000 0.000000 0.000000 0.000000 0.000000 0.000000
0 0.691865 0.330844 0.165063 0.141813 0.685417 0.298438 2.000000 0.697917 0.292187 2.000000 0.679167 0.292187 2.000000 0.714583 0.290625 2.000000 0.000000 0.000000 0.000000 0.743750 0.331250 2.000000 0.652083 0.331250 2.000000 0.739583 0.373437 2.000000 0.622917 0.367188 1.000000 0.702083 0.326562 2.000000 0.643750 0.315625 2.000000 0.722917 0.432812 1.000000 0.650000 0.432812 1.000000 0.000000 0.000000 0.000000 0.000000 0.000000 0.000000 0.000000 0.000000 0.000000 0.000000 0.000000 0.000000
0 0.042521 0.347328 0.084417 0.166187 0.004167 0.300000 1.000000 0.014583 0.292187 2.000000 0.000000 0.000000 0.000000 0.031250 0.298438 2.000000 0.000000 0.000000 0.000000 0.056250 0.351562 2.000000 0.000000 0.000000 0.000000 0.058333 0.421875 1.000000 0.000000 0.000000 0.000000 0.000000 0.000000 0.000000 0.000000 0.000000 0.000000 0.000000 0.000000 0.000000 0.000000 0.000000 0.000000 0.000000 0.000000 0.000000 0.000000 0.000000 0.000000 0.000000 0.000000 0.000000 0.000000 0.000000 0.000000
