0 0.163805 0.080771 0.036859 0.161542 0.000000 0.000000 0.000000 0.000000 0.000000 0.000000 0.000000 0.000000 0.000000 0.000000 0.000000 0.000000 0.000000 0.000000 0.000000 0.167187 0.027083 2.000000 0.165625 0.014583 2.000000 0.168750 0.050000 2.000000 0.000000 0.000000 0.000000 0.157812 0.072917 2.000000 0.000000 0.000000 0.000000 0.157812 0.066667 2.000000 0.157812 0.064583 2.000000 0.154688 0.118750 2.000000 0.165625 0.120833 2.000000 0.000000 0.000000 0.000000 0.000000 0.000000 0.000000
0 0.283414 0.100979 0.071234 0.201958 0.000000 0.000000 0.000000 0.000000 0.000000 0.000000 0.000000 0.000000 0.000000 0.000000 0.000000 0.000000 0.000000 0.000000 0.000000 0.278125 0.035417 2.000000 0.306250 0.043750 2.000000 0.262500 0.060417 2.000000 0.310937 0.075000 2.000000 0.254688 0.083333 2.000000 0.307812 0.104167 2.000000 0.275000 0.095833 2.000000 0.295312 0.097917 2.000000 0.264062 0.127083 2.000000 0.285938 0.141667 2.000000 0.267188 0.166667 2.000000 0.278125 0.181250 2.000000
0 0.251945 0.090240 0.051453 0.180479 0.000000 0.000000 0.000000 0.000000 0.000000 0.000000 0.271875 0.016667 2.000000 0.000000 0.000000 0.000000 0.265625 0.018750 2.000000 0.245312 0.031250 2.000000 0.268750 0.035417 1.000000 0.235937 0.052083 2.000000 0.000000 0.000000 0.000000 0.229687 0.077083 2.000000 0.000000 0.000000 0.000000 0.243750 0.081250 2.000000 0.262500 0.083333 2.000000 0.240625 0.127083 2.000000 0.253125 0.129167 2.000000 0.234375 0.160417 2.000000 0.248438 0.168750 2.000000
0 0.921328 0.649604 0.157344 0.632750 0.000000 0.000000 0.000000 0.000000 0.000000 0.000000 0.000000 0.000000 0.000000 0.000000 0.000000 0.000000 0.000000 0.000000 0.000000 0.000000 0.000000 0.000000 0.000000 0.000000 0.000000 0.000000 0.000000 0.000000 0.935937 0.435417 2.000000 0.000000 0.000000 0.000000 0.887500 0.518750 2.000000 0.987500 0.585417 2.000000 0.946875 0.537500 2.000000 0.965625 0.747917 2.000000 0.898438 0.670833 2.000000 0.890625 0.875000 2.000000 0.882812 0.743750 2.000000
0 0.417445 0.141229 0.060266 0.225958 0.437500 0.047917 2.000000 0.440625 0.043750 2.000000 0.434375 0.041667 2.000000 0.000000 0.000000 0.000000 0.426563 0.041667 2.000000 0.443750 0.075000 1.000000 0.414062 0.072917 2.000000 0.000000 0.000000 0.000000 0.398438 0.104167 2.000000 0.000000 0.000000 0.000000 0.392188 0.135417 2.000000 0.431250 0.143750 1.000000 0.410938 0.139583 2.000000 0.412500 0.185417 2.000000 0.409375 0.195833 2.000000 0.395313 0.235417 1.000000 0.404687 0.243750 2.000000
0 0.439805 0.147927 0.075266 0.257729 0.468750 0.056250 2.000000 0.471875 0.047917 2.000000 0.464062 0.047917 2.000000 0.000000 0.000000 0.000000 0.457813 0.041667 2.000000 0.434375 0.077083 2.000000 0.000000 0.000000 0.000000 0.428125 0.116667 2.000000 0.000000 0.000000 0.000000 0.428125 0.177083 2.000000 0.000000 0.000000 0.000000 0.435937 0.131250 2.000000 0.000000 0.000000 0.000000 0.414062 0.216667 2.000000 0.000000 0.000000 0.000000 0.000000 0.000000 0.000000 0.000000 0.000000 0.000000
0 0.343820 0.114604 0.053922 0.229208 0.343750 0.027083 2.000000 0.346875 0.022917 2.000000 0.339062 0.022917 2.000000 0.351562 0.027083 2.000000 0.337500 0.029167 2.000000 0.364063 0.054167 2.000000 0.329688 0.056250 2.000000 0.000000 0.000000 0.000000 0.320312 0.083333 2.000000 0.000000 0.000000 0.000000 0.318750 0.110417 1.000000 0.356250 0.118750 2.000000 0.334375 0.118750 2.000000 0.351562 0.164583 2.000000 0.329688 0.164583 2.000000 0.345313 0.195833 2.000000 0.329688 0.195833 2.000000
0 0.889125 0.359417 0.095188 0.279917 0.929688 0.252083 2.000000 0.934375 0.245833 2.000000 0.925000 0.241667 2.000000 0.000000 0.000000 0.000000 0.910937 0.239583 2.000000 0.917188 0.270833 2.000000 0.896875 0.266667 2.000000 0.000000 0.000000 0.000000 0.875000 0.316667 2.000000 0.000000 0.000000 0.000000 0.879687 0.364583 2.000000 0.878125 0.354167 2.000000 0.876563 0.350000 2.000000 0.846875 0.416667 1.000000 0.865625 0.420833 1.000000 0.000000 0.000000 0.000000 0.860938 0.477083 2.000000
0 0.926609 0.374229 0.102188 0.209167 0.937500 0.247917 1.000000 0.942187 0.245833 1.000000 0.000000 0.000000 0.000000 0.000000 0.000000 0.000000 0.000000 0.000000 0.000000 0.934375 0.275000 1.000000 0.973437 0.285417 2.000000 0.000000 0.000000 0.000000 0.970313 0.329167 2.000000 0.000000 0.000000 0.000000 0.959375 0.358333 2.000000 0.931250 0.345833 1.000000 0.948438 0.350000 2.000000 0.000000 0.000000 0.000000 0.923438 0.400000 2.000000 0.000000 0.000000 0.000000 0.910937 0.445833 2.000000
0 0.463195 0.160260 0.087016 0.238437 0.496875 0.085417 2.000000 0.000000 0.000000 0.000000 0.493750 0.077083 2.000000 0.000000 0.000000 0.000000 0.479687 0.066667 2.000000 0.482812 0.095833 2.000000 0.465625 0.095833 2.000000 0.000000 0.000000 0.000000 0.453125 0.152083 2.000000 0.482812 0.197917 2.000000 0.459375 0.206250 2.000000 0.473438 0.206250 2.000000 0.451562 0.204167 2.000000 0.465625 0.268750 2.000000 0.434375 0.279167 1.000000 0.000000 0.000000 0.000000 0.000000 0.000000 0.000000
0 0.091562 0.063635 0.070125 0.116896 0.000000 0.000000 0.000000 0.000000 0.000000 0.000000 0.000000 0.000000 0.000000 0.000000 0.000000 0.000000 0.000000 0.000000 0.000000 0.000000 0.000000 0.000000 0.000000 0.000000 0.000000 0.110937 0.010417 2.000000 0.000000 0.000000 0.000000 0.109375 0.041667 1.000000 0.068750 0.025000 2.000000 0.100000 0.039583 2.000000 0.079687 0.039583 2.000000 0.100000 0.093750 2.000000 0.079687 0.091667 2.000000 0.098437 0.145833 1.000000 0.079687 0.145833 1.000000
