0 0.083998 0.650893 0.158977 0.668934 0.087683 0.495298 2.000000 0.000000 0.000000 0.000000 0.052192 0.470219 2.000000 0.000000 0.000000 0.000000 0.000000 0.000000 0.000000 0.000000 0.000000 0.000000 0.022965 0.836991 2.000000 0.000000 0.000000 0.000000 0.000000 0.000000 0.000000 0.102296 0.887147 2.000000 0.000000 0.000000 0.000000 0.000000 0.000000 0.000000 0.000000 0.000000 0.000000 0.000000 0.000000 0.000000 0.000000 0.000000 0.000000 0.000000 0.000000 0.000000 0.000000 0.000000 0.000000
0 0.663727 0.340094 0.205491 0.416677 0.663883 0.225705 2.000000 0.668058 0.216301 2.000000 0.651357 0.216301 2.000000 0.000000 0.000000 0.000000 0.630480 0.210031 1.000000 0.705637 0.288401 2.000000 0.599165 0.272727 2.000000 0.716075 0.410658 2.000000 0.572025 0.316614 2.000000 0.728601 0.476489 1.000000 0.582463 0.382445 2.000000 0.682672 0.479624 2.000000 0.609603 0.479624 2.000000 0.000000 0.000000 0.000000 0.000000 0.000000 0.000000 0.000000 0.000000 0.000000 0.000000 0.000000 0.000000
0 0.297818 0.287633 0.074843 0.251693 0.313152 0.238245 2.000000 0.321503 0.222571 2.000000 0.300626 0.222571 2.000000 0.000000 0.000000 0.000000 0.281837 0.231975 2.000000 0.327766 0.313480 1.000000 0.275574 0.310345 2.000000 0.000000 0.000000 0.000000 0.000000 0.000000 0.000000 0.000000 0.000000 0.000000 0.000000 0.000000 0.000000 0.331942 0.523511 1.000000 0.290188 0.523511 1.000000 0.000000 0.000000 0.000000 0.000000 0.000000 0.000000 0.000000 0.000000 0.000000 0.000000 0.000000 0.000000
0 0.422651 0.394937 0.216660 0.593950 0.413361 0.213166 2.000000 0.425887 0.184953 2.000000 0.396660 0.184953 2.000000 0.000000 0.000000 0.000000 0.369520 0.184953 2.000000 0.409186 0.285266 2.000000 0.346555 0.335423 2.000000 0.000000 0.000000 0.000000 0.394572 0.495298 2.000000 0.000000 0.000000 0.000000 0.467641 0.655172 2.000000 0.411273 0.623824 2.000000 0.379958 0.645768 2.000000 0.000000 0.000000 0.000000 0.000000 0.000000 0.000000 0.000000 0.000000 0.000000 0.000000 0.000000 0.000000
0 0.495303 0.415737 0.107641 0.444953 0.473904 0.288401 2.000000 0.486430 0.272727 2.000000 0.465553 0.269592 2.000000 0.000000 0.000000 0.000000 0.442589 0.272727 2.000000 0.496868 0.351097 2.000000 0.423800 0.360502 1.000000 0.521921 0.451411 2.000000 0.440501 0.507837 1.000000 0.536534 0.529781 2.000000 0.473904 0.420063 2.000000 0.513570 0.554859 1.000000 0.457203 0.567398 2.000000 0.000000 0.000000 0.000000 0.000000 0.000000 0.000000 0.000000 0.000000 0.000000 0.000000 0.000000 0.000000
0 0.497860 0.272821 0.095637 0.353918 0.494781 0.175549 2.000000 0.503132 0.156740 2.000000 0.484342 0.153605 2.000000 0.000000 0.000000 0.000000 0.465553 0.159875 2.000000 0.528184 0.263323 2.000000 0.415449 0.244514 1.000000 0.521921 0.382445 1.000000 0.000000 0.000000 0.000000 0.521921 0.495298 1.000000 0.000000 0.000000 0.000000 0.488518 0.467085 1.000000 0.427975 0.467085 1.000000 0.000000 0.000000 0.000000 0.000000 0.000000 0.000000 0.000000 0.000000 0.000000 0.000000 0.000000 0.000000
0 0.791294 0.330345 0.136451 0.310596 0.000000 0.000000 0.000000 0.000000 0.000000 0.000000 0.000000 0.000000 0.000000 0.000000 0.000000 0.000000 0.776618 0.235110 2.000000 0.000000 0.000000 0.000000 0.741127 0.297806 2.000000 0.000000 0.000000 0.000000 0.780793 0.429467 2.000000 0.000000 0.000000 0.000000 0.830898 0.467085 2.000000 0.000000 0.000000 0.000000 0.745303 0.473354 2.000000 0.000000 0.000000 0.000000 0.000000 0.000000 0.000000 0.000000 0.000000 0.000000 0.000000 0.000000 0.000000
0 0.809969 0.609875 0.380063 0.780251 0.847599 0.398119 2.000000 0.870564 0.373041 2.000000 0.851775 0.363636 2.000000 0.941545 0.398119 2.000000 0.000000 0.000000 0.000000 0.956159 0.589342 2.000000 0.864301 0.489028 2.000000 0.889353 0.880878 2.000000 0.824635 0.658307 2.000000 0.697286 0.833856 2.000000 0.734864 0.601881 2.000000 0.849687 0.981191 2.000000 0.795407 0.827586 2.000000 0.000000 0.000000 0.000000 0.000000 0.000000 0.000000 0.000000 0.000000 0.000000 0.000000 0.000000 0.000000
0 0.202777 0.581834 0.264008 0.836332 0.248434 0.319749 2.000000 0.250522 0.278997 2.000000 0.225470 0.291536 2.000000 0.000000 0.000000 0.000000 0.175365 0.297806 2.000000 0.256785 0.410658 2.000000 0.121086 0.473354 2.000000 0.308977 0.601881 2.000000 0.123173 0.742947 2.000000 0.342380 0.692790 1.000000 0.275574 0.799373 2.000000 0.000000 0.000000 0.000000 0.204593 0.874608 1.000000 0.000000 0.000000 0.000000 0.000000 0.000000 0.000000 0.000000 0.000000 0.000000 0.000000 0.000000 0.000000
0 0.807745 0.283417 0.075825 0.267335 0.826722 0.216301 2.000000 0.000000 0.000000 0.000000 0.816284 0.210031 2.000000 0.000000 0.000000 0.000000 0.799582 0.206897 2.000000 0.816284 0.269592 1.000000 0.736952 0.269592 1.000000 0.835073 0.332288 1.000000 0.000000 0.000000 0.000000 0.000000 0.000000 0.000000 0.000000 0.000000 0.000000 0.787056 0.429467 1.000000 0.739040 0.426332 1.000000 0.000000 0.000000 0.000000 0.000000 0.000000 0.000000 0.000000 0.000000 0.000000 0.000000 0.000000 0.000000
