0 0.519852 0.518114 0.295297 0.668909 0.000000 0.000000 0.000000 0.000000 0.000000 0.000000 0.000000 0.000000 0.000000 0.414062 0.243182 2.000000 0.464062 0.222727 2.000000 0.404687 0.295455 2.000000 0.529687 0.234091 2.000000 0.403125 0.493182 1.000000 0.000000 0.000000 0.000000 0.000000 0.000000 0.000000 0.000000 0.000000 0.000000 0.493750 0.463636 2.000000 0.576562 0.440909 2.000000 0.421875 0.600000 2.000000 0.573438 0.634091 2.000000 0.392188 0.797727 2.000000 0.640625 0.813636 2.000000
0 0.358398 0.241284 0.152609 0.401341 0.393750 0.129545 2.000000 0.401562 0.118182 2.000000 0.387500 0.113636 2.000000 0.410938 0.122727 2.000000 0.373437 0.111364 2.000000 0.421875 0.163636 2.000000 0.337500 0.154545 2.000000 0.000000 0.000000 0.000000 0.315625 0.231818 2.000000 0.000000 0.000000 0.000000 0.303125 0.304545 2.000000 0.400000 0.354545 1.000000 0.354687 0.359091 2.000000 0.400000 0.475000 1.000000 0.351562 0.472727 1.000000 0.000000 0.000000 0.000000 0.000000 0.000000 0.000000
0 0.257672 0.189682 0.115125 0.289227 0.259375 0.106818 2.000000 0.264062 0.090909 2.000000 0.248438 0.093182 2.000000 0.273438 0.088636 2.000000 0.235937 0.095455 2.000000 0.296875 0.129545 2.000000 0.220312 0.154545 2.000000 0.000000 0.000000 0.000000 0.212500 0.240909 2.000000 0.000000 0.000000 0.000000 0.229687 0.270455 2.000000 0.309375 0.300000 1.000000 0.265625 0.311364 1.000000 0.000000 0.000000 0.000000 0.000000 0.000000 0.000000 0.000000 0.000000 0.000000 0.000000 0.000000 0.000000
0 0.819234 0.355886 0.209531 0.711773 0.831250 0.025000 2.000000 0.846875 0.006818 2.000000 0.821875 0.006818 2.000000 0.865625 0.006818 2.000000 0.810937 0.011364 2.000000 0.896875 0.090909 2.000000 0.784375 0.093182 2.000000 0.934375 0.213636 1.000000 0.728125 0.184091 2.000000 0.904687 0.279545 1.000000 0.726562 0.211364 2.000000 0.870313 0.336364 2.000000 0.804688 0.334091 2.000000 0.851562 0.506818 2.000000 0.796875 0.481818 2.000000 0.834375 0.645455 2.000000 0.776563 0.615909 2.000000
0 0.634672 0.164159 0.083719 0.209636 0.634375 0.109091 2.000000 0.639062 0.102273 2.000000 0.628125 0.102273 2.000000 0.646875 0.106818 1.000000 0.620313 0.104545 2.000000 0.665625 0.150000 2.000000 0.601562 0.150000 2.000000 0.675000 0.220455 1.000000 0.000000 0.000000 0.000000 0.675000 0.261364 1.000000 0.000000 0.000000 0.000000 0.653125 0.286364 1.000000 0.615625 0.288636 1.000000 0.000000 0.000000 0.000000 0.000000 0.000000 0.000000 0.000000 0.000000 0.000000 0.000000 0.000000 0.000000
0 0.557961 0.136398 0.084359 0.189023 0.543750 0.088636 2.000000 0.551562 0.079545 2.000000 0.539062 0.079545 2.000000 0.559375 0.081818 2.000000 0.531250 0.084091 2.000000 0.575000 0.127273 2.000000 0.520312 0.131818 2.000000 0.590625 0.188636 2.000000 0.000000 0.000000 0.000000 0.573438 0.229545 1.000000 0.000000 0.000000 0.000000 0.567187 0.238636 1.000000 0.532813 0.236364 1.000000 0.000000 0.000000 0.000000 0.000000 0.000000 0.000000 0.000000 0.000000 0.000000 0.000000 0.000000 0.000000
0 0.597898 0.422477 0.160672 0.444955 0.000000 0.000000 0.000000 0.000000 0.000000 0.000000 0.000000 0.000000 0.000000 0.562500 0.259091 2.000000 0.000000 0.000000 0.000000 0.604688 0.263636 2.000000 0.000000 0.000000 0.000000 0.640625 0.375000 2.000000 0.000000 0.000000 0.000000 0.618750 0.413636 2.000000 0.000000 0.000000 0.000000 0.645312 0.350000 2.000000 0.601562 0.368182 2.000000 0.640625 0.470455 2.000000 0.573438 0.477273 1.000000 0.643750 0.600000 2.000000 0.581250 0.577273 1.000000
0 0.710672 0.307864 0.098875 0.534818 0.717187 0.088636 2.000000 0.723437 0.079545 2.000000 0.710938 0.081818 2.000000 0.742188 0.084091 1.000000 0.000000 0.000000 0.000000 0.753125 0.143182 1.000000 0.698438 0.140909 2.000000 0.000000 0.000000 0.000000 0.673438 0.202273 2.000000 0.000000 0.000000 0.000000 0.662500 0.256818 2.000000 0.740625 0.306818 2.000000 0.693750 0.302273 2.000000 0.740625 0.395455 1.000000 0.695312 0.404545 2.000000 0.748437 0.509091 2.000000 0.687500 0.518182 1.000000
0 0.533023 0.573580 0.522516 0.403932 0.381250 0.654545 2.000000 0.381250 0.634091 2.000000 0.365625 0.650000 2.000000 0.396875 0.597727 1.000000 0.000000 0.000000 0.000000 0.425000 0.581818 1.000000 0.403125 0.665909 1.000000 0.518750 0.609091 2.000000 0.357812 0.750000 2.000000 0.487500 0.679545 2.000000 0.300000 0.734091 2.000000 0.548438 0.590909 1.000000 0.548438 0.672727 2.000000 0.629687 0.522727 2.000000 0.629687 0.750000 1.000000 0.728125 0.447727 2.000000 0.684375 0.645455 2.000000
0 0.473195 0.123284 0.089641 0.199977 0.471875 0.077273 2.000000 0.478125 0.065909 2.000000 0.465625 0.065909 2.000000 0.489063 0.065909 2.000000 0.457813 0.063636 2.000000 0.506250 0.120455 2.000000 0.439063 0.109091 2.000000 0.000000 0.000000 0.000000 0.000000 0.000000 0.000000 0.000000 0.000000 0.000000 0.000000 0.000000 0.000000 0.487500 0.229545 1.000000 0.448437 0.222727 1.000000 0.000000 0.000000 0.000000 0.000000 0.000000 0.000000 0.000000 0.000000 0.000000 0.000000 0.000000 0.000000
0 0.189852 0.296727 0.091484 0.512955 0.196875 0.090909 2.000000 0.201563 0.081818 2.000000 0.189062 0.084091 2.000000 0.000000 0.000000 0.000000 0.175000 0.081818 2.000000 0.221875 0.134091 1.000000 0.168750 0.145455 2.000000 0.000000 0.000000 0.000000 0.134375 0.227273 1.000000 0.000000 0.000000 0.000000 0.148438 0.277273 1.000000 0.212500 0.293182 2.000000 0.178125 0.297727 2.000000 0.223438 0.395455 2.000000 0.184375 0.402273 2.000000 0.220312 0.506818 1.000000 0.184375 0.522727 2.000000
