0 0.309266 0.431458 0.069094 0.166292 0.331250 0.391667 2.000000 0.335938 0.383333 2.000000 0.321875 0.385417 2.000000 0.000000 0.000000 0.000000 0.296875 0.400000 2.000000 0.353125 0.441667 1.000000 0.295312 0.456250 2.000000 0.000000 0.000000 0.000000 0.000000 0.000000 0.000000 0.000000 0.000000 0.000000 0.000000 0.000000 0.000000 0.000000 0.000000 0.000000 0.000000 0.000000 0.000000 0.000000 0.000000 0.000000 0.000000 0.000000 0.000000 0.000000 0.000000 0.000000 0.000000 0.000000 0.000000
0 0.372211 0.638260 0.147547 0.662979 0.409375 0.358333 2.000000 0.000000 0.000000 0.000000 0.400000 0.347917 2.000000 0.000000 0.000000 0.000000 0.000000 0.000000 0.000000 0.412500 0.460417 2.000000 0.345313 0.425000 2.000000 0.415625 0.541667 2.000000 0.312500 0.516667 2.000000 0.428125 0.625000 2.000000 0.356250 0.493750 2.000000 0.393750 0.639583 2.000000 0.354687 0.627083 2.000000 0.365625 0.772917 2.000000 0.371875 0.752083 2.000000 0.348438 0.933333 2.000000 0.334375 0.902083 2.000000
0 0.632023 0.482021 0.134828 0.370792 0.682813 0.366667 2.000000 0.682813 0.354167 2.000000 0.664062 0.354167 2.000000 0.000000 0.000000 0.000000 0.643750 0.360417 2.000000 0.681250 0.431250 2.000000 0.587500 0.433333 2.000000 0.000000 0.000000 0.000000 0.581250 0.581250 2.000000 0.000000 0.000000 0.000000 0.610938 0.668750 1.000000 0.662500 0.662500 2.000000 0.623437 0.662500 1.000000 0.000000 0.000000 0.000000 0.000000 0.000000 0.000000 0.000000 0.000000 0.000000 0.000000 0.000000 0.000000
0 0.778109 0.647656 0.196719 0.704688 0.814063 0.393750 2.000000 0.000000 0.000000 0.000000 0.798438 0.377083 2.000000 0.000000 0.000000 0.000000 0.764062 0.389583 2.000000 0.803125 0.470833 2.000000 0.706250 0.464583 2.000000 0.842187 0.560417 1.000000 0.720313 0.593750 2.000000 0.000000 0.000000 0.000000 0.792188 0.612500 2.000000 0.803125 0.708333 2.000000 0.748437 0.712500 2.000000 0.854688 0.822917 2.000000 0.764062 0.881250 2.000000 0.823438 0.972917 1.000000 0.000000 0.000000 0.000000
0 0.858258 0.414094 0.098516 0.164188 0.000000 0.000000 0.000000 0.000000 0.000000 0.000000 0.000000 0.000000 0.000000 0.853125 0.408333 2.000000 0.000000 0.000000 0.000000 0.812500 0.470833 1.000000 0.000000 0.000000 0.000000 0.000000 0.000000 0.000000 0.000000 0.000000 0.000000 0.000000 0.000000 0.000000 0.000000 0.000000 0.000000 0.000000 0.000000 0.000000 0.000000 0.000000 0.000000 0.000000 0.000000 0.000000 0.000000 0.000000 0.000000 0.000000 0.000000 0.000000 0.000000 0.000000 0.000000
0 0.241016 0.546063 0.104500 0.503375 0.251563 0.350000 2.000000 0.248438 0.341667 2.000000 0.242188 0.341667 2.000000 0.000000 0.000000 0.000000 0.000000 0.000000 0.000000 0.257812 0.431250 2.000000 0.184375 0.431250 1.000000 0.276562 0.529167 2.000000 0.000000 0.000000 0.000000 0.275000 0.606250 2.000000 0.000000 0.000000 0.000000 0.248438 0.625000 2.000000 0.198437 0.627083 1.000000 0.000000 0.000000 0.000000 0.000000 0.000000 0.000000 0.000000 0.000000 0.000000 0.000000 0.000000 0.000000
0 0.079211 0.595500 0.144953 0.669667 0.090625 0.350000 2.000000 0.103125 0.341667 2.000000 0.078125 0.343750 2.000000 0.000000 0.000000 0.000000 0.000000 0.000000 0.000000 0.137500 0.410417 1.000000 0.032813 0.414583 2.000000 0.000000 0.000000 0.000000 0.026562 0.491667 2.000000 0.000000 0.000000 0.000000 0.067187 0.508333 2.000000 0.126562 0.610417 2.000000 0.046875 0.616667 2.000000 0.000000 0.000000 0.000000 0.014063 0.750000 2.000000 0.000000 0.000000 0.000000 0.000000 0.000000 0.000000
0 0.465773 0.390917 0.049578 0.128458 0.484375 0.364583 2.000000 0.487500 0.358333 2.000000 0.476562 0.358333 2.000000 0.000000 0.000000 0.000000 0.459375 0.358333 2.000000 0.000000 0.000000 0.000000 0.450000 0.397917 2.000000 0.000000 0.000000 0.000000 0.000000 0.000000 0.000000 0.000000 0.000000 0.000000 0.000000 0.000000 0.000000 0.000000 0.000000 0.000000 0.000000 0.000000 0.000000 0.000000 0.000000 0.000000 0.000000 0.000000 0.000000 0.000000 0.000000 0.000000 0.000000 0.000000 0.000000
0 0.414375 0.642396 0.104531 0.616750 0.437500 0.404167 2.000000 0.445312 0.389583 2.000000 0.432812 0.387500 2.000000 0.000000 0.000000 0.000000 0.410938 0.387500 1.000000 0.450000 0.464583 2.000000 0.384375 0.452083 1.000000 0.456250 0.568750 2.000000 0.000000 0.000000 0.000000 0.454688 0.635417 2.000000 0.000000 0.000000 0.000000 0.434375 0.650000 1.000000 0.382812 0.641667 1.000000 0.434375 0.747917 2.000000 0.379688 0.775000 1.000000 0.375000 0.868750 2.000000 0.384375 0.900000 2.000000
0 0.467758 0.647010 0.103922 0.578854 0.000000 0.000000 0.000000 0.000000 0.000000 0.000000 0.509375 0.393750 1.000000 0.000000 0.000000 0.000000 0.487500 0.402083 2.000000 0.510938 0.472917 1.000000 0.465625 0.468750 2.000000 0.000000 0.000000 0.000000 0.000000 0.000000 0.000000 0.000000 0.000000 0.000000 0.000000 0.000000 0.000000 0.485938 0.625000 1.000000 0.450000 0.622917 1.000000 0.509375 0.393750 1.000000 0.482812 0.754167 2.000000 0.443750 0.875000 2.000000 0.514062 0.902083 1.000000
0 0.888047 0.476271 0.083344 0.198417 0.000000 0.000000 0.000000 0.000000 0.000000 0.000000 0.000000 0.000000 0.000000 0.000000 0.000000 0.000000 0.865625 0.435417 2.000000 0.000000 0.000000 0.000000 0.853125 0.495833 2.000000 0.000000 0.000000 0.000000 0.000000 0.000000 0.000000 0.000000 0.000000 0.000000 0.000000 0.000000 0.000000 0.000000 0.000000 0.000000 0.000000 0.000000 0.000000 0.000000 0.000000 0.000000 0.000000 0.000000 0.000000 0.000000 0.000000 0.000000 0.000000 0.000000 0.000000
