0 0.587229 0.397156 0.634835 0.664438 0.587264 0.154688 2.000000 0.610849 0.139063 2.000000 0.000000 0.000000 0.000000 0.686321 0.145313 2.000000 0.000000 0.000000 0.000000 0.790094 0.204687 2.000000 0.561321 0.206250 2.000000 0.797170 0.298438 2.000000 0.485849 0.282813 2.000000 0.750000 0.359375 2.000000 0.363208 0.348438 2.000000 0.740566 0.412500 2.000000 0.570755 0.409375 2.000000 0.742925 0.531250 2.000000 0.000000 0.000000 0.000000 0.886792 0.756250 1.000000 0.000000 0.000000 0.000000
0 0.398939 0.213430 0.119434 0.203266 0.400943 0.156250 2.000000 0.000000 0.000000 0.000000 0.382075 0.142187 2.000000 0.000000 0.000000 0.000000 0.351415 0.160938 1.000000 0.393868 0.184375 2.000000 0.356132 0.203125 2.000000 0.436321 0.251563 2.000000 0.358491 0.267188 2.000000 0.417453 0.209375 2.000000 0.375000 0.310937 2.000000 0.000000 0.000000 0.000000 0.377358 0.298438 2.000000 0.000000 0.000000 0.000000 0.391509 0.370312 1.000000 0.000000 0.000000 0.000000 0.000000 0.000000 0.000000
0 0.894175 0.187375 0.190660 0.372469 0.000000 0.000000 0.000000 0.933962 0.039062 2.000000 0.922170 0.034375 2.000000 0.000000 0.000000 0.000000 0.882075 0.040625 2.000000 0.912736 0.098437 2.000000 0.830189 0.101562 2.000000 0.941038 0.164062 2.000000 0.820755 0.156250 1.000000 0.962264 0.214062 2.000000 0.903302 0.150000 2.000000 0.931604 0.243750 2.000000 0.886792 0.245312 1.000000 0.924528 0.346875 2.000000 0.000000 0.000000 0.000000 0.000000 0.000000 0.000000 0.000000 0.000000 0.000000
0 0.480436 0.140633 0.134976 0.202234 0.476415 0.075000 2.000000 0.481132 0.065625 2.000000 0.462264 0.067187 2.000000 0.000000 0.000000 0.000000 0.429245 0.073438 2.000000 0.490566 0.121875 2.000000 0.431604 0.129688 2.000000 0.000000 0.000000 0.000000 0.419811 0.185938 1.000000 0.000000 0.000000 0.000000 0.450472 0.151562 2.000000 0.488208 0.220312 2.000000 0.436321 0.229687 1.000000 0.000000 0.000000 0.000000 0.000000 0.000000 0.000000 0.000000 0.000000 0.000000 0.000000 0.000000 0.000000
0 0.257465 0.217250 0.184552 0.320219 0.268868 0.117188 2.000000 0.280660 0.107813 2.000000 0.252358 0.110937 2.000000 0.294811 0.109375 2.000000 0.235849 0.110937 2.000000 0.311321 0.154688 2.000000 0.212264 0.148438 2.000000 0.000000 0.000000 0.000000 0.202830 0.214062 2.000000 0.000000 0.000000 0.000000 0.273585 0.198437 2.000000 0.316038 0.281250 2.000000 0.254717 0.287500 1.000000 0.000000 0.000000 0.000000 0.000000 0.000000 0.000000 0.000000 0.000000 0.000000 0.000000 0.000000 0.000000
0 0.108550 0.206055 0.210307 0.314609 0.150943 0.085938 2.000000 0.158019 0.078125 2.000000 0.134434 0.079687 2.000000 0.000000 0.000000 0.000000 0.103774 0.090625 2.000000 0.183962 0.134375 2.000000 0.056604 0.140625 2.000000 0.181604 0.201563 1.000000 0.018868 0.200000 2.000000 0.167453 0.246875 1.000000 0.051887 0.242188 2.000000 0.134434 0.253125 2.000000 0.075472 0.253125 2.000000 0.113208 0.357812 2.000000 0.094340 0.364063 1.000000 0.000000 0.000000 0.000000 0.077830 0.435937 1.000000
0 0.195366 0.061211 0.080825 0.121172 0.198113 0.040625 2.000000 0.212264 0.035937 2.000000 0.188679 0.032813 2.000000 0.219340 0.037500 2.000000 0.162736 0.029687 2.000000 0.231132 0.073438 2.000000 0.139151 0.073438 1.000000 0.000000 0.000000 0.000000 0.000000 0.000000 0.000000 0.000000 0.000000 0.000000 0.000000 0.000000 0.000000 0.000000 0.000000 0.000000 0.000000 0.000000 0.000000 0.000000 0.000000 0.000000 0.000000 0.000000 0.000000 0.000000 0.000000 0.000000 0.000000 0.000000 0.000000
0 0.855047 0.370820 0.265566 0.559797 0.589623 0.156250 1.000000 0.610849 0.142187 1.000000 0.000000 0.000000 0.000000 0.683962 0.150000 1.000000 0.000000 0.000000 0.000000 0.790094 0.212500 1.000000 0.551887 0.198437 1.000000 0.785377 0.285938 1.000000 0.000000 0.000000 0.000000 0.757075 0.354687 1.000000 0.000000 0.000000 0.000000 0.719340 0.410938 1.000000 0.587264 0.414062 1.000000 0.752358 0.548438 1.000000 0.000000 0.000000 0.000000 0.849057 0.687500 1.000000 0.000000 0.000000 0.000000
0 0.951498 0.213063 0.097005 0.426125 0.000000 0.000000 0.000000 0.000000 0.000000 0.000000 0.000000 0.000000 0.000000 0.974057 0.021875 2.000000 0.000000 0.000000 0.000000 0.936321 0.073438 2.000000 0.000000 0.000000 0.000000 0.000000 0.000000 0.000000 0.000000 0.000000 0.000000 0.000000 0.000000 0.000000 0.000000 0.000000 0.000000 0.981132 0.215625 2.000000 0.000000 0.000000 0.000000 0.966981 0.312500 2.000000 0.000000 0.000000 0.000000 0.959906 0.401562 2.000000 0.000000 0.000000 0.000000
0 0.367653 0.112461 0.103042 0.091203 0.412736 0.100000 2.000000 0.000000 0.000000 0.000000 0.000000 0.000000 0.000000 0.000000 0.000000 0.000000 0.365566 0.106250 2.000000 0.000000 0.000000 0.000000 0.000000 0.000000 0.000000 0.000000 0.000000 0.000000 0.000000 0.000000 0.000000 0.000000 0.000000 0.000000 0.000000 0.000000 0.000000 0.000000 0.000000 0.000000 0.000000 0.000000 0.000000 0.000000 0.000000 0.000000 0.000000 0.000000 0.000000 0.000000 0.000000 0.000000 0.000000 0.000000 0.000000
0 0.176462 0.383734 0.145189 0.118094 0.195755 0.371875 2.000000 0.202830 0.364063 2.000000 0.181604 0.365625 2.000000 0.000000 0.000000 0.000000 0.150943 0.370312 2.000000 0.228774 0.398438 2.000000 0.134434 0.406250 2.000000 0.250000 0.437500 1.000000 0.148585 0.448437 1.000000 0.000000 0.000000 0.000000 0.000000 0.000000 0.000000 0.000000 0.000000 0.000000 0.000000 0.000000 0.000000 0.000000 0.000000 0.000000 0.000000 0.000000 0.000000 0.000000 0.000000 0.000000 0.000000 0.000000 0.000000
