0 0.947172 0.614534 0.086906 0.227368 0.000000 0.000000 0.000000 0.000000 0.000000 0.000000 0.000000 0.000000 0.000000 0.950000 0.534413 2.000000 0.976562 0.536437 2.000000 0.942187 0.576923 2.000000 0.978125 0.582996 2.000000 0.926562 0.641700 2.000000 0.000000 0.000000 0.000000 0.912500 0.688259 2.000000 0.000000 0.000000 0.000000 0.934375 0.682186 2.000000 0.962500 0.678138 2.000000 0.928125 0.759109 1.000000 0.946875 0.748988 1.000000 0.000000 0.000000 0.000000 0.000000 0.000000 0.000000
0 0.880273 0.678897 0.089703 0.304352 0.000000 0.000000 0.000000 0.000000 0.000000 0.000000 0.000000 0.000000 0.000000 0.000000 0.000000 0.000000 0.000000 0.000000 0.000000 0.860938 0.589069 2.000000 0.921875 0.585020 2.000000 0.837500 0.672065 1.000000 0.000000 0.000000 0.000000 0.000000 0.000000 0.000000 0.000000 0.000000 0.000000 0.871875 0.698381 2.000000 0.904687 0.700405 1.000000 0.867188 0.783401 1.000000 0.893750 0.789474 2.000000 0.857812 0.848178 1.000000 0.882812 0.854251 1.000000
0 0.334258 0.347439 0.131766 0.154150 0.000000 0.000000 0.000000 0.000000 0.000000 0.000000 0.000000 0.000000 0.000000 0.000000 0.000000 0.000000 0.000000 0.000000 0.000000 0.321875 0.283401 2.000000 0.332813 0.317814 2.000000 0.312500 0.321862 2.000000 0.354687 0.299595 2.000000 0.281250 0.370445 2.000000 0.382812 0.297571 2.000000 0.339062 0.344130 2.000000 0.345313 0.372470 2.000000 0.282813 0.336032 1.000000 0.310937 0.360324 2.000000 0.239063 0.374494 1.000000 0.314063 0.435223 1.000000
0 0.821125 0.803603 0.115719 0.367733 0.000000 0.000000 0.000000 0.000000 0.000000 0.000000 0.000000 0.000000 0.000000 0.000000 0.000000 0.000000 0.000000 0.000000 0.000000 0.787500 0.688259 2.000000 0.843750 0.692308 2.000000 0.773438 0.722672 2.000000 0.862500 0.753036 2.000000 0.789062 0.676113 2.000000 0.853125 0.799595 2.000000 0.804688 0.809717 2.000000 0.837500 0.809717 2.000000 0.796875 0.880567 2.000000 0.845313 0.868421 2.000000 0.782813 0.961538 2.000000 0.825000 0.949393 2.000000
0 0.727734 0.782976 0.102688 0.361903 0.000000 0.000000 0.000000 0.000000 0.000000 0.000000 0.000000 0.000000 0.000000 0.000000 0.000000 0.000000 0.000000 0.000000 0.000000 0.703125 0.686235 2.000000 0.768750 0.678138 2.000000 0.693750 0.751012 2.000000 0.000000 0.000000 0.000000 0.685937 0.795547 2.000000 0.000000 0.000000 0.000000 0.710938 0.785425 2.000000 0.756250 0.779352 2.000000 0.714063 0.860324 2.000000 0.746875 0.848178 2.000000 0.714063 0.949393 2.000000 0.740625 0.929150 2.000000
0 0.498227 0.218128 0.060547 0.103097 0.000000 0.000000 0.000000 0.000000 0.000000 0.000000 0.000000 0.000000 0.000000 0.000000 0.000000 0.000000 0.000000 0.000000 0.000000 0.515625 0.202429 2.000000 0.481250 0.202429 2.000000 0.521875 0.222672 1.000000 0.473438 0.220648 2.000000 0.501563 0.234818 2.000000 0.484375 0.222672 2.000000 0.512500 0.261134 2.000000 0.492188 0.263158 2.000000 0.000000 0.000000 0.000000 0.000000 0.000000 0.000000 0.000000 0.000000 0.000000 0.000000 0.000000 0.000000
0 0.581867 0.720395 0.073109 0.362733 0.000000 0.000000 0.000000 0.000000 0.000000 0.000000 0.000000 0.000000 0.000000 0.576562 0.574899 2.000000 0.600000 0.582996 2.000000 0.562500 0.615385 2.000000 0.604688 0.617409 2.000000 0.554688 0.663968 2.000000 0.600000 0.672065 2.000000 0.000000 0.000000 0.000000 0.617188 0.700405 1.000000 0.564063 0.708502 2.000000 0.595313 0.708502 2.000000 0.568750 0.787449 2.000000 0.595313 0.795547 2.000000 0.560937 0.848178 2.000000 0.587500 0.856275 2.000000
0 0.415586 0.759646 0.082953 0.295688 0.000000 0.000000 0.000000 0.000000 0.000000 0.000000 0.000000 0.000000 0.000000 0.392188 0.629555 2.000000 0.417187 0.627530 2.000000 0.387500 0.680162 2.000000 0.435937 0.676113 2.000000 0.384375 0.730769 2.000000 0.446875 0.718623 2.000000 0.395313 0.761134 2.000000 0.446875 0.761134 2.000000 0.403125 0.773279 2.000000 0.439063 0.773279 2.000000 0.398438 0.829960 2.000000 0.429688 0.829960 2.000000 0.395313 0.898785 2.000000 0.420312 0.898785 2.000000
0 0.217430 0.782419 0.088766 0.296781 0.000000 0.000000 0.000000 0.000000 0.000000 0.000000 0.000000 0.000000 0.000000 0.000000 0.000000 0.000000 0.000000 0.000000 0.000000 0.187500 0.704453 2.000000 0.228125 0.698381 2.000000 0.181250 0.748988 2.000000 0.242188 0.742915 2.000000 0.000000 0.000000 0.000000 0.253125 0.771255 2.000000 0.200000 0.775304 2.000000 0.232813 0.771255 2.000000 0.203125 0.844130 2.000000 0.242188 0.838057 2.000000 0.195312 0.894737 2.000000 0.218750 0.886640 2.000000
0 0.299383 0.757723 0.069734 0.298806 0.000000 0.000000 0.000000 0.000000 0.000000 0.000000 0.000000 0.000000 0.000000 0.000000 0.000000 0.000000 0.000000 0.000000 0.000000 0.268750 0.668016 2.000000 0.310937 0.676113 2.000000 0.000000 0.000000 0.000000 0.332813 0.663968 1.000000 0.000000 0.000000 0.000000 0.320312 0.633603 2.000000 0.289062 0.769231 2.000000 0.318750 0.767206 2.000000 0.279687 0.829960 2.000000 0.329688 0.823887 2.000000 0.264062 0.890688 1.000000 0.309375 0.888664 2.000000
0 0.359570 0.748674 0.070953 0.306903 0.000000 0.000000 0.000000 0.000000 0.000000 0.000000 0.000000 0.000000 0.000000 0.000000 0.000000 0.000000 0.373437 0.623482 2.000000 0.340625 0.659919 2.000000 0.379688 0.663968 2.000000 0.000000 0.000000 0.000000 0.000000 0.000000 0.000000 0.000000 0.000000 0.000000 0.000000 0.000000 0.000000 0.342187 0.763158 2.000000 0.379688 0.765182 2.000000 0.340625 0.838057 2.000000 0.398438 0.809717 1.000000 0.335938 0.886640 2.000000 0.392188 0.874494 1.000000
0 0.661203 0.734504 0.098906 0.360142 0.000000 0.000000 0.000000 0.000000 0.000000 0.000000 0.000000 0.000000 0.000000 0.000000 0.000000 0.000000 0.000000 0.000000 0.000000 0.635938 0.623482 2.000000 0.695312 0.623482 2.000000 0.615625 0.694332 2.000000 0.000000 0.000000 0.000000 0.000000 0.000000 0.000000 0.000000 0.000000 0.000000 0.643750 0.732794 2.000000 0.682813 0.738866 2.000000 0.000000 0.000000 0.000000 0.000000 0.000000 0.000000 0.000000 0.000000 0.000000 0.000000 0.000000 0.000000
0 0.449961 0.265800 0.049516 0.185729 0.454688 0.194332 2.000000 0.456250 0.190283 2.000000 0.453125 0.190283 2.000000 0.462500 0.190283 2.000000 0.448437 0.194332 2.000000 0.468750 0.208502 2.000000 0.442188 0.208502 2.000000 0.467187 0.226721 2.000000 0.429688 0.222672 2.000000 0.454688 0.228745 2.000000 0.434375 0.232794 2.000000 0.460938 0.259109 2.000000 0.443750 0.259109 2.000000 0.000000 0.000000 0.000000 0.000000 0.000000 0.000000 0.000000 0.000000 0.000000 0.000000 0.000000 0.000000
