0 0.711820 0.503382 0.383109 0.896406 0.546875 0.160714 1.000000 0.560937 0.140625 2.000000 0.551562 0.140625 2.000000 0.598437 0.140625 2.000000 0.000000 0.000000 0.000000 0.657813 0.194196 2.000000 0.556250 0.238839 2.000000 0.685937 0.343750 2.000000 0.614062 0.386161 2.000000 0.731250 0.482143 2.000000 0.690625 0.453125 2.000000 0.665625 0.466518 2.000000 0.585938 0.482143 2.000000 0.725000 0.698661 2.000000 0.535937 0.636161 1.000000 0.834375 0.845982 2.000000 0.000000 0.000000 0.000000
0 0.487641 0.779777 0.349219 0.417991 0.000000 0.000000 0.000000 0.432812 0.691964 2.000000 0.000000 0.000000 0.000000 0.454688 0.714286 2.000000 0.000000 0.000000 0.000000 0.368750 0.892857 2.000000 0.618750 0.897321 2.000000 0.000000 0.000000 0.000000 0.000000 0.000000 0.000000 0.000000 0.000000 0.000000 0.000000 0.000000 0.000000 0.000000 0.000000 0.000000 0.000000 0.000000 0.000000 0.000000 0.000000 0.000000 0.000000 0.000000 0.000000 0.000000 0.000000 0.000000 0.000000 0.000000 0.000000
0 0.857953 0.149799 0.084187 0.155536 0.862500 0.104911 2.000000 0.867188 0.098214 2.000000 0.856250 0.095982 2.000000 0.875000 0.104911 2.000000 0.000000 0.000000 0.000000 0.885938 0.142857 2.000000 0.842187 0.140625 2.000000 0.893750 0.203125 1.000000 0.820312 0.198661 2.000000 0.882812 0.218750 2.000000 0.840625 0.214286 2.000000 0.876563 0.220982 2.000000 0.845313 0.216518 2.000000 0.000000 0.000000 0.000000 0.000000 0.000000 0.000000 0.000000 0.000000 0.000000 0.000000 0.000000 0.000000
0 0.945422 0.160725 0.087063 0.142433 0.934375 0.125000 2.000000 0.939063 0.118304 2.000000 0.929688 0.118304 2.000000 0.951562 0.125000 2.000000 0.000000 0.000000 0.000000 0.957812 0.154018 2.000000 0.920312 0.149554 2.000000 0.000000 0.000000 0.000000 0.907813 0.198661 2.000000 0.000000 0.000000 0.000000 0.909375 0.216518 2.000000 0.957812 0.229911 2.000000 0.926562 0.227679 2.000000 0.945312 0.223214 2.000000 0.000000 0.000000 0.000000 0.000000 0.000000 0.000000 0.000000 0.000000 0.000000
0 0.058000 0.172567 0.088750 0.102946 0.062500 0.165179 2.000000 0.068750 0.158482 2.000000 0.056250 0.158482 2.000000 0.076563 0.165179 2.000000 0.048438 0.162946 2.000000 0.093750 0.209821 2.000000 0.025000 0.200893 2.000000 0.000000 0.000000 0.000000 0.000000 0.000000 0.000000 0.059375 0.203125 2.000000 0.045312 0.200893 2.000000 0.000000 0.000000 0.000000 0.000000 0.000000 0.000000 0.000000 0.000000 0.000000 0.000000 0.000000 0.000000 0.000000 0.000000 0.000000 0.000000 0.000000 0.000000
0 0.175000 0.058560 0.085125 0.108103 0.000000 0.000000 0.000000 0.000000 0.000000 0.000000 0.000000 0.000000 0.000000 0.000000 0.000000 0.000000 0.000000 0.000000 0.000000 0.000000 0.000000 0.000000 0.000000 0.000000 0.000000 0.206250 0.033482 2.000000 0.131250 0.024554 1.000000 0.173437 0.042411 2.000000 0.146875 0.040179 2.000000 0.190625 0.082589 2.000000 0.150000 0.078125 1.000000 0.000000 0.000000 0.000000 0.000000 0.000000 0.000000 0.000000 0.000000 0.000000 0.000000 0.000000 0.000000
0 0.159328 0.121496 0.097969 0.115446 0.159375 0.069196 1.000000 0.167187 0.062500 1.000000 0.151562 0.062500 1.000000 0.175000 0.066964 1.000000 0.000000 0.000000 0.000000 0.195312 0.098214 1.000000 0.131250 0.098214 2.000000 0.192188 0.171875 2.000000 0.128125 0.169643 2.000000 0.164062 0.174107 2.000000 0.000000 0.000000 0.000000 0.000000 0.000000 0.000000 0.000000 0.000000 0.000000 0.000000 0.000000 0.000000 0.000000 0.000000 0.000000 0.000000 0.000000 0.000000 0.000000 0.000000 0.000000
0 0.062758 0.096663 0.099984 0.162656 0.053125 0.053571 2.000000 0.059375 0.046875 2.000000 0.048438 0.044643 2.000000 0.073438 0.051339 2.000000 0.000000 0.000000 0.000000 0.087500 0.084821 2.000000 0.032813 0.087054 2.000000 0.093750 0.162946 2.000000 0.026562 0.160714 2.000000 0.057813 0.185268 1.000000 0.050000 0.102679 2.000000 0.081250 0.167411 1.000000 0.043750 0.167411 1.000000 0.000000 0.000000 0.000000 0.000000 0.000000 0.000000 0.000000 0.000000 0.000000 0.000000 0.000000 0.000000
0 0.920664 0.074308 0.079203 0.147411 0.910937 0.031250 2.000000 0.918750 0.026786 2.000000 0.907813 0.024554 2.000000 0.926562 0.031250 2.000000 0.901563 0.026786 1.000000 0.940625 0.064732 2.000000 0.889062 0.066964 2.000000 0.950000 0.118304 1.000000 0.887500 0.120536 2.000000 0.000000 0.000000 0.000000 0.898438 0.147321 1.000000 0.940625 0.142857 1.000000 0.898438 0.142857 2.000000 0.000000 0.000000 0.000000 0.000000 0.000000 0.000000 0.000000 0.000000 0.000000 0.000000 0.000000 0.000000
0 0.471633 0.035134 0.152516 0.070268 0.000000 0.000000 0.000000 0.000000 0.000000 0.000000 0.000000 0.000000 0.000000 0.000000 0.000000 0.000000 0.000000 0.000000 0.000000 0.500000 0.002232 1.000000 0.445312 0.002232 2.000000 0.521875 0.035714 2.000000 0.421875 0.033482 2.000000 0.535937 0.058036 2.000000 0.409375 0.053571 2.000000 0.000000 0.000000 0.000000 0.000000 0.000000 0.000000 0.000000 0.000000 0.000000 0.000000 0.000000 0.000000 0.000000 0.000000 0.000000 0.000000 0.000000 0.000000
