0 0.539992 0.347969 0.215859 0.322896 0.496875 0.279167 2.000000 0.501563 0.260417 2.000000 0.484375 0.272917 2.000000 0.514062 0.235417 2.000000 0.465625 0.279167 2.000000 0.556250 0.279167 2.000000 0.000000 0.000000 0.000000 0.632812 0.258333 2.000000 0.479687 0.295833 2.000000 0.628125 0.358333 2.000000 0.459375 0.368750 2.000000 0.592187 0.404167 2.000000 0.537500 0.362500 2.000000 0.526563 0.489583 1.000000 0.464062 0.377083 2.000000 0.000000 0.000000 0.000000 0.000000 0.000000 0.000000
0 0.484797 0.115990 0.189188 0.229729 0.445312 0.008333 2.000000 0.000000 0.000000 0.000000 0.000000 0.000000 0.000000 0.000000 0.000000 0.000000 0.000000 0.000000 0.000000 0.503125 0.016667 2.000000 0.000000 0.000000 0.000000 0.532813 0.139583 2.000000 0.000000 0.000000 0.000000 0.484375 0.062500 2.000000 0.000000 0.000000 0.000000 0.551562 0.118750 2.000000 0.000000 0.000000 0.000000 0.496875 0.260417 1.000000 0.000000 0.000000 0.000000 0.000000 0.000000 0.000000 0.000000 0.000000 0.000000
0 0.171477 0.324427 0.212641 0.399646 0.104688 0.218750 2.000000 0.110937 0.191667 2.000000 0.089063 0.206250 2.000000 0.132812 0.179167 2.000000 0.078125 0.212500 2.000000 0.187500 0.183333 2.000000 0.082812 0.281250 2.000000 0.204687 0.266667 2.000000 0.114062 0.364583 2.000000 0.217188 0.258333 2.000000 0.176563 0.412500 2.000000 0.225000 0.329167 1.000000 0.179688 0.389583 2.000000 0.000000 0.000000 0.000000 0.239063 0.485417 2.000000 0.000000 0.000000 0.000000 0.229687 0.506250 2.000000
0 0.511703 0.610271 0.204594 0.373625 0.482812 0.502083 2.000000 0.487500 0.483333 2.000000 0.471875 0.497917 2.000000 0.518750 0.470833 2.000000 0.000000 0.000000 0.000000 0.553125 0.533333 1.000000 0.479687 0.533333 2.000000 0.584375 0.560417 1.000000 0.432812 0.558333 2.000000 0.592187 0.504167 1.000000 0.412500 0.518750 1.000000 0.571875 0.666667 2.000000 0.523438 0.645833 2.000000 0.531250 0.781250 2.000000 0.482812 0.741667 2.000000 0.526563 0.691667 2.000000 0.000000 0.000000 0.000000
0 0.270672 0.113250 0.229625 0.224458 0.000000 0.000000 0.000000 0.000000 0.000000 0.000000 0.000000 0.000000 0.000000 0.000000 0.000000 0.000000 0.000000 0.000000 0.000000 0.000000 0.000000 0.000000 0.000000 0.000000 0.000000 0.000000 0.000000 0.000000 0.000000 0.000000 0.000000 0.000000 0.000000 0.000000 0.000000 0.000000 0.000000 0.257812 0.012500 2.000000 0.214062 0.043750 2.000000 0.325000 0.079167 1.000000 0.240625 0.095833 1.000000 0.364063 0.143750 2.000000 0.289062 0.147917 2.000000
0 0.077609 0.101510 0.155219 0.203021 0.000000 0.000000 0.000000 0.000000 0.000000 0.000000 0.000000 0.000000 0.000000 0.000000 0.000000 0.000000 0.000000 0.000000 0.000000 0.000000 0.000000 0.000000 0.000000 0.000000 0.000000 0.101562 0.027083 2.000000 0.000000 0.000000 0.000000 0.057813 0.014583 2.000000 0.000000 0.000000 0.000000 0.096875 0.081250 2.000000 0.025000 0.131250 2.000000 0.128125 0.147917 2.000000 0.068750 0.193750 1.000000 0.000000 0.000000 0.000000 0.000000 0.000000 0.000000
0 0.922297 0.271396 0.155406 0.369375 0.000000 0.000000 0.000000 0.000000 0.000000 0.000000 0.000000 0.000000 0.000000 0.000000 0.000000 0.000000 0.000000 0.000000 0.000000 0.000000 0.000000 0.000000 0.000000 0.000000 0.000000 0.000000 0.000000 0.000000 0.000000 0.000000 0.000000 0.000000 0.000000 0.000000 0.940625 0.193750 2.000000 0.000000 0.000000 0.000000 0.000000 0.000000 0.000000 0.000000 0.000000 0.000000 0.000000 0.000000 0.000000 0.976562 0.387500 1.000000 0.904687 0.279167 1.000000
0 0.197250 0.767312 0.268500 0.465375 0.125000 0.620833 2.000000 0.129688 0.606250 2.000000 0.114062 0.612500 2.000000 0.153125 0.591667 2.000000 0.093750 0.614583 2.000000 0.173437 0.593750 2.000000 0.082812 0.695833 2.000000 0.201563 0.641667 1.000000 0.109375 0.785417 2.000000 0.218750 0.633333 2.000000 0.195312 0.831250 2.000000 0.203125 0.754167 2.000000 0.134375 0.845833 2.000000 0.284375 0.856250 2.000000 0.248438 0.925000 2.000000 0.000000 0.000000 0.000000 0.301563 0.979167 2.000000
0 0.746281 0.174500 0.215344 0.341583 0.000000 0.000000 0.000000 0.000000 0.000000 0.000000 0.000000 0.000000 0.000000 0.000000 0.000000 0.000000 0.000000 0.000000 0.000000 0.000000 0.000000 0.000000 0.000000 0.000000 0.000000 0.785937 0.004167 2.000000 0.665625 0.114583 2.000000 0.779687 0.054167 2.000000 0.725000 0.139583 2.000000 0.762500 0.095833 2.000000 0.692187 0.127083 2.000000 0.812500 0.172917 1.000000 0.726562 0.212500 2.000000 0.818750 0.239583 2.000000 0.750000 0.279167 2.000000
0 0.428594 0.128135 0.104563 0.210771 0.000000 0.000000 0.000000 0.000000 0.000000 0.000000 0.000000 0.000000 0.000000 0.000000 0.000000 0.000000 0.000000 0.000000 0.000000 0.448437 0.108333 2.000000 0.401562 0.097917 1.000000 0.456250 0.164583 2.000000 0.393750 0.162500 2.000000 0.429688 0.195833 2.000000 0.400000 0.195833 1.000000 0.446875 0.214583 2.000000 0.409375 0.208333 1.000000 0.465625 0.231250 1.000000 0.398438 0.229167 1.000000 0.000000 0.000000 0.000000 0.000000 0.000000 0.000000
