0 0.239891 0.538206 0.377094 0.734836 0.271875 0.245077 2.000000 0.281250 0.238512 2.000000 0.000000 0.000000 0.000000 0.314063 0.260394 2.000000 0.000000 0.000000 0.000000 0.307812 0.343545 2.000000 0.285938 0.291028 2.000000 0.217188 0.380744 2.000000 0.000000 0.000000 0.000000 0.148438 0.336980 2.000000 0.000000 0.000000 0.000000 0.300000 0.507659 2.000000 0.232813 0.516411 2.000000 0.339062 0.711160 2.000000 0.189062 0.649891 2.000000 0.401562 0.827133 2.000000 0.112500 0.844639 2.000000
0 0.686109 0.720580 0.279562 0.402691 0.000000 0.000000 0.000000 0.000000 0.000000 0.000000 0.000000 0.000000 0.000000 0.756250 0.599562 2.000000 0.000000 0.000000 0.000000 0.768750 0.667396 2.000000 0.734375 0.636761 2.000000 0.714063 0.735230 2.000000 0.000000 0.000000 0.000000 0.632812 0.722101 2.000000 0.000000 0.000000 0.000000 0.789062 0.829322 2.000000 0.743750 0.800875 2.000000 0.656250 0.796499 2.000000 0.615625 0.787746 2.000000 0.776563 0.884026 2.000000 0.000000 0.000000 0.000000
0 0.955984 0.469147 0.088031 0.186302 0.939063 0.422319 2.000000 0.950000 0.413567 2.000000 0.935937 0.413567 2.000000 0.967187 0.426696 2.000000 0.000000 0.000000 0.000000 0.978125 0.492341 2.000000 0.000000 0.000000 0.000000 0.000000 0.000000 0.000000 0.000000 0.000000 0.000000 0.000000 0.000000 0.000000 0.000000 0.000000 0.000000 0.000000 0.000000 0.000000 0.000000 0.000000 0.000000 0.000000 0.000000 0.000000 0.000000 0.000000 0.000000 0.000000 0.000000 0.000000 0.000000 0.000000 0.000000
0 0.634680 0.554869 0.120641 0.183042 0.618750 0.518600 2.000000 0.626563 0.509847 2.000000 0.615625 0.509847 2.000000 0.645312 0.516411 2.000000 0.000000 0.000000 0.000000 0.681250 0.564551 2.000000 0.584375 0.564551 2.000000 0.682813 0.652079 1.000000 0.592187 0.652079 1.000000 0.000000 0.000000 0.000000 0.000000 0.000000 0.000000 0.665625 0.673961 1.000000 0.609375 0.676149 1.000000 0.000000 0.000000 0.000000 0.000000 0.000000 0.000000 0.000000 0.000000 0.000000 0.000000 0.000000 0.000000
0 0.499500 0.611466 0.169375 0.362057 0.517188 0.575492 1.000000 0.523438 0.562363 1.000000 0.512500 0.562363 1.000000 0.542188 0.568928 1.000000 0.501563 0.568928 2.000000 0.557813 0.610503 1.000000 0.479687 0.608315 1.000000 0.568750 0.684902 1.000000 0.465625 0.684902 1.000000 0.507812 0.726477 1.000000 0.487500 0.726477 1.000000 0.000000 0.000000 0.000000 0.000000 0.000000 0.000000 0.542188 0.741794 1.000000 0.437500 0.735230 1.000000 0.000000 0.000000 0.000000 0.000000 0.000000 0.000000
0 0.335891 0.608206 0.151000 0.369716 0.351562 0.481400 2.000000 0.357812 0.472648 2.000000 0.345313 0.472648 2.000000 0.375000 0.479212 2.000000 0.000000 0.000000 0.000000 0.392188 0.542670 2.000000 0.325000 0.538293 1.000000 0.387500 0.632385 2.000000 0.000000 0.000000 0.000000 0.337500 0.612691 1.000000 0.000000 0.000000 0.000000 0.376563 0.669584 2.000000 0.334375 0.665208 1.000000 0.387500 0.706783 2.000000 0.273438 0.704595 2.000000 0.378125 0.820569 1.000000 0.304688 0.809628 1.000000
0 0.121031 0.600295 0.161688 0.355252 0.131250 0.477024 2.000000 0.140625 0.468271 2.000000 0.125000 0.466083 2.000000 0.153125 0.474836 2.000000 0.000000 0.000000 0.000000 0.178125 0.512035 2.000000 0.090625 0.509847 2.000000 0.190625 0.601751 1.000000 0.079687 0.597374 2.000000 0.203125 0.693654 1.000000 0.053125 0.700219 2.000000 0.156250 0.656455 2.000000 0.110937 0.656455 2.000000 0.187500 0.689278 1.000000 0.051562 0.695842 2.000000 0.175000 0.805252 1.000000 0.082812 0.803063 1.000000
0 0.508672 0.670777 0.150844 0.280897 0.517188 0.577681 2.000000 0.525000 0.564551 2.000000 0.510938 0.562363 2.000000 0.000000 0.000000 0.000000 0.000000 0.000000 0.000000 0.550000 0.592998 2.000000 0.490625 0.597374 2.000000 0.573438 0.680525 1.000000 0.462500 0.682713 2.000000 0.528125 0.719912 2.000000 0.487500 0.715536 2.000000 0.553125 0.708972 2.000000 0.507812 0.708972 2.000000 0.504687 0.754923 2.000000 0.443750 0.728665 2.000000 0.000000 0.000000 0.000000 0.000000 0.000000 0.000000
0 0.490555 0.095295 0.133172 0.178118 0.492188 0.063457 2.000000 0.501563 0.052516 2.000000 0.487500 0.054705 2.000000 0.514062 0.063457 2.000000 0.000000 0.000000 0.000000 0.539062 0.107221 2.000000 0.473438 0.098468 2.000000 0.537500 0.170678 2.000000 0.437500 0.161926 2.000000 0.482812 0.170678 2.000000 0.454688 0.168490 2.000000 0.000000 0.000000 0.000000 0.000000 0.000000 0.000000 0.000000 0.000000 0.000000 0.000000 0.000000 0.000000 0.000000 0.000000 0.000000 0.000000 0.000000 0.000000
0 0.340180 0.113917 0.121953 0.143807 0.326562 0.091904 2.000000 0.334375 0.083151 2.000000 0.323437 0.085339 2.000000 0.350000 0.091904 2.000000 0.314063 0.087527 2.000000 0.373437 0.122538 1.000000 0.296875 0.126915 2.000000 0.390625 0.185996 1.000000 0.281250 0.183807 1.000000 0.359375 0.172867 2.000000 0.307812 0.133479 2.000000 0.000000 0.000000 0.000000 0.000000 0.000000 0.000000 0.000000 0.000000 0.000000 0.000000 0.000000 0.000000 0.000000 0.000000 0.000000 0.000000 0.000000 0.000000
0 0.903750 0.651860 0.192500 0.523457 0.000000 0.000000 0.000000 0.000000 0.000000 0.000000 0.000000 0.000000 0.000000 0.870313 0.463895 2.000000 0.000000 0.000000 0.000000 0.923438 0.496718 2.000000 0.000000 0.000000 0.000000 0.993750 0.579869 1.000000 0.845313 0.584245 2.000000 0.953125 0.658643 2.000000 0.823438 0.665208 2.000000 0.950000 0.647702 2.000000 0.893750 0.643326 2.000000 0.965625 0.728665 2.000000 0.815625 0.706783 2.000000 0.000000 0.000000 0.000000 0.818750 0.851204 2.000000
0 0.902133 0.113643 0.111141 0.159672 0.910937 0.080963 2.000000 0.920312 0.070022 2.000000 0.903125 0.067834 2.000000 0.932813 0.080963 2.000000 0.892188 0.074398 1.000000 0.942187 0.118162 2.000000 0.879687 0.115974 2.000000 0.953125 0.188184 2.000000 0.860938 0.175055 2.000000 0.000000 0.000000 0.000000 0.906250 0.175055 2.000000 0.000000 0.000000 0.000000 0.000000 0.000000 0.000000 0.000000 0.000000 0.000000 0.000000 0.000000 0.000000 0.000000 0.000000 0.000000 0.000000 0.000000 0.000000
0 0.792336 0.442144 0.147703 0.452516 0.798438 0.280088 2.000000 0.807813 0.266958 2.000000 0.795312 0.266958 2.000000 0.826562 0.280088 2.000000 0.000000 0.000000 0.000000 0.846875 0.330416 2.000000 0.784375 0.336980 2.000000 0.790625 0.431072 2.000000 0.000000 0.000000 0.000000 0.743750 0.391685 2.000000 0.767188 0.376368 2.000000 0.806250 0.474836 2.000000 0.776563 0.474836 2.000000 0.832812 0.667396 1.000000 0.000000 0.000000 0.000000 0.882812 0.789934 1.000000 0.000000 0.000000 0.000000
