0 0.111258 0.493249 0.142547 0.569818 0.117188 0.285425 2.000000 0.120313 0.275304 2.000000 0.109375 0.275304 2.000000 0.132812 0.277328 2.000000 0.093750 0.277328 2.000000 0.146875 0.331984 2.000000 0.075000 0.329960 2.000000 0.171875 0.429150 2.000000 0.056250 0.417004 2.000000 0.170313 0.487854 2.000000 0.059375 0.497976 2.000000 0.143750 0.441296 2.000000 0.092188 0.445344 2.000000 0.143750 0.615385 2.000000 0.093750 0.613360 2.000000 0.137500 0.722672 1.000000 0.106250 0.718623 2.000000
0 0.223195 0.368209 0.099609 0.206174 0.234375 0.305668 2.000000 0.240625 0.297571 2.000000 0.228125 0.295547 2.000000 0.253125 0.303644 2.000000 0.212500 0.297571 2.000000 0.264062 0.364372 2.000000 0.189062 0.364372 2.000000 0.000000 0.000000 0.000000 0.000000 0.000000 0.000000 0.000000 0.000000 0.000000 0.000000 0.000000 0.000000 0.251563 0.489879 1.000000 0.201563 0.489879 1.000000 0.000000 0.000000 0.000000 0.000000 0.000000 0.000000 0.000000 0.000000 0.000000 0.000000 0.000000 0.000000
0 0.328750 0.360455 0.128906 0.235162 0.332813 0.293522 2.000000 0.339062 0.281377 2.000000 0.325000 0.281377 2.000000 0.350000 0.281377 2.000000 0.312500 0.281377 2.000000 0.370312 0.340081 2.000000 0.290625 0.338057 2.000000 0.378125 0.433198 2.000000 0.273438 0.429150 2.000000 0.000000 0.000000 0.000000 0.000000 0.000000 0.000000 0.359375 0.508097 1.000000 0.301563 0.508097 1.000000 0.000000 0.000000 0.000000 0.000000 0.000000 0.000000 0.000000 0.000000 0.000000 0.000000 0.000000 0.000000
0 0.440086 0.347460 0.106422 0.213502 0.432812 0.289474 2.000000 0.440625 0.281377 2.000000 0.426563 0.281377 2.000000 0.451562 0.279352 2.000000 0.417187 0.281377 2.000000 0.473438 0.344130 2.000000 0.395313 0.344130 1.000000 0.478125 0.412955 2.000000 0.392188 0.396761 2.000000 0.000000 0.000000 0.000000 0.000000 0.000000 0.000000 0.000000 0.000000 0.000000 0.000000 0.000000 0.000000 0.000000 0.000000 0.000000 0.000000 0.000000 0.000000 0.000000 0.000000 0.000000 0.000000 0.000000 0.000000
0 0.544461 0.364018 0.109422 0.224838 0.540625 0.295547 2.000000 0.546875 0.289474 2.000000 0.532813 0.289474 2.000000 0.556250 0.289474 2.000000 0.520312 0.291498 2.000000 0.578125 0.352227 2.000000 0.495312 0.352227 2.000000 0.592187 0.435223 2.000000 0.487500 0.414980 1.000000 0.553125 0.443320 2.000000 0.000000 0.000000 0.000000 0.564063 0.457490 2.000000 0.000000 0.000000 0.000000 0.000000 0.000000 0.000000 0.000000 0.000000 0.000000 0.000000 0.000000 0.000000 0.000000 0.000000 0.000000
0 0.648914 0.376366 0.125766 0.206377 0.628125 0.317814 2.000000 0.634375 0.309717 2.000000 0.623437 0.311741 2.000000 0.648438 0.311741 2.000000 0.612500 0.317814 2.000000 0.668750 0.356275 2.000000 0.593750 0.368421 2.000000 0.703125 0.392713 2.000000 0.000000 0.000000 0.000000 0.684375 0.441296 2.000000 0.000000 0.000000 0.000000 0.656250 0.465587 2.000000 0.000000 0.000000 0.000000 0.000000 0.000000 0.000000 0.000000 0.000000 0.000000 0.000000 0.000000 0.000000 0.000000 0.000000 0.000000
0 0.749633 0.375000 0.087766 0.223482 0.754687 0.311741 2.000000 0.759375 0.301619 2.000000 0.746875 0.303644 2.000000 0.771875 0.307692 2.000000 0.735938 0.311741 2.000000 0.793750 0.366397 1.000000 0.720313 0.366397 2.000000 0.000000 0.000000 0.000000 0.709375 0.421053 1.000000 0.000000 0.000000 0.000000 0.000000 0.000000 0.000000 0.000000 0.000000 0.000000 0.000000 0.000000 0.000000 0.000000 0.000000 0.000000 0.000000 0.000000 0.000000 0.000000 0.000000 0.000000 0.000000 0.000000 0.000000
0 0.850445 0.527601 0.152266 0.555972 0.850000 0.295547 2.000000 0.856250 0.285425 2.000000 0.842187 0.285425 2.000000 0.868750 0.289474 2.000000 0.825000 0.293522 1.000000 0.884375 0.354251 2.000000 0.806250 0.348178 2.000000 0.901563 0.449393 2.000000 0.789062 0.437247 2.000000 0.907813 0.528340 2.000000 0.790625 0.506073 2.000000 0.859375 0.491903 2.000000 0.815625 0.489879 2.000000 0.856250 0.647773 2.000000 0.804688 0.649798 2.000000 0.842187 0.753036 2.000000 0.798438 0.751012 2.000000
0 0.723180 0.609028 0.133453 0.420567 0.729688 0.447368 2.000000 0.735938 0.437247 2.000000 0.720313 0.437247 2.000000 0.748437 0.441296 2.000000 0.710938 0.439271 2.000000 0.764062 0.487854 2.000000 0.692187 0.489879 2.000000 0.775000 0.570850 2.000000 0.679688 0.568826 2.000000 0.771875 0.607287 2.000000 0.687500 0.613360 2.000000 0.754687 0.591093 2.000000 0.698438 0.591093 2.000000 0.762500 0.633603 2.000000 0.678125 0.635628 2.000000 0.764062 0.767206 2.000000 0.684375 0.763158 2.000000
0 0.620828 0.602794 0.116531 0.420810 0.617188 0.443320 2.000000 0.623437 0.435223 2.000000 0.607812 0.439271 2.000000 0.634375 0.429150 2.000000 0.598437 0.437247 2.000000 0.657813 0.489879 2.000000 0.582812 0.491903 2.000000 0.662500 0.572874 2.000000 0.585938 0.564777 2.000000 0.639062 0.609312 2.000000 0.606250 0.607287 2.000000 0.639062 0.599190 2.000000 0.603125 0.601215 2.000000 0.650000 0.637652 2.000000 0.573438 0.631579 2.000000 0.632812 0.771255 2.000000 0.592187 0.765182 2.000000
0 0.207445 0.598148 0.168516 0.414717 0.229687 0.445344 2.000000 0.235937 0.435223 2.000000 0.221875 0.437247 2.000000 0.250000 0.431174 2.000000 0.207813 0.435223 2.000000 0.268750 0.481781 2.000000 0.198437 0.483806 2.000000 0.281250 0.566802 2.000000 0.181250 0.556680 2.000000 0.250000 0.595142 2.000000 0.181250 0.587045 2.000000 0.265625 0.595142 2.000000 0.209375 0.589069 1.000000 0.267188 0.623482 2.000000 0.151562 0.625506 2.000000 0.264062 0.763158 1.000000 0.150000 0.763158 2.000000
0 0.331805 0.556134 0.124953 0.322308 0.329688 0.449393 2.000000 0.332813 0.437247 2.000000 0.318750 0.439271 2.000000 0.348438 0.433198 2.000000 0.310937 0.441296 2.000000 0.367188 0.479757 2.000000 0.304688 0.483806 2.000000 0.379688 0.562753 2.000000 0.298438 0.560729 2.000000 0.370312 0.595142 2.000000 0.298438 0.593117 2.000000 0.356250 0.564777 2.000000 0.323437 0.566802 2.000000 0.376563 0.643725 2.000000 0.281250 0.643725 2.000000 0.000000 0.000000 0.000000 0.000000 0.000000 0.000000
0 0.432211 0.592470 0.102391 0.442186 0.432812 0.425101 2.000000 0.440625 0.414980 2.000000 0.428125 0.412955 2.000000 0.450000 0.419028 2.000000 0.414062 0.412955 1.000000 0.459375 0.467611 2.000000 0.395313 0.467611 2.000000 0.467187 0.546559 2.000000 0.393750 0.542510 2.000000 0.439063 0.589069 2.000000 0.410938 0.585020 2.000000 0.448437 0.578947 2.000000 0.395313 0.576923 2.000000 0.442188 0.617409 2.000000 0.400000 0.621457 2.000000 0.440625 0.759109 2.000000 0.398438 0.761134 2.000000
