0 0.423969 0.564789 0.530354 0.860672 0.479167 0.268750 2.000000 0.000000 0.000000 0.000000 0.450000 0.245312 2.000000 0.000000 0.000000 0.000000 0.325000 0.264062 2.000000 0.400000 0.426563 2.000000 0.283333 0.431250 2.000000 0.000000 0.000000 0.000000 0.318750 0.675000 2.000000 0.506250 0.600000 2.000000 0.533333 0.545312 2.000000 0.470833 0.842187 2.000000 0.343750 0.843750 2.000000 0.000000 0.000000 0.000000 0.000000 0.000000 0.000000 0.000000 0.000000 0.000000 0.000000 0.000000 0.000000
0 0.917646 0.219430 0.158958 0.109047 0.960417 0.228125 2.000000 0.975000 0.218750 2.000000 0.950000 0.215625 2.000000 0.000000 0.000000 0.000000 0.912500 0.217188 2.000000 0.000000 0.000000 0.000000 0.864583 0.279687 1.000000 0.000000 0.000000 0.000000 0.000000 0.000000 0.000000 0.000000 0.000000 0.000000 0.000000 0.000000 0.000000 0.000000 0.000000 0.000000 0.000000 0.000000 0.000000 0.000000 0.000000 0.000000 0.000000 0.000000 0.000000 0.000000 0.000000 0.000000 0.000000 0.000000 0.000000
0 0.614229 0.222469 0.257667 0.094375 0.600000 0.221875 2.000000 0.606250 0.212500 2.000000 0.575000 0.214062 2.000000 0.000000 0.000000 0.000000 0.537500 0.234375 2.000000 0.622917 0.270313 1.000000 0.527083 0.267188 1.000000 0.720833 0.259375 2.000000 0.000000 0.000000 0.000000 0.627083 0.203125 2.000000 0.000000 0.000000 0.000000 0.000000 0.000000 0.000000 0.000000 0.000000 0.000000 0.000000 0.000000 0.000000 0.000000 0.000000 0.000000 0.000000 0.000000 0.000000 0.000000 0.000000 0.000000
0 0.749167 0.157320 0.146500 0.164797 0.787500 0.131250 2.000000 0.000000 0.000000 0.000000 0.770833 0.123438 2.000000 0.000000 0.000000 0.000000 0.731250 0.137500 2.000000 0.781250 0.193750 2.000000 0.668750 0.192188 1.000000 0.000000 0.000000 0.000000 0.000000 0.000000 0.000000 0.000000 0.000000 0.000000 0.000000 0.000000 0.000000 0.000000 0.000000 0.000000 0.000000 0.000000 0.000000 0.000000 0.000000 0.000000 0.000000 0.000000 0.000000 0.000000 0.000000 0.000000 0.000000 0.000000 0.000000
0 0.283115 0.111273 0.205563 0.177453 0.343750 0.073438 2.000000 0.343750 0.060937 2.000000 0.318750 0.059375 2.000000 0.000000 0.000000 0.000000 0.275000 0.078125 2.000000 0.358333 0.128125 2.000000 0.225000 0.115625 2.000000 0.000000 0.000000 0.000000 0.197917 0.107813 2.000000 0.000000 0.000000 0.000000 0.314583 0.134375 2.000000 0.000000 0.000000 0.000000 0.000000 0.000000 0.000000 0.000000 0.000000 0.000000 0.000000 0.000000 0.000000 0.000000 0.000000 0.000000 0.000000 0.000000 0.000000
0 0.106375 0.156180 0.200750 0.195516 0.156250 0.121875 2.000000 0.166667 0.114062 2.000000 0.137500 0.112500 2.000000 0.000000 0.000000 0.000000 0.085417 0.123438 1.000000 0.187500 0.193750 2.000000 0.043750 0.189062 2.000000 0.000000 0.000000 0.000000 0.000000 0.000000 0.000000 0.000000 0.000000 0.000000 0.000000 0.000000 0.000000 0.000000 0.000000 0.000000 0.000000 0.000000 0.000000 0.000000 0.000000 0.000000 0.000000 0.000000 0.000000 0.000000 0.000000 0.000000 0.000000 0.000000 0.000000
0 0.881729 0.047234 0.136375 0.094469 0.000000 0.000000 0.000000 0.000000 0.000000 0.000000 0.000000 0.000000 0.000000 0.000000 0.000000 0.000000 0.000000 0.000000 0.000000 0.000000 0.000000 0.000000 0.000000 0.000000 0.000000 0.000000 0.000000 0.000000 0.000000 0.000000 0.000000 0.000000 0.000000 0.000000 0.000000 0.000000 0.000000 0.843750 0.000000 1.000000 0.000000 0.000000 0.000000 0.877083 0.098437 1.000000 0.862500 0.092188 1.000000 0.000000 0.000000 0.000000 0.000000 0.000000 0.000000
0 0.591771 0.198141 0.216000 0.141063 0.606250 0.139063 2.000000 0.000000 0.000000 0.000000 0.000000 0.000000 0.000000 0.000000 0.000000 0.000000 0.547917 0.150000 2.000000 0.604167 0.198437 1.000000 0.506250 0.203125 1.000000 0.645833 0.253125 1.000000 0.527083 0.271875 1.000000 0.662500 0.185938 2.000000 0.000000 0.000000 0.000000 0.000000 0.000000 0.000000 0.000000 0.000000 0.000000 0.000000 0.000000 0.000000 0.000000 0.000000 0.000000 0.000000 0.000000 0.000000 0.000000 0.000000 0.000000
0 0.475875 0.097836 0.152458 0.124016 0.527083 0.085938 2.000000 0.533333 0.076563 2.000000 0.510417 0.076563 2.000000 0.000000 0.000000 0.000000 0.464583 0.089063 2.000000 0.543750 0.120313 1.000000 0.425000 0.120313 2.000000 0.000000 0.000000 0.000000 0.000000 0.000000 0.000000 0.000000 0.000000 0.000000 0.000000 0.000000 0.000000 0.000000 0.000000 0.000000 0.000000 0.000000 0.000000 0.000000 0.000000 0.000000 0.000000 0.000000 0.000000 0.000000 0.000000 0.000000 0.000000 0.000000 0.000000
0 0.720469 0.231758 0.121354 0.079422 0.733333 0.242188 2.000000 0.739583 0.234375 2.000000 0.718750 0.232813 2.000000 0.000000 0.000000 0.000000 0.668750 0.234375 1.000000 0.743750 0.296875 1.000000 0.629167 0.293750 1.000000 0.000000 0.000000 0.000000 0.000000 0.000000 0.000000 0.000000 0.000000 0.000000 0.000000 0.000000 0.000000 0.000000 0.000000 0.000000 0.000000 0.000000 0.000000 0.000000 0.000000 0.000000 0.000000 0.000000 0.000000 0.000000 0.000000 0.000000 0.000000 0.000000 0.000000
