0 0.499501 0.578648 0.419122 0.833703 0.564870 0.229687 2.000000 0.584830 0.217188 2.000000 0.546906 0.217188 2.000000 0.610778 0.220312 2.000000 0.528942 0.226562 2.000000 0.668663 0.312500 2.000000 0.500998 0.303125 2.000000 0.690619 0.440625 2.000000 0.479042 0.412500 2.000000 0.638723 0.368750 2.000000 0.437126 0.437500 2.000000 0.608782 0.521875 2.000000 0.544910 0.517188 2.000000 0.638723 0.707812 2.000000 0.465070 0.707812 2.000000 0.658683 0.920312 2.000000 0.405190 0.912500 2.000000
0 0.356737 0.479812 0.088443 0.276906 0.383234 0.378125 2.000000 0.385230 0.368750 2.000000 0.371257 0.373437 2.000000 0.000000 0.000000 0.000000 0.353293 0.376563 2.000000 0.385230 0.412500 2.000000 0.337325 0.409375 2.000000 0.000000 0.000000 0.000000 0.325349 0.454688 2.000000 0.000000 0.000000 0.000000 0.377246 0.453125 2.000000 0.377246 0.496875 2.000000 0.345309 0.498437 2.000000 0.375250 0.557813 1.000000 0.345309 0.557813 2.000000 0.000000 0.000000 0.000000 0.000000 0.000000 0.000000
0 0.090629 0.630625 0.181257 0.653156 0.000000 0.000000 0.000000 0.041916 0.350000 1.000000 0.000000 0.000000 0.000000 0.059880 0.360938 2.000000 0.000000 0.000000 0.000000 0.115768 0.429688 2.000000 0.045908 0.423438 1.000000 0.081836 0.551562 2.000000 0.000000 0.000000 0.000000 0.000000 0.000000 0.000000 0.000000 0.000000 0.000000 0.095808 0.584375 2.000000 0.015968 0.579688 2.000000 0.111776 0.771875 2.000000 0.000000 0.000000 0.000000 0.155689 0.898438 2.000000 0.000000 0.000000 0.000000
0 0.215299 0.503367 0.155030 0.391016 0.215569 0.339062 2.000000 0.000000 0.000000 0.000000 0.209581 0.335938 2.000000 0.000000 0.000000 0.000000 0.189621 0.339062 2.000000 0.141717 0.379688 2.000000 0.189621 0.384375 2.000000 0.000000 0.000000 0.000000 0.217565 0.450000 2.000000 0.000000 0.000000 0.000000 0.263473 0.479687 2.000000 0.163673 0.495312 2.000000 0.205589 0.495312 2.000000 0.157685 0.589063 2.000000 0.183633 0.593750 2.000000 0.163673 0.681250 1.000000 0.187625 0.679688 1.000000
0 0.948703 0.691602 0.102595 0.540547 0.000000 0.000000 0.000000 0.000000 0.000000 0.000000 0.000000 0.000000 0.000000 0.000000 0.000000 0.000000 0.000000 0.000000 0.000000 0.000000 0.000000 0.000000 0.000000 0.000000 0.000000 0.000000 0.000000 0.000000 0.958084 0.523438 2.000000 0.000000 0.000000 0.000000 0.946108 0.600000 2.000000 0.000000 0.000000 0.000000 0.000000 0.000000 0.000000 0.000000 0.000000 0.000000 0.000000 0.000000 0.000000 0.000000 0.000000 0.000000 0.000000 0.000000 0.000000
0 0.757405 0.414891 0.088782 0.300438 0.796407 0.295312 2.000000 0.000000 0.000000 0.000000 0.792415 0.290625 2.000000 0.000000 0.000000 0.000000 0.778443 0.290625 2.000000 0.738523 0.314063 2.000000 0.780439 0.315625 2.000000 0.720559 0.368750 2.000000 0.770459 0.367188 1.000000 0.740519 0.387500 2.000000 0.000000 0.000000 0.000000 0.734531 0.395313 2.000000 0.758483 0.396875 1.000000 0.000000 0.000000 0.000000 0.756487 0.475000 2.000000 0.000000 0.000000 0.000000 0.750499 0.545312 2.000000
0 0.720988 0.449125 0.054511 0.190750 0.000000 0.000000 0.000000 0.000000 0.000000 0.000000 0.000000 0.000000 0.000000 0.000000 0.000000 0.000000 0.000000 0.000000 0.000000 0.000000 0.000000 0.000000 0.000000 0.000000 0.000000 0.000000 0.000000 0.000000 0.000000 0.000000 0.000000 0.000000 0.000000 0.000000 0.000000 0.000000 0.000000 0.726547 0.403125 2.000000 0.000000 0.000000 0.000000 0.740519 0.470313 2.000000 0.000000 0.000000 0.000000 0.710579 0.509375 2.000000 0.762475 0.531250 1.000000
0 0.831557 0.646375 0.316647 0.707250 0.874251 0.362500 2.000000 0.886228 0.348438 2.000000 0.846307 0.348438 2.000000 0.916168 0.356250 1.000000 0.820359 0.362500 2.000000 0.958084 0.440625 2.000000 0.818363 0.445312 2.000000 0.966068 0.554688 1.000000 0.802395 0.554688 2.000000 0.924152 0.645312 1.000000 0.762475 0.646875 2.000000 0.940120 0.659375 1.000000 0.812375 0.657813 2.000000 0.966068 0.789062 1.000000 0.804391 0.812500 2.000000 0.000000 0.000000 0.000000 0.778443 0.959375 2.000000
0 0.021208 0.411883 0.042415 0.150359 0.000000 0.000000 0.000000 0.000000 0.000000 0.000000 0.000000 0.000000 0.000000 0.000000 0.000000 0.000000 0.000000 0.000000 0.000000 0.000000 0.000000 0.000000 0.000000 0.000000 0.000000 0.000000 0.000000 0.000000 0.000000 0.000000 0.000000 0.000000 0.000000 0.000000 0.000000 0.000000 0.000000 0.003992 0.448437 2.000000 0.000000 0.000000 0.000000 0.000000 0.000000 0.000000 0.000000 0.000000 0.000000 0.000000 0.000000 0.000000 0.000000 0.000000 0.000000
0 0.786417 0.378961 0.113074 0.171922 0.000000 0.000000 0.000000 0.000000 0.000000 0.000000 0.000000 0.000000 0.000000 0.000000 0.000000 0.000000 0.000000 0.000000 0.000000 0.000000 0.000000 0.000000 0.808383 0.354687 2.000000 0.000000 0.000000 0.000000 0.816367 0.407813 2.000000 0.000000 0.000000 0.000000 0.868263 0.381250 1.000000 0.000000 0.000000 0.000000 0.000000 0.000000 0.000000 0.000000 0.000000 0.000000 0.000000 0.000000 0.000000 0.000000 0.000000 0.000000 0.000000 0.000000 0.000000
