0 0.514258 0.505621 0.476766 0.817986 0.485938 0.210773 2.000000 0.485938 0.175644 2.000000 0.468750 0.189696 2.000000 0.000000 0.000000 0.000000 0.000000 0.000000 0.000000 0.501563 0.199063 2.000000 0.451562 0.306792 2.000000 0.557813 0.259953 2.000000 0.515625 0.463700 2.000000 0.596875 0.358314 2.000000 0.573438 0.459016 2.000000 0.542188 0.484778 2.000000 0.464062 0.501171 2.000000 0.648438 0.688525 2.000000 0.473438 0.733021 2.000000 0.693750 0.833724 2.000000 0.335938 0.763466 2.000000
0 0.609461 0.300000 0.112453 0.573021 0.609375 0.077283 2.000000 0.614062 0.070258 2.000000 0.603125 0.070258 2.000000 0.000000 0.000000 0.000000 0.000000 0.000000 0.000000 0.639062 0.121780 2.000000 0.573438 0.119438 2.000000 0.650000 0.213115 2.000000 0.564063 0.208431 2.000000 0.650000 0.295082 2.000000 0.575000 0.271663 2.000000 0.631250 0.269321 2.000000 0.595313 0.269321 2.000000 0.621875 0.421546 1.000000 0.603125 0.405152 1.000000 0.609375 0.529274 2.000000 0.589063 0.524590 1.000000
0 0.702891 0.296674 0.124094 0.381218 0.692187 0.154567 2.000000 0.700000 0.149883 2.000000 0.687500 0.147541 2.000000 0.000000 0.000000 0.000000 0.675000 0.145199 2.000000 0.701562 0.185012 2.000000 0.659375 0.192037 1.000000 0.714063 0.250585 2.000000 0.667188 0.274005 2.000000 0.706250 0.304450 2.000000 0.717187 0.302108 2.000000 0.692187 0.318501 2.000000 0.659375 0.320843 2.000000 0.750000 0.370023 2.000000 0.689063 0.327869 2.000000 0.707812 0.442623 2.000000 0.689063 0.454333 2.000000
0 0.738211 0.179262 0.070484 0.232810 0.754687 0.110070 2.000000 0.760938 0.103044 2.000000 0.750000 0.098361 2.000000 0.000000 0.000000 0.000000 0.737500 0.098361 2.000000 0.756250 0.138173 2.000000 0.717187 0.133489 2.000000 0.759375 0.210773 2.000000 0.715625 0.217799 1.000000 0.768750 0.245902 1.000000 0.756250 0.255269 2.000000 0.748437 0.231850 2.000000 0.718750 0.231850 1.000000 0.000000 0.000000 0.000000 0.762500 0.295082 1.000000 0.000000 0.000000 0.000000 0.000000 0.000000 0.000000
0 0.805492 0.323044 0.135828 0.326651 0.825000 0.196721 2.000000 0.829688 0.189696 2.000000 0.818750 0.189696 2.000000 0.835938 0.194379 2.000000 0.809375 0.196721 2.000000 0.840625 0.231850 2.000000 0.789062 0.231850 2.000000 0.837500 0.297424 2.000000 0.785937 0.306792 2.000000 0.839063 0.323185 2.000000 0.823438 0.332553 2.000000 0.795312 0.306792 2.000000 0.756250 0.304450 2.000000 0.845313 0.337237 2.000000 0.785937 0.337237 2.000000 0.850000 0.440281 2.000000 0.773438 0.449649 2.000000
0 0.941313 0.392424 0.117375 0.284333 0.954688 0.292740 2.000000 0.956250 0.283372 2.000000 0.946875 0.285714 2.000000 0.000000 0.000000 0.000000 0.931250 0.290398 2.000000 0.965625 0.327869 2.000000 0.909375 0.325527 2.000000 0.996875 0.384075 2.000000 0.895312 0.386417 2.000000 0.985938 0.386417 2.000000 0.946875 0.384075 2.000000 0.953125 0.426230 2.000000 0.914062 0.428571 2.000000 0.000000 0.000000 0.000000 0.912500 0.398126 2.000000 0.953125 0.501171 2.000000 0.918750 0.508197 2.000000
0 0.931516 0.244368 0.131688 0.195855 0.950000 0.201405 2.000000 0.000000 0.000000 0.000000 0.000000 0.000000 0.000000 0.000000 0.000000 0.000000 0.932813 0.175644 2.000000 0.956250 0.227166 2.000000 0.901563 0.203747 2.000000 0.967187 0.283372 2.000000 0.873437 0.259953 2.000000 0.987500 0.306792 2.000000 0.901563 0.295082 2.000000 0.000000 0.000000 0.000000 0.000000 0.000000 0.000000 0.000000 0.000000 0.000000 0.000000 0.000000 0.000000 0.000000 0.000000 0.000000 0.000000 0.000000 0.000000
0 0.428539 0.336136 0.167391 0.667073 0.453125 0.060890 2.000000 0.457813 0.049180 2.000000 0.442188 0.049180 2.000000 0.000000 0.000000 0.000000 0.426563 0.056206 2.000000 0.492188 0.138173 2.000000 0.406250 0.140515 2.000000 0.000000 0.000000 0.000000 0.376563 0.243560 2.000000 0.000000 0.000000 0.000000 0.365625 0.217799 2.000000 0.000000 0.000000 0.000000 0.423438 0.339578 1.000000 0.000000 0.000000 0.000000 0.420312 0.505855 1.000000 0.000000 0.000000 0.000000 0.421875 0.632319 2.000000
0 0.693852 0.065796 0.078734 0.131593 0.000000 0.000000 0.000000 0.000000 0.000000 0.000000 0.000000 0.000000 0.000000 0.000000 0.000000 0.000000 0.000000 0.000000 0.000000 0.723437 0.007026 2.000000 0.684375 0.007026 2.000000 0.000000 0.000000 0.000000 0.000000 0.000000 0.000000 0.000000 0.000000 0.000000 0.000000 0.000000 0.000000 0.729688 0.081967 1.000000 0.692187 0.091335 2.000000 0.000000 0.000000 0.000000 0.000000 0.000000 0.000000 0.000000 0.000000 0.000000 0.000000 0.000000 0.000000
0 0.055563 0.697541 0.111125 0.063466 0.000000 0.000000 0.000000 0.000000 0.000000 0.000000 0.000000 0.000000 0.000000 0.000000 0.000000 0.000000 0.000000 0.000000 0.000000 0.000000 0.000000 0.000000 0.000000 0.000000 0.000000 0.000000 0.000000 0.000000 0.004687 0.679157 2.000000 0.000000 0.000000 0.000000 0.085938 0.697892 2.000000 0.000000 0.000000 0.000000 0.000000 0.000000 0.000000 0.000000 0.000000 0.000000 0.000000 0.000000 0.000000 0.000000 0.000000 0.000000 0.000000 0.000000 0.000000
0 0.780266 0.103197 0.124906 0.206393 0.000000 0.000000 0.000000 0.000000 0.000000 0.000000 0.000000 0.000000 0.000000 0.000000 0.000000 0.000000 0.000000 0.000000 0.000000 0.781250 0.007026 1.000000 0.739062 0.009368 2.000000 0.806250 0.051522 2.000000 0.000000 0.000000 0.000000 0.765625 0.049180 2.000000 0.000000 0.000000 0.000000 0.776563 0.081967 2.000000 0.754687 0.081967 1.000000 0.828125 0.128806 2.000000 0.793750 0.128806 2.000000 0.000000 0.000000 0.000000 0.000000 0.000000 0.000000
0 0.846031 0.105609 0.134937 0.210281 0.000000 0.000000 0.000000 0.000000 0.000000 0.000000 0.000000 0.000000 0.000000 0.000000 0.000000 0.000000 0.000000 0.000000 0.000000 0.826562 0.023419 1.000000 0.793750 0.023419 1.000000 0.835938 0.079625 1.000000 0.793750 0.086651 2.000000 0.851562 0.100703 2.000000 0.831250 0.096019 2.000000 0.845313 0.107728 2.000000 0.817187 0.107728 2.000000 0.895312 0.135831 2.000000 0.856250 0.135831 2.000000 0.887500 0.213115 1.000000 0.876563 0.210773 1.000000
0 0.952227 0.179333 0.095547 0.244005 0.000000 0.000000 0.000000 0.000000 0.000000 0.000000 0.000000 0.000000 0.000000 0.981250 0.086651 2.000000 0.953125 0.084309 1.000000 0.987500 0.128806 2.000000 0.932813 0.128806 2.000000 0.000000 0.000000 0.000000 0.912500 0.180328 2.000000 0.000000 0.000000 0.000000 0.934375 0.222482 1.000000 0.978125 0.234192 2.000000 0.931250 0.231850 1.000000 0.000000 0.000000 0.000000 0.000000 0.000000 0.000000 0.000000 0.000000 0.000000 0.000000 0.000000 0.000000
