0 0.402695 0.560137 0.190484 0.636792 0.404687 0.327645 2.000000 0.410938 0.317406 2.000000 0.403125 0.313993 2.000000 0.426563 0.324232 2.000000 0.000000 0.000000 0.000000 0.432812 0.375427 2.000000 0.392188 0.375427 2.000000 0.445312 0.406143 2.000000 0.440625 0.450512 2.000000 0.462500 0.399317 2.000000 0.473438 0.426621 2.000000 0.392188 0.552901 2.000000 0.360938 0.529010 2.000000 0.420312 0.686007 2.000000 0.354687 0.672355 2.000000 0.440625 0.822526 2.000000 0.321875 0.836177 2.000000
0 0.686203 0.661741 0.219438 0.449215 0.668750 0.508532 2.000000 0.676562 0.498294 2.000000 0.671875 0.494881 2.000000 0.698438 0.511945 2.000000 0.000000 0.000000 0.000000 0.718750 0.566553 2.000000 0.704688 0.566553 2.000000 0.671875 0.638225 2.000000 0.000000 0.000000 0.000000 0.620313 0.631399 2.000000 0.648438 0.730375 2.000000 0.768750 0.679181 2.000000 0.762500 0.679181 2.000000 0.709375 0.696246 2.000000 0.679688 0.672355 2.000000 0.751563 0.829352 2.000000 0.714063 0.822526 2.000000
0 0.512461 0.375375 0.108422 0.302355 0.493750 0.279863 2.000000 0.498437 0.269625 2.000000 0.489063 0.269625 2.000000 0.510938 0.276451 2.000000 0.482812 0.276451 2.000000 0.528125 0.334471 2.000000 0.478125 0.341297 2.000000 0.559375 0.416382 2.000000 0.460938 0.430034 1.000000 0.537500 0.474403 2.000000 0.000000 0.000000 0.000000 0.520312 0.491468 2.000000 0.476562 0.488055 2.000000 0.500000 0.546075 1.000000 0.446875 0.529010 1.000000 0.000000 0.000000 0.000000 0.000000 0.000000 0.000000
0 0.317281 0.236126 0.095719 0.293413 0.309375 0.133106 2.000000 0.314063 0.122867 2.000000 0.303125 0.122867 2.000000 0.323437 0.133106 2.000000 0.296875 0.133106 2.000000 0.343750 0.208191 1.000000 0.287500 0.211604 2.000000 0.354687 0.283276 2.000000 0.276562 0.290102 2.000000 0.353125 0.368601 2.000000 0.270313 0.361775 1.000000 0.339062 0.361775 1.000000 0.295312 0.361775 1.000000 0.000000 0.000000 0.000000 0.000000 0.000000 0.000000 0.000000 0.000000 0.000000 0.000000 0.000000 0.000000
0 0.864187 0.619096 0.238687 0.492116 0.760938 0.443686 2.000000 0.765625 0.436860 2.000000 0.756250 0.436860 2.000000 0.000000 0.000000 0.000000 0.000000 0.000000 0.000000 0.814063 0.491468 2.000000 0.767188 0.508532 2.000000 0.856250 0.539249 2.000000 0.000000 0.000000 0.000000 0.853125 0.631399 2.000000 0.000000 0.000000 0.000000 0.837500 0.614334 2.000000 0.793750 0.614334 2.000000 0.882812 0.723549 2.000000 0.751563 0.672355 1.000000 0.962500 0.798635 2.000000 0.789062 0.819113 2.000000
0 0.304305 0.352782 0.118953 0.273413 0.295312 0.276451 2.000000 0.300000 0.266212 2.000000 0.290625 0.266212 2.000000 0.309375 0.266212 2.000000 0.282813 0.266212 1.000000 0.325000 0.337884 2.000000 0.270313 0.341297 2.000000 0.353125 0.412969 2.000000 0.254688 0.412969 2.000000 0.331250 0.467577 2.000000 0.265625 0.464164 2.000000 0.317188 0.522184 1.000000 0.282813 0.522184 1.000000 0.000000 0.000000 0.000000 0.000000 0.000000 0.000000 0.000000 0.000000 0.000000 0.000000 0.000000 0.000000
0 0.090484 0.347287 0.099187 0.247611 0.079687 0.279863 2.000000 0.085938 0.269625 2.000000 0.075000 0.269625 2.000000 0.095312 0.276451 2.000000 0.068750 0.283276 1.000000 0.110937 0.337884 2.000000 0.054688 0.337884 2.000000 0.134375 0.430034 1.000000 0.051562 0.436860 2.000000 0.117188 0.450512 2.000000 0.000000 0.000000 0.000000 0.000000 0.000000 0.000000 0.000000 0.000000 0.000000 0.000000 0.000000 0.000000 0.000000 0.000000 0.000000 0.000000 0.000000 0.000000 0.000000 0.000000 0.000000
0 0.945195 0.415444 0.078734 0.294505 0.000000 0.000000 0.000000 0.000000 0.000000 0.000000 0.000000 0.000000 0.000000 0.000000 0.000000 0.000000 0.000000 0.000000 0.000000 0.000000 0.000000 0.000000 0.932813 0.293515 2.000000 0.000000 0.000000 0.000000 0.914062 0.348123 2.000000 0.000000 0.000000 0.000000 0.917188 0.430034 2.000000 0.971875 0.464164 1.000000 0.935937 0.460751 2.000000 0.000000 0.000000 0.000000 0.000000 0.000000 0.000000 0.000000 0.000000 0.000000 0.000000 0.000000 0.000000
0 0.967906 0.314283 0.064187 0.628567 0.971875 0.006826 2.000000 0.000000 0.000000 0.000000 0.000000 0.000000 0.000000 0.000000 0.000000 0.000000 0.000000 0.000000 0.000000 0.000000 0.000000 0.000000 0.948438 0.071672 2.000000 0.000000 0.000000 0.000000 0.942187 0.170648 2.000000 0.000000 0.000000 0.000000 0.942187 0.262799 2.000000 0.987500 0.300341 2.000000 0.956250 0.296928 2.000000 0.993750 0.433447 2.000000 0.960938 0.436860 2.000000 0.996875 0.576792 2.000000 0.964063 0.566553 2.000000
0 0.442273 0.228925 0.090391 0.329113 0.425000 0.129693 2.000000 0.429688 0.112628 2.000000 0.420312 0.112628 2.000000 0.440625 0.126280 2.000000 0.412500 0.122867 2.000000 0.460938 0.191126 1.000000 0.403125 0.191126 1.000000 0.476562 0.283276 2.000000 0.000000 0.000000 0.000000 0.470313 0.382253 1.000000 0.000000 0.000000 0.000000 0.446875 0.382253 1.000000 0.407813 0.375427 1.000000 0.000000 0.000000 0.000000 0.000000 0.000000 0.000000 0.000000 0.000000 0.000000 0.000000 0.000000 0.000000
