0 0.544242 0.207399 0.117984 0.289240 0.000000 0.000000 0.000000 0.000000 0.000000 0.000000 0.000000 0.000000 0.000000 0.000000 0.000000 0.000000 0.568750 0.099762 2.000000 0.514062 0.147268 2.000000 0.568750 0.149644 2.000000 0.000000 0.000000 0.000000 0.585938 0.230404 2.000000 0.000000 0.000000 0.000000 0.596875 0.311164 1.000000 0.504687 0.330166 2.000000 0.548438 0.330166 1.000000 0.000000 0.000000 0.000000 0.000000 0.000000 0.000000 0.000000 0.000000 0.000000 0.000000 0.000000 0.000000
0 0.317078 0.210487 0.081969 0.251378 0.000000 0.000000 0.000000 0.000000 0.000000 0.000000 0.000000 0.000000 0.000000 0.293750 0.121140 2.000000 0.000000 0.000000 0.000000 0.306250 0.159145 2.000000 0.326562 0.161520 2.000000 0.301563 0.247031 2.000000 0.000000 0.000000 0.000000 0.293750 0.318290 1.000000 0.000000 0.000000 0.000000 0.306250 0.327791 1.000000 0.326562 0.325416 1.000000 0.304688 0.425178 1.000000 0.326562 0.415677 1.000000 0.000000 0.000000 0.000000 0.000000 0.000000 0.000000
0 0.048781 0.295511 0.094594 0.505606 0.000000 0.000000 0.000000 0.000000 0.000000 0.000000 0.000000 0.000000 0.000000 0.000000 0.000000 0.000000 0.045312 0.097387 2.000000 0.018750 0.137767 2.000000 0.065625 0.140143 2.000000 0.003125 0.216152 1.000000 0.098437 0.211401 1.000000 0.000000 0.000000 0.000000 0.000000 0.000000 0.000000 0.035937 0.282660 2.000000 0.071875 0.285036 2.000000 0.035937 0.399050 2.000000 0.064062 0.391924 2.000000 0.059375 0.517815 2.000000 0.076563 0.479810 2.000000
0 0.851234 0.261354 0.121812 0.165321 0.895312 0.228029 2.000000 0.000000 0.000000 0.000000 0.895312 0.216152 2.000000 0.000000 0.000000 0.000000 0.885938 0.197150 2.000000 0.865625 0.194774 2.000000 0.853125 0.209026 2.000000 0.000000 0.000000 0.000000 0.809375 0.232779 2.000000 0.000000 0.000000 0.000000 0.803125 0.294537 2.000000 0.825000 0.294537 2.000000 0.812500 0.306413 2.000000 0.000000 0.000000 0.000000 0.000000 0.000000 0.000000 0.000000 0.000000 0.000000 0.000000 0.000000 0.000000
0 0.921859 0.238800 0.075469 0.237838 0.935937 0.152019 2.000000 0.939063 0.144893 2.000000 0.929688 0.144893 2.000000 0.000000 0.000000 0.000000 0.920312 0.144893 2.000000 0.932813 0.163895 2.000000 0.904687 0.182898 2.000000 0.000000 0.000000 0.000000 0.000000 0.000000 0.000000 0.000000 0.000000 0.000000 0.000000 0.000000 0.000000 0.000000 0.000000 0.000000 0.000000 0.000000 0.000000 0.000000 0.000000 0.000000 0.000000 0.000000 0.000000 0.000000 0.000000 0.000000 0.000000 0.000000 0.000000
0 0.382375 0.261544 0.058000 0.116390 0.000000 0.000000 0.000000 0.000000 0.000000 0.000000 0.000000 0.000000 0.000000 0.000000 0.000000 0.000000 0.000000 0.000000 0.000000 0.367188 0.232779 2.000000 0.389062 0.232779 2.000000 0.000000 0.000000 0.000000 0.400000 0.268409 2.000000 0.000000 0.000000 0.000000 0.407813 0.304038 2.000000 0.360938 0.301663 1.000000 0.376563 0.308789 1.000000 0.000000 0.000000 0.000000 0.000000 0.000000 0.000000 0.000000 0.000000 0.000000 0.000000 0.000000 0.000000
0 0.422422 0.233397 0.045250 0.238955 0.429688 0.142518 2.000000 0.434375 0.135392 2.000000 0.428125 0.137767 2.000000 0.000000 0.000000 0.000000 0.000000 0.000000 0.000000 0.450000 0.185273 1.000000 0.428125 0.185273 1.000000 0.000000 0.000000 0.000000 0.000000 0.000000 0.000000 0.000000 0.000000 0.000000 0.000000 0.000000 0.000000 0.000000 0.000000 0.000000 0.000000 0.000000 0.000000 0.000000 0.000000 0.000000 0.000000 0.000000 0.000000 0.000000 0.000000 0.000000 0.000000 0.000000 0.000000
0 0.465312 0.219038 0.066281 0.265392 0.000000 0.000000 0.000000 0.000000 0.000000 0.000000 0.000000 0.000000 0.000000 0.445312 0.135392 2.000000 0.000000 0.000000 0.000000 0.468750 0.178147 2.000000 0.456250 0.178147 2.000000 0.465625 0.244656 2.000000 0.000000 0.000000 0.000000 0.437500 0.247031 2.000000 0.000000 0.000000 0.000000 0.467187 0.299287 2.000000 0.456250 0.292162 2.000000 0.000000 0.000000 0.000000 0.000000 0.000000 0.000000 0.000000 0.000000 0.000000 0.000000 0.000000 0.000000
0 0.126688 0.268622 0.078094 0.340095 0.000000 0.000000 0.000000 0.000000 0.000000 0.000000 0.000000 0.000000 0.000000 0.000000 0.000000 0.000000 0.000000 0.000000 0.000000 0.131250 0.144893 2.000000 0.153125 0.140143 1.000000 0.135937 0.225653 2.000000 0.000000 0.000000 0.000000 0.106250 0.197150 2.000000 0.000000 0.000000 0.000000 0.134375 0.270784 2.000000 0.162500 0.251781 2.000000 0.000000 0.000000 0.000000 0.000000 0.000000 0.000000 0.000000 0.000000 0.000000 0.000000 0.000000 0.000000
0 0.139070 0.251710 0.086672 0.356770 0.000000 0.000000 0.000000 0.000000 0.000000 0.000000 0.000000 0.000000 0.000000 0.110937 0.104513 1.000000 0.000000 0.000000 0.000000 0.140625 0.140143 2.000000 0.134375 0.137767 2.000000 0.150000 0.216152 1.000000 0.000000 0.000000 0.000000 0.109375 0.194774 1.000000 0.000000 0.000000 0.000000 0.135937 0.275534 1.000000 0.142187 0.275534 1.000000 0.126562 0.394299 1.000000 0.150000 0.387173 2.000000 0.175000 0.496437 1.000000 0.153125 0.510689 1.000000
