0 0.429953 0.361635 0.135063 0.219646 0.412500 0.316667 2.000000 0.425000 0.306250 2.000000 0.407813 0.306250 2.000000 0.450000 0.310417 2.000000 0.000000 0.000000 0.000000 0.482812 0.406250 2.000000 0.382812 0.393750 2.000000 0.531250 0.433333 1.000000 0.000000 0.000000 0.000000 0.000000 0.000000 0.000000 0.000000 0.000000 0.000000 0.000000 0.000000 0.000000 0.000000 0.000000 0.000000 0.000000 0.000000 0.000000 0.000000 0.000000 0.000000 0.000000 0.000000 0.000000 0.000000 0.000000 0.000000
0 0.411969 0.722198 0.263531 0.555604 0.000000 0.000000 0.000000 0.000000 0.000000 0.000000 0.000000 0.000000 0.000000 0.334375 0.570833 2.000000 0.450000 0.556250 2.000000 0.309375 0.768750 2.000000 0.517188 0.716667 2.000000 0.309375 0.964583 1.000000 0.528125 0.787500 2.000000 0.000000 0.000000 0.000000 0.000000 0.000000 0.000000 0.000000 0.000000 0.000000 0.000000 0.000000 0.000000 0.000000 0.000000 0.000000 0.000000 0.000000 0.000000 0.000000 0.000000 0.000000 0.000000 0.000000 0.000000
0 0.827523 0.308990 0.185391 0.424729 0.000000 0.000000 0.000000 0.000000 0.000000 0.000000 0.000000 0.000000 0.000000 0.820312 0.154167 2.000000 0.868750 0.162500 2.000000 0.842187 0.237500 2.000000 0.896875 0.256250 2.000000 0.806250 0.341667 1.000000 0.903125 0.335417 2.000000 0.773438 0.295833 1.000000 0.000000 0.000000 0.000000 0.826562 0.445833 2.000000 0.870313 0.450000 2.000000 0.000000 0.000000 0.000000 0.000000 0.000000 0.000000 0.000000 0.000000 0.000000 0.000000 0.000000 0.000000
0 0.480500 0.301187 0.077625 0.162000 0.496875 0.281250 2.000000 0.000000 0.000000 0.000000 0.493750 0.275000 2.000000 0.000000 0.000000 0.000000 0.468750 0.275000 2.000000 0.484375 0.314583 2.000000 0.465625 0.327083 2.000000 0.507812 0.266667 2.000000 0.532813 0.356250 1.000000 0.000000 0.000000 0.000000 0.000000 0.000000 0.000000 0.000000 0.000000 0.000000 0.000000 0.000000 0.000000 0.000000 0.000000 0.000000 0.000000 0.000000 0.000000 0.000000 0.000000 0.000000 0.000000 0.000000 0.000000
0 0.144945 0.373042 0.165172 0.265167 0.159375 0.327083 2.000000 0.170313 0.312500 2.000000 0.146875 0.314583 2.000000 0.187500 0.312500 2.000000 0.125000 0.314583 2.000000 0.200000 0.389583 2.000000 0.100000 0.420833 2.000000 0.000000 0.000000 0.000000 0.079687 0.514583 1.000000 0.000000 0.000000 0.000000 0.126562 0.483333 2.000000 0.000000 0.000000 0.000000 0.000000 0.000000 0.000000 0.000000 0.000000 0.000000 0.000000 0.000000 0.000000 0.000000 0.000000 0.000000 0.000000 0.000000 0.000000
0 0.578398 0.402521 0.191172 0.350958 0.542188 0.304167 2.000000 0.553125 0.287500 2.000000 0.531250 0.281250 2.000000 0.578125 0.281250 2.000000 0.000000 0.000000 0.000000 0.609375 0.366667 2.000000 0.529687 0.358333 2.000000 0.589063 0.485417 1.000000 0.489063 0.462500 2.000000 0.550000 0.387500 2.000000 0.548438 0.487500 2.000000 0.626563 0.545833 2.000000 0.554688 0.531250 1.000000 0.000000 0.000000 0.000000 0.000000 0.000000 0.000000 0.000000 0.000000 0.000000 0.000000 0.000000 0.000000
0 0.709547 0.635958 0.353938 0.705625 0.685937 0.406250 2.000000 0.693750 0.393750 2.000000 0.000000 0.000000 0.000000 0.728125 0.420833 2.000000 0.000000 0.000000 0.000000 0.764062 0.564583 2.000000 0.846875 0.537500 2.000000 0.765625 0.818750 2.000000 0.000000 0.000000 0.000000 0.678125 0.956250 2.000000 0.632812 0.681250 2.000000 0.625000 0.810417 2.000000 0.701562 0.718750 2.000000 0.000000 0.000000 0.000000 0.000000 0.000000 0.000000 0.000000 0.000000 0.000000 0.000000 0.000000 0.000000
0 0.049719 0.437083 0.099437 0.298875 0.007812 0.362500 2.000000 0.000000 0.000000 0.000000 0.000000 0.000000 0.000000 0.000000 0.000000 0.000000 0.000000 0.000000 0.000000 0.000000 0.000000 0.000000 0.000000 0.000000 0.000000 0.031250 0.527083 2.000000 0.000000 0.000000 0.000000 0.073438 0.493750 2.000000 0.034375 0.545833 2.000000 0.000000 0.000000 0.000000 0.000000 0.000000 0.000000 0.000000 0.000000 0.000000 0.000000 0.000000 0.000000 0.000000 0.000000 0.000000 0.000000 0.000000 0.000000
0 0.660695 0.471542 0.196359 0.402500 0.682813 0.354167 2.000000 0.692187 0.343750 2.000000 0.000000 0.000000 0.000000 0.726562 0.352083 1.000000 0.000000 0.000000 0.000000 0.743750 0.470833 1.000000 0.701562 0.452083 1.000000 0.684375 0.593750 2.000000 0.714063 0.535417 1.000000 0.614062 0.506250 2.000000 0.651563 0.570833 2.000000 0.679688 0.647917 1.000000 0.653125 0.602083 2.000000 0.556250 0.691667 1.000000 0.000000 0.000000 0.000000 0.000000 0.000000 0.000000 0.000000 0.000000 0.000000
0 0.696602 0.260917 0.092016 0.137292 0.718750 0.235417 2.000000 0.726562 0.229167 2.000000 0.714063 0.227083 2.000000 0.000000 0.000000 0.000000 0.696875 0.229167 2.000000 0.732812 0.275000 1.000000 0.676562 0.268750 2.000000 0.000000 0.000000 0.000000 0.657813 0.318750 2.000000 0.000000 0.000000 0.000000 0.701562 0.310417 1.000000 0.715625 0.370833 1.000000 0.670312 0.362500 1.000000 0.000000 0.000000 0.000000 0.000000 0.000000 0.000000 0.000000 0.000000 0.000000 0.000000 0.000000 0.000000
