0 0.457383 0.519094 0.299953 0.939318 0.334375 0.150588 1.000000 0.354687 0.131765 2.000000 0.000000 0.000000 0.000000 0.404687 0.162353 2.000000 0.000000 0.000000 0.000000 0.484375 0.315294 2.000000 0.390625 0.336471 2.000000 0.575000 0.505882 2.000000 0.404687 0.588235 2.000000 0.542188 0.729412 2.000000 0.371875 0.724706 2.000000 0.496875 0.816471 2.000000 0.401562 0.818824 2.000000 0.000000 0.000000 0.000000 0.000000 0.000000 0.000000 0.000000 0.000000 0.000000 0.000000 0.000000 0.000000
0 0.748805 0.266082 0.152609 0.241671 0.746875 0.221176 2.000000 0.756250 0.204706 2.000000 0.737500 0.204706 2.000000 0.767188 0.216471 2.000000 0.718750 0.216471 2.000000 0.798438 0.303529 2.000000 0.692187 0.301176 2.000000 0.818750 0.397647 1.000000 0.681250 0.425882 1.000000 0.804688 0.362353 2.000000 0.700000 0.381176 1.000000 0.790625 0.421176 1.000000 0.720313 0.425882 1.000000 0.000000 0.000000 0.000000 0.000000 0.000000 0.000000 0.000000 0.000000 0.000000 0.000000 0.000000 0.000000
0 0.895172 0.298282 0.142750 0.182353 0.889062 0.265882 2.000000 0.898438 0.254118 2.000000 0.878125 0.256471 2.000000 0.912500 0.270588 2.000000 0.868750 0.272941 2.000000 0.931250 0.336471 2.000000 0.856250 0.343529 2.000000 0.000000 0.000000 0.000000 0.000000 0.000000 0.000000 0.000000 0.000000 0.000000 0.000000 0.000000 0.000000 0.921875 0.444706 1.000000 0.871875 0.449412 1.000000 0.940625 0.324706 2.000000 0.842187 0.350588 2.000000 0.000000 0.000000 0.000000 0.000000 0.000000 0.000000
0 0.502195 0.146518 0.092172 0.286824 0.487500 0.065882 2.000000 0.496875 0.054118 2.000000 0.476562 0.051765 2.000000 0.503125 0.070588 2.000000 0.459375 0.070588 1.000000 0.529687 0.160000 2.000000 0.442188 0.162353 1.000000 0.528125 0.261176 1.000000 0.000000 0.000000 0.000000 0.512500 0.336471 1.000000 0.000000 0.000000 0.000000 0.520312 0.322353 1.000000 0.450000 0.320000 1.000000 0.000000 0.000000 0.000000 0.000000 0.000000 0.000000 0.000000 0.000000 0.000000 0.000000 0.000000 0.000000
0 0.664805 0.063671 0.177578 0.123576 0.000000 0.000000 0.000000 0.000000 0.000000 0.000000 0.000000 0.000000 0.000000 0.000000 0.000000 0.000000 0.000000 0.000000 0.000000 0.000000 0.000000 0.000000 0.000000 0.000000 0.000000 0.742188 0.021176 2.000000 0.590625 0.028235 1.000000 0.000000 0.000000 0.000000 0.000000 0.000000 0.000000 0.715625 0.094118 2.000000 0.645312 0.094118 2.000000 0.771875 0.160000 1.000000 0.650000 0.174118 1.000000 0.000000 0.000000 0.000000 0.000000 0.000000 0.000000
0 0.201453 0.251682 0.199969 0.260682 0.200000 0.197647 2.000000 0.210938 0.183529 2.000000 0.192188 0.183529 2.000000 0.223438 0.195294 2.000000 0.175000 0.192941 2.000000 0.259375 0.265882 2.000000 0.140625 0.277647 2.000000 0.273438 0.338824 2.000000 0.120313 0.385882 1.000000 0.206250 0.336471 2.000000 0.000000 0.000000 0.000000 0.235937 0.442353 1.000000 0.176563 0.442353 1.000000 0.276562 0.296471 2.000000 0.217188 0.305882 2.000000 0.284375 0.447059 1.000000 0.225000 0.451765 1.000000
0 0.861867 0.741918 0.251672 0.516165 0.000000 0.000000 0.000000 0.000000 0.000000 0.000000 0.000000 0.000000 0.000000 0.000000 0.000000 0.000000 0.000000 0.000000 0.000000 0.945312 0.642353 2.000000 0.803125 0.649412 2.000000 0.973437 0.771765 2.000000 0.778125 0.774118 1.000000 0.954688 0.741176 2.000000 0.770312 0.731765 1.000000 0.893750 0.821176 2.000000 0.831250 0.823529 2.000000 0.932813 0.811765 2.000000 0.757812 0.821176 2.000000 0.943750 0.988235 2.000000 0.801562 0.985882 2.000000
0 0.761953 0.171529 0.165938 0.290588 0.757812 0.091765 2.000000 0.768750 0.080000 2.000000 0.748437 0.080000 2.000000 0.781250 0.094118 2.000000 0.732812 0.087059 2.000000 0.785937 0.160000 2.000000 0.710938 0.157647 2.000000 0.834375 0.242353 2.000000 0.692187 0.240000 2.000000 0.806250 0.181176 2.000000 0.740625 0.169412 1.000000 0.795312 0.315294 1.000000 0.737500 0.310588 1.000000 0.000000 0.000000 0.000000 0.000000 0.000000 0.000000 0.000000 0.000000 0.000000 0.000000 0.000000 0.000000
0 0.577680 0.255965 0.141141 0.243271 0.571875 0.197647 2.000000 0.582812 0.188235 2.000000 0.562500 0.188235 2.000000 0.596875 0.209412 2.000000 0.550000 0.207059 2.000000 0.614062 0.280000 2.000000 0.525000 0.275294 2.000000 0.639062 0.362353 2.000000 0.510938 0.350588 1.000000 0.609375 0.312941 2.000000 0.554688 0.301176 2.000000 0.000000 0.000000 0.000000 0.000000 0.000000 0.000000 0.000000 0.000000 0.000000 0.000000 0.000000 0.000000 0.000000 0.000000 0.000000 0.000000 0.000000 0.000000
0 0.164711 0.159259 0.265078 0.316824 0.184375 0.058824 2.000000 0.195312 0.042353 2.000000 0.173437 0.040000 2.000000 0.210938 0.051765 2.000000 0.157812 0.047059 2.000000 0.232813 0.122353 2.000000 0.125000 0.129412 2.000000 0.264062 0.211765 2.000000 0.093750 0.211765 2.000000 0.276562 0.280000 1.000000 0.068750 0.291765 2.000000 0.220312 0.312941 1.000000 0.145313 0.317647 1.000000 0.000000 0.000000 0.000000 0.000000 0.000000 0.000000 0.000000 0.000000 0.000000 0.000000 0.000000 0.000000
0 0.867789 0.071141 0.175109 0.138376 0.000000 0.000000 0.000000 0.000000 0.000000 0.000000 0.000000 0.000000 0.000000 0.000000 0.000000 0.000000 0.000000 0.000000 0.000000 0.000000 0.000000 0.000000 0.000000 0.000000 0.000000 0.920312 0.070588 2.000000 0.793750 0.061176 2.000000 0.932813 0.080000 2.000000 0.800000 0.070588 2.000000 0.853125 0.101176 2.000000 0.812500 0.101176 2.000000 0.884375 0.077647 2.000000 0.857812 0.075294 2.000000 0.000000 0.000000 0.000000 0.000000 0.000000 0.000000
