0 0.322646 0.822273 0.189500 0.355453 0.000000 0.000000 0.000000 0.000000 0.000000 0.000000 0.000000 0.000000 0.000000 0.316667 0.682813 2.000000 0.000000 0.000000 0.000000 0.272917 0.720313 2.000000 0.368750 0.729688 2.000000 0.241667 0.779687 1.000000 0.418750 0.764062 1.000000 0.000000 0.000000 0.000000 0.000000 0.000000 0.000000 0.275000 0.834375 1.000000 0.335417 0.840625 1.000000 0.277083 0.917188 2.000000 0.325000 0.918750 2.000000 0.275000 0.984375 2.000000 0.316667 0.987500 2.000000
0 0.087938 0.841070 0.175875 0.317859 0.087500 0.729688 2.000000 0.000000 0.000000 0.000000 0.083333 0.721875 2.000000 0.000000 0.000000 0.000000 0.052083 0.729688 2.000000 0.000000 0.000000 0.000000 0.052083 0.773438 2.000000 0.000000 0.000000 0.000000 0.110417 0.831250 2.000000 0.000000 0.000000 0.000000 0.168750 0.820312 2.000000 0.025000 0.882812 2.000000 0.064583 0.893750 2.000000 0.037500 0.953125 2.000000 0.087500 0.953125 2.000000 0.000000 0.000000 0.000000 0.000000 0.000000 0.000000
0 0.762406 0.767047 0.196104 0.435125 0.708333 0.604688 2.000000 0.722917 0.596875 2.000000 0.000000 0.000000 0.000000 0.768750 0.607812 2.000000 0.000000 0.000000 0.000000 0.779167 0.657813 2.000000 0.812500 0.642188 2.000000 0.772917 0.762500 2.000000 0.000000 0.000000 0.000000 0.727083 0.807813 2.000000 0.000000 0.000000 0.000000 0.770833 0.817187 2.000000 0.808333 0.801562 2.000000 0.770833 0.909375 2.000000 0.764583 0.906250 2.000000 0.000000 0.000000 0.000000 0.735417 0.970313 2.000000
0 0.639437 0.532133 0.178958 0.193141 0.566667 0.475000 2.000000 0.568750 0.468750 2.000000 0.000000 0.000000 0.000000 0.587500 0.462500 2.000000 0.000000 0.000000 0.000000 0.608333 0.492188 1.000000 0.643750 0.478125 2.000000 0.591667 0.548438 1.000000 0.000000 0.000000 0.000000 0.568750 0.592187 2.000000 0.000000 0.000000 0.000000 0.643750 0.567187 2.000000 0.677083 0.554688 2.000000 0.000000 0.000000 0.000000 0.000000 0.000000 0.000000 0.000000 0.000000 0.000000 0.000000 0.000000 0.000000
0 0.088729 0.614266 0.177458 0.248719 0.172917 0.531250 2.000000 0.000000 0.000000 0.000000 0.168750 0.525000 2.000000 0.000000 0.000000 0.000000 0.139583 0.525000 2.000000 0.137500 0.570312 2.000000 0.079167 0.571875 2.000000 0.000000 0.000000 0.000000 0.014583 0.628125 2.000000 0.125000 0.685937 2.000000 0.075000 0.648438 2.000000 0.000000 0.000000 0.000000 0.079167 0.696875 1.000000 0.000000 0.000000 0.000000 0.097917 0.768750 1.000000 0.000000 0.000000 0.000000 0.000000 0.000000 0.000000
0 0.228094 0.690328 0.212854 0.340250 0.204167 0.551562 2.000000 0.000000 0.000000 0.000000 0.200000 0.548438 2.000000 0.000000 0.000000 0.000000 0.175000 0.548438 2.000000 0.193750 0.581250 2.000000 0.135417 0.587500 1.000000 0.237500 0.603125 2.000000 0.000000 0.000000 0.000000 0.306250 0.598437 2.000000 0.000000 0.000000 0.000000 0.000000 0.000000 0.000000 0.154167 0.690625 2.000000 0.000000 0.000000 0.000000 0.152083 0.754687 2.000000 0.000000 0.000000 0.000000 0.147917 0.829688 1.000000
0 0.583760 0.695398 0.051771 0.178453 0.570833 0.650000 2.000000 0.575000 0.648438 2.000000 0.566667 0.645312 2.000000 0.597917 0.648438 2.000000 0.000000 0.000000 0.000000 0.604167 0.664062 1.000000 0.562500 0.662500 2.000000 0.000000 0.000000 0.000000 0.000000 0.000000 0.000000 0.000000 0.000000 0.000000 0.000000 0.000000 0.000000 0.595833 0.712500 1.000000 0.568750 0.710938 2.000000 0.000000 0.000000 0.000000 0.000000 0.000000 0.000000 0.000000 0.000000 0.000000 0.000000 0.000000 0.000000
0 0.370667 0.525711 0.068167 0.085953 0.393750 0.509375 2.000000 0.397917 0.506250 2.000000 0.383333 0.503125 2.000000 0.000000 0.000000 0.000000 0.370833 0.503125 2.000000 0.000000 0.000000 0.000000 0.000000 0.000000 0.000000 0.000000 0.000000 0.000000 0.000000 0.000000 0.000000 0.000000 0.000000 0.000000 0.000000 0.000000 0.000000 0.000000 0.000000 0.000000 0.000000 0.000000 0.000000 0.000000 0.000000 0.000000 0.000000 0.000000 0.000000 0.000000 0.000000 0.000000 0.000000 0.000000 0.000000
0 0.517552 0.533453 0.053812 0.108531 0.508333 0.504687 2.000000 0.514583 0.501563 2.000000 0.506250 0.500000 2.000000 0.522917 0.503125 2.000000 0.000000 0.000000 0.000000 0.533333 0.520312 2.000000 0.500000 0.518750 2.000000 0.537500 0.543750 1.000000 0.497917 0.543750 1.000000 0.535417 0.565625 1.000000 0.500000 0.562500 1.000000 0.529167 0.554688 2.000000 0.506250 0.553125 2.000000 0.527083 0.582812 1.000000 0.512500 0.584375 1.000000 0.000000 0.000000 0.000000 0.000000 0.000000 0.000000
0 0.483635 0.760141 0.183438 0.467750 0.000000 0.000000 0.000000 0.000000 0.000000 0.000000 0.000000 0.000000 0.000000 0.433333 0.568750 2.000000 0.489583 0.560937 2.000000 0.437500 0.620313 2.000000 0.531250 0.604688 2.000000 0.445833 0.709375 2.000000 0.550000 0.681250 2.000000 0.393750 0.734375 1.000000 0.541667 0.743750 2.000000 0.468750 0.754687 2.000000 0.535417 0.748437 2.000000 0.470833 0.857812 2.000000 0.527083 0.846875 2.000000 0.462500 0.970313 2.000000 0.527083 0.965625 2.000000
