0 0.475281 0.615729 0.141562 0.638208 0.468750 0.341667 2.000000 0.479687 0.339583 2.000000 0.000000 0.000000 0.000000 0.501563 0.356250 2.000000 0.000000 0.000000 0.000000 0.470313 0.420833 2.000000 0.526563 0.422917 2.000000 0.445312 0.522917 2.000000 0.000000 0.000000 0.000000 0.417187 0.520833 2.000000 0.000000 0.000000 0.000000 0.478125 0.595833 2.000000 0.523438 0.591667 2.000000 0.484375 0.747917 2.000000 0.512500 0.743750 2.000000 0.487500 0.893750 2.000000 0.510938 0.889583 2.000000
0 0.866125 0.631469 0.151844 0.565687 0.851562 0.412500 2.000000 0.857812 0.400000 2.000000 0.000000 0.000000 0.000000 0.885938 0.395833 2.000000 0.850000 0.402083 1.000000 0.909375 0.435417 2.000000 0.843750 0.443750 2.000000 0.914062 0.545833 2.000000 0.000000 0.000000 0.000000 0.856250 0.535417 2.000000 0.835938 0.522917 2.000000 0.889062 0.579167 2.000000 0.850000 0.579167 2.000000 0.893750 0.733333 2.000000 0.850000 0.729167 2.000000 0.889062 0.862500 2.000000 0.846875 0.866667 2.000000
0 0.749898 0.511094 0.114859 0.209646 0.779687 0.452083 2.000000 0.782813 0.443750 2.000000 0.775000 0.443750 2.000000 0.000000 0.000000 0.000000 0.756250 0.445833 2.000000 0.795312 0.483333 2.000000 0.729688 0.487500 2.000000 0.776563 0.533333 2.000000 0.725000 0.543750 2.000000 0.728125 0.518750 2.000000 0.773438 0.533333 2.000000 0.773438 0.566667 2.000000 0.729688 0.568750 2.000000 0.778125 0.579167 2.000000 0.700000 0.577083 2.000000 0.000000 0.000000 0.000000 0.000000 0.000000 0.000000
0 0.667812 0.438271 0.127188 0.255500 0.643750 0.352083 1.000000 0.651563 0.345833 2.000000 0.000000 0.000000 0.000000 0.667188 0.345833 2.000000 0.000000 0.000000 0.000000 0.715625 0.387500 2.000000 0.645312 0.391667 2.000000 0.718750 0.460417 2.000000 0.639062 0.460417 2.000000 0.695312 0.485417 2.000000 0.654687 0.477083 2.000000 0.692187 0.502083 2.000000 0.653125 0.502083 2.000000 0.725000 0.489583 1.000000 0.618750 0.500000 2.000000 0.000000 0.000000 0.000000 0.000000 0.000000 0.000000
0 0.581672 0.420635 0.093969 0.197104 0.592187 0.362500 2.000000 0.595313 0.358333 2.000000 0.585938 0.358333 2.000000 0.000000 0.000000 0.000000 0.571875 0.362500 2.000000 0.610938 0.406250 2.000000 0.545312 0.414583 2.000000 0.617188 0.452083 2.000000 0.535937 0.462500 1.000000 0.567187 0.447917 2.000000 0.584375 0.462500 2.000000 0.596875 0.489583 2.000000 0.560937 0.493750 2.000000 0.581250 0.508333 2.000000 0.535937 0.510417 1.000000 0.000000 0.000000 0.000000 0.000000 0.000000 0.000000
0 0.629648 0.231865 0.144266 0.261937 0.623437 0.145833 2.000000 0.626563 0.135417 2.000000 0.614062 0.135417 2.000000 0.000000 0.000000 0.000000 0.604688 0.141667 1.000000 0.653125 0.181250 1.000000 0.592187 0.183333 2.000000 0.000000 0.000000 0.000000 0.581250 0.247917 2.000000 0.000000 0.000000 0.000000 0.620313 0.229167 2.000000 0.642188 0.277083 1.000000 0.596875 0.279167 2.000000 0.000000 0.000000 0.000000 0.565625 0.289583 2.000000 0.000000 0.000000 0.000000 0.562500 0.360417 1.000000
0 0.101805 0.514635 0.126172 0.213229 0.090625 0.452083 2.000000 0.095312 0.443750 2.000000 0.087500 0.443750 2.000000 0.114062 0.441667 2.000000 0.000000 0.000000 0.000000 0.140625 0.489583 2.000000 0.070312 0.489583 2.000000 0.137500 0.552083 2.000000 0.070312 0.556250 2.000000 0.112500 0.583333 2.000000 0.095312 0.585417 2.000000 0.125000 0.587500 2.000000 0.084375 0.589583 2.000000 0.153125 0.581250 2.000000 0.059375 0.597917 2.000000 0.000000 0.000000 0.000000 0.000000 0.000000 0.000000
0 0.922609 0.203771 0.119813 0.169333 0.898438 0.156250 2.000000 0.907813 0.147917 2.000000 0.000000 0.000000 0.000000 0.923438 0.152083 2.000000 0.000000 0.000000 0.000000 0.945312 0.183333 2.000000 0.896875 0.189583 2.000000 0.942187 0.239583 2.000000 0.878125 0.237500 2.000000 0.903125 0.264583 2.000000 0.885938 0.181250 2.000000 0.956250 0.266667 2.000000 0.921875 0.268750 2.000000 0.895312 0.260417 2.000000 0.871875 0.252083 2.000000 0.000000 0.000000 0.000000 0.000000 0.000000 0.000000
0 0.159898 0.356219 0.085141 0.185812 0.156250 0.302083 2.000000 0.164062 0.297917 2.000000 0.153125 0.293750 2.000000 0.171875 0.306250 2.000000 0.142187 0.304167 2.000000 0.182812 0.335417 2.000000 0.128125 0.347917 2.000000 0.185938 0.393750 2.000000 0.128125 0.397917 2.000000 0.139063 0.408333 2.000000 0.167187 0.383333 2.000000 0.184375 0.435417 2.000000 0.150000 0.433333 2.000000 0.140625 0.418750 2.000000 0.000000 0.000000 0.000000 0.000000 0.000000 0.000000 0.000000 0.000000 0.000000
0 0.246469 0.367771 0.097406 0.244708 0.215625 0.283333 1.000000 0.221875 0.279167 2.000000 0.000000 0.000000 0.000000 0.235937 0.289583 2.000000 0.000000 0.000000 0.000000 0.257812 0.322917 2.000000 0.223438 0.320833 2.000000 0.279687 0.389583 2.000000 0.209375 0.364583 2.000000 0.254688 0.443750 1.000000 0.207813 0.400000 2.000000 0.265625 0.420833 2.000000 0.229687 0.420833 2.000000 0.284375 0.439583 2.000000 0.217188 0.437500 2.000000 0.276562 0.545833 1.000000 0.000000 0.000000 0.000000
0 0.134883 0.078396 0.089703 0.156792 0.150000 0.012500 2.000000 0.000000 0.000000 0.000000 0.143750 0.008333 2.000000 0.000000 0.000000 0.000000 0.000000 0.000000 0.000000 0.159375 0.039583 2.000000 0.109375 0.047917 2.000000 0.168750 0.106250 2.000000 0.100000 0.104167 2.000000 0.148438 0.114583 2.000000 0.129688 0.110417 2.000000 0.159375 0.125000 2.000000 0.125000 0.129167 2.000000 0.000000 0.000000 0.000000 0.139063 0.143750 2.000000 0.000000 0.000000 0.000000 0.000000 0.000000 0.000000
0 0.241437 0.104156 0.099125 0.182146 0.260937 0.037500 2.000000 0.268750 0.035417 2.000000 0.257812 0.033333 2.000000 0.000000 0.000000 0.000000 0.000000 0.000000 0.000000 0.271875 0.091667 2.000000 0.232813 0.064583 2.000000 0.270313 0.125000 1.000000 0.196875 0.104167 2.000000 0.268750 0.070833 2.000000 0.200000 0.114583 1.000000 0.234375 0.135417 1.000000 0.203125 0.127083 1.000000 0.000000 0.000000 0.000000 0.000000 0.000000 0.000000 0.000000 0.000000 0.000000 0.000000 0.000000 0.000000
0 0.095461 0.201302 0.089609 0.174021 0.092188 0.145833 2.000000 0.096875 0.141667 2.000000 0.087500 0.141667 2.000000 0.103125 0.145833 2.000000 0.073438 0.152083 1.000000 0.117188 0.183333 2.000000 0.067187 0.181250 2.000000 0.128125 0.233333 2.000000 0.056250 0.208333 2.000000 0.092188 0.229167 2.000000 0.078125 0.177083 2.000000 0.109375 0.258333 2.000000 0.081250 0.258333 2.000000 0.000000 0.000000 0.000000 0.081250 0.247917 2.000000 0.000000 0.000000 0.000000 0.000000 0.000000 0.000000
