0 0.637386 0.425678 0.351340 0.425670 0.640523 0.331699 2.000000 0.656863 0.313725 2.000000 0.627451 0.312092 2.000000 0.000000 0.000000 0.000000 0.586601 0.274510 2.000000 0.666667 0.320261 2.000000 0.565359 0.331699 2.000000 0.000000 0.000000 0.000000 0.509804 0.462418 2.000000 0.000000 0.000000 0.000000 0.483660 0.571895 1.000000 0.666667 0.490196 1.000000 0.598039 0.503268 2.000000 0.763072 0.535948 2.000000 0.714052 0.568627 1.000000 0.888889 0.599673 1.000000 0.882353 0.648693 1.000000
0 0.535212 0.567042 0.432941 0.267549 0.624183 0.500000 2.000000 0.651961 0.495098 2.000000 0.619281 0.483660 2.000000 0.673203 0.524510 2.000000 0.000000 0.000000 0.000000 0.638889 0.583333 2.000000 0.549020 0.542484 2.000000 0.728758 0.457516 2.000000 0.000000 0.000000 0.000000 0.617647 0.452614 2.000000 0.000000 0.000000 0.000000 0.468954 0.637255 2.000000 0.418301 0.596405 2.000000 0.367647 0.550654 2.000000 0.000000 0.000000 0.000000 0.323529 0.689542 1.000000 0.000000 0.000000 0.000000
0 0.322141 0.738472 0.156601 0.263971 0.303922 0.656863 2.000000 0.307190 0.643791 2.000000 0.292484 0.650327 2.000000 0.318627 0.632353 1.000000 0.271242 0.650327 1.000000 0.349673 0.671569 2.000000 0.263072 0.705882 2.000000 0.390523 0.743464 2.000000 0.271242 0.782680 2.000000 0.364379 0.797386 2.000000 0.331699 0.810458 2.000000 0.369281 0.818627 2.000000 0.316993 0.839869 2.000000 0.000000 0.000000 0.000000 0.000000 0.000000 0.000000 0.000000 0.000000 0.000000 0.000000 0.000000 0.000000
0 0.249444 0.657941 0.181209 0.460850 0.000000 0.000000 0.000000 0.000000 0.000000 0.000000 0.000000 0.000000 0.000000 0.181373 0.482026 2.000000 0.000000 0.000000 0.000000 0.217320 0.514706 2.000000 0.285948 0.490196 2.000000 0.236928 0.606209 2.000000 0.320261 0.560458 2.000000 0.000000 0.000000 0.000000 0.000000 0.000000 0.000000 0.253268 0.651961 2.000000 0.310458 0.635621 1.000000 0.235294 0.735294 2.000000 0.000000 0.000000 0.000000 0.223856 0.851307 2.000000 0.000000 0.000000 0.000000
0 0.207859 0.334828 0.114608 0.269657 0.187908 0.236928 2.000000 0.194444 0.230392 2.000000 0.183007 0.230392 2.000000 0.209150 0.230392 2.000000 0.000000 0.000000 0.000000 0.225490 0.266340 2.000000 0.169935 0.274510 2.000000 0.248366 0.310458 2.000000 0.163399 0.325163 2.000000 0.256536 0.357843 2.000000 0.179739 0.367647 2.000000 0.233660 0.370915 2.000000 0.194444 0.375817 2.000000 0.232026 0.449346 2.000000 0.197712 0.455882 1.000000 0.000000 0.000000 0.000000 0.000000 0.000000 0.000000
0 0.872386 0.448162 0.136046 0.293971 0.000000 0.000000 0.000000 0.000000 0.000000 0.000000 0.000000 0.000000 0.000000 0.820261 0.351307 2.000000 0.000000 0.000000 0.000000 0.857843 0.395425 2.000000 0.901961 0.357843 2.000000 0.874183 0.475490 2.000000 0.924837 0.431373 2.000000 0.843137 0.514706 2.000000 0.000000 0.000000 0.000000 0.882353 0.527778 2.000000 0.923203 0.521242 2.000000 0.880719 0.617647 1.000000 0.918301 0.596405 1.000000 0.000000 0.000000 0.000000 0.000000 0.000000 0.000000
0 0.871691 0.764910 0.185801 0.470180 0.844771 0.611111 2.000000 0.849673 0.598039 2.000000 0.834967 0.601307 2.000000 0.866013 0.562092 2.000000 0.000000 0.000000 0.000000 0.919935 0.617647 2.000000 0.816993 0.599673 2.000000 0.937908 0.704248 2.000000 0.813725 0.668301 2.000000 0.859477 0.720588 2.000000 0.799020 0.686275 2.000000 0.893791 0.797386 2.000000 0.841503 0.790850 2.000000 0.916667 0.910131 2.000000 0.867647 0.897059 2.000000 0.000000 0.000000 0.000000 0.000000 0.000000 0.000000
0 0.904853 0.246912 0.119444 0.307745 0.849673 0.122549 2.000000 0.852941 0.117647 2.000000 0.000000 0.000000 0.000000 0.869281 0.112745 2.000000 0.000000 0.000000 0.000000 0.880719 0.163399 2.000000 0.901961 0.142157 2.000000 0.000000 0.000000 0.000000 0.000000 0.000000 0.000000 0.000000 0.000000 0.000000 0.000000 0.000000 0.000000 0.892157 0.243464 2.000000 0.898693 0.238562 2.000000 0.913399 0.307190 2.000000 0.875817 0.308824 2.000000 0.939542 0.370915 2.000000 0.861111 0.362745 1.000000
0 0.021977 0.761225 0.043954 0.304771 0.000000 0.000000 0.000000 0.000000 0.000000 0.000000 0.000000 0.000000 0.000000 0.000000 0.000000 0.000000 0.000000 0.000000 0.000000 0.000000 0.000000 0.000000 0.004902 0.620915 2.000000 0.000000 0.000000 0.000000 0.024510 0.681373 2.000000 0.000000 0.000000 0.000000 0.034314 0.727124 2.000000 0.000000 0.000000 0.000000 0.004902 0.769608 2.000000 0.000000 0.000000 0.000000 0.009804 0.825163 2.000000 0.000000 0.000000 0.000000 0.017974 0.877451 2.000000
0 0.402598 0.849346 0.218170 0.275327 0.434641 0.763072 2.000000 0.444444 0.751634 2.000000 0.419935 0.754902 2.000000 0.455882 0.754902 2.000000 0.401961 0.764706 2.000000 0.478758 0.820261 2.000000 0.382353 0.846405 2.000000 0.501634 0.880719 2.000000 0.318627 0.926471 2.000000 0.000000 0.000000 0.000000 0.359477 0.952614 2.000000 0.475490 0.947712 2.000000 0.395425 0.954248 2.000000 0.000000 0.000000 0.000000 0.000000 0.000000 0.000000 0.000000 0.000000 0.000000 0.000000 0.000000 0.000000
