0 0.521969 0.610587 0.292531 0.778826 0.434375 0.342723 2.000000 0.446875 0.316901 2.000000 0.000000 0.000000 0.000000 0.485938 0.300469 2.000000 0.000000 0.000000 0.000000 0.568750 0.368545 2.000000 0.420312 0.446009 2.000000 0.623437 0.448357 2.000000 0.392188 0.539906 2.000000 0.518750 0.471831 2.000000 0.420312 0.507042 2.000000 0.514062 0.706573 2.000000 0.439063 0.730047 2.000000 0.415625 0.971831 2.000000 0.000000 0.000000 0.000000 0.000000 0.000000 0.000000 0.000000 0.000000 0.000000
0 0.824570 0.775775 0.335797 0.426009 0.779687 0.666667 2.000000 0.800000 0.650235 2.000000 0.781250 0.650235 2.000000 0.846875 0.673709 2.000000 0.000000 0.000000 0.000000 0.851562 0.781690 2.000000 0.789062 0.758216 2.000000 0.789062 0.838028 2.000000 0.823438 0.903756 2.000000 0.737500 0.767606 2.000000 0.734375 0.929577 2.000000 0.000000 0.000000 0.000000 0.856250 0.985915 2.000000 0.000000 0.000000 0.000000 0.000000 0.000000 0.000000 0.000000 0.000000 0.000000 0.000000 0.000000 0.000000
0 0.910977 0.128310 0.178047 0.253897 0.915625 0.077465 2.000000 0.920312 0.065728 2.000000 0.906250 0.065728 2.000000 0.934375 0.063380 2.000000 0.890625 0.061033 2.000000 0.960938 0.129108 2.000000 0.868750 0.129108 2.000000 0.990625 0.225352 2.000000 0.850000 0.234742 2.000000 0.968750 0.223005 2.000000 0.831250 0.223005 2.000000 0.951562 0.265258 1.000000 0.884375 0.265258 1.000000 0.000000 0.000000 0.000000 0.000000 0.000000 0.000000 0.000000 0.000000 0.000000 0.000000 0.000000 0.000000
0 0.235297 0.268310 0.118375 0.191033 0.000000 0.000000 0.000000 0.000000 0.000000 0.000000 0.000000 0.000000 0.000000 0.251563 0.230047 2.000000 0.000000 0.000000 0.000000 0.279687 0.286385 1.000000 0.192188 0.279343 2.000000 0.000000 0.000000 0.000000 0.228125 0.330986 2.000000 0.000000 0.000000 0.000000 0.223438 0.255869 2.000000 0.000000 0.000000 0.000000 0.000000 0.000000 0.000000 0.000000 0.000000 0.000000 0.000000 0.000000 0.000000 0.000000 0.000000 0.000000 0.000000 0.000000 0.000000
0 0.091703 0.243345 0.138031 0.229883 0.081250 0.185446 2.000000 0.090625 0.173709 2.000000 0.071875 0.171362 2.000000 0.114062 0.171362 2.000000 0.000000 0.000000 0.000000 0.123438 0.246479 2.000000 0.039062 0.241784 2.000000 0.150000 0.330986 2.000000 0.001563 0.321596 1.000000 0.000000 0.000000 0.000000 0.000000 0.000000 0.000000 0.000000 0.000000 0.000000 0.000000 0.000000 0.000000 0.000000 0.000000 0.000000 0.000000 0.000000 0.000000 0.000000 0.000000 0.000000 0.000000 0.000000 0.000000
0 0.068422 0.116901 0.133125 0.231455 0.000000 0.000000 0.000000 0.000000 0.000000 0.000000 0.000000 0.000000 0.000000 0.000000 0.000000 0.000000 0.000000 0.000000 0.000000 0.092188 0.007042 2.000000 0.010937 0.016432 2.000000 0.085938 0.061033 2.000000 0.000000 0.000000 0.000000 0.025000 0.065728 2.000000 0.045312 0.075117 2.000000 0.070312 0.161972 1.000000 0.014063 0.164319 2.000000 0.037500 0.190141 2.000000 0.000000 0.000000 0.000000 0.000000 0.000000 0.000000 0.000000 0.000000 0.000000
0 0.590203 0.239143 0.099875 0.219648 0.587500 0.204225 2.000000 0.596875 0.190141 2.000000 0.578125 0.192488 2.000000 0.000000 0.000000 0.000000 0.557813 0.211268 2.000000 0.614062 0.281690 2.000000 0.543750 0.293427 1.000000 0.623437 0.347418 1.000000 0.000000 0.000000 0.000000 0.595313 0.260563 2.000000 0.000000 0.000000 0.000000 0.000000 0.000000 0.000000 0.000000 0.000000 0.000000 0.000000 0.000000 0.000000 0.000000 0.000000 0.000000 0.000000 0.000000 0.000000 0.000000 0.000000 0.000000
0 0.337977 0.132793 0.239828 0.265587 0.000000 0.000000 0.000000 0.000000 0.000000 0.000000 0.000000 0.000000 0.000000 0.000000 0.000000 0.000000 0.000000 0.000000 0.000000 0.393750 0.007042 2.000000 0.301563 0.007042 2.000000 0.435937 0.096244 2.000000 0.278125 0.049296 2.000000 0.384375 0.140845 1.000000 0.234375 0.086854 2.000000 0.356250 0.161972 1.000000 0.285938 0.154930 2.000000 0.000000 0.000000 0.000000 0.000000 0.000000 0.000000 0.000000 0.000000 0.000000 0.000000 0.000000 0.000000
0 0.765297 0.100258 0.175063 0.197934 0.000000 0.000000 0.000000 0.000000 0.000000 0.000000 0.000000 0.000000 0.000000 0.000000 0.000000 0.000000 0.000000 0.000000 0.000000 0.829688 0.039906 2.000000 0.728125 0.046948 2.000000 0.000000 0.000000 0.000000 0.687500 0.124413 2.000000 0.000000 0.000000 0.000000 0.700000 0.197183 1.000000 0.817187 0.187793 2.000000 0.745313 0.185446 2.000000 0.000000 0.000000 0.000000 0.000000 0.000000 0.000000 0.000000 0.000000 0.000000 0.000000 0.000000 0.000000
0 0.375789 0.211749 0.161859 0.268521 0.370312 0.154930 2.000000 0.375000 0.140845 2.000000 0.364063 0.140845 2.000000 0.406250 0.159624 2.000000 0.353125 0.157277 2.000000 0.432812 0.265258 1.000000 0.317188 0.267606 2.000000 0.000000 0.000000 0.000000 0.000000 0.000000 0.000000 0.000000 0.000000 0.000000 0.000000 0.000000 0.000000 0.000000 0.000000 0.000000 0.000000 0.000000 0.000000 0.000000 0.000000 0.000000 0.000000 0.000000 0.000000 0.000000 0.000000 0.000000 0.000000 0.000000 0.000000
