0 0.465164 0.538198 0.286516 0.653937 0.459375 0.272917 2.000000 0.456250 0.262500 2.000000 0.448437 0.266667 2.000000 0.000000 0.000000 0.000000 0.420312 0.277083 2.000000 0.484375 0.322917 2.000000 0.393750 0.347917 2.000000 0.450000 0.370833 2.000000 0.345313 0.383333 1.000000 0.370312 0.350000 2.000000 0.351562 0.329167 2.000000 0.487500 0.529167 2.000000 0.429688 0.547917 2.000000 0.517188 0.654167 2.000000 0.382812 0.679167 2.000000 0.584375 0.810417 2.000000 0.368750 0.820833 2.000000
0 0.149250 0.584240 0.205219 0.400229 0.109375 0.437500 2.000000 0.114062 0.429167 2.000000 0.101562 0.429167 2.000000 0.000000 0.000000 0.000000 0.084375 0.431250 2.000000 0.140625 0.485417 2.000000 0.071875 0.487500 2.000000 0.153125 0.577083 2.000000 0.076563 0.589583 2.000000 0.140625 0.618750 2.000000 0.120313 0.625000 2.000000 0.148438 0.627083 2.000000 0.098437 0.631250 2.000000 0.195312 0.637500 2.000000 0.085938 0.664583 2.000000 0.221875 0.762500 2.000000 0.126562 0.785417 1.000000
0 0.210805 0.297688 0.112984 0.200875 0.209375 0.245833 2.000000 0.217188 0.237500 2.000000 0.203125 0.235417 2.000000 0.000000 0.000000 0.000000 0.187500 0.237500 2.000000 0.239063 0.289583 2.000000 0.175000 0.287500 2.000000 0.260937 0.362500 2.000000 0.159375 0.347917 2.000000 0.246875 0.335417 2.000000 0.203125 0.327083 2.000000 0.000000 0.000000 0.000000 0.000000 0.000000 0.000000 0.000000 0.000000 0.000000 0.000000 0.000000 0.000000 0.000000 0.000000 0.000000 0.000000 0.000000 0.000000
0 0.277445 0.579781 0.126328 0.240312 0.292187 0.510417 1.000000 0.298438 0.500000 2.000000 0.287500 0.500000 2.000000 0.000000 0.000000 0.000000 0.270313 0.504167 1.000000 0.321875 0.537500 1.000000 0.251563 0.541667 1.000000 0.326562 0.593750 2.000000 0.221875 0.589583 2.000000 0.275000 0.614583 1.000000 0.262500 0.625000 1.000000 0.303125 0.672917 2.000000 0.253125 0.670833 1.000000 0.000000 0.000000 0.000000 0.000000 0.000000 0.000000 0.000000 0.000000 0.000000 0.000000 0.000000 0.000000
0 0.937500 0.295042 0.121625 0.157667 0.931250 0.250000 2.000000 0.939063 0.243750 2.000000 0.926562 0.243750 2.000000 0.951562 0.252083 2.000000 0.915625 0.252083 2.000000 0.962500 0.287500 2.000000 0.904687 0.287500 2.000000 0.978125 0.362500 2.000000 0.895312 0.368750 2.000000 0.000000 0.000000 0.000000 0.000000 0.000000 0.000000 0.953125 0.393750 1.000000 0.918750 0.393750 1.000000 0.000000 0.000000 0.000000 0.000000 0.000000 0.000000 0.000000 0.000000 0.000000 0.000000 0.000000 0.000000
0 0.626078 0.648896 0.137125 0.240250 0.612500 0.583333 2.000000 0.617188 0.570833 2.000000 0.601562 0.572917 2.000000 0.000000 0.000000 0.000000 0.593750 0.577083 2.000000 0.656250 0.633333 2.000000 0.575000 0.633333 2.000000 0.681250 0.716667 2.000000 0.000000 0.000000 0.000000 0.000000 0.000000 0.000000 0.000000 0.000000 0.000000 0.635938 0.768750 1.000000 0.590625 0.770833 1.000000 0.000000 0.000000 0.000000 0.000000 0.000000 0.000000 0.000000 0.000000 0.000000 0.000000 0.000000 0.000000
0 0.906813 0.567948 0.186375 0.379771 0.917188 0.429167 2.000000 0.923438 0.422917 2.000000 0.910937 0.420833 2.000000 0.932813 0.427083 2.000000 0.898438 0.422917 2.000000 0.953125 0.472917 2.000000 0.881250 0.456250 2.000000 0.965625 0.560417 2.000000 0.846875 0.527083 2.000000 0.921875 0.597917 1.000000 0.825000 0.566667 2.000000 0.931250 0.618750 2.000000 0.881250 0.625000 2.000000 0.971875 0.583333 1.000000 0.885938 0.737500 2.000000 0.971875 0.727083 1.000000 0.000000 0.000000 0.000000
0 0.815727 0.281469 0.103141 0.186062 0.803125 0.237500 2.000000 0.810937 0.229167 2.000000 0.798438 0.229167 2.000000 0.825000 0.233333 2.000000 0.000000 0.000000 0.000000 0.850000 0.272917 2.000000 0.785937 0.291667 2.000000 0.845313 0.318750 2.000000 0.785937 0.343750 2.000000 0.798438 0.325000 2.000000 0.837500 0.329167 2.000000 0.850000 0.402083 1.000000 0.801562 0.404167 1.000000 0.000000 0.000000 0.000000 0.000000 0.000000 0.000000 0.000000 0.000000 0.000000 0.000000 0.000000 0.000000
0 0.975281 0.221354 0.049438 0.159542 0.978125 0.189583 2.000000 0.985938 0.181250 2.000000 0.973437 0.183333 2.000000 0.996875 0.195833 2.000000 0.965625 0.193750 2.000000 0.000000 0.000000 0.000000 0.948438 0.243750 1.000000 0.000000 0.000000 0.000000 0.000000 0.000000 0.000000 0.000000 0.000000 0.000000 0.000000 0.000000 0.000000 0.000000 0.000000 0.000000 0.000000 0.000000 0.000000 0.000000 0.000000 0.000000 0.000000 0.000000 0.000000 0.000000 0.000000 0.000000 0.000000 0.000000 0.000000
0 0.719859 0.327646 0.085156 0.096083 0.720313 0.320833 2.000000 0.726562 0.314583 2.000000 0.714063 0.314583 2.000000 0.000000 0.000000 0.000000 0.701562 0.320833 2.000000 0.742188 0.347917 1.000000 0.685937 0.352083 2.000000 0.756250 0.387500 1.000000 0.682813 0.391667 1.000000 0.000000 0.000000 0.000000 0.000000 0.000000 0.000000 0.000000 0.000000 0.000000 0.000000 0.000000 0.000000 0.000000 0.000000 0.000000 0.000000 0.000000 0.000000 0.000000 0.000000 0.000000 0.000000 0.000000 0.000000
0 0.047492 0.206969 0.094984 0.168729 0.015625 0.166667 2.000000 0.025000 0.160417 2.000000 0.012500 0.160417 2.000000 0.040625 0.160417 2.000000 0.000000 0.000000 0.000000 0.057813 0.202083 2.000000 0.000000 0.000000 0.000000 0.079687 0.252083 2.000000 0.000000 0.000000 0.000000 0.071875 0.272917 2.000000 0.017188 0.281250 2.000000 0.000000 0.000000 0.000000 0.000000 0.000000 0.000000 0.000000 0.000000 0.000000 0.000000 0.000000 0.000000 0.000000 0.000000 0.000000 0.000000 0.000000 0.000000
0 0.628461 0.258385 0.097391 0.255896 0.654687 0.168750 2.000000 0.659375 0.160417 2.000000 0.646875 0.162500 2.000000 0.000000 0.000000 0.000000 0.634375 0.172917 2.000000 0.684375 0.218750 1.000000 0.617188 0.222917 2.000000 0.000000 0.000000 0.000000 0.598437 0.289583 2.000000 0.000000 0.000000 0.000000 0.629687 0.308333 1.000000 0.675000 0.335417 1.000000 0.634375 0.335417 1.000000 0.000000 0.000000 0.000000 0.603125 0.343750 2.000000 0.000000 0.000000 0.000000 0.621875 0.425000 1.000000
0 0.547562 0.240958 0.098625 0.289000 0.560937 0.147917 2.000000 0.564063 0.141667 2.000000 0.554688 0.141667 2.000000 0.000000 0.000000 0.000000 0.542188 0.141667 2.000000 0.584375 0.175000 2.000000 0.532813 0.172917 2.000000 0.000000 0.000000 0.000000 0.504687 0.214583 2.000000 0.000000 0.000000 0.000000 0.535937 0.189583 2.000000 0.578125 0.247917 1.000000 0.539062 0.250000 2.000000 0.000000 0.000000 0.000000 0.553125 0.254167 1.000000 0.000000 0.000000 0.000000 0.548438 0.354167 2.000000
