0 0.280914 0.408766 0.079203 0.370649 0.290625 0.261905 2.000000 0.289062 0.257576 2.000000 0.282813 0.257576 2.000000 0.000000 0.000000 0.000000 0.268750 0.261905 2.000000 0.296875 0.300866 2.000000 0.254688 0.300866 2.000000 0.312500 0.348485 2.000000 0.265625 0.352814 2.000000 0.284375 0.348485 2.000000 0.295312 0.354978 2.000000 0.296875 0.402597 2.000000 0.270313 0.404762 1.000000 0.289062 0.489177 2.000000 0.271875 0.493506 2.000000 0.287500 0.573593 2.000000 0.262500 0.573593 2.000000
0 0.403203 0.665541 0.120313 0.468485 0.414062 0.474026 2.000000 0.000000 0.000000 0.000000 0.406250 0.463203 2.000000 0.000000 0.000000 0.000000 0.389062 0.469697 2.000000 0.387500 0.517316 2.000000 0.382812 0.523810 2.000000 0.392188 0.584416 2.000000 0.403125 0.593074 2.000000 0.420312 0.536797 2.000000 0.437500 0.601732 2.000000 0.392188 0.666667 2.000000 0.382812 0.664502 2.000000 0.398438 0.764069 2.000000 0.389062 0.761905 2.000000 0.385937 0.870130 2.000000 0.378125 0.872294 2.000000
0 0.500633 0.389481 0.096891 0.402684 0.517188 0.227273 2.000000 0.518750 0.218615 2.000000 0.514062 0.218615 2.000000 0.000000 0.000000 0.000000 0.493750 0.218615 2.000000 0.521875 0.268398 2.000000 0.471875 0.272727 2.000000 0.539062 0.324675 2.000000 0.454688 0.329004 2.000000 0.515625 0.335498 2.000000 0.471875 0.341991 2.000000 0.515625 0.387446 2.000000 0.478125 0.389610 2.000000 0.523438 0.491342 2.000000 0.475000 0.491342 2.000000 0.523438 0.564935 2.000000 0.481250 0.569264 2.000000
0 0.637375 0.412024 0.110594 0.243701 0.625000 0.322511 1.000000 0.631250 0.316017 1.000000 0.620313 0.318182 1.000000 0.639062 0.318182 1.000000 0.612500 0.320346 1.000000 0.650000 0.352814 2.000000 0.612500 0.341991 1.000000 0.000000 0.000000 0.000000 0.610938 0.389610 1.000000 0.000000 0.000000 0.000000 0.000000 0.000000 0.000000 0.000000 0.000000 0.000000 0.000000 0.000000 0.000000 0.000000 0.000000 0.000000 0.000000 0.000000 0.000000 0.000000 0.000000 0.000000 0.000000 0.000000 0.000000
0 0.889945 0.405097 0.100078 0.384351 0.889062 0.242424 2.000000 0.892188 0.238095 2.000000 0.884375 0.238095 2.000000 0.000000 0.000000 0.000000 0.870313 0.246753 2.000000 0.907813 0.287879 2.000000 0.857812 0.296537 2.000000 0.923438 0.339827 2.000000 0.846875 0.348485 2.000000 0.893750 0.354978 2.000000 0.864062 0.352814 2.000000 0.900000 0.409091 2.000000 0.865625 0.411255 2.000000 0.914062 0.491342 2.000000 0.871875 0.491342 2.000000 0.914062 0.577922 2.000000 0.881250 0.580087 2.000000
0 0.746438 0.382229 0.117562 0.367316 0.748437 0.246753 1.000000 0.750000 0.233766 2.000000 0.000000 0.000000 0.000000 0.757812 0.231602 2.000000 0.000000 0.000000 0.000000 0.751563 0.272727 2.000000 0.792188 0.277056 2.000000 0.726562 0.324675 2.000000 0.795312 0.331169 2.000000 0.696875 0.337662 2.000000 0.000000 0.000000 0.000000 0.767188 0.367965 2.000000 0.790625 0.367965 2.000000 0.748437 0.448052 2.000000 0.779687 0.456710 2.000000 0.764062 0.538961 2.000000 0.776563 0.541126 2.000000
0 0.416133 0.380043 0.089672 0.297359 0.418750 0.270563 2.000000 0.423438 0.264069 2.000000 0.414062 0.266234 2.000000 0.000000 0.000000 0.000000 0.400000 0.266234 2.000000 0.434375 0.298701 2.000000 0.390625 0.300866 2.000000 0.465625 0.339827 1.000000 0.379688 0.363636 2.000000 0.448437 0.354978 2.000000 0.376563 0.413420 2.000000 0.421875 0.428571 2.000000 0.398438 0.428571 2.000000 0.428125 0.497835 2.000000 0.396875 0.491342 1.000000 0.437500 0.569264 1.000000 0.398438 0.569264 1.000000
0 0.150742 0.412673 0.070047 0.360411 0.000000 0.000000 0.000000 0.000000 0.000000 0.000000 0.000000 0.000000 0.000000 0.135937 0.264069 2.000000 0.000000 0.000000 0.000000 0.157812 0.300866 2.000000 0.146875 0.309524 2.000000 0.143750 0.357143 2.000000 0.159375 0.344156 1.000000 0.129688 0.404762 2.000000 0.135937 0.324675 2.000000 0.160938 0.404762 2.000000 0.146875 0.404762 2.000000 0.154688 0.495671 2.000000 0.135937 0.493506 2.000000 0.156250 0.567100 2.000000 0.134375 0.562771 2.000000
0 0.051805 0.398236 0.096828 0.385866 0.056250 0.246753 2.000000 0.060937 0.240260 2.000000 0.050000 0.240260 2.000000 0.000000 0.000000 0.000000 0.037500 0.246753 2.000000 0.070312 0.287879 2.000000 0.028125 0.290043 2.000000 0.082812 0.363636 2.000000 0.012500 0.359307 2.000000 0.000000 0.000000 0.000000 0.017188 0.339827 2.000000 0.065625 0.396104 1.000000 0.037500 0.393939 2.000000 0.000000 0.000000 0.000000 0.032813 0.491342 2.000000 0.000000 0.000000 0.000000 0.026562 0.569264 2.000000
0 0.344797 0.399989 0.060719 0.388160 0.364063 0.238095 2.000000 0.000000 0.000000 0.000000 0.356250 0.231602 2.000000 0.000000 0.000000 0.000000 0.340625 0.240260 2.000000 0.350000 0.274892 2.000000 0.326562 0.285714 2.000000 0.000000 0.000000 0.000000 0.326562 0.335498 2.000000 0.000000 0.000000 0.000000 0.334375 0.389610 2.000000 0.359375 0.389610 2.000000 0.345313 0.389610 2.000000 0.350000 0.482684 2.000000 0.350000 0.467532 2.000000 0.337500 0.554113 2.000000 0.340625 0.556277 2.000000
0 0.217484 0.333885 0.085437 0.262143 0.000000 0.000000 0.000000 0.000000 0.000000 0.000000 0.000000 0.000000 0.000000 0.212500 0.229437 1.000000 0.237500 0.233766 2.000000 0.200000 0.270563 2.000000 0.240625 0.272727 2.000000 0.187500 0.341991 2.000000 0.000000 0.000000 0.000000 0.000000 0.000000 0.000000 0.000000 0.000000 0.000000 0.207813 0.359307 2.000000 0.231250 0.359307 2.000000 0.203125 0.463203 2.000000 0.234375 0.463203 2.000000 0.200000 0.551948 1.000000 0.234375 0.554113 1.000000
0 0.852336 0.420530 0.095641 0.145000 0.000000 0.000000 0.000000 0.000000 0.000000 0.000000 0.000000 0.000000 0.000000 0.000000 0.000000 0.000000 0.000000 0.000000 0.000000 0.909375 0.292208 1.000000 0.854688 0.300866 1.000000 0.926562 0.341991 1.000000 0.845313 0.352814 1.000000 0.895312 0.352814 1.000000 0.867188 0.352814 1.000000 0.898438 0.406926 1.000000 0.867188 0.409091 1.000000 0.909375 0.493506 1.000000 0.873437 0.491342 1.000000 0.000000 0.000000 0.000000 0.000000 0.000000 0.000000
