0 0.571180 0.169668 0.108160 0.213484 0.584000 0.146277 2.000000 0.596000 0.132979 2.000000 0.566000 0.130319 2.000000 0.622000 0.132979 2.000000 0.554000 0.140957 1.000000 0.638000 0.231383 1.000000 0.532000 0.242021 2.000000 0.000000 0.000000 0.000000 0.000000 0.000000 0.000000 0.000000 0.000000 0.000000 0.000000 0.000000 0.000000 0.000000 0.000000 0.000000 0.000000 0.000000 0.000000 0.000000 0.000000 0.000000 0.000000 0.000000 0.000000 0.000000 0.000000 0.000000 0.000000 0.000000 0.000000
0 0.868600 0.284269 0.199400 0.451676 0.858000 0.151596 2.000000 0.870000 0.135638 2.000000 0.844000 0.135638 2.000000 0.886000 0.146277 1.000000 0.814000 0.138298 2.000000 0.906000 0.252660 2.000000 0.784000 0.260638 2.000000 0.960000 0.372340 2.000000 0.766000 0.390957 1.000000 0.948000 0.457447 2.000000 0.788000 0.481383 1.000000 0.886000 0.462766 1.000000 0.814000 0.468085 2.000000 0.000000 0.000000 0.000000 0.000000 0.000000 0.000000 0.000000 0.000000 0.000000 0.000000 0.000000 0.000000
0 0.163920 0.705625 0.206160 0.566303 0.180000 0.529255 2.000000 0.194000 0.521277 2.000000 0.166000 0.513298 2.000000 0.212000 0.539894 1.000000 0.134000 0.518617 2.000000 0.228000 0.643617 2.000000 0.106000 0.646277 2.000000 0.238000 0.739362 2.000000 0.102000 0.768617 2.000000 0.216000 0.856383 2.000000 0.120000 0.861702 2.000000 0.194000 0.859043 2.000000 0.126000 0.859043 2.000000 0.196000 0.970745 2.000000 0.122000 0.970745 2.000000 0.000000 0.000000 0.000000 0.000000 0.000000 0.000000
0 0.290450 0.549973 0.171900 0.864681 0.312000 0.207447 2.000000 0.314000 0.183511 2.000000 0.294000 0.183511 2.000000 0.000000 0.000000 0.000000 0.260000 0.210106 2.000000 0.364000 0.313830 2.000000 0.238000 0.327128 2.000000 0.000000 0.000000 0.000000 0.232000 0.452128 2.000000 0.000000 0.000000 0.000000 0.244000 0.510638 2.000000 0.352000 0.526596 1.000000 0.268000 0.523936 1.000000 0.338000 0.710106 1.000000 0.280000 0.710106 2.000000 0.338000 0.896277 1.000000 0.282000 0.912234 2.000000
0 0.441900 0.312354 0.197720 0.458431 0.456000 0.167553 2.000000 0.468000 0.159574 2.000000 0.440000 0.156915 2.000000 0.490000 0.170213 2.000000 0.418000 0.162234 1.000000 0.500000 0.255319 2.000000 0.412000 0.257979 2.000000 0.528000 0.353723 1.000000 0.360000 0.271277 2.000000 0.518000 0.430851 1.000000 0.398000 0.175532 2.000000 0.488000 0.438830 1.000000 0.426000 0.441489 2.000000 0.000000 0.000000 0.000000 0.000000 0.000000 0.000000 0.000000 0.000000 0.000000 0.000000 0.000000 0.000000
0 0.538230 0.625851 0.217980 0.725851 0.540000 0.385638 2.000000 0.556000 0.367021 2.000000 0.534000 0.359043 2.000000 0.592000 0.372340 2.000000 0.000000 0.000000 0.000000 0.618000 0.473404 2.000000 0.478000 0.473404 2.000000 0.628000 0.625000 2.000000 0.440000 0.587766 2.000000 0.584000 0.744681 2.000000 0.478000 0.638298 2.000000 0.592000 0.779255 2.000000 0.506000 0.781915 2.000000 0.584000 0.960106 2.000000 0.498000 0.994681 1.000000 0.000000 0.000000 0.000000 0.000000 0.000000 0.000000
0 0.354030 0.653936 0.197700 0.665160 0.356000 0.422872 2.000000 0.366000 0.404255 2.000000 0.340000 0.404255 2.000000 0.394000 0.409574 2.000000 0.320000 0.417553 2.000000 0.408000 0.507979 2.000000 0.292000 0.510638 2.000000 0.418000 0.606383 2.000000 0.264000 0.582447 2.000000 0.398000 0.694149 2.000000 0.268000 0.470745 2.000000 0.374000 0.742021 2.000000 0.314000 0.742021 2.000000 0.396000 0.744681 2.000000 0.340000 0.949468 2.000000 0.406000 0.936170 2.000000 0.000000 0.000000 0.000000
0 0.905780 0.684282 0.185880 0.600000 0.854000 0.502660 2.000000 0.874000 0.484043 2.000000 0.844000 0.484043 2.000000 0.902000 0.492021 2.000000 0.820000 0.484043 1.000000 0.942000 0.582447 2.000000 0.832000 0.585106 1.000000 0.982000 0.715426 2.000000 0.000000 0.000000 0.000000 0.964000 0.845745 2.000000 0.000000 0.000000 0.000000 0.956000 0.792553 2.000000 0.890000 0.792553 2.000000 0.920000 0.968085 2.000000 0.856000 0.747340 2.000000 0.000000 0.000000 0.000000 0.888000 0.941489 2.000000
0 0.737170 0.638856 0.230340 0.722287 0.718000 0.377660 2.000000 0.732000 0.359043 2.000000 0.704000 0.359043 2.000000 0.756000 0.380319 2.000000 0.686000 0.380319 1.000000 0.780000 0.494681 2.000000 0.660000 0.497340 2.000000 0.794000 0.635638 2.000000 0.650000 0.632979 2.000000 0.794000 0.789894 2.000000 0.634000 0.768617 2.000000 0.756000 0.734043 2.000000 0.674000 0.728723 2.000000 0.758000 0.960106 2.000000 0.688000 0.960106 2.000000 0.000000 0.000000 0.000000 0.000000 0.000000 0.000000
0 0.680340 0.251117 0.197280 0.466383 0.654000 0.111702 2.000000 0.666000 0.101064 2.000000 0.640000 0.101064 2.000000 0.692000 0.101064 2.000000 0.626000 0.114362 2.000000 0.720000 0.204787 2.000000 0.604000 0.202128 2.000000 0.746000 0.324468 1.000000 0.588000 0.319149 1.000000 0.000000 0.000000 0.000000 0.622000 0.422872 2.000000 0.728000 0.420213 1.000000 0.644000 0.422872 2.000000 0.732000 0.619681 1.000000 0.654000 0.622340 1.000000 0.000000 0.000000 0.000000 0.000000 0.000000 0.000000
0 0.112710 0.521463 0.211980 0.921702 0.106000 0.154255 2.000000 0.118000 0.135638 2.000000 0.090000 0.138298 2.000000 0.146000 0.143617 2.000000 0.066000 0.146277 2.000000 0.172000 0.242021 2.000000 0.044000 0.250000 2.000000 0.190000 0.398936 2.000000 0.030000 0.398936 2.000000 0.186000 0.513298 1.000000 0.040000 0.526596 2.000000 0.160000 0.507979 1.000000 0.068000 0.502660 2.000000 0.162000 0.726064 1.000000 0.062000 0.752660 2.000000 0.162000 0.901596 1.000000 0.064000 0.922872 2.000000
