0 0.262696 0.514518 0.368725 0.536520 0.276144 0.387255 2.000000 0.000000 0.000000 0.000000 0.254902 0.361111 2.000000 0.000000 0.000000 0.000000 0.179739 0.354575 2.000000 0.192810 0.462418 2.000000 0.130719 0.498366 2.000000 0.253268 0.643791 2.000000 0.228758 0.707516 2.000000 0.369281 0.707516 2.000000 0.390523 0.746732 2.000000 0.282680 0.669935 2.000000 0.264706 0.707516 2.000000 0.000000 0.000000 0.000000 0.000000 0.000000 0.000000 0.000000 0.000000 0.000000 0.000000 0.000000 0.000000
0 0.218472 0.563064 0.432435 0.840082 0.279412 0.387255 1.000000 0.276144 0.367647 1.000000 0.259804 0.364379 1.000000 0.000000 0.000000 0.000000 0.183007 0.357843 1.000000 0.218954 0.480392 1.000000 0.145425 0.524510 1.000000 0.271242 0.647059 1.000000 0.218954 0.710784 1.000000 0.380719 0.718954 1.000000 0.398693 0.745098 1.000000 0.310458 0.725490 1.000000 0.282680 0.763072 1.000000 0.508170 0.736928 1.000000 0.500000 0.779412 1.000000 0.000000 0.000000 0.000000 0.000000 0.000000 0.000000
0 0.516855 0.414608 0.242696 0.262908 0.527778 0.339869 2.000000 0.540850 0.331699 2.000000 0.517974 0.330065 2.000000 0.558824 0.341503 2.000000 0.504902 0.343137 2.000000 0.607843 0.429739 2.000000 0.454248 0.429739 2.000000 0.642157 0.500000 1.000000 0.415033 0.508170 2.000000 0.560458 0.486928 1.000000 0.493464 0.490196 2.000000 0.586601 0.614379 1.000000 0.490196 0.614379 1.000000 0.000000 0.000000 0.000000 0.000000 0.000000 0.000000 0.000000 0.000000 0.000000 0.000000 0.000000 0.000000
0 0.346732 0.418979 0.118007 0.327402 0.000000 0.000000 0.000000 0.000000 0.000000 0.000000 0.000000 0.000000 0.000000 0.334967 0.297386 2.000000 0.379085 0.290850 2.000000 0.328431 0.346405 2.000000 0.395425 0.339869 2.000000 0.300654 0.413399 1.000000 0.398693 0.398693 2.000000 0.000000 0.000000 0.000000 0.000000 0.000000 0.000000 0.341503 0.493464 1.000000 0.383987 0.488562 2.000000 0.341503 0.560458 1.000000 0.382353 0.557190 2.000000 0.000000 0.000000 0.000000 0.000000 0.000000 0.000000
0 0.745466 0.333129 0.133938 0.142435 0.000000 0.000000 0.000000 0.000000 0.000000 0.000000 0.000000 0.000000 0.000000 0.758170 0.295752 2.000000 0.000000 0.000000 0.000000 0.732026 0.330065 2.000000 0.836601 0.321895 1.000000 0.686275 0.397059 2.000000 0.000000 0.000000 0.000000 0.000000 0.000000 0.000000 0.000000 0.000000 0.000000 0.753268 0.450980 1.000000 0.826797 0.449346 1.000000 0.683007 0.457516 1.000000 0.000000 0.000000 0.000000 0.000000 0.000000 0.000000 0.000000 0.000000 0.000000
0 0.836046 0.384820 0.100523 0.157124 0.810458 0.374183 2.000000 0.825163 0.361111 2.000000 0.800654 0.361111 2.000000 0.867647 0.367647 2.000000 0.000000 0.000000 0.000000 0.898693 0.444444 1.000000 0.766340 0.441176 1.000000 0.000000 0.000000 0.000000 0.000000 0.000000 0.000000 0.000000 0.000000 0.000000 0.000000 0.000000 0.000000 0.000000 0.000000 0.000000 0.000000 0.000000 0.000000 0.000000 0.000000 0.000000 0.000000 0.000000 0.000000 0.000000 0.000000 0.000000 0.000000 0.000000 0.000000
0 0.970899 0.566552 0.058203 0.220033 0.000000 0.000000 0.000000 0.000000 0.000000 0.000000 0.000000 0.000000 0.000000 0.000000 0.000000 0.000000 0.000000 0.000000 0.000000 0.000000 0.000000 0.000000 0.000000 0.000000 0.000000 0.000000 0.000000 0.000000 0.954248 0.563725 2.000000 0.000000 0.000000 0.000000 0.000000 0.000000 0.000000 0.000000 0.000000 0.000000 0.000000 0.000000 0.000000 0.000000 0.000000 0.000000 0.000000 0.000000 0.000000 0.000000 0.000000 0.000000 0.000000 0.000000 0.000000
0 0.341389 0.528791 0.175131 0.253039 0.000000 0.000000 0.000000 0.000000 0.000000 0.000000 0.000000 0.000000 0.000000 0.000000 0.000000 0.000000 0.000000 0.000000 0.000000 0.289216 0.428105 2.000000 0.000000 0.000000 0.000000 0.333333 0.517974 2.000000 0.000000 0.000000 0.000000 0.374183 0.580065 2.000000 0.320261 0.593137 1.000000 0.326797 0.627451 1.000000 0.000000 0.000000 0.000000 0.446078 0.671569 1.000000 0.000000 0.000000 0.000000 0.000000 0.000000 0.000000 0.000000 0.000000 0.000000
0 0.875196 0.470850 0.249608 0.401438 0.882353 0.343137 1.000000 0.906863 0.331699 2.000000 0.885621 0.328431 2.000000 0.952614 0.344771 2.000000 0.000000 0.000000 0.000000 0.988562 0.437908 2.000000 0.879085 0.431373 1.000000 0.928105 0.566993 2.000000 0.792484 0.517974 2.000000 0.844771 0.477124 2.000000 0.774510 0.482026 2.000000 0.926471 0.673203 1.000000 0.841503 0.648693 1.000000 0.000000 0.000000 0.000000 0.000000 0.000000 0.000000 0.000000 0.000000 0.000000 0.000000 0.000000 0.000000
0 0.333546 0.581585 0.221078 0.271667 0.000000 0.000000 0.000000 0.000000 0.000000 0.000000 0.000000 0.000000 0.000000 0.000000 0.000000 0.000000 0.000000 0.000000 0.000000 0.246732 0.446078 2.000000 0.000000 0.000000 0.000000 0.000000 0.000000 0.000000 0.250000 0.627451 1.000000 0.348039 0.632353 2.000000 0.344771 0.655229 2.000000 0.318627 0.642157 2.000000 0.000000 0.000000 0.000000 0.436275 0.663399 1.000000 0.444444 0.718954 1.000000 0.000000 0.000000 0.000000 0.000000 0.000000 0.000000
