0 0.739938 0.471482 0.083062 0.379208 0.726562 0.319005 2.000000 0.729688 0.309955 2.000000 0.721875 0.314480 2.000000 0.742188 0.307692 2.000000 0.000000 0.000000 0.000000 0.770312 0.361991 2.000000 0.710938 0.359729 2.000000 0.767188 0.420814 2.000000 0.706250 0.418552 2.000000 0.740625 0.454751 2.000000 0.731250 0.463801 2.000000 0.753125 0.468326 2.000000 0.720313 0.468326 2.000000 0.745313 0.547511 2.000000 0.721875 0.549774 2.000000 0.734375 0.619910 2.000000 0.715625 0.626697 2.000000
0 0.242352 0.557308 0.101984 0.436923 0.246875 0.382353 2.000000 0.251563 0.373303 2.000000 0.239063 0.375566 2.000000 0.259375 0.382353 2.000000 0.231250 0.380090 2.000000 0.268750 0.425339 2.000000 0.218750 0.423077 2.000000 0.296875 0.481900 1.000000 0.192188 0.479638 2.000000 0.279687 0.513575 2.000000 0.196875 0.518100 2.000000 0.262500 0.570136 2.000000 0.225000 0.570136 2.000000 0.257812 0.656109 2.000000 0.221875 0.660633 2.000000 0.246875 0.728507 2.000000 0.221875 0.735294 2.000000
0 0.318102 0.546278 0.071484 0.413054 0.320312 0.371041 2.000000 0.326562 0.361991 1.000000 0.312500 0.361991 2.000000 0.332813 0.366516 1.000000 0.303125 0.366516 2.000000 0.339062 0.414027 2.000000 0.289062 0.414027 2.000000 0.353125 0.481900 1.000000 0.278125 0.477376 1.000000 0.000000 0.000000 0.000000 0.000000 0.000000 0.000000 0.328125 0.545249 2.000000 0.296875 0.542986 2.000000 0.326562 0.624434 2.000000 0.298438 0.624434 2.000000 0.315625 0.705882 2.000000 0.298438 0.710407 2.000000
0 0.354281 0.572941 0.105125 0.374842 0.370312 0.420814 2.000000 0.375000 0.414027 2.000000 0.364063 0.414027 2.000000 0.381250 0.414027 2.000000 0.356250 0.418552 2.000000 0.398438 0.445701 1.000000 0.342187 0.447964 2.000000 0.000000 0.000000 0.000000 0.310937 0.493213 2.000000 0.000000 0.000000 0.000000 0.321875 0.540724 2.000000 0.392188 0.561086 2.000000 0.357812 0.558824 2.000000 0.390625 0.644796 2.000000 0.354687 0.638009 2.000000 0.382812 0.717195 2.000000 0.351562 0.714932 2.000000
0 0.439930 0.547036 0.086922 0.420226 0.439063 0.384615 2.000000 0.442188 0.377828 2.000000 0.432812 0.375566 2.000000 0.451562 0.377828 2.000000 0.428125 0.380090 2.000000 0.462500 0.425339 2.000000 0.414062 0.427602 2.000000 0.475000 0.493213 1.000000 0.404687 0.481900 2.000000 0.476562 0.547511 2.000000 0.406250 0.536199 2.000000 0.454688 0.542986 2.000000 0.423438 0.545249 2.000000 0.454688 0.631222 2.000000 0.425000 0.628959 2.000000 0.443750 0.708145 2.000000 0.417187 0.705882 2.000000
0 0.584727 0.523586 0.094609 0.419344 0.579688 0.348416 2.000000 0.584375 0.343891 2.000000 0.573438 0.343891 2.000000 0.592187 0.350679 2.000000 0.567187 0.346154 2.000000 0.606250 0.393665 2.000000 0.553125 0.393665 2.000000 0.615625 0.443439 2.000000 0.545312 0.441176 2.000000 0.617188 0.470588 2.000000 0.554688 0.475113 2.000000 0.595313 0.518100 2.000000 0.564063 0.515837 2.000000 0.584375 0.604072 2.000000 0.559375 0.599548 2.000000 0.573438 0.674208 2.000000 0.548438 0.685520 2.000000
0 0.643875 0.498009 0.092688 0.402036 0.631250 0.346154 2.000000 0.637500 0.337104 2.000000 0.628125 0.337104 2.000000 0.645312 0.337104 2.000000 0.623437 0.339367 2.000000 0.665625 0.382353 2.000000 0.609375 0.382353 2.000000 0.673438 0.438914 2.000000 0.600000 0.441176 1.000000 0.662500 0.470588 2.000000 0.620313 0.484163 1.000000 0.650000 0.488688 2.000000 0.621875 0.490950 1.000000 0.650000 0.581448 2.000000 0.621875 0.576923 2.000000 0.631250 0.649321 2.000000 0.610938 0.656109 2.000000
0 0.680242 0.501878 0.058797 0.353303 0.673438 0.359729 2.000000 0.676562 0.355204 2.000000 0.667188 0.355204 2.000000 0.000000 0.000000 0.000000 0.000000 0.000000 0.000000 0.685937 0.389140 2.000000 0.651563 0.386878 1.000000 0.696875 0.432127 2.000000 0.000000 0.000000 0.000000 0.000000 0.000000 0.000000 0.000000 0.000000 0.000000 0.678125 0.495475 2.000000 0.650000 0.497738 1.000000 0.681250 0.570136 2.000000 0.646875 0.572398 1.000000 0.664062 0.631222 2.000000 0.651563 0.633484 1.000000
0 0.512992 0.543620 0.091391 0.390181 0.532813 0.384615 2.000000 0.535937 0.382353 2.000000 0.528125 0.377828 2.000000 0.000000 0.000000 0.000000 0.517188 0.373303 2.000000 0.545312 0.418552 1.000000 0.495312 0.407240 2.000000 0.548438 0.457014 1.000000 0.478125 0.463801 2.000000 0.537500 0.479638 2.000000 0.487500 0.490950 2.000000 0.528125 0.536199 2.000000 0.501563 0.527149 2.000000 0.528125 0.640271 2.000000 0.501563 0.638009 2.000000 0.512500 0.694570 2.000000 0.493750 0.690045 2.000000
0 0.142250 0.564118 0.123031 0.452308 0.151562 0.386878 2.000000 0.156250 0.382353 2.000000 0.143750 0.382353 2.000000 0.000000 0.000000 0.000000 0.132812 0.386878 2.000000 0.168750 0.420814 2.000000 0.118750 0.420814 2.000000 0.190625 0.488688 2.000000 0.092188 0.495475 2.000000 0.187500 0.531674 2.000000 0.090625 0.547511 2.000000 0.164062 0.567873 2.000000 0.128125 0.567873 2.000000 0.168750 0.665158 2.000000 0.126562 0.667421 2.000000 0.159375 0.742081 2.000000 0.125000 0.746606 2.000000
