0 0.304898 0.691437 0.474672 0.583333 0.334375 0.618750 2.000000 0.000000 0.000000 0.000000 0.301563 0.587500 2.000000 0.000000 0.000000 0.000000 0.207813 0.637500 2.000000 0.271875 0.758333 2.000000 0.225000 0.885417 1.000000 0.000000 0.000000 0.000000 0.000000 0.000000 0.000000 0.453125 0.856250 2.000000 0.418750 0.933333 2.000000 0.000000 0.000000 0.000000 0.000000 0.000000 0.000000 0.000000 0.000000 0.000000 0.000000 0.000000 0.000000 0.000000 0.000000 0.000000 0.000000 0.000000 0.000000
0 0.800680 0.495500 0.135141 0.213958 0.798438 0.581250 1.000000 0.818750 0.558333 2.000000 0.000000 0.000000 0.000000 0.854688 0.508333 2.000000 0.000000 0.000000 0.000000 0.000000 0.000000 0.000000 0.000000 0.000000 0.000000 0.000000 0.000000 0.000000 0.000000 0.000000 0.000000 0.000000 0.000000 0.000000 0.000000 0.000000 0.000000 0.000000 0.000000 0.000000 0.000000 0.000000 0.000000 0.000000 0.000000 0.000000 0.000000 0.000000 0.000000 0.000000 0.000000 0.000000 0.000000 0.000000 0.000000
0 0.844383 0.773042 0.286516 0.435958 0.000000 0.000000 0.000000 0.000000 0.000000 0.000000 0.000000 0.000000 0.000000 0.000000 0.000000 0.000000 0.960938 0.760417 2.000000 0.000000 0.000000 0.000000 0.000000 0.000000 0.000000 0.000000 0.000000 0.000000 0.000000 0.000000 0.000000 0.000000 0.000000 0.000000 0.000000 0.000000 0.000000 0.000000 0.000000 0.000000 0.000000 0.000000 0.000000 0.000000 0.000000 0.000000 0.000000 0.000000 0.000000 0.000000 0.000000 0.000000 0.000000 0.000000 0.000000
0 0.546914 0.825844 0.338766 0.325854 0.000000 0.000000 0.000000 0.000000 0.000000 0.000000 0.000000 0.000000 0.000000 0.000000 0.000000 0.000000 0.704688 0.858333 1.000000 0.414062 0.981250 2.000000 0.000000 0.000000 0.000000 0.000000 0.000000 0.000000 0.000000 0.000000 0.000000 0.000000 0.000000 0.000000 0.000000 0.000000 0.000000 0.000000 0.000000 0.000000 0.000000 0.000000 0.000000 0.000000 0.000000 0.000000 0.000000 0.000000 0.000000 0.000000 0.000000 0.000000 0.000000 0.000000 0.000000
0 0.125352 0.478063 0.244984 0.479375 0.231250 0.404167 1.000000 0.242188 0.360417 1.000000 0.195312 0.362500 1.000000 0.000000 0.000000 0.000000 0.140625 0.362500 1.000000 0.265625 0.483333 1.000000 0.068750 0.456250 1.000000 0.000000 0.000000 0.000000 0.021875 0.735417 1.000000 0.000000 0.000000 0.000000 0.096875 0.612500 2.000000 0.000000 0.000000 0.000000 0.000000 0.000000 0.000000 0.000000 0.000000 0.000000 0.000000 0.000000 0.000000 0.000000 0.000000 0.000000 0.000000 0.000000 0.000000
0 0.726406 0.155052 0.094375 0.157313 0.728125 0.147917 2.000000 0.735938 0.135417 2.000000 0.717187 0.135417 2.000000 0.753125 0.143750 2.000000 0.698438 0.143750 2.000000 0.764062 0.216667 1.000000 0.676562 0.216667 1.000000 0.000000 0.000000 0.000000 0.000000 0.000000 0.000000 0.000000 0.000000 0.000000 0.707812 0.229167 2.000000 0.000000 0.000000 0.000000 0.000000 0.000000 0.000000 0.000000 0.000000 0.000000 0.000000 0.000000 0.000000 0.000000 0.000000 0.000000 0.000000 0.000000 0.000000
0 0.614188 0.445167 0.400094 0.564667 0.626563 0.375000 2.000000 0.654687 0.337500 2.000000 0.603125 0.339583 2.000000 0.693750 0.343750 2.000000 0.560937 0.347917 2.000000 0.775000 0.527083 2.000000 0.481250 0.510417 2.000000 0.000000 0.000000 0.000000 0.445312 0.733333 1.000000 0.000000 0.000000 0.000000 0.557813 0.583333 2.000000 0.000000 0.000000 0.000000 0.000000 0.000000 0.000000 0.000000 0.000000 0.000000 0.000000 0.000000 0.000000 0.000000 0.000000 0.000000 0.000000 0.000000 0.000000
0 0.295781 0.350000 0.126406 0.285375 0.275000 0.322917 2.000000 0.290625 0.306250 2.000000 0.262500 0.306250 2.000000 0.318750 0.314583 2.000000 0.000000 0.000000 0.000000 0.345313 0.425000 2.000000 0.214062 0.400000 1.000000 0.000000 0.000000 0.000000 0.000000 0.000000 0.000000 0.000000 0.000000 0.000000 0.000000 0.000000 0.000000 0.000000 0.000000 0.000000 0.000000 0.000000 0.000000 0.000000 0.000000 0.000000 0.000000 0.000000 0.000000 0.000000 0.000000 0.000000 0.000000 0.000000 0.000000
0 0.372469 0.342323 0.097750 0.253937 0.359375 0.293750 2.000000 0.378125 0.283333 2.000000 0.346875 0.275000 2.000000 0.000000 0.000000 0.000000 0.000000 0.000000 0.000000 0.000000 0.000000 0.000000 0.000000 0.000000 0.000000 0.000000 0.000000 0.000000 0.000000 0.000000 0.000000 0.000000 0.000000 0.000000 0.000000 0.000000 0.000000 0.000000 0.000000 0.000000 0.000000 0.000000 0.000000 0.000000 0.000000 0.000000 0.000000 0.000000 0.000000 0.000000 0.000000 0.000000 0.000000 0.000000 0.000000
0 0.709422 0.344323 0.068937 0.253521 0.684375 0.356250 1.000000 0.710938 0.335417 2.000000 0.000000 0.000000 0.000000 0.725000 0.352083 2.000000 0.000000 0.000000 0.000000 0.737500 0.483333 1.000000 0.000000 0.000000 0.000000 0.000000 0.000000 0.000000 0.000000 0.000000 0.000000 0.000000 0.000000 0.000000 0.000000 0.000000 0.000000 0.000000 0.000000 0.000000 0.000000 0.000000 0.000000 0.000000 0.000000 0.000000 0.000000 0.000000 0.000000 0.000000 0.000000 0.000000 0.000000 0.000000 0.000000
0 0.880555 0.326750 0.238891 0.407417 0.945312 0.306250 2.000000 0.973437 0.277083 2.000000 0.928125 0.268750 2.000000 0.000000 0.000000 0.000000 0.000000 0.000000 0.000000 0.995313 0.433333 2.000000 0.853125 0.383333 2.000000 0.990625 0.583333 1.000000 0.800000 0.518750 1.000000 0.915625 0.450000 2.000000 0.792188 0.404167 1.000000 0.000000 0.000000 0.000000 0.000000 0.000000 0.000000 0.000000 0.000000 0.000000 0.000000 0.000000 0.000000 0.000000 0.000000 0.000000 0.000000 0.000000 0.000000
0 0.964305 0.108844 0.071391 0.101104 0.937500 0.131250 2.000000 0.953125 0.120833 2.000000 0.000000 0.000000 0.000000 0.985938 0.133333 2.000000 0.000000 0.000000 0.000000 0.000000 0.000000 0.000000 0.000000 0.000000 0.000000 0.000000 0.000000 0.000000 0.000000 0.000000 0.000000 0.000000 0.000000 0.000000 0.000000 0.000000 0.000000 0.000000 0.000000 0.000000 0.000000 0.000000 0.000000 0.000000 0.000000 0.000000 0.000000 0.000000 0.000000 0.000000 0.000000 0.000000 0.000000 0.000000 0.000000
0 0.328375 0.163073 0.058969 0.106896 0.000000 0.000000 0.000000 0.000000 0.000000 0.000000 0.000000 0.000000 0.000000 0.000000 0.000000 0.000000 0.337500 0.175000 2.000000 0.000000 0.000000 0.000000 0.000000 0.000000 0.000000 0.000000 0.000000 0.000000 0.000000 0.000000 0.000000 0.000000 0.000000 0.000000 0.000000 0.000000 0.000000 0.000000 0.000000 0.000000 0.000000 0.000000 0.000000 0.000000 0.000000 0.000000 0.000000 0.000000 0.000000 0.000000 0.000000 0.000000 0.000000 0.000000 0.000000
