0 0.542180 0.511267 0.251078 0.952708 0.423438 0.176015 1.000000 0.434375 0.147002 2.000000 0.000000 0.000000 0.000000 0.493750 0.131528 2.000000 0.000000 0.000000 0.000000 0.554688 0.255319 2.000000 0.000000 0.000000 0.000000 0.657813 0.394584 2.000000 0.000000 0.000000 0.000000 0.615625 0.572534 2.000000 0.000000 0.000000 0.000000 0.554688 0.578337 2.000000 0.000000 0.000000 0.000000 0.509375 0.891683 2.000000 0.445312 0.858801 2.000000 0.000000 0.000000 0.000000 0.000000 0.000000 0.000000
0 0.922063 0.495503 0.155875 0.982031 0.948438 0.065764 1.000000 0.981250 0.050290 2.000000 0.951562 0.038685 1.000000 0.000000 0.000000 0.000000 0.000000 0.000000 0.000000 0.000000 0.000000 0.000000 0.000000 0.000000 0.000000 0.000000 0.000000 0.000000 0.976562 0.423598 2.000000 0.000000 0.000000 0.000000 0.950000 0.234043 2.000000 0.000000 0.000000 0.000000 0.000000 0.000000 0.000000 0.898438 0.802708 2.000000 0.870313 0.723404 2.000000 0.000000 0.000000 0.000000 0.000000 0.000000 0.000000
0 0.449992 0.475609 0.108422 0.753926 0.406250 0.160542 2.000000 0.000000 0.000000 0.000000 0.000000 0.000000 0.000000 0.000000 0.000000 0.000000 0.000000 0.000000 0.000000 0.487500 0.255319 2.000000 0.000000 0.000000 0.000000 0.000000 0.000000 0.000000 0.000000 0.000000 0.000000 0.000000 0.000000 0.000000 0.000000 0.000000 0.000000 0.454688 0.570600 2.000000 0.000000 0.000000 0.000000 0.000000 0.000000 0.000000 0.000000 0.000000 0.000000 0.000000 0.000000 0.000000 0.000000 0.000000 0.000000
0 0.696656 0.247282 0.107500 0.231161 0.650000 0.226306 1.000000 0.662500 0.210832 2.000000 0.000000 0.000000 0.000000 0.693750 0.206963 2.000000 0.000000 0.000000 0.000000 0.734375 0.274662 2.000000 0.696875 0.261122 2.000000 0.718750 0.375242 1.000000 0.000000 0.000000 0.000000 0.000000 0.000000 0.000000 0.000000 0.000000 0.000000 0.000000 0.000000 0.000000 0.000000 0.000000 0.000000 0.000000 0.000000 0.000000 0.000000 0.000000 0.000000 0.000000 0.000000 0.000000 0.000000 0.000000 0.000000
0 0.703641 0.217263 0.110625 0.258240 0.654687 0.226306 1.000000 0.662500 0.210832 1.000000 0.000000 0.000000 0.000000 0.693750 0.199226 1.000000 0.000000 0.000000 0.000000 0.732812 0.266925 1.000000 0.698438 0.257253 1.000000 0.000000 0.000000 0.000000 0.000000 0.000000 0.000000 0.000000 0.000000 0.000000 0.000000 0.000000 0.000000 0.000000 0.000000 0.000000 0.000000 0.000000 0.000000 0.000000 0.000000 0.000000 0.000000 0.000000 0.000000 0.000000 0.000000 0.000000 0.000000 0.000000 0.000000
0 0.818711 0.494381 0.272297 0.988762 0.704688 0.104449 1.000000 0.729688 0.081238 1.000000 0.000000 0.000000 0.000000 0.798438 0.094778 1.000000 0.000000 0.000000 0.000000 0.842187 0.212766 1.000000 0.789062 0.216634 1.000000 0.840625 0.429400 1.000000 0.000000 0.000000 0.000000 0.842187 0.615087 2.000000 0.000000 0.000000 0.000000 0.864062 0.588008 2.000000 0.818750 0.588008 1.000000 0.701562 0.735010 2.000000 0.660937 0.721470 1.000000 0.000000 0.000000 0.000000 0.000000 0.000000 0.000000
0 0.713648 0.338230 0.113828 0.241335 0.000000 0.000000 0.000000 0.000000 0.000000 0.000000 0.000000 0.000000 0.000000 0.000000 0.000000 0.000000 0.000000 0.000000 0.000000 0.000000 0.000000 0.000000 0.762500 0.247582 2.000000 0.706250 0.413926 2.000000 0.657813 0.423598 2.000000 0.684375 0.346228 1.000000 0.706250 0.369439 2.000000 0.000000 0.000000 0.000000 0.000000 0.000000 0.000000 0.000000 0.000000 0.000000 0.000000 0.000000 0.000000 0.000000 0.000000 0.000000 0.000000 0.000000 0.000000
0 0.778961 0.464284 0.256672 0.923656 0.707812 0.108317 1.000000 0.728125 0.085106 2.000000 0.000000 0.000000 0.000000 0.790625 0.090909 2.000000 0.000000 0.000000 0.000000 0.835938 0.193424 2.000000 0.793750 0.208897 2.000000 0.843750 0.433269 2.000000 0.000000 0.000000 0.000000 0.840625 0.611219 1.000000 0.000000 0.000000 0.000000 0.817187 0.562863 2.000000 0.795312 0.568665 2.000000 0.678125 0.725338 2.000000 0.653125 0.723404 2.000000 0.000000 0.000000 0.000000 0.000000 0.000000 0.000000
0 0.533406 0.509971 0.271656 0.980058 0.431250 0.179884 1.000000 0.439063 0.147002 1.000000 0.000000 0.000000 0.000000 0.496875 0.139265 1.000000 0.000000 0.000000 0.000000 0.557813 0.266925 1.000000 0.517188 0.274662 1.000000 0.651563 0.394584 1.000000 0.000000 0.000000 0.000000 0.609375 0.572534 1.000000 0.000000 0.000000 0.000000 0.582812 0.580271 1.000000 0.553125 0.582205 1.000000 0.520312 0.862669 1.000000 0.464062 0.820116 1.000000 0.000000 0.000000 0.000000 0.000000 0.000000 0.000000
0 0.629875 0.208298 0.077094 0.129052 0.000000 0.000000 0.000000 0.000000 0.000000 0.000000 0.000000 0.000000 0.000000 0.606250 0.205029 1.000000 0.642188 0.170213 1.000000 0.000000 0.000000 0.000000 0.000000 0.000000 0.000000 0.000000 0.000000 0.000000 0.000000 0.000000 0.000000 0.000000 0.000000 0.000000 0.000000 0.000000 0.000000 0.000000 0.000000 0.000000 0.000000 0.000000 0.000000 0.000000 0.000000 0.000000 0.000000 0.000000 0.000000 0.000000 0.000000 0.000000 0.000000 0.000000 0.000000
