0 0.293703 0.295708 0.097219 0.297917 0.301563 0.191667 2.000000 0.309375 0.189583 2.000000 0.298438 0.183333 2.000000 0.000000 0.000000 0.000000 0.000000 0.000000 0.000000 0.325000 0.235417 2.000000 0.254688 0.225000 2.000000 0.331250 0.308333 2.000000 0.254688 0.285417 2.000000 0.278125 0.285417 2.000000 0.312500 0.287500 2.000000 0.321875 0.354167 2.000000 0.276562 0.356250 2.000000 0.321875 0.468750 1.000000 0.300000 0.470833 1.000000 0.000000 0.000000 0.000000 0.000000 0.000000 0.000000
0 0.488445 0.456969 0.082703 0.160562 0.520312 0.431250 2.000000 0.525000 0.420833 2.000000 0.507812 0.422917 2.000000 0.000000 0.000000 0.000000 0.487500 0.431250 1.000000 0.000000 0.000000 0.000000 0.473438 0.470833 2.000000 0.000000 0.000000 0.000000 0.450000 0.525000 2.000000 0.000000 0.000000 0.000000 0.000000 0.000000 0.000000 0.000000 0.000000 0.000000 0.000000 0.000000 0.000000 0.000000 0.000000 0.000000 0.000000 0.000000 0.000000 0.000000 0.000000 0.000000 0.000000 0.000000 0.000000
0 0.753156 0.410625 0.065219 0.141625 0.735938 0.389583 2.000000 0.743750 0.385417 2.000000 0.731250 0.383333 2.000000 0.759375 0.389583 2.000000 0.000000 0.000000 0.000000 0.773438 0.433333 2.000000 0.718750 0.414583 1.000000 0.000000 0.000000 0.000000 0.000000 0.000000 0.000000 0.000000 0.000000 0.000000 0.000000 0.000000 0.000000 0.000000 0.000000 0.000000 0.000000 0.000000 0.000000 0.000000 0.000000 0.000000 0.000000 0.000000 0.000000 0.000000 0.000000 0.000000 0.000000 0.000000 0.000000
0 0.965281 0.464448 0.069437 0.157812 0.959375 0.437500 2.000000 0.968750 0.431250 2.000000 0.957812 0.427083 2.000000 0.990625 0.437500 2.000000 0.000000 0.000000 0.000000 0.998437 0.491667 2.000000 0.942187 0.477083 2.000000 0.000000 0.000000 0.000000 0.000000 0.000000 0.000000 0.959375 0.518750 2.000000 0.000000 0.000000 0.000000 0.000000 0.000000 0.000000 0.000000 0.000000 0.000000 0.000000 0.000000 0.000000 0.000000 0.000000 0.000000 0.000000 0.000000 0.000000 0.000000 0.000000 0.000000
0 0.943977 0.775573 0.112047 0.447729 0.000000 0.000000 0.000000 0.000000 0.000000 0.000000 0.000000 0.000000 0.000000 0.000000 0.000000 0.000000 0.957812 0.672917 2.000000 0.000000 0.000000 0.000000 0.934375 0.802083 2.000000 0.000000 0.000000 0.000000 0.973437 0.937500 2.000000 0.000000 0.000000 0.000000 0.000000 0.000000 0.000000 0.000000 0.000000 0.000000 0.000000 0.000000 0.000000 0.000000 0.000000 0.000000 0.000000 0.000000 0.000000 0.000000 0.000000 0.000000 0.000000 0.000000 0.000000
0 0.717125 0.543302 0.115469 0.216438 0.739062 0.527083 2.000000 0.746875 0.510417 2.000000 0.729688 0.514583 2.000000 0.000000 0.000000 0.000000 0.689063 0.506250 2.000000 0.739062 0.556250 2.000000 0.667188 0.568750 1.000000 0.000000 0.000000 0.000000 0.642188 0.637500 1.000000 0.000000 0.000000 0.000000 0.725000 0.622917 2.000000 0.000000 0.000000 0.000000 0.000000 0.000000 0.000000 0.000000 0.000000 0.000000 0.000000 0.000000 0.000000 0.000000 0.000000 0.000000 0.000000 0.000000 0.000000
0 0.489867 0.568688 0.168922 0.243250 0.543750 0.545833 2.000000 0.551562 0.529167 2.000000 0.529687 0.527083 2.000000 0.000000 0.000000 0.000000 0.496875 0.514583 2.000000 0.000000 0.000000 0.000000 0.473438 0.581250 2.000000 0.000000 0.000000 0.000000 0.412500 0.677083 2.000000 0.000000 0.000000 0.000000 0.509375 0.660417 2.000000 0.000000 0.000000 0.000000 0.000000 0.000000 0.000000 0.000000 0.000000 0.000000 0.000000 0.000000 0.000000 0.000000 0.000000 0.000000 0.000000 0.000000 0.000000
0 0.331266 0.602792 0.136531 0.453208 0.345313 0.447917 2.000000 0.353125 0.435417 2.000000 0.335938 0.437500 2.000000 0.000000 0.000000 0.000000 0.315625 0.439583 2.000000 0.364063 0.477083 1.000000 0.300000 0.475000 2.000000 0.000000 0.000000 0.000000 0.271875 0.552083 2.000000 0.000000 0.000000 0.000000 0.312500 0.543750 1.000000 0.337500 0.612500 1.000000 0.285938 0.620833 1.000000 0.378125 0.668750 2.000000 0.314063 0.689583 2.000000 0.320312 0.768750 2.000000 0.329688 0.747917 2.000000
0 0.204828 0.501292 0.084562 0.314125 0.000000 0.000000 0.000000 0.000000 0.000000 0.000000 0.000000 0.000000 0.000000 0.000000 0.000000 0.000000 0.000000 0.000000 0.000000 0.231250 0.404167 1.000000 0.181250 0.404167 2.000000 0.000000 0.000000 0.000000 0.000000 0.000000 0.000000 0.000000 0.000000 0.000000 0.000000 0.000000 0.000000 0.223438 0.491667 1.000000 0.184375 0.491667 1.000000 0.239063 0.531250 2.000000 0.182812 0.531250 2.000000 0.237500 0.616667 2.000000 0.182812 0.616667 2.000000
0 0.074016 0.384656 0.141219 0.147229 0.071875 0.372917 2.000000 0.079687 0.366667 2.000000 0.064062 0.364583 2.000000 0.000000 0.000000 0.000000 0.000000 0.000000 0.000000 0.089063 0.402083 1.000000 0.035937 0.400000 1.000000 0.132812 0.435417 2.000000 0.012500 0.441667 1.000000 0.000000 0.000000 0.000000 0.000000 0.000000 0.000000 0.000000 0.000000 0.000000 0.000000 0.000000 0.000000 0.000000 0.000000 0.000000 0.000000 0.000000 0.000000 0.000000 0.000000 0.000000 0.000000 0.000000 0.000000
