0 0.412305 0.370951 0.059203 0.219507 0.428125 0.316901 2.000000 0.429688 0.307512 2.000000 0.421875 0.307512 2.000000 0.000000 0.000000 0.000000 0.404687 0.309859 2.000000 0.426563 0.347418 2.000000 0.382812 0.345070 1.000000 0.439063 0.413146 1.000000 0.000000 0.000000 0.000000 0.431250 0.373239 2.000000 0.387500 0.422535 1.000000 0.423438 0.467136 2.000000 0.398438 0.469484 1.000000 0.000000 0.000000 0.000000 0.000000 0.000000 0.000000 0.000000 0.000000 0.000000 0.000000 0.000000 0.000000
0 0.485047 0.401678 0.076812 0.186737 0.490625 0.342723 2.000000 0.495312 0.338028 2.000000 0.484375 0.338028 2.000000 0.000000 0.000000 0.000000 0.000000 0.000000 0.000000 0.514062 0.382629 2.000000 0.468750 0.380282 2.000000 0.000000 0.000000 0.000000 0.456250 0.417840 2.000000 0.000000 0.000000 0.000000 0.482812 0.420188 2.000000 0.000000 0.000000 0.000000 0.000000 0.000000 0.000000 0.000000 0.000000 0.000000 0.000000 0.000000 0.000000 0.000000 0.000000 0.000000 0.000000 0.000000 0.000000
0 0.668187 0.460352 0.050656 0.270188 0.671875 0.356808 2.000000 0.676562 0.352113 2.000000 0.668750 0.349765 2.000000 0.682813 0.356808 2.000000 0.000000 0.000000 0.000000 0.693750 0.396714 1.000000 0.656250 0.392019 2.000000 0.000000 0.000000 0.000000 0.646875 0.429577 2.000000 0.000000 0.000000 0.000000 0.659375 0.399061 2.000000 0.679688 0.495305 2.000000 0.657813 0.495305 2.000000 0.671875 0.565728 2.000000 0.651563 0.561033 1.000000 0.000000 0.000000 0.000000 0.000000 0.000000 0.000000
0 0.707820 0.489214 0.053516 0.299977 0.696875 0.370892 2.000000 0.698438 0.363850 2.000000 0.000000 0.000000 0.000000 0.709375 0.368545 2.000000 0.000000 0.000000 0.000000 0.715625 0.401408 2.000000 0.695312 0.401408 2.000000 0.693750 0.450704 2.000000 0.000000 0.000000 0.000000 0.689063 0.410798 2.000000 0.000000 0.000000 0.000000 0.714063 0.511737 2.000000 0.695312 0.511737 2.000000 0.693750 0.589202 2.000000 0.710938 0.577465 2.000000 0.000000 0.000000 0.000000 0.000000 0.000000 0.000000
0 0.767766 0.485775 0.092625 0.375164 0.781250 0.345070 2.000000 0.000000 0.000000 0.000000 0.776563 0.338028 2.000000 0.000000 0.000000 0.000000 0.759375 0.335681 2.000000 0.778125 0.377934 2.000000 0.737500 0.382629 2.000000 0.790625 0.441315 1.000000 0.731250 0.443662 2.000000 0.801562 0.417840 2.000000 0.762500 0.413146 2.000000 0.781250 0.502347 2.000000 0.753125 0.504695 2.000000 0.776563 0.586854 1.000000 0.748437 0.582160 2.000000 0.773438 0.664319 1.000000 0.745313 0.666667 2.000000
0 0.211750 0.565704 0.135156 0.319953 0.206250 0.441315 2.000000 0.000000 0.000000 0.000000 0.204687 0.436620 2.000000 0.000000 0.000000 0.000000 0.193750 0.443662 2.000000 0.198437 0.478873 2.000000 0.162500 0.481221 2.000000 0.209375 0.535211 2.000000 0.175000 0.565728 1.000000 0.231250 0.542254 2.000000 0.215625 0.572770 2.000000 0.215625 0.563380 2.000000 0.196875 0.582160 2.000000 0.260937 0.593897 2.000000 0.221875 0.610329 2.000000 0.243750 0.704225 2.000000 0.212500 0.708920 1.000000
0 0.843695 0.585176 0.167453 0.313122 0.848437 0.481221 2.000000 0.862500 0.476526 2.000000 0.850000 0.469484 2.000000 0.889062 0.488263 2.000000 0.000000 0.000000 0.000000 0.910937 0.539906 1.000000 0.856250 0.556338 2.000000 0.878125 0.624413 2.000000 0.832812 0.650235 2.000000 0.848437 0.539906 2.000000 0.795312 0.690141 2.000000 0.896875 0.720657 1.000000 0.871875 0.706573 1.000000 0.000000 0.000000 0.000000 0.776563 0.699531 2.000000 0.000000 0.000000 0.000000 0.000000 0.000000 0.000000
0 0.910836 0.751268 0.177641 0.493709 0.000000 0.000000 0.000000 0.000000 0.000000 0.000000 0.000000 0.000000 0.000000 0.929688 0.666667 2.000000 0.000000 0.000000 0.000000 0.946875 0.779343 2.000000 0.000000 0.000000 0.000000 0.000000 0.000000 0.000000 0.882812 0.922535 2.000000 0.000000 0.000000 0.000000 0.860938 0.791080 2.000000 0.000000 0.000000 0.000000 0.000000 0.000000 0.000000 0.000000 0.000000 0.000000 0.000000 0.000000 0.000000 0.000000 0.000000 0.000000 0.000000 0.000000 0.000000
0 0.378703 0.506690 0.145219 0.356808 0.376563 0.392019 2.000000 0.000000 0.000000 0.000000 0.376563 0.375587 2.000000 0.000000 0.000000 0.000000 0.362500 0.370892 2.000000 0.346875 0.403756 2.000000 0.339062 0.410798 2.000000 0.000000 0.000000 0.000000 0.376563 0.462441 2.000000 0.000000 0.000000 0.000000 0.429688 0.492958 2.000000 0.345313 0.544601 2.000000 0.335938 0.563380 2.000000 0.346875 0.633803 1.000000 0.339062 0.645540 1.000000 0.000000 0.000000 0.000000 0.000000 0.000000 0.000000
0 0.967836 0.365399 0.064328 0.254131 0.978125 0.291080 2.000000 0.984375 0.274648 2.000000 0.000000 0.000000 0.000000 0.000000 0.000000 0.000000 0.000000 0.000000 0.000000 0.000000 0.000000 0.000000 0.989062 0.368545 2.000000 0.985938 0.455399 2.000000 0.951562 0.448357 2.000000 0.967187 0.441315 2.000000 0.950000 0.382629 2.000000 0.000000 0.000000 0.000000 0.000000 0.000000 0.000000 0.000000 0.000000 0.000000 0.000000 0.000000 0.000000 0.000000 0.000000 0.000000 0.000000 0.000000 0.000000
0 0.307336 0.501960 0.055453 0.366502 0.326562 0.345070 2.000000 0.328125 0.338028 2.000000 0.317188 0.335681 2.000000 0.000000 0.000000 0.000000 0.312500 0.345070 2.000000 0.337500 0.387324 1.000000 0.300000 0.389671 2.000000 0.000000 0.000000 0.000000 0.289062 0.446009 2.000000 0.000000 0.000000 0.000000 0.279687 0.502347 1.000000 0.331250 0.492958 1.000000 0.301563 0.492958 2.000000 0.000000 0.000000 0.000000 0.306250 0.565728 2.000000 0.000000 0.000000 0.000000 0.000000 0.000000 0.000000
0 0.595383 0.412300 0.089391 0.227840 0.607812 0.342723 2.000000 0.614062 0.335681 2.000000 0.603125 0.335681 2.000000 0.000000 0.000000 0.000000 0.592187 0.335681 2.000000 0.623437 0.368545 2.000000 0.576562 0.370892 2.000000 0.632812 0.424883 2.000000 0.557813 0.413146 2.000000 0.612500 0.384977 2.000000 0.556250 0.462441 1.000000 0.615625 0.481221 2.000000 0.582812 0.481221 1.000000 0.000000 0.000000 0.000000 0.000000 0.000000 0.000000 0.000000 0.000000 0.000000 0.000000 0.000000 0.000000
