0 0.771130 0.773086 0.285731 0.281109 0.753425 0.698438 2.000000 0.778539 0.681250 2.000000 0.732877 0.684375 2.000000 0.833333 0.703125 2.000000 0.710046 0.714063 2.000000 0.865297 0.834375 2.000000 0.737443 0.765625 2.000000 0.000000 0.000000 0.000000 0.000000 0.000000 0.000000 0.000000 0.000000 0.000000 0.000000 0.000000 0.000000 0.000000 0.000000 0.000000 0.000000 0.000000 0.000000 0.000000 0.000000 0.000000 0.000000 0.000000 0.000000 0.000000 0.000000 0.000000 0.000000 0.000000 0.000000
0 0.297374 0.337992 0.200913 0.123422 0.287671 0.317188 2.000000 0.299087 0.309375 2.000000 0.271689 0.310937 2.000000 0.317352 0.307812 2.000000 0.260274 0.310937 2.000000 0.344749 0.339062 2.000000 0.232877 0.337500 2.000000 0.390411 0.390625 1.000000 0.198630 0.384375 2.000000 0.337900 0.382812 2.000000 0.214612 0.384375 2.000000 0.000000 0.000000 0.000000 0.000000 0.000000 0.000000 0.000000 0.000000 0.000000 0.000000 0.000000 0.000000 0.000000 0.000000 0.000000 0.000000 0.000000 0.000000
0 0.589463 0.619313 0.214269 0.174500 0.575342 0.609375 2.000000 0.595890 0.592187 2.000000 0.563927 0.596875 2.000000 0.643836 0.590625 2.000000 0.000000 0.000000 0.000000 0.621005 0.639062 1.000000 0.648402 0.610938 2.000000 0.506849 0.692187 2.000000 0.000000 0.000000 0.000000 0.000000 0.000000 0.000000 0.566210 0.681250 2.000000 0.000000 0.000000 0.000000 0.000000 0.000000 0.000000 0.000000 0.000000 0.000000 0.000000 0.000000 0.000000 0.000000 0.000000 0.000000 0.000000 0.000000 0.000000
0 0.683470 0.531500 0.166941 0.220938 0.614155 0.492188 2.000000 0.632420 0.479687 2.000000 0.605023 0.476562 1.000000 0.689498 0.482812 2.000000 0.000000 0.000000 0.000000 0.696347 0.559375 2.000000 0.627854 0.521875 2.000000 0.000000 0.000000 0.000000 0.000000 0.000000 0.000000 0.000000 0.000000 0.000000 0.000000 0.000000 0.000000 0.728311 0.660937 1.000000 0.000000 0.000000 0.000000 0.000000 0.000000 0.000000 0.000000 0.000000 0.000000 0.000000 0.000000 0.000000 0.000000 0.000000 0.000000
0 0.548938 0.373828 0.095868 0.080031 0.520548 0.389062 2.000000 0.536530 0.378125 2.000000 0.515982 0.379688 2.000000 0.000000 0.000000 0.000000 0.000000 0.000000 0.000000 0.000000 0.000000 0.000000 0.000000 0.000000 0.000000 0.000000 0.000000 0.000000 0.000000 0.000000 0.000000 0.000000 0.000000 0.000000 0.000000 0.000000 0.000000 0.000000 0.000000 0.000000 0.000000 0.000000 0.000000 0.000000 0.000000 0.000000 0.000000 0.000000 0.000000 0.000000 0.000000 0.000000 0.000000 0.000000 0.000000
0 0.563562 0.451000 0.159132 0.185406 0.552511 0.412500 2.000000 0.570776 0.403125 2.000000 0.552511 0.400000 2.000000 0.614155 0.407813 2.000000 0.000000 0.000000 0.000000 0.634703 0.462500 1.000000 0.570776 0.443750 2.000000 0.552511 0.539062 2.000000 0.529680 0.481250 2.000000 0.493151 0.506250 2.000000 0.511416 0.510938 2.000000 0.000000 0.000000 0.000000 0.000000 0.000000 0.000000 0.000000 0.000000 0.000000 0.000000 0.000000 0.000000 0.000000 0.000000 0.000000 0.000000 0.000000 0.000000
0 0.435856 0.385406 0.217831 0.131688 0.477169 0.364063 2.000000 0.484018 0.356250 2.000000 0.465753 0.359375 2.000000 0.522831 0.354687 1.000000 0.000000 0.000000 0.000000 0.550228 0.403125 1.000000 0.502283 0.395313 2.000000 0.493151 0.440625 2.000000 0.479452 0.410938 2.000000 0.383562 0.440625 2.000000 0.424658 0.412500 2.000000 0.000000 0.000000 0.000000 0.000000 0.000000 0.000000 0.000000 0.000000 0.000000 0.000000 0.000000 0.000000 0.000000 0.000000 0.000000 0.000000 0.000000 0.000000
0 0.791347 0.893258 0.249543 0.119109 0.000000 0.000000 0.000000 0.000000 0.000000 0.000000 0.872146 0.918750 2.000000 0.000000 0.000000 0.000000 0.894977 0.939063 2.000000 0.000000 0.000000 0.000000 0.815068 0.939063 2.000000 0.000000 0.000000 0.000000 0.684932 0.901563 2.000000 0.000000 0.000000 0.000000 0.000000 0.000000 0.000000 0.000000 0.000000 0.000000 0.000000 0.000000 0.000000 0.000000 0.000000 0.000000 0.000000 0.000000 0.000000 0.000000 0.000000 0.000000 0.000000 0.000000 0.000000
0 0.653105 0.719555 0.190594 0.207578 0.621005 0.692187 2.000000 0.648402 0.679688 2.000000 0.616438 0.679688 2.000000 0.000000 0.000000 0.000000 0.000000 0.000000 0.000000 0.694064 0.751563 2.000000 0.641553 0.703125 2.000000 0.577626 0.806250 2.000000 0.593607 0.684375 1.000000 0.630137 0.725000 2.000000 0.545662 0.710938 1.000000 0.000000 0.000000 0.000000 0.000000 0.000000 0.000000 0.000000 0.000000 0.000000 0.000000 0.000000 0.000000 0.000000 0.000000 0.000000 0.000000 0.000000 0.000000
0 0.062386 0.407953 0.039018 0.176594 0.050228 0.368750 2.000000 0.059361 0.357812 2.000000 0.000000 0.000000 0.000000 0.000000 0.000000 0.000000 0.000000 0.000000 0.000000 0.000000 0.000000 0.000000 0.000000 0.000000 0.000000 0.000000 0.000000 0.000000 0.000000 0.000000 0.000000 0.000000 0.000000 0.000000 0.000000 0.000000 0.000000 0.000000 0.000000 0.000000 0.000000 0.000000 0.000000 0.000000 0.000000 0.000000 0.000000 0.000000 0.000000 0.000000 0.000000 0.000000 0.000000 0.000000 0.000000
