0 0.289070 0.551683 0.243234 0.725837 0.303125 0.250996 2.000000 0.000000 0.000000 0.000000 0.296875 0.239044 2.000000 0.000000 0.000000 0.000000 0.273438 0.249004 2.000000 0.209375 0.320717 2.000000 0.262500 0.306773 2.000000 0.000000 0.000000 0.000000 0.256250 0.432271 2.000000 0.000000 0.000000 0.000000 0.270313 0.537849 2.000000 0.221875 0.583665 2.000000 0.257812 0.575697 2.000000 0.209375 0.713147 2.000000 0.318750 0.697211 2.000000 0.195312 0.856574 2.000000 0.357812 0.842629 2.000000
0 0.599867 0.523875 0.182141 0.726912 0.568750 0.219124 2.000000 0.581250 0.207171 2.000000 0.565625 0.207171 2.000000 0.609375 0.211155 2.000000 0.000000 0.000000 0.000000 0.621875 0.284861 2.000000 0.556250 0.298805 2.000000 0.682813 0.404382 2.000000 0.531250 0.428287 2.000000 0.657813 0.496016 2.000000 0.520312 0.360558 2.000000 0.615625 0.452191 2.000000 0.564063 0.456175 2.000000 0.639062 0.669323 2.000000 0.578125 0.677291 2.000000 0.659375 0.826693 2.000000 0.607812 0.828685 2.000000
0 0.773797 0.644940 0.130438 0.471912 0.798438 0.462151 2.000000 0.790625 0.450199 2.000000 0.804688 0.450199 2.000000 0.000000 0.000000 0.000000 0.815625 0.452191 2.000000 0.764062 0.507968 2.000000 0.831250 0.503984 2.000000 0.721875 0.553785 2.000000 0.000000 0.000000 0.000000 0.745313 0.595618 2.000000 0.000000 0.000000 0.000000 0.773438 0.657371 2.000000 0.818750 0.657371 2.000000 0.765625 0.747012 2.000000 0.818750 0.752988 2.000000 0.754687 0.844622 2.000000 0.818750 0.842629 2.000000
0 0.920211 0.544542 0.067953 0.219482 0.925000 0.470120 2.000000 0.928125 0.466135 2.000000 0.920312 0.468127 2.000000 0.937500 0.472112 2.000000 0.907813 0.470120 2.000000 0.945312 0.503984 2.000000 0.895312 0.500000 1.000000 0.000000 0.000000 0.000000 0.893750 0.539841 1.000000 0.000000 0.000000 0.000000 0.910937 0.561753 2.000000 0.946875 0.567729 1.000000 0.904687 0.567729 1.000000 0.000000 0.000000 0.000000 0.909375 0.585657 1.000000 0.000000 0.000000 0.000000 0.906250 0.645418 1.000000
0 0.425766 0.506125 0.179781 0.745438 0.435937 0.205179 2.000000 0.445312 0.191235 2.000000 0.426563 0.191235 2.000000 0.465625 0.195219 2.000000 0.410938 0.195219 2.000000 0.481250 0.278884 2.000000 0.378125 0.272908 2.000000 0.479687 0.396414 2.000000 0.350000 0.370518 2.000000 0.493750 0.507968 2.000000 0.360938 0.490040 2.000000 0.446875 0.511952 2.000000 0.387500 0.507968 2.000000 0.440625 0.661355 2.000000 0.392188 0.663347 2.000000 0.434375 0.834661 2.000000 0.368750 0.836653 1.000000
0 0.116852 0.609084 0.086484 0.088486 0.132812 0.601594 2.000000 0.000000 0.000000 0.000000 0.128125 0.593625 2.000000 0.000000 0.000000 0.000000 0.107813 0.595618 2.000000 0.143750 0.631474 2.000000 0.085938 0.633466 2.000000 0.000000 0.000000 0.000000 0.000000 0.000000 0.000000 0.000000 0.000000 0.000000 0.000000 0.000000 0.000000 0.000000 0.000000 0.000000 0.000000 0.000000 0.000000 0.000000 0.000000 0.000000 0.000000 0.000000 0.000000 0.000000 0.000000 0.000000 0.000000 0.000000 0.000000
0 0.130109 0.469940 0.082031 0.151355 0.115625 0.432271 2.000000 0.121875 0.422311 2.000000 0.110937 0.422311 2.000000 0.132812 0.426295 2.000000 0.000000 0.000000 0.000000 0.146875 0.456175 2.000000 0.098437 0.458167 2.000000 0.159375 0.501992 2.000000 0.095312 0.501992 1.000000 0.156250 0.531873 2.000000 0.123438 0.519920 1.000000 0.148438 0.535857 2.000000 0.114062 0.533865 1.000000 0.000000 0.000000 0.000000 0.000000 0.000000 0.000000 0.000000 0.000000 0.000000 0.000000 0.000000 0.000000
0 0.960898 0.559323 0.078203 0.198685 0.984375 0.498008 2.000000 0.985938 0.494024 2.000000 0.978125 0.494024 2.000000 0.000000 0.000000 0.000000 0.962500 0.496016 2.000000 0.993750 0.527888 2.000000 0.950000 0.513944 2.000000 0.000000 0.000000 0.000000 0.934375 0.539841 2.000000 0.000000 0.000000 0.000000 0.973437 0.519920 2.000000 0.993750 0.599602 1.000000 0.971875 0.601594 2.000000 0.000000 0.000000 0.000000 0.968750 0.617530 2.000000 0.000000 0.000000 0.000000 0.979688 0.697211 1.000000
0 0.140133 0.581853 0.080484 0.117450 0.131250 0.557769 2.000000 0.135937 0.549801 2.000000 0.126562 0.549801 2.000000 0.140625 0.557769 2.000000 0.112500 0.557769 2.000000 0.153125 0.589641 2.000000 0.107813 0.593625 1.000000 0.000000 0.000000 0.000000 0.000000 0.000000 0.000000 0.000000 0.000000 0.000000 0.000000 0.000000 0.000000 0.151562 0.659363 1.000000 0.117188 0.663347 1.000000 0.000000 0.000000 0.000000 0.000000 0.000000 0.000000 0.000000 0.000000 0.000000 0.000000 0.000000 0.000000
0 0.903852 0.383436 0.086141 0.189900 0.882812 0.322709 2.000000 0.885938 0.316733 2.000000 0.000000 0.000000 0.000000 0.898438 0.310757 2.000000 0.000000 0.000000 0.000000 0.920312 0.336653 2.000000 0.878125 0.346614 2.000000 0.945312 0.382470 1.000000 0.870313 0.392430 2.000000 0.945312 0.420319 1.000000 0.862500 0.426295 1.000000 0.920312 0.428287 2.000000 0.887500 0.430279 2.000000 0.000000 0.000000 0.000000 0.000000 0.000000 0.000000 0.000000 0.000000 0.000000 0.000000 0.000000 0.000000
0 0.659602 0.160707 0.067016 0.099382 0.659375 0.141434 2.000000 0.662500 0.135458 2.000000 0.656250 0.135458 2.000000 0.670312 0.139442 2.000000 0.650000 0.139442 2.000000 0.679688 0.167331 2.000000 0.635938 0.173307 2.000000 0.689063 0.215139 1.000000 0.632812 0.217131 1.000000 0.000000 0.000000 0.000000 0.000000 0.000000 0.000000 0.673438 0.233068 1.000000 0.640625 0.233068 1.000000 0.000000 0.000000 0.000000 0.000000 0.000000 0.000000 0.000000 0.000000 0.000000 0.000000 0.000000 0.000000
0 0.047688 0.594562 0.079812 0.137251 0.062500 0.561753 2.000000 0.000000 0.000000 0.000000 0.054688 0.557769 2.000000 0.000000 0.000000 0.000000 0.039062 0.567729 2.000000 0.079687 0.603586 2.000000 0.023438 0.605578 2.000000 0.084375 0.649402 1.000000 0.017188 0.651394 2.000000 0.000000 0.000000 0.000000 0.046875 0.657371 2.000000 0.073438 0.685259 1.000000 0.040625 0.689243 1.000000 0.000000 0.000000 0.000000 0.000000 0.000000 0.000000 0.000000 0.000000 0.000000 0.000000 0.000000 0.000000
