0 0.635711 0.448322 0.191453 0.357300 0.698438 0.429577 2.000000 0.703125 0.429577 2.000000 0.700000 0.417840 2.000000 0.717187 0.434272 2.000000 0.000000 0.000000 0.000000 0.704688 0.467136 2.000000 0.703125 0.382629 2.000000 0.706250 0.528169 2.000000 0.704688 0.335681 2.000000 0.704688 0.577465 2.000000 0.707812 0.300469 2.000000 0.639062 0.467136 2.000000 0.640625 0.413146 2.000000 0.640625 0.413146 2.000000 0.592187 0.326291 2.000000 0.578125 0.434272 2.000000 0.543750 0.338028 2.000000
0 0.921977 0.813063 0.156047 0.373873 0.000000 0.000000 0.000000 0.000000 0.000000 0.000000 0.000000 0.000000 0.000000 0.884375 0.683099 2.000000 0.918750 0.678404 2.000000 0.857812 0.765258 2.000000 0.948438 0.741784 2.000000 0.856250 0.901408 2.000000 0.978125 0.863850 2.000000 0.879687 0.971831 2.000000 0.995313 0.953052 2.000000 0.885938 0.962441 2.000000 0.953125 0.941315 2.000000 0.000000 0.000000 0.000000 0.000000 0.000000 0.000000 0.000000 0.000000 0.000000 0.000000 0.000000 0.000000
0 0.788961 0.823732 0.096922 0.352535 0.000000 0.000000 0.000000 0.000000 0.000000 0.000000 0.000000 0.000000 0.000000 0.000000 0.000000 0.000000 0.782813 0.699531 2.000000 0.000000 0.000000 0.000000 0.782813 0.774648 2.000000 0.000000 0.000000 0.000000 0.812500 0.873239 2.000000 0.000000 0.000000 0.000000 0.821875 0.957746 2.000000 0.000000 0.000000 0.000000 0.778125 0.981221 2.000000 0.000000 0.000000 0.000000 0.000000 0.000000 0.000000 0.000000 0.000000 0.000000 0.000000 0.000000 0.000000
0 0.698422 0.817394 0.120156 0.339202 0.000000 0.000000 0.000000 0.000000 0.000000 0.000000 0.000000 0.000000 0.000000 0.701562 0.706573 2.000000 0.737500 0.706573 2.000000 0.681250 0.793427 2.000000 0.751563 0.779343 1.000000 0.651563 0.889671 1.000000 0.000000 0.000000 0.000000 0.000000 0.000000 0.000000 0.000000 0.000000 0.000000 0.684375 0.931925 2.000000 0.735938 0.938967 2.000000 0.000000 0.000000 0.000000 0.000000 0.000000 0.000000 0.000000 0.000000 0.000000 0.000000 0.000000 0.000000
0 0.546164 0.793967 0.063703 0.256056 0.000000 0.000000 0.000000 0.000000 0.000000 0.000000 0.000000 0.000000 0.000000 0.545312 0.711268 2.000000 0.000000 0.000000 0.000000 0.556250 0.727700 2.000000 0.537500 0.741784 2.000000 0.000000 0.000000 0.000000 0.000000 0.000000 0.000000 0.000000 0.000000 0.000000 0.000000 0.000000 0.000000 0.565625 0.784038 2.000000 0.560937 0.793427 2.000000 0.551562 0.849765 1.000000 0.000000 0.000000 0.000000 0.565625 0.889671 2.000000 0.000000 0.000000 0.000000
0 0.353008 0.815810 0.097016 0.368380 0.000000 0.000000 0.000000 0.000000 0.000000 0.000000 0.000000 0.000000 0.000000 0.337500 0.685446 2.000000 0.375000 0.685446 2.000000 0.317188 0.760563 2.000000 0.389062 0.760563 2.000000 0.315625 0.863850 1.000000 0.389062 0.861502 2.000000 0.360938 0.901408 2.000000 0.387500 0.953052 2.000000 0.329688 0.936620 2.000000 0.378125 0.941315 2.000000 0.000000 0.000000 0.000000 0.000000 0.000000 0.000000 0.000000 0.000000 0.000000 0.000000 0.000000 0.000000
0 0.254477 0.806843 0.132172 0.381479 0.000000 0.000000 0.000000 0.000000 0.000000 0.000000 0.000000 0.000000 0.000000 0.000000 0.000000 0.000000 0.276562 0.678404 2.000000 0.204687 0.758216 1.000000 0.284375 0.762911 2.000000 0.200000 0.852113 2.000000 0.300000 0.873239 2.000000 0.206250 0.934272 2.000000 0.315625 0.955399 2.000000 0.215625 0.950704 2.000000 0.276562 0.950704 2.000000 0.000000 0.000000 0.000000 0.000000 0.000000 0.000000 0.000000 0.000000 0.000000 0.000000 0.000000 0.000000
0 0.051789 0.816690 0.103391 0.366620 0.000000 0.000000 0.000000 0.000000 0.000000 0.000000 0.000000 0.000000 0.000000 0.000000 0.000000 0.000000 0.000000 0.000000 0.000000 0.000000 0.000000 0.000000 0.045312 0.753521 2.000000 0.000000 0.000000 0.000000 0.076563 0.870892 1.000000 0.000000 0.000000 0.000000 0.090625 0.927230 1.000000 0.000000 0.000000 0.000000 0.059375 0.943662 2.000000 0.000000 0.000000 0.000000 0.000000 0.000000 0.000000 0.000000 0.000000 0.000000 0.000000 0.000000 0.000000
0 0.618953 0.848052 0.071094 0.302911 0.000000 0.000000 0.000000 0.000000 0.000000 0.000000 0.000000 0.000000 0.000000 0.610938 0.751174 2.000000 0.645312 0.755869 2.000000 0.601562 0.823944 2.000000 0.656250 0.819249 1.000000 0.592187 0.889671 2.000000 0.000000 0.000000 0.000000 0.000000 0.000000 0.000000 0.000000 0.000000 0.000000 0.610938 0.934272 2.000000 0.650000 0.929577 2.000000 0.000000 0.000000 0.000000 0.000000 0.000000 0.000000 0.000000 0.000000 0.000000 0.000000 0.000000 0.000000
0 0.517859 0.822089 0.118406 0.355822 0.000000 0.000000 0.000000 0.000000 0.000000 0.000000 0.000000 0.000000 0.000000 0.000000 0.000000 0.000000 0.514062 0.692488 2.000000 0.465625 0.755869 2.000000 0.515625 0.753521 2.000000 0.000000 0.000000 0.000000 0.543750 0.819249 2.000000 0.000000 0.000000 0.000000 0.556250 0.863850 1.000000 0.490625 0.943662 2.000000 0.531250 0.946009 2.000000 0.000000 0.000000 0.000000 0.000000 0.000000 0.000000 0.000000 0.000000 0.000000 0.000000 0.000000 0.000000
0 0.143617 0.813967 0.076891 0.372066 0.000000 0.000000 0.000000 0.000000 0.000000 0.000000 0.000000 0.000000 0.000000 0.000000 0.000000 0.000000 0.160938 0.680751 2.000000 0.112500 0.758216 2.000000 0.157812 0.760563 2.000000 0.000000 0.000000 0.000000 0.157812 0.856808 1.000000 0.000000 0.000000 0.000000 0.171875 0.924883 1.000000 0.117188 0.946009 2.000000 0.154688 0.953052 2.000000 0.000000 0.000000 0.000000 0.000000 0.000000 0.000000 0.000000 0.000000 0.000000 0.000000 0.000000 0.000000
0 0.183961 0.828979 0.063516 0.342042 0.000000 0.000000 0.000000 0.000000 0.000000 0.000000 0.000000 0.000000 0.000000 0.165625 0.706573 2.000000 0.203125 0.694836 2.000000 0.165625 0.774648 2.000000 0.217188 0.751174 1.000000 0.159375 0.889671 1.000000 0.000000 0.000000 0.000000 0.176563 0.924883 1.000000 0.000000 0.000000 0.000000 0.195312 0.936620 2.000000 0.000000 0.000000 0.000000 0.000000 0.000000 0.000000 0.000000 0.000000 0.000000 0.000000 0.000000 0.000000 0.000000 0.000000 0.000000
