0 0.472810 0.653347 0.195700 0.554480 0.494000 0.424000 2.000000 0.000000 0.000000 0.000000 0.482000 0.418667 2.000000 0.000000 0.000000 0.000000 0.466000 0.434667 2.000000 0.000000 0.000000 0.000000 0.486000 0.469333 2.000000 0.000000 0.000000 0.000000 0.550000 0.450667 2.000000 0.000000 0.000000 0.000000 0.556000 0.421333 2.000000 0.486000 0.637333 2.000000 0.476000 0.640000 2.000000 0.500000 0.744000 2.000000 0.470000 0.770667 2.000000 0.494000 0.872000 2.000000 0.404000 0.866667 2.000000
0 0.309270 0.144947 0.099420 0.258427 0.320000 0.053333 2.000000 0.324000 0.048000 2.000000 0.314000 0.048000 2.000000 0.000000 0.000000 0.000000 0.302000 0.050667 2.000000 0.346000 0.077333 2.000000 0.294000 0.080000 1.000000 0.346000 0.130667 2.000000 0.300000 0.128000 2.000000 0.326000 0.082667 2.000000 0.320000 0.085333 2.000000 0.344000 0.157333 2.000000 0.296000 0.157333 1.000000 0.320000 0.141333 2.000000 0.316000 0.168000 2.000000 0.282000 0.210667 2.000000 0.314000 0.237333 2.000000
0 0.546390 0.146920 0.099660 0.278640 0.544000 0.042667 2.000000 0.548000 0.037333 2.000000 0.534000 0.037333 2.000000 0.000000 0.000000 0.000000 0.526000 0.045333 2.000000 0.570000 0.074667 2.000000 0.520000 0.074667 1.000000 0.574000 0.136000 2.000000 0.512000 0.128000 2.000000 0.532000 0.138667 2.000000 0.550000 0.128000 2.000000 0.560000 0.154667 2.000000 0.528000 0.154667 2.000000 0.568000 0.160000 2.000000 0.514000 0.157333 2.000000 0.558000 0.258667 1.000000 0.514000 0.264000 1.000000
0 0.621070 0.151680 0.109540 0.298880 0.622000 0.042667 2.000000 0.628000 0.034667 2.000000 0.618000 0.034667 2.000000 0.642000 0.034667 2.000000 0.000000 0.000000 0.000000 0.660000 0.072000 2.000000 0.608000 0.064000 2.000000 0.654000 0.141333 2.000000 0.606000 0.125333 2.000000 0.620000 0.146667 2.000000 0.648000 0.138667 2.000000 0.652000 0.165333 2.000000 0.624000 0.165333 1.000000 0.658000 0.154667 2.000000 0.588000 0.160000 2.000000 0.668000 0.253333 2.000000 0.582000 0.256000 2.000000
0 0.083060 0.131267 0.070080 0.257360 0.000000 0.000000 0.000000 0.000000 0.000000 0.000000 0.000000 0.000000 0.000000 0.000000 0.000000 0.000000 0.000000 0.000000 0.000000 0.088000 0.058667 2.000000 0.052000 0.066667 2.000000 0.112000 0.090667 2.000000 0.048000 0.098667 1.000000 0.084000 0.098667 2.000000 0.056000 0.098667 2.000000 0.000000 0.000000 0.000000 0.000000 0.000000 0.000000 0.000000 0.000000 0.000000 0.000000 0.000000 0.000000 0.000000 0.000000 0.000000 0.000000 0.000000 0.000000
0 0.025960 0.118373 0.051920 0.235733 0.030000 0.029333 2.000000 0.030000 0.021333 2.000000 0.024000 0.021333 2.000000 0.000000 0.000000 0.000000 0.010000 0.024000 2.000000 0.038000 0.045333 2.000000 0.000000 0.000000 0.000000 0.050000 0.098667 2.000000 0.000000 0.000000 0.000000 0.022000 0.114667 2.000000 0.000000 0.000000 0.000000 0.034000 0.136000 2.000000 0.000000 0.000000 0.000000 0.000000 0.000000 0.000000 0.000000 0.000000 0.000000 0.000000 0.000000 0.000000 0.000000 0.000000 0.000000
0 0.954920 0.155307 0.090160 0.310400 0.980000 0.032000 2.000000 0.984000 0.029333 2.000000 0.974000 0.026667 2.000000 0.990000 0.032000 2.000000 0.964000 0.029333 2.000000 0.994000 0.066667 2.000000 0.950000 0.066667 2.000000 0.998000 0.114667 2.000000 0.934000 0.106667 2.000000 0.968000 0.144000 2.000000 0.942000 0.138667 2.000000 0.978000 0.136000 2.000000 0.950000 0.133333 2.000000 0.968000 0.173333 2.000000 0.924000 0.168000 2.000000 0.964000 0.274667 2.000000 0.920000 0.272000 2.000000
0 0.463320 0.141973 0.089560 0.276480 0.468000 0.037333 2.000000 0.474000 0.032000 2.000000 0.462000 0.032000 2.000000 0.482000 0.034667 2.000000 0.450000 0.037333 2.000000 0.490000 0.056000 2.000000 0.432000 0.066667 2.000000 0.498000 0.106667 2.000000 0.436000 0.117333 2.000000 0.488000 0.141333 2.000000 0.472000 0.149333 2.000000 0.494000 0.146667 2.000000 0.460000 0.152000 2.000000 0.516000 0.160000 1.000000 0.438000 0.162667 2.000000 0.510000 0.256000 1.000000 0.440000 0.256000 2.000000
0 0.715170 0.152520 0.101820 0.287067 0.712000 0.050667 2.000000 0.718000 0.042667 2.000000 0.706000 0.042667 2.000000 0.726000 0.045333 2.000000 0.694000 0.045333 1.000000 0.746000 0.066667 2.000000 0.678000 0.072000 2.000000 0.744000 0.130667 2.000000 0.680000 0.133333 2.000000 0.712000 0.154667 2.000000 0.692000 0.154667 2.000000 0.730000 0.154667 2.000000 0.698000 0.154667 2.000000 0.746000 0.160000 2.000000 0.668000 0.162667 1.000000 0.748000 0.256000 2.000000 0.686000 0.261333 1.000000
0 0.874720 0.158427 0.094400 0.312373 0.868000 0.048000 2.000000 0.872000 0.040000 2.000000 0.862000 0.040000 2.000000 0.882000 0.037333 2.000000 0.852000 0.037333 2.000000 0.898000 0.069333 2.000000 0.840000 0.069333 2.000000 0.906000 0.133333 2.000000 0.824000 0.117333 1.000000 0.872000 0.149333 2.000000 0.840000 0.138667 2.000000 0.884000 0.154667 2.000000 0.848000 0.154667 2.000000 0.896000 0.162667 2.000000 0.820000 0.165333 1.000000 0.900000 0.261333 2.000000 0.824000 0.245333 1.000000
0 0.382980 0.149547 0.094760 0.292107 0.388000 0.037333 2.000000 0.392000 0.026667 2.000000 0.384000 0.029333 2.000000 0.398000 0.029333 2.000000 0.370000 0.034667 2.000000 0.414000 0.061333 2.000000 0.358000 0.058667 1.000000 0.416000 0.125333 2.000000 0.352000 0.106667 1.000000 0.378000 0.141333 2.000000 0.358000 0.128000 1.000000 0.410000 0.136000 2.000000 0.376000 0.138667 2.000000 0.402000 0.149333 2.000000 0.336000 0.144000 1.000000 0.406000 0.253333 2.000000 0.338000 0.250667 2.000000
0 0.147310 0.099107 0.105300 0.192347 0.000000 0.000000 0.000000 0.000000 0.000000 0.000000 0.000000 0.000000 0.000000 0.000000 0.000000 0.000000 0.000000 0.000000 0.000000 0.000000 0.000000 0.000000 0.000000 0.000000 0.000000 0.184000 0.050667 2.000000 0.110000 0.026667 2.000000 0.172000 0.010667 2.000000 0.118000 0.064000 2.000000 0.164000 0.058667 2.000000 0.132000 0.050667 2.000000 0.180000 0.101333 2.000000 0.160000 0.104000 2.000000 0.178000 0.162667 2.000000 0.158000 0.168000 1.000000
