0 0.187260 0.592139 0.252160 0.510120 0.208000 0.463855 2.000000 0.000000 0.000000 0.000000 0.204000 0.442771 2.000000 0.000000 0.000000 0.000000 0.172000 0.418675 2.000000 0.162000 0.493976 2.000000 0.118000 0.509036 2.000000 0.196000 0.617470 2.000000 0.168000 0.683735 2.000000 0.254000 0.635542 2.000000 0.262000 0.665663 2.000000 0.162000 0.734940 1.000000 0.110000 0.774096 2.000000 0.270000 0.722892 1.000000 0.262000 0.780120 1.000000 0.000000 0.000000 0.000000 0.000000 0.000000 0.000000
0 0.330510 0.429217 0.150700 0.260663 0.336000 0.370482 2.000000 0.000000 0.000000 0.000000 0.336000 0.358434 2.000000 0.000000 0.000000 0.000000 0.322000 0.349398 2.000000 0.294000 0.370482 2.000000 0.300000 0.382530 2.000000 0.334000 0.436747 2.000000 0.324000 0.463855 2.000000 0.378000 0.442771 2.000000 0.354000 0.457831 2.000000 0.282000 0.509036 2.000000 0.286000 0.515060 2.000000 0.000000 0.000000 0.000000 0.000000 0.000000 0.000000 0.000000 0.000000 0.000000 0.000000 0.000000 0.000000
0 0.817690 0.543825 0.202940 0.391024 0.792000 0.448795 2.000000 0.798000 0.436747 2.000000 0.000000 0.000000 0.000000 0.828000 0.424699 2.000000 0.000000 0.000000 0.000000 0.872000 0.506024 2.000000 0.826000 0.484940 2.000000 0.848000 0.647590 2.000000 0.816000 0.611446 2.000000 0.764000 0.620482 2.000000 0.768000 0.596386 2.000000 0.874000 0.701807 2.000000 0.834000 0.668675 2.000000 0.000000 0.000000 0.000000 0.000000 0.000000 0.000000 0.000000 0.000000 0.000000 0.000000 0.000000 0.000000
0 0.642280 0.338389 0.118320 0.256114 0.654000 0.268072 2.000000 0.660000 0.262048 2.000000 0.650000 0.259036 2.000000 0.000000 0.000000 0.000000 0.634000 0.243976 2.000000 0.654000 0.292169 2.000000 0.616000 0.277108 2.000000 0.668000 0.346386 2.000000 0.592000 0.346386 2.000000 0.684000 0.364458 2.000000 0.626000 0.379518 2.000000 0.636000 0.421687 2.000000 0.622000 0.415663 2.000000 0.000000 0.000000 0.000000 0.000000 0.000000 0.000000 0.000000 0.000000 0.000000 0.000000 0.000000 0.000000
0 0.766700 0.314488 0.130640 0.128976 0.716000 0.316265 1.000000 0.718000 0.304217 2.000000 0.000000 0.000000 0.000000 0.734000 0.286145 2.000000 0.000000 0.000000 0.000000 0.766000 0.304217 2.000000 0.768000 0.295181 2.000000 0.772000 0.385542 1.000000 0.000000 0.000000 0.000000 0.000000 0.000000 0.000000 0.000000 0.000000 0.000000 0.842000 0.427711 1.000000 0.832000 0.427711 1.000000 0.000000 0.000000 0.000000 0.000000 0.000000 0.000000 0.000000 0.000000 0.000000 0.000000 0.000000 0.000000
0 0.896050 0.667199 0.207900 0.665602 0.788000 0.448795 1.000000 0.796000 0.436747 1.000000 0.000000 0.000000 0.000000 0.830000 0.436747 1.000000 0.000000 0.000000 0.000000 0.878000 0.509036 1.000000 0.836000 0.487952 1.000000 0.846000 0.650602 1.000000 0.832000 0.632530 1.000000 0.760000 0.617470 1.000000 0.770000 0.605422 1.000000 0.914000 0.716867 2.000000 0.872000 0.683735 1.000000 0.000000 0.000000 0.000000 0.000000 0.000000 0.000000 0.000000 0.000000 0.000000 0.000000 0.000000 0.000000
0 0.533440 0.347199 0.079080 0.267410 0.560000 0.268072 2.000000 0.000000 0.000000 0.000000 0.556000 0.265060 2.000000 0.000000 0.000000 0.000000 0.000000 0.000000 0.000000 0.550000 0.310241 2.000000 0.512000 0.301205 2.000000 0.546000 0.388554 2.000000 0.506000 0.379518 2.000000 0.558000 0.394578 2.000000 0.546000 0.391566 2.000000 0.542000 0.427711 2.000000 0.516000 0.430723 1.000000 0.000000 0.000000 0.000000 0.000000 0.000000 0.000000 0.000000 0.000000 0.000000 0.000000 0.000000 0.000000
0 0.546470 0.345798 0.094700 0.341114 0.000000 0.000000 0.000000 0.000000 0.000000 0.000000 0.000000 0.000000 0.000000 0.000000 0.000000 0.000000 0.546000 0.265060 1.000000 0.550000 0.304217 1.000000 0.520000 0.301205 1.000000 0.000000 0.000000 0.000000 0.508000 0.376506 1.000000 0.564000 0.388554 1.000000 0.548000 0.391566 1.000000 0.548000 0.415663 1.000000 0.520000 0.421687 1.000000 0.000000 0.000000 0.000000 0.000000 0.000000 0.000000 0.000000 0.000000 0.000000 0.000000 0.000000 0.000000
0 0.678920 0.336627 0.061600 0.282892 0.000000 0.000000 0.000000 0.000000 0.000000 0.000000 0.000000 0.000000 0.000000 0.672000 0.231928 2.000000 0.000000 0.000000 0.000000 0.684000 0.280120 2.000000 0.646000 0.280120 1.000000 0.696000 0.349398 2.000000 0.000000 0.000000 0.000000 0.670000 0.382530 2.000000 0.000000 0.000000 0.000000 0.674000 0.412651 2.000000 0.642000 0.412651 1.000000 0.000000 0.000000 0.000000 0.000000 0.000000 0.000000 0.000000 0.000000 0.000000 0.000000 0.000000 0.000000
0 0.742520 0.478735 0.121160 0.238554 0.744000 0.406627 2.000000 0.750000 0.391566 2.000000 0.000000 0.000000 0.000000 0.776000 0.394578 2.000000 0.000000 0.000000 0.000000 0.790000 0.466867 2.000000 0.784000 0.433735 2.000000 0.772000 0.539157 2.000000 0.772000 0.506024 2.000000 0.720000 0.527108 2.000000 0.722000 0.515060 2.000000 0.776000 0.590361 2.000000 0.764000 0.566265 2.000000 0.000000 0.000000 0.000000 0.000000 0.000000 0.000000 0.000000 0.000000 0.000000 0.000000 0.000000 0.000000
0 0.098080 0.511069 0.116640 0.341596 0.000000 0.000000 0.000000 0.000000 0.000000 0.000000 0.000000 0.000000 0.000000 0.126000 0.415663 1.000000 0.000000 0.000000 0.000000 0.086000 0.484940 2.000000 0.000000 0.000000 0.000000 0.000000 0.000000 0.000000 0.000000 0.000000 0.000000 0.000000 0.000000 0.000000 0.000000 0.000000 0.000000 0.000000 0.000000 0.000000 0.000000 0.000000 0.000000 0.000000 0.000000 0.000000 0.000000 0.000000 0.000000 0.000000 0.000000 0.000000 0.000000 0.000000 0.000000
