0 0.626086 0.745023 0.261141 0.361756 0.629687 0.618267 2.000000 0.637500 0.608899 2.000000 0.000000 0.000000 0.000000 0.662500 0.620609 2.000000 0.000000 0.000000 0.000000 0.670312 0.662763 2.000000 0.706250 0.655738 2.000000 0.600000 0.707260 2.000000 0.000000 0.000000 0.000000 0.543750 0.686183 2.000000 0.000000 0.000000 0.000000 0.718750 0.812646 2.000000 0.743750 0.803279 2.000000 0.610938 0.770492 2.000000 0.000000 0.000000 0.000000 0.676562 0.878220 2.000000 0.710938 0.859485 2.000000
0 0.831375 0.687459 0.160406 0.458009 0.765625 0.517564 2.000000 0.773438 0.505855 2.000000 0.000000 0.000000 0.000000 0.795312 0.505855 2.000000 0.000000 0.000000 0.000000 0.832812 0.548009 2.000000 0.803125 0.548009 2.000000 0.864062 0.644028 2.000000 0.828125 0.644028 2.000000 0.848437 0.733021 2.000000 0.806250 0.728337 2.000000 0.871875 0.686183 2.000000 0.840625 0.667447 2.000000 0.814063 0.749415 2.000000 0.787500 0.730679 2.000000 0.876563 0.866511 2.000000 0.806250 0.840749 2.000000
0 0.296773 0.570948 0.271984 0.556323 0.312500 0.360656 2.000000 0.321875 0.353630 2.000000 0.000000 0.000000 0.000000 0.345313 0.358314 2.000000 0.000000 0.000000 0.000000 0.382812 0.400468 2.000000 0.303125 0.398126 2.000000 0.417187 0.459016 2.000000 0.354687 0.466042 2.000000 0.410938 0.416862 2.000000 0.404687 0.430913 2.000000 0.346875 0.583138 2.000000 0.281250 0.578454 2.000000 0.387500 0.676815 2.000000 0.240625 0.679157 2.000000 0.412500 0.796253 2.000000 0.185938 0.793911 2.000000
0 0.125914 0.265246 0.075266 0.154988 0.117188 0.210773 2.000000 0.120313 0.208431 2.000000 0.114062 0.206089 2.000000 0.128125 0.208431 2.000000 0.000000 0.000000 0.000000 0.134375 0.231850 2.000000 0.114062 0.229508 2.000000 0.131250 0.271663 2.000000 0.114062 0.269321 2.000000 0.114062 0.250585 2.000000 0.103125 0.243560 2.000000 0.146875 0.283372 2.000000 0.126562 0.278689 2.000000 0.125000 0.288056 2.000000 0.095312 0.283372 2.000000 0.137500 0.346604 1.000000 0.103125 0.337237 1.000000
0 0.232633 0.276932 0.081766 0.159813 0.218750 0.229508 2.000000 0.223438 0.224824 2.000000 0.217188 0.224824 2.000000 0.228125 0.224824 2.000000 0.000000 0.000000 0.000000 0.242188 0.245902 2.000000 0.209375 0.245902 1.000000 0.232813 0.288056 2.000000 0.207813 0.285714 2.000000 0.207813 0.290398 2.000000 0.198437 0.290398 2.000000 0.250000 0.304450 2.000000 0.223438 0.302108 2.000000 0.231250 0.299766 2.000000 0.195312 0.304450 2.000000 0.235937 0.360656 1.000000 0.206250 0.360656 1.000000
0 0.418422 0.301546 0.097406 0.162061 0.443750 0.243560 2.000000 0.448437 0.241218 2.000000 0.442188 0.238876 2.000000 0.454688 0.245902 2.000000 0.439063 0.243560 2.000000 0.457813 0.276347 2.000000 0.426563 0.271663 2.000000 0.439063 0.299766 2.000000 0.409375 0.302108 2.000000 0.425000 0.292740 2.000000 0.439063 0.309133 2.000000 0.437500 0.337237 2.000000 0.417187 0.330211 2.000000 0.415625 0.323185 2.000000 0.376563 0.327869 2.000000 0.425000 0.395785 1.000000 0.396875 0.391101 1.000000
0 0.545016 0.323571 0.067594 0.151639 0.545312 0.276347 2.000000 0.542188 0.276347 2.000000 0.534375 0.278689 2.000000 0.000000 0.000000 0.000000 0.000000 0.000000 0.000000 0.559375 0.292740 2.000000 0.526563 0.290398 2.000000 0.553125 0.334895 2.000000 0.521875 0.332553 2.000000 0.539062 0.299766 2.000000 0.543750 0.334895 2.000000 0.559375 0.339578 2.000000 0.545312 0.341920 2.000000 0.554688 0.358314 2.000000 0.520312 0.346604 2.000000 0.551562 0.391101 2.000000 0.523438 0.391101 2.000000
0 0.641641 0.328255 0.080406 0.169485 0.657813 0.276347 2.000000 0.660937 0.274005 2.000000 0.654687 0.271663 2.000000 0.668750 0.274005 2.000000 0.000000 0.000000 0.000000 0.671875 0.299766 2.000000 0.643750 0.295082 2.000000 0.659375 0.320843 2.000000 0.626563 0.309133 2.000000 0.635938 0.325527 2.000000 0.646875 0.309133 2.000000 0.653125 0.358314 2.000000 0.635938 0.346604 2.000000 0.614062 0.365340 2.000000 0.617188 0.334895 2.000000 0.610938 0.437939 1.000000 0.610938 0.372365 2.000000
0 0.693625 0.329778 0.090844 0.187799 0.707812 0.266979 2.000000 0.712500 0.259953 2.000000 0.704688 0.259953 2.000000 0.718750 0.264637 2.000000 0.000000 0.000000 0.000000 0.729688 0.299766 2.000000 0.693750 0.302108 2.000000 0.714063 0.337237 2.000000 0.684375 0.339578 2.000000 0.693750 0.332553 2.000000 0.709375 0.344262 2.000000 0.710938 0.360656 2.000000 0.692187 0.360656 2.000000 0.701562 0.386417 2.000000 0.656250 0.381733 2.000000 0.707812 0.421546 2.000000 0.690625 0.419204 2.000000
0 0.820219 0.351440 0.081031 0.156417 0.798438 0.302108 2.000000 0.803125 0.297424 2.000000 0.796875 0.297424 2.000000 0.815625 0.297424 2.000000 0.000000 0.000000 0.000000 0.831250 0.318501 2.000000 0.795312 0.320843 2.000000 0.834375 0.362998 2.000000 0.792188 0.362998 2.000000 0.807813 0.381733 2.000000 0.801562 0.332553 2.000000 0.848437 0.374707 2.000000 0.823438 0.374707 2.000000 0.831250 0.379391 2.000000 0.785937 0.374707 2.000000 0.000000 0.000000 0.000000 0.000000 0.000000 0.000000
0 0.924852 0.323583 0.076641 0.225995 0.939063 0.241218 2.000000 0.942187 0.236534 2.000000 0.937500 0.236534 2.000000 0.953125 0.236534 2.000000 0.000000 0.000000 0.000000 0.967187 0.274005 1.000000 0.934375 0.264637 2.000000 0.970313 0.318501 1.000000 0.926562 0.295082 2.000000 0.943750 0.330211 2.000000 0.921875 0.311475 2.000000 0.959375 0.351288 2.000000 0.939063 0.344262 2.000000 0.962500 0.421546 1.000000 0.912500 0.341920 2.000000 0.000000 0.000000 0.000000 0.900000 0.416862 2.000000
0 0.185516 0.269918 0.066375 0.157916 0.198437 0.215457 2.000000 0.204687 0.208431 2.000000 0.196875 0.208431 2.000000 0.210938 0.213115 2.000000 0.000000 0.000000 0.000000 0.215625 0.243560 2.000000 0.192188 0.243560 2.000000 0.000000 0.000000 0.000000 0.189062 0.271663 2.000000 0.000000 0.000000 0.000000 0.185938 0.292740 2.000000 0.209375 0.299766 1.000000 0.189062 0.299766 2.000000 0.193750 0.313817 2.000000 0.160938 0.316159 2.000000 0.200000 0.367681 1.000000 0.189062 0.355972 1.000000
0 0.755680 0.340749 0.071047 0.162014 0.751563 0.290398 2.000000 0.754687 0.285714 2.000000 0.748437 0.285714 2.000000 0.764062 0.283372 2.000000 0.000000 0.000000 0.000000 0.779687 0.306792 2.000000 0.743750 0.306792 2.000000 0.778125 0.355972 2.000000 0.731250 0.348946 2.000000 0.751563 0.365340 2.000000 0.739062 0.318501 2.000000 0.770312 0.372365 2.000000 0.743750 0.372365 2.000000 0.762500 0.370023 2.000000 0.728125 0.370023 2.000000 0.771875 0.435597 1.000000 0.734375 0.430913 1.000000
