0 0.546578 0.824531 0.112969 0.346271 0.000000 0.000000 0.000000 0.000000 0.000000 0.000000 0.000000 0.000000 0.000000 0.000000 0.000000 0.000000 0.000000 0.000000 0.000000 0.518750 0.672917 2.000000 0.570312 0.666667 2.000000 0.503125 0.731250 2.000000 0.589063 0.722917 2.000000 0.000000 0.000000 0.000000 0.000000 0.000000 0.000000 0.534375 0.777083 2.000000 0.568750 0.775000 2.000000 0.542188 0.872917 2.000000 0.568750 0.872917 2.000000 0.543750 0.956250 2.000000 0.565625 0.968750 2.000000
0 0.305609 0.788594 0.090125 0.375354 0.000000 0.000000 0.000000 0.000000 0.000000 0.000000 0.314063 0.631250 2.000000 0.000000 0.000000 0.000000 0.307812 0.631250 2.000000 0.273438 0.679167 2.000000 0.320312 0.670833 2.000000 0.273438 0.743750 1.000000 0.337500 0.706250 2.000000 0.000000 0.000000 0.000000 0.339062 0.672917 2.000000 0.282813 0.777083 1.000000 0.320312 0.775000 2.000000 0.307812 0.858333 1.000000 0.315625 0.854167 2.000000 0.321875 0.927083 2.000000 0.304688 0.947917 2.000000
0 0.368109 0.796281 0.074375 0.254854 0.000000 0.000000 0.000000 0.000000 0.000000 0.000000 0.000000 0.000000 0.000000 0.000000 0.000000 0.000000 0.000000 0.000000 0.000000 0.334375 0.708333 1.000000 0.368750 0.706250 2.000000 0.000000 0.000000 0.000000 0.384375 0.741667 2.000000 0.000000 0.000000 0.000000 0.390625 0.764583 2.000000 0.335938 0.785417 1.000000 0.365625 0.787500 2.000000 0.340625 0.833333 1.000000 0.360938 0.841667 2.000000 0.339062 0.883333 2.000000 0.359375 0.891667 2.000000
0 0.453367 0.838198 0.084266 0.256188 0.000000 0.000000 0.000000 0.000000 0.000000 0.000000 0.000000 0.000000 0.000000 0.000000 0.000000 0.000000 0.000000 0.000000 0.000000 0.421875 0.760417 2.000000 0.453125 0.760417 2.000000 0.412500 0.800000 2.000000 0.462500 0.802083 2.000000 0.000000 0.000000 0.000000 0.481250 0.785417 1.000000 0.429688 0.835417 2.000000 0.448437 0.833333 2.000000 0.434375 0.887500 2.000000 0.464062 0.885417 2.000000 0.431250 0.943750 2.000000 0.468750 0.933333 2.000000
0 0.542695 0.584271 0.070797 0.134833 0.000000 0.000000 0.000000 0.000000 0.000000 0.000000 0.000000 0.000000 0.000000 0.525000 0.547917 2.000000 0.554688 0.545833 2.000000 0.523438 0.572917 2.000000 0.559375 0.575000 2.000000 0.514062 0.585417 2.000000 0.565625 0.606250 2.000000 0.523438 0.570833 2.000000 0.567187 0.635417 2.000000 0.525000 0.643750 2.000000 0.557813 0.641667 2.000000 0.000000 0.000000 0.000000 0.000000 0.000000 0.000000 0.000000 0.000000 0.000000 0.000000 0.000000 0.000000
0 0.104047 0.731958 0.103531 0.156500 0.000000 0.000000 0.000000 0.000000 0.000000 0.000000 0.000000 0.000000 0.000000 0.071875 0.685417 2.000000 0.103125 0.691667 2.000000 0.037500 0.729167 1.000000 0.120313 0.747917 1.000000 0.000000 0.000000 0.000000 0.000000 0.000000 0.000000 0.000000 0.000000 0.000000 0.000000 0.000000 0.000000 0.000000 0.000000 0.000000 0.000000 0.000000 0.000000 0.000000 0.000000 0.000000 0.000000 0.000000 0.000000 0.000000 0.000000 0.000000 0.000000 0.000000 0.000000
0 0.681594 0.832885 0.106000 0.334229 0.000000 0.000000 0.000000 0.000000 0.000000 0.000000 0.000000 0.000000 0.000000 0.000000 0.000000 0.000000 0.000000 0.000000 0.000000 0.648438 0.710417 2.000000 0.698438 0.708333 2.000000 0.637500 0.760417 2.000000 0.715625 0.762500 2.000000 0.000000 0.000000 0.000000 0.725000 0.812500 2.000000 0.659375 0.831250 2.000000 0.692187 0.829167 2.000000 0.668750 0.906250 2.000000 0.700000 0.895833 2.000000 0.682813 0.972917 2.000000 0.696875 0.952083 2.000000
0 0.757586 0.776354 0.088203 0.385125 0.725000 0.625000 2.000000 0.726562 0.616667 2.000000 0.000000 0.000000 0.000000 0.740625 0.616667 2.000000 0.000000 0.000000 0.000000 0.726562 0.658333 2.000000 0.778125 0.650000 2.000000 0.726562 0.731250 2.000000 0.793750 0.714583 1.000000 0.000000 0.000000 0.000000 0.000000 0.000000 0.000000 0.740625 0.756250 1.000000 0.775000 0.754167 1.000000 0.750000 0.847917 2.000000 0.775000 0.841667 2.000000 0.753125 0.933333 2.000000 0.782813 0.904167 2.000000
0 0.806406 0.743552 0.063500 0.325396 0.000000 0.000000 0.000000 0.000000 0.000000 0.000000 0.000000 0.000000 0.000000 0.781250 0.610417 2.000000 0.000000 0.000000 0.000000 0.778125 0.641667 1.000000 0.820312 0.639583 2.000000 0.000000 0.000000 0.000000 0.831250 0.706250 2.000000 0.000000 0.000000 0.000000 0.000000 0.000000 0.000000 0.784375 0.745833 1.000000 0.814063 0.745833 2.000000 0.781250 0.804167 1.000000 0.810937 0.820833 2.000000 0.785937 0.860417 1.000000 0.810937 0.893750 2.000000
0 0.839195 0.700833 0.051109 0.228708 0.000000 0.000000 0.000000 0.000000 0.000000 0.000000 0.000000 0.000000 0.000000 0.815625 0.616667 2.000000 0.829688 0.614583 2.000000 0.000000 0.000000 0.000000 0.843750 0.635417 2.000000 0.000000 0.000000 0.000000 0.857812 0.675000 2.000000 0.000000 0.000000 0.000000 0.850000 0.700000 2.000000 0.815625 0.691667 1.000000 0.839063 0.693750 1.000000 0.817187 0.752083 1.000000 0.839063 0.750000 2.000000 0.823438 0.800000 1.000000 0.837500 0.802083 2.000000
0 0.235359 0.825635 0.154562 0.348729 0.000000 0.000000 0.000000 0.000000 0.000000 0.000000 0.000000 0.000000 0.000000 0.000000 0.000000 0.000000 0.000000 0.000000 0.000000 0.179688 0.752083 2.000000 0.253125 0.745833 2.000000 0.000000 0.000000 0.000000 0.281250 0.820833 2.000000 0.000000 0.000000 0.000000 0.296875 0.870833 2.000000 0.206250 0.910417 2.000000 0.250000 0.908333 2.000000 0.000000 0.000000 0.000000 0.000000 0.000000 0.000000 0.000000 0.000000 0.000000 0.000000 0.000000 0.000000
