0 0.227672 0.466984 0.153000 0.256281 0.273438 0.408163 2.000000 0.000000 0.000000 0.000000 0.262500 0.394558 2.000000 0.000000 0.000000 0.000000 0.234375 0.399093 2.000000 0.229687 0.442177 2.000000 0.206250 0.460317 2.000000 0.260937 0.528345 2.000000 0.253125 0.544218 2.000000 0.284375 0.480726 2.000000 0.279687 0.485261 2.000000 0.209375 0.591837 1.000000 0.201563 0.609977 1.000000 0.306250 0.594104 1.000000 0.296875 0.612245 1.000000 0.000000 0.000000 0.000000 0.000000 0.000000 0.000000
0 0.230461 0.771395 0.457828 0.436939 0.000000 0.000000 0.000000 0.000000 0.000000 0.000000 0.000000 0.000000 0.000000 0.121875 0.730159 2.000000 0.218750 0.657596 2.000000 0.020313 0.927438 2.000000 0.343750 0.875283 2.000000 0.000000 0.000000 0.000000 0.000000 0.000000 0.000000 0.000000 0.000000 0.000000 0.426563 0.934240 2.000000 0.000000 0.000000 0.000000 0.000000 0.000000 0.000000 0.000000 0.000000 0.000000 0.000000 0.000000 0.000000 0.000000 0.000000 0.000000 0.000000 0.000000 0.000000
0 0.133797 0.466497 0.101813 0.247687 0.145313 0.426304 2.000000 0.000000 0.000000 0.000000 0.135937 0.414966 2.000000 0.000000 0.000000 0.000000 0.000000 0.000000 0.000000 0.129688 0.489796 2.000000 0.090625 0.532880 1.000000 0.000000 0.000000 0.000000 0.000000 0.000000 0.000000 0.000000 0.000000 0.000000 0.000000 0.000000 0.000000 0.179688 0.673469 1.000000 0.151562 0.707483 1.000000 0.000000 0.000000 0.000000 0.000000 0.000000 0.000000 0.000000 0.000000 0.000000 0.000000 0.000000 0.000000
0 0.679133 0.455748 0.122266 0.256667 0.632812 0.399093 2.000000 0.639062 0.387755 2.000000 0.000000 0.000000 0.000000 0.662500 0.371882 2.000000 0.000000 0.000000 0.000000 0.703125 0.437642 2.000000 0.656250 0.424036 2.000000 0.657813 0.523810 2.000000 0.000000 0.000000 0.000000 0.639062 0.460317 2.000000 0.000000 0.000000 0.000000 0.707812 0.600907 1.000000 0.670312 0.573696 1.000000 0.000000 0.000000 0.000000 0.000000 0.000000 0.000000 0.000000 0.000000 0.000000 0.000000 0.000000 0.000000
0 0.749516 0.485227 0.108531 0.256531 0.735938 0.442177 2.000000 0.746875 0.428571 2.000000 0.000000 0.000000 0.000000 0.778125 0.426304 1.000000 0.000000 0.000000 0.000000 0.000000 0.000000 0.000000 0.000000 0.000000 0.000000 0.000000 0.000000 0.000000 0.000000 0.000000 0.000000 0.000000 0.000000 0.000000 0.000000 0.000000 0.000000 0.000000 0.000000 0.000000 0.000000 0.000000 0.000000 0.000000 0.000000 0.000000 0.000000 0.000000 0.000000 0.000000 0.000000 0.000000 0.000000 0.000000 0.000000
0 0.811617 0.726655 0.376766 0.546689 0.000000 0.000000 0.000000 0.768750 0.564626 2.000000 0.000000 0.000000 0.000000 0.793750 0.603175 2.000000 0.000000 0.000000 0.000000 0.735938 0.795918 2.000000 0.000000 0.000000 0.000000 0.000000 0.000000 0.000000 0.000000 0.000000 0.000000 0.654687 0.859410 2.000000 0.000000 0.000000 0.000000 0.000000 0.000000 0.000000 0.000000 0.000000 0.000000 0.000000 0.000000 0.000000 0.000000 0.000000 0.000000 0.000000 0.000000 0.000000 0.000000 0.000000 0.000000
0 0.597875 0.405873 0.098094 0.198458 0.609375 0.358277 2.000000 0.618750 0.344671 2.000000 0.607812 0.344671 2.000000 0.637500 0.349206 1.000000 0.000000 0.000000 0.000000 0.646875 0.417234 1.000000 0.626563 0.412698 1.000000 0.620313 0.489796 2.000000 0.607812 0.462585 2.000000 0.587500 0.478458 2.000000 0.570312 0.476190 2.000000 0.640625 0.539683 1.000000 0.623437 0.521542 1.000000 0.000000 0.000000 0.000000 0.000000 0.000000 0.000000 0.000000 0.000000 0.000000 0.000000 0.000000 0.000000
0 0.581172 0.379989 0.074219 0.170726 0.550000 0.346939 2.000000 0.554688 0.335601 2.000000 0.550000 0.337868 2.000000 0.576562 0.333333 2.000000 0.000000 0.000000 0.000000 0.589063 0.369615 2.000000 0.570312 0.356009 2.000000 0.581250 0.455782 2.000000 0.562500 0.417234 2.000000 0.567187 0.444444 2.000000 0.560937 0.437642 2.000000 0.617188 0.494331 1.000000 0.606250 0.485261 1.000000 0.550000 0.523810 1.000000 0.543750 0.514739 1.000000 0.000000 0.000000 0.000000 0.000000 0.000000 0.000000
0 0.068125 0.630816 0.136250 0.541678 0.131250 0.446712 2.000000 0.000000 0.000000 0.000000 0.121875 0.439909 2.000000 0.000000 0.000000 0.000000 0.095312 0.460317 2.000000 0.023438 0.523810 2.000000 0.065625 0.573696 2.000000 0.000000 0.000000 0.000000 0.026562 0.764172 2.000000 0.000000 0.000000 0.000000 0.093750 0.861678 1.000000 0.000000 0.000000 0.000000 0.051562 0.850340 2.000000 0.000000 0.000000 0.000000 0.000000 0.000000 0.000000 0.000000 0.000000 0.000000 0.000000 0.000000 0.000000
0 0.372320 0.336655 0.078266 0.090998 0.373437 0.321995 2.000000 0.376563 0.317460 2.000000 0.370312 0.317460 2.000000 0.384375 0.312925 2.000000 0.364063 0.312925 2.000000 0.392188 0.337868 2.000000 0.357812 0.337868 2.000000 0.412500 0.374150 1.000000 0.339062 0.367347 2.000000 0.000000 0.000000 0.000000 0.342187 0.385488 1.000000 0.389062 0.403628 1.000000 0.364063 0.403628 1.000000 0.000000 0.000000 0.000000 0.000000 0.000000 0.000000 0.000000 0.000000 0.000000 0.000000 0.000000 0.000000
0 0.470375 0.335794 0.061031 0.109728 0.467187 0.310658 2.000000 0.471875 0.306122 2.000000 0.462500 0.306122 2.000000 0.478125 0.308390 2.000000 0.459375 0.310658 2.000000 0.489063 0.333333 2.000000 0.450000 0.333333 2.000000 0.495312 0.380952 2.000000 0.443750 0.378685 2.000000 0.475000 0.349206 2.000000 0.464062 0.346939 2.000000 0.484375 0.392290 1.000000 0.454688 0.392290 1.000000 0.000000 0.000000 0.000000 0.000000 0.000000 0.000000 0.000000 0.000000 0.000000 0.000000 0.000000 0.000000
0 0.772281 0.549354 0.223719 0.345465 0.778125 0.464853 2.000000 0.790625 0.455782 2.000000 0.000000 0.000000 0.000000 0.831250 0.469388 1.000000 0.000000 0.000000 0.000000 0.889062 0.578231 1.000000 0.848437 0.535147 1.000000 0.837500 0.700680 1.000000 0.000000 0.000000 0.000000 0.734375 0.668934 2.000000 0.000000 0.000000 0.000000 0.868750 0.816327 1.000000 0.832812 0.793651 1.000000 0.000000 0.000000 0.000000 0.000000 0.000000 0.000000 0.000000 0.000000 0.000000 0.000000 0.000000 0.000000
