0 0.703280 0.468542 0.160520 0.559531 0.704000 0.260417 2.000000 0.710000 0.252604 2.000000 0.698000 0.252604 2.000000 0.734000 0.260417 2.000000 0.000000 0.000000 0.000000 0.748000 0.309896 2.000000 0.720000 0.312500 2.000000 0.750000 0.390625 2.000000 0.690000 0.369792 2.000000 0.734000 0.460938 2.000000 0.646000 0.393229 2.000000 0.722000 0.489583 2.000000 0.704000 0.481771 2.000000 0.736000 0.583333 2.000000 0.726000 0.588542 2.000000 0.742000 0.703125 2.000000 0.736000 0.674479 2.000000
0 0.410370 0.498802 0.129700 0.506302 0.400000 0.294271 2.000000 0.404000 0.281250 2.000000 0.392000 0.281250 2.000000 0.416000 0.286458 2.000000 0.384000 0.289062 2.000000 0.438000 0.338542 2.000000 0.368000 0.341146 2.000000 0.460000 0.421875 2.000000 0.352000 0.427083 2.000000 0.458000 0.492188 2.000000 0.358000 0.505208 2.000000 0.420000 0.492188 2.000000 0.388000 0.494792 2.000000 0.432000 0.609375 2.000000 0.388000 0.614583 2.000000 0.442000 0.710938 2.000000 0.388000 0.716146 2.000000
0 0.651690 0.476445 0.100660 0.478151 0.630000 0.278646 2.000000 0.634000 0.270833 2.000000 0.622000 0.270833 2.000000 0.644000 0.276042 2.000000 0.610000 0.276042 2.000000 0.674000 0.317708 2.000000 0.592000 0.330729 1.000000 0.680000 0.395833 1.000000 0.000000 0.000000 0.000000 0.654000 0.455729 2.000000 0.620000 0.447917 2.000000 0.662000 0.434896 2.000000 0.620000 0.440104 2.000000 0.672000 0.585938 2.000000 0.632000 0.585938 2.000000 0.676000 0.687500 2.000000 0.636000 0.684896 2.000000
0 0.572990 0.474492 0.121980 0.563776 0.576000 0.239583 2.000000 0.578000 0.236979 2.000000 0.566000 0.236979 2.000000 0.550000 0.242188 2.000000 0.000000 0.000000 0.000000 0.526000 0.289062 2.000000 0.584000 0.289062 1.000000 0.552000 0.372396 2.000000 0.000000 0.000000 0.000000 0.610000 0.395833 2.000000 0.000000 0.000000 0.000000 0.568000 0.416667 2.000000 0.600000 0.416667 2.000000 0.556000 0.570312 2.000000 0.598000 0.562500 2.000000 0.550000 0.700521 2.000000 0.596000 0.697917 2.000000
0 0.153600 0.488763 0.141520 0.653932 0.000000 0.000000 0.000000 0.000000 0.000000 0.000000 0.000000 0.000000 0.000000 0.000000 0.000000 0.000000 0.202000 0.213542 2.000000 0.122000 0.263021 2.000000 0.170000 0.257812 2.000000 0.098000 0.359375 2.000000 0.170000 0.325521 2.000000 0.118000 0.429688 2.000000 0.186000 0.398438 2.000000 0.118000 0.450521 2.000000 0.154000 0.450521 2.000000 0.130000 0.609375 2.000000 0.166000 0.609375 2.000000 0.142000 0.768229 2.000000 0.156000 0.773438 2.000000
0 0.306400 0.487331 0.088200 0.525495 0.298000 0.283854 2.000000 0.304000 0.273438 2.000000 0.288000 0.276042 2.000000 0.310000 0.281250 2.000000 0.272000 0.281250 2.000000 0.330000 0.346354 2.000000 0.258000 0.348958 1.000000 0.334000 0.416667 2.000000 0.000000 0.000000 0.000000 0.342000 0.481771 2.000000 0.000000 0.000000 0.000000 0.326000 0.473958 2.000000 0.282000 0.476562 1.000000 0.324000 0.598958 2.000000 0.284000 0.606771 1.000000 0.318000 0.726562 2.000000 0.284000 0.734375 2.000000
0 0.468380 0.327396 0.099880 0.208438 0.458000 0.260417 2.000000 0.466000 0.252604 2.000000 0.450000 0.250000 2.000000 0.474000 0.263021 2.000000 0.436000 0.255208 2.000000 0.490000 0.330729 2.000000 0.420000 0.325521 1.000000 0.506000 0.380208 1.000000 0.000000 0.000000 0.000000 0.500000 0.406250 1.000000 0.000000 0.000000 0.000000 0.480000 0.468750 1.000000 0.422000 0.466146 1.000000 0.000000 0.000000 0.000000 0.000000 0.000000 0.000000 0.000000 0.000000 0.000000 0.000000 0.000000 0.000000
0 0.345720 0.318138 0.079320 0.192891 0.348000 0.265625 2.000000 0.354000 0.255208 2.000000 0.340000 0.257812 2.000000 0.362000 0.263021 2.000000 0.326000 0.263021 2.000000 0.378000 0.320312 2.000000 0.312000 0.315104 2.000000 0.000000 0.000000 0.000000 0.000000 0.000000 0.000000 0.000000 0.000000 0.000000 0.000000 0.000000 0.000000 0.000000 0.000000 0.000000 0.000000 0.000000 0.000000 0.000000 0.000000 0.000000 0.000000 0.000000 0.000000 0.000000 0.000000 0.000000 0.000000 0.000000 0.000000
0 0.247640 0.482760 0.133120 0.586562 0.232000 0.255208 2.000000 0.240000 0.247396 2.000000 0.224000 0.244792 2.000000 0.000000 0.000000 0.000000 0.208000 0.255208 2.000000 0.256000 0.317708 2.000000 0.182000 0.322917 1.000000 0.274000 0.401042 2.000000 0.184000 0.411458 1.000000 0.266000 0.460938 2.000000 0.230000 0.466146 2.000000 0.256000 0.471354 2.000000 0.210000 0.476562 2.000000 0.258000 0.619792 2.000000 0.208000 0.627604 2.000000 0.260000 0.744792 2.000000 0.216000 0.757812 2.000000
0 0.843770 0.441706 0.159420 0.511484 0.810000 0.229167 2.000000 0.816000 0.221354 2.000000 0.802000 0.221354 2.000000 0.828000 0.226562 1.000000 0.794000 0.226562 2.000000 0.846000 0.281250 2.000000 0.780000 0.289062 2.000000 0.872000 0.367188 2.000000 0.766000 0.372396 1.000000 0.834000 0.403646 2.000000 0.804000 0.411458 2.000000 0.834000 0.429688 2.000000 0.798000 0.434896 2.000000 0.842000 0.549479 2.000000 0.788000 0.546875 2.000000 0.848000 0.666667 2.000000 0.784000 0.669271 2.000000
