0 0.938609 0.285875 0.057437 0.162625 0.912500 0.242188 2.000000 0.921875 0.234375 2.000000 0.912500 0.232813 1.000000 0.948438 0.242188 2.000000 0.000000 0.000000 0.000000 0.959375 0.289062 2.000000 0.915625 0.275000 1.000000 0.000000 0.000000 0.000000 0.000000 0.000000 0.000000 0.000000 0.000000 0.000000 0.000000 0.000000 0.000000 0.000000 0.000000 0.000000 0.000000 0.000000 0.000000 0.000000 0.000000 0.000000 0.000000 0.000000 0.000000 0.000000 0.000000 0.000000 0.000000 0.000000 0.000000
0 0.134187 0.548781 0.207563 0.833219 0.181250 0.215625 2.000000 0.000000 0.000000 0.000000 0.162500 0.200000 2.000000 0.000000 0.000000 0.000000 0.125000 0.218750 2.000000 0.151562 0.314063 1.000000 0.075000 0.317188 2.000000 0.000000 0.000000 0.000000 0.000000 0.000000 0.000000 0.000000 0.000000 0.000000 0.000000 0.000000 0.000000 0.157812 0.560937 2.000000 0.084375 0.570312 2.000000 0.146875 0.750000 2.000000 0.068750 0.753125 2.000000 0.156250 0.903125 2.000000 0.046875 0.931250 2.000000
0 0.485133 0.277578 0.088859 0.154219 0.000000 0.000000 0.000000 0.000000 0.000000 0.000000 0.000000 0.000000 0.000000 0.467187 0.225000 2.000000 0.492188 0.225000 2.000000 0.459375 0.253125 2.000000 0.514062 0.256250 2.000000 0.445312 0.306250 2.000000 0.515625 0.314063 2.000000 0.000000 0.000000 0.000000 0.000000 0.000000 0.000000 0.465625 0.354687 1.000000 0.506250 0.351562 1.000000 0.000000 0.000000 0.000000 0.000000 0.000000 0.000000 0.000000 0.000000 0.000000 0.000000 0.000000 0.000000
0 0.542797 0.277469 0.058688 0.132750 0.526563 0.231250 2.000000 0.529687 0.226562 2.000000 0.000000 0.000000 0.000000 0.545312 0.234375 2.000000 0.000000 0.000000 0.000000 0.539062 0.259375 2.000000 0.564063 0.264062 2.000000 0.000000 0.000000 0.000000 0.000000 0.000000 0.000000 0.000000 0.000000 0.000000 0.000000 0.000000 0.000000 0.000000 0.000000 0.000000 0.000000 0.000000 0.000000 0.000000 0.000000 0.000000 0.000000 0.000000 0.000000 0.000000 0.000000 0.000000 0.000000 0.000000 0.000000
0 0.255703 0.283930 0.113719 0.203922 0.250000 0.206250 2.000000 0.251563 0.201563 2.000000 0.243750 0.201563 2.000000 0.000000 0.000000 0.000000 0.234375 0.203125 2.000000 0.271875 0.228125 2.000000 0.226562 0.229687 2.000000 0.289062 0.259375 2.000000 0.200000 0.256250 2.000000 0.304688 0.285938 2.000000 0.203125 0.278125 1.000000 0.270313 0.295312 2.000000 0.243750 0.293750 2.000000 0.275000 0.351562 2.000000 0.253125 0.350000 2.000000 0.257812 0.392188 1.000000 0.246875 0.364063 2.000000
0 0.676750 0.530344 0.576875 0.890094 0.759375 0.210938 2.000000 0.767188 0.185938 2.000000 0.000000 0.000000 0.000000 0.831250 0.168750 2.000000 0.000000 0.000000 0.000000 0.825000 0.284375 2.000000 0.868750 0.262500 2.000000 0.623437 0.351562 2.000000 0.821875 0.465625 2.000000 0.473438 0.362500 2.000000 0.684375 0.520312 2.000000 0.878125 0.598437 2.000000 0.912500 0.571875 2.000000 0.657813 0.679688 2.000000 0.665625 0.567187 2.000000 0.804688 0.862500 2.000000 0.667188 0.807813 2.000000
0 0.631477 0.259883 0.083047 0.128422 0.000000 0.000000 0.000000 0.000000 0.000000 0.000000 0.000000 0.000000 0.000000 0.617188 0.214062 2.000000 0.645312 0.215625 2.000000 0.604688 0.254688 2.000000 0.657813 0.257812 2.000000 0.598437 0.289062 2.000000 0.664062 0.295312 2.000000 0.000000 0.000000 0.000000 0.000000 0.000000 0.000000 0.000000 0.000000 0.000000 0.000000 0.000000 0.000000 0.000000 0.000000 0.000000 0.000000 0.000000 0.000000 0.000000 0.000000 0.000000 0.000000 0.000000 0.000000
0 0.378273 0.313445 0.051422 0.270547 0.000000 0.000000 0.000000 0.000000 0.000000 0.000000 0.000000 0.000000 0.000000 0.000000 0.000000 0.000000 0.364063 0.209375 2.000000 0.000000 0.000000 0.000000 0.367188 0.243750 2.000000 0.000000 0.000000 0.000000 0.393750 0.287500 2.000000 0.000000 0.000000 0.000000 0.000000 0.000000 0.000000 0.000000 0.000000 0.000000 0.371875 0.360938 2.000000 0.000000 0.000000 0.000000 0.000000 0.000000 0.000000 0.000000 0.000000 0.000000 0.000000 0.000000 0.000000
0 0.738867 0.323453 0.067453 0.260531 0.000000 0.000000 0.000000 0.000000 0.000000 0.000000 0.000000 0.000000 0.000000 0.000000 0.000000 0.000000 0.000000 0.000000 0.000000 0.712500 0.251563 2.000000 0.771875 0.248438 1.000000 0.000000 0.000000 0.000000 0.000000 0.000000 0.000000 0.000000 0.000000 0.000000 0.000000 0.000000 0.000000 0.728125 0.345313 1.000000 0.760938 0.342187 1.000000 0.725000 0.434375 2.000000 0.000000 0.000000 0.000000 0.000000 0.000000 0.000000 0.000000 0.000000 0.000000
0 0.427063 0.296570 0.051875 0.124609 0.437500 0.256250 2.000000 0.000000 0.000000 0.000000 0.432812 0.251563 2.000000 0.000000 0.000000 0.000000 0.417187 0.256250 2.000000 0.431250 0.275000 2.000000 0.409375 0.281250 2.000000 0.000000 0.000000 0.000000 0.425000 0.321875 2.000000 0.000000 0.000000 0.000000 0.435937 0.285938 2.000000 0.000000 0.000000 0.000000 0.425000 0.350000 2.000000 0.000000 0.000000 0.000000 0.000000 0.000000 0.000000 0.000000 0.000000 0.000000 0.000000 0.000000 0.000000
