0 0.907078 0.456294 0.148125 0.364535 0.912500 0.382743 2.000000 0.925000 0.369469 2.000000 0.901563 0.367257 2.000000 0.948438 0.369469 2.000000 0.884375 0.358407 2.000000 0.962500 0.451327 2.000000 0.856250 0.471239 2.000000 0.945312 0.595133 1.000000 0.864062 0.599558 1.000000 0.000000 0.000000 0.000000 0.000000 0.000000 0.000000 0.000000 0.000000 0.000000 0.000000 0.000000 0.000000 0.000000 0.000000 0.000000 0.000000 0.000000 0.000000 0.000000 0.000000 0.000000 0.000000 0.000000 0.000000
0 0.635453 0.315354 0.148406 0.227212 0.621875 0.258850 2.000000 0.629687 0.250000 2.000000 0.609375 0.254425 2.000000 0.640625 0.254425 2.000000 0.592187 0.269912 1.000000 0.654687 0.329646 2.000000 0.573438 0.338496 2.000000 0.693750 0.398230 2.000000 0.585938 0.415929 2.000000 0.670312 0.327434 2.000000 0.628125 0.338496 2.000000 0.000000 0.000000 0.000000 0.000000 0.000000 0.000000 0.000000 0.000000 0.000000 0.000000 0.000000 0.000000 0.000000 0.000000 0.000000 0.000000 0.000000 0.000000
0 0.768289 0.265763 0.117703 0.515774 0.745313 0.053097 2.000000 0.750000 0.042035 2.000000 0.000000 0.000000 0.000000 0.767188 0.046460 2.000000 0.000000 0.000000 0.000000 0.785937 0.090708 2.000000 0.751563 0.110619 2.000000 0.807813 0.168142 2.000000 0.739062 0.190265 2.000000 0.759375 0.159292 2.000000 0.720313 0.190265 2.000000 0.781250 0.219027 2.000000 0.753125 0.219027 2.000000 0.790625 0.380531 2.000000 0.725000 0.353982 2.000000 0.814063 0.502212 2.000000 0.000000 0.000000 0.000000
0 0.384867 0.415044 0.280922 0.732566 0.439063 0.252212 2.000000 0.456250 0.227876 2.000000 0.423438 0.227876 2.000000 0.000000 0.000000 0.000000 0.376563 0.201327 2.000000 0.000000 0.000000 0.000000 0.353125 0.298673 2.000000 0.392188 0.353982 2.000000 0.395313 0.486726 2.000000 0.437500 0.429204 2.000000 0.475000 0.630531 2.000000 0.000000 0.000000 0.000000 0.237500 0.557522 1.000000 0.000000 0.000000 0.000000 0.000000 0.000000 0.000000 0.000000 0.000000 0.000000 0.000000 0.000000 0.000000
0 0.059648 0.299546 0.116109 0.448208 0.021875 0.106195 2.000000 0.023438 0.097345 2.000000 0.004687 0.099558 2.000000 0.000000 0.000000 0.000000 0.000000 0.000000 0.000000 0.031250 0.172566 2.000000 0.000000 0.000000 0.000000 0.000000 0.000000 0.000000 0.000000 0.000000 0.000000 0.000000 0.000000 0.000000 0.000000 0.000000 0.000000 0.056250 0.327434 2.000000 0.026562 0.334071 2.000000 0.106250 0.471239 2.000000 0.090625 0.486726 2.000000 0.000000 0.000000 0.000000 0.000000 0.000000 0.000000
0 0.262656 0.728097 0.430094 0.516858 0.264062 0.654867 2.000000 0.000000 0.000000 0.000000 0.239063 0.639381 2.000000 0.000000 0.000000 0.000000 0.157812 0.707965 2.000000 0.189062 0.756637 2.000000 0.159375 0.953540 2.000000 0.289062 0.853982 2.000000 0.000000 0.000000 0.000000 0.387500 0.953540 2.000000 0.000000 0.000000 0.000000 0.000000 0.000000 0.000000 0.000000 0.000000 0.000000 0.000000 0.000000 0.000000 0.000000 0.000000 0.000000 0.000000 0.000000 0.000000 0.000000 0.000000 0.000000
0 0.169820 0.283142 0.107922 0.377522 0.204687 0.128319 2.000000 0.210938 0.123894 2.000000 0.200000 0.117257 2.000000 0.000000 0.000000 0.000000 0.181250 0.121681 2.000000 0.204687 0.172566 1.000000 0.156250 0.154867 2.000000 0.000000 0.000000 0.000000 0.151562 0.241150 2.000000 0.000000 0.000000 0.000000 0.193750 0.192478 2.000000 0.165625 0.305310 2.000000 0.139063 0.300885 2.000000 0.176563 0.407080 1.000000 0.148438 0.409292 2.000000 0.000000 0.000000 0.000000 0.000000 0.000000 0.000000
0 0.325250 0.630608 0.293469 0.582500 0.257812 0.480088 2.000000 0.267188 0.449115 2.000000 0.234375 0.471239 2.000000 0.000000 0.000000 0.000000 0.000000 0.000000 0.000000 0.307812 0.519912 2.000000 0.215625 0.595133 1.000000 0.370312 0.623894 2.000000 0.221875 0.769912 1.000000 0.375000 0.738938 2.000000 0.342187 0.767699 2.000000 0.396875 0.736726 2.000000 0.337500 0.807522 2.000000 0.490625 0.767699 1.000000 0.476562 0.871681 1.000000 0.000000 0.000000 0.000000 0.000000 0.000000 0.000000
0 0.051578 0.642699 0.103156 0.377522 0.000000 0.000000 0.000000 0.000000 0.000000 0.000000 0.000000 0.000000 0.000000 0.000000 0.000000 0.000000 0.000000 0.000000 0.000000 0.000000 0.000000 0.000000 0.000000 0.000000 0.000000 0.000000 0.000000 0.000000 0.000000 0.000000 0.000000 0.000000 0.000000 0.000000 0.000000 0.000000 0.000000 0.006250 0.438053 1.000000 0.000000 0.000000 0.000000 0.025000 0.575221 2.000000 0.015625 0.623894 2.000000 0.014063 0.774336 2.000000 0.071875 0.745575 2.000000
0 0.965555 0.602013 0.068891 0.172655 0.000000 0.000000 0.000000 0.000000 0.000000 0.000000 0.000000 0.000000 0.000000 0.000000 0.000000 0.000000 0.000000 0.000000 0.000000 0.000000 0.000000 0.000000 0.992188 0.652655 2.000000 0.000000 0.000000 0.000000 0.000000 0.000000 0.000000 0.000000 0.000000 0.000000 0.000000 0.000000 0.000000 0.000000 0.000000 0.000000 0.000000 0.000000 0.000000 0.000000 0.000000 0.000000 0.000000 0.000000 0.000000 0.000000 0.000000 0.000000 0.000000 0.000000 0.000000
0 0.424211 0.413341 0.194141 0.262655 0.428125 0.314159 2.000000 0.000000 0.000000 0.000000 0.000000 0.000000 0.000000 0.000000 0.000000 0.000000 0.000000 0.000000 0.000000 0.456250 0.356195 2.000000 0.389062 0.365044 1.000000 0.503125 0.426991 2.000000 0.000000 0.000000 0.000000 0.465625 0.345133 2.000000 0.000000 0.000000 0.000000 0.000000 0.000000 0.000000 0.000000 0.000000 0.000000 0.000000 0.000000 0.000000 0.000000 0.000000 0.000000 0.000000 0.000000 0.000000 0.000000 0.000000 0.000000
