0 0.688398 0.772153 0.119578 0.182000 0.687500 0.741176 2.000000 0.693750 0.731765 2.000000 0.678125 0.731765 2.000000 0.710938 0.734118 2.000000 0.664062 0.736471 2.000000 0.723437 0.792941 2.000000 0.650000 0.802353 2.000000 0.735938 0.898824 1.000000 0.643750 0.898824 1.000000 0.000000 0.000000 0.000000 0.000000 0.000000 0.000000 0.718750 0.934118 1.000000 0.673438 0.943529 1.000000 0.000000 0.000000 0.000000 0.000000 0.000000 0.000000 0.000000 0.000000 0.000000 0.000000 0.000000 0.000000
0 0.833797 0.830941 0.160812 0.318400 0.835938 0.741176 2.000000 0.842187 0.731765 2.000000 0.826562 0.729412 2.000000 0.000000 0.000000 0.000000 0.803125 0.727059 2.000000 0.862500 0.800000 2.000000 0.776563 0.804706 2.000000 0.875000 0.861176 2.000000 0.782813 0.872941 1.000000 0.000000 0.000000 0.000000 0.000000 0.000000 0.000000 0.850000 0.927059 1.000000 0.803125 0.931765 1.000000 0.889062 0.887059 2.000000 0.000000 0.000000 0.000000 0.000000 0.000000 0.000000 0.000000 0.000000 0.000000
0 0.230281 0.784682 0.075844 0.110353 0.220312 0.804706 2.000000 0.235937 0.788235 2.000000 0.210938 0.790588 2.000000 0.260937 0.800000 2.000000 0.000000 0.000000 0.000000 0.000000 0.000000 0.000000 0.000000 0.000000 0.000000 0.000000 0.000000 0.000000 0.000000 0.000000 0.000000 0.000000 0.000000 0.000000 0.000000 0.000000 0.000000 0.000000 0.000000 0.000000 0.000000 0.000000 0.000000 0.000000 0.000000 0.000000 0.000000 0.000000 0.000000 0.000000 0.000000 0.000000 0.000000 0.000000 0.000000
0 0.293367 0.713165 0.082391 0.241671 0.318750 0.651765 2.000000 0.321875 0.642353 2.000000 0.309375 0.642353 2.000000 0.000000 0.000000 0.000000 0.281250 0.647059 2.000000 0.337500 0.748235 1.000000 0.253125 0.743529 1.000000 0.000000 0.000000 0.000000 0.000000 0.000000 0.000000 0.000000 0.000000 0.000000 0.000000 0.000000 0.000000 0.000000 0.000000 0.000000 0.000000 0.000000 0.000000 0.000000 0.000000 0.000000 0.000000 0.000000 0.000000 0.000000 0.000000 0.000000 0.000000 0.000000 0.000000
0 0.569930 0.798529 0.096547 0.111741 0.523438 0.802353 2.000000 0.531250 0.792941 2.000000 0.000000 0.000000 0.000000 0.557813 0.802353 2.000000 0.000000 0.000000 0.000000 0.000000 0.000000 0.000000 0.000000 0.000000 0.000000 0.000000 0.000000 0.000000 0.000000 0.000000 0.000000 0.000000 0.000000 0.000000 0.000000 0.000000 0.000000 0.000000 0.000000 0.000000 0.000000 0.000000 0.000000 0.000000 0.000000 0.000000 0.000000 0.000000 0.000000 0.000000 0.000000 0.000000 0.000000 0.000000 0.000000
0 0.839406 0.901118 0.082063 0.157294 0.831250 0.889412 2.000000 0.840625 0.877647 2.000000 0.821875 0.875294 2.000000 0.000000 0.000000 0.000000 0.809375 0.877647 1.000000 0.860938 0.922353 2.000000 0.803125 0.924706 1.000000 0.000000 0.000000 0.000000 0.000000 0.000000 0.000000 0.000000 0.000000 0.000000 0.000000 0.000000 0.000000 0.000000 0.000000 0.000000 0.000000 0.000000 0.000000 0.000000 0.000000 0.000000 0.000000 0.000000 0.000000 0.000000 0.000000 0.000000 0.000000 0.000000 0.000000
0 0.085891 0.640506 0.116281 0.269012 0.000000 0.000000 0.000000 0.000000 0.000000 0.000000 0.000000 0.000000 0.000000 0.076563 0.574118 2.000000 0.000000 0.000000 0.000000 0.076563 0.654118 2.000000 0.120313 0.630588 2.000000 0.062500 0.738824 2.000000 0.106250 0.677647 2.000000 0.043750 0.717647 2.000000 0.070312 0.687059 2.000000 0.082812 0.811765 1.000000 0.117188 0.797647 1.000000 0.000000 0.000000 0.000000 0.000000 0.000000 0.000000 0.000000 0.000000 0.000000 0.000000 0.000000 0.000000
0 0.932008 0.867306 0.093172 0.261153 0.000000 0.000000 0.000000 0.000000 0.000000 0.000000 0.000000 0.000000 0.000000 0.934375 0.795294 2.000000 0.000000 0.000000 0.000000 0.948438 0.835294 2.000000 0.900000 0.832941 2.000000 0.970313 0.901176 2.000000 0.907813 0.868235 2.000000 0.951562 0.875294 2.000000 0.920312 0.832941 2.000000 0.950000 0.957647 2.000000 0.907813 0.964706 1.000000 0.954688 0.985882 2.000000 0.929688 0.995294 1.000000 0.000000 0.000000 0.000000 0.000000 0.000000 0.000000
0 0.469242 0.791882 0.082453 0.122494 0.501563 0.814118 2.000000 0.000000 0.000000 0.000000 0.495312 0.807059 2.000000 0.000000 0.000000 0.000000 0.476562 0.809412 2.000000 0.000000 0.000000 0.000000 0.000000 0.000000 0.000000 0.000000 0.000000 0.000000 0.000000 0.000000 0.000000 0.000000 0.000000 0.000000 0.000000 0.000000 0.000000 0.000000 0.000000 0.000000 0.000000 0.000000 0.000000 0.000000 0.000000 0.000000 0.000000 0.000000 0.000000 0.000000 0.000000 0.000000 0.000000 0.000000 0.000000
0 0.083453 0.784447 0.078063 0.089271 0.087500 0.811765 2.000000 0.096875 0.795294 2.000000 0.078125 0.795294 2.000000 0.000000 0.000000 0.000000 0.056250 0.802353 2.000000 0.000000 0.000000 0.000000 0.000000 0.000000 0.000000 0.000000 0.000000 0.000000 0.000000 0.000000 0.000000 0.000000 0.000000 0.000000 0.000000 0.000000 0.000000 0.000000 0.000000 0.000000 0.000000 0.000000 0.000000 0.000000 0.000000 0.000000 0.000000 0.000000 0.000000 0.000000 0.000000 0.000000 0.000000 0.000000 0.000000
