0 0.795680 0.902136 0.060859 0.195728 0.000000 0.000000 0.000000 0.000000 0.000000 0.000000 0.000000 0.000000 0.000000 0.000000 0.000000 0.000000 0.817187 0.835681 2.000000 0.789062 0.856808 2.000000 0.817187 0.863850 2.000000 0.771875 0.889671 2.000000 0.000000 0.000000 0.000000 0.773438 0.899061 2.000000 0.000000 0.000000 0.000000 0.785937 0.934272 2.000000 0.806250 0.936620 1.000000 0.785937 0.981221 2.000000 0.801562 0.983568 1.000000 0.000000 0.000000 0.000000 0.000000 0.000000 0.000000
0 0.517508 0.892195 0.076641 0.215610 0.518750 0.826291 2.000000 0.520312 0.819249 2.000000 0.514062 0.821596 2.000000 0.000000 0.000000 0.000000 0.501563 0.819249 2.000000 0.534375 0.852113 2.000000 0.487500 0.854460 2.000000 0.543750 0.894366 2.000000 0.484375 0.908451 2.000000 0.548438 0.931925 2.000000 0.482812 0.960094 2.000000 0.529687 0.964789 2.000000 0.501563 0.967136 2.000000 0.000000 0.000000 0.000000 0.000000 0.000000 0.000000 0.000000 0.000000 0.000000 0.000000 0.000000 0.000000
0 0.425859 0.902371 0.059906 0.187793 0.410938 0.847418 2.000000 0.415625 0.840376 2.000000 0.406250 0.840376 1.000000 0.421875 0.840376 2.000000 0.403125 0.835681 1.000000 0.431250 0.868545 2.000000 0.396875 0.863850 1.000000 0.442188 0.920188 2.000000 0.000000 0.000000 0.000000 0.446875 0.969484 2.000000 0.000000 0.000000 0.000000 0.425000 0.957746 1.000000 0.000000 0.000000 0.000000 0.000000 0.000000 0.000000 0.000000 0.000000 0.000000 0.000000 0.000000 0.000000 0.000000 0.000000 0.000000
0 0.286266 0.884167 0.077938 0.231667 0.000000 0.000000 0.000000 0.000000 0.000000 0.000000 0.000000 0.000000 0.000000 0.282813 0.793427 2.000000 0.000000 0.000000 0.000000 0.267188 0.821596 2.000000 0.307812 0.821596 2.000000 0.254688 0.880282 2.000000 0.317188 0.877934 1.000000 0.256250 0.922535 2.000000 0.000000 0.000000 0.000000 0.268750 0.929577 2.000000 0.304688 0.927230 2.000000 0.273438 0.995305 2.000000 0.301563 0.995305 1.000000 0.000000 0.000000 0.000000 0.000000 0.000000 0.000000
0 0.669672 0.896408 0.064000 0.207183 0.000000 0.000000 0.000000 0.000000 0.000000 0.000000 0.000000 0.000000 0.000000 0.660937 0.819249 2.000000 0.678125 0.814554 2.000000 0.650000 0.847418 2.000000 0.685937 0.849765 2.000000 0.640625 0.877934 2.000000 0.696875 0.877934 1.000000 0.000000 0.000000 0.000000 0.696875 0.901408 1.000000 0.657813 0.903756 2.000000 0.679688 0.903756 1.000000 0.659375 0.971831 2.000000 0.681250 0.969484 1.000000 0.000000 0.000000 0.000000 0.000000 0.000000 0.000000
0 0.838391 0.904777 0.095969 0.190446 0.000000 0.000000 0.000000 0.000000 0.000000 0.000000 0.000000 0.000000 0.000000 0.820312 0.849765 2.000000 0.846875 0.849765 2.000000 0.810937 0.887324 2.000000 0.865625 0.896714 2.000000 0.800000 0.955399 2.000000 0.878125 0.955399 2.000000 0.000000 0.000000 0.000000 0.000000 0.000000 0.000000 0.000000 0.000000 0.000000 0.000000 0.000000 0.000000 0.000000 0.000000 0.000000 0.000000 0.000000 0.000000 0.000000 0.000000 0.000000 0.000000 0.000000 0.000000
0 0.086695 0.847406 0.173391 0.302793 0.017188 0.793427 2.000000 0.032813 0.781690 2.000000 0.012500 0.784038 2.000000 0.078125 0.807512 2.000000 0.000000 0.000000 0.000000 0.140625 0.936620 2.000000 0.000000 0.000000 0.000000 0.000000 0.000000 0.000000 0.000000 0.000000 0.000000 0.000000 0.000000 0.000000 0.000000 0.000000 0.000000 0.000000 0.000000 0.000000 0.000000 0.000000 0.000000 0.000000 0.000000 0.000000 0.000000 0.000000 0.000000 0.000000 0.000000 0.000000 0.000000 0.000000 0.000000
0 0.932023 0.881937 0.086891 0.206033 0.000000 0.000000 0.000000 0.000000 0.000000 0.000000 0.000000 0.000000 0.000000 0.931250 0.809859 2.000000 0.954688 0.814554 2.000000 0.917188 0.854460 2.000000 0.960938 0.854460 2.000000 0.900000 0.910798 2.000000 0.971875 0.913146 1.000000 0.000000 0.000000 0.000000 0.000000 0.000000 0.000000 0.923438 0.950704 2.000000 0.953125 0.950704 1.000000 0.000000 0.000000 0.000000 0.000000 0.000000 0.000000 0.000000 0.000000 0.000000 0.000000 0.000000 0.000000
0 0.766719 0.894941 0.061406 0.209038 0.000000 0.000000 0.000000 0.000000 0.000000 0.000000 0.000000 0.000000 0.000000 0.764062 0.800469 2.000000 0.778125 0.798122 2.000000 0.750000 0.830986 2.000000 0.785937 0.828638 2.000000 0.740625 0.875587 2.000000 0.000000 0.000000 0.000000 0.743750 0.908451 2.000000 0.000000 0.000000 0.000000 0.756250 0.894366 2.000000 0.770312 0.892019 2.000000 0.760938 0.964789 2.000000 0.785937 0.957746 1.000000 0.000000 0.000000 0.000000 0.000000 0.000000 0.000000
0 0.341461 0.889601 0.077797 0.184413 0.000000 0.000000 0.000000 0.000000 0.000000 0.000000 0.000000 0.000000 0.000000 0.329688 0.826291 1.000000 0.354687 0.823944 2.000000 0.328125 0.859155 2.000000 0.370312 0.859155 2.000000 0.318750 0.906103 2.000000 0.378125 0.910798 2.000000 0.310937 0.896714 1.000000 0.000000 0.000000 0.000000 0.337500 0.950704 2.000000 0.365625 0.948357 2.000000 0.000000 0.000000 0.000000 0.000000 0.000000 0.000000 0.000000 0.000000 0.000000 0.000000 0.000000 0.000000
0 0.947211 0.911843 0.105516 0.176315 0.000000 0.000000 0.000000 0.000000 0.000000 0.000000 0.000000 0.000000 0.000000 0.000000 0.000000 0.000000 0.000000 0.000000 0.000000 0.959375 0.924883 2.000000 0.000000 0.000000 0.000000 0.931250 0.995305 2.000000 0.000000 0.000000 0.000000 0.000000 0.000000 0.000000 0.000000 0.000000 0.000000 0.000000 0.000000 0.000000 0.000000 0.000000 0.000000 0.000000 0.000000 0.000000 0.000000 0.000000 0.000000 0.000000 0.000000 0.000000 0.000000 0.000000 0.000000
