0 0.641218 0.231844 0.133162 0.226250 0.000000 0.000000 0.000000 0.000000 0.000000 0.000000 0.000000 0.000000 0.000000 0.634660 0.142187 2.000000 0.613583 0.142187 2.000000 0.653396 0.162500 2.000000 0.608899 0.162500 2.000000 0.674473 0.185938 2.000000 0.587822 0.195312 2.000000 0.662763 0.212500 2.000000 0.608899 0.217188 2.000000 0.658080 0.218750 2.000000 0.613583 0.221875 2.000000 0.669789 0.281250 2.000000 0.622951 0.281250 2.000000 0.672131 0.321875 2.000000 0.632319 0.320312 2.000000
0 0.915164 0.217656 0.094543 0.230187 0.903981 0.135937 2.000000 0.908665 0.128125 2.000000 0.896956 0.128125 2.000000 0.000000 0.000000 0.000000 0.000000 0.000000 0.000000 0.936768 0.153125 2.000000 0.873536 0.154688 2.000000 0.946136 0.185938 2.000000 0.868852 0.187500 1.000000 0.943794 0.215625 2.000000 0.868852 0.207813 1.000000 0.925059 0.228125 2.000000 0.892272 0.228125 2.000000 0.000000 0.000000 0.000000 0.885246 0.273438 1.000000 0.932084 0.315625 2.000000 0.887588 0.317188 2.000000
0 0.503513 0.238609 0.118970 0.205219 0.491803 0.151562 2.000000 0.496487 0.148438 2.000000 0.484778 0.148438 2.000000 0.503513 0.150000 2.000000 0.475410 0.151562 2.000000 0.519906 0.171875 2.000000 0.459016 0.175000 2.000000 0.533958 0.200000 2.000000 0.459016 0.206250 2.000000 0.538642 0.231250 2.000000 0.463700 0.237500 1.000000 0.515222 0.240625 2.000000 0.482436 0.243750 1.000000 0.526932 0.278125 2.000000 0.487119 0.281250 1.000000 0.531616 0.317188 2.000000 0.484778 0.320312 1.000000
0 0.218525 0.219438 0.088946 0.178031 0.215457 0.159375 2.000000 0.217799 0.154688 2.000000 0.208431 0.153125 2.000000 0.222482 0.156250 2.000000 0.203747 0.156250 2.000000 0.234192 0.181250 2.000000 0.196721 0.181250 2.000000 0.245902 0.204687 2.000000 0.203747 0.207813 2.000000 0.220141 0.212500 2.000000 0.234192 0.204687 2.000000 0.236534 0.231250 2.000000 0.203747 0.232813 2.000000 0.238876 0.275000 2.000000 0.206089 0.275000 1.000000 0.236534 0.314063 1.000000 0.208431 0.315625 1.000000
0 0.665023 0.674703 0.667939 0.650594 0.000000 0.000000 0.000000 0.000000 0.000000 0.000000 0.000000 0.000000 0.000000 0.000000 0.000000 0.000000 0.000000 0.000000 0.000000 0.620609 0.432812 1.000000 0.419204 0.439063 1.000000 0.702576 0.550000 1.000000 0.393443 0.639062 2.000000 0.728337 0.584375 2.000000 0.000000 0.000000 0.000000 0.770492 0.690625 1.000000 0.548009 0.689063 1.000000 0.850117 0.845313 2.000000 0.578454 0.971875 2.000000 0.000000 0.000000 0.000000 0.000000 0.000000 0.000000
0 0.827670 0.232969 0.085035 0.215563 0.000000 0.000000 0.000000 0.000000 0.000000 0.000000 0.000000 0.000000 0.000000 0.000000 0.000000 0.000000 0.000000 0.000000 0.000000 0.852459 0.162500 2.000000 0.814988 0.165625 2.000000 0.857143 0.185938 2.000000 0.800937 0.184375 1.000000 0.836066 0.176563 2.000000 0.817330 0.170313 2.000000 0.847775 0.223438 2.000000 0.814988 0.223438 2.000000 0.854801 0.276562 2.000000 0.814988 0.275000 2.000000 0.854801 0.312500 2.000000 0.812646 0.310937 2.000000
0 0.056967 0.244570 0.068735 0.235078 0.000000 0.000000 0.000000 0.000000 0.000000 0.000000 0.000000 0.000000 0.000000 0.000000 0.000000 0.000000 0.000000 0.000000 0.000000 0.088993 0.176563 1.000000 0.044496 0.178125 2.000000 0.000000 0.000000 0.000000 0.035129 0.207813 2.000000 0.000000 0.000000 0.000000 0.037471 0.232813 2.000000 0.088993 0.239063 1.000000 0.051522 0.239063 2.000000 0.098361 0.290625 1.000000 0.049180 0.293750 2.000000 0.096019 0.337500 1.000000 0.046838 0.340625 2.000000
0 0.365246 0.174977 0.063232 0.079203 0.365340 0.153125 2.000000 0.370023 0.150000 2.000000 0.362998 0.148438 2.000000 0.000000 0.000000 0.000000 0.353630 0.151562 2.000000 0.379391 0.178125 2.000000 0.337237 0.176563 2.000000 0.386417 0.203125 2.000000 0.332553 0.204687 1.000000 0.000000 0.000000 0.000000 0.000000 0.000000 0.000000 0.000000 0.000000 0.000000 0.000000 0.000000 0.000000 0.000000 0.000000 0.000000 0.000000 0.000000 0.000000 0.000000 0.000000 0.000000 0.000000 0.000000 0.000000
0 0.528899 0.604578 0.565714 0.790844 0.339578 0.343750 2.000000 0.374707 0.320312 2.000000 0.318501 0.320312 2.000000 0.468384 0.312500 2.000000 0.000000 0.000000 0.000000 0.580796 0.398438 2.000000 0.405152 0.418750 2.000000 0.693208 0.604688 2.000000 0.501171 0.592187 2.000000 0.466042 0.689063 2.000000 0.220141 0.743750 1.000000 0.672131 0.723437 2.000000 0.510539 0.731250 2.000000 0.416862 0.953125 2.000000 0.362998 0.953125 2.000000 0.000000 0.000000 0.000000 0.000000 0.000000 0.000000
0 0.152201 0.340664 0.173958 0.373047 0.103044 0.193750 2.000000 0.114754 0.187500 2.000000 0.096019 0.187500 1.000000 0.145199 0.187500 2.000000 0.000000 0.000000 0.000000 0.180328 0.225000 2.000000 0.103044 0.226562 2.000000 0.210773 0.281250 2.000000 0.079625 0.267188 2.000000 0.159251 0.298438 2.000000 0.074941 0.298438 2.000000 0.196721 0.331250 2.000000 0.138173 0.329688 2.000000 0.163934 0.412500 2.000000 0.152225 0.400000 2.000000 0.121780 0.476562 2.000000 0.145199 0.495312 2.000000
