0 0.618289 0.528154 0.390109 0.693692 0.626563 0.247664 2.000000 0.000000 0.000000 0.000000 0.615625 0.240654 2.000000 0.000000 0.000000 0.000000 0.587500 0.245327 2.000000 0.626563 0.303738 2.000000 0.535937 0.252336 2.000000 0.550000 0.357477 2.000000 0.437500 0.257009 2.000000 0.485938 0.317757 2.000000 0.468750 0.264019 2.000000 0.620313 0.483645 2.000000 0.528125 0.488318 2.000000 0.682813 0.642523 2.000000 0.531250 0.644860 2.000000 0.757812 0.757009 2.000000 0.454688 0.806075 2.000000
0 0.375227 0.465981 0.071016 0.359673 0.376563 0.329439 2.000000 0.379688 0.324766 2.000000 0.373437 0.324766 2.000000 0.000000 0.000000 0.000000 0.364063 0.327103 2.000000 0.392188 0.369159 2.000000 0.354687 0.366822 2.000000 0.406250 0.427570 2.000000 0.371875 0.427570 2.000000 0.385937 0.415888 2.000000 0.395313 0.418224 2.000000 0.389062 0.469626 2.000000 0.370312 0.469626 2.000000 0.387500 0.535047 2.000000 0.384375 0.521028 2.000000 0.373437 0.633178 2.000000 0.371875 0.609813 2.000000
0 0.465117 0.475549 0.103078 0.329182 0.459375 0.331776 2.000000 0.460938 0.324766 2.000000 0.453125 0.324766 2.000000 0.000000 0.000000 0.000000 0.443750 0.331776 1.000000 0.478125 0.369159 1.000000 0.429688 0.371495 2.000000 0.000000 0.000000 0.000000 0.421875 0.429907 2.000000 0.000000 0.000000 0.000000 0.425000 0.474299 2.000000 0.471875 0.469626 2.000000 0.448437 0.471963 2.000000 0.500000 0.523364 2.000000 0.450000 0.544393 2.000000 0.514062 0.612150 1.000000 0.442188 0.626168 1.000000
0 0.246734 0.416869 0.075719 0.219486 0.245312 0.348131 2.000000 0.250000 0.338785 2.000000 0.240625 0.341121 2.000000 0.000000 0.000000 0.000000 0.229687 0.345794 2.000000 0.262500 0.378505 2.000000 0.218750 0.385514 2.000000 0.278125 0.420561 2.000000 0.232813 0.443925 2.000000 0.248438 0.425234 2.000000 0.270313 0.439252 1.000000 0.268750 0.478972 1.000000 0.234375 0.485981 2.000000 0.000000 0.000000 0.000000 0.000000 0.000000 0.000000 0.000000 0.000000 0.000000 0.000000 0.000000 0.000000
0 0.740891 0.484264 0.066125 0.267407 0.740625 0.380841 2.000000 0.742188 0.376168 2.000000 0.735938 0.376168 2.000000 0.000000 0.000000 0.000000 0.729688 0.380841 2.000000 0.751563 0.415888 2.000000 0.725000 0.413551 2.000000 0.762500 0.439252 2.000000 0.729688 0.446262 2.000000 0.753125 0.450935 2.000000 0.743750 0.450935 2.000000 0.751563 0.488318 2.000000 0.729688 0.488318 2.000000 0.751563 0.567757 2.000000 0.726562 0.565421 2.000000 0.000000 0.000000 0.000000 0.000000 0.000000 0.000000
0 0.298305 0.675280 0.341141 0.496636 0.314063 0.504673 2.000000 0.000000 0.000000 0.000000 0.306250 0.490654 2.000000 0.000000 0.000000 0.000000 0.284375 0.509346 2.000000 0.270313 0.551402 2.000000 0.232813 0.553738 2.000000 0.298438 0.647196 2.000000 0.235937 0.684579 2.000000 0.381250 0.672897 2.000000 0.287500 0.656542 2.000000 0.206250 0.733645 2.000000 0.192188 0.761682 2.000000 0.309375 0.689252 2.000000 0.321875 0.698598 2.000000 0.203125 0.855140 2.000000 0.234375 0.850467 2.000000
0 0.094734 0.627944 0.189469 0.583224 0.176563 0.422897 2.000000 0.000000 0.000000 0.000000 0.165625 0.406542 2.000000 0.000000 0.000000 0.000000 0.135937 0.411215 2.000000 0.117188 0.478972 2.000000 0.106250 0.481308 2.000000 0.000000 0.000000 0.000000 0.006250 0.518692 2.000000 0.000000 0.000000 0.000000 0.018750 0.612150 2.000000 0.000000 0.000000 0.000000 0.000000 0.000000 0.000000 0.073438 0.663551 2.000000 0.056250 0.686916 2.000000 0.042188 0.834112 2.000000 0.000000 0.000000 0.000000
0 0.149297 0.125841 0.070344 0.145981 0.154688 0.081776 2.000000 0.157812 0.077103 2.000000 0.150000 0.077103 2.000000 0.000000 0.000000 0.000000 0.140625 0.077103 2.000000 0.162500 0.100467 2.000000 0.134375 0.098131 2.000000 0.165625 0.142523 2.000000 0.139063 0.149533 2.000000 0.000000 0.000000 0.000000 0.164062 0.156542 2.000000 0.000000 0.000000 0.000000 0.000000 0.000000 0.000000 0.000000 0.000000 0.000000 0.000000 0.000000 0.000000 0.000000 0.000000 0.000000 0.000000 0.000000 0.000000
0 0.716234 0.471180 0.072531 0.279696 0.706250 0.366822 2.000000 0.707812 0.362150 2.000000 0.701562 0.359813 2.000000 0.000000 0.000000 0.000000 0.692187 0.364486 2.000000 0.709375 0.390187 2.000000 0.695312 0.392523 2.000000 0.000000 0.000000 0.000000 0.717187 0.373832 2.000000 0.000000 0.000000 0.000000 0.732812 0.357477 2.000000 0.709375 0.469626 2.000000 0.693750 0.467290 2.000000 0.000000 0.000000 0.000000 0.700000 0.546729 2.000000 0.000000 0.000000 0.000000 0.693750 0.612150 1.000000
0 0.316297 0.471694 0.069187 0.320117 0.309375 0.345794 2.000000 0.312500 0.338785 2.000000 0.303125 0.338785 2.000000 0.000000 0.000000 0.000000 0.296875 0.338785 2.000000 0.329688 0.378505 2.000000 0.290625 0.383178 2.000000 0.342187 0.420561 2.000000 0.301563 0.420561 2.000000 0.317188 0.420561 2.000000 0.326562 0.432243 2.000000 0.328125 0.481308 2.000000 0.301563 0.488318 1.000000 0.320312 0.560748 2.000000 0.000000 0.000000 0.000000 0.317188 0.619159 1.000000 0.000000 0.000000 0.000000
0 0.834875 0.348657 0.050375 0.120304 0.840625 0.320093 2.000000 0.845313 0.313084 2.000000 0.837500 0.313084 2.000000 0.848437 0.315421 2.000000 0.829688 0.315421 2.000000 0.850000 0.345794 2.000000 0.817187 0.348131 2.000000 0.853125 0.376168 2.000000 0.815625 0.376168 1.000000 0.000000 0.000000 0.000000 0.000000 0.000000 0.000000 0.000000 0.000000 0.000000 0.000000 0.000000 0.000000 0.000000 0.000000 0.000000 0.000000 0.000000 0.000000 0.000000 0.000000 0.000000 0.000000 0.000000 0.000000
0 0.653625 0.434661 0.048656 0.233575 0.645312 0.348131 2.000000 0.648438 0.341121 2.000000 0.639062 0.343458 2.000000 0.000000 0.000000 0.000000 0.631250 0.345794 1.000000 0.657813 0.378505 2.000000 0.625000 0.378505 1.000000 0.671875 0.413551 2.000000 0.000000 0.000000 0.000000 0.668750 0.427570 2.000000 0.000000 0.000000 0.000000 0.660937 0.478972 2.000000 0.635938 0.478972 1.000000 0.000000 0.000000 0.000000 0.000000 0.000000 0.000000 0.000000 0.000000 0.000000 0.000000 0.000000 0.000000
