0 0.560883 0.649031 0.062359 0.194646 0.000000 0.000000 0.000000 0.000000 0.000000 0.000000 0.000000 0.000000 0.000000 0.000000 0.000000 0.000000 0.562500 0.575000 2.000000 0.573438 0.591667 2.000000 0.551562 0.597917 2.000000 0.000000 0.000000 0.000000 0.539062 0.625000 2.000000 0.000000 0.000000 0.000000 0.537500 0.656250 2.000000 0.578125 0.643750 2.000000 0.560937 0.645833 2.000000 0.584375 0.697917 2.000000 0.562500 0.706250 2.000000 0.000000 0.000000 0.000000 0.000000 0.000000 0.000000
0 0.288602 0.697052 0.084172 0.252604 0.314063 0.602083 2.000000 0.000000 0.000000 0.000000 0.307812 0.595833 2.000000 0.000000 0.000000 0.000000 0.296875 0.600000 2.000000 0.312500 0.627083 2.000000 0.287500 0.629167 2.000000 0.000000 0.000000 0.000000 0.265625 0.672917 2.000000 0.000000 0.000000 0.000000 0.257812 0.706250 2.000000 0.303125 0.710417 2.000000 0.282813 0.714583 2.000000 0.300000 0.768750 2.000000 0.285938 0.770833 2.000000 0.296875 0.827083 1.000000 0.281250 0.827083 1.000000
0 0.149555 0.773312 0.150328 0.333042 0.000000 0.000000 0.000000 0.000000 0.000000 0.000000 0.000000 0.000000 0.000000 0.000000 0.000000 0.000000 0.209375 0.639583 2.000000 0.167187 0.668750 2.000000 0.212500 0.683333 2.000000 0.117188 0.683333 2.000000 0.000000 0.000000 0.000000 0.095312 0.668750 2.000000 0.173437 0.662500 2.000000 0.171875 0.779167 2.000000 0.200000 0.779167 2.000000 0.178125 0.866667 2.000000 0.201563 0.856250 2.000000 0.184375 0.937500 2.000000 0.217188 0.920833 2.000000
0 0.475930 0.694969 0.051547 0.247646 0.000000 0.000000 0.000000 0.000000 0.000000 0.000000 0.000000 0.000000 0.000000 0.000000 0.000000 0.000000 0.000000 0.000000 0.000000 0.482812 0.633333 2.000000 0.490625 0.620833 2.000000 0.481250 0.666667 2.000000 0.000000 0.000000 0.000000 0.462500 0.679167 2.000000 0.000000 0.000000 0.000000 0.484375 0.700000 2.000000 0.000000 0.000000 0.000000 0.487500 0.754167 2.000000 0.000000 0.000000 0.000000 0.492188 0.802083 2.000000 0.000000 0.000000 0.000000
0 0.630617 0.630250 0.058641 0.146167 0.000000 0.000000 0.000000 0.000000 0.000000 0.000000 0.000000 0.000000 0.000000 0.635938 0.572917 2.000000 0.000000 0.000000 0.000000 0.637500 0.591667 2.000000 0.650000 0.587500 2.000000 0.618750 0.614583 2.000000 0.000000 0.000000 0.000000 0.609375 0.587500 2.000000 0.000000 0.000000 0.000000 0.639062 0.652083 2.000000 0.650000 0.650000 2.000000 0.635938 0.685417 2.000000 0.640625 0.681250 2.000000 0.650000 0.712500 1.000000 0.000000 0.000000 0.000000
0 0.669836 0.737802 0.087453 0.154229 0.000000 0.000000 0.000000 0.000000 0.000000 0.000000 0.000000 0.000000 0.000000 0.000000 0.000000 0.000000 0.695312 0.689583 2.000000 0.660937 0.687500 2.000000 0.679688 0.704167 2.000000 0.668750 0.750000 2.000000 0.668750 0.737500 2.000000 0.673438 0.781250 2.000000 0.657813 0.758333 2.000000 0.626563 0.725000 1.000000 0.640625 0.722917 2.000000 0.657813 0.739583 2.000000 0.689063 0.737500 2.000000 0.645312 0.781250 2.000000 0.684375 0.795833 2.000000
0 0.784336 0.610979 0.064547 0.171167 0.784375 0.543750 2.000000 0.785937 0.539583 2.000000 0.000000 0.000000 0.000000 0.793750 0.539583 2.000000 0.000000 0.000000 0.000000 0.789062 0.560417 2.000000 0.801562 0.560417 2.000000 0.771875 0.575000 2.000000 0.000000 0.000000 0.000000 0.753125 0.575000 2.000000 0.000000 0.000000 0.000000 0.789062 0.614583 2.000000 0.804688 0.614583 2.000000 0.784375 0.654167 2.000000 0.803125 0.652083 2.000000 0.790625 0.697917 1.000000 0.814063 0.691667 1.000000
0 0.936703 0.670104 0.050719 0.101417 0.929688 0.652083 2.000000 0.931250 0.650000 2.000000 0.928125 0.650000 2.000000 0.937500 0.643750 2.000000 0.000000 0.000000 0.000000 0.946875 0.645833 2.000000 0.917188 0.647917 2.000000 0.953125 0.679167 2.000000 0.915625 0.672917 2.000000 0.951562 0.708333 2.000000 0.920312 0.702083 2.000000 0.946875 0.660417 2.000000 0.926562 0.660417 2.000000 0.951562 0.695833 2.000000 0.926562 0.697917 2.000000 0.000000 0.000000 0.000000 0.000000 0.000000 0.000000
0 0.723508 0.633323 0.078078 0.167063 0.000000 0.000000 0.000000 0.742188 0.558333 2.000000 0.000000 0.000000 0.000000 0.748437 0.566667 2.000000 0.000000 0.000000 0.000000 0.739062 0.589583 2.000000 0.754687 0.583333 2.000000 0.710938 0.589583 2.000000 0.737500 0.585417 2.000000 0.693750 0.587500 2.000000 0.725000 0.581250 1.000000 0.740625 0.639583 2.000000 0.757812 0.639583 2.000000 0.735938 0.679167 2.000000 0.750000 0.677083 2.000000 0.742188 0.720833 1.000000 0.756250 0.716667 1.000000
0 0.415109 0.724719 0.076187 0.278688 0.418750 0.610417 2.000000 0.420312 0.604167 2.000000 0.000000 0.000000 0.000000 0.429688 0.608333 2.000000 0.000000 0.000000 0.000000 0.437500 0.641667 2.000000 0.425000 0.643750 2.000000 0.421875 0.670833 2.000000 0.418750 0.668750 2.000000 0.396875 0.656250 2.000000 0.404687 0.641667 1.000000 0.437500 0.720833 2.000000 0.420312 0.727083 2.000000 0.431250 0.783333 2.000000 0.415625 0.779167 2.000000 0.445312 0.854167 2.000000 0.428125 0.843750 2.000000
