0 0.475469 0.625838 0.144406 0.303376 0.493750 0.538660 2.000000 0.500000 0.520619 2.000000 0.487500 0.518041 2.000000 0.000000 0.000000 0.000000 0.000000 0.000000 0.000000 0.518750 0.608247 1.000000 0.457813 0.595361 2.000000 0.532813 0.639175 1.000000 0.415625 0.626289 2.000000 0.514062 0.564433 2.000000 0.451562 0.548969 2.000000 0.503125 0.760309 1.000000 0.456250 0.752577 2.000000 0.000000 0.000000 0.000000 0.000000 0.000000 0.000000 0.000000 0.000000 0.000000 0.000000 0.000000 0.000000
0 0.739992 0.857165 0.166672 0.285670 0.696875 0.786082 2.000000 0.709375 0.778351 2.000000 0.703125 0.768041 2.000000 0.743750 0.809278 2.000000 0.000000 0.000000 0.000000 0.779687 0.904639 2.000000 0.678125 0.832474 2.000000 0.000000 0.000000 0.000000 0.000000 0.000000 0.000000 0.726562 0.914948 2.000000 0.000000 0.000000 0.000000 0.000000 0.000000 0.000000 0.000000 0.000000 0.000000 0.000000 0.000000 0.000000 0.000000 0.000000 0.000000 0.000000 0.000000 0.000000 0.000000 0.000000 0.000000
0 0.369047 0.762706 0.330313 0.450670 0.000000 0.000000 0.000000 0.000000 0.000000 0.000000 0.000000 0.000000 0.000000 0.304688 0.657216 2.000000 0.000000 0.000000 0.000000 0.254688 0.881443 2.000000 0.496875 0.824742 2.000000 0.000000 0.000000 0.000000 0.000000 0.000000 0.000000 0.000000 0.000000 0.000000 0.000000 0.000000 0.000000 0.000000 0.000000 0.000000 0.000000 0.000000 0.000000 0.000000 0.000000 0.000000 0.000000 0.000000 0.000000 0.000000 0.000000 0.000000 0.000000 0.000000 0.000000
0 0.407484 0.526392 0.231500 0.471495 0.368750 0.376289 2.000000 0.371875 0.353093 2.000000 0.351562 0.365979 2.000000 0.000000 0.000000 0.000000 0.326562 0.396907 2.000000 0.381250 0.456186 2.000000 0.318750 0.481959 2.000000 0.434375 0.484536 2.000000 0.328125 0.554124 1.000000 0.476562 0.469072 2.000000 0.357812 0.530928 2.000000 0.407813 0.747423 2.000000 0.367188 0.760309 1.000000 0.000000 0.000000 0.000000 0.000000 0.000000 0.000000 0.000000 0.000000 0.000000 0.000000 0.000000 0.000000
0 0.101781 0.496263 0.203563 0.284639 0.115625 0.445876 2.000000 0.000000 0.000000 0.000000 0.110937 0.430412 2.000000 0.000000 0.000000 0.000000 0.071875 0.445876 2.000000 0.076563 0.505155 2.000000 0.034375 0.507732 2.000000 0.126562 0.628866 1.000000 0.068750 0.603093 2.000000 0.103125 0.541237 2.000000 0.156250 0.574742 2.000000 0.000000 0.000000 0.000000 0.000000 0.000000 0.000000 0.000000 0.000000 0.000000 0.000000 0.000000 0.000000 0.000000 0.000000 0.000000 0.000000 0.000000 0.000000
0 0.691398 0.607861 0.094016 0.159536 0.690625 0.572165 2.000000 0.700000 0.567010 2.000000 0.687500 0.559278 2.000000 0.717187 0.582474 2.000000 0.000000 0.000000 0.000000 0.731250 0.634021 2.000000 0.662500 0.618557 2.000000 0.725000 0.708763 1.000000 0.668750 0.721649 1.000000 0.695312 0.634021 1.000000 0.684375 0.634021 1.000000 0.000000 0.000000 0.000000 0.000000 0.000000 0.000000 0.000000 0.000000 0.000000 0.000000 0.000000 0.000000 0.000000 0.000000 0.000000 0.000000 0.000000 0.000000
0 0.454398 0.371624 0.063734 0.160206 0.459375 0.329897 2.000000 0.465625 0.322165 2.000000 0.454688 0.319588 2.000000 0.473438 0.327320 2.000000 0.000000 0.000000 0.000000 0.481250 0.373711 2.000000 0.437500 0.365979 2.000000 0.481250 0.435567 1.000000 0.423438 0.425258 1.000000 0.462500 0.409794 2.000000 0.435937 0.402062 1.000000 0.000000 0.000000 0.000000 0.000000 0.000000 0.000000 0.000000 0.000000 0.000000 0.000000 0.000000 0.000000 0.000000 0.000000 0.000000 0.000000 0.000000 0.000000
0 0.229555 0.507861 0.115797 0.157320 0.235937 0.484536 2.000000 0.240625 0.471649 2.000000 0.223438 0.474227 2.000000 0.256250 0.474227 2.000000 0.209375 0.487113 2.000000 0.270313 0.567010 2.000000 0.190625 0.559278 2.000000 0.000000 0.000000 0.000000 0.000000 0.000000 0.000000 0.000000 0.000000 0.000000 0.000000 0.000000 0.000000 0.000000 0.000000 0.000000 0.000000 0.000000 0.000000 0.000000 0.000000 0.000000 0.000000 0.000000 0.000000 0.000000 0.000000 0.000000 0.000000 0.000000 0.000000
0 0.586187 0.574175 0.076812 0.116649 0.578125 0.564433 2.000000 0.589063 0.559278 2.000000 0.575000 0.554124 2.000000 0.601562 0.567010 2.000000 0.000000 0.000000 0.000000 0.000000 0.000000 0.000000 0.000000 0.000000 0.000000 0.000000 0.000000 0.000000 0.000000 0.000000 0.000000 0.000000 0.000000 0.000000 0.510938 0.556701 1.000000 0.000000 0.000000 0.000000 0.000000 0.000000 0.000000 0.000000 0.000000 0.000000 0.000000 0.000000 0.000000 0.000000 0.000000 0.000000 0.000000 0.000000 0.000000
0 0.604508 0.839923 0.147828 0.320155 0.562500 0.742268 2.000000 0.568750 0.744845 2.000000 0.000000 0.000000 0.000000 0.584375 0.801546 2.000000 0.000000 0.000000 0.000000 0.628125 0.940722 2.000000 0.571875 0.832474 2.000000 0.000000 0.000000 0.000000 0.556250 0.930412 2.000000 0.000000 0.000000 0.000000 0.000000 0.000000 0.000000 0.000000 0.000000 0.000000 0.000000 0.000000 0.000000 0.000000 0.000000 0.000000 0.000000 0.000000 0.000000 0.000000 0.000000 0.000000 0.000000 0.000000 0.000000
0 0.221883 0.779188 0.146859 0.305180 0.000000 0.000000 0.000000 0.000000 0.000000 0.000000 0.259375 0.703608 2.000000 0.000000 0.000000 0.000000 0.234375 0.755155 2.000000 0.239063 0.773196 2.000000 0.151562 0.804124 1.000000 0.268750 0.829897 1.000000 0.151562 0.927835 1.000000 0.278125 0.806701 1.000000 0.000000 0.000000 0.000000 0.000000 0.000000 0.000000 0.000000 0.000000 0.000000 0.000000 0.000000 0.000000 0.000000 0.000000 0.000000 0.000000 0.000000 0.000000 0.000000 0.000000 0.000000
0 0.881914 0.834665 0.154422 0.328505 0.860938 0.742268 2.000000 0.878125 0.742268 2.000000 0.867188 0.726804 2.000000 0.904687 0.780928 2.000000 0.000000 0.000000 0.000000 0.940625 0.889175 2.000000 0.843750 0.811856 2.000000 0.884375 0.971649 1.000000 0.807813 0.948454 1.000000 0.846875 0.884021 2.000000 0.832812 0.886598 2.000000 0.000000 0.000000 0.000000 0.000000 0.000000 0.000000 0.000000 0.000000 0.000000 0.000000 0.000000 0.000000 0.000000 0.000000 0.000000 0.000000 0.000000 0.000000
