0 0.357164 0.810105 0.153641 0.313747 0.000000 0.000000 0.000000 0.000000 0.000000 0.000000 0.000000 0.000000 0.000000 0.320312 0.721311 1.000000 0.364063 0.716628 1.000000 0.300000 0.749415 2.000000 0.382812 0.763466 2.000000 0.284375 0.817330 2.000000 0.428125 0.852459 2.000000 0.000000 0.000000 0.000000 0.000000 0.000000 0.000000 0.295312 0.915691 1.000000 0.340625 0.925059 1.000000 0.000000 0.000000 0.000000 0.418750 0.962529 1.000000 0.000000 0.000000 0.000000 0.000000 0.000000 0.000000
0 0.571656 0.685527 0.067344 0.269133 0.575000 0.573770 2.000000 0.578125 0.566745 2.000000 0.000000 0.000000 0.000000 0.585938 0.573770 2.000000 0.000000 0.000000 0.000000 0.593750 0.601874 2.000000 0.570312 0.601874 2.000000 0.606250 0.644028 1.000000 0.557813 0.622951 2.000000 0.590625 0.667447 2.000000 0.543750 0.648712 2.000000 0.595313 0.667447 2.000000 0.576562 0.667447 2.000000 0.593750 0.742389 2.000000 0.575000 0.742389 2.000000 0.598437 0.798595 1.000000 0.579688 0.798595 2.000000
0 0.237672 0.781944 0.089469 0.216628 0.256250 0.747073 2.000000 0.000000 0.000000 0.000000 0.251563 0.735363 2.000000 0.000000 0.000000 0.000000 0.229687 0.733021 2.000000 0.259375 0.784543 2.000000 0.200000 0.812646 2.000000 0.298438 0.800937 1.000000 0.239063 0.889930 2.000000 0.000000 0.000000 0.000000 0.270313 0.882904 1.000000 0.284375 0.915691 1.000000 0.260937 0.932084 1.000000 0.000000 0.000000 0.000000 0.000000 0.000000 0.000000 0.000000 0.000000 0.000000 0.000000 0.000000 0.000000
0 0.162586 0.735890 0.086453 0.194356 0.000000 0.000000 0.000000 0.000000 0.000000 0.000000 0.000000 0.000000 0.000000 0.000000 0.000000 0.000000 0.192188 0.688525 2.000000 0.135937 0.723653 2.000000 0.176563 0.744731 2.000000 0.000000 0.000000 0.000000 0.185938 0.819672 2.000000 0.000000 0.000000 0.000000 0.000000 0.000000 0.000000 0.128125 0.850117 1.000000 0.156250 0.852459 1.000000 0.000000 0.000000 0.000000 0.000000 0.000000 0.000000 0.000000 0.000000 0.000000 0.000000 0.000000 0.000000
0 0.536836 0.642658 0.061922 0.200632 0.534375 0.562061 2.000000 0.539062 0.557377 2.000000 0.531250 0.555035 2.000000 0.545312 0.557377 2.000000 0.000000 0.000000 0.000000 0.556250 0.585480 2.000000 0.520312 0.587822 2.000000 0.571875 0.615925 1.000000 0.514062 0.625293 2.000000 0.000000 0.000000 0.000000 0.531250 0.648712 2.000000 0.551562 0.667447 1.000000 0.529687 0.662763 2.000000 0.548438 0.723653 2.000000 0.525000 0.723653 2.000000 0.546875 0.775176 1.000000 0.525000 0.777518 1.000000
0 0.484344 0.675386 0.051094 0.218454 0.484375 0.592506 2.000000 0.487500 0.585480 2.000000 0.481250 0.585480 2.000000 0.490625 0.590164 2.000000 0.478125 0.590164 2.000000 0.500000 0.611241 2.000000 0.471875 0.613583 2.000000 0.504687 0.644028 2.000000 0.467187 0.646370 2.000000 0.485938 0.648712 2.000000 0.475000 0.651054 2.000000 0.495312 0.674473 2.000000 0.479687 0.672131 1.000000 0.493750 0.723653 2.000000 0.479687 0.725995 1.000000 0.493750 0.777518 2.000000 0.479687 0.777518 1.000000
0 0.384453 0.610094 0.068812 0.132272 0.000000 0.000000 0.000000 0.000000 0.000000 0.000000 0.000000 0.000000 0.000000 0.373437 0.562061 2.000000 0.387500 0.559719 2.000000 0.367188 0.580796 2.000000 0.395313 0.580796 2.000000 0.360938 0.611241 2.000000 0.401562 0.608899 2.000000 0.356250 0.641686 2.000000 0.409375 0.632319 2.000000 0.373437 0.660422 2.000000 0.395313 0.660422 2.000000 0.000000 0.000000 0.000000 0.000000 0.000000 0.000000 0.000000 0.000000 0.000000 0.000000 0.000000 0.000000
0 0.397062 0.741768 0.067625 0.141756 0.000000 0.000000 0.000000 0.000000 0.000000 0.000000 0.000000 0.000000 0.000000 0.000000 0.000000 0.000000 0.000000 0.000000 0.000000 0.392188 0.751756 2.000000 0.000000 0.000000 0.000000 0.000000 0.000000 0.000000 0.000000 0.000000 0.000000 0.000000 0.000000 0.000000 0.000000 0.000000 0.000000 0.000000 0.000000 0.000000 0.000000 0.000000 0.000000 0.000000 0.000000 0.000000 0.000000 0.000000 0.000000 0.000000 0.000000 0.000000 0.000000 0.000000 0.000000
0 0.759961 0.647026 0.063734 0.145199 0.000000 0.000000 0.000000 0.000000 0.000000 0.000000 0.000000 0.000000 0.000000 0.751563 0.594848 1.000000 0.767188 0.597190 2.000000 0.745313 0.625293 2.000000 0.778125 0.627635 2.000000 0.739062 0.669789 2.000000 0.784375 0.672131 2.000000 0.000000 0.000000 0.000000 0.000000 0.000000 0.000000 0.748437 0.695550 2.000000 0.771875 0.695550 1.000000 0.000000 0.000000 0.000000 0.000000 0.000000 0.000000 0.000000 0.000000 0.000000 0.000000 0.000000 0.000000
0 0.823875 0.638642 0.052969 0.136066 0.000000 0.000000 0.000000 0.000000 0.000000 0.000000 0.000000 0.000000 0.000000 0.809375 0.590164 2.000000 0.826562 0.587822 2.000000 0.804688 0.629977 2.000000 0.832812 0.622951 2.000000 0.806250 0.672131 2.000000 0.842187 0.669789 2.000000 0.000000 0.000000 0.000000 0.000000 0.000000 0.000000 0.815625 0.676815 2.000000 0.831250 0.672131 2.000000 0.000000 0.000000 0.000000 0.000000 0.000000 0.000000 0.000000 0.000000 0.000000 0.000000 0.000000 0.000000
