0 0.485000 0.497729 0.386469 0.953333 0.542188 0.102083 2.000000 0.539062 0.083333 2.000000 0.526563 0.091667 2.000000 0.000000 0.000000 0.000000 0.481250 0.112500 2.000000 0.553125 0.168750 2.000000 0.432812 0.241667 2.000000 0.567187 0.183333 2.000000 0.467187 0.381250 2.000000 0.464062 0.206250 2.000000 0.482812 0.279167 2.000000 0.539062 0.495833 2.000000 0.445312 0.487500 2.000000 0.634375 0.710417 2.000000 0.450000 0.670833 2.000000 0.601562 0.860417 2.000000 0.337500 0.883333 2.000000
0 0.624805 0.210542 0.115391 0.359792 0.628125 0.100000 2.000000 0.632812 0.087500 2.000000 0.615625 0.089583 2.000000 0.000000 0.000000 0.000000 0.595313 0.106250 2.000000 0.657813 0.147917 2.000000 0.570312 0.154167 1.000000 0.662500 0.256250 2.000000 0.554688 0.250000 1.000000 0.623437 0.302083 2.000000 0.589063 0.304167 2.000000 0.646875 0.293750 2.000000 0.582812 0.295833 2.000000 0.634375 0.362500 2.000000 0.570312 0.370833 1.000000 0.000000 0.000000 0.000000 0.000000 0.000000 0.000000
0 0.397813 0.116979 0.109906 0.233958 0.417187 0.056250 2.000000 0.425000 0.043750 2.000000 0.409375 0.043750 2.000000 0.437500 0.047917 2.000000 0.390625 0.045833 2.000000 0.454688 0.106250 1.000000 0.364063 0.110417 2.000000 0.000000 0.000000 0.000000 0.367188 0.185417 2.000000 0.000000 0.000000 0.000000 0.403125 0.216667 2.000000 0.445312 0.229167 1.000000 0.390625 0.233333 1.000000 0.000000 0.000000 0.000000 0.000000 0.000000 0.000000 0.000000 0.000000 0.000000 0.000000 0.000000 0.000000
0 0.757586 0.215729 0.187078 0.323583 0.748437 0.110417 2.000000 0.753125 0.095833 2.000000 0.737500 0.100000 2.000000 0.775000 0.106250 2.000000 0.000000 0.000000 0.000000 0.806250 0.160417 2.000000 0.707812 0.166667 2.000000 0.835938 0.247917 2.000000 0.681250 0.256250 2.000000 0.785937 0.260417 2.000000 0.731250 0.252083 2.000000 0.792188 0.293750 2.000000 0.717187 0.295833 2.000000 0.757812 0.347917 2.000000 0.679688 0.350000 2.000000 0.000000 0.000000 0.000000 0.000000 0.000000 0.000000
0 0.925938 0.109125 0.148125 0.217792 0.000000 0.000000 0.000000 0.000000 0.000000 0.000000 0.000000 0.000000 0.000000 0.000000 0.000000 0.000000 0.901563 0.002083 2.000000 0.971875 0.070833 2.000000 0.873437 0.083333 2.000000 0.993750 0.181250 1.000000 0.865625 0.187500 2.000000 0.946875 0.189583 2.000000 0.901563 0.202083 2.000000 0.967187 0.235417 1.000000 0.900000 0.235417 1.000000 0.000000 0.000000 0.000000 0.000000 0.000000 0.000000 0.000000 0.000000 0.000000 0.000000 0.000000 0.000000
0 0.716289 0.070792 0.114609 0.137083 0.000000 0.000000 0.000000 0.000000 0.000000 0.000000 0.000000 0.000000 0.000000 0.000000 0.000000 0.000000 0.000000 0.000000 0.000000 0.748437 0.012500 2.000000 0.681250 0.027083 2.000000 0.756250 0.100000 1.000000 0.667188 0.120833 2.000000 0.689063 0.100000 2.000000 0.000000 0.000000 0.000000 0.742188 0.139583 1.000000 0.695312 0.143750 1.000000 0.000000 0.000000 0.000000 0.000000 0.000000 0.000000 0.000000 0.000000 0.000000 0.000000 0.000000 0.000000
0 0.849258 0.102115 0.120078 0.204229 0.000000 0.000000 0.000000 0.000000 0.000000 0.000000 0.000000 0.000000 0.000000 0.000000 0.000000 0.000000 0.000000 0.000000 0.000000 0.892188 0.020833 2.000000 0.810937 0.025000 2.000000 0.890625 0.102083 1.000000 0.807813 0.114583 2.000000 0.845313 0.181250 2.000000 0.825000 0.185417 1.000000 0.882812 0.162500 1.000000 0.817187 0.164583 1.000000 0.000000 0.000000 0.000000 0.000000 0.000000 0.000000 0.000000 0.000000 0.000000 0.000000 0.000000 0.000000
0 0.977172 0.183688 0.045656 0.365833 0.000000 0.000000 0.000000 0.000000 0.000000 0.000000 0.000000 0.000000 0.000000 0.000000 0.000000 0.000000 0.000000 0.000000 0.000000 0.000000 0.000000 0.000000 0.970313 0.135417 2.000000 0.000000 0.000000 0.000000 0.971875 0.264583 2.000000 0.000000 0.000000 0.000000 0.000000 0.000000 0.000000 0.000000 0.000000 0.000000 0.996875 0.281250 2.000000 0.000000 0.000000 0.000000 0.990625 0.302083 2.000000 0.000000 0.000000 0.000000 0.000000 0.000000 0.000000
0 0.604375 0.061385 0.101937 0.122771 0.000000 0.000000 0.000000 0.000000 0.000000 0.000000 0.000000 0.000000 0.000000 0.000000 0.000000 0.000000 0.000000 0.000000 0.000000 0.632812 0.025000 2.000000 0.550000 0.022917 1.000000 0.648438 0.102083 1.000000 0.000000 0.000000 0.000000 0.000000 0.000000 0.000000 0.000000 0.000000 0.000000 0.000000 0.000000 0.000000 0.000000 0.000000 0.000000 0.000000 0.000000 0.000000 0.000000 0.000000 0.000000 0.000000 0.000000 0.000000 0.000000 0.000000 0.000000
0 0.540648 0.076583 0.074703 0.148583 0.545312 0.031250 2.000000 0.548438 0.020833 2.000000 0.534375 0.020833 2.000000 0.000000 0.000000 0.000000 0.507812 0.029167 1.000000 0.576562 0.083333 2.000000 0.501563 0.083333 1.000000 0.000000 0.000000 0.000000 0.000000 0.000000 0.000000 0.000000 0.000000 0.000000 0.000000 0.000000 0.000000 0.000000 0.000000 0.000000 0.000000 0.000000 0.000000 0.000000 0.000000 0.000000 0.000000 0.000000 0.000000 0.000000 0.000000 0.000000 0.000000 0.000000 0.000000
