0 0.525930 0.529250 0.301672 0.633708 0.000000 0.000000 0.000000 0.000000 0.000000 0.000000 0.000000 0.000000 0.000000 0.000000 0.000000 0.000000 0.000000 0.000000 0.000000 0.396875 0.375000 2.000000 0.479687 0.381250 2.000000 0.000000 0.000000 0.000000 0.551562 0.464583 2.000000 0.000000 0.000000 0.000000 0.621875 0.475000 2.000000 0.403125 0.583333 1.000000 0.476562 0.587500 2.000000 0.000000 0.000000 0.000000 0.609375 0.616667 2.000000 0.000000 0.000000 0.000000 0.559375 0.770833 2.000000
0 0.267070 0.434365 0.092734 0.225646 0.243750 0.358333 2.000000 0.251563 0.352083 2.000000 0.240625 0.352083 2.000000 0.268750 0.362500 2.000000 0.000000 0.000000 0.000000 0.285938 0.410417 2.000000 0.237500 0.414583 2.000000 0.298438 0.479167 2.000000 0.000000 0.000000 0.000000 0.295312 0.531250 2.000000 0.000000 0.000000 0.000000 0.271875 0.547917 1.000000 0.246875 0.547917 1.000000 0.000000 0.000000 0.000000 0.000000 0.000000 0.000000 0.000000 0.000000 0.000000 0.000000 0.000000 0.000000
0 0.068141 0.545708 0.136000 0.479125 0.073438 0.352083 2.000000 0.082812 0.343750 2.000000 0.070312 0.341667 2.000000 0.101562 0.345833 2.000000 0.000000 0.000000 0.000000 0.125000 0.408333 2.000000 0.050000 0.381250 2.000000 0.107813 0.468750 2.000000 0.000000 0.000000 0.000000 0.076563 0.410417 2.000000 0.000000 0.000000 0.000000 0.089063 0.562500 2.000000 0.056250 0.558333 2.000000 0.096875 0.650000 2.000000 0.034375 0.629167 2.000000 0.087500 0.741667 2.000000 0.037500 0.739583 2.000000
0 0.150078 0.418875 0.086500 0.233083 0.150000 0.331250 2.000000 0.157812 0.329167 2.000000 0.150000 0.325000 2.000000 0.167187 0.333333 2.000000 0.000000 0.000000 0.000000 0.170313 0.354167 2.000000 0.140625 0.354167 2.000000 0.176563 0.385417 2.000000 0.123438 0.375000 2.000000 0.178125 0.416667 1.000000 0.096875 0.381250 1.000000 0.171875 0.427083 1.000000 0.145313 0.429167 2.000000 0.181250 0.445833 1.000000 0.154688 0.445833 2.000000 0.171875 0.514583 2.000000 0.176563 0.518750 2.000000
0 0.231742 0.600000 0.119672 0.310125 0.223438 0.487500 2.000000 0.231250 0.485417 2.000000 0.221875 0.481250 2.000000 0.246875 0.485417 2.000000 0.000000 0.000000 0.000000 0.260937 0.525000 2.000000 0.203125 0.502083 2.000000 0.257812 0.562500 1.000000 0.193750 0.541667 2.000000 0.235937 0.545833 2.000000 0.215625 0.543750 2.000000 0.232813 0.595833 2.000000 0.209375 0.595833 2.000000 0.229687 0.656250 2.000000 0.201563 0.652083 2.000000 0.235937 0.727083 2.000000 0.195312 0.731250 2.000000
0 0.971102 0.479229 0.057797 0.261083 0.973437 0.377083 2.000000 0.976562 0.372917 2.000000 0.970313 0.370833 2.000000 0.989062 0.372917 2.000000 0.000000 0.000000 0.000000 0.996875 0.402083 2.000000 0.967187 0.402083 2.000000 0.992188 0.443750 2.000000 0.000000 0.000000 0.000000 0.981250 0.414583 2.000000 0.000000 0.000000 0.000000 0.984375 0.481250 2.000000 0.957812 0.477083 1.000000 0.981250 0.543750 2.000000 0.959375 0.535417 2.000000 0.995313 0.585417 2.000000 0.960938 0.593750 2.000000
0 0.892945 0.471844 0.055797 0.260771 0.893750 0.364583 2.000000 0.898438 0.360417 2.000000 0.890625 0.358333 2.000000 0.903125 0.364583 2.000000 0.887500 0.360417 1.000000 0.910937 0.395833 2.000000 0.873437 0.385417 2.000000 0.912500 0.429167 2.000000 0.867188 0.420833 2.000000 0.903125 0.431250 2.000000 0.884375 0.425000 2.000000 0.895312 0.475000 2.000000 0.873437 0.475000 2.000000 0.890625 0.518750 2.000000 0.876563 0.520833 2.000000 0.892188 0.568750 2.000000 0.878125 0.572917 2.000000
0 0.205336 0.412750 0.069859 0.177875 0.209375 0.350000 2.000000 0.212500 0.343750 2.000000 0.204687 0.343750 2.000000 0.000000 0.000000 0.000000 0.195312 0.352083 2.000000 0.226562 0.385417 2.000000 0.185938 0.385417 2.000000 0.239063 0.412500 1.000000 0.176563 0.420833 2.000000 0.212500 0.427083 2.000000 0.193750 0.431250 2.000000 0.220312 0.466667 1.000000 0.190625 0.466667 2.000000 0.000000 0.000000 0.000000 0.000000 0.000000 0.000000 0.000000 0.000000 0.000000 0.000000 0.000000 0.000000
0 0.338484 0.435240 0.089969 0.215562 0.334375 0.372917 2.000000 0.337500 0.364583 2.000000 0.325000 0.366667 2.000000 0.000000 0.000000 0.000000 0.315625 0.364583 2.000000 0.364063 0.397917 2.000000 0.301563 0.404167 2.000000 0.373437 0.454167 2.000000 0.289062 0.456250 1.000000 0.354687 0.450000 2.000000 0.315625 0.450000 2.000000 0.356250 0.514583 2.000000 0.310937 0.516667 2.000000 0.000000 0.000000 0.000000 0.000000 0.000000 0.000000 0.000000 0.000000 0.000000 0.000000 0.000000 0.000000
0 0.795484 0.459646 0.129625 0.362958 0.793750 0.331250 2.000000 0.800000 0.325000 2.000000 0.792188 0.325000 2.000000 0.815625 0.331250 2.000000 0.000000 0.000000 0.000000 0.837500 0.370833 2.000000 0.782813 0.366667 2.000000 0.846875 0.422917 2.000000 0.748437 0.381250 2.000000 0.846875 0.464583 2.000000 0.768750 0.354167 2.000000 0.826562 0.477083 2.000000 0.787500 0.472917 2.000000 0.817187 0.552083 2.000000 0.775000 0.545833 2.000000 0.806250 0.616667 2.000000 0.756250 0.602083 2.000000
0 0.929578 0.518427 0.057688 0.187187 0.918750 0.456250 2.000000 0.923438 0.452083 2.000000 0.914062 0.452083 2.000000 0.929688 0.454167 2.000000 0.000000 0.000000 0.000000 0.937500 0.475000 2.000000 0.909375 0.475000 2.000000 0.943750 0.502083 2.000000 0.904687 0.504167 2.000000 0.943750 0.525000 2.000000 0.903125 0.529167 1.000000 0.931250 0.531250 2.000000 0.914062 0.529167 2.000000 0.929688 0.568750 2.000000 0.917188 0.562500 2.000000 0.926562 0.595833 2.000000 0.914062 0.595833 2.000000
