0 0.176618 0.897879 0.054523 0.203985 0.000000 0.000000 0.000000 0.000000 0.000000 0.000000 0.000000 0.000000 0.000000 0.000000 0.000000 0.000000 0.000000 0.000000 0.000000 0.163900 0.843188 1.000000 0.195021 0.848329 1.000000 0.151452 0.886889 2.000000 0.190871 0.899743 2.000000 0.165975 0.917738 2.000000 0.172199 0.940874 2.000000 0.168050 0.930591 2.000000 0.184647 0.930591 2.000000 0.165975 0.982005 2.000000 0.184647 0.984576 2.000000 0.000000 0.000000 0.000000 0.000000 0.000000 0.000000
0 0.292656 0.888213 0.070373 0.223573 0.000000 0.000000 0.000000 0.000000 0.000000 0.000000 0.000000 0.000000 0.000000 0.000000 0.000000 0.000000 0.304979 0.809769 2.000000 0.265560 0.830334 2.000000 0.307054 0.838046 2.000000 0.000000 0.000000 0.000000 0.319502 0.840617 2.000000 0.000000 0.000000 0.000000 0.315353 0.822622 2.000000 0.271784 0.899743 2.000000 0.298755 0.899743 1.000000 0.269710 0.976864 2.000000 0.288382 0.979434 2.000000 0.000000 0.000000 0.000000 0.000000 0.000000 0.000000
0 0.418942 0.901131 0.094315 0.170797 0.000000 0.000000 0.000000 0.000000 0.000000 0.000000 0.000000 0.000000 0.000000 0.000000 0.000000 0.000000 0.419087 0.848329 2.000000 0.377593 0.874036 1.000000 0.431535 0.874036 2.000000 0.000000 0.000000 0.000000 0.448133 0.897172 2.000000 0.000000 0.000000 0.000000 0.000000 0.000000 0.000000 0.379668 0.966581 1.000000 0.427386 0.971722 2.000000 0.000000 0.000000 0.000000 0.000000 0.000000 0.000000 0.000000 0.000000 0.000000 0.000000 0.000000 0.000000
0 0.324056 0.900347 0.080104 0.199306 0.000000 0.000000 0.000000 0.000000 0.000000 0.000000 0.000000 0.000000 0.000000 0.000000 0.000000 0.000000 0.000000 0.000000 0.000000 0.317427 0.861183 2.000000 0.352697 0.858612 2.000000 0.294606 0.881748 2.000000 0.000000 0.000000 0.000000 0.304979 0.899743 2.000000 0.000000 0.000000 0.000000 0.327801 0.925450 2.000000 0.348548 0.925450 2.000000 0.000000 0.000000 0.000000 0.000000 0.000000 0.000000 0.000000 0.000000 0.000000 0.000000 0.000000 0.000000
0 0.504398 0.884974 0.068174 0.230051 0.000000 0.000000 0.000000 0.000000 0.000000 0.000000 0.000000 0.000000 0.000000 0.493776 0.796915 2.000000 0.520747 0.796915 2.000000 0.485477 0.830334 2.000000 0.531120 0.827763 2.000000 0.475104 0.881748 2.000000 0.000000 0.000000 0.000000 0.479253 0.917738 2.000000 0.000000 0.000000 0.000000 0.493776 0.915167 2.000000 0.524896 0.912596 1.000000 0.495851 0.982005 2.000000 0.000000 0.000000 0.000000 0.000000 0.000000 0.000000 0.000000 0.000000 0.000000
0 0.719077 0.893136 0.069772 0.212956 0.000000 0.000000 0.000000 0.000000 0.000000 0.000000 0.000000 0.000000 0.000000 0.703320 0.820051 2.000000 0.732365 0.817481 2.000000 0.697095 0.856041 2.000000 0.742739 0.853470 2.000000 0.000000 0.000000 0.000000 0.000000 0.000000 0.000000 0.000000 0.000000 0.000000 0.000000 0.000000 0.000000 0.703320 0.938303 2.000000 0.740664 0.938303 2.000000 0.000000 0.000000 0.000000 0.000000 0.000000 0.000000 0.000000 0.000000 0.000000 0.000000 0.000000 0.000000
0 0.552573 0.877249 0.076349 0.222982 0.000000 0.000000 0.000000 0.000000 0.000000 0.000000 0.000000 0.000000 0.000000 0.000000 0.000000 0.000000 0.560166 0.804627 2.000000 0.518672 0.845758 2.000000 0.568465 0.848329 2.000000 0.000000 0.000000 0.000000 0.580913 0.881748 2.000000 0.000000 0.000000 0.000000 0.000000 0.000000 0.000000 0.522822 0.953728 2.000000 0.560166 0.956298 2.000000 0.000000 0.000000 0.000000 0.000000 0.000000 0.000000 0.000000 0.000000 0.000000 0.000000 0.000000 0.000000
0 0.864492 0.888907 0.128195 0.222185 0.000000 0.000000 0.000000 0.000000 0.000000 0.000000 0.000000 0.000000 0.000000 0.000000 0.000000 0.000000 0.000000 0.000000 0.000000 0.819502 0.866324 2.000000 0.883817 0.866324 2.000000 0.000000 0.000000 0.000000 0.000000 0.000000 0.000000 0.000000 0.000000 0.000000 0.000000 0.000000 0.000000 0.000000 0.000000 0.000000 0.000000 0.000000 0.000000 0.000000 0.000000 0.000000 0.000000 0.000000 0.000000 0.000000 0.000000 0.000000 0.000000 0.000000 0.000000
0 0.104575 0.895450 0.069398 0.209100 0.000000 0.000000 0.000000 0.000000 0.000000 0.000000 0.000000 0.000000 0.000000 0.101660 0.804627 2.000000 0.120332 0.809769 1.000000 0.091286 0.832905 1.000000 0.122407 0.835476 2.000000 0.082988 0.874036 2.000000 0.130705 0.879177 2.000000 0.000000 0.000000 0.000000 0.130705 0.907455 2.000000 0.000000 0.000000 0.000000 0.000000 0.000000 0.000000 0.000000 0.000000 0.000000 0.000000 0.000000 0.000000 0.000000 0.000000 0.000000 0.000000 0.000000 0.000000
0 0.630591 0.896131 0.109481 0.206144 0.000000 0.000000 0.000000 0.000000 0.000000 0.000000 0.000000 0.000000 0.000000 0.591286 0.822622 2.000000 0.614108 0.812339 2.000000 0.609959 0.858612 2.000000 0.641079 0.853470 2.000000 0.651452 0.902314 2.000000 0.657676 0.915167 2.000000 0.663900 0.922879 2.000000 0.678423 0.928021 2.000000 0.622407 0.956298 2.000000 0.624481 0.951157 2.000000 0.000000 0.000000 0.000000 0.000000 0.000000 0.000000 0.000000 0.000000 0.000000 0.000000 0.000000 0.000000
