0 0.199102 0.337845 0.112703 0.155410 0.196875 0.297424 2.000000 0.204687 0.290398 2.000000 0.192188 0.290398 2.000000 0.217188 0.302108 2.000000 0.187500 0.299766 2.000000 0.231250 0.355972 2.000000 0.167187 0.351288 2.000000 0.000000 0.000000 0.000000 0.000000 0.000000 0.000000 0.000000 0.000000 0.000000 0.000000 0.000000 0.000000 0.000000 0.000000 0.000000 0.000000 0.000000 0.000000 0.242188 0.391101 2.000000 0.000000 0.000000 0.000000 0.000000 0.000000 0.000000 0.000000 0.000000 0.000000
0 0.535992 0.478653 0.229391 0.957307 0.562500 0.098361 2.000000 0.573438 0.079625 2.000000 0.556250 0.074941 2.000000 0.600000 0.079625 2.000000 0.000000 0.000000 0.000000 0.623437 0.152225 2.000000 0.526563 0.105386 2.000000 0.625000 0.281030 2.000000 0.473438 0.180328 2.000000 0.604688 0.346604 1.000000 0.443750 0.250585 2.000000 0.590625 0.414520 2.000000 0.528125 0.412178 2.000000 0.600000 0.632319 2.000000 0.487500 0.646370 2.000000 0.581250 0.838407 2.000000 0.460938 0.861827 2.000000
0 0.200898 0.184602 0.089359 0.196651 0.196875 0.297424 1.000000 0.204687 0.292740 1.000000 0.192188 0.290398 1.000000 0.215625 0.302108 1.000000 0.000000 0.000000 0.000000 0.229687 0.360656 1.000000 0.167187 0.358314 1.000000 0.000000 0.000000 0.000000 0.000000 0.000000 0.000000 0.000000 0.000000 0.000000 0.000000 0.000000 0.000000 0.000000 0.000000 0.000000 0.000000 0.000000 0.000000 0.000000 0.000000 0.000000 0.000000 0.000000 0.000000 0.000000 0.000000 0.000000 0.000000 0.000000 0.000000
0 0.948141 0.135574 0.064281 0.158970 0.929688 0.086651 2.000000 0.935937 0.079625 2.000000 0.926562 0.079625 2.000000 0.950000 0.084309 2.000000 0.000000 0.000000 0.000000 0.959375 0.124122 2.000000 0.926562 0.133489 2.000000 0.945312 0.156909 2.000000 0.000000 0.000000 0.000000 0.915625 0.166276 1.000000 0.000000 0.000000 0.000000 0.960938 0.215457 1.000000 0.935937 0.217799 1.000000 0.000000 0.000000 0.000000 0.000000 0.000000 0.000000 0.000000 0.000000 0.000000 0.000000 0.000000 0.000000
0 0.912227 0.301171 0.077797 0.281171 0.903125 0.187354 2.000000 0.909375 0.180328 2.000000 0.898438 0.180328 2.000000 0.921875 0.187354 2.000000 0.000000 0.000000 0.000000 0.939063 0.224824 2.000000 0.884375 0.229508 2.000000 0.942187 0.283372 2.000000 0.881250 0.278689 2.000000 0.898438 0.297424 2.000000 0.876563 0.325527 1.000000 0.934375 0.297424 1.000000 0.895312 0.306792 2.000000 0.903125 0.292740 2.000000 0.912500 0.327869 2.000000 0.881250 0.388759 1.000000 0.917188 0.421546 2.000000
0 0.708055 0.336534 0.091672 0.185480 0.700000 0.290398 2.000000 0.710938 0.278689 2.000000 0.696875 0.278689 2.000000 0.723437 0.288056 2.000000 0.000000 0.000000 0.000000 0.742188 0.337237 2.000000 0.678125 0.334895 2.000000 0.745313 0.419204 1.000000 0.673438 0.409836 1.000000 0.000000 0.000000 0.000000 0.000000 0.000000 0.000000 0.728125 0.463700 1.000000 0.681250 0.463700 1.000000 0.000000 0.000000 0.000000 0.000000 0.000000 0.000000 0.000000 0.000000 0.000000 0.000000 0.000000 0.000000
0 0.665297 0.263068 0.066031 0.154473 0.653125 0.222482 2.000000 0.659375 0.213115 2.000000 0.646875 0.213115 2.000000 0.671875 0.224824 2.000000 0.000000 0.000000 0.000000 0.678125 0.262295 2.000000 0.634375 0.262295 1.000000 0.685937 0.325527 1.000000 0.000000 0.000000 0.000000 0.657813 0.360656 1.000000 0.000000 0.000000 0.000000 0.668750 0.377049 1.000000 0.637500 0.377049 1.000000 0.000000 0.000000 0.000000 0.000000 0.000000 0.000000 0.000000 0.000000 0.000000 0.000000 0.000000 0.000000
0 0.425508 0.347564 0.096703 0.140890 0.437500 0.304450 2.000000 0.442188 0.302108 2.000000 0.432812 0.299766 2.000000 0.000000 0.000000 0.000000 0.420312 0.288056 2.000000 0.464062 0.320843 2.000000 0.398438 0.313817 2.000000 0.454688 0.395785 2.000000 0.396875 0.398126 2.000000 0.410938 0.377049 2.000000 0.446875 0.405152 1.000000 0.443750 0.412178 1.000000 0.406250 0.409836 1.000000 0.000000 0.000000 0.000000 0.000000 0.000000 0.000000 0.000000 0.000000 0.000000 0.000000 0.000000 0.000000
0 0.344602 0.263044 0.119234 0.257845 0.339062 0.177986 2.000000 0.346875 0.168618 2.000000 0.335938 0.168618 2.000000 0.359375 0.180328 2.000000 0.000000 0.000000 0.000000 0.373437 0.229508 2.000000 0.317188 0.229508 2.000000 0.395313 0.292740 2.000000 0.289062 0.290398 1.000000 0.385937 0.320843 2.000000 0.000000 0.000000 0.000000 0.367188 0.337237 2.000000 0.329688 0.337237 1.000000 0.000000 0.000000 0.000000 0.000000 0.000000 0.000000 0.000000 0.000000 0.000000 0.000000 0.000000 0.000000
0 0.329719 0.350094 0.081063 0.127822 0.321875 0.323185 2.000000 0.328125 0.318501 2.000000 0.315625 0.316159 2.000000 0.340625 0.320843 2.000000 0.309375 0.323185 2.000000 0.348438 0.355972 2.000000 0.309375 0.358314 2.000000 0.364063 0.407494 2.000000 0.295312 0.405152 2.000000 0.318750 0.400468 2.000000 0.000000 0.000000 0.000000 0.000000 0.000000 0.000000 0.000000 0.000000 0.000000 0.000000 0.000000 0.000000 0.000000 0.000000 0.000000 0.000000 0.000000 0.000000 0.000000 0.000000 0.000000
0 0.867063 0.261124 0.083062 0.315597 0.876563 0.135831 2.000000 0.884375 0.131148 2.000000 0.873437 0.128806 2.000000 0.896875 0.138173 2.000000 0.000000 0.000000 0.000000 0.901563 0.177986 1.000000 0.865625 0.180328 2.000000 0.000000 0.000000 0.000000 0.840625 0.215457 1.000000 0.000000 0.000000 0.000000 0.835938 0.196721 2.000000 0.892188 0.255269 1.000000 0.865625 0.243560 2.000000 0.000000 0.000000 0.000000 0.846875 0.269321 1.000000 0.000000 0.000000 0.000000 0.867188 0.358314 2.000000
0 0.756477 0.352834 0.120734 0.166276 0.765625 0.313817 2.000000 0.771875 0.309133 2.000000 0.760938 0.306792 2.000000 0.779687 0.311475 2.000000 0.753125 0.304450 2.000000 0.798438 0.362998 2.000000 0.731250 0.360656 2.000000 0.809375 0.423888 2.000000 0.701562 0.419204 2.000000 0.000000 0.000000 0.000000 0.000000 0.000000 0.000000 0.000000 0.000000 0.000000 0.000000 0.000000 0.000000 0.000000 0.000000 0.000000 0.000000 0.000000 0.000000 0.000000 0.000000 0.000000 0.000000 0.000000 0.000000
0 0.290281 0.170012 0.098562 0.184145 0.306250 0.119438 2.000000 0.312500 0.114754 2.000000 0.300000 0.112412 2.000000 0.326562 0.117096 2.000000 0.000000 0.000000 0.000000 0.339062 0.168618 1.000000 0.276562 0.163934 2.000000 0.000000 0.000000 0.000000 0.248438 0.222482 2.000000 0.000000 0.000000 0.000000 0.260937 0.290398 1.000000 0.331250 0.295082 1.000000 0.281250 0.295082 1.000000 0.000000 0.000000 0.000000 0.000000 0.000000 0.000000 0.000000 0.000000 0.000000 0.000000 0.000000 0.000000
