0 0.443039 0.478279 0.223391 0.930328 0.409375 0.227166 2.000000 0.421875 0.185012 2.000000 0.384375 0.210773 2.000000 0.465625 0.180328 2.000000 0.000000 0.000000 0.000000 0.559375 0.318501 1.000000 0.335938 0.379391 1.000000 0.662500 0.526932 1.000000 0.318750 0.615925 1.000000 0.000000 0.000000 0.000000 0.000000 0.000000 0.000000 0.532813 0.751756 1.000000 0.384375 0.775176 1.000000 0.000000 0.000000 0.000000 0.000000 0.000000 0.000000 0.000000 0.000000 0.000000 0.000000 0.000000 0.000000
0 0.366578 0.606745 0.310344 0.764028 0.351562 0.367681 2.000000 0.360938 0.339578 2.000000 0.328125 0.332553 2.000000 0.000000 0.000000 0.000000 0.276562 0.344262 2.000000 0.346875 0.482436 1.000000 0.270313 0.503513 2.000000 0.000000 0.000000 0.000000 0.340625 0.768150 2.000000 0.000000 0.000000 0.000000 0.479687 0.702576 2.000000 0.359375 0.824356 2.000000 0.310937 0.857143 2.000000 0.000000 0.000000 0.000000 0.000000 0.000000 0.000000 0.000000 0.000000 0.000000 0.000000 0.000000 0.000000
0 0.682219 0.226347 0.072125 0.164403 0.675000 0.297424 1.000000 0.682813 0.274005 1.000000 0.662500 0.274005 2.000000 0.709375 0.234192 2.000000 0.000000 0.000000 0.000000 0.000000 0.000000 0.000000 0.000000 0.000000 0.000000 0.000000 0.000000 0.000000 0.000000 0.000000 0.000000 0.000000 0.000000 0.000000 0.000000 0.000000 0.000000 0.000000 0.000000 0.000000 0.000000 0.000000 0.000000 0.000000 0.000000 0.000000 0.000000 0.000000 0.000000 0.000000 0.000000 0.000000 0.000000 0.000000 0.000000
0 0.921234 0.566838 0.157531 0.866323 0.000000 0.000000 0.000000 0.000000 0.000000 0.000000 0.000000 0.000000 0.000000 0.000000 0.000000 0.000000 0.989062 0.255269 2.000000 0.846875 0.370023 1.000000 0.989062 0.409836 2.000000 0.000000 0.000000 0.000000 0.000000 0.000000 0.000000 0.000000 0.000000 0.000000 0.000000 0.000000 0.000000 0.882812 0.742389 2.000000 0.979688 0.758782 2.000000 0.000000 0.000000 0.000000 0.000000 0.000000 0.000000 0.000000 0.000000 0.000000 0.000000 0.000000 0.000000
0 0.829281 0.316405 0.065125 0.146956 0.845313 0.285714 2.000000 0.000000 0.000000 0.000000 0.845313 0.281030 2.000000 0.000000 0.000000 0.000000 0.835938 0.281030 2.000000 0.825000 0.313817 2.000000 0.807813 0.330211 1.000000 0.000000 0.000000 0.000000 0.000000 0.000000 0.000000 0.000000 0.000000 0.000000 0.000000 0.000000 0.000000 0.839063 0.428571 1.000000 0.823438 0.437939 1.000000 0.000000 0.000000 0.000000 0.000000 0.000000 0.000000 0.000000 0.000000 0.000000 0.000000 0.000000 0.000000
0 0.790344 0.392225 0.080406 0.298782 0.000000 0.000000 0.000000 0.760938 0.281030 2.000000 0.000000 0.000000 0.000000 0.775000 0.288056 2.000000 0.000000 0.000000 0.000000 0.764062 0.332553 2.000000 0.812500 0.327869 2.000000 0.000000 0.000000 0.000000 0.000000 0.000000 0.000000 0.000000 0.000000 0.000000 0.000000 0.000000 0.000000 0.779687 0.456674 1.000000 0.812500 0.459016 2.000000 0.000000 0.000000 0.000000 0.000000 0.000000 0.000000 0.000000 0.000000 0.000000 0.000000 0.000000 0.000000
0 0.210773 0.439075 0.073359 0.322459 0.000000 0.000000 0.000000 0.181250 0.332553 2.000000 0.000000 0.000000 0.000000 0.203125 0.325527 2.000000 0.000000 0.000000 0.000000 0.221875 0.377049 2.000000 0.245312 0.355972 1.000000 0.210938 0.510539 2.000000 0.000000 0.000000 0.000000 0.206250 0.613583 1.000000 0.000000 0.000000 0.000000 0.210938 0.597190 1.000000 0.231250 0.580796 1.000000 0.000000 0.000000 0.000000 0.000000 0.000000 0.000000 0.000000 0.000000 0.000000 0.000000 0.000000 0.000000
0 0.157820 0.418162 0.076297 0.181616 0.000000 0.000000 0.000000 0.000000 0.000000 0.000000 0.000000 0.000000 0.000000 0.000000 0.000000 0.000000 0.000000 0.000000 0.000000 0.000000 0.000000 0.000000 0.154688 0.433255 2.000000 0.000000 0.000000 0.000000 0.142187 0.536300 1.000000 0.000000 0.000000 0.000000 0.189062 0.477752 1.000000 0.000000 0.000000 0.000000 0.000000 0.000000 0.000000 0.000000 0.000000 0.000000 0.000000 0.000000 0.000000 0.000000 0.000000 0.000000 0.000000 0.000000 0.000000
0 0.724414 0.411030 0.155078 0.339344 0.000000 0.000000 0.000000 0.000000 0.000000 0.000000 0.000000 0.000000 0.000000 0.000000 0.000000 0.000000 0.000000 0.000000 0.000000 0.000000 0.000000 0.000000 0.775000 0.423888 2.000000 0.000000 0.000000 0.000000 0.792188 0.555035 2.000000 0.000000 0.000000 0.000000 0.000000 0.000000 0.000000 0.000000 0.000000 0.000000 0.000000 0.000000 0.000000 0.000000 0.000000 0.000000 0.000000 0.000000 0.000000 0.000000 0.000000 0.000000 0.000000 0.000000 0.000000
0 0.093750 0.489157 0.187500 0.117096 0.000000 0.000000 0.000000 0.000000 0.000000 0.000000 0.000000 0.000000 0.000000 0.000000 0.000000 0.000000 0.000000 0.000000 0.000000 0.000000 0.000000 0.000000 0.000000 0.000000 0.000000 0.000000 0.000000 0.000000 0.010937 0.456674 2.000000 0.000000 0.000000 0.000000 0.107813 0.484778 2.000000 0.000000 0.000000 0.000000 0.000000 0.000000 0.000000 0.000000 0.000000 0.000000 0.000000 0.000000 0.000000 0.000000 0.000000 0.000000 0.000000 0.000000 0.000000
0 0.595461 0.575129 0.475328 0.808290 0.560937 0.351288 2.000000 0.565625 0.302108 2.000000 0.539062 0.327869 2.000000 0.621875 0.274005 2.000000 0.000000 0.000000 0.000000 0.717187 0.412178 2.000000 0.560937 0.503513 2.000000 0.778125 0.594848 2.000000 0.548438 0.749415 2.000000 0.804688 0.697892 2.000000 0.432812 0.812646 2.000000 0.710938 0.854801 2.000000 0.604688 0.882904 2.000000 0.000000 0.000000 0.000000 0.000000 0.000000 0.000000 0.000000 0.000000 0.000000 0.000000 0.000000 0.000000
