0 0.599414 0.641740 0.165859 0.716521 0.585938 0.378556 2.000000 0.598437 0.358862 2.000000 0.578125 0.361050 2.000000 0.617188 0.358862 2.000000 0.565625 0.363239 2.000000 0.640625 0.437637 2.000000 0.550000 0.439825 2.000000 0.660937 0.555799 1.000000 0.534375 0.571116 2.000000 0.660937 0.673961 2.000000 0.529687 0.682713 2.000000 0.625000 0.632385 2.000000 0.565625 0.625821 2.000000 0.623437 0.881838 2.000000 0.551562 0.870897 2.000000 0.000000 0.000000 0.000000 0.000000 0.000000 0.000000
0 0.749398 0.648895 0.181203 0.702210 0.731250 0.361050 2.000000 0.742188 0.352298 2.000000 0.720313 0.354486 2.000000 0.760938 0.356674 2.000000 0.706250 0.365427 1.000000 0.803125 0.457330 2.000000 0.685937 0.466083 2.000000 0.812500 0.577681 2.000000 0.676562 0.582057 2.000000 0.771875 0.687090 2.000000 0.717187 0.678337 2.000000 0.789062 0.704595 2.000000 0.718750 0.706783 2.000000 0.790625 0.881838 2.000000 0.710938 0.890591 2.000000 0.000000 0.000000 0.000000 0.000000 0.000000 0.000000
0 0.555008 0.228862 0.084203 0.248359 0.562500 0.161926 2.000000 0.568750 0.153173 2.000000 0.551562 0.153173 2.000000 0.584375 0.161926 2.000000 0.535937 0.161926 2.000000 0.598437 0.242888 1.000000 0.515625 0.240700 1.000000 0.000000 0.000000 0.000000 0.000000 0.000000 0.000000 0.000000 0.000000 0.000000 0.000000 0.000000 0.000000 0.592187 0.378556 1.000000 0.529687 0.376368 1.000000 0.000000 0.000000 0.000000 0.000000 0.000000 0.000000 0.000000 0.000000 0.000000 0.000000 0.000000 0.000000
0 0.676336 0.317626 0.108391 0.233501 0.689063 0.269147 2.000000 0.698438 0.256018 2.000000 0.679688 0.258206 2.000000 0.715625 0.264770 2.000000 0.667188 0.275711 2.000000 0.740625 0.361050 1.000000 0.654687 0.363239 2.000000 0.000000 0.000000 0.000000 0.000000 0.000000 0.000000 0.000000 0.000000 0.000000 0.000000 0.000000 0.000000 0.000000 0.000000 0.000000 0.000000 0.000000 0.000000 0.000000 0.000000 0.000000 0.000000 0.000000 0.000000 0.000000 0.000000 0.000000 0.000000 0.000000 0.000000
0 0.253414 0.296652 0.132484 0.339694 0.279687 0.190372 2.000000 0.290625 0.181619 2.000000 0.267188 0.181619 2.000000 0.301563 0.201313 2.000000 0.250000 0.196937 2.000000 0.325000 0.280088 1.000000 0.218750 0.280088 2.000000 0.000000 0.000000 0.000000 0.207813 0.391685 2.000000 0.000000 0.000000 0.000000 0.251563 0.474836 1.000000 0.000000 0.000000 0.000000 0.000000 0.000000 0.000000 0.000000 0.000000 0.000000 0.000000 0.000000 0.000000 0.000000 0.000000 0.000000 0.000000 0.000000 0.000000
0 0.439211 0.643096 0.171953 0.713807 0.437500 0.354486 2.000000 0.446875 0.343545 2.000000 0.423438 0.345733 2.000000 0.465625 0.347921 2.000000 0.410938 0.361050 2.000000 0.500000 0.442013 2.000000 0.379688 0.442013 2.000000 0.512500 0.573304 2.000000 0.371875 0.575492 2.000000 0.506250 0.700219 2.000000 0.373437 0.700219 2.000000 0.476562 0.656455 2.000000 0.409375 0.656455 2.000000 0.470313 0.849015 2.000000 0.412500 0.844639 2.000000 0.000000 0.000000 0.000000 0.000000 0.000000 0.000000
0 0.788047 0.331575 0.110312 0.336674 0.778125 0.236324 2.000000 0.787500 0.223195 2.000000 0.768750 0.223195 2.000000 0.800000 0.234136 2.000000 0.753125 0.231947 2.000000 0.820312 0.321663 2.000000 0.729688 0.317287 1.000000 0.829688 0.417943 2.000000 0.000000 0.000000 0.000000 0.000000 0.000000 0.000000 0.000000 0.000000 0.000000 0.798438 0.490153 1.000000 0.746875 0.490153 1.000000 0.000000 0.000000 0.000000 0.000000 0.000000 0.000000 0.000000 0.000000 0.000000 0.000000 0.000000 0.000000
0 0.355805 0.408282 0.117422 0.363392 0.346875 0.297593 2.000000 0.357812 0.288840 2.000000 0.335938 0.282276 2.000000 0.000000 0.000000 0.000000 0.315625 0.288840 2.000000 0.384375 0.385120 2.000000 0.282813 0.376368 1.000000 0.396875 0.503282 1.000000 0.000000 0.000000 0.000000 0.000000 0.000000 0.000000 0.000000 0.000000 0.000000 0.367188 0.564551 1.000000 0.285938 0.560175 1.000000 0.000000 0.000000 0.000000 0.000000 0.000000 0.000000 0.000000 0.000000 0.000000 0.000000 0.000000 0.000000
0 0.343766 0.166466 0.074531 0.166105 0.342187 0.146608 2.000000 0.351562 0.133479 2.000000 0.332813 0.133479 2.000000 0.364063 0.146608 2.000000 0.317188 0.144420 2.000000 0.378125 0.214442 1.000000 0.301563 0.214442 1.000000 0.000000 0.000000 0.000000 0.000000 0.000000 0.000000 0.000000 0.000000 0.000000 0.000000 0.000000 0.000000 0.000000 0.000000 0.000000 0.000000 0.000000 0.000000 0.000000 0.000000 0.000000 0.000000 0.000000 0.000000 0.000000 0.000000 0.000000 0.000000 0.000000 0.000000
0 0.440812 0.173982 0.138594 0.218468 0.453125 0.126915 2.000000 0.462500 0.109409 2.000000 0.443750 0.111597 2.000000 0.475000 0.131291 2.000000 0.428125 0.124726 2.000000 0.487500 0.201313 2.000000 0.392188 0.201313 2.000000 0.000000 0.000000 0.000000 0.387500 0.321663 1.000000 0.000000 0.000000 0.000000 0.000000 0.000000 0.000000 0.481250 0.369803 1.000000 0.412500 0.369803 1.000000 0.000000 0.000000 0.000000 0.000000 0.000000 0.000000 0.000000 0.000000 0.000000 0.000000 0.000000 0.000000
0 0.422672 0.272648 0.124875 0.262319 0.457813 0.203501 2.000000 0.468750 0.192560 2.000000 0.448437 0.188184 2.000000 0.481250 0.205689 2.000000 0.429688 0.201313 2.000000 0.495312 0.291028 1.000000 0.406250 0.288840 2.000000 0.000000 0.000000 0.000000 0.000000 0.000000 0.000000 0.000000 0.000000 0.000000 0.000000 0.000000 0.000000 0.000000 0.000000 0.000000 0.000000 0.000000 0.000000 0.000000 0.000000 0.000000 0.000000 0.000000 0.000000 0.000000 0.000000 0.000000 0.000000 0.000000 0.000000
0 0.728781 0.199530 0.066594 0.202779 0.729688 0.159737 2.000000 0.739062 0.146608 2.000000 0.720313 0.148796 2.000000 0.751563 0.150985 2.000000 0.707812 0.157549 2.000000 0.771875 0.225383 1.000000 0.696875 0.227571 1.000000 0.000000 0.000000 0.000000 0.000000 0.000000 0.000000 0.000000 0.000000 0.000000 0.000000 0.000000 0.000000 0.000000 0.000000 0.000000 0.000000 0.000000 0.000000 0.000000 0.000000 0.000000 0.000000 0.000000 0.000000 0.000000 0.000000 0.000000 0.000000 0.000000 0.000000
0 0.517023 0.352068 0.114609 0.263742 0.498437 0.291028 2.000000 0.510938 0.277899 2.000000 0.487500 0.275711 2.000000 0.000000 0.000000 0.000000 0.470313 0.284464 2.000000 0.537500 0.374179 2.000000 0.450000 0.369803 1.000000 0.000000 0.000000 0.000000 0.000000 0.000000 0.000000 0.000000 0.000000 0.000000 0.000000 0.000000 0.000000 0.000000 0.000000 0.000000 0.000000 0.000000 0.000000 0.000000 0.000000 0.000000 0.000000 0.000000 0.000000 0.000000 0.000000 0.000000 0.000000 0.000000 0.000000
