0 0.414267 0.576414 0.146672 0.521078 0.378549 0.360938 2.000000 0.386435 0.353125 2.000000 0.372240 0.353125 2.000000 0.414826 0.359375 2.000000 0.000000 0.000000 0.000000 0.447950 0.417187 2.000000 0.361199 0.415625 2.000000 0.470032 0.493750 2.000000 0.000000 0.000000 0.000000 0.452681 0.562500 2.000000 0.339117 0.506250 1.000000 0.430599 0.585938 2.000000 0.372240 0.585938 2.000000 0.443218 0.696875 2.000000 0.367508 0.690625 1.000000 0.451104 0.810937 2.000000 0.394322 0.798438 1.000000
0 0.099811 0.648313 0.199621 0.703375 0.091483 0.370312 2.000000 0.100946 0.356250 2.000000 0.078864 0.356250 2.000000 0.124606 0.362500 2.000000 0.058360 0.364063 2.000000 0.165615 0.429688 2.000000 0.025237 0.431250 2.000000 0.000000 0.000000 0.000000 0.000000 0.000000 0.000000 0.000000 0.000000 0.000000 0.000000 0.000000 0.000000 0.116719 0.660937 1.000000 0.058360 0.660937 2.000000 0.130915 0.815625 1.000000 0.047319 0.815625 2.000000 0.115142 0.965625 2.000000 0.067823 0.926562 2.000000
0 0.183131 0.410562 0.103959 0.154469 0.151420 0.396875 2.000000 0.162461 0.385937 2.000000 0.146688 0.384375 2.000000 0.181388 0.379688 2.000000 0.000000 0.000000 0.000000 0.220820 0.443750 2.000000 0.111987 0.446875 1.000000 0.000000 0.000000 0.000000 0.000000 0.000000 0.000000 0.000000 0.000000 0.000000 0.000000 0.000000 0.000000 0.000000 0.000000 0.000000 0.000000 0.000000 0.000000 0.000000 0.000000 0.000000 0.000000 0.000000 0.000000 0.000000 0.000000 0.000000 0.000000 0.000000 0.000000
0 0.520513 0.521852 0.086104 0.284891 0.498423 0.418750 2.000000 0.506309 0.412500 2.000000 0.492114 0.412500 2.000000 0.514196 0.406250 2.000000 0.485804 0.410938 2.000000 0.525237 0.428125 2.000000 0.479495 0.429688 2.000000 0.548896 0.473438 2.000000 0.000000 0.000000 0.000000 0.559937 0.512500 2.000000 0.000000 0.000000 0.000000 0.523659 0.509375 2.000000 0.495268 0.512500 2.000000 0.520505 0.590625 2.000000 0.487382 0.593750 2.000000 0.520505 0.645312 2.000000 0.501577 0.629687 2.000000
0 0.532027 0.415555 0.062855 0.122859 0.509464 0.376563 2.000000 0.514196 0.371875 2.000000 0.506309 0.371875 2.000000 0.528391 0.375000 2.000000 0.000000 0.000000 0.000000 0.552050 0.409375 2.000000 0.503155 0.407813 1.000000 0.556782 0.450000 2.000000 0.000000 0.000000 0.000000 0.000000 0.000000 0.000000 0.000000 0.000000 0.000000 0.000000 0.000000 0.000000 0.000000 0.000000 0.000000 0.000000 0.000000 0.000000 0.000000 0.000000 0.000000 0.000000 0.000000 0.000000 0.000000 0.000000 0.000000
0 0.895126 0.445039 0.091136 0.163984 0.000000 0.000000 0.000000 0.000000 0.000000 0.000000 0.000000 0.000000 0.000000 0.000000 0.000000 0.000000 0.858044 0.381250 2.000000 0.000000 0.000000 0.000000 0.869085 0.407813 2.000000 0.000000 0.000000 0.000000 0.900631 0.450000 2.000000 0.000000 0.000000 0.000000 0.929022 0.482812 2.000000 0.000000 0.000000 0.000000 0.862776 0.506250 2.000000 0.000000 0.000000 0.000000 0.000000 0.000000 0.000000 0.000000 0.000000 0.000000 0.000000 0.000000 0.000000
0 0.926136 0.455070 0.062934 0.152859 0.000000 0.000000 0.000000 0.000000 0.000000 0.000000 0.000000 0.000000 0.000000 0.949527 0.398438 2.000000 0.000000 0.000000 0.000000 0.958991 0.407813 1.000000 0.917981 0.404687 2.000000 0.000000 0.000000 0.000000 0.000000 0.000000 0.000000 0.000000 0.000000 0.000000 0.000000 0.000000 0.000000 0.951104 0.465625 2.000000 0.919558 0.462500 1.000000 0.949527 0.515625 1.000000 0.922713 0.515625 2.000000 0.000000 0.000000 0.000000 0.000000 0.000000 0.000000
0 0.899022 0.427773 0.053502 0.140422 0.900631 0.382812 2.000000 0.906940 0.378125 2.000000 0.897476 0.378125 2.000000 0.914826 0.375000 2.000000 0.891167 0.375000 2.000000 0.925868 0.398438 1.000000 0.884858 0.400000 2.000000 0.000000 0.000000 0.000000 0.000000 0.000000 0.000000 0.000000 0.000000 0.000000 0.000000 0.000000 0.000000 0.921136 0.456250 1.000000 0.889590 0.456250 2.000000 0.921136 0.496875 1.000000 0.891167 0.498437 1.000000 0.000000 0.000000 0.000000 0.000000 0.000000 0.000000
0 0.259156 0.715359 0.296514 0.569281 0.000000 0.000000 0.000000 0.000000 0.000000 0.000000 0.315457 0.512500 2.000000 0.000000 0.000000 0.000000 0.274448 0.512500 2.000000 0.159306 0.609375 2.000000 0.288644 0.601562 2.000000 0.129338 0.785937 2.000000 0.383281 0.740625 2.000000 0.000000 0.000000 0.000000 0.334385 0.618750 2.000000 0.184543 0.912500 2.000000 0.291798 0.909375 2.000000 0.000000 0.000000 0.000000 0.000000 0.000000 0.000000 0.000000 0.000000 0.000000 0.000000 0.000000 0.000000
0 0.317011 0.472430 0.064464 0.162641 0.000000 0.000000 0.000000 0.000000 0.000000 0.000000 0.000000 0.000000 0.000000 0.000000 0.000000 0.000000 0.000000 0.000000 0.000000 0.282334 0.442188 1.000000 0.335962 0.445312 2.000000 0.000000 0.000000 0.000000 0.000000 0.000000 0.000000 0.000000 0.000000 0.000000 0.000000 0.000000 0.000000 0.000000 0.000000 0.000000 0.000000 0.000000 0.000000 0.000000 0.000000 0.000000 0.000000 0.000000 0.000000 0.000000 0.000000 0.000000 0.000000 0.000000 0.000000
