0 0.094383 0.277521 0.148328 0.537083 0.112500 0.062500 2.000000 0.000000 0.000000 0.000000 0.107813 0.052083 2.000000 0.000000 0.000000 0.000000 0.079687 0.052083 2.000000 0.037500 0.116667 2.000000 0.090625 0.108333 2.000000 0.037500 0.220833 2.000000 0.135937 0.200000 2.000000 0.000000 0.000000 0.000000 0.000000 0.000000 0.000000 0.068750 0.279167 2.000000 0.109375 0.277083 2.000000 0.098437 0.393750 2.000000 0.142187 0.375000 2.000000 0.115625 0.512500 2.000000 0.098437 0.481250 2.000000
0 0.348617 0.140240 0.085828 0.241604 0.323437 0.066667 2.000000 0.329688 0.060417 2.000000 0.317188 0.060417 2.000000 0.348438 0.066667 2.000000 0.000000 0.000000 0.000000 0.364063 0.114583 2.000000 0.309375 0.110417 1.000000 0.375000 0.204167 2.000000 0.000000 0.000000 0.000000 0.000000 0.000000 0.000000 0.000000 0.000000 0.000000 0.354687 0.245833 1.000000 0.000000 0.000000 0.000000 0.000000 0.000000 0.000000 0.000000 0.000000 0.000000 0.000000 0.000000 0.000000 0.000000 0.000000 0.000000
0 0.445516 0.149479 0.112031 0.186083 0.429688 0.100000 2.000000 0.437500 0.091667 2.000000 0.428125 0.091667 2.000000 0.456250 0.095833 2.000000 0.000000 0.000000 0.000000 0.481250 0.150000 2.000000 0.423438 0.141667 2.000000 0.489063 0.212500 1.000000 0.409375 0.210417 2.000000 0.453125 0.212500 2.000000 0.407813 0.200000 2.000000 0.000000 0.000000 0.000000 0.000000 0.000000 0.000000 0.000000 0.000000 0.000000 0.000000 0.000000 0.000000 0.000000 0.000000 0.000000 0.000000 0.000000 0.000000
0 0.220070 0.289479 0.137891 0.578958 0.281250 0.056250 2.000000 0.000000 0.000000 0.000000 0.279687 0.043750 2.000000 0.234375 0.037500 2.000000 0.262500 0.043750 2.000000 0.190625 0.095833 2.000000 0.264062 0.106250 1.000000 0.156250 0.185417 1.000000 0.287500 0.212500 1.000000 0.000000 0.000000 0.000000 0.000000 0.000000 0.000000 0.204687 0.272917 2.000000 0.264062 0.264583 2.000000 0.212500 0.393750 2.000000 0.281250 0.410417 1.000000 0.195312 0.531250 2.000000 0.267188 0.520833 1.000000
0 0.736406 0.094188 0.059688 0.120292 0.726562 0.062500 2.000000 0.729688 0.056250 2.000000 0.000000 0.000000 0.000000 0.737500 0.056250 2.000000 0.000000 0.000000 0.000000 0.754687 0.081250 2.000000 0.729688 0.087500 2.000000 0.735938 0.110417 2.000000 0.000000 0.000000 0.000000 0.718750 0.093750 2.000000 0.000000 0.000000 0.000000 0.748437 0.158333 1.000000 0.731250 0.158333 1.000000 0.746875 0.212500 1.000000 0.732812 0.212500 1.000000 0.000000 0.000000 0.000000 0.000000 0.000000 0.000000
0 0.147992 0.223469 0.087766 0.361104 0.140625 0.091667 2.000000 0.142187 0.083333 2.000000 0.132812 0.087500 2.000000 0.000000 0.000000 0.000000 0.112500 0.083333 2.000000 0.148438 0.114583 2.000000 0.098437 0.118750 1.000000 0.000000 0.000000 0.000000 0.000000 0.000000 0.000000 0.000000 0.000000 0.000000 0.000000 0.000000 0.000000 0.151562 0.243750 2.000000 0.118750 0.250000 1.000000 0.168750 0.337500 2.000000 0.000000 0.000000 0.000000 0.125000 0.429167 1.000000 0.000000 0.000000 0.000000
0 0.819398 0.211104 0.057547 0.278042 0.817187 0.104167 2.000000 0.821875 0.100000 2.000000 0.814063 0.097917 2.000000 0.832812 0.102083 2.000000 0.000000 0.000000 0.000000 0.839063 0.116667 2.000000 0.810937 0.118750 2.000000 0.831250 0.147917 1.000000 0.798438 0.143750 2.000000 0.817187 0.133333 2.000000 0.803125 0.118750 2.000000 0.829688 0.187500 2.000000 0.809375 0.187500 2.000000 0.828125 0.258333 2.000000 0.804688 0.252083 2.000000 0.828125 0.320833 1.000000 0.804688 0.318750 2.000000
0 0.981812 0.121854 0.036125 0.240583 0.990625 0.031250 2.000000 0.993750 0.027083 2.000000 0.985938 0.027083 2.000000 0.000000 0.000000 0.000000 0.000000 0.000000 0.000000 0.000000 0.000000 0.000000 0.985938 0.072917 2.000000 0.000000 0.000000 0.000000 0.973437 0.133333 2.000000 0.000000 0.000000 0.000000 0.975000 0.177083 2.000000 0.000000 0.000000 0.000000 0.990625 0.210417 2.000000 0.000000 0.000000 0.000000 0.000000 0.000000 0.000000 0.000000 0.000000 0.000000 0.000000 0.000000 0.000000
0 0.917195 0.137219 0.083047 0.267354 0.925000 0.043750 2.000000 0.932813 0.035417 2.000000 0.921875 0.037500 2.000000 0.942187 0.035417 2.000000 0.000000 0.000000 0.000000 0.951562 0.085417 1.000000 0.914062 0.089583 1.000000 0.940625 0.141667 1.000000 0.895312 0.135417 2.000000 0.904687 0.160417 2.000000 0.887500 0.160417 2.000000 0.937500 0.164583 2.000000 0.907813 0.166667 2.000000 0.931250 0.241667 1.000000 0.906250 0.237500 2.000000 0.932813 0.310417 1.000000 0.906250 0.308333 1.000000
0 0.419875 0.094083 0.048406 0.127792 0.000000 0.000000 0.000000 0.000000 0.000000 0.000000 0.000000 0.000000 0.000000 0.414062 0.079167 2.000000 0.000000 0.000000 0.000000 0.431250 0.127083 1.000000 0.403125 0.114583 2.000000 0.000000 0.000000 0.000000 0.000000 0.000000 0.000000 0.000000 0.000000 0.000000 0.000000 0.000000 0.000000 0.000000 0.000000 0.000000 0.000000 0.000000 0.000000 0.000000 0.000000 0.000000 0.000000 0.000000 0.000000 0.000000 0.000000 0.000000 0.000000 0.000000 0.000000
