0 0.729302 0.449883 0.271437 0.398203 0.000000 0.000000 0.000000 0.000000 0.000000 0.000000 0.000000 0.000000 0.000000 0.745833 0.296875 2.000000 0.000000 0.000000 0.000000 0.739583 0.356250 2.000000 0.837500 0.342187 2.000000 0.697917 0.440625 2.000000 0.000000 0.000000 0.000000 0.629167 0.495312 2.000000 0.000000 0.000000 0.000000 0.766667 0.489063 2.000000 0.820833 0.484375 2.000000 0.758333 0.593750 2.000000 0.791667 0.589063 2.000000 0.760417 0.685937 1.000000 0.760417 0.667188 1.000000
0 0.541396 0.285242 0.130583 0.200984 0.000000 0.000000 0.000000 0.000000 0.000000 0.000000 0.000000 0.000000 0.000000 0.537500 0.204687 2.000000 0.000000 0.000000 0.000000 0.508333 0.229687 2.000000 0.583333 0.234375 2.000000 0.483333 0.281250 2.000000 0.585417 0.282813 2.000000 0.485417 0.304688 2.000000 0.606250 0.317188 1.000000 0.527083 0.318750 1.000000 0.566667 0.320312 2.000000 0.525000 0.368750 1.000000 0.568750 0.368750 2.000000 0.000000 0.000000 0.000000 0.000000 0.000000 0.000000
0 0.245073 0.285508 0.097187 0.209547 0.000000 0.000000 0.000000 0.000000 0.000000 0.000000 0.000000 0.000000 0.000000 0.000000 0.000000 0.000000 0.268750 0.200000 2.000000 0.000000 0.000000 0.000000 0.272917 0.226562 2.000000 0.000000 0.000000 0.000000 0.277083 0.257812 2.000000 0.000000 0.000000 0.000000 0.283333 0.295312 2.000000 0.231250 0.287500 2.000000 0.254167 0.284375 2.000000 0.235417 0.339062 2.000000 0.264583 0.340625 1.000000 0.239583 0.378125 2.000000 0.000000 0.000000 0.000000
0 0.431458 0.552813 0.437458 0.701125 0.000000 0.000000 0.000000 0.000000 0.000000 0.000000 0.000000 0.000000 0.000000 0.377083 0.270313 1.000000 0.481250 0.271875 2.000000 0.300000 0.342187 2.000000 0.512500 0.354687 2.000000 0.220833 0.446875 2.000000 0.547917 0.484375 2.000000 0.227083 0.526563 2.000000 0.600000 0.592187 2.000000 0.333333 0.539062 2.000000 0.460417 0.545312 2.000000 0.350000 0.684375 2.000000 0.475000 0.676562 2.000000 0.383333 0.793750 2.000000 0.477083 0.807813 2.000000
0 0.051760 0.538234 0.103521 0.261188 0.000000 0.000000 0.000000 0.000000 0.000000 0.000000 0.000000 0.000000 0.000000 0.000000 0.000000 0.000000 0.000000 0.000000 0.000000 0.000000 0.000000 0.000000 0.000000 0.000000 0.000000 0.000000 0.000000 0.000000 0.031250 0.534375 2.000000 0.000000 0.000000 0.000000 0.064583 0.610938 2.000000 0.000000 0.000000 0.000000 0.000000 0.000000 0.000000 0.000000 0.000000 0.000000 0.000000 0.000000 0.000000 0.000000 0.000000 0.000000 0.000000 0.000000 0.000000
0 0.326865 0.244727 0.069062 0.115641 0.000000 0.000000 0.000000 0.000000 0.000000 0.000000 0.000000 0.000000 0.000000 0.302083 0.201563 2.000000 0.325000 0.203125 2.000000 0.289583 0.221875 1.000000 0.337500 0.225000 2.000000 0.000000 0.000000 0.000000 0.345833 0.254688 2.000000 0.000000 0.000000 0.000000 0.360417 0.273438 1.000000 0.293750 0.285938 2.000000 0.327083 0.287500 2.000000 0.000000 0.000000 0.000000 0.000000 0.000000 0.000000 0.000000 0.000000 0.000000 0.000000 0.000000 0.000000
0 0.622104 0.442133 0.079542 0.086734 0.000000 0.000000 0.000000 0.000000 0.000000 0.000000 0.000000 0.000000 0.000000 0.587500 0.428125 1.000000 0.000000 0.000000 0.000000 0.577083 0.450000 1.000000 0.620833 0.445312 2.000000 0.000000 0.000000 0.000000 0.647917 0.432812 2.000000 0.000000 0.000000 0.000000 0.654167 0.415625 2.000000 0.000000 0.000000 0.000000 0.000000 0.000000 0.000000 0.000000 0.000000 0.000000 0.000000 0.000000 0.000000 0.000000 0.000000 0.000000 0.000000 0.000000 0.000000
0 0.819323 0.313031 0.110688 0.155313 0.000000 0.000000 0.000000 0.000000 0.000000 0.000000 0.000000 0.000000 0.000000 0.000000 0.000000 0.000000 0.000000 0.000000 0.000000 0.747917 0.301563 1.000000 0.839583 0.301563 2.000000 0.720833 0.350000 1.000000 0.000000 0.000000 0.000000 0.000000 0.000000 0.000000 0.000000 0.000000 0.000000 0.000000 0.000000 0.000000 0.000000 0.000000 0.000000 0.000000 0.000000 0.000000 0.000000 0.000000 0.000000 0.000000 0.000000 0.000000 0.000000 0.000000 0.000000
0 0.066906 0.324758 0.133813 0.247609 0.000000 0.000000 0.000000 0.000000 0.000000 0.000000 0.000000 0.000000 0.000000 0.022917 0.221875 2.000000 0.050000 0.218750 2.000000 0.020833 0.245312 2.000000 0.064583 0.240625 2.000000 0.000000 0.000000 0.000000 0.104167 0.279687 2.000000 0.000000 0.000000 0.000000 0.112500 0.304688 2.000000 0.035417 0.337500 2.000000 0.060417 0.334375 2.000000 0.037500 0.364063 2.000000 0.066667 0.367188 2.000000 0.041667 0.409375 2.000000 0.068750 0.403125 2.000000
0 0.682198 0.271172 0.070104 0.171906 0.000000 0.000000 0.000000 0.658333 0.198437 2.000000 0.000000 0.000000 0.000000 0.675000 0.196875 2.000000 0.000000 0.000000 0.000000 0.662500 0.223438 2.000000 0.702083 0.220312 2.000000 0.652083 0.253125 2.000000 0.710417 0.248438 2.000000 0.658333 0.271875 2.000000 0.708333 0.273438 2.000000 0.672917 0.270313 2.000000 0.695833 0.270313 2.000000 0.660417 0.307812 2.000000 0.681250 0.309375 2.000000 0.670833 0.343750 2.000000 0.683333 0.343750 2.000000
0 0.958875 0.484922 0.082250 0.285719 0.000000 0.000000 0.000000 0.000000 0.000000 0.000000 0.000000 0.000000 0.000000 0.987500 0.367188 2.000000 0.000000 0.000000 0.000000 0.960417 0.407813 2.000000 0.000000 0.000000 0.000000 0.920833 0.428125 1.000000 0.000000 0.000000 0.000000 0.000000 0.000000 0.000000 0.000000 0.000000 0.000000 0.964583 0.487500 2.000000 0.000000 0.000000 0.000000 0.966667 0.546875 2.000000 0.960417 0.529687 2.000000 0.987500 0.609375 2.000000 0.935417 0.578125 2.000000
