0 0.164859 0.687479 0.152812 0.407500 0.154688 0.545833 2.000000 0.170313 0.535417 2.000000 0.150000 0.531250 2.000000 0.189062 0.541667 2.000000 0.000000 0.000000 0.000000 0.198437 0.589583 2.000000 0.137500 0.591667 2.000000 0.215625 0.708333 2.000000 0.000000 0.000000 0.000000 0.192188 0.779167 2.000000 0.096875 0.645833 2.000000 0.185938 0.747917 2.000000 0.145313 0.745833 2.000000 0.182812 0.870833 2.000000 0.135937 0.883333 2.000000 0.000000 0.000000 0.000000 0.000000 0.000000 0.000000
0 0.471063 0.504490 0.153375 0.312354 0.453125 0.427083 2.000000 0.465625 0.410417 2.000000 0.445312 0.408333 2.000000 0.481250 0.416667 2.000000 0.431250 0.412500 1.000000 0.509375 0.493750 2.000000 0.410938 0.493750 2.000000 0.518750 0.597917 2.000000 0.407813 0.597917 2.000000 0.487500 0.672917 1.000000 0.000000 0.000000 0.000000 0.000000 0.000000 0.000000 0.000000 0.000000 0.000000 0.000000 0.000000 0.000000 0.000000 0.000000 0.000000 0.000000 0.000000 0.000000 0.000000 0.000000 0.000000
0 0.624156 0.647531 0.228031 0.351354 0.657813 0.543750 2.000000 0.667188 0.533333 2.000000 0.650000 0.527083 2.000000 0.681250 0.541667 2.000000 0.634375 0.529167 2.000000 0.698438 0.608333 2.000000 0.604688 0.575000 2.000000 0.706250 0.725000 2.000000 0.534375 0.633333 2.000000 0.723437 0.816667 2.000000 0.582812 0.637500 2.000000 0.664062 0.727083 2.000000 0.617188 0.706250 1.000000 0.656250 0.835417 1.000000 0.570312 0.672917 1.000000 0.000000 0.000000 0.000000 0.000000 0.000000 0.000000
0 0.114867 0.503823 0.137578 0.628896 0.134375 0.250000 2.000000 0.145313 0.243750 2.000000 0.128125 0.235417 2.000000 0.159375 0.245833 2.000000 0.115625 0.225000 2.000000 0.168750 0.302083 2.000000 0.085938 0.287500 2.000000 0.210938 0.370833 1.000000 0.064062 0.385417 2.000000 0.248438 0.402083 1.000000 0.065625 0.483333 2.000000 0.142187 0.504167 2.000000 0.098437 0.506250 2.000000 0.146875 0.604167 1.000000 0.098437 0.614583 2.000000 0.162500 0.747917 1.000000 0.092188 0.752083 2.000000
0 0.272641 0.379406 0.206469 0.367063 0.242188 0.233333 1.000000 0.251563 0.218750 1.000000 0.229687 0.218750 1.000000 0.259375 0.231250 1.000000 0.218750 0.225000 1.000000 0.273438 0.270833 2.000000 0.190625 0.270833 2.000000 0.329688 0.285417 2.000000 0.000000 0.000000 0.000000 0.000000 0.000000 0.000000 0.000000 0.000000 0.000000 0.234375 0.456250 1.000000 0.184375 0.452083 1.000000 0.000000 0.000000 0.000000 0.000000 0.000000 0.000000 0.000000 0.000000 0.000000 0.000000 0.000000 0.000000
0 0.306180 0.645885 0.192359 0.416479 0.289062 0.491667 2.000000 0.301563 0.485417 2.000000 0.282813 0.483333 2.000000 0.312500 0.483333 2.000000 0.000000 0.000000 0.000000 0.343750 0.545833 1.000000 0.253125 0.547917 2.000000 0.389062 0.618750 2.000000 0.251563 0.625000 2.000000 0.365625 0.695833 2.000000 0.264062 0.687500 2.000000 0.329688 0.706250 2.000000 0.271875 0.706250 2.000000 0.334375 0.831250 2.000000 0.226562 0.760417 2.000000 0.000000 0.000000 0.000000 0.275000 0.756250 2.000000
0 0.642977 0.360677 0.146641 0.388771 0.623437 0.222917 2.000000 0.632812 0.212500 2.000000 0.618750 0.208333 2.000000 0.648438 0.214583 2.000000 0.000000 0.000000 0.000000 0.685937 0.285417 2.000000 0.590625 0.295833 2.000000 0.704688 0.379167 2.000000 0.595313 0.379167 1.000000 0.676562 0.435417 2.000000 0.000000 0.000000 0.000000 0.664062 0.452083 2.000000 0.617188 0.452083 2.000000 0.000000 0.000000 0.000000 0.000000 0.000000 0.000000 0.000000 0.000000 0.000000 0.000000 0.000000 0.000000
0 0.767234 0.472719 0.144625 0.614354 0.743750 0.216667 2.000000 0.753125 0.200000 2.000000 0.735938 0.204167 2.000000 0.773438 0.206250 2.000000 0.000000 0.000000 0.000000 0.806250 0.287500 2.000000 0.717187 0.291667 2.000000 0.823438 0.387500 2.000000 0.714063 0.395833 2.000000 0.820312 0.475000 2.000000 0.703125 0.481250 2.000000 0.787500 0.493750 2.000000 0.726562 0.491667 2.000000 0.787500 0.614583 2.000000 0.725000 0.612500 2.000000 0.792188 0.747917 2.000000 0.721875 0.747917 1.000000
0 0.911234 0.511229 0.177531 0.667417 0.870313 0.233333 2.000000 0.879687 0.222917 2.000000 0.862500 0.225000 2.000000 0.903125 0.225000 2.000000 0.000000 0.000000 0.000000 0.940625 0.297917 2.000000 0.846875 0.312500 2.000000 0.000000 0.000000 0.000000 0.843750 0.402083 2.000000 0.973437 0.445833 2.000000 0.834375 0.500000 2.000000 0.918750 0.493750 2.000000 0.862500 0.489583 2.000000 0.929688 0.645833 2.000000 0.868750 0.645833 2.000000 0.939063 0.783333 2.000000 0.853125 0.772917 2.000000
0 0.219797 0.391708 0.134219 0.434000 0.240625 0.233333 2.000000 0.253125 0.225000 2.000000 0.237500 0.220833 2.000000 0.262500 0.237500 2.000000 0.000000 0.000000 0.000000 0.271875 0.302083 2.000000 0.193750 0.275000 1.000000 0.000000 0.000000 0.000000 0.000000 0.000000 0.000000 0.000000 0.000000 0.000000 0.000000 0.000000 0.000000 0.237500 0.479167 2.000000 0.187500 0.468750 2.000000 0.240625 0.597917 1.000000 0.184375 0.593750 1.000000 0.262500 0.729167 1.000000 0.000000 0.000000 0.000000
0 0.630336 0.801125 0.620234 0.361792 0.400000 0.712500 2.000000 0.000000 0.000000 0.000000 0.000000 0.000000 0.000000 0.420312 0.704167 2.000000 0.000000 0.000000 0.000000 0.450000 0.733333 2.000000 0.492188 0.683333 2.000000 0.417187 0.839583 2.000000 0.498437 0.772917 2.000000 0.365625 0.929167 2.000000 0.487500 0.881250 2.000000 0.629687 0.860417 2.000000 0.642188 0.812500 2.000000 0.750000 0.910417 2.000000 0.740625 0.868750 2.000000 0.901563 0.870833 2.000000 0.878125 0.818750 2.000000
0 0.411680 0.379729 0.126359 0.419417 0.414062 0.220833 2.000000 0.420312 0.210417 2.000000 0.403125 0.214583 2.000000 0.439063 0.220833 2.000000 0.000000 0.000000 0.000000 0.453125 0.275000 2.000000 0.368750 0.291667 2.000000 0.000000 0.000000 0.000000 0.362500 0.395833 2.000000 0.000000 0.000000 0.000000 0.365625 0.485417 2.000000 0.451562 0.458333 1.000000 0.390625 0.466667 2.000000 0.000000 0.000000 0.000000 0.390625 0.581250 2.000000 0.000000 0.000000 0.000000 0.000000 0.000000 0.000000
0 0.532156 0.458354 0.139531 0.537958 0.496875 0.243750 2.000000 0.507812 0.237500 2.000000 0.490625 0.235417 2.000000 0.520312 0.241667 2.000000 0.481250 0.239583 2.000000 0.551562 0.314583 2.000000 0.467187 0.314583 2.000000 0.592187 0.389583 2.000000 0.000000 0.000000 0.000000 0.573438 0.464583 2.000000 0.000000 0.000000 0.000000 0.537500 0.481250 2.000000 0.487500 0.479167 1.000000 0.553125 0.612500 1.000000 0.000000 0.000000 0.000000 0.000000 0.000000 0.000000 0.000000 0.000000 0.000000
