0 0.420359 0.580714 0.299187 0.735433 0.389062 0.278689 1.000000 0.000000 0.000000 0.000000 0.000000 0.000000 0.000000 0.403125 0.264637 2.000000 0.000000 0.000000 0.000000 0.376563 0.358314 2.000000 0.479687 0.344262 2.000000 0.000000 0.000000 0.000000 0.551562 0.419204 2.000000 0.000000 0.000000 0.000000 0.521875 0.360656 2.000000 0.403125 0.543326 2.000000 0.467187 0.548009 2.000000 0.331250 0.737705 2.000000 0.470313 0.737705 2.000000 0.293750 0.903981 2.000000 0.525000 0.908665 2.000000
0 0.755469 0.680562 0.301563 0.447307 0.714063 0.522248 2.000000 0.723437 0.515222 2.000000 0.000000 0.000000 0.000000 0.753125 0.526932 2.000000 0.000000 0.000000 0.000000 0.773438 0.569087 2.000000 0.793750 0.543326 2.000000 0.709375 0.672131 2.000000 0.000000 0.000000 0.000000 0.660937 0.693208 2.000000 0.000000 0.000000 0.000000 0.870313 0.740047 2.000000 0.890625 0.721311 2.000000 0.767188 0.665105 2.000000 0.784375 0.662763 2.000000 0.817187 0.854801 2.000000 0.834375 0.817330 2.000000
0 0.141398 0.146417 0.080203 0.189133 0.151562 0.084309 2.000000 0.154688 0.077283 2.000000 0.146875 0.077283 2.000000 0.162500 0.077283 2.000000 0.000000 0.000000 0.000000 0.175000 0.105386 2.000000 0.143750 0.105386 2.000000 0.157812 0.156909 2.000000 0.128125 0.142857 2.000000 0.150000 0.114754 2.000000 0.148438 0.166276 2.000000 0.170313 0.182670 1.000000 0.150000 0.180328 2.000000 0.153125 0.173302 2.000000 0.109375 0.168618 2.000000 0.157812 0.250585 1.000000 0.114062 0.238876 1.000000
0 0.607617 0.185480 0.077359 0.182810 0.584375 0.135831 2.000000 0.590625 0.126464 2.000000 0.581250 0.126464 2.000000 0.598437 0.124122 2.000000 0.000000 0.000000 0.000000 0.610938 0.142857 2.000000 0.576562 0.145199 2.000000 0.612500 0.203747 2.000000 0.578125 0.194379 2.000000 0.587500 0.189696 2.000000 0.606250 0.199063 2.000000 0.631250 0.199063 2.000000 0.606250 0.203747 2.000000 0.000000 0.000000 0.000000 0.000000 0.000000 0.000000 0.000000 0.000000 0.000000 0.000000 0.000000 0.000000
0 0.204648 0.148314 0.100453 0.193255 0.187500 0.084309 2.000000 0.189062 0.079625 2.000000 0.184375 0.079625 2.000000 0.201563 0.079625 2.000000 0.000000 0.000000 0.000000 0.215625 0.098361 2.000000 0.184375 0.100703 2.000000 0.214062 0.163934 2.000000 0.175000 0.156909 2.000000 0.189062 0.152225 2.000000 0.200000 0.173302 2.000000 0.231250 0.182670 1.000000 0.201563 0.180328 2.000000 0.207813 0.175644 2.000000 0.165625 0.175644 2.000000 0.217188 0.248244 1.000000 0.173437 0.248244 1.000000
0 0.951227 0.194052 0.097547 0.221827 0.970313 0.119438 2.000000 0.975000 0.114754 2.000000 0.970313 0.114754 2.000000 0.987500 0.114754 2.000000 0.000000 0.000000 0.000000 0.996875 0.156909 2.000000 0.957812 0.156909 2.000000 0.989062 0.199063 2.000000 0.951562 0.192037 2.000000 0.957812 0.201405 2.000000 0.978125 0.203747 2.000000 0.978125 0.241218 2.000000 0.960938 0.234192 2.000000 0.967187 0.288056 2.000000 0.914062 0.278689 2.000000 0.000000 0.000000 0.000000 0.000000 0.000000 0.000000
0 0.798672 0.188056 0.118719 0.261265 0.807813 0.105386 2.000000 0.812500 0.096019 2.000000 0.804688 0.098361 2.000000 0.826562 0.098361 2.000000 0.000000 0.000000 0.000000 0.840625 0.135831 2.000000 0.798438 0.142857 2.000000 0.825000 0.199063 2.000000 0.782813 0.208431 2.000000 0.803125 0.189696 2.000000 0.812500 0.206089 2.000000 0.814063 0.220141 2.000000 0.800000 0.220141 2.000000 0.804688 0.257611 2.000000 0.748437 0.252927 2.000000 0.814063 0.311475 2.000000 0.793750 0.309133 2.000000
0 0.972617 0.552740 0.054766 0.471148 0.960938 0.395785 2.000000 0.970313 0.384075 2.000000 0.000000 0.000000 0.000000 0.992188 0.381733 2.000000 0.000000 0.000000 0.000000 0.000000 0.000000 0.000000 0.000000 0.000000 0.000000 0.000000 0.000000 0.000000 0.000000 0.000000 0.000000 0.000000 0.000000 0.000000 0.000000 0.000000 0.000000 0.000000 0.000000 0.000000 0.000000 0.000000 0.000000 0.000000 0.000000 0.000000 0.000000 0.000000 0.000000 0.000000 0.000000 0.000000 0.000000 0.000000 0.000000
0 0.715766 0.192799 0.118813 0.212201 0.735938 0.126464 2.000000 0.742188 0.117096 2.000000 0.732812 0.117096 2.000000 0.754687 0.119438 2.000000 0.000000 0.000000 0.000000 0.759375 0.149883 2.000000 0.726562 0.147541 2.000000 0.745313 0.177986 2.000000 0.704688 0.168618 2.000000 0.712500 0.180328 2.000000 0.729688 0.168618 2.000000 0.740625 0.213115 2.000000 0.712500 0.210773 2.000000 0.725000 0.234192 2.000000 0.668750 0.227166 2.000000 0.709375 0.292740 2.000000 0.660937 0.295082 1.000000
0 0.434297 0.166546 0.101281 0.207002 0.443750 0.100703 2.000000 0.450000 0.096019 2.000000 0.440625 0.096019 2.000000 0.457813 0.096019 2.000000 0.000000 0.000000 0.000000 0.470313 0.124122 1.000000 0.432812 0.124122 2.000000 0.473438 0.161593 1.000000 0.409375 0.152225 2.000000 0.443750 0.175644 2.000000 0.417187 0.168618 2.000000 0.450000 0.187354 2.000000 0.432812 0.180328 2.000000 0.456250 0.192037 2.000000 0.401562 0.192037 2.000000 0.459375 0.257611 2.000000 0.395313 0.245902 1.000000
0 0.385594 0.147787 0.066562 0.190749 0.389062 0.093677 2.000000 0.395313 0.084309 2.000000 0.387500 0.084309 2.000000 0.406250 0.088993 2.000000 0.000000 0.000000 0.000000 0.412500 0.128806 2.000000 0.376563 0.124122 2.000000 0.389062 0.161593 2.000000 0.354687 0.147541 2.000000 0.360938 0.154567 1.000000 0.378125 0.149883 2.000000 0.398438 0.206089 1.000000 0.368750 0.201405 1.000000 0.000000 0.000000 0.000000 0.000000 0.000000 0.000000 0.000000 0.000000 0.000000 0.000000 0.000000 0.000000
0 0.021219 0.128981 0.042031 0.190796 0.003125 0.060890 2.000000 0.006250 0.056206 2.000000 0.001563 0.056206 2.000000 0.014063 0.053864 2.000000 0.000000 0.000000 0.000000 0.023438 0.081967 2.000000 0.001563 0.086651 2.000000 0.031250 0.128806 2.000000 0.000000 0.000000 0.000000 0.010937 0.142857 2.000000 0.000000 0.000000 0.000000 0.000000 0.000000 0.000000 0.000000 0.000000 0.000000 0.000000 0.000000 0.000000 0.000000 0.000000 0.000000 0.000000 0.000000 0.000000 0.000000 0.000000 0.000000
0 0.066055 0.133970 0.094266 0.190422 0.060937 0.070258 2.000000 0.065625 0.063232 2.000000 0.057813 0.063232 2.000000 0.075000 0.060890 2.000000 0.000000 0.000000 0.000000 0.084375 0.081967 2.000000 0.056250 0.086651 2.000000 0.096875 0.128806 2.000000 0.042188 0.131148 1.000000 0.060937 0.159251 2.000000 0.051562 0.156909 2.000000 0.092188 0.170960 2.000000 0.071875 0.170960 1.000000 0.082812 0.159251 2.000000 0.028125 0.156909 1.000000 0.087500 0.236534 1.000000 0.042188 0.229508 1.000000
