0 0.338008 0.303063 0.174891 0.437208 0.395313 0.156250 2.000000 0.000000 0.000000 0.000000 0.389062 0.147917 2.000000 0.000000 0.000000 0.000000 0.365625 0.150000 2.000000 0.396875 0.193750 2.000000 0.304688 0.193750 2.000000 0.382812 0.289583 2.000000 0.293750 0.287500 2.000000 0.354687 0.354167 2.000000 0.295312 0.322917 2.000000 0.371875 0.318750 2.000000 0.326562 0.320833 2.000000 0.412500 0.335417 2.000000 0.292187 0.347917 2.000000 0.415625 0.487500 1.000000 0.282813 0.489583 1.000000
0 0.201563 0.466635 0.075344 0.327646 0.000000 0.000000 0.000000 0.000000 0.000000 0.000000 0.000000 0.000000 0.000000 0.204687 0.327083 2.000000 0.000000 0.000000 0.000000 0.226562 0.364583 2.000000 0.185938 0.360417 1.000000 0.231250 0.427083 2.000000 0.182812 0.408333 2.000000 0.203125 0.454167 2.000000 0.175000 0.443750 2.000000 0.218750 0.454167 2.000000 0.189062 0.450000 2.000000 0.201563 0.508333 2.000000 0.157812 0.477083 1.000000 0.193750 0.585417 2.000000 0.000000 0.000000 0.000000
0 0.415922 0.208813 0.090969 0.259208 0.415625 0.137500 2.000000 0.000000 0.000000 0.000000 0.404687 0.129167 2.000000 0.000000 0.000000 0.000000 0.000000 0.000000 0.000000 0.417187 0.193750 2.000000 0.000000 0.000000 0.000000 0.445312 0.300000 2.000000 0.000000 0.000000 0.000000 0.443750 0.220833 2.000000 0.000000 0.000000 0.000000 0.404687 0.335417 1.000000 0.000000 0.000000 0.000000 0.000000 0.000000 0.000000 0.000000 0.000000 0.000000 0.000000 0.000000 0.000000 0.000000 0.000000 0.000000
0 0.504687 0.217177 0.097406 0.258437 0.509375 0.152083 2.000000 0.517188 0.139583 2.000000 0.509375 0.139583 1.000000 0.537500 0.147917 2.000000 0.000000 0.000000 0.000000 0.528125 0.200000 1.000000 0.506250 0.193750 2.000000 0.000000 0.000000 0.000000 0.493750 0.287500 2.000000 0.000000 0.000000 0.000000 0.473438 0.266667 2.000000 0.562500 0.356250 1.000000 0.520312 0.360417 1.000000 0.000000 0.000000 0.000000 0.528125 0.464583 1.000000 0.000000 0.000000 0.000000 0.000000 0.000000 0.000000
0 0.590367 0.240854 0.161391 0.355083 0.550000 0.137500 2.000000 0.557813 0.127083 2.000000 0.546875 0.125000 1.000000 0.582812 0.122917 2.000000 0.000000 0.000000 0.000000 0.620313 0.175000 2.000000 0.540625 0.170833 2.000000 0.656250 0.258333 2.000000 0.512500 0.256250 2.000000 0.660937 0.193750 2.000000 0.551562 0.258333 2.000000 0.610938 0.310417 2.000000 0.557813 0.333333 2.000000 0.650000 0.381250 2.000000 0.553125 0.431250 1.000000 0.659375 0.437500 1.000000 0.000000 0.000000 0.000000
0 0.905062 0.602250 0.074156 0.260667 0.000000 0.000000 0.000000 0.000000 0.000000 0.000000 0.000000 0.000000 0.000000 0.000000 0.000000 0.000000 0.000000 0.000000 0.000000 0.000000 0.000000 0.000000 0.000000 0.000000 0.000000 0.000000 0.000000 0.000000 0.000000 0.000000 0.000000 0.000000 0.000000 0.000000 0.000000 0.000000 0.000000 0.918750 0.466667 1.000000 0.887500 0.464583 1.000000 0.898438 0.581250 2.000000 0.890625 0.570833 2.000000 0.920312 0.695833 2.000000 0.903125 0.689583 2.000000
0 0.978094 0.534167 0.043812 0.432833 0.000000 0.000000 0.000000 0.000000 0.000000 0.000000 0.000000 0.000000 0.000000 0.000000 0.000000 0.000000 0.000000 0.000000 0.000000 0.000000 0.000000 0.000000 0.000000 0.000000 0.000000 0.000000 0.000000 0.000000 0.000000 0.000000 0.000000 0.000000 0.000000 0.000000 0.000000 0.000000 0.000000 0.000000 0.000000 0.000000 0.000000 0.000000 0.000000 0.000000 0.000000 0.000000 0.000000 0.000000 0.000000 0.000000 0.000000 0.000000 0.978125 0.706250 2.000000
0 0.021352 0.349844 0.041078 0.162354 0.000000 0.000000 0.000000 0.000000 0.000000 0.000000 0.000000 0.000000 0.000000 0.006250 0.312500 2.000000 0.000000 0.000000 0.000000 0.000000 0.000000 0.000000 0.014063 0.368750 2.000000 0.000000 0.000000 0.000000 0.000000 0.000000 0.000000 0.000000 0.000000 0.000000 0.000000 0.000000 0.000000 0.000000 0.000000 0.000000 0.000000 0.000000 0.000000 0.000000 0.000000 0.000000 0.000000 0.000000 0.000000 0.000000 0.000000 0.000000 0.000000 0.000000 0.000000
0 0.059266 0.384031 0.034687 0.153688 0.062500 0.345833 2.000000 0.067187 0.341667 2.000000 0.056250 0.341667 2.000000 0.000000 0.000000 0.000000 0.000000 0.000000 0.000000 0.000000 0.000000 0.000000 0.046875 0.372917 1.000000 0.000000 0.000000 0.000000 0.000000 0.000000 0.000000 0.000000 0.000000 0.000000 0.000000 0.000000 0.000000 0.000000 0.000000 0.000000 0.000000 0.000000 0.000000 0.000000 0.000000 0.000000 0.000000 0.000000 0.000000 0.000000 0.000000 0.000000 0.000000 0.000000 0.000000
0 0.379352 0.475000 0.192328 0.160583 0.364063 0.450000 2.000000 0.373437 0.433333 2.000000 0.356250 0.435417 2.000000 0.387500 0.439583 2.000000 0.342187 0.443750 2.000000 0.404687 0.493750 2.000000 0.331250 0.493750 2.000000 0.450000 0.533333 2.000000 0.000000 0.000000 0.000000 0.000000 0.000000 0.000000 0.000000 0.000000 0.000000 0.000000 0.000000 0.000000 0.000000 0.000000 0.000000 0.000000 0.000000 0.000000 0.000000 0.000000 0.000000 0.000000 0.000000 0.000000 0.000000 0.000000 0.000000
0 0.572336 0.461365 0.120453 0.109396 0.542188 0.431250 2.000000 0.554688 0.422917 2.000000 0.540625 0.418750 2.000000 0.579688 0.429167 2.000000 0.000000 0.000000 0.000000 0.610938 0.477083 2.000000 0.507812 0.489583 1.000000 0.625000 0.527083 1.000000 0.000000 0.000000 0.000000 0.581250 0.487500 2.000000 0.000000 0.000000 0.000000 0.000000 0.000000 0.000000 0.000000 0.000000 0.000000 0.000000 0.000000 0.000000 0.000000 0.000000 0.000000 0.000000 0.000000 0.000000 0.000000 0.000000 0.000000
0 0.842555 0.629240 0.064172 0.169021 0.000000 0.000000 0.000000 0.000000 0.000000 0.000000 0.000000 0.000000 0.000000 0.000000 0.000000 0.000000 0.000000 0.000000 0.000000 0.000000 0.000000 0.000000 0.000000 0.000000 0.000000 0.000000 0.000000 0.000000 0.000000 0.000000 0.000000 0.000000 0.000000 0.000000 0.000000 0.000000 0.000000 0.864062 0.487500 1.000000 0.835938 0.487500 1.000000 0.834375 0.591667 2.000000 0.840625 0.587500 2.000000 0.859375 0.685417 2.000000 0.843750 0.683333 2.000000
