0 0.571398 0.645146 0.295922 0.473458 0.000000 0.000000 0.000000 0.000000 0.000000 0.000000 0.000000 0.000000 0.000000 0.000000 0.000000 0.000000 0.601562 0.475000 2.000000 0.534375 0.527083 2.000000 0.639062 0.520833 2.000000 0.584375 0.660417 2.000000 0.684375 0.647917 2.000000 0.659375 0.681250 2.000000 0.707812 0.631250 2.000000 0.490625 0.712500 2.000000 0.556250 0.733333 2.000000 0.478125 0.695833 2.000000 0.643750 0.835417 2.000000 0.456250 0.791667 2.000000 0.595313 0.812500 2.000000
0 0.260484 0.630646 0.137094 0.490333 0.442188 0.222917 1.000000 0.000000 0.000000 0.000000 0.439063 0.204167 1.000000 0.000000 0.000000 0.000000 0.428125 0.189583 1.000000 0.435937 0.283333 1.000000 0.360938 0.231250 1.000000 0.332813 0.285417 1.000000 0.335938 0.193750 1.000000 0.254688 0.214583 1.000000 0.417187 0.158333 1.000000 0.310937 0.483333 2.000000 0.260937 0.458333 2.000000 0.278125 0.593750 2.000000 0.217188 0.635417 2.000000 0.257812 0.820833 2.000000 0.289062 0.797917 2.000000
0 0.154031 0.376344 0.108062 0.262354 0.160938 0.302083 2.000000 0.162500 0.291667 2.000000 0.148438 0.289583 2.000000 0.000000 0.000000 0.000000 0.123438 0.297917 2.000000 0.154688 0.341667 2.000000 0.129688 0.352083 2.000000 0.000000 0.000000 0.000000 0.148438 0.429167 2.000000 0.000000 0.000000 0.000000 0.209375 0.435417 1.000000 0.000000 0.000000 0.000000 0.000000 0.000000 0.000000 0.000000 0.000000 0.000000 0.000000 0.000000 0.000000 0.000000 0.000000 0.000000 0.000000 0.000000 0.000000
0 0.807961 0.315969 0.151234 0.357312 0.795312 0.202083 2.000000 0.800000 0.191667 2.000000 0.785937 0.189583 2.000000 0.000000 0.000000 0.000000 0.771875 0.189583 2.000000 0.806250 0.245833 1.000000 0.756250 0.260417 2.000000 0.000000 0.000000 0.000000 0.759375 0.335417 1.000000 0.000000 0.000000 0.000000 0.000000 0.000000 0.000000 0.807813 0.354167 1.000000 0.776563 0.364583 1.000000 0.870313 0.368750 2.000000 0.853125 0.377083 2.000000 0.834375 0.477083 2.000000 0.807813 0.479167 1.000000
0 0.901195 0.179323 0.061953 0.186521 0.910937 0.139583 2.000000 0.914062 0.131250 2.000000 0.906250 0.133333 2.000000 0.000000 0.000000 0.000000 0.887500 0.139583 1.000000 0.904687 0.175000 1.000000 0.860938 0.208333 1.000000 0.964063 0.164583 1.000000 0.851562 0.270833 1.000000 0.000000 0.000000 0.000000 0.895312 0.258333 2.000000 0.907813 0.293750 1.000000 0.878125 0.304167 1.000000 0.000000 0.000000 0.000000 0.942187 0.329167 1.000000 0.000000 0.000000 0.000000 0.000000 0.000000 0.000000
0 0.498391 0.212594 0.059875 0.161604 0.504687 0.197917 2.000000 0.514062 0.187500 2.000000 0.501563 0.181250 2.000000 0.000000 0.000000 0.000000 0.485938 0.179167 1.000000 0.500000 0.239583 1.000000 0.000000 0.000000 0.000000 0.507812 0.306250 1.000000 0.000000 0.000000 0.000000 0.509375 0.247917 2.000000 0.000000 0.000000 0.000000 0.000000 0.000000 0.000000 0.000000 0.000000 0.000000 0.000000 0.000000 0.000000 0.000000 0.000000 0.000000 0.000000 0.000000 0.000000 0.000000 0.000000 0.000000
0 0.390531 0.171187 0.144531 0.125208 0.000000 0.000000 0.000000 0.396875 0.150000 2.000000 0.382812 0.150000 2.000000 0.000000 0.000000 0.000000 0.000000 0.000000 0.000000 0.000000 0.000000 0.000000 0.000000 0.000000 0.000000 0.000000 0.000000 0.000000 0.000000 0.000000 0.000000 0.000000 0.000000 0.000000 0.000000 0.000000 0.000000 0.000000 0.000000 0.000000 0.000000 0.000000 0.000000 0.000000 0.000000 0.000000 0.000000 0.000000 0.000000 0.000000 0.000000 0.000000 0.000000 0.000000 0.000000
0 0.083430 0.451000 0.160109 0.377542 0.018750 0.295833 2.000000 0.000000 0.000000 0.000000 0.010937 0.285417 2.000000 0.000000 0.000000 0.000000 0.000000 0.000000 0.000000 0.006250 0.356250 2.000000 0.000000 0.000000 0.000000 0.050000 0.429167 2.000000 0.006250 0.429167 2.000000 0.078125 0.450000 2.000000 0.054688 0.456250 2.000000 0.043750 0.458333 2.000000 0.010937 0.470833 2.000000 0.143750 0.466667 2.000000 0.110937 0.485417 2.000000 0.126562 0.600000 2.000000 0.089063 0.608333 2.000000
0 0.902570 0.288062 0.165516 0.365458 0.875000 0.162500 2.000000 0.000000 0.000000 0.000000 0.867188 0.158333 2.000000 0.000000 0.000000 0.000000 0.842187 0.164583 2.000000 0.862500 0.214583 2.000000 0.818750 0.218750 1.000000 0.870313 0.302083 2.000000 0.817187 0.308333 1.000000 0.890625 0.339583 2.000000 0.873437 0.337500 2.000000 0.850000 0.333333 2.000000 0.821875 0.341667 1.000000 0.903125 0.339583 2.000000 0.870313 0.356250 1.000000 0.935937 0.433333 2.000000 0.932813 0.456250 2.000000
0 0.353547 0.226271 0.310656 0.165375 0.440625 0.222917 2.000000 0.454688 0.216667 2.000000 0.440625 0.202083 2.000000 0.471875 0.231250 2.000000 0.426563 0.187500 1.000000 0.423438 0.264583 2.000000 0.395313 0.229167 1.000000 0.337500 0.279167 2.000000 0.332813 0.197917 1.000000 0.256250 0.210417 2.000000 0.418750 0.154167 1.000000 0.000000 0.000000 0.000000 0.264062 0.431250 1.000000 0.000000 0.000000 0.000000 0.000000 0.000000 0.000000 0.000000 0.000000 0.000000 0.000000 0.000000 0.000000
0 0.192977 0.352948 0.086766 0.257854 0.000000 0.000000 0.000000 0.000000 0.000000 0.000000 0.000000 0.000000 0.000000 0.000000 0.000000 0.000000 0.187500 0.266667 2.000000 0.212500 0.325000 2.000000 0.171875 0.329167 2.000000 0.245312 0.385417 1.000000 0.210938 0.404167 2.000000 0.218750 0.397917 2.000000 0.242188 0.391667 1.000000 0.000000 0.000000 0.000000 0.000000 0.000000 0.000000 0.000000 0.000000 0.000000 0.000000 0.000000 0.000000 0.000000 0.000000 0.000000 0.000000 0.000000 0.000000
0 0.958844 0.165437 0.080750 0.200292 0.993750 0.112500 2.000000 0.000000 0.000000 0.000000 0.985938 0.104167 2.000000 0.000000 0.000000 0.000000 0.962500 0.112500 2.000000 0.000000 0.000000 0.000000 0.948438 0.152083 2.000000 0.000000 0.000000 0.000000 0.923438 0.237500 1.000000 0.000000 0.000000 0.000000 0.973437 0.252083 2.000000 0.000000 0.000000 0.000000 0.000000 0.000000 0.000000 0.000000 0.000000 0.000000 0.000000 0.000000 0.000000 0.000000 0.000000 0.000000 0.000000 0.000000 0.000000
