0 0.948352 0.456479 0.103172 0.485352 0.926562 0.260563 2.000000 0.932813 0.253521 2.000000 0.920312 0.258216 2.000000 0.943750 0.251174 2.000000 0.000000 0.000000 0.000000 0.968750 0.302817 2.000000 0.909375 0.316901 2.000000 0.000000 0.000000 0.000000 0.903125 0.354460 2.000000 0.975000 0.382629 2.000000 0.928125 0.387324 2.000000 0.956250 0.436620 2.000000 0.923438 0.438967 2.000000 0.959375 0.544601 2.000000 0.931250 0.546948 2.000000 0.964063 0.659624 2.000000 0.943750 0.652582 2.000000
0 0.860820 0.470704 0.097141 0.447465 0.850000 0.298122 2.000000 0.854688 0.286385 2.000000 0.843750 0.286385 2.000000 0.865625 0.288732 2.000000 0.839063 0.286385 2.000000 0.871875 0.323944 2.000000 0.826562 0.340376 2.000000 0.893750 0.401408 2.000000 0.818750 0.399061 2.000000 0.882812 0.469484 2.000000 0.000000 0.000000 0.000000 0.862500 0.443662 2.000000 0.829688 0.450704 2.000000 0.864062 0.549296 2.000000 0.843750 0.549296 2.000000 0.862500 0.633803 2.000000 0.851562 0.631455 2.000000
0 0.775875 0.457089 0.094188 0.487653 0.770312 0.253521 2.000000 0.776563 0.246479 2.000000 0.767188 0.248826 2.000000 0.000000 0.000000 0.000000 0.756250 0.253521 2.000000 0.793750 0.298122 2.000000 0.750000 0.298122 2.000000 0.806250 0.375587 2.000000 0.737500 0.387324 2.000000 0.810937 0.446009 2.000000 0.737500 0.448357 2.000000 0.793750 0.434272 2.000000 0.757812 0.436620 2.000000 0.795312 0.565728 2.000000 0.756250 0.568075 2.000000 0.793750 0.652582 2.000000 0.751563 0.654930 2.000000
0 0.688063 0.419859 0.095719 0.368545 0.692187 0.284038 2.000000 0.695312 0.274648 2.000000 0.687500 0.276995 2.000000 0.707812 0.279343 2.000000 0.678125 0.281690 2.000000 0.718750 0.335681 2.000000 0.664062 0.335681 2.000000 0.723437 0.403756 2.000000 0.654687 0.408451 2.000000 0.726562 0.476526 2.000000 0.657813 0.474178 2.000000 0.707812 0.464789 2.000000 0.673438 0.469484 2.000000 0.703125 0.563380 2.000000 0.673438 0.565728 1.000000 0.698438 0.694836 1.000000 0.673438 0.690141 1.000000
0 0.503477 0.478603 0.080484 0.377676 0.506250 0.333333 2.000000 0.510938 0.326291 2.000000 0.501563 0.326291 2.000000 0.518750 0.326291 2.000000 0.490625 0.326291 2.000000 0.528125 0.377934 2.000000 0.479687 0.384977 2.000000 0.526563 0.441315 2.000000 0.473438 0.446009 2.000000 0.492188 0.438967 2.000000 0.517188 0.436620 2.000000 0.518750 0.497653 2.000000 0.482812 0.504695 2.000000 0.526563 0.603286 2.000000 0.490625 0.600939 1.000000 0.525000 0.692488 1.000000 0.000000 0.000000 0.000000
0 0.446875 0.457523 0.082687 0.386362 0.445312 0.307512 2.000000 0.448437 0.298122 2.000000 0.439063 0.302817 2.000000 0.457813 0.300469 2.000000 0.429688 0.300469 2.000000 0.470313 0.354460 2.000000 0.421875 0.354460 2.000000 0.000000 0.000000 0.000000 0.000000 0.000000 0.000000 0.000000 0.000000 0.000000 0.000000 0.000000 0.000000 0.459375 0.460094 2.000000 0.425000 0.457746 2.000000 0.453125 0.589202 2.000000 0.435937 0.591549 1.000000 0.000000 0.000000 0.000000 0.000000 0.000000 0.000000
0 0.213930 0.492054 0.101641 0.403263 0.217188 0.333333 2.000000 0.220312 0.323944 2.000000 0.209375 0.323944 2.000000 0.000000 0.000000 0.000000 0.196875 0.321596 2.000000 0.239063 0.370892 2.000000 0.181250 0.387324 2.000000 0.265625 0.424883 1.000000 0.170313 0.460094 2.000000 0.259375 0.478873 2.000000 0.165625 0.521127 1.000000 0.229687 0.523474 2.000000 0.185938 0.518779 2.000000 0.239063 0.626761 2.000000 0.187500 0.633803 1.000000 0.235937 0.727700 1.000000 0.189062 0.732394 1.000000
0 0.308133 0.661796 0.113672 0.226972 0.314063 0.593897 2.000000 0.318750 0.586854 2.000000 0.309375 0.586854 2.000000 0.325000 0.589202 2.000000 0.301563 0.589202 2.000000 0.342187 0.638498 2.000000 0.287500 0.647887 2.000000 0.000000 0.000000 0.000000 0.000000 0.000000 0.000000 0.326562 0.692488 2.000000 0.000000 0.000000 0.000000 0.334375 0.718310 2.000000 0.301563 0.720657 2.000000 0.353125 0.713615 2.000000 0.256250 0.723005 1.000000 0.295312 0.755869 2.000000 0.321875 0.760563 2.000000
0 0.120953 0.471573 0.092250 0.332817 0.128125 0.356808 2.000000 0.134375 0.347418 2.000000 0.123438 0.347418 2.000000 0.143750 0.347418 2.000000 0.114062 0.354460 2.000000 0.154688 0.408451 2.000000 0.103125 0.406103 2.000000 0.160938 0.481221 2.000000 0.092188 0.481221 2.000000 0.159375 0.516432 2.000000 0.100000 0.539906 2.000000 0.150000 0.537559 2.000000 0.112500 0.539906 2.000000 0.145313 0.633803 2.000000 0.112500 0.629108 1.000000 0.000000 0.000000 0.000000 0.000000 0.000000 0.000000
0 0.299906 0.474085 0.076969 0.348404 0.303125 0.342723 2.000000 0.306250 0.335681 2.000000 0.296875 0.335681 2.000000 0.315625 0.340376 2.000000 0.287500 0.338028 2.000000 0.328125 0.396714 2.000000 0.275000 0.394366 2.000000 0.331250 0.462441 2.000000 0.270313 0.467136 2.000000 0.315625 0.504695 2.000000 0.267188 0.528169 2.000000 0.321875 0.528169 2.000000 0.282813 0.525822 2.000000 0.318750 0.619718 1.000000 0.284375 0.617371 2.000000 0.000000 0.000000 0.000000 0.281250 0.734742 1.000000
0 0.594953 0.495059 0.111750 0.461714 0.578125 0.305164 2.000000 0.582812 0.298122 2.000000 0.573438 0.302817 2.000000 0.595313 0.305164 2.000000 0.000000 0.000000 0.000000 0.614062 0.352113 2.000000 0.559375 0.356808 2.000000 0.634375 0.424883 2.000000 0.550000 0.438967 2.000000 0.635938 0.488263 2.000000 0.546875 0.497653 2.000000 0.610938 0.481221 2.000000 0.570312 0.485915 2.000000 0.626563 0.577465 2.000000 0.573438 0.575117 1.000000 0.618750 0.669014 1.000000 0.573438 0.671362 1.000000
0 0.041383 0.548052 0.081172 0.505352 0.056250 0.333333 2.000000 0.060937 0.326291 2.000000 0.051562 0.326291 2.000000 0.000000 0.000000 0.000000 0.039062 0.328638 1.000000 0.068750 0.389671 2.000000 0.028125 0.384977 2.000000 0.000000 0.000000 0.000000 0.012500 0.469484 2.000000 0.000000 0.000000 0.000000 0.021875 0.544601 2.000000 0.065625 0.546948 2.000000 0.035937 0.535211 2.000000 0.053125 0.636150 2.000000 0.026562 0.643192 2.000000 0.039062 0.751174 1.000000 0.014063 0.765258 2.000000
0 0.673547 0.627066 0.098656 0.230986 0.670312 0.565728 2.000000 0.676562 0.556338 2.000000 0.665625 0.558685 2.000000 0.682813 0.561033 2.000000 0.656250 0.561033 2.000000 0.687500 0.596244 2.000000 0.654687 0.598592 2.000000 0.718750 0.615023 2.000000 0.634375 0.615023 2.000000 0.692187 0.612676 2.000000 0.660937 0.610329 2.000000 0.685937 0.690141 2.000000 0.654687 0.690141 2.000000 0.701562 0.612676 2.000000 0.653125 0.612676 2.000000 0.682813 0.706573 2.000000 0.656250 0.711268 2.000000
