0 0.204656 0.173349 0.127188 0.125855 0.228125 0.154567 2.000000 0.232813 0.142857 2.000000 0.221875 0.145199 2.000000 0.245312 0.147541 2.000000 0.212500 0.149883 2.000000 0.262500 0.208431 2.000000 0.195312 0.185012 1.000000 0.270313 0.271663 1.000000 0.150000 0.208431 2.000000 0.221875 0.227166 1.000000 0.176563 0.182670 2.000000 0.000000 0.000000 0.000000 0.000000 0.000000 0.000000 0.000000 0.000000 0.000000 0.000000 0.000000 0.000000 0.000000 0.000000 0.000000 0.000000 0.000000 0.000000
0 0.295469 0.210281 0.068531 0.318876 0.264062 0.105386 2.000000 0.270313 0.096019 2.000000 0.264062 0.098361 2.000000 0.292187 0.107728 2.000000 0.000000 0.000000 0.000000 0.290625 0.156909 2.000000 0.000000 0.000000 0.000000 0.000000 0.000000 0.000000 0.000000 0.000000 0.000000 0.292187 0.250585 1.000000 0.000000 0.000000 0.000000 0.296875 0.327869 1.000000 0.000000 0.000000 0.000000 0.292187 0.437939 1.000000 0.000000 0.000000 0.000000 0.000000 0.000000 0.000000 0.000000 0.000000 0.000000
0 0.931797 0.522471 0.136406 0.734824 0.000000 0.000000 0.000000 0.000000 0.000000 0.000000 0.000000 0.000000 0.000000 0.000000 0.000000 0.000000 0.990625 0.227166 2.000000 0.912500 0.299766 2.000000 0.000000 0.000000 0.000000 0.890625 0.409836 2.000000 0.000000 0.000000 0.000000 0.885938 0.505855 2.000000 0.000000 0.000000 0.000000 0.925000 0.494145 2.000000 0.982812 0.501171 2.000000 0.926562 0.655738 2.000000 0.973437 0.669789 2.000000 0.910937 0.831382 2.000000 0.960938 0.840749 2.000000
0 0.374211 0.271136 0.089922 0.255902 0.000000 0.000000 0.000000 0.000000 0.000000 0.000000 0.000000 0.000000 0.000000 0.000000 0.000000 0.000000 0.000000 0.000000 0.000000 0.346875 0.215457 2.000000 0.400000 0.213115 2.000000 0.335938 0.257611 1.000000 0.409375 0.283372 2.000000 0.000000 0.000000 0.000000 0.387500 0.281030 2.000000 0.354687 0.309133 1.000000 0.385937 0.313817 2.000000 0.351562 0.384075 1.000000 0.382812 0.384075 1.000000 0.348438 0.456674 1.000000 0.378125 0.461358 1.000000
0 0.422305 0.189906 0.048891 0.201218 0.000000 0.000000 0.000000 0.000000 0.000000 0.000000 0.000000 0.000000 0.000000 0.417187 0.126464 2.000000 0.442188 0.124122 2.000000 0.401562 0.173302 2.000000 0.457813 0.173302 1.000000 0.000000 0.000000 0.000000 0.000000 0.000000 0.000000 0.000000 0.000000 0.000000 0.000000 0.000000 0.000000 0.407813 0.285714 1.000000 0.440625 0.281030 1.000000 0.000000 0.000000 0.000000 0.000000 0.000000 0.000000 0.000000 0.000000 0.000000 0.000000 0.000000 0.000000
0 0.766891 0.289895 0.097469 0.350562 0.757812 0.154567 2.000000 0.764062 0.149883 2.000000 0.754687 0.147541 2.000000 0.000000 0.000000 0.000000 0.000000 0.000000 0.000000 0.784375 0.180328 2.000000 0.740625 0.182670 2.000000 0.793750 0.215457 2.000000 0.721875 0.215457 2.000000 0.767188 0.210773 2.000000 0.742188 0.215457 2.000000 0.778125 0.311475 2.000000 0.750000 0.311475 2.000000 0.779687 0.381733 2.000000 0.751563 0.384075 2.000000 0.782813 0.454333 1.000000 0.750000 0.451991 2.000000
0 0.845250 0.407658 0.160781 0.520281 0.903125 0.213115 2.000000 0.000000 0.000000 0.000000 0.898438 0.196721 2.000000 0.000000 0.000000 0.000000 0.879687 0.192037 2.000000 0.851562 0.227166 2.000000 0.859375 0.236534 2.000000 0.000000 0.000000 0.000000 0.846875 0.351288 2.000000 0.000000 0.000000 0.000000 0.876563 0.435597 1.000000 0.821875 0.463700 2.000000 0.831250 0.477752 2.000000 0.000000 0.000000 0.000000 0.000000 0.000000 0.000000 0.000000 0.000000 0.000000 0.000000 0.000000 0.000000
0 0.670805 0.284016 0.107141 0.398337 0.665625 0.135831 2.000000 0.671875 0.124122 2.000000 0.659375 0.121780 2.000000 0.000000 0.000000 0.000000 0.648438 0.135831 2.000000 0.698438 0.192037 2.000000 0.629687 0.192037 2.000000 0.712500 0.259953 2.000000 0.000000 0.000000 0.000000 0.709375 0.297424 2.000000 0.000000 0.000000 0.000000 0.687500 0.370023 2.000000 0.642188 0.367681 1.000000 0.693750 0.496487 1.000000 0.632812 0.496487 1.000000 0.000000 0.000000 0.000000 0.000000 0.000000 0.000000
0 0.363687 0.486230 0.434156 0.764496 0.448437 0.215457 1.000000 0.000000 0.000000 0.000000 0.000000 0.000000 0.000000 0.000000 0.000000 0.000000 0.000000 0.000000 0.000000 0.471875 0.269321 2.000000 0.534375 0.274005 2.000000 0.362500 0.400468 2.000000 0.475000 0.423888 2.000000 0.276562 0.444965 2.000000 0.390625 0.442623 2.000000 0.446875 0.526932 2.000000 0.000000 0.000000 0.000000 0.318750 0.580796 2.000000 0.000000 0.000000 0.000000 0.239063 0.805621 2.000000 0.000000 0.000000 0.000000
0 0.086727 0.346663 0.132016 0.578009 0.095312 0.119438 2.000000 0.100000 0.107728 2.000000 0.089063 0.107728 2.000000 0.000000 0.000000 0.000000 0.068750 0.107728 2.000000 0.100000 0.166276 2.000000 0.054688 0.168618 2.000000 0.117188 0.276347 2.000000 0.032813 0.262295 2.000000 0.128125 0.341920 2.000000 0.084375 0.259953 2.000000 0.110937 0.386417 2.000000 0.095312 0.388759 2.000000 0.135937 0.466042 1.000000 0.067187 0.508197 2.000000 0.103125 0.611241 1.000000 0.068750 0.629977 1.000000
0 0.600992 0.311557 0.114484 0.338899 0.000000 0.000000 0.000000 0.593750 0.185012 2.000000 0.582812 0.182670 2.000000 0.604688 0.182670 2.000000 0.000000 0.000000 0.000000 0.614062 0.224824 2.000000 0.564063 0.227166 2.000000 0.612500 0.281030 2.000000 0.545312 0.283372 1.000000 0.582812 0.222482 2.000000 0.560937 0.222482 2.000000 0.598437 0.370023 2.000000 0.571875 0.370023 1.000000 0.606250 0.494145 1.000000 0.567187 0.489461 1.000000 0.000000 0.000000 0.000000 0.000000 0.000000 0.000000
0 0.943977 0.173056 0.112047 0.246440 0.000000 0.000000 0.000000 0.000000 0.000000 0.000000 0.996875 0.100703 2.000000 0.000000 0.000000 0.000000 0.975000 0.103044 2.000000 0.000000 0.000000 0.000000 0.939063 0.170960 2.000000 0.000000 0.000000 0.000000 0.903125 0.271663 2.000000 0.000000 0.000000 0.000000 0.951562 0.309133 1.000000 0.000000 0.000000 0.000000 0.954688 0.358314 1.000000 0.000000 0.000000 0.000000 0.000000 0.000000 0.000000 0.000000 0.000000 0.000000 0.000000 0.000000 0.000000
