0 0.809328 0.674102 0.196531 0.566519 0.795312 0.452328 2.000000 0.803125 0.441242 2.000000 0.787500 0.447894 2.000000 0.821875 0.441242 2.000000 0.000000 0.000000 0.000000 0.842187 0.516630 2.000000 0.778125 0.501109 2.000000 0.887500 0.589800 2.000000 0.754687 0.543237 2.000000 0.846875 0.651885 2.000000 0.753125 0.609756 2.000000 0.814063 0.678492 2.000000 0.776563 0.669623 2.000000 0.814063 0.793792 2.000000 0.751563 0.773836 2.000000 0.817187 0.893570 2.000000 0.757812 0.882483 2.000000
0 0.785477 0.555310 0.112984 0.523836 0.790625 0.348115 2.000000 0.800000 0.339246 2.000000 0.784375 0.341463 2.000000 0.809375 0.337029 2.000000 0.000000 0.000000 0.000000 0.829688 0.405765 1.000000 0.753125 0.394678 2.000000 0.829688 0.487805 1.000000 0.737500 0.481153 2.000000 0.000000 0.000000 0.000000 0.775000 0.512195 1.000000 0.810937 0.552106 1.000000 0.764062 0.547672 1.000000 0.809375 0.665188 1.000000 0.756250 0.654102 1.000000 0.807813 0.784922 1.000000 0.746875 0.776053 1.000000
0 0.637453 0.407073 0.111187 0.216053 0.637500 0.348115 2.000000 0.643750 0.339246 2.000000 0.628125 0.339246 2.000000 0.654687 0.337029 2.000000 0.625000 0.337029 2.000000 0.670312 0.401330 1.000000 0.604688 0.405765 2.000000 0.682813 0.472284 2.000000 0.592187 0.476718 2.000000 0.662500 0.514412 1.000000 0.623437 0.514412 1.000000 0.000000 0.000000 0.000000 0.000000 0.000000 0.000000 0.000000 0.000000 0.000000 0.000000 0.000000 0.000000 0.000000 0.000000 0.000000 0.000000 0.000000 0.000000
0 0.654609 0.662262 0.150719 0.568470 0.660937 0.441242 2.000000 0.668750 0.432373 2.000000 0.653125 0.432373 2.000000 0.679688 0.432373 1.000000 0.640625 0.427938 1.000000 0.698438 0.509978 2.000000 0.618750 0.512195 2.000000 0.718750 0.600887 2.000000 0.607812 0.587583 2.000000 0.695312 0.682927 2.000000 0.607812 0.638581 2.000000 0.684375 0.680710 2.000000 0.640625 0.680710 2.000000 0.676562 0.787140 2.000000 0.621875 0.784922 2.000000 0.668750 0.884701 2.000000 0.620313 0.871397 2.000000
0 0.596211 0.346075 0.061766 0.206741 0.587500 0.266075 2.000000 0.592187 0.261641 2.000000 0.584375 0.261641 2.000000 0.600000 0.261641 2.000000 0.000000 0.000000 0.000000 0.609375 0.294900 2.000000 0.579688 0.292683 2.000000 0.623437 0.312639 2.000000 0.568750 0.319290 2.000000 0.623437 0.363636 1.000000 0.571875 0.356984 2.000000 0.600000 0.374723 2.000000 0.584375 0.374723 2.000000 0.000000 0.000000 0.000000 0.585938 0.427938 2.000000 0.000000 0.000000 0.000000 0.000000 0.000000 0.000000
0 0.405156 0.538248 0.094594 0.458625 0.393750 0.356984 2.000000 0.398438 0.352550 2.000000 0.385937 0.352550 2.000000 0.407813 0.350333 2.000000 0.378125 0.354767 2.000000 0.420312 0.401330 2.000000 0.365625 0.407982 2.000000 0.431250 0.467849 2.000000 0.357812 0.481153 1.000000 0.403125 0.509978 1.000000 0.409375 0.474501 2.000000 0.415625 0.527716 2.000000 0.376563 0.532151 1.000000 0.428125 0.625277 2.000000 0.381250 0.631929 1.000000 0.439063 0.729490 2.000000 0.381250 0.725055 2.000000
0 0.338969 0.348404 0.077781 0.195078 0.343750 0.279379 2.000000 0.348438 0.274945 2.000000 0.340625 0.274945 2.000000 0.000000 0.000000 0.000000 0.331250 0.274945 2.000000 0.357812 0.310421 2.000000 0.318750 0.310421 2.000000 0.371875 0.354767 2.000000 0.304688 0.348115 1.000000 0.370312 0.383592 2.000000 0.000000 0.000000 0.000000 0.354687 0.399113 2.000000 0.329688 0.401330 1.000000 0.000000 0.000000 0.000000 0.000000 0.000000 0.000000 0.000000 0.000000 0.000000 0.000000 0.000000 0.000000
0 0.168523 0.612738 0.130734 0.535499 0.154688 0.390244 2.000000 0.160938 0.381375 2.000000 0.145313 0.381375 2.000000 0.171875 0.383592 2.000000 0.134375 0.379157 2.000000 0.184375 0.427938 2.000000 0.126562 0.443459 2.000000 0.225000 0.481153 2.000000 0.120313 0.541020 2.000000 0.214062 0.532151 2.000000 0.118750 0.614191 2.000000 0.189062 0.596452 2.000000 0.146875 0.605322 2.000000 0.192188 0.689579 2.000000 0.139063 0.716186 2.000000 0.185938 0.793792 2.000000 0.142187 0.820399 2.000000
0 0.534266 0.535155 0.093406 0.467916 0.532813 0.348115 2.000000 0.539062 0.339246 2.000000 0.526563 0.339246 2.000000 0.000000 0.000000 0.000000 0.514062 0.337029 2.000000 0.557813 0.390244 2.000000 0.495312 0.390244 2.000000 0.560937 0.456763 2.000000 0.000000 0.000000 0.000000 0.521875 0.498891 1.000000 0.517188 0.503326 1.000000 0.551562 0.527716 1.000000 0.509375 0.525499 1.000000 0.557813 0.634146 2.000000 0.514062 0.614191 1.000000 0.568750 0.722838 2.000000 0.514062 0.709534 1.000000
0 0.319008 0.608304 0.131578 0.493459 0.331250 0.407982 2.000000 0.339062 0.399113 2.000000 0.325000 0.399113 2.000000 0.346875 0.401330 2.000000 0.315625 0.399113 2.000000 0.356250 0.463415 2.000000 0.304688 0.461197 2.000000 0.370312 0.532151 1.000000 0.260937 0.529933 2.000000 0.373437 0.543237 1.000000 0.287500 0.585366 2.000000 0.356250 0.583149 2.000000 0.326562 0.589800 2.000000 0.356250 0.700665 2.000000 0.315625 0.725055 2.000000 0.343750 0.787140 2.000000 0.312500 0.798226 2.000000
0 0.268125 0.518958 0.115562 0.499956 0.284375 0.314856 2.000000 0.289062 0.308204 2.000000 0.278125 0.308204 2.000000 0.300000 0.308204 2.000000 0.268750 0.310421 2.000000 0.314063 0.374723 2.000000 0.262500 0.370288 2.000000 0.000000 0.000000 0.000000 0.248438 0.443459 2.000000 0.000000 0.000000 0.000000 0.257812 0.476718 2.000000 0.301563 0.514412 1.000000 0.267188 0.514412 1.000000 0.304688 0.620843 2.000000 0.248438 0.627494 2.000000 0.306250 0.716186 2.000000 0.245312 0.731707 2.000000
0 0.500891 0.612184 0.130594 0.524856 0.465625 0.405765 2.000000 0.473438 0.392461 2.000000 0.459375 0.394678 2.000000 0.487500 0.390244 2.000000 0.000000 0.000000 0.000000 0.501563 0.452328 2.000000 0.450000 0.450111 2.000000 0.550000 0.505543 2.000000 0.439063 0.487805 2.000000 0.517188 0.556541 2.000000 0.442188 0.538803 2.000000 0.493750 0.598670 2.000000 0.456250 0.596452 1.000000 0.506250 0.727273 2.000000 0.476562 0.711752 2.000000 0.517188 0.820399 2.000000 0.484375 0.809313 2.000000
