0 0.591452 0.480984 0.530539 0.649906 0.524590 0.237500 2.000000 0.538642 0.225000 2.000000 0.487119 0.220312 2.000000 0.000000 0.000000 0.000000 0.421546 0.239063 2.000000 0.608899 0.346875 2.000000 0.358314 0.357812 2.000000 0.714286 0.421875 2.000000 0.449649 0.425000 2.000000 0.697892 0.450000 2.000000 0.482436 0.292187 2.000000 0.629977 0.590625 1.000000 0.512881 0.592187 2.000000 0.796253 0.425000 2.000000 0.393443 0.460938 2.000000 0.768150 0.607812 1.000000 0.475410 0.710938 2.000000
0 0.826897 0.421750 0.346206 0.383219 0.772834 0.276562 2.000000 0.782201 0.268750 2.000000 0.754098 0.268750 2.000000 0.000000 0.000000 0.000000 0.716628 0.290625 2.000000 0.831382 0.364063 2.000000 0.690867 0.364063 2.000000 0.000000 0.000000 0.000000 0.000000 0.000000 0.000000 0.000000 0.000000 0.000000 0.000000 0.000000 0.000000 0.000000 0.000000 0.000000 0.000000 0.000000 0.000000 0.896956 0.450000 2.000000 0.786885 0.465625 1.000000 0.000000 0.000000 0.000000 0.932084 0.571875 2.000000
0 0.344766 0.352492 0.175527 0.224422 0.412178 0.312500 1.000000 0.421546 0.301563 1.000000 0.393443 0.303125 2.000000 0.000000 0.000000 0.000000 0.339578 0.298438 2.000000 0.000000 0.000000 0.000000 0.000000 0.000000 0.000000 0.000000 0.000000 0.000000 0.000000 0.000000 0.000000 0.000000 0.000000 0.000000 0.000000 0.000000 0.000000 0.000000 0.000000 0.000000 0.292740 0.353125 2.000000 0.000000 0.000000 0.000000 0.000000 0.000000 0.000000 0.000000 0.000000 0.000000 0.000000 0.000000 0.000000
0 0.186932 0.423594 0.319953 0.330344 0.168618 0.309375 2.000000 0.175644 0.298438 2.000000 0.145199 0.300000 2.000000 0.000000 0.000000 0.000000 0.100703 0.315625 2.000000 0.222482 0.359375 2.000000 0.074941 0.371875 2.000000 0.283372 0.423438 2.000000 0.163934 0.426563 2.000000 0.344262 0.489063 1.000000 0.292740 0.464062 2.000000 0.206089 0.501563 2.000000 0.088993 0.507812 2.000000 0.344262 0.410938 1.000000 0.058548 0.435937 2.000000 0.000000 0.000000 0.000000 0.231850 0.568750 2.000000
0 0.612026 0.280695 0.160820 0.123422 0.681499 0.281250 2.000000 0.000000 0.000000 0.000000 0.669789 0.267188 2.000000 0.000000 0.000000 0.000000 0.622951 0.267188 2.000000 0.662763 0.307812 2.000000 0.555035 0.310937 2.000000 0.000000 0.000000 0.000000 0.000000 0.000000 0.000000 0.000000 0.000000 0.000000 0.000000 0.000000 0.000000 0.000000 0.000000 0.000000 0.000000 0.000000 0.000000 0.000000 0.000000 0.000000 0.000000 0.000000 0.000000 0.000000 0.000000 0.000000 0.000000 0.000000 0.000000
0 0.884016 0.271914 0.082974 0.143422 0.875878 0.220312 2.000000 0.882904 0.214062 2.000000 0.871194 0.215625 2.000000 0.896956 0.215625 2.000000 0.000000 0.000000 0.000000 0.913349 0.237500 2.000000 0.887588 0.240625 2.000000 0.000000 0.000000 0.000000 0.882904 0.273438 2.000000 0.000000 0.000000 0.000000 0.854801 0.296875 1.000000 0.899297 0.300000 1.000000 0.875878 0.296875 2.000000 0.000000 0.000000 0.000000 0.000000 0.000000 0.000000 0.000000 0.000000 0.000000 0.000000 0.000000 0.000000
0 0.735972 0.169508 0.181452 0.183859 0.730679 0.115625 2.000000 0.735363 0.107813 2.000000 0.718970 0.109375 2.000000 0.000000 0.000000 0.000000 0.702576 0.114062 2.000000 0.770492 0.150000 2.000000 0.681499 0.150000 2.000000 0.791569 0.209375 2.000000 0.681499 0.220312 2.000000 0.805621 0.245312 1.000000 0.709602 0.262500 1.000000 0.000000 0.000000 0.000000 0.000000 0.000000 0.000000 0.000000 0.000000 0.000000 0.000000 0.000000 0.000000 0.000000 0.000000 0.000000 0.000000 0.000000 0.000000
0 0.956909 0.243750 0.086183 0.207375 0.927400 0.296875 2.000000 0.932084 0.287500 2.000000 0.000000 0.000000 0.000000 0.978923 0.287500 2.000000 0.000000 0.000000 0.000000 0.000000 0.000000 0.000000 0.000000 0.000000 0.000000 0.000000 0.000000 0.000000 0.000000 0.000000 0.000000 0.000000 0.000000 0.000000 0.000000 0.000000 0.000000 0.000000 0.000000 0.000000 0.000000 0.000000 0.000000 0.000000 0.000000 0.000000 0.000000 0.000000 0.000000 0.000000 0.000000 0.000000 0.000000 0.000000 0.000000
0 0.584625 0.203133 0.171311 0.197109 0.524590 0.156250 2.000000 0.536300 0.146875 2.000000 0.517564 0.150000 2.000000 0.566745 0.140625 2.000000 0.000000 0.000000 0.000000 0.627635 0.171875 2.000000 0.522248 0.182812 1.000000 0.662763 0.226562 1.000000 0.000000 0.000000 0.000000 0.000000 0.000000 0.000000 0.000000 0.000000 0.000000 0.615925 0.289062 1.000000 0.562061 0.290625 1.000000 0.000000 0.000000 0.000000 0.000000 0.000000 0.000000 0.000000 0.000000 0.000000 0.000000 0.000000 0.000000
0 0.945340 0.383680 0.109321 0.191984 0.932084 0.300000 1.000000 0.941452 0.284375 1.000000 0.000000 0.000000 0.000000 0.978923 0.279687 1.000000 0.000000 0.000000 0.000000 0.000000 0.000000 0.000000 0.000000 0.000000 0.000000 0.000000 0.000000 0.000000 0.000000 0.000000 0.000000 0.000000 0.000000 0.000000 0.000000 0.000000 0.000000 0.000000 0.000000 0.000000 0.000000 0.000000 0.000000 0.000000 0.000000 0.000000 0.000000 0.000000 0.000000 0.000000 0.000000 0.000000 0.000000 0.000000 0.000000
0 0.054614 0.237508 0.105714 0.088359 0.000000 0.000000 0.000000 0.000000 0.000000 0.000000 0.000000 0.000000 0.000000 0.000000 0.000000 0.000000 0.000000 0.000000 0.000000 0.063232 0.254688 1.000000 0.035129 0.264062 2.000000 0.000000 0.000000 0.000000 0.000000 0.000000 0.000000 0.000000 0.000000 0.000000 0.000000 0.000000 0.000000 0.000000 0.000000 0.000000 0.000000 0.000000 0.000000 0.000000 0.000000 0.000000 0.000000 0.000000 0.000000 0.000000 0.000000 0.000000 0.000000 0.000000 0.000000
