0 0.846125 0.756176 0.271594 0.487647 0.885938 0.642353 2.000000 0.000000 0.000000 0.000000 0.871875 0.632941 2.000000 0.000000 0.000000 0.000000 0.823438 0.672941 2.000000 0.745313 0.762353 2.000000 0.862500 0.835294 2.000000 0.820312 0.887059 2.000000 0.000000 0.000000 0.000000 0.910937 0.894118 2.000000 0.982812 0.941176 1.000000 0.000000 0.000000 0.000000 0.000000 0.000000 0.000000 0.000000 0.000000 0.000000 0.000000 0.000000 0.000000 0.000000 0.000000 0.000000 0.000000 0.000000 0.000000
0 0.065656 0.550565 0.125344 0.862918 0.000000 0.000000 0.000000 0.000000 0.000000 0.000000 0.000000 0.000000 0.000000 0.000000 0.000000 0.000000 0.000000 0.000000 0.000000 0.000000 0.000000 0.000000 0.000000 0.000000 0.000000 0.000000 0.000000 0.000000 0.040625 0.501176 2.000000 0.000000 0.000000 0.000000 0.095312 0.482353 2.000000 0.000000 0.000000 0.000000 0.000000 0.000000 0.000000 0.000000 0.000000 0.000000 0.000000 0.000000 0.000000 0.000000 0.000000 0.000000 0.000000 0.000000 0.000000
0 0.413055 0.468318 0.068734 0.134094 0.398438 0.447059 2.000000 0.403125 0.440000 2.000000 0.395313 0.440000 2.000000 0.423438 0.456471 2.000000 0.000000 0.000000 0.000000 0.450000 0.508235 1.000000 0.379688 0.496471 1.000000 0.000000 0.000000 0.000000 0.000000 0.000000 0.000000 0.404687 0.552941 1.000000 0.365625 0.505882 1.000000 0.000000 0.000000 0.000000 0.000000 0.000000 0.000000 0.000000 0.000000 0.000000 0.000000 0.000000 0.000000 0.000000 0.000000 0.000000 0.000000 0.000000 0.000000
0 0.572289 0.574153 0.285016 0.779788 0.523438 0.277647 2.000000 0.539062 0.261176 2.000000 0.517188 0.265882 2.000000 0.585938 0.270588 2.000000 0.000000 0.000000 0.000000 0.646875 0.374118 2.000000 0.496875 0.407059 2.000000 0.668750 0.472941 2.000000 0.457813 0.531765 1.000000 0.576562 0.402353 2.000000 0.435937 0.548235 1.000000 0.637500 0.752941 2.000000 0.528125 0.760000 2.000000 0.000000 0.000000 0.000000 0.000000 0.000000 0.000000 0.000000 0.000000 0.000000 0.000000 0.000000 0.000000
0 0.766289 0.405624 0.076109 0.298871 0.760938 0.303529 2.000000 0.767188 0.294118 2.000000 0.756250 0.294118 2.000000 0.778125 0.301176 2.000000 0.000000 0.000000 0.000000 0.790625 0.350588 2.000000 0.745313 0.355294 2.000000 0.796875 0.428235 2.000000 0.742188 0.411765 2.000000 0.795312 0.482353 2.000000 0.734375 0.470588 2.000000 0.776563 0.491765 2.000000 0.751563 0.489412 2.000000 0.000000 0.000000 0.000000 0.000000 0.000000 0.000000 0.000000 0.000000 0.000000 0.000000 0.000000 0.000000
0 0.905813 0.548882 0.140281 0.512353 0.907813 0.334118 2.000000 0.915625 0.324706 2.000000 0.900000 0.324706 2.000000 0.928125 0.329412 2.000000 0.000000 0.000000 0.000000 0.935937 0.381176 2.000000 0.882812 0.385882 2.000000 0.946875 0.430588 2.000000 0.845313 0.430588 2.000000 0.907813 0.385882 2.000000 0.868750 0.364706 2.000000 0.929688 0.480000 2.000000 0.895312 0.484706 2.000000 0.945312 0.644706 1.000000 0.893750 0.651765 2.000000 0.000000 0.000000 0.000000 0.903125 0.774118 2.000000
0 0.700102 0.457435 0.065141 0.189224 0.703125 0.402353 2.000000 0.706250 0.395294 2.000000 0.695312 0.395294 2.000000 0.000000 0.000000 0.000000 0.000000 0.000000 0.000000 0.000000 0.000000 0.000000 0.696875 0.463529 1.000000 0.000000 0.000000 0.000000 0.723437 0.531765 2.000000 0.000000 0.000000 0.000000 0.000000 0.000000 0.000000 0.000000 0.000000 0.000000 0.000000 0.000000 0.000000 0.000000 0.000000 0.000000 0.000000 0.000000 0.000000 0.000000 0.000000 0.000000 0.000000 0.000000 0.000000
0 0.316016 0.578235 0.297656 0.843529 0.351562 0.280000 2.000000 0.000000 0.000000 0.000000 0.342187 0.242353 2.000000 0.000000 0.000000 0.000000 0.298438 0.265882 2.000000 0.217188 0.376471 2.000000 0.290625 0.400000 2.000000 0.000000 0.000000 0.000000 0.373437 0.590588 2.000000 0.000000 0.000000 0.000000 0.439063 0.545882 2.000000 0.201563 0.757647 2.000000 0.257812 0.781176 2.000000 0.000000 0.000000 0.000000 0.000000 0.000000 0.000000 0.000000 0.000000 0.000000 0.000000 0.000000 0.000000
0 0.154055 0.573871 0.079016 0.351176 0.178125 0.472941 2.000000 0.000000 0.000000 0.000000 0.173437 0.465882 2.000000 0.000000 0.000000 0.000000 0.154688 0.458824 2.000000 0.000000 0.000000 0.000000 0.157812 0.512941 2.000000 0.000000 0.000000 0.000000 0.196875 0.592941 1.000000 0.000000 0.000000 0.000000 0.000000 0.000000 0.000000 0.000000 0.000000 0.000000 0.160938 0.715294 2.000000 0.000000 0.000000 0.000000 0.000000 0.000000 0.000000 0.000000 0.000000 0.000000 0.000000 0.000000 0.000000
0 0.856648 0.410694 0.066859 0.269482 0.873437 0.312941 2.000000 0.878125 0.305882 2.000000 0.867188 0.305882 2.000000 0.000000 0.000000 0.000000 0.857812 0.315294 2.000000 0.896875 0.360000 1.000000 0.846875 0.357647 2.000000 0.000000 0.000000 0.000000 0.825000 0.416471 2.000000 0.000000 0.000000 0.000000 0.856250 0.414118 1.000000 0.889062 0.494118 1.000000 0.850000 0.491765 2.000000 0.000000 0.000000 0.000000 0.846875 0.597647 1.000000 0.000000 0.000000 0.000000 0.000000 0.000000 0.000000
0 0.980156 0.485706 0.039688 0.302659 0.000000 0.000000 0.000000 0.000000 0.000000 0.000000 0.000000 0.000000 0.000000 0.000000 0.000000 0.000000 0.000000 0.000000 0.000000 0.000000 0.000000 0.000000 0.000000 0.000000 0.000000 0.000000 0.000000 0.000000 0.000000 0.000000 0.000000 0.000000 0.000000 0.000000 0.000000 0.000000 0.000000 0.000000 0.000000 0.000000 0.984375 0.461176 2.000000 0.000000 0.000000 0.000000 0.982812 0.574118 2.000000 0.000000 0.000000 0.000000 0.951562 0.675294 1.000000
