0 0.689625 0.511344 0.166437 0.441038 0.673438 0.339623 2.000000 0.679688 0.330189 2.000000 0.671875 0.332547 2.000000 0.698438 0.327830 2.000000 0.000000 0.000000 0.000000 0.715625 0.372642 2.000000 0.671875 0.377358 2.000000 0.759375 0.422170 2.000000 0.653125 0.457547 2.000000 0.743750 0.483491 2.000000 0.628125 0.459906 2.000000 0.710938 0.516509 2.000000 0.682813 0.518868 2.000000 0.678125 0.601415 2.000000 0.685937 0.622642 2.000000 0.734375 0.662736 2.000000 0.732812 0.695755 2.000000
0 0.568711 0.513750 0.076922 0.250236 0.560937 0.426887 2.000000 0.565625 0.419811 2.000000 0.557813 0.419811 2.000000 0.000000 0.000000 0.000000 0.000000 0.000000 0.000000 0.582812 0.459906 2.000000 0.537500 0.459906 2.000000 0.582812 0.507075 2.000000 0.539062 0.507075 2.000000 0.573438 0.533019 2.000000 0.556250 0.530660 2.000000 0.568750 0.516509 2.000000 0.546875 0.521226 2.000000 0.596875 0.547170 2.000000 0.548438 0.544811 2.000000 0.587500 0.603774 2.000000 0.559375 0.610849 2.000000
0 0.104961 0.510118 0.147391 0.532594 0.000000 0.000000 0.000000 0.000000 0.000000 0.000000 0.000000 0.000000 0.000000 0.100000 0.304245 2.000000 0.132812 0.299528 2.000000 0.106250 0.341981 2.000000 0.148438 0.341981 1.000000 0.103125 0.412736 2.000000 0.000000 0.000000 0.000000 0.073438 0.466981 2.000000 0.000000 0.000000 0.000000 0.143750 0.516509 2.000000 0.175000 0.511792 2.000000 0.081250 0.615566 2.000000 0.000000 0.000000 0.000000 0.067187 0.759434 2.000000 0.000000 0.000000 0.000000
0 0.227039 0.579776 0.200984 0.728090 0.000000 0.000000 0.000000 0.000000 0.000000 0.000000 0.000000 0.000000 0.000000 0.175000 0.287736 2.000000 0.217188 0.287736 2.000000 0.185938 0.367925 2.000000 0.225000 0.339623 2.000000 0.223438 0.471698 2.000000 0.209375 0.448113 2.000000 0.184375 0.525943 2.000000 0.162500 0.448113 1.000000 0.215625 0.542453 2.000000 0.239063 0.516509 2.000000 0.140625 0.698113 2.000000 0.243750 0.709906 2.000000 0.198437 0.858491 2.000000 0.301563 0.863208 2.000000
0 0.413289 0.517936 0.087234 0.244882 0.403125 0.431604 2.000000 0.406250 0.426887 2.000000 0.400000 0.424528 2.000000 0.000000 0.000000 0.000000 0.392188 0.424528 2.000000 0.415625 0.455189 2.000000 0.382812 0.452830 2.000000 0.423438 0.488208 2.000000 0.378125 0.492925 2.000000 0.409375 0.530660 2.000000 0.403125 0.528302 2.000000 0.412500 0.528302 2.000000 0.389062 0.528302 2.000000 0.440625 0.542453 2.000000 0.401562 0.544811 2.000000 0.439063 0.620283 2.000000 0.395313 0.620283 1.000000
0 0.046891 0.217653 0.050281 0.134646 0.043750 0.181604 2.000000 0.048438 0.176887 2.000000 0.039062 0.179245 2.000000 0.051562 0.176887 2.000000 0.034375 0.179245 2.000000 0.060937 0.207547 2.000000 0.029687 0.207547 2.000000 0.064062 0.247642 1.000000 0.023438 0.240566 1.000000 0.054688 0.273585 1.000000 0.039062 0.268868 2.000000 0.000000 0.000000 0.000000 0.000000 0.000000 0.000000 0.000000 0.000000 0.000000 0.000000 0.000000 0.000000 0.000000 0.000000 0.000000 0.000000 0.000000 0.000000
0 0.782297 0.167925 0.058219 0.192075 0.785937 0.110849 2.000000 0.789062 0.106132 2.000000 0.782813 0.103774 2.000000 0.000000 0.000000 0.000000 0.778125 0.106132 2.000000 0.801562 0.127358 2.000000 0.770312 0.127358 2.000000 0.803125 0.155660 2.000000 0.787500 0.158019 2.000000 0.000000 0.000000 0.000000 0.793750 0.125000 2.000000 0.798438 0.191038 2.000000 0.771875 0.193396 2.000000 0.790625 0.174528 2.000000 0.765625 0.198113 2.000000 0.792188 0.240566 2.000000 0.768750 0.266509 1.000000
0 0.049867 0.517653 0.085328 0.240920 0.057813 0.429245 2.000000 0.059375 0.422170 2.000000 0.054688 0.422170 2.000000 0.067187 0.422170 2.000000 0.045312 0.424528 2.000000 0.067187 0.457547 2.000000 0.040625 0.457547 2.000000 0.071875 0.495283 2.000000 0.040625 0.507075 2.000000 0.078125 0.523585 2.000000 0.070312 0.530660 2.000000 0.054688 0.521226 2.000000 0.031250 0.523585 2.000000 0.085938 0.535377 2.000000 0.062500 0.537736 2.000000 0.000000 0.000000 0.000000 0.062500 0.599057 2.000000
0 0.350516 0.530425 0.170437 0.456368 0.000000 0.000000 0.000000 0.000000 0.000000 0.000000 0.000000 0.000000 0.000000 0.290625 0.349057 2.000000 0.314063 0.346698 2.000000 0.284375 0.396226 2.000000 0.329688 0.396226 2.000000 0.289062 0.459906 2.000000 0.365625 0.455189 2.000000 0.273438 0.542453 2.000000 0.359375 0.516509 2.000000 0.317188 0.537736 2.000000 0.325000 0.537736 2.000000 0.334375 0.646226 2.000000 0.293750 0.622642 2.000000 0.403125 0.608491 2.000000 0.298438 0.740566 2.000000
0 0.895602 0.522217 0.080141 0.219764 0.896875 0.452830 2.000000 0.901563 0.445755 2.000000 0.893750 0.443396 2.000000 0.909375 0.445755 2.000000 0.887500 0.438679 2.000000 0.914062 0.466981 2.000000 0.879687 0.464623 2.000000 0.920312 0.507075 2.000000 0.875000 0.511792 2.000000 0.917188 0.525943 2.000000 0.900000 0.525943 2.000000 0.898438 0.528302 2.000000 0.868750 0.525943 2.000000 0.923438 0.537736 2.000000 0.881250 0.537736 2.000000 0.926562 0.617925 2.000000 0.882812 0.620283 2.000000
0 0.638203 0.518809 0.076687 0.241156 0.000000 0.000000 0.000000 0.000000 0.000000 0.000000 0.645312 0.422170 2.000000 0.000000 0.000000 0.000000 0.000000 0.000000 0.000000 0.656250 0.448113 1.000000 0.625000 0.445755 1.000000 0.000000 0.000000 0.000000 0.610938 0.495283 2.000000 0.000000 0.000000 0.000000 0.615625 0.528302 2.000000 0.645312 0.511792 2.000000 0.629687 0.516509 2.000000 0.667188 0.535377 2.000000 0.634375 0.537736 2.000000 0.665625 0.610849 2.000000 0.639062 0.610849 2.000000
