0 0.176523 0.625000 0.353047 0.745500 0.082812 0.381250 2.000000 0.098437 0.354167 2.000000 0.059375 0.352083 2.000000 0.115625 0.354167 2.000000 0.014063 0.360417 2.000000 0.109375 0.470833 2.000000 0.026562 0.491667 2.000000 0.164062 0.631250 2.000000 0.037500 0.668750 2.000000 0.151562 0.518750 2.000000 0.178125 0.727083 2.000000 0.160938 0.689583 2.000000 0.089063 0.733333 2.000000 0.326562 0.822917 2.000000 0.273438 0.839583 2.000000 0.000000 0.000000 0.000000 0.000000 0.000000 0.000000
0 0.228703 0.413677 0.215250 0.508979 0.198437 0.285417 2.000000 0.209375 0.256250 2.000000 0.176563 0.262500 2.000000 0.000000 0.000000 0.000000 0.140625 0.275000 2.000000 0.248438 0.345833 2.000000 0.146875 0.375000 2.000000 0.312500 0.481250 2.000000 0.189062 0.545833 2.000000 0.301563 0.389583 2.000000 0.190625 0.414583 2.000000 0.284375 0.606250 1.000000 0.232813 0.656250 2.000000 0.000000 0.000000 0.000000 0.000000 0.000000 0.000000 0.000000 0.000000 0.000000 0.000000 0.000000 0.000000
0 0.872242 0.441417 0.255516 0.672958 0.846875 0.227083 2.000000 0.862500 0.208333 2.000000 0.832812 0.212500 2.000000 0.904687 0.218750 2.000000 0.814063 0.233333 2.000000 0.951562 0.341667 2.000000 0.859375 0.341667 2.000000 0.976562 0.539583 2.000000 0.846875 0.497917 2.000000 0.926562 0.414583 2.000000 0.806250 0.470833 2.000000 0.909375 0.650000 2.000000 0.845313 0.602083 2.000000 0.798438 0.747917 1.000000 0.000000 0.000000 0.000000 0.000000 0.000000 0.000000 0.000000 0.000000 0.000000
0 0.687727 0.243302 0.081109 0.202187 0.687500 0.227083 2.000000 0.690625 0.204167 2.000000 0.671875 0.218750 2.000000 0.715625 0.193750 2.000000 0.665625 0.227083 2.000000 0.000000 0.000000 0.000000 0.698438 0.287500 2.000000 0.000000 0.000000 0.000000 0.676562 0.329167 1.000000 0.000000 0.000000 0.000000 0.681250 0.289583 2.000000 0.000000 0.000000 0.000000 0.000000 0.000000 0.000000 0.000000 0.000000 0.000000 0.000000 0.000000 0.000000 0.000000 0.000000 0.000000 0.000000 0.000000 0.000000
0 0.491430 0.077167 0.067641 0.112458 0.000000 0.000000 0.000000 0.000000 0.000000 0.000000 0.000000 0.000000 0.000000 0.479687 0.043750 2.000000 0.498437 0.039583 2.000000 0.468750 0.072917 2.000000 0.512500 0.070833 2.000000 0.465625 0.114583 2.000000 0.520312 0.110417 2.000000 0.000000 0.000000 0.000000 0.504687 0.122917 2.000000 0.478125 0.150000 1.000000 0.504687 0.150000 1.000000 0.000000 0.000000 0.000000 0.000000 0.000000 0.000000 0.000000 0.000000 0.000000 0.000000 0.000000 0.000000
0 0.180648 0.135531 0.092328 0.093063 0.000000 0.000000 0.000000 0.162500 0.118750 2.000000 0.000000 0.000000 0.000000 0.167187 0.116667 2.000000 0.000000 0.000000 0.000000 0.176563 0.135417 2.000000 0.196875 0.129167 2.000000 0.154688 0.175000 1.000000 0.000000 0.000000 0.000000 0.000000 0.000000 0.000000 0.154688 0.150000 2.000000 0.000000 0.000000 0.000000 0.000000 0.000000 0.000000 0.000000 0.000000 0.000000 0.000000 0.000000 0.000000 0.000000 0.000000 0.000000 0.000000 0.000000 0.000000
0 0.351805 0.352781 0.183328 0.397479 0.329688 0.239583 2.000000 0.340625 0.222917 2.000000 0.317188 0.220833 2.000000 0.351562 0.227083 2.000000 0.285938 0.227083 2.000000 0.329688 0.316667 2.000000 0.282813 0.329167 2.000000 0.362500 0.435417 2.000000 0.329688 0.445833 1.000000 0.401562 0.395833 2.000000 0.378125 0.389583 2.000000 0.000000 0.000000 0.000000 0.343750 0.527083 1.000000 0.000000 0.000000 0.000000 0.000000 0.000000 0.000000 0.000000 0.000000 0.000000 0.000000 0.000000 0.000000
0 0.770820 0.315396 0.125172 0.283708 0.740625 0.268750 2.000000 0.754687 0.241667 2.000000 0.725000 0.258333 2.000000 0.776563 0.233333 2.000000 0.000000 0.000000 0.000000 0.804688 0.322917 2.000000 0.754687 0.314583 2.000000 0.798438 0.441667 2.000000 0.000000 0.000000 0.000000 0.753125 0.360417 2.000000 0.745313 0.387500 2.000000 0.000000 0.000000 0.000000 0.000000 0.000000 0.000000 0.000000 0.000000 0.000000 0.000000 0.000000 0.000000 0.000000 0.000000 0.000000 0.000000 0.000000 0.000000
0 0.080164 0.121427 0.055922 0.106062 0.090625 0.102083 2.000000 0.092188 0.093750 2.000000 0.084375 0.095833 2.000000 0.000000 0.000000 0.000000 0.071875 0.095833 2.000000 0.096875 0.118750 2.000000 0.068750 0.122917 2.000000 0.000000 0.000000 0.000000 0.057813 0.170833 2.000000 0.000000 0.000000 0.000000 0.078125 0.185417 1.000000 0.000000 0.000000 0.000000 0.000000 0.000000 0.000000 0.000000 0.000000 0.000000 0.000000 0.000000 0.000000 0.000000 0.000000 0.000000 0.000000 0.000000 0.000000
0 0.390617 0.242760 0.138953 0.263271 0.417187 0.200000 2.000000 0.423438 0.179167 2.000000 0.401562 0.179167 2.000000 0.439063 0.181250 2.000000 0.378125 0.185417 2.000000 0.443750 0.250000 2.000000 0.356250 0.268750 2.000000 0.000000 0.000000 0.000000 0.348438 0.385417 1.000000 0.000000 0.000000 0.000000 0.403125 0.370833 1.000000 0.000000 0.000000 0.000000 0.000000 0.000000 0.000000 0.000000 0.000000 0.000000 0.000000 0.000000 0.000000 0.000000 0.000000 0.000000 0.000000 0.000000 0.000000
