0 0.580977 0.511241 0.319359 0.973021 0.595313 0.170960 2.000000 0.615625 0.147541 2.000000 0.579688 0.145199 2.000000 0.646875 0.154567 2.000000 0.548438 0.147541 2.000000 0.670312 0.252927 2.000000 0.504687 0.278689 2.000000 0.656250 0.456674 2.000000 0.498437 0.489461 2.000000 0.545312 0.550351 2.000000 0.500000 0.571429 2.000000 0.662500 0.693208 2.000000 0.551562 0.709602 2.000000 0.675000 0.969555 2.000000 0.443750 0.981265 2.000000 0.000000 0.000000 0.000000 0.000000 0.000000 0.000000
0 0.285484 0.191206 0.062813 0.129297 0.279687 0.210773 2.000000 0.295312 0.196721 2.000000 0.268750 0.192037 2.000000 0.306250 0.201405 2.000000 0.257812 0.201405 2.000000 0.000000 0.000000 0.000000 0.000000 0.000000 0.000000 0.000000 0.000000 0.000000 0.000000 0.000000 0.000000 0.000000 0.000000 0.000000 0.000000 0.000000 0.000000 0.000000 0.000000 0.000000 0.000000 0.000000 0.000000 0.000000 0.000000 0.000000 0.000000 0.000000 0.000000 0.000000 0.000000 0.000000 0.000000 0.000000 0.000000
0 0.880625 0.183431 0.084094 0.142881 0.857812 0.187354 2.000000 0.870313 0.175644 2.000000 0.851562 0.175644 2.000000 0.895312 0.182670 2.000000 0.000000 0.000000 0.000000 0.914062 0.269321 1.000000 0.840625 0.255269 1.000000 0.000000 0.000000 0.000000 0.000000 0.000000 0.000000 0.000000 0.000000 0.000000 0.000000 0.000000 0.000000 0.000000 0.000000 0.000000 0.000000 0.000000 0.000000 0.000000 0.000000 0.000000 0.000000 0.000000 0.000000 0.000000 0.000000 0.000000 0.000000 0.000000 0.000000
0 0.797625 0.125328 0.090938 0.248361 0.775000 0.072600 2.000000 0.787500 0.058548 2.000000 0.768750 0.060890 2.000000 0.804688 0.072600 2.000000 0.756250 0.067916 2.000000 0.826562 0.152225 2.000000 0.742188 0.138173 1.000000 0.823438 0.259953 1.000000 0.000000 0.000000 0.000000 0.000000 0.000000 0.000000 0.000000 0.000000 0.000000 0.000000 0.000000 0.000000 0.000000 0.000000 0.000000 0.000000 0.000000 0.000000 0.000000 0.000000 0.000000 0.000000 0.000000 0.000000 0.000000 0.000000 0.000000
0 0.678641 0.127775 0.067562 0.116206 0.668750 0.133489 2.000000 0.676562 0.124122 2.000000 0.664062 0.119438 2.000000 0.000000 0.000000 0.000000 0.000000 0.000000 0.000000 0.000000 0.000000 0.000000 0.000000 0.000000 0.000000 0.000000 0.000000 0.000000 0.000000 0.000000 0.000000 0.000000 0.000000 0.000000 0.000000 0.000000 0.000000 0.000000 0.000000 0.000000 0.000000 0.000000 0.000000 0.000000 0.000000 0.000000 0.000000 0.000000 0.000000 0.000000 0.000000 0.000000 0.000000 0.000000 0.000000
0 0.354477 0.188841 0.116391 0.142037 0.332813 0.182670 2.000000 0.345313 0.170960 2.000000 0.326562 0.168618 2.000000 0.370312 0.180328 2.000000 0.000000 0.000000 0.000000 0.389062 0.243560 2.000000 0.310937 0.250585 2.000000 0.000000 0.000000 0.000000 0.000000 0.000000 0.000000 0.000000 0.000000 0.000000 0.000000 0.000000 0.000000 0.000000 0.000000 0.000000 0.000000 0.000000 0.000000 0.000000 0.000000 0.000000 0.000000 0.000000 0.000000 0.000000 0.000000 0.000000 0.000000 0.000000 0.000000
0 0.474523 0.191019 0.100453 0.148314 0.453125 0.189696 2.000000 0.464062 0.175644 2.000000 0.445312 0.175644 2.000000 0.485938 0.187354 2.000000 0.000000 0.000000 0.000000 0.517188 0.264637 1.000000 0.431250 0.266979 1.000000 0.000000 0.000000 0.000000 0.000000 0.000000 0.000000 0.000000 0.000000 0.000000 0.000000 0.000000 0.000000 0.000000 0.000000 0.000000 0.000000 0.000000 0.000000 0.000000 0.000000 0.000000 0.000000 0.000000 0.000000 0.000000 0.000000 0.000000 0.000000 0.000000 0.000000
0 0.099781 0.143372 0.122531 0.241593 0.096875 0.086651 2.000000 0.106250 0.074941 2.000000 0.089063 0.072600 2.000000 0.123438 0.084309 2.000000 0.000000 0.000000 0.000000 0.140625 0.159251 2.000000 0.081250 0.147541 2.000000 0.125000 0.255269 2.000000 0.000000 0.000000 0.000000 0.000000 0.000000 0.000000 0.000000 0.000000 0.000000 0.079687 0.302108 1.000000 0.045312 0.299766 1.000000 0.000000 0.000000 0.000000 0.000000 0.000000 0.000000 0.000000 0.000000 0.000000 0.000000 0.000000 0.000000
0 0.746281 0.173911 0.104625 0.163279 0.714063 0.175644 2.000000 0.729688 0.161593 2.000000 0.709375 0.159251 2.000000 0.750000 0.170960 2.000000 0.000000 0.000000 0.000000 0.778125 0.236534 2.000000 0.685937 0.241218 1.000000 0.000000 0.000000 0.000000 0.000000 0.000000 0.000000 0.000000 0.000000 0.000000 0.000000 0.000000 0.000000 0.000000 0.000000 0.000000 0.000000 0.000000 0.000000 0.000000 0.000000 0.000000 0.000000 0.000000 0.000000 0.000000 0.000000 0.000000 0.000000 0.000000 0.000000
0 0.077609 0.737225 0.155219 0.525550 0.000000 0.000000 0.000000 0.000000 0.000000 0.000000 0.000000 0.000000 0.000000 0.000000 0.000000 0.000000 0.000000 0.000000 0.000000 0.001563 0.503513 2.000000 0.000000 0.000000 0.000000 0.056250 0.641686 2.000000 0.000000 0.000000 0.000000 0.067187 0.749415 2.000000 0.010937 0.740047 2.000000 0.103125 0.606557 2.000000 0.060937 0.611241 2.000000 0.070312 0.817330 2.000000 0.012500 0.819672 2.000000 0.000000 0.000000 0.000000 0.000000 0.000000 0.000000
0 0.423891 0.097237 0.142313 0.194473 0.000000 0.000000 0.000000 0.000000 0.000000 0.000000 0.000000 0.000000 0.000000 0.000000 0.000000 0.000000 0.000000 0.000000 0.000000 0.462500 0.025761 2.000000 0.378125 0.025761 2.000000 0.467187 0.152225 1.000000 0.357812 0.135831 1.000000 0.000000 0.000000 0.000000 0.000000 0.000000 0.000000 0.439063 0.187354 1.000000 0.368750 0.187354 1.000000 0.000000 0.000000 0.000000 0.000000 0.000000 0.000000 0.000000 0.000000 0.000000 0.000000 0.000000 0.000000
0 0.038258 0.144028 0.074641 0.244028 0.025000 0.093677 2.000000 0.037500 0.084309 2.000000 0.018750 0.081967 2.000000 0.056250 0.091335 2.000000 0.000000 0.000000 0.000000 0.067187 0.156909 1.000000 0.004687 0.161593 2.000000 0.000000 0.000000 0.000000 0.000000 0.000000 0.000000 0.000000 0.000000 0.000000 0.000000 0.000000 0.000000 0.000000 0.000000 0.000000 0.000000 0.000000 0.000000 0.000000 0.000000 0.000000 0.000000 0.000000 0.000000 0.000000 0.000000 0.000000 0.000000 0.000000 0.000000
