0 0.126680 0.663286 0.196391 0.650892 0.000000 0.000000 0.000000 0.000000 0.000000 0.000000 0.000000 0.000000 0.000000 0.120313 0.406103 2.000000 0.182812 0.417840 2.000000 0.075000 0.507042 2.000000 0.196875 0.539906 2.000000 0.039062 0.633803 2.000000 0.207813 0.676056 2.000000 0.081250 0.692488 2.000000 0.223438 0.795775 1.000000 0.096875 0.779343 2.000000 0.176563 0.779343 2.000000 0.089063 0.967136 2.000000 0.187500 0.978873 2.000000 0.000000 0.000000 0.000000 0.000000 0.000000 0.000000
0 0.760609 0.587641 0.291687 0.802230 0.725000 0.340376 2.000000 0.737500 0.321596 2.000000 0.710938 0.316901 2.000000 0.804688 0.321596 2.000000 0.000000 0.000000 0.000000 0.809375 0.476526 2.000000 0.000000 0.000000 0.000000 0.835938 0.734742 2.000000 0.000000 0.000000 0.000000 0.701562 0.788732 2.000000 0.000000 0.000000 0.000000 0.000000 0.000000 0.000000 0.000000 0.000000 0.000000 0.000000 0.000000 0.000000 0.000000 0.000000 0.000000 0.000000 0.000000 0.000000 0.000000 0.000000 0.000000
0 0.614273 0.409883 0.053078 0.144554 0.000000 0.000000 0.000000 0.000000 0.000000 0.000000 0.000000 0.000000 0.000000 0.615625 0.354460 1.000000 0.628125 0.363850 2.000000 0.601562 0.373239 2.000000 0.628125 0.384977 2.000000 0.585938 0.396714 1.000000 0.628125 0.415493 2.000000 0.000000 0.000000 0.000000 0.000000 0.000000 0.000000 0.604688 0.436620 2.000000 0.625000 0.436620 2.000000 0.000000 0.000000 0.000000 0.000000 0.000000 0.000000 0.000000 0.000000 0.000000 0.000000 0.000000 0.000000
0 0.668063 0.497007 0.065906 0.266408 0.679688 0.396714 2.000000 0.681250 0.389671 2.000000 0.675000 0.389671 2.000000 0.000000 0.000000 0.000000 0.667188 0.389671 2.000000 0.685937 0.415493 2.000000 0.656250 0.415493 2.000000 0.689063 0.443662 2.000000 0.646875 0.446009 2.000000 0.693750 0.481221 2.000000 0.642188 0.481221 2.000000 0.681250 0.474178 2.000000 0.659375 0.478873 2.000000 0.681250 0.532864 2.000000 0.668750 0.542254 2.000000 0.671875 0.570423 2.000000 0.670312 0.607981 2.000000
0 0.706094 0.491937 0.044594 0.255563 0.693750 0.392019 2.000000 0.695312 0.387324 2.000000 0.690625 0.387324 2.000000 0.703125 0.382629 2.000000 0.000000 0.000000 0.000000 0.709375 0.401408 2.000000 0.684375 0.401408 1.000000 0.720313 0.438967 1.000000 0.000000 0.000000 0.000000 0.000000 0.000000 0.000000 0.000000 0.000000 0.000000 0.707812 0.471831 2.000000 0.689063 0.471831 1.000000 0.704688 0.535211 2.000000 0.692187 0.542254 2.000000 0.715625 0.584507 2.000000 0.693750 0.598592 2.000000
0 0.359078 0.519061 0.079500 0.301878 0.000000 0.000000 0.000000 0.000000 0.000000 0.000000 0.000000 0.000000 0.000000 0.340625 0.401408 2.000000 0.364063 0.399061 2.000000 0.332813 0.438967 2.000000 0.378125 0.429577 2.000000 0.329688 0.478873 2.000000 0.395313 0.474178 2.000000 0.326562 0.509390 2.000000 0.000000 0.000000 0.000000 0.345313 0.509390 2.000000 0.375000 0.509390 2.000000 0.348438 0.582160 2.000000 0.379688 0.593897 1.000000 0.348438 0.638498 2.000000 0.000000 0.000000 0.000000
0 0.910797 0.496197 0.080750 0.327183 0.907813 0.354460 2.000000 0.910937 0.349765 2.000000 0.901563 0.349765 2.000000 0.000000 0.000000 0.000000 0.892188 0.356808 2.000000 0.925000 0.389671 2.000000 0.885938 0.396714 2.000000 0.932813 0.438967 2.000000 0.879687 0.450704 2.000000 0.940625 0.485915 2.000000 0.887500 0.492958 2.000000 0.928125 0.488263 2.000000 0.898438 0.497653 2.000000 0.920312 0.575117 2.000000 0.898438 0.565728 2.000000 0.900000 0.598592 2.000000 0.907813 0.629108 2.000000
0 0.515797 0.613756 0.285219 0.772488 0.503125 0.342723 2.000000 0.514062 0.319249 2.000000 0.481250 0.321596 2.000000 0.548438 0.321596 2.000000 0.462500 0.340376 2.000000 0.596875 0.483568 2.000000 0.431250 0.474178 2.000000 0.637500 0.640845 2.000000 0.393750 0.619718 2.000000 0.612500 0.715962 2.000000 0.428125 0.699531 2.000000 0.570312 0.828638 2.000000 0.459375 0.842723 2.000000 0.000000 0.000000 0.000000 0.000000 0.000000 0.000000 0.000000 0.000000 0.000000 0.000000 0.000000 0.000000
0 0.741680 0.503568 0.062141 0.178638 0.000000 0.000000 0.000000 0.000000 0.000000 0.000000 0.000000 0.000000 0.000000 0.000000 0.000000 0.000000 0.000000 0.000000 0.000000 0.732812 0.427230 2.000000 0.773438 0.427230 1.000000 0.720313 0.492958 2.000000 0.000000 0.000000 0.000000 0.721875 0.537559 2.000000 0.000000 0.000000 0.000000 0.734375 0.535211 2.000000 0.765625 0.535211 1.000000 0.000000 0.000000 0.000000 0.000000 0.000000 0.000000 0.000000 0.000000 0.000000 0.000000 0.000000 0.000000
0 0.298141 0.460939 0.055469 0.200516 0.290625 0.373239 2.000000 0.293750 0.368545 2.000000 0.289062 0.370892 2.000000 0.303125 0.373239 2.000000 0.000000 0.000000 0.000000 0.309375 0.394366 2.000000 0.285938 0.396714 2.000000 0.312500 0.420188 2.000000 0.279687 0.422535 2.000000 0.314063 0.446009 2.000000 0.281250 0.450704 2.000000 0.307812 0.450704 2.000000 0.292187 0.450704 2.000000 0.312500 0.495305 2.000000 0.293750 0.495305 2.000000 0.307812 0.535211 2.000000 0.295312 0.535211 2.000000
