0 0.639375 0.593586 0.197781 0.812827 0.000000 0.000000 0.000000 0.000000 0.000000 0.000000 0.000000 0.000000 0.000000 0.000000 0.000000 0.000000 0.642188 0.247664 2.000000 0.565625 0.334112 2.000000 0.657813 0.315421 2.000000 0.546875 0.483645 2.000000 0.687500 0.457944 2.000000 0.000000 0.000000 0.000000 0.000000 0.000000 0.000000 0.604688 0.565421 2.000000 0.659375 0.558411 2.000000 0.626563 0.771028 2.000000 0.681250 0.738318 2.000000 0.642188 0.932243 2.000000 0.703125 0.906542 2.000000
0 0.824055 0.599509 0.196047 0.800981 0.814063 0.299065 2.000000 0.817187 0.280374 2.000000 0.000000 0.000000 0.000000 0.835938 0.273364 2.000000 0.000000 0.000000 0.000000 0.857812 0.343458 2.000000 0.889062 0.343458 2.000000 0.856250 0.492991 2.000000 0.814063 0.455607 2.000000 0.803125 0.490654 2.000000 0.764062 0.385514 2.000000 0.860938 0.600467 2.000000 0.890625 0.570093 2.000000 0.821875 0.817757 2.000000 0.879687 0.817757 2.000000 0.000000 0.000000 0.000000 0.000000 0.000000 0.000000
0 0.416461 0.590082 0.185266 0.790537 0.000000 0.000000 0.000000 0.000000 0.000000 0.000000 0.000000 0.000000 0.000000 0.000000 0.000000 0.000000 0.423438 0.247664 2.000000 0.362500 0.336449 2.000000 0.442188 0.336449 2.000000 0.335938 0.474299 2.000000 0.468750 0.471963 2.000000 0.000000 0.000000 0.000000 0.000000 0.000000 0.000000 0.370312 0.570093 2.000000 0.432812 0.565421 2.000000 0.378125 0.750000 2.000000 0.446875 0.750000 2.000000 0.395313 0.927570 2.000000 0.464062 0.939252 2.000000
0 0.251719 0.375783 0.081750 0.289136 0.267188 0.289720 2.000000 0.000000 0.000000 0.000000 0.264062 0.280374 2.000000 0.000000 0.000000 0.000000 0.000000 0.000000 0.000000 0.265625 0.308411 2.000000 0.232813 0.320093 2.000000 0.000000 0.000000 0.000000 0.225000 0.408879 2.000000 0.281250 0.345794 2.000000 0.267188 0.383178 2.000000 0.270313 0.446262 1.000000 0.243750 0.460280 2.000000 0.000000 0.000000 0.000000 0.000000 0.000000 0.000000 0.000000 0.000000 0.000000 0.000000 0.000000 0.000000
0 0.053266 0.453972 0.098656 0.526075 0.031250 0.235981 2.000000 0.039062 0.231308 2.000000 0.025000 0.231308 2.000000 0.056250 0.235981 2.000000 0.000000 0.000000 0.000000 0.070312 0.294393 2.000000 0.028125 0.303738 1.000000 0.079687 0.373832 1.000000 0.000000 0.000000 0.000000 0.043750 0.352804 2.000000 0.000000 0.000000 0.000000 0.073438 0.446262 2.000000 0.050000 0.448598 2.000000 0.060937 0.556075 2.000000 0.078125 0.560748 2.000000 0.056250 0.672897 2.000000 0.103125 0.644860 1.000000
0 0.528695 0.406974 0.072672 0.340491 0.559375 0.280374 2.000000 0.000000 0.000000 0.000000 0.554688 0.273364 2.000000 0.000000 0.000000 0.000000 0.539062 0.273364 2.000000 0.542188 0.331776 2.000000 0.523438 0.329439 2.000000 0.000000 0.000000 0.000000 0.501563 0.411215 2.000000 0.000000 0.000000 0.000000 0.545312 0.432243 1.000000 0.543750 0.460280 1.000000 0.521875 0.462617 2.000000 0.000000 0.000000 0.000000 0.553125 0.577103 1.000000 0.000000 0.000000 0.000000 0.000000 0.000000 0.000000
0 0.258484 0.600000 0.150281 0.449439 0.000000 0.000000 0.000000 0.000000 0.000000 0.000000 0.306250 0.436916 1.000000 0.000000 0.000000 0.000000 0.285938 0.436916 2.000000 0.246875 0.504673 2.000000 0.292187 0.542056 2.000000 0.000000 0.000000 0.000000 0.320312 0.626168 1.000000 0.000000 0.000000 0.000000 0.000000 0.000000 0.000000 0.214062 0.670561 2.000000 0.243750 0.703271 2.000000 0.304688 0.778037 2.000000 0.335938 0.675234 1.000000 0.217188 0.752336 2.000000 0.246875 0.761682 2.000000
0 0.968125 0.535806 0.063750 0.612360 0.982812 0.306075 2.000000 0.985938 0.289720 2.000000 0.000000 0.000000 0.000000 0.000000 0.000000 0.000000 0.000000 0.000000 0.000000 0.000000 0.000000 0.000000 0.000000 0.000000 0.000000 0.000000 0.000000 0.000000 0.000000 0.000000 0.000000 0.975000 0.448598 2.000000 0.981250 0.406542 2.000000 0.000000 0.000000 0.000000 0.000000 0.000000 0.000000 0.000000 0.000000 0.000000 0.000000 0.000000 0.000000 0.000000 0.000000 0.000000 0.993750 0.801402 2.000000
0 0.131555 0.489498 0.132047 0.628388 0.151562 0.242991 2.000000 0.000000 0.000000 0.000000 0.143750 0.226636 1.000000 0.000000 0.000000 0.000000 0.115625 0.214953 2.000000 0.125000 0.280374 2.000000 0.092188 0.282710 2.000000 0.145313 0.373832 2.000000 0.070312 0.387850 2.000000 0.167187 0.327103 2.000000 0.117188 0.378505 2.000000 0.139063 0.436916 2.000000 0.118750 0.455607 2.000000 0.150000 0.593458 1.000000 0.120313 0.598131 2.000000 0.137500 0.733645 2.000000 0.093750 0.750000 2.000000
0 0.547828 0.704790 0.142313 0.350374 0.000000 0.000000 0.000000 0.000000 0.000000 0.000000 0.000000 0.000000 0.000000 0.000000 0.000000 0.000000 0.000000 0.000000 0.000000 0.493750 0.609813 2.000000 0.546875 0.602804 2.000000 0.490625 0.710280 2.000000 0.000000 0.000000 0.000000 0.000000 0.000000 0.000000 0.000000 0.000000 0.000000 0.568750 0.766355 2.000000 0.595313 0.761682 2.000000 0.506250 0.766355 2.000000 0.000000 0.000000 0.000000 0.526563 0.810748 1.000000 0.000000 0.000000 0.000000
0 0.818266 0.302780 0.111281 0.292103 0.000000 0.000000 0.000000 0.000000 0.000000 0.000000 0.000000 0.000000 0.000000 0.000000 0.000000 0.000000 0.000000 0.000000 0.000000 0.793750 0.303738 2.000000 0.000000 0.000000 0.000000 0.770312 0.432243 2.000000 0.000000 0.000000 0.000000 0.000000 0.000000 0.000000 0.000000 0.000000 0.000000 0.000000 0.000000 0.000000 0.000000 0.000000 0.000000 0.000000 0.000000 0.000000 0.000000 0.000000 0.000000 0.000000 0.000000 0.000000 0.000000 0.000000 0.000000
0 0.740313 0.500047 0.096594 0.536495 0.712500 0.301402 2.000000 0.715625 0.292056 2.000000 0.000000 0.000000 0.000000 0.737500 0.278037 2.000000 0.000000 0.000000 0.000000 0.773438 0.317757 2.000000 0.710938 0.336449 2.000000 0.000000 0.000000 0.000000 0.000000 0.000000 0.000000 0.000000 0.000000 0.000000 0.000000 0.000000 0.000000 0.764062 0.455607 2.000000 0.725000 0.457944 2.000000 0.762500 0.586449 1.000000 0.717187 0.588785 2.000000 0.759375 0.703271 2.000000 0.715625 0.700935 2.000000
