0 0.552992 0.601133 0.179234 0.775277 0.517188 0.306024 2.000000 0.534375 0.284337 2.000000 0.506250 0.289157 2.000000 0.557813 0.298795 2.000000 0.000000 0.000000 0.000000 0.603125 0.416867 2.000000 0.481250 0.421687 2.000000 0.610938 0.604819 2.000000 0.470313 0.587952 1.000000 0.582812 0.778313 2.000000 0.475000 0.739759 2.000000 0.573438 0.746988 2.000000 0.484375 0.742169 2.000000 0.578125 0.973494 2.000000 0.500000 0.971084 2.000000 0.000000 0.000000 0.000000 0.000000 0.000000 0.000000
0 0.873570 0.422470 0.094703 0.310096 0.873437 0.327711 2.000000 0.885938 0.318072 2.000000 0.865625 0.315663 2.000000 0.906250 0.327711 2.000000 0.000000 0.000000 0.000000 0.917188 0.412048 2.000000 0.840625 0.414458 2.000000 0.000000 0.000000 0.000000 0.000000 0.000000 0.000000 0.000000 0.000000 0.000000 0.000000 0.000000 0.000000 0.907813 0.725301 1.000000 0.832812 0.720482 1.000000 0.000000 0.000000 0.000000 0.000000 0.000000 0.000000 0.000000 0.000000 0.000000 0.000000 0.000000 0.000000
0 0.809820 0.628373 0.156266 0.722964 0.779687 0.359036 2.000000 0.792188 0.339759 2.000000 0.767188 0.339759 2.000000 0.814063 0.339759 2.000000 0.750000 0.339759 1.000000 0.851562 0.457831 2.000000 0.732812 0.453012 1.000000 0.857812 0.619277 2.000000 0.000000 0.000000 0.000000 0.850000 0.744578 2.000000 0.000000 0.000000 0.000000 0.831250 0.785542 2.000000 0.748437 0.785542 1.000000 0.000000 0.000000 0.000000 0.748437 0.995181 1.000000 0.000000 0.000000 0.000000 0.000000 0.000000 0.000000
0 0.936164 0.633988 0.127672 0.732024 0.921875 0.363855 2.000000 0.939063 0.342169 2.000000 0.914062 0.342169 2.000000 0.981250 0.363855 2.000000 0.000000 0.000000 0.000000 0.985938 0.457831 2.000000 0.939063 0.450602 2.000000 0.987500 0.684337 2.000000 0.000000 0.000000 0.000000 0.957812 0.840964 2.000000 0.000000 0.000000 0.000000 0.934375 0.867470 2.000000 0.000000 0.000000 0.000000 0.000000 0.000000 0.000000 0.000000 0.000000 0.000000 0.000000 0.000000 0.000000 0.000000 0.000000 0.000000
0 0.392320 0.648410 0.180609 0.675807 0.381250 0.383133 2.000000 0.395313 0.361446 2.000000 0.370312 0.366265 2.000000 0.420312 0.371084 2.000000 0.359375 0.375904 2.000000 0.445312 0.467470 2.000000 0.334375 0.474699 2.000000 0.451562 0.612048 2.000000 0.323437 0.597590 2.000000 0.370312 0.722892 2.000000 0.350000 0.725301 2.000000 0.412500 0.759036 2.000000 0.351562 0.756627 2.000000 0.421875 0.980723 2.000000 0.351562 0.985542 1.000000 0.000000 0.000000 0.000000 0.000000 0.000000 0.000000
0 0.236063 0.644940 0.171938 0.710120 0.264062 0.371084 2.000000 0.278125 0.356627 2.000000 0.254688 0.354217 2.000000 0.290625 0.368675 2.000000 0.235937 0.361446 1.000000 0.309375 0.477108 2.000000 0.198437 0.474699 2.000000 0.000000 0.000000 0.000000 0.168750 0.657831 2.000000 0.000000 0.000000 0.000000 0.175000 0.751807 2.000000 0.290625 0.713253 2.000000 0.223438 0.713253 2.000000 0.306250 0.949398 2.000000 0.210938 0.946988 2.000000 0.000000 0.000000 0.000000 0.000000 0.000000 0.000000
0 0.180508 0.393301 0.091078 0.191904 0.190625 0.368675 2.000000 0.198437 0.359036 2.000000 0.179688 0.356627 2.000000 0.215625 0.373494 2.000000 0.165625 0.368675 2.000000 0.243750 0.465060 1.000000 0.129688 0.462651 1.000000 0.000000 0.000000 0.000000 0.000000 0.000000 0.000000 0.000000 0.000000 0.000000 0.000000 0.000000 0.000000 0.000000 0.000000 0.000000 0.000000 0.000000 0.000000 0.000000 0.000000 0.000000 0.000000 0.000000 0.000000 0.000000 0.000000 0.000000 0.000000 0.000000 0.000000
0 0.088891 0.661795 0.171938 0.658434 0.103125 0.414458 2.000000 0.117188 0.400000 2.000000 0.090625 0.397590 2.000000 0.000000 0.000000 0.000000 0.068750 0.407229 2.000000 0.151562 0.501205 2.000000 0.034375 0.501205 2.000000 0.000000 0.000000 0.000000 0.017188 0.665060 2.000000 0.000000 0.000000 0.000000 0.023438 0.795181 2.000000 0.128125 0.708434 2.000000 0.068750 0.708434 2.000000 0.132812 0.944578 2.000000 0.078125 0.959036 2.000000 0.000000 0.000000 0.000000 0.000000 0.000000 0.000000
0 0.041305 0.402964 0.082609 0.240145 0.031250 0.363855 2.000000 0.043750 0.349398 2.000000 0.020313 0.351807 2.000000 0.060937 0.354217 2.000000 0.010937 0.368675 2.000000 0.078125 0.453012 1.000000 0.006250 0.460241 2.000000 0.000000 0.000000 0.000000 0.000000 0.000000 0.000000 0.000000 0.000000 0.000000 0.000000 0.000000 0.000000 0.000000 0.000000 0.000000 0.000000 0.000000 0.000000 0.000000 0.000000 0.000000 0.000000 0.000000 0.000000 0.000000 0.000000 0.000000 0.000000 0.000000 0.000000
0 0.699742 0.626819 0.155672 0.737928 0.660937 0.337349 2.000000 0.676562 0.318072 2.000000 0.651563 0.318072 2.000000 0.701562 0.339759 2.000000 0.639062 0.334940 1.000000 0.720313 0.438554 2.000000 0.626563 0.445783 1.000000 0.754687 0.636145 2.000000 0.000000 0.000000 0.000000 0.734375 0.773494 2.000000 0.000000 0.000000 0.000000 0.687500 0.718072 2.000000 0.631250 0.720482 2.000000 0.707812 0.985542 2.000000 0.643750 0.983133 2.000000 0.000000 0.000000 0.000000 0.000000 0.000000 0.000000
0 0.180023 0.346301 0.116641 0.172988 0.143750 0.332530 2.000000 0.154688 0.310843 2.000000 0.132812 0.318072 2.000000 0.000000 0.000000 0.000000 0.000000 0.000000 0.000000 0.220312 0.404819 2.000000 0.104688 0.421687 1.000000 0.000000 0.000000 0.000000 0.000000 0.000000 0.000000 0.000000 0.000000 0.000000 0.000000 0.000000 0.000000 0.000000 0.000000 0.000000 0.000000 0.000000 0.000000 0.000000 0.000000 0.000000 0.000000 0.000000 0.000000 0.000000 0.000000 0.000000 0.000000 0.000000 0.000000
