0 0.368560 0.578660 0.731160 0.820211 0.000000 0.000000 0.000000 0.000000 0.000000 0.000000 0.658000 0.346386 2.000000 0.000000 0.000000 0.000000 0.622000 0.397590 2.000000 0.360000 0.545181 2.000000 0.556000 0.620482 2.000000 0.000000 0.000000 0.000000 0.000000 0.000000 0.000000 0.000000 0.000000 0.000000 0.000000 0.000000 0.000000 0.000000 0.000000 0.000000 0.000000 0.000000 0.000000 0.000000 0.000000 0.000000 0.000000 0.000000 0.000000 0.000000 0.000000 0.000000 0.000000 0.000000 0.000000
0 0.415660 0.083946 0.118080 0.166084 0.424000 0.033133 2.000000 0.000000 0.000000 0.000000 0.418000 0.015060 2.000000 0.000000 0.000000 0.000000 0.392000 0.018072 2.000000 0.442000 0.072289 2.000000 0.378000 0.063253 2.000000 0.464000 0.132530 2.000000 0.380000 0.126506 2.000000 0.430000 0.135542 2.000000 0.420000 0.093373 2.000000 0.000000 0.000000 0.000000 0.000000 0.000000 0.000000 0.000000 0.000000 0.000000 0.000000 0.000000 0.000000 0.000000 0.000000 0.000000 0.000000 0.000000 0.000000
0 0.357270 0.326145 0.177740 0.334157 0.000000 0.000000 0.000000 0.000000 0.000000 0.000000 0.000000 0.000000 0.000000 0.000000 0.000000 0.000000 0.000000 0.000000 0.000000 0.426000 0.319277 2.000000 0.326000 0.316265 2.000000 0.394000 0.424699 2.000000 0.284000 0.406627 2.000000 0.352000 0.301205 2.000000 0.308000 0.292169 2.000000 0.384000 0.518072 1.000000 0.336000 0.515060 1.000000 0.000000 0.000000 0.000000 0.000000 0.000000 0.000000 0.000000 0.000000 0.000000 0.000000 0.000000 0.000000
0 0.699070 0.364051 0.174580 0.530331 0.662000 0.183735 2.000000 0.674000 0.165663 2.000000 0.650000 0.165663 2.000000 0.698000 0.186747 2.000000 0.000000 0.000000 0.000000 0.738000 0.271084 2.000000 0.626000 0.262048 1.000000 0.716000 0.376506 2.000000 0.000000 0.000000 0.000000 0.670000 0.325301 1.000000 0.000000 0.000000 0.000000 0.714000 0.439759 2.000000 0.652000 0.442771 1.000000 0.752000 0.496988 2.000000 0.000000 0.000000 0.000000 0.674000 0.572289 2.000000 0.000000 0.000000 0.000000
0 0.909680 0.370512 0.157880 0.439819 0.000000 0.000000 0.000000 0.000000 0.000000 0.000000 0.000000 0.000000 0.000000 0.964000 0.228916 2.000000 0.914000 0.219880 2.000000 0.962000 0.268072 2.000000 0.862000 0.277108 2.000000 0.000000 0.000000 0.000000 0.850000 0.400602 2.000000 0.000000 0.000000 0.000000 0.914000 0.436747 2.000000 0.946000 0.466867 2.000000 0.882000 0.481928 2.000000 0.936000 0.629518 1.000000 0.870000 0.641566 1.000000 0.000000 0.000000 0.000000 0.000000 0.000000 0.000000
0 0.749310 0.058780 0.228860 0.117560 0.000000 0.000000 0.000000 0.000000 0.000000 0.000000 0.000000 0.000000 0.000000 0.000000 0.000000 0.000000 0.000000 0.000000 0.000000 0.000000 0.000000 0.000000 0.000000 0.000000 0.000000 0.000000 0.000000 0.000000 0.000000 0.000000 0.000000 0.000000 0.000000 0.000000 0.000000 0.000000 0.000000 0.756000 0.063253 2.000000 0.664000 0.075301 2.000000 0.000000 0.000000 0.000000 0.000000 0.000000 0.000000 0.000000 0.000000 0.000000 0.000000 0.000000 0.000000
0 0.543690 0.081175 0.171860 0.157651 0.000000 0.000000 0.000000 0.000000 0.000000 0.000000 0.000000 0.000000 0.000000 0.000000 0.000000 0.000000 0.000000 0.000000 0.000000 0.000000 0.000000 0.000000 0.000000 0.000000 0.000000 0.602000 0.054217 2.000000 0.510000 0.063253 2.000000 0.608000 0.180723 1.000000 0.568000 0.150602 1.000000 0.000000 0.000000 0.000000 0.000000 0.000000 0.000000 0.000000 0.000000 0.000000 0.000000 0.000000 0.000000 0.000000 0.000000 0.000000 0.000000 0.000000 0.000000
0 0.211550 0.087154 0.157500 0.174307 0.000000 0.000000 0.000000 0.000000 0.000000 0.000000 0.000000 0.000000 0.000000 0.000000 0.000000 0.000000 0.000000 0.000000 0.000000 0.000000 0.000000 0.000000 0.000000 0.000000 0.000000 0.000000 0.000000 0.000000 0.154000 0.012048 2.000000 0.000000 0.000000 0.000000 0.222000 0.096386 2.000000 0.218000 0.117470 2.000000 0.176000 0.117470 2.000000 0.000000 0.000000 0.000000 0.000000 0.000000 0.000000 0.000000 0.000000 0.000000 0.000000 0.000000 0.000000
0 0.113360 0.070226 0.097560 0.140452 0.000000 0.000000 0.000000 0.000000 0.000000 0.000000 0.000000 0.000000 0.000000 0.000000 0.000000 0.000000 0.000000 0.000000 0.000000 0.000000 0.000000 0.000000 0.000000 0.000000 0.000000 0.000000 0.000000 0.000000 0.000000 0.000000 0.000000 0.000000 0.000000 0.000000 0.000000 0.000000 0.000000 0.142000 0.135542 1.000000 0.094000 0.135542 1.000000 0.000000 0.000000 0.000000 0.000000 0.000000 0.000000 0.000000 0.000000 0.000000 0.000000 0.000000 0.000000
0 0.046220 0.085768 0.090640 0.171536 0.000000 0.000000 0.000000 0.000000 0.000000 0.000000 0.000000 0.000000 0.000000 0.000000 0.000000 0.000000 0.000000 0.000000 0.000000 0.000000 0.000000 0.000000 0.048000 0.108434 2.000000 0.000000 0.000000 0.000000 0.000000 0.000000 0.000000 0.000000 0.000000 0.000000 0.000000 0.000000 0.000000 0.000000 0.000000 0.000000 0.000000 0.000000 0.000000 0.000000 0.000000 0.000000 0.000000 0.000000 0.000000 0.000000 0.000000 0.000000 0.000000 0.000000 0.000000
