0 0.115453 0.724726 0.219656 0.451696 0.135937 0.600998 2.000000 0.148438 0.586035 2.000000 0.121875 0.588529 2.000000 0.168750 0.591022 2.000000 0.103125 0.596010 1.000000 0.189062 0.655860 2.000000 0.112500 0.663342 2.000000 0.181250 0.768080 2.000000 0.096875 0.760599 2.000000 0.139063 0.860349 2.000000 0.095312 0.822943 2.000000 0.185938 0.815461 2.000000 0.121875 0.815461 2.000000 0.135937 0.927681 2.000000 0.070312 0.885287 2.000000 0.070312 0.862843 2.000000 0.054688 0.827930 2.000000
0 0.419016 0.717419 0.161187 0.477282 0.410938 0.578554 2.000000 0.421875 0.561097 2.000000 0.400000 0.558603 2.000000 0.440625 0.561097 2.000000 0.385937 0.561097 2.000000 0.460938 0.660848 2.000000 0.368750 0.648379 2.000000 0.475000 0.760599 1.000000 0.356250 0.760599 2.000000 0.000000 0.000000 0.000000 0.353125 0.862843 1.000000 0.442188 0.827930 2.000000 0.392188 0.840399 2.000000 0.437500 0.922693 2.000000 0.379688 0.907731 2.000000 0.503125 0.852868 1.000000 0.445312 0.885287 2.000000
0 0.580383 0.755549 0.241359 0.470648 0.545312 0.620948 2.000000 0.557813 0.600998 2.000000 0.534375 0.600998 2.000000 0.575000 0.605985 2.000000 0.515625 0.603491 2.000000 0.592187 0.678304 2.000000 0.495312 0.685786 2.000000 0.617188 0.790524 2.000000 0.487500 0.795511 2.000000 0.556250 0.830424 2.000000 0.504687 0.850374 2.000000 0.581250 0.840399 2.000000 0.518750 0.865337 2.000000 0.543750 0.920200 2.000000 0.484375 0.917706 2.000000 0.640625 0.922693 2.000000 0.606250 0.952618 2.000000
0 0.664867 0.711484 0.171234 0.454938 0.642188 0.603491 2.000000 0.653125 0.583541 2.000000 0.628125 0.586035 2.000000 0.665625 0.571072 2.000000 0.614062 0.581047 2.000000 0.687500 0.640898 2.000000 0.598437 0.650873 2.000000 0.710938 0.733167 2.000000 0.000000 0.000000 0.000000 0.743750 0.832918 1.000000 0.000000 0.000000 0.000000 0.681250 0.812968 2.000000 0.628125 0.822943 1.000000 0.693750 0.910224 2.000000 0.000000 0.000000 0.000000 0.742188 0.852868 2.000000 0.000000 0.000000 0.000000
0 0.853211 0.723466 0.233609 0.444439 0.842187 0.598504 2.000000 0.856250 0.586035 2.000000 0.831250 0.573566 2.000000 0.000000 0.000000 0.000000 0.812500 0.573566 2.000000 0.857812 0.675810 2.000000 0.778125 0.633416 2.000000 0.832812 0.790524 2.000000 0.750000 0.743142 2.000000 0.779687 0.847880 2.000000 0.757812 0.847880 2.000000 0.837500 0.820449 2.000000 0.768750 0.825436 2.000000 0.814063 0.912718 2.000000 0.773438 0.915212 2.000000 0.909375 0.872818 2.000000 0.000000 0.000000 0.000000
0 0.867336 0.549788 0.140422 0.616933 0.851562 0.339152 2.000000 0.864062 0.324190 2.000000 0.845313 0.324190 2.000000 0.881250 0.321696 2.000000 0.825000 0.324190 2.000000 0.896875 0.391521 2.000000 0.817187 0.403990 2.000000 0.907813 0.486284 2.000000 0.817187 0.506234 2.000000 0.873437 0.493766 2.000000 0.881250 0.513716 2.000000 0.881250 0.548628 2.000000 0.845313 0.551122 1.000000 0.885938 0.648379 2.000000 0.856250 0.658354 1.000000 0.898438 0.783042 2.000000 0.868750 0.788030 1.000000
0 0.756078 0.484751 0.112750 0.471047 0.750000 0.339152 2.000000 0.759375 0.319202 2.000000 0.735938 0.329177 2.000000 0.000000 0.000000 0.000000 0.000000 0.000000 0.000000 0.789062 0.366584 2.000000 0.715625 0.374065 2.000000 0.796875 0.488778 2.000000 0.712500 0.488778 2.000000 0.768750 0.558603 2.000000 0.740625 0.551122 2.000000 0.779687 0.543641 2.000000 0.732812 0.548628 2.000000 0.000000 0.000000 0.000000 0.735938 0.640898 2.000000 0.000000 0.000000 0.000000 0.000000 0.000000 0.000000
0 0.662539 0.433055 0.102359 0.365411 0.654687 0.329177 2.000000 0.664062 0.319202 2.000000 0.643750 0.316708 2.000000 0.676562 0.321696 2.000000 0.631250 0.316708 2.000000 0.696875 0.384040 2.000000 0.623437 0.386534 2.000000 0.701562 0.478803 1.000000 0.621875 0.468828 2.000000 0.671875 0.543641 1.000000 0.000000 0.000000 0.000000 0.689063 0.528678 2.000000 0.631250 0.528678 1.000000 0.000000 0.000000 0.000000 0.000000 0.000000 0.000000 0.000000 0.000000 0.000000 0.000000 0.000000 0.000000
0 0.280023 0.736621 0.170172 0.441970 0.303125 0.623441 2.000000 0.315625 0.598504 2.000000 0.292187 0.603491 2.000000 0.335938 0.603491 2.000000 0.281250 0.608479 2.000000 0.351562 0.660848 2.000000 0.267188 0.670823 2.000000 0.000000 0.000000 0.000000 0.243750 0.763092 2.000000 0.000000 0.000000 0.000000 0.256250 0.830424 2.000000 0.329688 0.842893 2.000000 0.273438 0.842893 2.000000 0.340625 0.927681 2.000000 0.253125 0.922693 2.000000 0.264062 0.920200 2.000000 0.218750 0.872818 2.000000
0 0.826797 0.245287 0.090156 0.285387 0.810937 0.194514 2.000000 0.820312 0.177057 2.000000 0.800000 0.182045 2.000000 0.835938 0.182045 2.000000 0.790625 0.192020 2.000000 0.853125 0.249377 2.000000 0.787500 0.251870 2.000000 0.000000 0.000000 0.000000 0.000000 0.000000 0.000000 0.000000 0.000000 0.000000 0.000000 0.000000 0.000000 0.842187 0.401496 1.000000 0.800000 0.403990 1.000000 0.000000 0.000000 0.000000 0.000000 0.000000 0.000000 0.000000 0.000000 0.000000 0.000000 0.000000 0.000000
0 0.724023 0.232257 0.117578 0.286409 0.715625 0.164589 2.000000 0.726562 0.152120 2.000000 0.707812 0.149626 2.000000 0.742188 0.154613 2.000000 0.693750 0.152120 2.000000 0.762500 0.239401 2.000000 0.681250 0.234414 2.000000 0.000000 0.000000 0.000000 0.000000 0.000000 0.000000 0.000000 0.000000 0.000000 0.000000 0.000000 0.000000 0.000000 0.000000 0.000000 0.000000 0.000000 0.000000 0.000000 0.000000 0.000000 0.000000 0.000000 0.000000 0.000000 0.000000 0.000000 0.000000 0.000000 0.000000
0 0.364570 0.254289 0.112953 0.267032 0.368750 0.197007 2.000000 0.378125 0.182045 2.000000 0.356250 0.184539 2.000000 0.387500 0.192020 2.000000 0.343750 0.197007 2.000000 0.406250 0.261845 2.000000 0.334375 0.266833 1.000000 0.000000 0.000000 0.000000 0.320312 0.349127 2.000000 0.000000 0.000000 0.000000 0.000000 0.000000 0.000000 0.396875 0.406484 1.000000 0.356250 0.406484 1.000000 0.000000 0.000000 0.000000 0.000000 0.000000 0.000000 0.000000 0.000000 0.000000 0.000000 0.000000 0.000000
0 0.245477 0.529551 0.118516 0.612618 0.239063 0.296758 2.000000 0.246875 0.286783 2.000000 0.228125 0.286783 2.000000 0.262500 0.291771 2.000000 0.212500 0.294264 2.000000 0.281250 0.379052 2.000000 0.201563 0.379052 2.000000 0.282813 0.466334 2.000000 0.198437 0.471322 2.000000 0.265625 0.548628 2.000000 0.209375 0.543641 2.000000 0.260937 0.538653 2.000000 0.218750 0.538653 2.000000 0.254688 0.620948 2.000000 0.207813 0.613466 2.000000 0.232813 0.765586 1.000000 0.217188 0.758105 1.000000
