0 0.823523 0.606736 0.218672 0.651694 0.000000 0.000000 0.000000 0.000000 0.000000 0.000000 0.000000 0.000000 0.000000 0.000000 0.000000 0.000000 0.862500 0.461111 2.000000 0.734375 0.602778 1.000000 0.865625 0.591667 2.000000 0.000000 0.000000 0.000000 0.903125 0.797222 2.000000 0.000000 0.000000 0.000000 0.000000 0.000000 0.000000 0.000000 0.000000 0.000000 0.000000 0.000000 0.000000 0.000000 0.000000 0.000000 0.000000 0.000000 0.000000 0.000000 0.000000 0.000000 0.000000 0.000000 0.000000
0 0.689539 0.647181 0.072047 0.557306 0.000000 0.000000 0.000000 0.000000 0.000000 0.000000 0.715625 0.416667 2.000000 0.000000 0.000000 0.000000 0.700000 0.430556 2.000000 0.660937 0.502778 1.000000 0.685937 0.505556 1.000000 0.000000 0.000000 0.000000 0.693750 0.650000 2.000000 0.000000 0.000000 0.000000 0.000000 0.000000 0.000000 0.667188 0.691667 1.000000 0.685937 0.686111 1.000000 0.673438 0.897222 1.000000 0.690625 0.900000 2.000000 0.000000 0.000000 0.000000 0.000000 0.000000 0.000000
0 0.645719 0.709014 0.110500 0.579806 0.681250 0.530556 2.000000 0.000000 0.000000 0.000000 0.000000 0.000000 0.000000 0.000000 0.000000 0.000000 0.664062 0.477778 2.000000 0.642188 0.561111 2.000000 0.631250 0.547222 2.000000 0.000000 0.000000 0.000000 0.621875 0.691667 2.000000 0.000000 0.000000 0.000000 0.673438 0.663889 2.000000 0.646875 0.858333 2.000000 0.635938 0.850000 2.000000 0.000000 0.000000 0.000000 0.000000 0.000000 0.000000 0.000000 0.000000 0.000000 0.000000 0.000000 0.000000
0 0.449305 0.660347 0.068141 0.535861 0.475000 0.461111 2.000000 0.000000 0.000000 0.000000 0.468750 0.455556 2.000000 0.000000 0.000000 0.000000 0.451562 0.461111 2.000000 0.000000 0.000000 0.000000 0.432812 0.536111 2.000000 0.000000 0.000000 0.000000 0.435937 0.675000 1.000000 0.000000 0.000000 0.000000 0.440625 0.769444 1.000000 0.000000 0.000000 0.000000 0.448437 0.736111 2.000000 0.000000 0.000000 0.000000 0.000000 0.000000 0.000000 0.000000 0.000000 0.000000 0.000000 0.000000 0.000000
0 0.380148 0.578667 0.122516 0.695222 0.398438 0.350000 2.000000 0.396875 0.325000 2.000000 0.375000 0.325000 2.000000 0.000000 0.000000 0.000000 0.339062 0.352778 2.000000 0.346875 0.475000 2.000000 0.362500 0.488889 2.000000 0.000000 0.000000 0.000000 0.348438 0.700000 2.000000 0.000000 0.000000 0.000000 0.403125 0.858333 2.000000 0.000000 0.000000 0.000000 0.379688 0.933333 1.000000 0.000000 0.000000 0.000000 0.000000 0.000000 0.000000 0.000000 0.000000 0.000000 0.000000 0.000000 0.000000
0 0.111234 0.667847 0.102844 0.510250 0.103125 0.466667 2.000000 0.110937 0.452778 2.000000 0.098437 0.455556 2.000000 0.121875 0.458333 2.000000 0.000000 0.000000 0.000000 0.128125 0.519444 2.000000 0.085938 0.516667 2.000000 0.000000 0.000000 0.000000 0.000000 0.000000 0.000000 0.000000 0.000000 0.000000 0.000000 0.000000 0.000000 0.114062 0.652778 2.000000 0.085938 0.650000 2.000000 0.118750 0.794444 2.000000 0.081250 0.794444 2.000000 0.146875 0.875000 2.000000 0.087500 0.888889 2.000000
0 0.038937 0.462583 0.068312 0.229056 0.000000 0.000000 0.000000 0.000000 0.000000 0.000000 0.000000 0.000000 0.000000 0.000000 0.000000 0.000000 0.029687 0.388889 2.000000 0.000000 0.000000 0.000000 0.045312 0.444444 2.000000 0.000000 0.000000 0.000000 0.059375 0.511111 2.000000 0.000000 0.000000 0.000000 0.067187 0.552778 2.000000 0.000000 0.000000 0.000000 0.000000 0.000000 0.000000 0.000000 0.000000 0.000000 0.000000 0.000000 0.000000 0.000000 0.000000 0.000000 0.000000 0.000000 0.000000
0 0.506250 0.653931 0.074594 0.566306 0.521875 0.436111 2.000000 0.000000 0.000000 0.000000 0.515625 0.427778 2.000000 0.000000 0.000000 0.000000 0.501563 0.436111 2.000000 0.000000 0.000000 0.000000 0.495312 0.516667 2.000000 0.000000 0.000000 0.000000 0.531250 0.605556 2.000000 0.000000 0.000000 0.000000 0.000000 0.000000 0.000000 0.000000 0.000000 0.000000 0.503125 0.727778 2.000000 0.000000 0.000000 0.000000 0.498437 0.877778 2.000000 0.000000 0.000000 0.000000 0.000000 0.000000 0.000000
0 0.214562 0.668736 0.105000 0.533472 0.000000 0.000000 0.000000 0.000000 0.000000 0.000000 0.000000 0.000000 0.000000 0.200000 0.469444 1.000000 0.237500 0.469444 2.000000 0.176563 0.538889 1.000000 0.253125 0.530556 2.000000 0.000000 0.000000 0.000000 0.000000 0.000000 0.000000 0.000000 0.000000 0.000000 0.000000 0.000000 0.000000 0.198437 0.783333 2.000000 0.231250 0.780556 2.000000 0.201563 0.891667 2.000000 0.229687 0.891667 2.000000 0.000000 0.000000 0.000000 0.000000 0.000000 0.000000
0 0.566961 0.453333 0.072516 0.273889 0.000000 0.000000 0.000000 0.000000 0.000000 0.000000 0.000000 0.000000 0.000000 0.000000 0.000000 0.000000 0.585938 0.380556 2.000000 0.550000 0.438889 2.000000 0.559375 0.441667 2.000000 0.000000 0.000000 0.000000 0.560937 0.519444 2.000000 0.000000 0.000000 0.000000 0.581250 0.575000 1.000000 0.000000 0.000000 0.000000 0.000000 0.000000 0.000000 0.000000 0.000000 0.000000 0.000000 0.000000 0.000000 0.000000 0.000000 0.000000 0.000000 0.000000 0.000000
0 0.046773 0.656181 0.091016 0.530361 0.000000 0.000000 0.000000 0.000000 0.000000 0.000000 0.000000 0.000000 0.000000 0.000000 0.000000 0.000000 0.000000 0.000000 0.000000 0.000000 0.000000 0.000000 0.039062 0.572222 2.000000 0.000000 0.000000 0.000000 0.056250 0.750000 2.000000 0.000000 0.000000 0.000000 0.071875 0.886111 2.000000 0.000000 0.000000 0.000000 0.018750 0.875000 2.000000 0.000000 0.000000 0.000000 0.000000 0.000000 0.000000 0.000000 0.000000 0.000000 0.000000 0.000000 0.000000
