0 0.334133 0.314656 0.044016 0.262146 0.312500 0.206250 2.000000 0.312500 0.200000 2.000000 0.000000 0.000000 0.000000 0.321875 0.202083 2.000000 0.000000 0.000000 0.000000 0.318750 0.237500 2.000000 0.342187 0.237500 2.000000 0.000000 0.000000 0.000000 0.000000 0.000000 0.000000 0.000000 0.000000 0.000000 0.000000 0.000000 0.000000 0.326562 0.314583 2.000000 0.345313 0.314583 2.000000 0.334375 0.375000 2.000000 0.348438 0.364583 1.000000 0.343750 0.422917 2.000000 0.373437 0.385417 1.000000
0 0.272070 0.355750 0.082359 0.302417 0.000000 0.000000 0.000000 0.000000 0.000000 0.000000 0.000000 0.000000 0.000000 0.000000 0.000000 0.000000 0.000000 0.000000 0.000000 0.248438 0.268750 2.000000 0.262500 0.268750 2.000000 0.245312 0.320833 2.000000 0.000000 0.000000 0.000000 0.240625 0.377083 1.000000 0.000000 0.000000 0.000000 0.259375 0.379167 2.000000 0.275000 0.379167 2.000000 0.268750 0.427083 2.000000 0.273438 0.427083 2.000000 0.279687 0.493750 2.000000 0.285938 0.491667 2.000000
0 0.189609 0.371906 0.102813 0.420229 0.153125 0.206250 2.000000 0.156250 0.195833 2.000000 0.000000 0.000000 0.000000 0.171875 0.189583 2.000000 0.000000 0.000000 0.000000 0.160938 0.231250 2.000000 0.223438 0.231250 2.000000 0.148438 0.289583 2.000000 0.234375 0.287500 2.000000 0.000000 0.000000 0.000000 0.223438 0.337500 2.000000 0.179688 0.358333 2.000000 0.220312 0.356250 2.000000 0.175000 0.466667 2.000000 0.214062 0.458333 2.000000 0.196875 0.568750 2.000000 0.223438 0.558333 2.000000
0 0.117430 0.294250 0.046172 0.180250 0.107813 0.222917 2.000000 0.107813 0.220833 2.000000 0.104688 0.220833 2.000000 0.117188 0.220833 2.000000 0.000000 0.000000 0.000000 0.118750 0.243750 2.000000 0.104688 0.245833 2.000000 0.129688 0.266667 2.000000 0.104688 0.270833 2.000000 0.123438 0.293750 2.000000 0.100000 0.264583 2.000000 0.121875 0.295833 2.000000 0.109375 0.293750 2.000000 0.126562 0.325000 2.000000 0.117188 0.325000 2.000000 0.134375 0.370833 1.000000 0.126562 0.368750 2.000000
0 0.675000 0.344573 0.085969 0.492146 0.000000 0.000000 0.000000 0.000000 0.000000 0.000000 0.000000 0.000000 0.000000 0.660937 0.141667 2.000000 0.000000 0.000000 0.000000 0.671875 0.206250 2.000000 0.685937 0.197917 2.000000 0.660937 0.281250 2.000000 0.000000 0.000000 0.000000 0.651563 0.335417 2.000000 0.000000 0.000000 0.000000 0.671875 0.352083 2.000000 0.684375 0.347917 2.000000 0.675000 0.460417 2.000000 0.682813 0.456250 2.000000 0.671875 0.572917 2.000000 0.678125 0.554167 2.000000
0 0.814805 0.403948 0.107922 0.538729 0.796875 0.189583 2.000000 0.804688 0.179167 2.000000 0.000000 0.000000 0.000000 0.823438 0.193750 2.000000 0.000000 0.000000 0.000000 0.837500 0.235417 2.000000 0.000000 0.000000 0.000000 0.850000 0.306250 2.000000 0.000000 0.000000 0.000000 0.795312 0.345833 2.000000 0.778125 0.293750 2.000000 0.814063 0.385417 2.000000 0.000000 0.000000 0.000000 0.795312 0.491667 2.000000 0.000000 0.000000 0.000000 0.814063 0.641667 2.000000 0.814063 0.629167 2.000000
0 0.474203 0.517500 0.186375 0.749500 0.000000 0.000000 0.000000 0.000000 0.000000 0.000000 0.000000 0.000000 0.000000 0.000000 0.000000 0.000000 0.000000 0.000000 0.000000 0.414062 0.306250 2.000000 0.509375 0.293750 2.000000 0.000000 0.000000 0.000000 0.540625 0.450000 2.000000 0.000000 0.000000 0.000000 0.534375 0.525000 2.000000 0.439063 0.539583 1.000000 0.501563 0.537500 2.000000 0.437500 0.702083 2.000000 0.521875 0.679167 2.000000 0.454688 0.833333 2.000000 0.523438 0.808333 2.000000
0 0.872594 0.367344 0.053062 0.416854 0.000000 0.000000 0.000000 0.000000 0.000000 0.000000 0.000000 0.000000 0.000000 0.862500 0.195833 1.000000 0.000000 0.000000 0.000000 0.867188 0.250000 2.000000 0.879687 0.231250 2.000000 0.859375 0.314583 1.000000 0.000000 0.000000 0.000000 0.000000 0.000000 0.000000 0.000000 0.000000 0.000000 0.853125 0.395833 1.000000 0.867188 0.385417 1.000000 0.851562 0.468750 2.000000 0.000000 0.000000 0.000000 0.853125 0.554167 2.000000 0.000000 0.000000 0.000000
0 0.761602 0.277344 0.039734 0.239354 0.000000 0.000000 0.000000 0.000000 0.000000 0.000000 0.000000 0.000000 0.000000 0.754687 0.181250 2.000000 0.000000 0.000000 0.000000 0.745313 0.208333 1.000000 0.775000 0.208333 2.000000 0.000000 0.000000 0.000000 0.000000 0.000000 0.000000 0.000000 0.000000 0.000000 0.000000 0.000000 0.000000 0.750000 0.266667 1.000000 0.767188 0.266667 2.000000 0.742188 0.316667 1.000000 0.757812 0.320833 2.000000 0.742188 0.362500 1.000000 0.756250 0.368750 1.000000
0 0.619375 0.322490 0.042500 0.274938 0.000000 0.000000 0.000000 0.000000 0.000000 0.000000 0.000000 0.000000 0.000000 0.000000 0.000000 0.000000 0.000000 0.000000 0.000000 0.623437 0.254167 2.000000 0.621875 0.250000 2.000000 0.623437 0.291667 2.000000 0.000000 0.000000 0.000000 0.612500 0.320833 2.000000 0.000000 0.000000 0.000000 0.621875 0.322917 2.000000 0.623437 0.325000 2.000000 0.609375 0.379167 2.000000 0.626563 0.372917 2.000000 0.623437 0.435417 2.000000 0.631250 0.422917 2.000000
0 0.292898 0.261844 0.063328 0.173937 0.262500 0.204167 2.000000 0.264062 0.200000 2.000000 0.000000 0.000000 0.000000 0.271875 0.202083 2.000000 0.000000 0.000000 0.000000 0.260937 0.241667 1.000000 0.306250 0.241667 2.000000 0.000000 0.000000 0.000000 0.312500 0.281250 2.000000 0.000000 0.000000 0.000000 0.000000 0.000000 0.000000 0.275000 0.339583 1.000000 0.303125 0.337500 2.000000 0.275000 0.402083 1.000000 0.301563 0.393750 1.000000 0.000000 0.000000 0.000000 0.000000 0.000000 0.000000
0 0.539398 0.241812 0.071922 0.143500 0.000000 0.000000 0.000000 0.000000 0.000000 0.000000 0.000000 0.000000 0.000000 0.000000 0.000000 0.000000 0.000000 0.000000 0.000000 0.509375 0.245833 2.000000 0.551562 0.243750 2.000000 0.507812 0.316667 1.000000 0.562500 0.297917 2.000000 0.000000 0.000000 0.000000 0.000000 0.000000 0.000000 0.521875 0.366667 1.000000 0.551562 0.366667 1.000000 0.000000 0.000000 0.000000 0.000000 0.000000 0.000000 0.000000 0.000000 0.000000 0.000000 0.000000 0.000000
