0 0.500344 0.518732 0.100219 0.615728 0.484375 0.274648 2.000000 0.489063 0.260563 2.000000 0.479687 0.260563 2.000000 0.509375 0.258216 2.000000 0.000000 0.000000 0.000000 0.503125 0.300469 2.000000 0.525000 0.300469 2.000000 0.471875 0.408451 2.000000 0.000000 0.000000 0.000000 0.462500 0.438967 2.000000 0.000000 0.000000 0.000000 0.489063 0.471831 2.000000 0.517188 0.464789 2.000000 0.503125 0.638498 2.000000 0.531250 0.643192 2.000000 0.514062 0.776995 2.000000 0.539062 0.774648 2.000000
0 0.680578 0.500000 0.110688 0.644930 0.637500 0.241784 2.000000 0.650000 0.230047 2.000000 0.637500 0.232394 2.000000 0.673438 0.225352 2.000000 0.000000 0.000000 0.000000 0.687500 0.276995 2.000000 0.000000 0.000000 0.000000 0.706250 0.380282 2.000000 0.000000 0.000000 0.000000 0.664062 0.448357 2.000000 0.000000 0.000000 0.000000 0.690625 0.490610 2.000000 0.000000 0.000000 0.000000 0.690625 0.647887 2.000000 0.000000 0.000000 0.000000 0.701562 0.786385 2.000000 0.000000 0.000000 0.000000
0 0.828180 0.495458 0.101891 0.644484 0.818750 0.225352 2.000000 0.825000 0.215962 2.000000 0.814063 0.215962 2.000000 0.842187 0.225352 2.000000 0.000000 0.000000 0.000000 0.851562 0.302817 2.000000 0.800000 0.305164 2.000000 0.876563 0.401408 2.000000 0.793750 0.389671 2.000000 0.851562 0.460094 2.000000 0.790625 0.469484 2.000000 0.837500 0.523474 2.000000 0.810937 0.523474 2.000000 0.848437 0.638498 2.000000 0.821875 0.640845 2.000000 0.840625 0.772300 2.000000 0.851562 0.765258 2.000000
0 0.913922 0.457300 0.152562 0.770798 0.850000 0.154930 2.000000 0.854688 0.133803 2.000000 0.843750 0.140845 2.000000 0.882812 0.129108 2.000000 0.000000 0.000000 0.000000 0.925000 0.199531 2.000000 0.854688 0.241784 1.000000 0.948438 0.305164 2.000000 0.000000 0.000000 0.000000 0.935937 0.415493 2.000000 0.000000 0.000000 0.000000 0.929688 0.438967 2.000000 0.887500 0.443662 2.000000 0.935937 0.593897 2.000000 0.904687 0.600939 2.000000 0.960938 0.751174 2.000000 0.931250 0.762911 2.000000
0 0.332813 0.245692 0.321594 0.469648 0.407813 0.133803 2.000000 0.000000 0.000000 0.000000 0.407813 0.110329 2.000000 0.000000 0.000000 0.000000 0.400000 0.068075 2.000000 0.339062 0.124413 2.000000 0.340625 0.030516 2.000000 0.000000 0.000000 0.000000 0.393750 0.042254 2.000000 0.000000 0.000000 0.000000 0.442188 0.051643 2.000000 0.235937 0.265258 2.000000 0.215625 0.190141 2.000000 0.356250 0.248826 2.000000 0.325000 0.133803 2.000000 0.309375 0.408451 2.000000 0.323437 0.333333 2.000000
0 0.075711 0.677007 0.046516 0.265282 0.000000 0.000000 0.000000 0.000000 0.000000 0.000000 0.000000 0.000000 0.000000 0.065625 0.556338 1.000000 0.000000 0.000000 0.000000 0.057813 0.584507 1.000000 0.089063 0.589202 2.000000 0.000000 0.000000 0.000000 0.085938 0.633803 2.000000 0.000000 0.000000 0.000000 0.000000 0.000000 0.000000 0.064062 0.671362 1.000000 0.073438 0.671362 2.000000 0.062500 0.727700 2.000000 0.073438 0.727700 2.000000 0.065625 0.786385 2.000000 0.076563 0.781690 2.000000
0 0.125328 0.625646 0.056563 0.371526 0.109375 0.469484 2.000000 0.110937 0.462441 2.000000 0.103125 0.464789 2.000000 0.120313 0.464789 2.000000 0.000000 0.000000 0.000000 0.134375 0.502347 2.000000 0.117188 0.509390 2.000000 0.000000 0.000000 0.000000 0.000000 0.000000 0.000000 0.000000 0.000000 0.000000 0.000000 0.000000 0.000000 0.134375 0.589202 2.000000 0.118750 0.591549 2.000000 0.132812 0.685446 2.000000 0.118750 0.687793 2.000000 0.134375 0.767606 2.000000 0.117188 0.769953 2.000000
0 0.166867 0.606397 0.084547 0.422887 0.145313 0.427230 2.000000 0.148438 0.420188 2.000000 0.140625 0.422535 2.000000 0.162500 0.422535 2.000000 0.000000 0.000000 0.000000 0.168750 0.446009 2.000000 0.164062 0.446009 2.000000 0.181250 0.530516 2.000000 0.000000 0.000000 0.000000 0.160938 0.598592 2.000000 0.000000 0.000000 0.000000 0.176563 0.582160 2.000000 0.171875 0.579812 2.000000 0.160938 0.692488 2.000000 0.148438 0.687793 1.000000 0.178125 0.772300 2.000000 0.160938 0.776995 2.000000
0 0.257789 0.508533 0.094453 0.402465 0.253125 0.342723 2.000000 0.257812 0.335681 2.000000 0.246875 0.338028 2.000000 0.268750 0.345070 2.000000 0.239063 0.345070 2.000000 0.282813 0.399061 2.000000 0.237500 0.408451 2.000000 0.292187 0.469484 2.000000 0.228125 0.483568 2.000000 0.285938 0.537559 2.000000 0.218750 0.553991 2.000000 0.273438 0.561033 1.000000 0.245312 0.561033 2.000000 0.275000 0.664319 1.000000 0.251563 0.664319 2.000000 0.276562 0.774648 1.000000 0.253125 0.776995 1.000000
0 0.426773 0.525469 0.082484 0.589296 0.395313 0.281690 2.000000 0.403125 0.272300 2.000000 0.390625 0.276995 2.000000 0.420312 0.274648 2.000000 0.000000 0.000000 0.000000 0.418750 0.326291 2.000000 0.000000 0.000000 0.000000 0.000000 0.000000 0.000000 0.000000 0.000000 0.000000 0.000000 0.000000 0.000000 0.000000 0.000000 0.000000 0.000000 0.000000 0.000000 0.000000 0.000000 0.000000 0.000000 0.000000 0.000000 0.000000 0.000000 0.000000 0.000000 0.000000 0.000000 0.000000 0.000000 0.000000
0 0.577047 0.555798 0.080687 0.502160 0.543750 0.328638 2.000000 0.551562 0.321596 2.000000 0.540625 0.319249 1.000000 0.000000 0.000000 0.000000 0.000000 0.000000 0.000000 0.571875 0.382629 1.000000 0.000000 0.000000 0.000000 0.598437 0.455399 2.000000 0.000000 0.000000 0.000000 0.575000 0.464789 2.000000 0.000000 0.000000 0.000000 0.571875 0.539906 2.000000 0.537500 0.542254 1.000000 0.567187 0.652582 2.000000 0.539062 0.643192 2.000000 0.578125 0.774648 2.000000 0.550000 0.767606 1.000000
