0 0.303227 0.610211 0.214422 0.584403 0.000000 0.000000 0.000000 0.000000 0.000000 0.000000 0.000000 0.000000 0.000000 0.000000 0.000000 0.000000 0.000000 0.000000 0.000000 0.317188 0.437939 2.000000 0.287500 0.442623 2.000000 0.000000 0.000000 0.000000 0.225000 0.498829 2.000000 0.000000 0.000000 0.000000 0.245312 0.594848 2.000000 0.264062 0.538642 2.000000 0.240625 0.538642 2.000000 0.287500 0.681499 2.000000 0.276562 0.688525 2.000000 0.281250 0.859485 2.000000 0.267188 0.875878 2.000000
0 0.283531 0.489754 0.148031 0.698290 0.321875 0.248244 2.000000 0.000000 0.000000 0.000000 0.320312 0.229508 2.000000 0.000000 0.000000 0.000000 0.296875 0.203747 2.000000 0.290625 0.252927 2.000000 0.262500 0.250585 2.000000 0.301563 0.367681 1.000000 0.223438 0.365340 2.000000 0.331250 0.416862 1.000000 0.262500 0.419204 1.000000 0.270313 0.484778 1.000000 0.246875 0.487119 1.000000 0.248438 0.651054 1.000000 0.270313 0.658080 1.000000 0.239063 0.793911 2.000000 0.275000 0.807963 1.000000
0 0.108703 0.508993 0.214406 0.883138 0.156250 0.203747 2.000000 0.000000 0.000000 0.000000 0.160938 0.189696 2.000000 0.000000 0.000000 0.000000 0.142187 0.138173 2.000000 0.000000 0.000000 0.000000 0.082812 0.168618 2.000000 0.000000 0.000000 0.000000 0.018750 0.266979 2.000000 0.125000 0.327869 2.000000 0.095312 0.302108 2.000000 0.048438 0.461358 2.000000 0.081250 0.477752 2.000000 0.064062 0.662763 2.000000 0.145313 0.655738 2.000000 0.068750 0.908665 2.000000 0.065625 0.845433 2.000000
0 0.552469 0.794192 0.151063 0.394379 0.000000 0.000000 0.000000 0.000000 0.000000 0.000000 0.000000 0.000000 0.000000 0.543750 0.644028 2.000000 0.000000 0.000000 0.000000 0.510938 0.688525 2.000000 0.600000 0.700234 2.000000 0.485938 0.791569 2.000000 0.000000 0.000000 0.000000 0.000000 0.000000 0.000000 0.000000 0.000000 0.000000 0.512500 0.885246 2.000000 0.596875 0.885246 2.000000 0.000000 0.000000 0.000000 0.000000 0.000000 0.000000 0.000000 0.000000 0.000000 0.000000 0.000000 0.000000
0 0.725656 0.732576 0.212906 0.489883 0.000000 0.000000 0.000000 0.000000 0.000000 0.000000 0.000000 0.000000 0.000000 0.634375 0.578454 2.000000 0.000000 0.000000 0.000000 0.646875 0.662763 2.000000 0.731250 0.625293 2.000000 0.646875 0.814988 2.000000 0.000000 0.000000 0.000000 0.667188 0.936768 2.000000 0.000000 0.000000 0.000000 0.715625 0.882904 2.000000 0.785937 0.875878 2.000000 0.646875 0.782201 2.000000 0.754687 0.885246 2.000000 0.695312 0.932084 2.000000 0.778125 0.918033 2.000000
0 0.732609 0.655351 0.251063 0.531405 0.000000 0.000000 0.000000 0.629687 0.496487 2.000000 0.000000 0.000000 0.000000 0.646875 0.461358 2.000000 0.000000 0.000000 0.000000 0.684375 0.496487 2.000000 0.751563 0.449649 2.000000 0.000000 0.000000 0.000000 0.000000 0.000000 0.000000 0.000000 0.000000 0.000000 0.000000 0.000000 0.000000 0.000000 0.000000 0.000000 0.000000 0.000000 0.000000 0.000000 0.000000 0.000000 0.000000 0.000000 0.000000 0.000000 0.000000 0.000000 0.000000 0.000000 0.000000
0 0.649531 0.418501 0.148688 0.496628 0.626563 0.266979 2.000000 0.629687 0.248244 2.000000 0.614062 0.252927 2.000000 0.650000 0.236534 2.000000 0.000000 0.000000 0.000000 0.682813 0.316159 2.000000 0.598437 0.316159 2.000000 0.703125 0.412178 2.000000 0.590625 0.426230 2.000000 0.000000 0.000000 0.000000 0.585938 0.519906 2.000000 0.673438 0.524590 1.000000 0.614062 0.529274 2.000000 0.685937 0.662763 1.000000 0.612500 0.665105 1.000000 0.000000 0.000000 0.000000 0.000000 0.000000 0.000000
0 0.808875 0.383899 0.142437 0.548314 0.760938 0.217799 2.000000 0.767188 0.203747 2.000000 0.753125 0.213115 2.000000 0.793750 0.175644 2.000000 0.000000 0.000000 0.000000 0.828125 0.252927 2.000000 0.757812 0.271663 2.000000 0.862500 0.381733 2.000000 0.771875 0.358314 2.000000 0.795312 0.409836 2.000000 0.768750 0.395785 2.000000 0.831250 0.496487 2.000000 0.787500 0.487119 1.000000 0.828125 0.618267 1.000000 0.000000 0.000000 0.000000 0.000000 0.000000 0.000000 0.000000 0.000000 0.000000
0 0.411766 0.662986 0.202156 0.674028 0.000000 0.000000 0.000000 0.000000 0.000000 0.000000 0.000000 0.000000 0.000000 0.356250 0.440281 2.000000 0.395313 0.367681 2.000000 0.353125 0.484778 2.000000 0.464062 0.480094 2.000000 0.321875 0.637002 2.000000 0.490625 0.618267 2.000000 0.353125 0.756440 2.000000 0.437500 0.751756 2.000000 0.367188 0.777518 2.000000 0.442188 0.782201 2.000000 0.370312 0.950820 2.000000 0.435937 0.955504 2.000000 0.364063 0.934426 2.000000 0.412500 0.943794 2.000000
0 0.493953 0.425304 0.172250 0.117213 0.000000 0.000000 0.000000 0.000000 0.000000 0.000000 0.539062 0.459016 2.000000 0.000000 0.000000 0.000000 0.517188 0.419204 2.000000 0.000000 0.000000 0.000000 0.476562 0.437939 2.000000 0.000000 0.000000 0.000000 0.000000 0.000000 0.000000 0.000000 0.000000 0.000000 0.487500 0.517564 1.000000 0.000000 0.000000 0.000000 0.000000 0.000000 0.000000 0.000000 0.000000 0.000000 0.000000 0.000000 0.000000 0.000000 0.000000 0.000000 0.000000 0.000000 0.000000
