0 0.056086 0.451981 0.087266 0.375283 0.000000 0.000000 0.000000 0.000000 0.000000 0.000000 0.000000 0.000000 0.000000 0.000000 0.000000 0.000000 0.000000 0.000000 0.000000 0.045312 0.334232 2.000000 0.067187 0.331536 2.000000 0.021875 0.382749 1.000000 0.073438 0.393531 2.000000 0.000000 0.000000 0.000000 0.085938 0.436658 2.000000 0.000000 0.000000 0.000000 0.056250 0.447439 1.000000 0.071875 0.512129 2.000000 0.050000 0.520216 2.000000 0.078125 0.598383 2.000000 0.032813 0.601078 2.000000
0 0.182172 0.613922 0.131625 0.528275 0.000000 0.000000 0.000000 0.193750 0.398922 2.000000 0.182812 0.398922 2.000000 0.000000 0.000000 0.000000 0.171875 0.393531 2.000000 0.210938 0.458221 2.000000 0.153125 0.460916 2.000000 0.228125 0.533693 2.000000 0.134375 0.525606 2.000000 0.239063 0.603774 2.000000 0.123438 0.606469 2.000000 0.195312 0.614555 2.000000 0.160938 0.614555 2.000000 0.193750 0.727763 2.000000 0.162500 0.727763 2.000000 0.190625 0.840970 2.000000 0.170313 0.849057 2.000000
0 0.371914 0.466739 0.084672 0.390997 0.420312 0.307278 1.000000 0.000000 0.000000 0.000000 0.415625 0.296496 1.000000 0.000000 0.000000 0.000000 0.404687 0.299191 2.000000 0.396875 0.331536 2.000000 0.390625 0.336927 2.000000 0.415625 0.396226 1.000000 0.362500 0.380054 2.000000 0.423438 0.345013 1.000000 0.385937 0.412399 2.000000 0.390625 0.452830 2.000000 0.382812 0.444744 2.000000 0.428125 0.504043 1.000000 0.356250 0.536388 2.000000 0.435937 0.625337 1.000000 0.339062 0.630728 2.000000
0 0.455258 0.704906 0.107672 0.554987 0.479687 0.477089 2.000000 0.481250 0.463612 2.000000 0.470313 0.466307 2.000000 0.000000 0.000000 0.000000 0.451562 0.471698 2.000000 0.485938 0.520216 2.000000 0.434375 0.520216 2.000000 0.501563 0.606469 2.000000 0.414062 0.609164 2.000000 0.000000 0.000000 0.000000 0.435937 0.544474 2.000000 0.481250 0.684636 2.000000 0.437500 0.687332 2.000000 0.470313 0.830189 2.000000 0.437500 0.819407 2.000000 0.470313 0.943396 2.000000 0.434375 0.924528 2.000000
0 0.562820 0.610027 0.117641 0.400863 0.565625 0.463612 2.000000 0.570312 0.452830 2.000000 0.557813 0.455526 2.000000 0.578125 0.463612 2.000000 0.543750 0.463612 2.000000 0.593750 0.517520 2.000000 0.526563 0.522911 2.000000 0.604688 0.598383 2.000000 0.512500 0.614555 2.000000 0.614062 0.698113 2.000000 0.539062 0.609164 2.000000 0.584375 0.665768 2.000000 0.546875 0.673854 2.000000 0.598437 0.816712 1.000000 0.551562 0.824798 1.000000 0.000000 0.000000 0.000000 0.000000 0.000000 0.000000
0 0.715375 0.514906 0.087969 0.483720 0.000000 0.000000 0.000000 0.000000 0.000000 0.000000 0.000000 0.000000 0.000000 0.707812 0.312668 2.000000 0.000000 0.000000 0.000000 0.693750 0.361186 2.000000 0.746875 0.366577 2.000000 0.687500 0.436658 2.000000 0.754687 0.444744 2.000000 0.676562 0.506739 2.000000 0.750000 0.493261 2.000000 0.703125 0.482480 2.000000 0.735938 0.482480 2.000000 0.701562 0.601078 2.000000 0.735938 0.617251 2.000000 0.698438 0.730458 2.000000 0.729688 0.727763 2.000000
0 0.631563 0.483437 0.106344 0.545849 0.000000 0.000000 0.000000 0.000000 0.000000 0.000000 0.000000 0.000000 0.000000 0.620313 0.256065 2.000000 0.648438 0.258760 2.000000 0.598437 0.307278 2.000000 0.667188 0.318059 2.000000 0.584375 0.404313 2.000000 0.671875 0.412399 2.000000 0.576562 0.474394 1.000000 0.681250 0.495957 1.000000 0.617188 0.471698 2.000000 0.651563 0.471698 2.000000 0.625000 0.625337 2.000000 0.645312 0.625337 2.000000 0.617188 0.698113 1.000000 0.640625 0.714286 2.000000
0 0.539484 0.354798 0.093375 0.333315 0.537500 0.245283 2.000000 0.542188 0.239892 2.000000 0.532813 0.239892 2.000000 0.550000 0.237197 2.000000 0.526563 0.237197 2.000000 0.564063 0.285714 2.000000 0.512500 0.291105 2.000000 0.579688 0.345013 2.000000 0.495312 0.350404 2.000000 0.564063 0.342318 2.000000 0.510938 0.353100 2.000000 0.553125 0.412399 1.000000 0.526563 0.412399 2.000000 0.000000 0.000000 0.000000 0.532813 0.520216 1.000000 0.000000 0.000000 0.000000 0.000000 0.000000 0.000000
0 0.767617 0.275984 0.102359 0.267978 0.740625 0.194070 2.000000 0.745313 0.188679 2.000000 0.000000 0.000000 0.000000 0.760938 0.191375 2.000000 0.000000 0.000000 0.000000 0.789062 0.256065 2.000000 0.742188 0.239892 2.000000 0.804688 0.320755 2.000000 0.721875 0.285714 1.000000 0.785937 0.377358 1.000000 0.000000 0.000000 0.000000 0.770312 0.396226 2.000000 0.735938 0.390836 1.000000 0.000000 0.000000 0.000000 0.000000 0.000000 0.000000 0.000000 0.000000 0.000000 0.000000 0.000000 0.000000
0 0.599875 0.830337 0.173250 0.316846 0.604688 0.757412 2.000000 0.607812 0.738544 2.000000 0.595313 0.743935 2.000000 0.000000 0.000000 0.000000 0.570312 0.741240 2.000000 0.643750 0.840970 2.000000 0.535937 0.835580 2.000000 0.670312 0.959569 2.000000 0.512500 0.948787 1.000000 0.000000 0.000000 0.000000 0.000000 0.000000 0.000000 0.000000 0.000000 0.000000 0.000000 0.000000 0.000000 0.000000 0.000000 0.000000 0.000000 0.000000 0.000000 0.000000 0.000000 0.000000 0.000000 0.000000 0.000000
0 0.691531 0.249744 0.071656 0.160566 0.693750 0.202156 2.000000 0.000000 0.000000 0.000000 0.000000 0.000000 0.000000 0.000000 0.000000 0.000000 0.000000 0.000000 0.000000 0.714063 0.239892 2.000000 0.678125 0.239892 2.000000 0.000000 0.000000 0.000000 0.000000 0.000000 0.000000 0.000000 0.000000 0.000000 0.000000 0.000000 0.000000 0.000000 0.000000 0.000000 0.000000 0.000000 0.000000 0.000000 0.000000 0.000000 0.000000 0.000000 0.000000 0.000000 0.000000 0.000000 0.000000 0.000000 0.000000
