0 0.485773 0.522471 0.482766 0.905597 0.529687 0.325527 2.000000 0.553125 0.290398 2.000000 0.507812 0.274005 2.000000 0.604688 0.255269 2.000000 0.000000 0.000000 0.000000 0.673438 0.475410 2.000000 0.471875 0.437939 2.000000 0.695312 0.768150 2.000000 0.425000 0.639344 2.000000 0.539062 0.789227 2.000000 0.443750 0.704918 2.000000 0.593750 0.850117 2.000000 0.460938 0.807963 2.000000 0.510938 0.911007 2.000000 0.278125 0.548009 2.000000 0.000000 0.000000 0.000000 0.448437 0.854801 2.000000
0 0.218148 0.568536 0.436297 0.831452 0.317188 0.288056 2.000000 0.342187 0.266979 2.000000 0.309375 0.266979 2.000000 0.396875 0.292740 2.000000 0.000000 0.000000 0.000000 0.395313 0.466042 2.000000 0.262500 0.430913 2.000000 0.259375 0.620609 1.000000 0.165625 0.569087 2.000000 0.292187 0.426230 2.000000 0.226562 0.639344 1.000000 0.000000 0.000000 0.000000 0.000000 0.000000 0.000000 0.000000 0.000000 0.000000 0.000000 0.000000 0.000000 0.000000 0.000000 0.000000 0.000000 0.000000 0.000000
0 0.867953 0.530972 0.264094 0.685316 0.923438 0.281030 2.000000 0.940625 0.269321 2.000000 0.912500 0.262295 2.000000 0.965625 0.297424 2.000000 0.000000 0.000000 0.000000 0.978125 0.393443 2.000000 0.831250 0.365340 2.000000 0.000000 0.000000 0.000000 0.782813 0.491803 2.000000 0.956250 0.362998 2.000000 0.750000 0.550351 2.000000 0.881250 0.655738 1.000000 0.773438 0.629977 2.000000 0.796875 0.721311 2.000000 0.812500 0.580796 2.000000 0.765625 0.950820 1.000000 0.846875 0.789227 1.000000
0 0.790883 0.243817 0.100453 0.186511 0.762500 0.234192 2.000000 0.767188 0.222482 2.000000 0.756250 0.222482 2.000000 0.789062 0.196721 2.000000 0.000000 0.000000 0.000000 0.818750 0.243560 2.000000 0.759375 0.248244 2.000000 0.000000 0.000000 0.000000 0.000000 0.000000 0.000000 0.000000 0.000000 0.000000 0.000000 0.000000 0.000000 0.000000 0.000000 0.000000 0.000000 0.000000 0.000000 0.000000 0.000000 0.000000 0.000000 0.000000 0.000000 0.000000 0.000000 0.000000 0.000000 0.000000 0.000000
0 0.855500 0.226487 0.105531 0.211241 0.854688 0.170960 2.000000 0.865625 0.163934 2.000000 0.848437 0.161593 2.000000 0.882812 0.182670 2.000000 0.000000 0.000000 0.000000 0.900000 0.252927 2.000000 0.820312 0.264637 2.000000 0.000000 0.000000 0.000000 0.834375 0.330211 1.000000 0.000000 0.000000 0.000000 0.854688 0.231850 2.000000 0.000000 0.000000 0.000000 0.000000 0.000000 0.000000 0.000000 0.000000 0.000000 0.000000 0.000000 0.000000 0.000000 0.000000 0.000000 0.000000 0.000000 0.000000
0 0.676891 0.247974 0.104844 0.169813 0.643750 0.229508 2.000000 0.650000 0.217799 2.000000 0.635938 0.220141 2.000000 0.670312 0.215457 2.000000 0.000000 0.000000 0.000000 0.689063 0.255269 2.000000 0.629687 0.257611 2.000000 0.695312 0.346604 1.000000 0.000000 0.000000 0.000000 0.000000 0.000000 0.000000 0.000000 0.000000 0.000000 0.000000 0.000000 0.000000 0.000000 0.000000 0.000000 0.000000 0.000000 0.000000 0.000000 0.000000 0.000000 0.000000 0.000000 0.000000 0.000000 0.000000 0.000000
0 0.199914 0.361300 0.163172 0.359883 0.185938 0.283372 2.000000 0.207813 0.255269 2.000000 0.182812 0.262295 2.000000 0.257812 0.288056 2.000000 0.000000 0.000000 0.000000 0.275000 0.433255 1.000000 0.156250 0.412178 2.000000 0.000000 0.000000 0.000000 0.000000 0.000000 0.000000 0.000000 0.000000 0.000000 0.000000 0.000000 0.000000 0.000000 0.000000 0.000000 0.000000 0.000000 0.000000 0.000000 0.000000 0.000000 0.000000 0.000000 0.000000 0.000000 0.000000 0.000000 0.000000 0.000000 0.000000
0 0.065453 0.413220 0.130906 0.377916 0.054688 0.285714 2.000000 0.071875 0.276347 2.000000 0.050000 0.271663 2.000000 0.089063 0.297424 2.000000 0.000000 0.000000 0.000000 0.106250 0.330211 2.000000 0.014063 0.332553 2.000000 0.112500 0.437939 1.000000 0.014063 0.447307 2.000000 0.096875 0.341920 2.000000 0.034375 0.334895 2.000000 0.089063 0.519906 1.000000 0.018750 0.519906 2.000000 0.000000 0.000000 0.000000 0.000000 0.000000 0.000000 0.000000 0.000000 0.000000 0.000000 0.000000 0.000000
0 0.440797 0.219098 0.065969 0.173044 0.454688 0.194379 2.000000 0.453125 0.182670 2.000000 0.445312 0.182670 2.000000 0.000000 0.000000 0.000000 0.421875 0.192037 2.000000 0.464062 0.248244 2.000000 0.396875 0.241218 1.000000 0.000000 0.000000 0.000000 0.395313 0.288056 1.000000 0.000000 0.000000 0.000000 0.446875 0.255269 2.000000 0.000000 0.000000 0.000000 0.000000 0.000000 0.000000 0.000000 0.000000 0.000000 0.000000 0.000000 0.000000 0.000000 0.000000 0.000000 0.000000 0.000000 0.000000
0 0.137992 0.347740 0.072953 0.327986 0.118750 0.234192 2.000000 0.128125 0.222482 2.000000 0.110937 0.220141 2.000000 0.143750 0.245902 2.000000 0.103125 0.227166 2.000000 0.157812 0.306792 2.000000 0.000000 0.000000 0.000000 0.148438 0.405152 1.000000 0.000000 0.000000 0.000000 0.129688 0.320843 2.000000 0.000000 0.000000 0.000000 0.000000 0.000000 0.000000 0.000000 0.000000 0.000000 0.000000 0.000000 0.000000 0.000000 0.000000 0.000000 0.000000 0.000000 0.000000 0.000000 0.000000 0.000000
0 0.805375 0.400222 0.152438 0.302553 0.826562 0.304450 2.000000 0.840625 0.295082 2.000000 0.820312 0.295082 2.000000 0.868750 0.320843 2.000000 0.000000 0.000000 0.000000 0.890625 0.402810 1.000000 0.800000 0.395785 1.000000 0.000000 0.000000 0.000000 0.740625 0.545667 1.000000 0.000000 0.000000 0.000000 0.782813 0.393443 2.000000 0.000000 0.000000 0.000000 0.000000 0.000000 0.000000 0.000000 0.000000 0.000000 0.000000 0.000000 0.000000 0.000000 0.000000 0.000000 0.000000 0.000000 0.000000
0 0.469000 0.332553 0.102594 0.261171 0.476562 0.281030 2.000000 0.489063 0.262295 1.000000 0.471875 0.266979 2.000000 0.000000 0.000000 0.000000 0.000000 0.000000 0.000000 0.529687 0.334895 1.000000 0.473438 0.339578 2.000000 0.501563 0.437939 1.000000 0.432812 0.423888 2.000000 0.475000 0.362998 2.000000 0.000000 0.000000 0.000000 0.000000 0.000000 0.000000 0.000000 0.000000 0.000000 0.000000 0.000000 0.000000 0.000000 0.000000 0.000000 0.000000 0.000000 0.000000 0.000000 0.000000 0.000000
