0 0.537094 0.577087 0.121219 0.633053 0.490625 0.352025 2.000000 0.493750 0.333333 2.000000 0.485938 0.339564 2.000000 0.515625 0.327103 2.000000 0.000000 0.000000 0.000000 0.553125 0.401869 2.000000 0.487500 0.423676 1.000000 0.578125 0.495327 2.000000 0.000000 0.000000 0.000000 0.554688 0.526480 2.000000 0.000000 0.000000 0.000000 0.553125 0.566978 2.000000 0.493750 0.566978 1.000000 0.542188 0.629283 2.000000 0.000000 0.000000 0.000000 0.531250 0.828660 2.000000 0.000000 0.000000 0.000000
0 0.465781 0.261277 0.059875 0.175514 0.470313 0.214953 2.000000 0.475000 0.205607 2.000000 0.465625 0.205607 2.000000 0.478125 0.214953 2.000000 0.460938 0.214953 2.000000 0.481250 0.274143 2.000000 0.446875 0.277259 2.000000 0.000000 0.000000 0.000000 0.000000 0.000000 0.000000 0.000000 0.000000 0.000000 0.000000 0.000000 0.000000 0.000000 0.000000 0.000000 0.000000 0.000000 0.000000 0.000000 0.000000 0.000000 0.000000 0.000000 0.000000 0.000000 0.000000 0.000000 0.000000 0.000000 0.000000
0 0.084539 0.555062 0.142016 0.683146 0.000000 0.000000 0.000000 0.000000 0.000000 0.000000 0.000000 0.000000 0.000000 0.082812 0.267913 2.000000 0.110937 0.271028 2.000000 0.065625 0.336449 2.000000 0.132812 0.348910 2.000000 0.043750 0.445483 2.000000 0.145313 0.454829 2.000000 0.000000 0.000000 0.000000 0.000000 0.000000 0.000000 0.071875 0.523364 2.000000 0.109375 0.529595 2.000000 0.054688 0.632399 2.000000 0.103125 0.669782 2.000000 0.040625 0.791277 2.000000 0.098437 0.856698 2.000000
0 0.831305 0.445966 0.059828 0.314735 0.809375 0.330218 2.000000 0.000000 0.000000 0.000000 0.807813 0.323988 2.000000 0.817187 0.311526 2.000000 0.000000 0.000000 0.000000 0.835938 0.330218 2.000000 0.818750 0.348910 2.000000 0.853125 0.370717 2.000000 0.000000 0.000000 0.000000 0.851562 0.411215 2.000000 0.000000 0.000000 0.000000 0.843750 0.423676 2.000000 0.826562 0.429907 2.000000 0.842187 0.504673 2.000000 0.828125 0.507788 2.000000 0.840625 0.573209 2.000000 0.829688 0.570093 2.000000
0 0.260813 0.547259 0.124687 0.626542 0.251563 0.299065 2.000000 0.257812 0.289720 2.000000 0.000000 0.000000 0.000000 0.276562 0.289720 2.000000 0.000000 0.000000 0.000000 0.296875 0.339564 2.000000 0.281250 0.345794 2.000000 0.268750 0.420561 2.000000 0.256250 0.408100 2.000000 0.229687 0.386293 2.000000 0.229687 0.408100 2.000000 0.259375 0.573209 2.000000 0.240625 0.579439 2.000000 0.273438 0.704050 2.000000 0.229687 0.651090 2.000000 0.273438 0.828660 2.000000 0.228125 0.760125 2.000000
0 0.175680 0.325093 0.076234 0.269065 0.176563 0.242991 2.000000 0.181250 0.230530 2.000000 0.171875 0.233645 2.000000 0.000000 0.000000 0.000000 0.156250 0.236760 2.000000 0.200000 0.308411 1.000000 0.157812 0.320872 2.000000 0.000000 0.000000 0.000000 0.000000 0.000000 0.000000 0.000000 0.000000 0.000000 0.000000 0.000000 0.000000 0.200000 0.457944 1.000000 0.173437 0.461059 1.000000 0.000000 0.000000 0.000000 0.000000 0.000000 0.000000 0.000000 0.000000 0.000000 0.000000 0.000000 0.000000
0 0.172063 0.693193 0.110219 0.378910 0.000000 0.000000 0.000000 0.000000 0.000000 0.000000 0.000000 0.000000 0.000000 0.151562 0.492212 1.000000 0.175000 0.485981 1.000000 0.142187 0.529595 2.000000 0.198437 0.520249 1.000000 0.132812 0.604361 2.000000 0.000000 0.000000 0.000000 0.128125 0.660436 2.000000 0.000000 0.000000 0.000000 0.184375 0.626168 2.000000 0.215625 0.632399 2.000000 0.137500 0.691589 2.000000 0.184375 0.710280 2.000000 0.153125 0.841121 2.000000 0.198437 0.816199 2.000000
0 0.041008 0.494455 0.082016 0.667726 0.000000 0.000000 0.000000 0.000000 0.000000 0.000000 0.000000 0.000000 0.000000 0.000000 0.000000 0.000000 0.000000 0.000000 0.000000 0.000000 0.000000 0.000000 0.045312 0.286604 2.000000 0.000000 0.000000 0.000000 0.073438 0.286604 2.000000 0.000000 0.000000 0.000000 0.060937 0.224299 2.000000 0.000000 0.000000 0.000000 0.023438 0.517134 2.000000 0.000000 0.000000 0.000000 0.007812 0.626168 2.000000 0.000000 0.000000 0.000000 0.000000 0.728972 2.000000
0 0.598289 0.400623 0.049109 0.262368 0.590625 0.314642 2.000000 0.596875 0.308411 2.000000 0.589063 0.305296 2.000000 0.607812 0.320872 2.000000 0.000000 0.000000 0.000000 0.615625 0.376947 2.000000 0.584375 0.370717 2.000000 0.598437 0.439252 2.000000 0.000000 0.000000 0.000000 0.000000 0.000000 0.000000 0.000000 0.000000 0.000000 0.595313 0.495327 2.000000 0.578125 0.485981 1.000000 0.000000 0.000000 0.000000 0.000000 0.000000 0.000000 0.000000 0.000000 0.000000 0.000000 0.000000 0.000000
0 0.883836 0.460405 0.046609 0.223988 0.885938 0.376947 2.000000 0.889062 0.373832 2.000000 0.884375 0.373832 2.000000 0.000000 0.000000 0.000000 0.000000 0.000000 0.000000 0.895312 0.389408 2.000000 0.873437 0.389408 2.000000 0.903125 0.420561 2.000000 0.865625 0.414330 2.000000 0.892188 0.417445 2.000000 0.881250 0.417445 2.000000 0.890625 0.461059 2.000000 0.878125 0.461059 2.000000 0.892188 0.507788 2.000000 0.878125 0.507788 2.000000 0.896875 0.557632 2.000000 0.881250 0.557632 2.000000
0 0.316672 0.379891 0.047906 0.479221 0.000000 0.000000 0.000000 0.000000 0.000000 0.000000 0.000000 0.000000 0.000000 0.301563 0.190031 1.000000 0.000000 0.000000 0.000000 0.310937 0.258567 2.000000 0.000000 0.000000 0.000000 0.310937 0.361371 2.000000 0.000000 0.000000 0.000000 0.000000 0.000000 0.000000 0.000000 0.000000 0.000000 0.317188 0.448598 1.000000 0.000000 0.000000 0.000000 0.310937 0.566978 1.000000 0.000000 0.000000 0.000000 0.309375 0.741433 1.000000 0.000000 0.000000 0.000000
0 0.413977 0.364922 0.084422 0.245732 0.000000 0.000000 0.000000 0.000000 0.000000 0.000000 0.000000 0.000000 0.000000 0.000000 0.000000 0.000000 0.000000 0.000000 0.000000 0.400000 0.345794 2.000000 0.442188 0.342679 2.000000 0.385937 0.439252 2.000000 0.000000 0.000000 0.000000 0.000000 0.000000 0.000000 0.000000 0.000000 0.000000 0.000000 0.000000 0.000000 0.000000 0.000000 0.000000 0.000000 0.000000 0.000000 0.000000 0.000000 0.000000 0.000000 0.000000 0.000000 0.000000 0.000000 0.000000
