0 0.316852 0.558430 0.462922 0.856172 0.518750 0.226562 2.000000 0.000000 0.000000 0.000000 0.507812 0.206250 2.000000 0.000000 0.000000 0.000000 0.479687 0.220312 2.000000 0.346875 0.246875 2.000000 0.442188 0.279687 2.000000 0.362500 0.451562 2.000000 0.435937 0.478125 2.000000 0.490625 0.509375 2.000000 0.496875 0.537500 2.000000 0.126562 0.445312 2.000000 0.215625 0.450000 2.000000 0.184375 0.689063 2.000000 0.301563 0.712500 2.000000 0.156250 0.909375 2.000000 0.321875 0.965625 2.000000
0 0.337406 0.097133 0.201313 0.194266 0.306250 0.025000 2.000000 0.000000 0.000000 0.000000 0.000000 0.000000 0.000000 0.000000 0.000000 0.000000 0.276562 0.021875 2.000000 0.334375 0.081250 2.000000 0.268750 0.073438 2.000000 0.000000 0.000000 0.000000 0.300000 0.150000 2.000000 0.000000 0.000000 0.000000 0.000000 0.000000 0.000000 0.000000 0.000000 0.000000 0.325000 0.173437 2.000000 0.403125 0.085938 2.000000 0.373437 0.085938 2.000000 0.442188 0.164062 1.000000 0.417187 0.175000 1.000000
0 0.935953 0.139328 0.128094 0.274156 0.000000 0.000000 0.000000 0.000000 0.000000 0.000000 0.000000 0.000000 0.000000 0.000000 0.000000 0.000000 0.920312 0.010937 2.000000 0.967187 0.051562 2.000000 0.903125 0.060937 2.000000 0.989062 0.112500 2.000000 0.926562 0.137500 2.000000 0.000000 0.000000 0.000000 0.989062 0.142187 2.000000 0.976562 0.159375 2.000000 0.937500 0.168750 1.000000 0.000000 0.000000 0.000000 0.000000 0.000000 0.000000 0.000000 0.000000 0.000000 0.000000 0.000000 0.000000
0 0.654289 0.078516 0.195703 0.157031 0.651563 0.023438 2.000000 0.000000 0.000000 0.000000 0.643750 0.018750 2.000000 0.000000 0.000000 0.000000 0.623437 0.023438 2.000000 0.645312 0.054688 2.000000 0.595313 0.054688 2.000000 0.665625 0.104688 2.000000 0.601562 0.132812 1.000000 0.676562 0.132812 2.000000 0.671875 0.151562 1.000000 0.000000 0.000000 0.000000 0.000000 0.000000 0.000000 0.000000 0.000000 0.000000 0.000000 0.000000 0.000000 0.000000 0.000000 0.000000 0.000000 0.000000 0.000000
0 0.848062 0.141828 0.194344 0.283656 0.806250 0.045312 2.000000 0.000000 0.000000 0.000000 0.798438 0.037500 2.000000 0.000000 0.000000 0.000000 0.770312 0.034375 2.000000 0.804688 0.082812 2.000000 0.734375 0.084375 1.000000 0.892188 0.146875 2.000000 0.743750 0.164062 1.000000 0.846875 0.135937 2.000000 0.825000 0.148438 1.000000 0.818750 0.217188 1.000000 0.765625 0.218750 1.000000 0.000000 0.000000 0.000000 0.000000 0.000000 0.000000 0.000000 0.000000 0.000000 0.000000 0.000000 0.000000
0 0.510867 0.056945 0.116922 0.111609 0.520312 0.026562 2.000000 0.523438 0.020313 2.000000 0.515625 0.021875 2.000000 0.000000 0.000000 0.000000 0.000000 0.000000 0.000000 0.000000 0.000000 0.000000 0.000000 0.000000 0.000000 0.000000 0.000000 0.000000 0.000000 0.000000 0.000000 0.000000 0.000000 0.000000 0.000000 0.000000 0.000000 0.000000 0.000000 0.000000 0.000000 0.000000 0.000000 0.000000 0.000000 0.000000 0.000000 0.000000 0.000000 0.000000 0.000000 0.000000 0.000000 0.000000 0.000000
0 0.051289 0.104547 0.102578 0.209094 0.025000 0.025000 2.000000 0.000000 0.000000 0.000000 0.000000 0.000000 0.000000 0.000000 0.000000 0.000000 0.018750 0.018750 2.000000 0.031250 0.076563 2.000000 0.000000 0.000000 0.000000 0.060937 0.131250 2.000000 0.000000 0.000000 0.000000 0.000000 0.000000 0.000000 0.000000 0.000000 0.000000 0.000000 0.000000 0.000000 0.000000 0.000000 0.000000 0.000000 0.000000 0.000000 0.000000 0.000000 0.000000 0.000000 0.000000 0.000000 0.000000 0.000000 0.000000
0 0.473625 0.093203 0.240813 0.186406 0.000000 0.000000 0.000000 0.000000 0.000000 0.000000 0.000000 0.000000 0.000000 0.000000 0.000000 0.000000 0.400000 0.004687 2.000000 0.439063 0.046875 2.000000 0.360938 0.043750 1.000000 0.000000 0.000000 0.000000 0.000000 0.000000 0.000000 0.000000 0.000000 0.000000 0.000000 0.000000 0.000000 0.000000 0.000000 0.000000 0.000000 0.000000 0.000000 0.000000 0.000000 0.000000 0.000000 0.000000 0.000000 0.000000 0.000000 0.000000 0.000000 0.000000 0.000000
0 0.758344 0.093703 0.170719 0.169594 0.000000 0.000000 0.000000 0.000000 0.000000 0.000000 0.000000 0.000000 0.000000 0.000000 0.000000 0.000000 0.775000 0.035937 1.000000 0.798438 0.081250 1.000000 0.743750 0.073438 2.000000 0.000000 0.000000 0.000000 0.767188 0.131250 2.000000 0.000000 0.000000 0.000000 0.820312 0.134375 2.000000 0.000000 0.000000 0.000000 0.000000 0.000000 0.000000 0.000000 0.000000 0.000000 0.000000 0.000000 0.000000 0.000000 0.000000 0.000000 0.000000 0.000000 0.000000
0 0.186680 0.101016 0.218109 0.198094 0.000000 0.000000 0.000000 0.000000 0.000000 0.000000 0.000000 0.000000 0.000000 0.000000 0.000000 0.000000 0.128125 0.004687 2.000000 0.181250 0.045312 1.000000 0.115625 0.046875 2.000000 0.220312 0.098437 2.000000 0.142187 0.126562 2.000000 0.173437 0.098437 2.000000 0.190625 0.104688 2.000000 0.206250 0.146875 2.000000 0.156250 0.151562 2.000000 0.281250 0.179688 2.000000 0.200000 0.181250 2.000000 0.000000 0.000000 0.000000 0.000000 0.000000 0.000000
