0 0.505188 0.670399 0.210437 0.582958 0.585938 0.443662 2.000000 0.593750 0.434272 2.000000 0.578125 0.427230 2.000000 0.000000 0.000000 0.000000 0.562500 0.431925 2.000000 0.579688 0.514085 2.000000 0.521875 0.467136 2.000000 0.570312 0.575117 2.000000 0.535937 0.507042 2.000000 0.592187 0.624413 2.000000 0.560937 0.558685 2.000000 0.510938 0.657277 2.000000 0.453125 0.629108 2.000000 0.510938 0.758216 2.000000 0.442188 0.793427 2.000000 0.526563 0.906103 2.000000 0.407813 0.776995 2.000000
0 0.871297 0.647195 0.151063 0.575282 0.801562 0.408451 1.000000 0.807813 0.394366 2.000000 0.000000 0.000000 0.000000 0.832812 0.399061 2.000000 0.000000 0.000000 0.000000 0.862500 0.450704 2.000000 0.823438 0.460094 2.000000 0.906250 0.525822 2.000000 0.000000 0.000000 0.000000 0.925000 0.605634 2.000000 0.000000 0.000000 0.000000 0.856250 0.638498 2.000000 0.829688 0.640845 2.000000 0.820312 0.741784 2.000000 0.857812 0.755869 2.000000 0.834375 0.899061 2.000000 0.876563 0.903756 2.000000
0 0.867125 0.265458 0.065031 0.148474 0.860938 0.223005 2.000000 0.862500 0.213615 2.000000 0.856250 0.213615 2.000000 0.868750 0.215962 2.000000 0.000000 0.000000 0.000000 0.882812 0.241784 2.000000 0.846875 0.241784 2.000000 0.884375 0.274648 2.000000 0.842187 0.276995 2.000000 0.862500 0.300469 2.000000 0.854688 0.300469 2.000000 0.000000 0.000000 0.000000 0.000000 0.000000 0.000000 0.000000 0.000000 0.000000 0.000000 0.000000 0.000000 0.000000 0.000000 0.000000 0.000000 0.000000 0.000000
0 0.623641 0.270892 0.058094 0.129765 0.000000 0.000000 0.000000 0.000000 0.000000 0.000000 0.000000 0.000000 0.000000 0.618750 0.223005 1.000000 0.634375 0.227700 2.000000 0.607812 0.239437 1.000000 0.635938 0.241784 2.000000 0.603125 0.262911 2.000000 0.646875 0.269953 2.000000 0.598437 0.288732 2.000000 0.648438 0.300469 2.000000 0.610938 0.305164 2.000000 0.629687 0.302817 2.000000 0.000000 0.000000 0.000000 0.000000 0.000000 0.000000 0.000000 0.000000 0.000000 0.000000 0.000000 0.000000
0 0.379391 0.094812 0.052594 0.162535 0.373437 0.032864 2.000000 0.376563 0.028169 2.000000 0.370312 0.028169 2.000000 0.379688 0.028169 2.000000 0.000000 0.000000 0.000000 0.392188 0.049296 1.000000 0.360938 0.044601 2.000000 0.395313 0.082160 2.000000 0.354687 0.077465 2.000000 0.378125 0.070423 2.000000 0.370312 0.091549 2.000000 0.384375 0.105634 2.000000 0.370312 0.107981 2.000000 0.387500 0.152582 1.000000 0.373437 0.152582 1.000000 0.000000 0.000000 0.000000 0.000000 0.000000 0.000000
0 0.735328 0.225516 0.060562 0.125211 0.734375 0.194836 2.000000 0.735938 0.192488 2.000000 0.731250 0.192488 2.000000 0.740625 0.187793 2.000000 0.725000 0.183099 2.000000 0.748437 0.194836 2.000000 0.714063 0.199531 2.000000 0.759375 0.230047 2.000000 0.717187 0.237089 2.000000 0.746875 0.241784 2.000000 0.732812 0.244131 2.000000 0.746875 0.253521 2.000000 0.723437 0.253521 2.000000 0.759375 0.262911 2.000000 0.726562 0.267606 1.000000 0.000000 0.000000 0.000000 0.000000 0.000000 0.000000
0 0.410391 0.615059 0.066875 0.295516 0.428125 0.511737 2.000000 0.431250 0.500000 2.000000 0.421875 0.502347 2.000000 0.000000 0.000000 0.000000 0.409375 0.500000 2.000000 0.435937 0.553991 2.000000 0.392188 0.558685 2.000000 0.437500 0.615023 1.000000 0.392188 0.636150 2.000000 0.000000 0.000000 0.000000 0.407813 0.692488 2.000000 0.000000 0.000000 0.000000 0.000000 0.000000 0.000000 0.000000 0.000000 0.000000 0.000000 0.000000 0.000000 0.000000 0.000000 0.000000 0.000000 0.000000 0.000000
0 0.279516 0.267805 0.051625 0.125141 0.278125 0.225352 2.000000 0.279687 0.220657 2.000000 0.275000 0.223005 2.000000 0.000000 0.000000 0.000000 0.267188 0.220657 2.000000 0.289062 0.237089 2.000000 0.260937 0.239437 2.000000 0.298438 0.255869 2.000000 0.257812 0.274648 2.000000 0.285938 0.237089 2.000000 0.268750 0.286385 2.000000 0.287500 0.291080 2.000000 0.267188 0.293427 2.000000 0.300000 0.302817 2.000000 0.264062 0.305164 2.000000 0.000000 0.000000 0.000000 0.265625 0.342723 1.000000
0 0.582180 0.222723 0.040672 0.240235 0.000000 0.000000 0.000000 0.000000 0.000000 0.000000 0.000000 0.000000 0.000000 0.582812 0.154930 2.000000 0.000000 0.000000 0.000000 0.568750 0.183099 2.000000 0.593750 0.176056 2.000000 0.565625 0.218310 2.000000 0.596875 0.147887 2.000000 0.000000 0.000000 0.000000 0.589063 0.119718 2.000000 0.573438 0.230047 2.000000 0.589063 0.230047 2.000000 0.567187 0.284038 2.000000 0.587500 0.272300 2.000000 0.573438 0.316901 2.000000 0.589063 0.323944 2.000000
0 0.320992 0.771232 0.141766 0.267535 0.000000 0.000000 0.000000 0.000000 0.000000 0.000000 0.000000 0.000000 0.000000 0.000000 0.000000 0.000000 0.000000 0.000000 0.000000 0.296875 0.676056 2.000000 0.340625 0.699531 2.000000 0.267188 0.744131 2.000000 0.340625 0.791080 2.000000 0.000000 0.000000 0.000000 0.321875 0.870892 2.000000 0.329688 0.776995 2.000000 0.362500 0.793427 2.000000 0.264062 0.769953 2.000000 0.375000 0.896714 1.000000 0.273438 0.877934 2.000000 0.000000 0.000000 0.000000
