0 0.213484 0.202242 0.377531 0.391016 0.151562 0.292187 2.000000 0.212500 0.240625 2.000000 0.115625 0.242188 2.000000 0.000000 0.000000 0.000000 0.000000 0.000000 0.000000 0.335938 0.407813 1.000000 0.000000 0.000000 0.000000 0.000000 0.000000 0.000000 0.000000 0.000000 0.000000 0.418750 0.142187 1.000000 0.000000 0.000000 0.000000 0.000000 0.000000 0.000000 0.000000 0.000000 0.000000 0.000000 0.000000 0.000000 0.000000 0.000000 0.000000 0.000000 0.000000 0.000000 0.000000 0.000000 0.000000
0 0.502688 0.719766 0.139781 0.161719 0.517188 0.704688 2.000000 0.528125 0.698438 2.000000 0.487500 0.695312 2.000000 0.545312 0.714063 2.000000 0.460938 0.720313 2.000000 0.000000 0.000000 0.000000 0.000000 0.000000 0.000000 0.000000 0.000000 0.000000 0.000000 0.000000 0.000000 0.000000 0.000000 0.000000 0.000000 0.000000 0.000000 0.000000 0.000000 0.000000 0.000000 0.000000 0.000000 0.000000 0.000000 0.000000 0.000000 0.000000 0.000000 0.000000 0.000000 0.000000 0.000000 0.000000 0.000000
0 0.119414 0.523766 0.158422 0.150750 0.156250 0.490625 2.000000 0.160938 0.493750 2.000000 0.137500 0.476562 2.000000 0.000000 0.000000 0.000000 0.104688 0.484375 2.000000 0.164062 0.559375 2.000000 0.059375 0.556250 2.000000 0.000000 0.000000 0.000000 0.000000 0.000000 0.000000 0.000000 0.000000 0.000000 0.053125 0.587500 2.000000 0.000000 0.000000 0.000000 0.000000 0.000000 0.000000 0.000000 0.000000 0.000000 0.000000 0.000000 0.000000 0.000000 0.000000 0.000000 0.000000 0.000000 0.000000
0 0.103078 0.903469 0.195125 0.189938 0.089063 0.904687 2.000000 0.107813 0.878125 2.000000 0.068750 0.885938 2.000000 0.125000 0.875000 2.000000 0.043750 0.890625 2.000000 0.173437 0.976562 2.000000 0.021875 0.981250 2.000000 0.000000 0.000000 0.000000 0.000000 0.000000 0.000000 0.000000 0.000000 0.000000 0.000000 0.000000 0.000000 0.000000 0.000000 0.000000 0.000000 0.000000 0.000000 0.000000 0.000000 0.000000 0.000000 0.000000 0.000000 0.000000 0.000000 0.000000 0.000000 0.000000 0.000000
0 0.510109 0.894531 0.175281 0.188750 0.498437 0.909375 2.000000 0.512500 0.875000 2.000000 0.470313 0.896875 2.000000 0.545312 0.873437 2.000000 0.459375 0.921875 2.000000 0.000000 0.000000 0.000000 0.000000 0.000000 0.000000 0.000000 0.000000 0.000000 0.000000 0.000000 0.000000 0.000000 0.000000 0.000000 0.000000 0.000000 0.000000 0.000000 0.000000 0.000000 0.000000 0.000000 0.000000 0.000000 0.000000 0.000000 0.000000 0.000000 0.000000 0.000000 0.000000 0.000000 0.000000 0.000000 0.000000
0 0.103375 0.698875 0.197750 0.206750 0.101562 0.703125 2.000000 0.120313 0.675000 2.000000 0.075000 0.676562 2.000000 0.000000 0.000000 0.000000 0.000000 0.000000 0.000000 0.187500 0.768750 2.000000 0.032813 0.787500 2.000000 0.000000 0.000000 0.000000 0.000000 0.000000 0.000000 0.000000 0.000000 0.000000 0.000000 0.000000 0.000000 0.000000 0.000000 0.000000 0.000000 0.000000 0.000000 0.000000 0.000000 0.000000 0.000000 0.000000 0.000000 0.000000 0.000000 0.000000 0.000000 0.000000 0.000000
0 0.296578 0.721242 0.185656 0.168016 0.284375 0.656250 2.000000 0.301563 0.665625 2.000000 0.256250 0.668750 2.000000 0.000000 0.000000 0.000000 0.229687 0.720313 2.000000 0.000000 0.000000 0.000000 0.214062 0.825000 1.000000 0.000000 0.000000 0.000000 0.000000 0.000000 0.000000 0.359375 0.825000 1.000000 0.000000 0.000000 0.000000 0.000000 0.000000 0.000000 0.000000 0.000000 0.000000 0.000000 0.000000 0.000000 0.000000 0.000000 0.000000 0.000000 0.000000 0.000000 0.000000 0.000000 0.000000
0 0.711711 0.303773 0.176422 0.188109 0.700000 0.323437 2.000000 0.728125 0.290625 2.000000 0.676562 0.292187 2.000000 0.753125 0.290625 2.000000 0.000000 0.000000 0.000000 0.771875 0.381250 2.000000 0.634375 0.392188 2.000000 0.000000 0.000000 0.000000 0.000000 0.000000 0.000000 0.000000 0.000000 0.000000 0.000000 0.000000 0.000000 0.000000 0.000000 0.000000 0.000000 0.000000 0.000000 0.000000 0.000000 0.000000 0.000000 0.000000 0.000000 0.000000 0.000000 0.000000 0.000000 0.000000 0.000000
0 0.302016 0.904773 0.193312 0.185016 0.329688 0.910937 2.000000 0.343750 0.882812 2.000000 0.301563 0.890625 2.000000 0.356250 0.882812 2.000000 0.000000 0.000000 0.000000 0.000000 0.000000 0.000000 0.000000 0.000000 0.000000 0.000000 0.000000 0.000000 0.000000 0.000000 0.000000 0.000000 0.000000 0.000000 0.223438 0.990625 2.000000 0.000000 0.000000 0.000000 0.000000 0.000000 0.000000 0.000000 0.000000 0.000000 0.000000 0.000000 0.000000 0.000000 0.000000 0.000000 0.000000 0.000000 0.000000
0 0.822469 0.794531 0.355063 0.384281 0.760938 0.787500 2.000000 0.784375 0.721875 2.000000 0.715625 0.764062 2.000000 0.842187 0.704688 2.000000 0.701562 0.798438 2.000000 0.959375 0.962500 2.000000 0.692187 0.954688 2.000000 0.000000 0.000000 0.000000 0.000000 0.000000 0.000000 0.000000 0.000000 0.000000 0.000000 0.000000 0.000000 0.000000 0.000000 0.000000 0.000000 0.000000 0.000000 0.000000 0.000000 0.000000 0.000000 0.000000 0.000000 0.000000 0.000000 0.000000 0.000000 0.000000 0.000000
0 0.317609 0.512508 0.152688 0.174266 0.331250 0.540625 2.000000 0.348438 0.510938 2.000000 0.304688 0.509375 2.000000 0.364063 0.512500 2.000000 0.279687 0.514062 2.000000 0.370312 0.573438 2.000000 0.253125 0.595313 2.000000 0.000000 0.000000 0.000000 0.000000 0.000000 0.000000 0.000000 0.000000 0.000000 0.000000 0.000000 0.000000 0.000000 0.000000 0.000000 0.000000 0.000000 0.000000 0.000000 0.000000 0.000000 0.000000 0.000000 0.000000 0.000000 0.000000 0.000000 0.000000 0.000000 0.000000
0 0.499539 0.502109 0.198016 0.200969 0.520312 0.554688 2.000000 0.554688 0.507812 2.000000 0.487500 0.506250 2.000000 0.000000 0.000000 0.000000 0.000000 0.000000 0.000000 0.000000 0.000000 0.000000 0.000000 0.000000 0.000000 0.000000 0.000000 0.000000 0.000000 0.000000 0.000000 0.000000 0.000000 0.000000 0.000000 0.000000 0.000000 0.000000 0.000000 0.000000 0.000000 0.000000 0.000000 0.000000 0.000000 0.000000 0.000000 0.000000 0.000000 0.000000 0.000000 0.000000 0.000000 0.000000 0.000000
0 0.505633 0.304734 0.194359 0.190969 0.468750 0.270313 2.000000 0.496875 0.264062 2.000000 0.453125 0.265625 2.000000 0.000000 0.000000 0.000000 0.000000 0.000000 0.000000 0.560937 0.378125 2.000000 0.418750 0.393750 2.000000 0.000000 0.000000 0.000000 0.000000 0.000000 0.000000 0.000000 0.000000 0.000000 0.000000 0.000000 0.000000 0.000000 0.000000 0.000000 0.000000 0.000000 0.000000 0.000000 0.000000 0.000000 0.000000 0.000000 0.000000 0.000000 0.000000 0.000000 0.000000 0.000000 0.000000
