0 0.373328 0.506733 0.473781 0.959555 0.418750 0.182670 2.000000 0.000000 0.000000 0.000000 0.418750 0.161593 2.000000 0.000000 0.000000 0.000000 0.392188 0.163934 2.000000 0.359375 0.252927 2.000000 0.317188 0.248244 2.000000 0.439063 0.433255 2.000000 0.412500 0.327869 2.000000 0.529687 0.423888 2.000000 0.529687 0.365340 2.000000 0.367188 0.552693 2.000000 0.328125 0.564403 2.000000 0.350000 0.817330 2.000000 0.490625 0.688525 2.000000 0.196875 0.852459 2.000000 0.518750 0.906323 2.000000
0 0.511609 0.216628 0.170531 0.419297 0.487500 0.051522 2.000000 0.496875 0.032787 2.000000 0.475000 0.035129 2.000000 0.501563 0.051522 2.000000 0.456250 0.051522 2.000000 0.521875 0.133489 2.000000 0.429688 0.140515 1.000000 0.554688 0.245902 2.000000 0.439063 0.271663 2.000000 0.542188 0.271663 2.000000 0.495312 0.276347 2.000000 0.526563 0.292740 2.000000 0.464062 0.295082 2.000000 0.567187 0.355972 2.000000 0.531250 0.367681 1.000000 0.553125 0.515222 1.000000 0.495312 0.510539 1.000000
0 0.636453 0.283150 0.193406 0.566300 0.610938 0.004684 2.000000 0.000000 0.000000 0.000000 0.000000 0.000000 0.000000 0.629687 0.007026 2.000000 0.578125 0.014052 1.000000 0.657813 0.086651 1.000000 0.554688 0.098361 1.000000 0.684375 0.222482 2.000000 0.582812 0.224824 2.000000 0.000000 0.000000 0.000000 0.653125 0.194379 2.000000 0.645312 0.262295 2.000000 0.576562 0.264637 2.000000 0.717187 0.325527 2.000000 0.612500 0.327869 2.000000 0.656250 0.501171 2.000000 0.612500 0.496487 2.000000
0 0.921352 0.206206 0.157297 0.317330 0.964063 0.121780 2.000000 0.000000 0.000000 0.000000 0.956250 0.112412 2.000000 0.000000 0.000000 0.000000 0.931250 0.121780 2.000000 0.956250 0.173302 2.000000 0.895312 0.173302 2.000000 0.000000 0.000000 0.000000 0.867188 0.243560 2.000000 0.000000 0.000000 0.000000 0.843750 0.290398 1.000000 0.954688 0.325527 2.000000 0.900000 0.325527 2.000000 0.971875 0.192037 2.000000 0.940625 0.199063 2.000000 0.981250 0.330211 2.000000 0.915625 0.318501 2.000000
0 0.960156 0.141850 0.079687 0.281780 0.000000 0.000000 0.000000 0.000000 0.000000 0.000000 0.000000 0.000000 0.000000 0.000000 0.000000 0.000000 0.000000 0.000000 0.000000 0.000000 0.000000 0.000000 0.000000 0.000000 0.000000 0.000000 0.000000 0.000000 0.939063 0.081967 1.000000 0.000000 0.000000 0.000000 0.995313 0.163934 2.000000 0.000000 0.000000 0.000000 0.979688 0.229508 1.000000 0.000000 0.000000 0.000000 0.000000 0.000000 0.000000 0.000000 0.000000 0.000000 0.000000 0.000000 0.000000
0 0.310523 0.136241 0.111172 0.272482 0.306250 0.051522 2.000000 0.321875 0.042155 2.000000 0.304688 0.032787 2.000000 0.356250 0.053864 1.000000 0.000000 0.000000 0.000000 0.000000 0.000000 0.000000 0.295312 0.112412 2.000000 0.000000 0.000000 0.000000 0.278125 0.245902 2.000000 0.000000 0.000000 0.000000 0.350000 0.252927 1.000000 0.000000 0.000000 0.000000 0.292187 0.269321 1.000000 0.000000 0.000000 0.000000 0.000000 0.000000 0.000000 0.000000 0.000000 0.000000 0.000000 0.000000 0.000000
0 0.217359 0.107471 0.054344 0.187775 0.220312 0.063232 1.000000 0.000000 0.000000 0.000000 0.207813 0.049180 2.000000 0.000000 0.000000 0.000000 0.000000 0.000000 0.000000 0.231250 0.131148 2.000000 0.000000 0.000000 0.000000 0.000000 0.000000 0.000000 0.000000 0.000000 0.000000 0.000000 0.000000 0.000000 0.000000 0.000000 0.000000 0.000000 0.000000 0.000000 0.000000 0.000000 0.000000 0.000000 0.000000 0.000000 0.000000 0.000000 0.000000 0.000000 0.000000 0.000000 0.000000 0.000000 0.000000
0 0.043375 0.160316 0.080781 0.316136 0.000000 0.000000 0.000000 0.000000 0.000000 0.000000 0.000000 0.000000 0.000000 0.000000 0.000000 0.000000 0.000000 0.000000 0.000000 0.078125 0.035129 2.000000 0.000000 0.000000 0.000000 0.000000 0.000000 0.000000 0.000000 0.000000 0.000000 0.000000 0.000000 0.000000 0.034375 0.231850 2.000000 0.081250 0.231850 1.000000 0.010937 0.227166 2.000000 0.000000 0.000000 0.000000 0.015625 0.276347 2.000000 0.000000 0.000000 0.000000 0.000000 0.000000 0.000000
0 0.263125 0.149438 0.073469 0.294379 0.000000 0.000000 0.000000 0.000000 0.000000 0.000000 0.000000 0.000000 0.000000 0.000000 0.000000 0.000000 0.000000 0.000000 0.000000 0.293750 0.051522 2.000000 0.214062 0.049180 1.000000 0.000000 0.000000 0.000000 0.000000 0.000000 0.000000 0.000000 0.000000 0.000000 0.000000 0.000000 0.000000 0.000000 0.000000 0.000000 0.000000 0.000000 0.000000 0.000000 0.000000 0.000000 0.000000 0.000000 0.000000 0.000000 0.000000 0.000000 0.000000 0.000000 0.000000
0 0.171063 0.339567 0.225125 0.678290 0.160938 0.039813 2.000000 0.170313 0.025761 2.000000 0.153125 0.023419 2.000000 0.185938 0.049180 2.000000 0.131250 0.046838 1.000000 0.210938 0.166276 2.000000 0.101562 0.163934 2.000000 0.237500 0.306792 2.000000 0.095312 0.316159 2.000000 0.214062 0.400468 2.000000 0.151562 0.400468 2.000000 0.206250 0.393443 2.000000 0.125000 0.393443 1.000000 0.264062 0.482436 2.000000 0.162500 0.489461 2.000000 0.153125 0.608899 1.000000 0.198437 0.639344 2.000000
0 0.714227 0.182377 0.166672 0.357307 0.000000 0.000000 0.000000 0.000000 0.000000 0.000000 0.000000 0.000000 0.000000 0.000000 0.000000 0.000000 0.000000 0.000000 0.000000 0.739062 0.039813 2.000000 0.660937 0.037471 2.000000 0.757812 0.168618 2.000000 0.642188 0.140515 1.000000 0.746875 0.124122 2.000000 0.704688 0.119438 2.000000 0.734375 0.196721 2.000000 0.679688 0.199063 1.000000 0.753125 0.159251 2.000000 0.715625 0.154567 2.000000 0.748437 0.332553 2.000000 0.717187 0.332553 1.000000
