0 0.453906 0.509602 0.348438 0.629977 0.460938 0.248244 1.000000 0.481250 0.222482 2.000000 0.457813 0.243560 1.000000 0.504687 0.264637 2.000000 0.000000 0.000000 0.000000 0.540625 0.334895 2.000000 0.440625 0.313817 2.000000 0.567187 0.440281 2.000000 0.378125 0.360656 2.000000 0.510938 0.496487 2.000000 0.317188 0.405152 2.000000 0.529687 0.519906 2.000000 0.456250 0.515222 2.000000 0.548438 0.620609 2.000000 0.420312 0.606557 2.000000 0.607812 0.765808 2.000000 0.367188 0.751756 2.000000
0 0.841836 0.645375 0.230859 0.433841 0.826562 0.501171 2.000000 0.835938 0.489461 2.000000 0.000000 0.000000 0.000000 0.859375 0.491803 2.000000 0.000000 0.000000 0.000000 0.887500 0.557377 2.000000 0.850000 0.550351 2.000000 0.842187 0.667447 2.000000 0.000000 0.000000 0.000000 0.784375 0.695550 2.000000 0.000000 0.000000 0.000000 0.912500 0.716628 2.000000 0.889062 0.709602 2.000000 0.817187 0.718970 2.000000 0.803125 0.744731 2.000000 0.896875 0.800937 2.000000 0.887500 0.789227 2.000000
0 0.745937 0.220410 0.094719 0.190375 0.743750 0.156909 1.000000 0.748437 0.149883 2.000000 0.000000 0.000000 0.000000 0.767188 0.154567 2.000000 0.000000 0.000000 0.000000 0.781250 0.206089 2.000000 0.728125 0.208431 1.000000 0.753125 0.257611 2.000000 0.706250 0.271663 2.000000 0.723437 0.257611 1.000000 0.000000 0.000000 0.000000 0.767188 0.327869 1.000000 0.723437 0.327869 1.000000 0.000000 0.000000 0.000000 0.000000 0.000000 0.000000 0.000000 0.000000 0.000000 0.000000 0.000000 0.000000
0 0.893414 0.249731 0.129047 0.168314 0.879687 0.227166 2.000000 0.882812 0.217799 2.000000 0.873437 0.215457 2.000000 0.898438 0.206089 2.000000 0.000000 0.000000 0.000000 0.925000 0.245902 2.000000 0.860938 0.248244 2.000000 0.943750 0.316159 2.000000 0.840625 0.316159 2.000000 0.000000 0.000000 0.000000 0.000000 0.000000 0.000000 0.904687 0.355972 1.000000 0.865625 0.353630 1.000000 0.000000 0.000000 0.000000 0.000000 0.000000 0.000000 0.000000 0.000000 0.000000 0.000000 0.000000 0.000000
0 0.549953 0.214883 0.077906 0.157354 0.521875 0.196721 2.000000 0.529687 0.180328 2.000000 0.521875 0.175644 2.000000 0.545312 0.170960 1.000000 0.518750 0.170960 2.000000 0.575000 0.222482 2.000000 0.518750 0.215457 1.000000 0.000000 0.000000 0.000000 0.000000 0.000000 0.000000 0.000000 0.000000 0.000000 0.000000 0.000000 0.000000 0.000000 0.000000 0.000000 0.000000 0.000000 0.000000 0.000000 0.000000 0.000000 0.000000 0.000000 0.000000 0.000000 0.000000 0.000000 0.000000 0.000000 0.000000
0 0.433609 0.198197 0.078312 0.182155 0.403125 0.154567 2.000000 0.410938 0.147541 2.000000 0.400000 0.147541 2.000000 0.421875 0.154567 2.000000 0.000000 0.000000 0.000000 0.440625 0.189696 2.000000 0.384375 0.189696 1.000000 0.471875 0.217799 1.000000 0.000000 0.000000 0.000000 0.450000 0.229508 2.000000 0.000000 0.000000 0.000000 0.000000 0.000000 0.000000 0.000000 0.000000 0.000000 0.000000 0.000000 0.000000 0.000000 0.000000 0.000000 0.000000 0.000000 0.000000 0.000000 0.000000 0.000000
0 0.296750 0.143782 0.094969 0.164567 0.267188 0.103044 2.000000 0.271875 0.093677 2.000000 0.264062 0.093677 2.000000 0.287500 0.088993 2.000000 0.000000 0.000000 0.000000 0.304688 0.124122 2.000000 0.259375 0.117096 2.000000 0.309375 0.194379 2.000000 0.000000 0.000000 0.000000 0.276562 0.217799 1.000000 0.000000 0.000000 0.000000 0.314063 0.201405 2.000000 0.284375 0.199063 2.000000 0.000000 0.000000 0.000000 0.000000 0.000000 0.000000 0.000000 0.000000 0.000000 0.000000 0.000000 0.000000
0 0.225500 0.182881 0.098812 0.159110 0.223438 0.142857 1.000000 0.228125 0.133489 2.000000 0.000000 0.000000 0.000000 0.239063 0.135831 2.000000 0.000000 0.000000 0.000000 0.259375 0.180328 2.000000 0.201563 0.180328 2.000000 0.253125 0.262295 1.000000 0.176563 0.252927 1.000000 0.229687 0.206089 2.000000 0.195312 0.248244 1.000000 0.259375 0.299766 1.000000 0.209375 0.299766 1.000000 0.000000 0.000000 0.000000 0.000000 0.000000 0.000000 0.000000 0.000000 0.000000 0.000000 0.000000 0.000000
0 0.126633 0.155738 0.137984 0.184543 0.000000 0.000000 0.000000 0.000000 0.000000 0.000000 0.000000 0.000000 0.000000 0.000000 0.000000 0.000000 0.000000 0.000000 0.000000 0.165625 0.093677 2.000000 0.110937 0.091335 1.000000 0.185938 0.168618 2.000000 0.096875 0.147541 2.000000 0.160938 0.215457 2.000000 0.000000 0.000000 0.000000 0.145313 0.189696 2.000000 0.109375 0.187354 2.000000 0.126562 0.227166 2.000000 0.067187 0.217799 2.000000 0.131250 0.306792 1.000000 0.092188 0.309133 1.000000
0 0.648453 0.206745 0.133438 0.193255 0.632812 0.147541 2.000000 0.639062 0.142857 2.000000 0.629687 0.138173 1.000000 0.656250 0.154567 2.000000 0.000000 0.000000 0.000000 0.681250 0.208431 2.000000 0.615625 0.203747 2.000000 0.700000 0.281030 2.000000 0.595313 0.274005 2.000000 0.685937 0.339578 1.000000 0.615625 0.320843 1.000000 0.668750 0.346604 1.000000 0.625000 0.346604 1.000000 0.000000 0.000000 0.000000 0.000000 0.000000 0.000000 0.000000 0.000000 0.000000 0.000000 0.000000 0.000000
