0 0.153086 0.531677 0.305734 0.569812 0.265625 0.385417 1.000000 0.000000 0.000000 0.000000 0.246875 0.366667 1.000000 0.000000 0.000000 0.000000 0.000000 0.000000 0.000000 0.000000 0.000000 0.000000 0.128125 0.527083 2.000000 0.000000 0.000000 0.000000 0.000000 0.000000 0.000000 0.000000 0.000000 0.000000 0.000000 0.000000 0.000000 0.000000 0.000000 0.000000 0.000000 0.000000 0.000000 0.000000 0.000000 0.000000 0.000000 0.000000 0.000000 0.000000 0.000000 0.000000 0.000000 0.000000 0.000000
0 0.487422 0.456635 0.172625 0.357229 0.570312 0.414583 2.000000 0.568750 0.385417 2.000000 0.548438 0.391667 2.000000 0.000000 0.000000 0.000000 0.493750 0.400000 2.000000 0.525000 0.464583 2.000000 0.445312 0.497917 2.000000 0.565625 0.633333 1.000000 0.467187 0.677083 1.000000 0.000000 0.000000 0.000000 0.000000 0.000000 0.000000 0.000000 0.000000 0.000000 0.000000 0.000000 0.000000 0.000000 0.000000 0.000000 0.000000 0.000000 0.000000 0.000000 0.000000 0.000000 0.000000 0.000000 0.000000
0 0.676406 0.415510 0.223125 0.254521 0.759375 0.443750 1.000000 0.767188 0.422917 2.000000 0.751563 0.420833 2.000000 0.000000 0.000000 0.000000 0.721875 0.397917 2.000000 0.632812 0.429167 2.000000 0.631250 0.437500 2.000000 0.000000 0.000000 0.000000 0.000000 0.000000 0.000000 0.732812 0.537500 1.000000 0.000000 0.000000 0.000000 0.000000 0.000000 0.000000 0.000000 0.000000 0.000000 0.000000 0.000000 0.000000 0.000000 0.000000 0.000000 0.000000 0.000000 0.000000 0.000000 0.000000 0.000000
0 0.884156 0.425792 0.100500 0.192792 0.000000 0.000000 0.000000 0.000000 0.000000 0.000000 0.000000 0.000000 0.000000 0.842187 0.362500 2.000000 0.918750 0.375000 2.000000 0.000000 0.000000 0.000000 0.000000 0.000000 0.000000 0.000000 0.000000 0.000000 0.000000 0.000000 0.000000 0.000000 0.000000 0.000000 0.000000 0.000000 0.000000 0.000000 0.000000 0.000000 0.000000 0.000000 0.000000 0.000000 0.000000 0.000000 0.000000 0.000000 0.000000 0.000000 0.000000 0.000000 0.000000 0.000000 0.000000
0 0.520781 0.219104 0.303375 0.424708 0.567187 0.110417 2.000000 0.000000 0.000000 0.000000 0.567187 0.081250 2.000000 0.000000 0.000000 0.000000 0.532813 0.064583 2.000000 0.404687 0.179167 2.000000 0.543750 0.183333 2.000000 0.382812 0.306250 1.000000 0.567187 0.360417 2.000000 0.000000 0.000000 0.000000 0.621875 0.281250 2.000000 0.429688 0.510417 1.000000 0.540625 0.512500 1.000000 0.000000 0.000000 0.000000 0.000000 0.000000 0.000000 0.000000 0.000000 0.000000 0.000000 0.000000 0.000000
0 0.196727 0.434656 0.158078 0.367688 0.267188 0.383333 2.000000 0.000000 0.000000 0.000000 0.246875 0.368750 2.000000 0.000000 0.000000 0.000000 0.000000 0.000000 0.000000 0.209375 0.533333 2.000000 0.098437 0.602083 1.000000 0.000000 0.000000 0.000000 0.000000 0.000000 0.000000 0.000000 0.000000 0.000000 0.000000 0.000000 0.000000 0.000000 0.000000 0.000000 0.000000 0.000000 0.000000 0.000000 0.000000 0.000000 0.000000 0.000000 0.000000 0.000000 0.000000 0.000000 0.000000 0.000000 0.000000
0 0.820789 0.194385 0.165172 0.379771 0.000000 0.000000 0.000000 0.000000 0.000000 0.000000 0.000000 0.000000 0.000000 0.000000 0.000000 0.000000 0.000000 0.000000 0.000000 0.778125 0.052083 2.000000 0.871875 0.052083 2.000000 0.740625 0.131250 1.000000 0.882812 0.160417 2.000000 0.734375 0.229167 1.000000 0.882812 0.216667 2.000000 0.776563 0.233333 1.000000 0.854688 0.239583 2.000000 0.801562 0.358333 1.000000 0.831250 0.381250 2.000000 0.000000 0.000000 0.000000 0.000000 0.000000 0.000000
0 0.976734 0.402687 0.046531 0.204042 0.968750 0.443750 2.000000 0.975000 0.414583 2.000000 0.000000 0.000000 0.000000 0.000000 0.000000 0.000000 0.000000 0.000000 0.000000 0.000000 0.000000 0.000000 0.000000 0.000000 0.000000 0.000000 0.000000 0.000000 0.000000 0.000000 0.000000 0.000000 0.000000 0.000000 0.000000 0.000000 0.000000 0.000000 0.000000 0.000000 0.000000 0.000000 0.000000 0.000000 0.000000 0.000000 0.000000 0.000000 0.000000 0.000000 0.000000 0.000000 0.000000 0.000000 0.000000
0 0.957797 0.685594 0.084406 0.289646 0.948438 0.793750 2.000000 0.968750 0.741667 2.000000 0.000000 0.000000 0.000000 0.000000 0.000000 0.000000 0.000000 0.000000 0.000000 0.000000 0.000000 0.000000 0.000000 0.000000 0.000000 0.000000 0.000000 0.000000 0.000000 0.000000 0.000000 0.000000 0.000000 0.000000 0.000000 0.000000 0.000000 0.000000 0.000000 0.000000 0.000000 0.000000 0.000000 0.000000 0.000000 0.000000 0.000000 0.000000 0.000000 0.000000 0.000000 0.000000 0.000000 0.000000 0.000000
0 0.688148 0.204625 0.168922 0.388875 0.000000 0.000000 0.000000 0.000000 0.000000 0.000000 0.000000 0.000000 0.000000 0.000000 0.000000 0.000000 0.000000 0.000000 0.000000 0.631250 0.133333 2.000000 0.732812 0.143750 2.000000 0.609375 0.237500 1.000000 0.756250 0.241667 2.000000 0.603125 0.316667 1.000000 0.770312 0.322917 1.000000 0.651563 0.329167 2.000000 0.710938 0.325000 1.000000 0.657813 0.427083 1.000000 0.715625 0.425000 1.000000 0.000000 0.000000 0.000000 0.000000 0.000000 0.000000
0 0.789641 0.377365 0.070031 0.164646 0.000000 0.000000 0.000000 0.000000 0.000000 0.000000 0.000000 0.000000 0.000000 0.000000 0.000000 0.000000 0.809375 0.400000 2.000000 0.000000 0.000000 0.000000 0.000000 0.000000 0.000000 0.000000 0.000000 0.000000 0.000000 0.000000 0.000000 0.000000 0.000000 0.000000 0.000000 0.000000 0.000000 0.000000 0.000000 0.000000 0.000000 0.000000 0.000000 0.000000 0.000000 0.000000 0.000000 0.000000 0.000000 0.000000 0.000000 0.000000 0.000000 0.000000 0.000000
0 0.319773 0.466656 0.189922 0.348854 0.406250 0.418750 2.000000 0.400000 0.391667 2.000000 0.382812 0.400000 2.000000 0.000000 0.000000 0.000000 0.314063 0.416667 2.000000 0.368750 0.512500 2.000000 0.257812 0.522917 2.000000 0.000000 0.000000 0.000000 0.257812 0.704167 1.000000 0.000000 0.000000 0.000000 0.000000 0.000000 0.000000 0.000000 0.000000 0.000000 0.000000 0.000000 0.000000 0.000000 0.000000 0.000000 0.000000 0.000000 0.000000 0.000000 0.000000 0.000000 0.000000 0.000000 0.000000
