0 0.502594 0.739042 0.069375 0.491028 0.000000 0.000000 0.000000 0.000000 0.000000 0.000000 0.000000 0.000000 0.000000 0.000000 0.000000 0.000000 0.000000 0.000000 0.000000 0.439063 0.536111 1.000000 0.495312 0.536111 2.000000 0.000000 0.000000 0.000000 0.518750 0.658333 2.000000 0.000000 0.000000 0.000000 0.000000 0.000000 0.000000 0.445312 0.761111 1.000000 0.487500 0.772222 2.000000 0.454688 0.919444 1.000000 0.490625 0.925000 2.000000 0.000000 0.000000 0.000000 0.000000 0.000000 0.000000
0 0.546539 0.668403 0.072547 0.616917 0.557813 0.416667 2.000000 0.565625 0.405556 2.000000 0.548438 0.405556 2.000000 0.000000 0.000000 0.000000 0.539062 0.419444 1.000000 0.000000 0.000000 0.000000 0.526563 0.488889 2.000000 0.000000 0.000000 0.000000 0.000000 0.000000 0.000000 0.000000 0.000000 0.000000 0.000000 0.000000 0.000000 0.000000 0.000000 0.000000 0.540625 0.683333 2.000000 0.000000 0.000000 0.000000 0.550000 0.836111 2.000000 0.000000 0.000000 0.000000 0.554688 0.961111 1.000000
0 0.128930 0.728097 0.187078 0.516861 0.000000 0.000000 0.000000 0.000000 0.000000 0.000000 0.000000 0.000000 0.000000 0.000000 0.000000 0.000000 0.137500 0.472222 1.000000 0.087500 0.566667 2.000000 0.121875 0.591667 1.000000 0.000000 0.000000 0.000000 0.176563 0.752778 2.000000 0.000000 0.000000 0.000000 0.201563 0.680556 1.000000 0.095312 0.933333 2.000000 0.117188 0.952778 2.000000 0.000000 0.000000 0.000000 0.000000 0.000000 0.000000 0.000000 0.000000 0.000000 0.000000 0.000000 0.000000
0 0.761414 0.479792 0.064734 0.196639 0.000000 0.000000 0.000000 0.000000 0.000000 0.000000 0.000000 0.000000 0.000000 0.778125 0.472222 1.000000 0.000000 0.000000 0.000000 0.789062 0.552778 1.000000 0.751563 0.525000 2.000000 0.000000 0.000000 0.000000 0.000000 0.000000 0.000000 0.000000 0.000000 0.000000 0.000000 0.000000 0.000000 0.000000 0.000000 0.000000 0.000000 0.000000 0.000000 0.000000 0.000000 0.000000 0.000000 0.000000 0.000000 0.000000 0.000000 0.000000 0.000000 0.000000 0.000000
0 0.975383 0.743431 0.049234 0.513139 0.979688 0.561111 2.000000 0.993750 0.544444 2.000000 0.975000 0.544444 2.000000 0.000000 0.000000 0.000000 0.000000 0.000000 0.000000 0.000000 0.000000 0.000000 0.953125 0.619444 1.000000 0.000000 0.000000 0.000000 0.000000 0.000000 0.000000 0.000000 0.000000 0.000000 0.000000 0.000000 0.000000 0.000000 0.000000 0.000000 0.967187 0.902778 2.000000 0.000000 0.000000 0.000000 0.000000 0.000000 0.000000 0.000000 0.000000 0.000000 0.000000 0.000000 0.000000
0 0.847914 0.604944 0.251391 0.760500 0.000000 0.000000 0.000000 0.000000 0.000000 0.000000 0.000000 0.000000 0.000000 0.815625 0.336111 2.000000 0.000000 0.000000 0.000000 0.789062 0.486111 2.000000 0.931250 0.500000 2.000000 0.746875 0.694444 2.000000 0.951562 0.722222 2.000000 0.768750 0.780556 2.000000 0.000000 0.000000 0.000000 0.806250 0.936111 2.000000 0.925000 0.930556 2.000000 0.000000 0.000000 0.000000 0.000000 0.000000 0.000000 0.000000 0.000000 0.000000 0.000000 0.000000 0.000000
0 0.315586 0.781819 0.306828 0.425972 0.000000 0.000000 0.000000 0.000000 0.000000 0.000000 0.000000 0.000000 0.000000 0.000000 0.000000 0.000000 0.000000 0.000000 0.000000 0.000000 0.000000 0.000000 0.000000 0.000000 0.000000 0.000000 0.000000 0.000000 0.000000 0.000000 0.000000 0.000000 0.000000 0.000000 0.000000 0.000000 0.000000 0.262500 0.833333 2.000000 0.396875 0.836111 2.000000 0.000000 0.000000 0.000000 0.000000 0.000000 0.000000 0.000000 0.000000 0.000000 0.000000 0.000000 0.000000
0 0.078164 0.476722 0.098172 0.374500 0.000000 0.000000 0.000000 0.000000 0.000000 0.000000 0.000000 0.000000 0.000000 0.000000 0.000000 0.000000 0.100000 0.352778 1.000000 0.000000 0.000000 0.000000 0.000000 0.000000 0.000000 0.000000 0.000000 0.000000 0.000000 0.000000 0.000000 0.000000 0.000000 0.000000 0.000000 0.000000 0.000000 0.000000 0.000000 0.000000 0.000000 0.000000 0.000000 0.000000 0.000000 0.000000 0.000000 0.000000 0.000000 0.000000 0.000000 0.000000 0.000000 0.000000 0.000000
0 0.639203 0.622069 0.156344 0.729861 0.671875 0.355556 2.000000 0.000000 0.000000 0.000000 0.667188 0.330556 2.000000 0.000000 0.000000 0.000000 0.639062 0.319444 2.000000 0.585938 0.438889 2.000000 0.635938 0.461111 2.000000 0.000000 0.000000 0.000000 0.656250 0.616667 2.000000 0.000000 0.000000 0.000000 0.698438 0.594444 2.000000 0.625000 0.805556 2.000000 0.642188 0.797222 2.000000 0.000000 0.000000 0.000000 0.000000 0.000000 0.000000 0.000000 0.000000 0.000000 0.000000 0.000000 0.000000
0 0.712484 0.609361 0.082687 0.601278 0.703125 0.366667 2.000000 0.710938 0.355556 2.000000 0.695312 0.355556 2.000000 0.734375 0.361111 2.000000 0.000000 0.000000 0.000000 0.751563 0.427778 1.000000 0.693750 0.425000 2.000000 0.000000 0.000000 0.000000 0.000000 0.000000 0.000000 0.000000 0.000000 0.000000 0.000000 0.000000 0.000000 0.000000 0.000000 0.000000 0.000000 0.000000 0.000000 0.000000 0.000000 0.000000 0.000000 0.000000 0.000000 0.000000 0.000000 0.000000 0.000000 0.000000 0.000000
