0 0.357586 0.580902 0.367328 0.626956 0.278125 0.318501 1.000000 0.000000 0.000000 0.000000 0.268750 0.313817 2.000000 0.000000 0.000000 0.000000 0.246875 0.332553 2.000000 0.223438 0.423888 2.000000 0.279687 0.365340 2.000000 0.000000 0.000000 0.000000 0.268750 0.360656 2.000000 0.000000 0.000000 0.000000 0.214062 0.358314 2.000000 0.325000 0.599532 2.000000 0.293750 0.611241 2.000000 0.387500 0.721311 2.000000 0.296875 0.763466 2.000000 0.462500 0.829040 2.000000 0.204687 0.822014 2.000000
0 0.191172 0.212763 0.063719 0.131663 0.184375 0.189696 2.000000 0.189062 0.180328 2.000000 0.176563 0.180328 2.000000 0.000000 0.000000 0.000000 0.167187 0.187354 2.000000 0.190625 0.234192 2.000000 0.142187 0.236534 1.000000 0.000000 0.000000 0.000000 0.000000 0.000000 0.000000 0.000000 0.000000 0.000000 0.000000 0.000000 0.000000 0.000000 0.000000 0.000000 0.000000 0.000000 0.000000 0.000000 0.000000 0.000000 0.000000 0.000000 0.000000 0.000000 0.000000 0.000000 0.000000 0.000000 0.000000
0 0.805898 0.284344 0.086266 0.116745 0.792188 0.266979 2.000000 0.798438 0.259953 2.000000 0.787500 0.262295 2.000000 0.809375 0.264637 2.000000 0.000000 0.000000 0.000000 0.826562 0.304450 2.000000 0.773438 0.306792 2.000000 0.000000 0.000000 0.000000 0.000000 0.000000 0.000000 0.000000 0.000000 0.000000 0.000000 0.000000 0.000000 0.000000 0.000000 0.000000 0.000000 0.000000 0.000000 0.000000 0.000000 0.000000 0.000000 0.000000 0.000000 0.000000 0.000000 0.000000 0.000000 0.000000 0.000000
0 0.906328 0.586522 0.082469 0.170796 0.893750 0.550351 2.000000 0.898438 0.540984 2.000000 0.887500 0.540984 2.000000 0.907813 0.543326 2.000000 0.879687 0.545667 2.000000 0.923438 0.583138 2.000000 0.867188 0.583138 2.000000 0.937500 0.658080 2.000000 0.862500 0.660422 1.000000 0.000000 0.000000 0.000000 0.000000 0.000000 0.000000 0.000000 0.000000 0.000000 0.000000 0.000000 0.000000 0.000000 0.000000 0.000000 0.000000 0.000000 0.000000 0.000000 0.000000 0.000000 0.000000 0.000000 0.000000
0 0.510156 0.560808 0.124719 0.191452 0.503125 0.512881 2.000000 0.507812 0.503513 2.000000 0.496875 0.505855 2.000000 0.000000 0.000000 0.000000 0.484375 0.512881 2.000000 0.531250 0.552693 2.000000 0.465625 0.559719 2.000000 0.557813 0.625293 2.000000 0.475000 0.627635 2.000000 0.535937 0.637002 2.000000 0.515625 0.634660 2.000000 0.000000 0.000000 0.000000 0.000000 0.000000 0.000000 0.000000 0.000000 0.000000 0.000000 0.000000 0.000000 0.000000 0.000000 0.000000 0.000000 0.000000 0.000000
0 0.533977 0.143185 0.080609 0.153068 0.532813 0.105386 2.000000 0.537500 0.098361 2.000000 0.528125 0.098361 2.000000 0.543750 0.100703 2.000000 0.518750 0.103044 2.000000 0.553125 0.135831 2.000000 0.510938 0.138173 2.000000 0.564063 0.189696 1.000000 0.510938 0.208431 2.000000 0.000000 0.000000 0.000000 0.535937 0.206089 1.000000 0.545312 0.210773 1.000000 0.521875 0.210773 2.000000 0.000000 0.000000 0.000000 0.520312 0.227166 1.000000 0.000000 0.000000 0.000000 0.509375 0.295082 1.000000
0 0.600836 0.215855 0.061578 0.223279 0.615625 0.142857 2.000000 0.620313 0.135831 2.000000 0.610938 0.135831 2.000000 0.626563 0.142857 2.000000 0.603125 0.145199 2.000000 0.646875 0.182670 1.000000 0.581250 0.187354 2.000000 0.000000 0.000000 0.000000 0.582812 0.259953 2.000000 0.000000 0.000000 0.000000 0.598437 0.269321 1.000000 0.000000 0.000000 0.000000 0.596875 0.274005 2.000000 0.000000 0.000000 0.000000 0.601562 0.288056 2.000000 0.000000 0.000000 0.000000 0.000000 0.000000 0.000000
0 0.737805 0.222670 0.087297 0.143279 0.745313 0.192037 2.000000 0.748437 0.182670 2.000000 0.739062 0.180328 2.000000 0.000000 0.000000 0.000000 0.731250 0.189696 2.000000 0.775000 0.222482 2.000000 0.707812 0.229508 2.000000 0.775000 0.297424 1.000000 0.706250 0.288056 2.000000 0.756250 0.241218 2.000000 0.000000 0.000000 0.000000 0.000000 0.000000 0.000000 0.000000 0.000000 0.000000 0.000000 0.000000 0.000000 0.000000 0.000000 0.000000 0.000000 0.000000 0.000000 0.000000 0.000000 0.000000
0 0.727164 0.286511 0.095953 0.110117 0.739062 0.264637 2.000000 0.743750 0.259953 2.000000 0.732812 0.257611 2.000000 0.000000 0.000000 0.000000 0.720313 0.257611 2.000000 0.757812 0.302108 2.000000 0.700000 0.304450 2.000000 0.000000 0.000000 0.000000 0.000000 0.000000 0.000000 0.000000 0.000000 0.000000 0.000000 0.000000 0.000000 0.000000 0.000000 0.000000 0.000000 0.000000 0.000000 0.000000 0.000000 0.000000 0.000000 0.000000 0.000000 0.000000 0.000000 0.000000 0.000000 0.000000 0.000000
0 0.303797 0.148232 0.076938 0.153279 0.304688 0.105386 2.000000 0.310937 0.100703 2.000000 0.300000 0.100703 2.000000 0.318750 0.110070 1.000000 0.289062 0.110070 2.000000 0.331250 0.147541 2.000000 0.278125 0.149883 2.000000 0.000000 0.000000 0.000000 0.000000 0.000000 0.000000 0.000000 0.000000 0.000000 0.000000 0.000000 0.000000 0.323437 0.236534 1.000000 0.292187 0.236534 1.000000 0.000000 0.000000 0.000000 0.000000 0.000000 0.000000 0.000000 0.000000 0.000000 0.000000 0.000000 0.000000
0 0.699539 0.177705 0.073266 0.125855 0.704688 0.154567 2.000000 0.709375 0.147541 2.000000 0.701562 0.145199 2.000000 0.000000 0.000000 0.000000 0.000000 0.000000 0.000000 0.725000 0.189696 2.000000 0.687500 0.175644 2.000000 0.000000 0.000000 0.000000 0.660937 0.196721 1.000000 0.000000 0.000000 0.000000 0.687500 0.189696 2.000000 0.712500 0.257611 1.000000 0.687500 0.255269 1.000000 0.000000 0.000000 0.000000 0.000000 0.000000 0.000000 0.000000 0.000000 0.000000 0.000000 0.000000 0.000000
