0 0.830570 0.583146 0.338859 0.833709 0.850000 0.507042 2.000000 0.889062 0.469484 2.000000 0.820312 0.457746 2.000000 0.942187 0.509390 2.000000 0.770312 0.481221 2.000000 0.973437 0.683099 2.000000 0.729688 0.640845 2.000000 0.964063 0.908451 2.000000 0.690625 0.816901 2.000000 0.000000 0.000000 0.000000 0.679688 0.983568 2.000000 0.000000 0.000000 0.000000 0.000000 0.000000 0.000000 0.000000 0.000000 0.000000 0.000000 0.000000 0.000000 0.000000 0.000000 0.000000 0.000000 0.000000 0.000000
0 0.670867 0.698192 0.184391 0.578826 0.687500 0.622066 2.000000 0.714063 0.584507 2.000000 0.665625 0.589202 2.000000 0.756250 0.558685 2.000000 0.000000 0.000000 0.000000 0.000000 0.000000 0.000000 0.645312 0.706573 2.000000 0.000000 0.000000 0.000000 0.603125 0.901408 2.000000 0.000000 0.000000 0.000000 0.000000 0.000000 0.000000 0.000000 0.000000 0.000000 0.000000 0.000000 0.000000 0.000000 0.000000 0.000000 0.000000 0.000000 0.000000 0.000000 0.000000 0.000000 0.000000 0.000000 0.000000
0 0.439977 0.665575 0.123672 0.537300 0.426563 0.542254 2.000000 0.445312 0.521127 2.000000 0.415625 0.518779 2.000000 0.000000 0.000000 0.000000 0.000000 0.000000 0.000000 0.000000 0.000000 0.000000 0.420312 0.636150 2.000000 0.000000 0.000000 0.000000 0.412500 0.814554 2.000000 0.000000 0.000000 0.000000 0.000000 0.000000 0.000000 0.000000 0.000000 0.000000 0.000000 0.000000 0.000000 0.000000 0.000000 0.000000 0.407813 0.969484 1.000000 0.000000 0.000000 0.000000 0.000000 0.000000 0.000000
0 0.290656 0.619977 0.195906 0.546808 0.000000 0.000000 0.000000 0.000000 0.000000 0.000000 0.000000 0.000000 0.000000 0.257812 0.424883 2.000000 0.000000 0.000000 0.000000 0.264062 0.563380 2.000000 0.293750 0.502347 2.000000 0.237500 0.690141 2.000000 0.345313 0.577465 2.000000 0.209375 0.784038 2.000000 0.310937 0.671362 2.000000 0.264062 0.732394 2.000000 0.295312 0.687793 2.000000 0.260937 0.856808 2.000000 0.273438 0.816901 2.000000 0.390625 0.856808 1.000000 0.354687 0.772300 2.000000
0 0.214383 0.531127 0.086359 0.443146 0.192188 0.394366 2.000000 0.206250 0.375587 2.000000 0.184375 0.375587 2.000000 0.228125 0.389671 2.000000 0.000000 0.000000 0.000000 0.235937 0.464789 2.000000 0.187500 0.467136 2.000000 0.000000 0.000000 0.000000 0.000000 0.000000 0.000000 0.000000 0.000000 0.000000 0.000000 0.000000 0.000000 0.250000 0.633803 1.000000 0.215625 0.629108 2.000000 0.000000 0.000000 0.000000 0.000000 0.000000 0.000000 0.000000 0.000000 0.000000 0.000000 0.000000 0.000000
0 0.146633 0.597406 0.117047 0.377113 0.000000 0.000000 0.000000 0.000000 0.000000 0.000000 0.000000 0.000000 0.000000 0.131250 0.485915 2.000000 0.185938 0.467136 1.000000 0.128125 0.561033 2.000000 0.209375 0.516432 1.000000 0.132812 0.657277 2.000000 0.000000 0.000000 0.000000 0.132812 0.739437 2.000000 0.000000 0.000000 0.000000 0.214062 0.697183 1.000000 0.256250 0.664319 1.000000 0.185938 0.723005 1.000000 0.215625 0.669014 1.000000 0.000000 0.000000 0.000000 0.000000 0.000000 0.000000
0 0.422758 0.381761 0.089953 0.189202 0.414062 0.338028 2.000000 0.423438 0.326291 2.000000 0.406250 0.328638 2.000000 0.435937 0.335681 2.000000 0.000000 0.000000 0.000000 0.443750 0.382629 2.000000 0.398438 0.384977 2.000000 0.465625 0.441315 1.000000 0.384375 0.450704 2.000000 0.000000 0.000000 0.000000 0.000000 0.000000 0.000000 0.451562 0.467136 1.000000 0.407813 0.469484 1.000000 0.000000 0.000000 0.000000 0.000000 0.000000 0.000000 0.000000 0.000000 0.000000 0.000000 0.000000 0.000000
0 0.353648 0.420962 0.063672 0.270845 0.357812 0.323944 2.000000 0.364063 0.316901 2.000000 0.350000 0.316901 2.000000 0.373437 0.321596 2.000000 0.345313 0.323944 2.000000 0.375000 0.373239 2.000000 0.348438 0.359155 1.000000 0.000000 0.000000 0.000000 0.000000 0.000000 0.000000 0.000000 0.000000 0.000000 0.000000 0.000000 0.000000 0.368750 0.474178 2.000000 0.345313 0.474178 2.000000 0.000000 0.000000 0.000000 0.000000 0.000000 0.000000 0.000000 0.000000 0.000000 0.000000 0.000000 0.000000
0 0.536984 0.630340 0.236344 0.739319 0.534375 0.427230 2.000000 0.564063 0.403756 2.000000 0.517188 0.392019 2.000000 0.592187 0.420188 2.000000 0.495312 0.408451 2.000000 0.614062 0.558685 2.000000 0.462500 0.535211 1.000000 0.000000 0.000000 0.000000 0.440625 0.680751 2.000000 0.000000 0.000000 0.000000 0.435937 0.854460 2.000000 0.564063 0.899061 2.000000 0.479687 0.875587 2.000000 0.000000 0.000000 0.000000 0.000000 0.000000 0.000000 0.000000 0.000000 0.000000 0.000000 0.000000 0.000000
0 0.097969 0.496631 0.055344 0.206737 0.000000 0.000000 0.000000 0.000000 0.000000 0.000000 0.000000 0.000000 0.000000 0.081250 0.427230 2.000000 0.000000 0.000000 0.000000 0.092188 0.467136 2.000000 0.107813 0.443662 2.000000 0.104688 0.537559 2.000000 0.000000 0.000000 0.000000 0.110937 0.596244 2.000000 0.000000 0.000000 0.000000 0.000000 0.000000 0.000000 0.000000 0.000000 0.000000 0.000000 0.000000 0.000000 0.000000 0.000000 0.000000 0.000000 0.000000 0.000000 0.000000 0.000000 0.000000
0 0.480320 0.296714 0.057234 0.198685 0.460938 0.272300 2.000000 0.465625 0.262911 2.000000 0.000000 0.000000 0.000000 0.475000 0.265258 2.000000 0.000000 0.000000 0.000000 0.487500 0.309859 2.000000 0.000000 0.000000 0.000000 0.000000 0.000000 0.000000 0.000000 0.000000 0.000000 0.000000 0.000000 0.000000 0.000000 0.000000 0.000000 0.000000 0.000000 0.000000 0.000000 0.000000 0.000000 0.000000 0.000000 0.000000 0.000000 0.000000 0.000000 0.000000 0.000000 0.000000 0.000000 0.000000 0.000000
0 0.812609 0.249883 0.077844 0.119061 0.800000 0.298122 1.000000 0.809375 0.276995 2.000000 0.787500 0.284038 2.000000 0.842187 0.281690 2.000000 0.000000 0.000000 0.000000 0.000000 0.000000 0.000000 0.000000 0.000000 0.000000 0.000000 0.000000 0.000000 0.000000 0.000000 0.000000 0.000000 0.000000 0.000000 0.000000 0.000000 0.000000 0.000000 0.000000 0.000000 0.000000 0.000000 0.000000 0.000000 0.000000 0.000000 0.000000 0.000000 0.000000 0.000000 0.000000 0.000000 0.000000 0.000000 0.000000
0 0.237094 0.299624 0.060969 0.263380 0.221875 0.227700 2.000000 0.231250 0.218310 2.000000 0.217188 0.215962 2.000000 0.243750 0.223005 2.000000 0.000000 0.000000 0.000000 0.246875 0.284038 2.000000 0.209375 0.284038 2.000000 0.248438 0.356808 2.000000 0.000000 0.000000 0.000000 0.235937 0.420188 1.000000 0.000000 0.000000 0.000000 0.243750 0.413146 2.000000 0.214062 0.410798 1.000000 0.000000 0.000000 0.000000 0.000000 0.000000 0.000000 0.000000 0.000000 0.000000 0.000000 0.000000 0.000000
