0 0.603906 0.407722 0.061094 0.137611 0.000000 0.000000 0.000000 0.000000 0.000000 0.000000 0.626563 0.397222 2.000000 0.000000 0.000000 0.000000 0.610938 0.386111 2.000000 0.000000 0.000000 0.000000 0.582812 0.430556 2.000000 0.000000 0.000000 0.000000 0.592187 0.483333 1.000000 0.000000 0.000000 0.000000 0.617188 0.433333 2.000000 0.000000 0.000000 0.000000 0.000000 0.000000 0.000000 0.000000 0.000000 0.000000 0.000000 0.000000 0.000000 0.000000 0.000000 0.000000 0.000000 0.000000 0.000000
0 0.981844 0.337833 0.035469 0.396389 0.000000 0.000000 0.000000 0.000000 0.000000 0.000000 0.000000 0.000000 0.000000 0.000000 0.000000 0.000000 0.000000 0.000000 0.000000 0.000000 0.000000 0.000000 0.996875 0.161111 2.000000 0.000000 0.000000 0.000000 0.982812 0.225000 2.000000 0.000000 0.000000 0.000000 0.976562 0.288889 2.000000 0.000000 0.000000 0.000000 0.996875 0.311111 2.000000 0.000000 0.000000 0.000000 0.992188 0.405556 2.000000 0.000000 0.000000 0.000000 0.981250 0.483333 2.000000
0 0.861906 0.221014 0.072906 0.261917 0.862500 0.133333 2.000000 0.868750 0.122222 2.000000 0.857812 0.122222 2.000000 0.879687 0.130556 2.000000 0.000000 0.000000 0.000000 0.889062 0.183333 2.000000 0.857812 0.172222 2.000000 0.885938 0.263889 2.000000 0.840625 0.216667 2.000000 0.870313 0.316667 2.000000 0.848437 0.222222 2.000000 0.854688 0.311111 2.000000 0.837500 0.305556 2.000000 0.000000 0.000000 0.000000 0.000000 0.000000 0.000000 0.000000 0.000000 0.000000 0.000000 0.000000 0.000000
0 0.802227 0.184778 0.063828 0.278278 0.806250 0.086111 2.000000 0.809375 0.077778 2.000000 0.800000 0.080556 2.000000 0.785937 0.088889 2.000000 0.000000 0.000000 0.000000 0.773438 0.136111 2.000000 0.823438 0.136111 2.000000 0.770312 0.205556 1.000000 0.818750 0.200000 2.000000 0.792188 0.191667 1.000000 0.825000 0.191667 2.000000 0.789062 0.261111 1.000000 0.809375 0.261111 2.000000 0.000000 0.000000 0.000000 0.000000 0.000000 0.000000 0.000000 0.000000 0.000000 0.000000 0.000000 0.000000
0 0.753375 0.176847 0.055625 0.278639 0.000000 0.000000 0.000000 0.775000 0.075000 2.000000 0.767188 0.075000 2.000000 0.000000 0.000000 0.000000 0.000000 0.000000 0.000000 0.765625 0.127778 2.000000 0.742188 0.133333 2.000000 0.000000 0.000000 0.000000 0.731250 0.208333 2.000000 0.000000 0.000000 0.000000 0.770312 0.169444 1.000000 0.000000 0.000000 0.000000 0.748437 0.286111 2.000000 0.000000 0.000000 0.000000 0.000000 0.000000 0.000000 0.000000 0.000000 0.000000 0.000000 0.000000 0.000000
0 0.765914 0.363792 0.125047 0.226806 0.762500 0.344444 2.000000 0.771875 0.338889 2.000000 0.760938 0.327778 2.000000 0.792188 0.333333 2.000000 0.756250 0.297222 2.000000 0.812500 0.352778 2.000000 0.739062 0.325000 1.000000 0.818750 0.455556 2.000000 0.000000 0.000000 0.000000 0.792188 0.452778 1.000000 0.000000 0.000000 0.000000 0.000000 0.000000 0.000000 0.000000 0.000000 0.000000 0.000000 0.000000 0.000000 0.000000 0.000000 0.000000 0.000000 0.000000 0.000000 0.000000 0.000000 0.000000
0 0.195297 0.619097 0.289469 0.703361 0.104688 0.361111 2.000000 0.114062 0.341667 2.000000 0.093750 0.347222 2.000000 0.135937 0.347222 2.000000 0.089063 0.361111 2.000000 0.148438 0.433333 2.000000 0.078125 0.463889 2.000000 0.220312 0.513889 2.000000 0.073438 0.619444 2.000000 0.182812 0.547222 2.000000 0.150000 0.552778 2.000000 0.212500 0.675000 1.000000 0.170313 0.727778 2.000000 0.296875 0.686111 1.000000 0.284375 0.713889 1.000000 0.307812 0.888889 2.000000 0.000000 0.000000 0.000000
0 0.331719 0.425708 0.153750 0.297028 0.325000 0.350000 2.000000 0.000000 0.000000 0.000000 0.318750 0.341667 2.000000 0.000000 0.000000 0.000000 0.296875 0.355556 2.000000 0.329688 0.408333 2.000000 0.267188 0.452778 2.000000 0.364063 0.461111 2.000000 0.300000 0.566667 2.000000 0.384375 0.477778 2.000000 0.000000 0.000000 0.000000 0.000000 0.000000 0.000000 0.000000 0.000000 0.000000 0.000000 0.000000 0.000000 0.000000 0.000000 0.000000 0.000000 0.000000 0.000000 0.000000 0.000000 0.000000
0 0.464836 0.384403 0.140859 0.287583 0.437500 0.305556 2.000000 0.442188 0.288889 2.000000 0.428125 0.300000 2.000000 0.000000 0.000000 0.000000 0.410938 0.305556 1.000000 0.468750 0.380556 2.000000 0.412500 0.400000 1.000000 0.504687 0.436111 2.000000 0.437500 0.486111 2.000000 0.518750 0.436111 2.000000 0.500000 0.500000 2.000000 0.482812 0.550000 1.000000 0.435937 0.561111 1.000000 0.000000 0.000000 0.000000 0.532813 0.600000 1.000000 0.000000 0.000000 0.000000 0.000000 0.000000 0.000000
0 0.805555 0.627167 0.252766 0.617278 0.826562 0.425000 2.000000 0.832812 0.413889 2.000000 0.000000 0.000000 0.000000 0.860938 0.422222 2.000000 0.000000 0.000000 0.000000 0.806250 0.538889 2.000000 0.917188 0.525000 2.000000 0.746875 0.722222 2.000000 0.000000 0.000000 0.000000 0.706250 0.625000 2.000000 0.729688 0.597222 2.000000 0.790625 0.788889 2.000000 0.850000 0.783333 1.000000 0.000000 0.000000 0.000000 0.000000 0.000000 0.000000 0.000000 0.000000 0.000000 0.731250 0.875000 2.000000
