0 0.779500 0.442513 0.171960 0.589318 0.752000 0.227273 2.000000 0.762000 0.219697 2.000000 0.746000 0.219697 2.000000 0.792000 0.217172 2.000000 0.000000 0.000000 0.000000 0.814000 0.282828 2.000000 0.734000 0.290404 2.000000 0.846000 0.338384 2.000000 0.708000 0.351010 2.000000 0.830000 0.393939 2.000000 0.708000 0.378788 2.000000 0.796000 0.446970 2.000000 0.754000 0.452020 2.000000 0.768000 0.547980 2.000000 0.800000 0.575758 2.000000 0.814000 0.648990 2.000000 0.836000 0.674242 2.000000
0 0.440370 0.470442 0.248860 0.656540 0.398000 0.212121 2.000000 0.414000 0.202020 2.000000 0.390000 0.194444 2.000000 0.434000 0.217172 2.000000 0.000000 0.000000 0.000000 0.450000 0.318182 2.000000 0.332000 0.297980 2.000000 0.520000 0.393939 2.000000 0.314000 0.396465 1.000000 0.534000 0.484848 2.000000 0.344000 0.462121 1.000000 0.418000 0.527778 2.000000 0.360000 0.527778 1.000000 0.372000 0.674242 2.000000 0.384000 0.659091 2.000000 0.368000 0.901515 1.000000 0.472000 0.691919 2.000000
0 0.919260 0.401553 0.147720 0.561793 0.918000 0.186869 2.000000 0.924000 0.171717 2.000000 0.908000 0.176768 2.000000 0.940000 0.176768 2.000000 0.000000 0.000000 0.000000 0.952000 0.239899 2.000000 0.876000 0.244949 2.000000 0.974000 0.186869 2.000000 0.852000 0.318182 1.000000 0.926000 0.161616 2.000000 0.840000 0.383838 1.000000 0.926000 0.398990 2.000000 0.880000 0.401515 2.000000 0.928000 0.515152 2.000000 0.878000 0.525253 2.000000 0.926000 0.628788 2.000000 0.914000 0.580808 2.000000
0 0.934750 0.221843 0.130500 0.437929 0.000000 0.000000 0.000000 0.000000 0.000000 0.000000 0.000000 0.000000 0.000000 0.000000 0.000000 0.000000 0.000000 0.000000 0.000000 0.898000 0.058081 2.000000 0.974000 0.058081 2.000000 0.878000 0.141414 2.000000 0.998000 0.141414 2.000000 0.908000 0.202020 1.000000 0.994000 0.196970 2.000000 0.914000 0.217172 1.000000 0.968000 0.217172 1.000000 0.916000 0.310606 1.000000 0.970000 0.320707 2.000000 0.912000 0.414141 1.000000 0.978000 0.409091 2.000000
0 0.523250 0.412361 0.220700 0.820227 0.450000 0.090909 2.000000 0.462000 0.070707 2.000000 0.438000 0.070707 2.000000 0.488000 0.073232 2.000000 0.000000 0.000000 0.000000 0.524000 0.169192 2.000000 0.406000 0.166667 1.000000 0.618000 0.232323 1.000000 0.000000 0.000000 0.000000 0.000000 0.000000 0.000000 0.000000 0.000000 0.000000 0.500000 0.381313 1.000000 0.438000 0.381313 1.000000 0.450000 0.535354 1.000000 0.518000 0.578283 2.000000 0.494000 0.707071 1.000000 0.588000 0.712121 1.000000
0 0.344270 0.166667 0.167660 0.326566 0.364000 0.042929 2.000000 0.374000 0.025253 2.000000 0.358000 0.027778 2.000000 0.392000 0.032828 1.000000 0.344000 0.037879 2.000000 0.430000 0.111111 1.000000 0.318000 0.118687 2.000000 0.000000 0.000000 0.000000 0.274000 0.214646 2.000000 0.000000 0.000000 0.000000 0.000000 0.000000 0.000000 0.432000 0.310606 1.000000 0.336000 0.315657 1.000000 0.000000 0.000000 0.000000 0.000000 0.000000 0.000000 0.000000 0.000000 0.000000 0.000000 0.000000 0.000000
0 0.202330 0.196843 0.081220 0.393687 0.224000 0.022727 2.000000 0.230000 0.017677 2.000000 0.216000 0.015152 2.000000 0.000000 0.000000 0.000000 0.202000 0.017677 2.000000 0.198000 0.080808 2.000000 0.200000 0.075758 2.000000 0.208000 0.161616 2.000000 0.180000 0.118687 2.000000 0.224000 0.214646 2.000000 0.178000 0.148990 2.000000 0.200000 0.227273 2.000000 0.198000 0.227273 2.000000 0.186000 0.335859 2.000000 0.202000 0.345960 2.000000 0.000000 0.000000 0.000000 0.000000 0.000000 0.000000
0 0.072500 0.235253 0.096920 0.381061 0.000000 0.000000 0.000000 0.000000 0.000000 0.000000 0.000000 0.000000 0.000000 0.000000 0.000000 0.000000 0.070000 0.073232 2.000000 0.030000 0.123737 2.000000 0.080000 0.101010 2.000000 0.000000 0.000000 0.000000 0.102000 0.166667 2.000000 0.000000 0.000000 0.000000 0.000000 0.000000 0.000000 0.050000 0.209596 2.000000 0.084000 0.204545 2.000000 0.062000 0.318182 2.000000 0.086000 0.318182 2.000000 0.068000 0.404040 2.000000 0.082000 0.401515 2.000000
0 0.668310 0.568535 0.297220 0.723586 0.580000 0.295455 2.000000 0.590000 0.275253 2.000000 0.570000 0.282828 2.000000 0.620000 0.272727 2.000000 0.000000 0.000000 0.000000 0.638000 0.348485 2.000000 0.576000 0.345960 2.000000 0.640000 0.454545 2.000000 0.560000 0.424242 2.000000 0.580000 0.388889 2.000000 0.554000 0.464646 2.000000 0.648000 0.578283 2.000000 0.596000 0.568182 2.000000 0.710000 0.739899 2.000000 0.544000 0.661616 2.000000 0.780000 0.853535 2.000000 0.624000 0.734848 2.000000
0 0.259430 0.106389 0.059260 0.212778 0.000000 0.000000 0.000000 0.000000 0.000000 0.000000 0.000000 0.000000 0.000000 0.000000 0.000000 0.000000 0.000000 0.000000 0.000000 0.282000 0.010101 2.000000 0.244000 0.012626 2.000000 0.000000 0.000000 0.000000 0.000000 0.000000 0.000000 0.000000 0.000000 0.000000 0.000000 0.000000 0.000000 0.282000 0.108586 2.000000 0.254000 0.111111 2.000000 0.288000 0.176768 1.000000 0.248000 0.181818 2.000000 0.000000 0.000000 0.000000 0.000000 0.000000 0.000000
