0 0.335680 0.489601 0.480172 0.462254 0.254688 0.333333 2.000000 0.256250 0.316901 2.000000 0.240625 0.328638 2.000000 0.000000 0.000000 0.000000 0.206250 0.352113 2.000000 0.292187 0.382629 2.000000 0.204687 0.448357 2.000000 0.360938 0.492958 2.000000 0.196875 0.572770 2.000000 0.396875 0.619718 2.000000 0.176563 0.669014 2.000000 0.379688 0.598592 2.000000 0.332813 0.650235 2.000000 0.450000 0.523474 2.000000 0.301563 0.476526 2.000000 0.504687 0.647887 2.000000 0.382812 0.659624 2.000000
0 0.323805 0.242606 0.071578 0.325962 0.314063 0.110329 2.000000 0.320312 0.103286 2.000000 0.309375 0.105634 2.000000 0.328125 0.107981 2.000000 0.000000 0.000000 0.000000 0.342187 0.145540 2.000000 0.300000 0.150235 2.000000 0.351562 0.206573 2.000000 0.293750 0.208920 2.000000 0.343750 0.262911 2.000000 0.298438 0.262911 2.000000 0.337500 0.272300 2.000000 0.307812 0.274648 2.000000 0.346875 0.361502 2.000000 0.310937 0.366197 1.000000 0.000000 0.000000 0.000000 0.000000 0.000000 0.000000
0 0.489672 0.130270 0.089156 0.206221 0.493750 0.068075 2.000000 0.500000 0.061033 2.000000 0.489063 0.061033 2.000000 0.504687 0.065728 2.000000 0.481250 0.065728 2.000000 0.515625 0.107981 2.000000 0.464062 0.105634 2.000000 0.525000 0.161972 2.000000 0.453125 0.164319 2.000000 0.518750 0.208920 1.000000 0.467187 0.211268 1.000000 0.510938 0.213615 1.000000 0.481250 0.215962 1.000000 0.000000 0.000000 0.000000 0.000000 0.000000 0.000000 0.000000 0.000000 0.000000 0.000000 0.000000 0.000000
0 0.498359 0.343146 0.069594 0.391784 0.507812 0.192488 2.000000 0.510938 0.185446 2.000000 0.504687 0.178404 2.000000 0.000000 0.000000 0.000000 0.489063 0.178404 2.000000 0.496875 0.213615 2.000000 0.485938 0.215962 2.000000 0.512500 0.260563 2.000000 0.493750 0.284038 2.000000 0.509375 0.213615 2.000000 0.506250 0.333333 2.000000 0.501563 0.347418 2.000000 0.487500 0.342723 2.000000 0.520312 0.415493 2.000000 0.492188 0.455399 2.000000 0.490625 0.415493 2.000000 0.490625 0.523474 2.000000
0 0.599266 0.335094 0.098875 0.466573 0.587500 0.147887 2.000000 0.592187 0.140845 2.000000 0.581250 0.143192 2.000000 0.603125 0.147887 2.000000 0.000000 0.000000 0.000000 0.626563 0.194836 2.000000 0.562500 0.206573 2.000000 0.639062 0.258216 2.000000 0.553125 0.262911 2.000000 0.615625 0.309859 2.000000 0.582812 0.326291 2.000000 0.612500 0.338028 2.000000 0.579688 0.338028 2.000000 0.626563 0.408451 1.000000 0.590625 0.462441 1.000000 0.570312 0.413146 2.000000 0.600000 0.528169 1.000000
0 0.768148 0.329366 0.099734 0.475305 0.771875 0.138498 2.000000 0.778125 0.129108 2.000000 0.767188 0.129108 2.000000 0.782813 0.138498 2.000000 0.759375 0.136150 2.000000 0.795312 0.187793 2.000000 0.742188 0.185446 2.000000 0.804688 0.255869 2.000000 0.731250 0.255869 2.000000 0.804688 0.319249 2.000000 0.745313 0.316901 2.000000 0.789062 0.356808 2.000000 0.751563 0.356808 2.000000 0.781250 0.434272 2.000000 0.745313 0.429577 2.000000 0.782813 0.542254 2.000000 0.723437 0.542254 1.000000
0 0.893414 0.294554 0.109047 0.316573 0.892188 0.185446 2.000000 0.896875 0.173709 2.000000 0.885938 0.173709 2.000000 0.904687 0.180751 2.000000 0.875000 0.178404 2.000000 0.907813 0.218310 2.000000 0.868750 0.218310 2.000000 0.926562 0.286385 2.000000 0.843750 0.279343 2.000000 0.929688 0.347418 2.000000 0.868750 0.281690 2.000000 0.901563 0.366197 2.000000 0.871875 0.366197 2.000000 0.901563 0.450704 1.000000 0.868750 0.446009 1.000000 0.906250 0.556338 1.000000 0.864062 0.546948 1.000000
0 0.194680 0.204038 0.084734 0.207840 0.184375 0.143192 2.000000 0.192188 0.136150 2.000000 0.182812 0.136150 2.000000 0.200000 0.140845 2.000000 0.178125 0.143192 2.000000 0.210938 0.180751 2.000000 0.185938 0.180751 2.000000 0.215625 0.246479 2.000000 0.185938 0.262911 2.000000 0.173437 0.253521 2.000000 0.165625 0.267606 2.000000 0.207813 0.291080 1.000000 0.182812 0.286385 1.000000 0.000000 0.000000 0.000000 0.000000 0.000000 0.000000 0.000000 0.000000 0.000000 0.000000 0.000000 0.000000
0 0.136820 0.309237 0.076984 0.437394 0.134375 0.126761 2.000000 0.139063 0.119718 2.000000 0.129688 0.117371 2.000000 0.000000 0.000000 0.000000 0.121875 0.126761 2.000000 0.153125 0.178404 2.000000 0.101562 0.180751 2.000000 0.168750 0.241784 1.000000 0.096875 0.253521 1.000000 0.151562 0.237089 2.000000 0.114062 0.239437 2.000000 0.148438 0.286385 2.000000 0.118750 0.291080 2.000000 0.156250 0.396714 2.000000 0.117188 0.401408 2.000000 0.159375 0.481221 2.000000 0.123438 0.485915 2.000000
0 0.059977 0.312876 0.086453 0.446268 0.051562 0.124413 2.000000 0.057813 0.112676 2.000000 0.042188 0.112676 2.000000 0.065625 0.119718 2.000000 0.000000 0.000000 0.000000 0.084375 0.169014 2.000000 0.032813 0.171362 2.000000 0.095312 0.232394 2.000000 0.032813 0.223005 2.000000 0.095312 0.305164 2.000000 0.043750 0.164319 2.000000 0.076563 0.321596 2.000000 0.039062 0.321596 2.000000 0.082812 0.406103 2.000000 0.039062 0.413146 2.000000 0.090625 0.504695 2.000000 0.043750 0.511737 2.000000
0 0.669375 0.441444 0.157406 0.270258 0.659375 0.352113 2.000000 0.659375 0.342723 2.000000 0.651563 0.340376 2.000000 0.000000 0.000000 0.000000 0.635938 0.347418 2.000000 0.650000 0.403756 2.000000 0.615625 0.406103 2.000000 0.667188 0.490610 2.000000 0.631250 0.469484 2.000000 0.701562 0.497653 2.000000 0.645312 0.523474 2.000000 0.645312 0.490610 2.000000 0.621875 0.514085 2.000000 0.675000 0.450704 2.000000 0.693750 0.528169 2.000000 0.709375 0.544601 2.000000 0.717187 0.539906 2.000000
0 0.383852 0.414448 0.078234 0.167441 0.346875 0.377934 2.000000 0.353125 0.370892 2.000000 0.000000 0.000000 0.000000 0.370312 0.370892 2.000000 0.000000 0.000000 0.000000 0.384375 0.408451 2.000000 0.371875 0.420188 2.000000 0.370312 0.483568 1.000000 0.000000 0.000000 0.000000 0.000000 0.000000 0.000000 0.000000 0.000000 0.000000 0.400000 0.521127 1.000000 0.387500 0.511737 1.000000 0.000000 0.000000 0.000000 0.000000 0.000000 0.000000 0.000000 0.000000 0.000000 0.000000 0.000000 0.000000
