0 0.453609 0.155410 0.058531 0.128386 0.446875 0.126984 2.000000 0.451562 0.119048 2.000000 0.443750 0.119048 1.000000 0.460938 0.126984 2.000000 0.000000 0.000000 0.000000 0.465625 0.145503 2.000000 0.439063 0.142857 2.000000 0.468750 0.206349 2.000000 0.432812 0.190476 2.000000 0.450000 0.211640 2.000000 0.432812 0.208995 1.000000 0.000000 0.000000 0.000000 0.000000 0.000000 0.000000 0.000000 0.000000 0.000000 0.000000 0.000000 0.000000 0.000000 0.000000 0.000000 0.000000 0.000000 0.000000
0 0.630531 0.766892 0.143656 0.279286 0.000000 0.000000 0.000000 0.000000 0.000000 0.000000 0.000000 0.000000 0.000000 0.657813 0.666667 2.000000 0.000000 0.000000 0.000000 0.664062 0.698413 2.000000 0.667188 0.695767 2.000000 0.607812 0.719577 2.000000 0.000000 0.000000 0.000000 0.576562 0.674603 2.000000 0.000000 0.000000 0.000000 0.684375 0.793651 2.000000 0.685937 0.788360 2.000000 0.626563 0.783069 2.000000 0.618750 0.751323 2.000000 0.665625 0.862434 2.000000 0.000000 0.000000 0.000000
0 0.761055 0.767368 0.134672 0.326534 0.734375 0.653439 2.000000 0.737500 0.640212 2.000000 0.000000 0.000000 0.000000 0.748437 0.634921 2.000000 0.000000 0.000000 0.000000 0.757812 0.666667 2.000000 0.765625 0.661376 2.000000 0.779687 0.703704 2.000000 0.751563 0.740741 2.000000 0.784375 0.753968 2.000000 0.718750 0.753968 2.000000 0.806250 0.759259 2.000000 0.810937 0.753968 2.000000 0.757812 0.780423 2.000000 0.756250 0.769841 2.000000 0.767188 0.902116 2.000000 0.787500 0.851852 2.000000
0 0.496469 0.138108 0.087563 0.241825 0.501563 0.047619 2.000000 0.506250 0.039683 2.000000 0.496875 0.039683 2.000000 0.512500 0.042328 2.000000 0.493750 0.039683 2.000000 0.526563 0.071429 2.000000 0.487500 0.066138 2.000000 0.000000 0.000000 0.000000 0.460938 0.055556 2.000000 0.000000 0.000000 0.000000 0.467187 0.066138 2.000000 0.528125 0.166667 2.000000 0.500000 0.171958 2.000000 0.526563 0.158730 2.000000 0.507812 0.253968 1.000000 0.526563 0.232804 2.000000 0.000000 0.000000 0.000000
0 0.432328 0.691442 0.170281 0.423413 0.000000 0.000000 0.000000 0.000000 0.000000 0.000000 0.000000 0.000000 0.000000 0.000000 0.000000 0.000000 0.000000 0.000000 0.000000 0.426563 0.531746 2.000000 0.448437 0.544974 2.000000 0.379688 0.576720 2.000000 0.414062 0.626984 2.000000 0.000000 0.000000 0.000000 0.384375 0.597884 2.000000 0.425000 0.666667 2.000000 0.446875 0.661376 2.000000 0.390625 0.785714 2.000000 0.446875 0.780423 2.000000 0.373437 0.875661 2.000000 0.498437 0.841270 2.000000
0 0.589664 0.151601 0.096891 0.232249 0.593750 0.068783 2.000000 0.598437 0.063492 2.000000 0.590625 0.063492 2.000000 0.606250 0.063492 2.000000 0.000000 0.000000 0.000000 0.614062 0.082011 2.000000 0.584375 0.079365 2.000000 0.628125 0.097884 2.000000 0.554688 0.082011 2.000000 0.615625 0.134921 2.000000 0.548438 0.121693 2.000000 0.614062 0.177249 2.000000 0.595313 0.169312 2.000000 0.614062 0.243386 1.000000 0.557813 0.177249 2.000000 0.000000 0.000000 0.000000 0.581250 0.232804 2.000000
0 0.686664 0.159511 0.065297 0.222037 0.682813 0.084656 2.000000 0.687500 0.076720 2.000000 0.681250 0.076720 2.000000 0.695312 0.079365 2.000000 0.000000 0.000000 0.000000 0.703125 0.103175 2.000000 0.673438 0.100529 2.000000 0.712500 0.113757 2.000000 0.665625 0.148148 2.000000 0.687500 0.113757 2.000000 0.657813 0.132275 1.000000 0.690625 0.208995 2.000000 0.670312 0.201058 2.000000 0.000000 0.000000 0.000000 0.000000 0.000000 0.000000 0.000000 0.000000 0.000000 0.000000 0.000000 0.000000
0 0.805406 0.196680 0.092781 0.262249 0.800000 0.095238 2.000000 0.804688 0.087302 2.000000 0.796875 0.089947 2.000000 0.812500 0.087302 2.000000 0.000000 0.000000 0.000000 0.834375 0.119048 2.000000 0.787500 0.116402 2.000000 0.848437 0.164021 1.000000 0.776563 0.177249 2.000000 0.000000 0.000000 0.000000 0.789062 0.129630 2.000000 0.831250 0.216931 1.000000 0.803125 0.216931 2.000000 0.834375 0.269841 2.000000 0.806250 0.261905 2.000000 0.843750 0.314815 1.000000 0.804688 0.312169 2.000000
0 0.863102 0.202262 0.057609 0.245423 0.851562 0.113757 2.000000 0.854688 0.108466 2.000000 0.848437 0.108466 1.000000 0.864062 0.108466 2.000000 0.000000 0.000000 0.000000 0.873437 0.137566 2.000000 0.842187 0.119048 1.000000 0.868750 0.203704 2.000000 0.839063 0.158730 1.000000 0.843750 0.203704 2.000000 0.839063 0.161376 1.000000 0.873437 0.201058 2.000000 0.856250 0.195767 2.000000 0.859375 0.216931 2.000000 0.854688 0.267196 2.000000 0.857812 0.301587 2.000000 0.865625 0.317460 2.000000
0 0.359680 0.138201 0.066359 0.119101 0.356250 0.108466 2.000000 0.359375 0.095238 2.000000 0.354687 0.097884 2.000000 0.367188 0.103175 2.000000 0.000000 0.000000 0.000000 0.371875 0.129630 2.000000 0.346875 0.129630 2.000000 0.381250 0.156085 2.000000 0.337500 0.158730 2.000000 0.000000 0.000000 0.000000 0.000000 0.000000 0.000000 0.000000 0.000000 0.000000 0.000000 0.000000 0.000000 0.000000 0.000000 0.000000 0.000000 0.000000 0.000000 0.000000 0.000000 0.000000 0.000000 0.000000 0.000000
0 0.321078 0.092394 0.087750 0.184788 0.000000 0.000000 0.000000 0.000000 0.000000 0.000000 0.000000 0.000000 0.000000 0.000000 0.000000 0.000000 0.000000 0.000000 0.000000 0.000000 0.000000 0.000000 0.000000 0.000000 0.000000 0.356250 0.042328 2.000000 0.295312 0.026455 1.000000 0.332813 0.063492 2.000000 0.312500 0.058201 2.000000 0.337500 0.068783 2.000000 0.312500 0.063492 2.000000 0.339062 0.097884 2.000000 0.284375 0.084656 2.000000 0.326562 0.164021 2.000000 0.296875 0.156085 2.000000
