0 0.245039 0.361789 0.312172 0.719100 0.000000 0.000000 0.000000 0.000000 0.000000 0.000000 0.000000 0.000000 0.000000 0.000000 0.000000 0.000000 0.000000 0.000000 0.000000 0.325000 0.058577 2.000000 0.151562 0.052301 2.000000 0.371875 0.219665 2.000000 0.109375 0.232218 2.000000 0.331250 0.299163 2.000000 0.196875 0.334728 2.000000 0.304688 0.412134 2.000000 0.196875 0.420502 2.000000 0.312500 0.661088 2.000000 0.229687 0.684100 2.000000 0.000000 0.000000 0.000000 0.000000 0.000000 0.000000
0 0.517781 0.208985 0.199719 0.404498 0.542188 0.123431 2.000000 0.551562 0.100418 2.000000 0.534375 0.100418 2.000000 0.000000 0.000000 0.000000 0.501563 0.083682 2.000000 0.542188 0.156904 2.000000 0.454688 0.188285 2.000000 0.556250 0.259414 2.000000 0.459375 0.332636 2.000000 0.557813 0.332636 2.000000 0.539062 0.353556 2.000000 0.532813 0.418410 1.000000 0.476562 0.437238 1.000000 0.523438 0.583682 1.000000 0.496875 0.596234 1.000000 0.000000 0.000000 0.000000 0.000000 0.000000 0.000000
0 0.753133 0.564854 0.493734 0.870293 0.782813 0.397490 2.000000 0.781250 0.355649 1.000000 0.000000 0.000000 0.000000 0.848437 0.336820 2.000000 0.000000 0.000000 0.000000 0.893750 0.481172 2.000000 0.000000 0.000000 0.000000 0.657813 0.721757 2.000000 0.000000 0.000000 0.000000 0.551562 0.784519 2.000000 0.000000 0.000000 0.000000 0.000000 0.000000 0.000000 0.000000 0.000000 0.000000 0.000000 0.000000 0.000000 0.000000 0.000000 0.000000 0.000000 0.000000 0.000000 0.000000 0.000000 0.000000
0 0.127555 0.647197 0.194703 0.337071 0.145313 0.596234 2.000000 0.151562 0.577406 2.000000 0.129688 0.585774 2.000000 0.000000 0.000000 0.000000 0.075000 0.589958 2.000000 0.154688 0.621339 2.000000 0.051562 0.656904 2.000000 0.223438 0.671548 1.000000 0.037500 0.738494 1.000000 0.193750 0.644351 2.000000 0.075000 0.694561 2.000000 0.171875 0.784519 1.000000 0.101562 0.805439 2.000000 0.000000 0.000000 0.000000 0.000000 0.000000 0.000000 0.000000 0.000000 0.000000 0.000000 0.000000 0.000000
0 0.505570 0.474017 0.115422 0.240628 0.507812 0.445607 2.000000 0.518750 0.433054 2.000000 0.493750 0.435146 2.000000 0.000000 0.000000 0.000000 0.464062 0.437238 2.000000 0.000000 0.000000 0.000000 0.454688 0.493724 1.000000 0.551562 0.573222 1.000000 0.462500 0.596234 1.000000 0.532813 0.520921 2.000000 0.507812 0.520921 2.000000 0.000000 0.000000 0.000000 0.000000 0.000000 0.000000 0.000000 0.000000 0.000000 0.000000 0.000000 0.000000 0.000000 0.000000 0.000000 0.000000 0.000000 0.000000
0 0.398617 0.535962 0.186297 0.253933 0.456250 0.546025 2.000000 0.459375 0.527197 2.000000 0.439063 0.539749 2.000000 0.000000 0.000000 0.000000 0.390625 0.518828 2.000000 0.426563 0.518828 2.000000 0.348438 0.539749 2.000000 0.453125 0.583682 1.000000 0.300000 0.592050 1.000000 0.475000 0.571130 2.000000 0.398438 0.600418 2.000000 0.435937 0.771967 1.000000 0.353125 0.776151 1.000000 0.000000 0.000000 0.000000 0.000000 0.000000 0.000000 0.000000 0.000000 0.000000 0.000000 0.000000 0.000000
0 0.710602 0.356956 0.082922 0.146757 0.742188 0.355649 2.000000 0.000000 0.000000 0.000000 0.740625 0.349372 2.000000 0.000000 0.000000 0.000000 0.710938 0.349372 2.000000 0.715625 0.387029 2.000000 0.671875 0.397490 1.000000 0.715625 0.443515 1.000000 0.000000 0.000000 0.000000 0.740625 0.412134 2.000000 0.000000 0.000000 0.000000 0.721875 0.487448 1.000000 0.689063 0.502092 1.000000 0.000000 0.000000 0.000000 0.000000 0.000000 0.000000 0.000000 0.000000 0.000000 0.000000 0.000000 0.000000
0 0.584055 0.159634 0.066484 0.287594 0.568750 0.089958 2.000000 0.578125 0.079498 2.000000 0.559375 0.083682 1.000000 0.000000 0.000000 0.000000 0.537500 0.085774 1.000000 0.579688 0.163180 2.000000 0.529687 0.173640 1.000000 0.587500 0.259414 2.000000 0.535937 0.255230 1.000000 0.590625 0.349372 1.000000 0.590625 0.219665 2.000000 0.579688 0.332636 1.000000 0.537500 0.343096 1.000000 0.000000 0.000000 0.000000 0.000000 0.000000 0.000000 0.000000 0.000000 0.000000 0.000000 0.000000 0.000000
0 0.955016 0.096036 0.089094 0.155084 0.987500 0.083682 2.000000 0.000000 0.000000 0.000000 0.979688 0.073222 2.000000 0.000000 0.000000 0.000000 0.960938 0.073222 2.000000 0.946875 0.138075 2.000000 0.929688 0.161088 1.000000 0.000000 0.000000 0.000000 0.000000 0.000000 0.000000 0.000000 0.000000 0.000000 0.000000 0.000000 0.000000 0.000000 0.000000 0.000000 0.000000 0.000000 0.000000 0.000000 0.000000 0.000000 0.000000 0.000000 0.000000 0.000000 0.000000 0.000000 0.000000 0.000000 0.000000
0 0.662961 0.398881 0.100703 0.204498 0.671875 0.382845 2.000000 0.676562 0.370293 2.000000 0.660937 0.372385 2.000000 0.000000 0.000000 0.000000 0.632812 0.376569 2.000000 0.665625 0.416318 2.000000 0.629687 0.424686 2.000000 0.000000 0.000000 0.000000 0.640625 0.487448 2.000000 0.000000 0.000000 0.000000 0.682813 0.472803 2.000000 0.671875 0.520921 1.000000 0.650000 0.529289 1.000000 0.000000 0.000000 0.000000 0.000000 0.000000 0.000000 0.000000 0.000000 0.000000 0.000000 0.000000 0.000000
0 0.163641 0.805617 0.327281 0.366297 0.000000 0.000000 0.000000 0.000000 0.000000 0.000000 0.000000 0.000000 0.000000 0.000000 0.000000 0.000000 0.000000 0.000000 0.000000 0.000000 0.000000 0.000000 0.000000 0.000000 0.000000 0.000000 0.000000 0.000000 0.085938 0.949791 2.000000 0.000000 0.000000 0.000000 0.253125 0.907950 2.000000 0.000000 0.000000 0.000000 0.000000 0.000000 0.000000 0.000000 0.000000 0.000000 0.000000 0.000000 0.000000 0.000000 0.000000 0.000000 0.000000 0.000000 0.000000
0 0.785367 0.845952 0.228641 0.308096 0.000000 0.000000 0.000000 0.000000 0.000000 0.000000 0.000000 0.000000 0.000000 0.748437 0.914226 2.000000 0.000000 0.000000 0.000000 0.000000 0.000000 0.000000 0.834375 0.851464 2.000000 0.000000 0.000000 0.000000 0.771875 0.740586 2.000000 0.000000 0.000000 0.000000 0.695312 0.820084 2.000000 0.000000 0.000000 0.000000 0.000000 0.000000 0.000000 0.000000 0.000000 0.000000 0.000000 0.000000 0.000000 0.000000 0.000000 0.000000 0.000000 0.000000 0.000000
