0 0.434139 0.513672 0.652807 0.626844 0.429245 0.264062 2.000000 0.455189 0.253125 2.000000 0.424528 0.250000 2.000000 0.000000 0.000000 0.000000 0.000000 0.000000 0.000000 0.587264 0.278125 2.000000 0.417453 0.321875 2.000000 0.660377 0.228125 2.000000 0.577830 0.389062 2.000000 0.702830 0.264062 2.000000 0.695755 0.325000 2.000000 0.547170 0.503125 2.000000 0.455189 0.485938 2.000000 0.625000 0.656250 2.000000 0.367925 0.590625 2.000000 0.648585 0.787500 2.000000 0.169811 0.706250 2.000000
0 0.271368 0.486516 0.189953 0.289875 0.266509 0.382812 2.000000 0.278302 0.373437 2.000000 0.259434 0.375000 2.000000 0.301887 0.375000 2.000000 0.242925 0.378125 2.000000 0.325472 0.417187 2.000000 0.238208 0.414062 2.000000 0.304245 0.468750 2.000000 0.202830 0.454688 2.000000 0.245283 0.451562 2.000000 0.280660 0.457813 2.000000 0.323113 0.537500 2.000000 0.266509 0.532813 2.000000 0.327830 0.589063 1.000000 0.259434 0.576562 2.000000 0.306604 0.665625 1.000000 0.259434 0.670312 1.000000
0 0.777759 0.211289 0.137736 0.098359 0.771226 0.196875 2.000000 0.783019 0.187500 2.000000 0.759434 0.187500 2.000000 0.799528 0.193750 2.000000 0.747642 0.192188 2.000000 0.825472 0.234375 2.000000 0.719340 0.232813 2.000000 0.000000 0.000000 0.000000 0.000000 0.000000 0.000000 0.000000 0.000000 0.000000 0.000000 0.000000 0.000000 0.000000 0.000000 0.000000 0.000000 0.000000 0.000000 0.000000 0.000000 0.000000 0.000000 0.000000 0.000000 0.000000 0.000000 0.000000 0.000000 0.000000 0.000000
0 0.262677 0.217508 0.122807 0.065922 0.235849 0.217188 2.000000 0.247642 0.209375 2.000000 0.228774 0.209375 2.000000 0.266509 0.212500 2.000000 0.000000 0.000000 0.000000 0.299528 0.242188 2.000000 0.209906 0.240625 2.000000 0.000000 0.000000 0.000000 0.000000 0.000000 0.000000 0.000000 0.000000 0.000000 0.000000 0.000000 0.000000 0.000000 0.000000 0.000000 0.000000 0.000000 0.000000 0.000000 0.000000 0.000000 0.000000 0.000000 0.000000 0.000000 0.000000 0.000000 0.000000 0.000000 0.000000
0 0.122099 0.492672 0.236226 0.276813 0.096698 0.393750 2.000000 0.108491 0.385937 2.000000 0.084906 0.385937 2.000000 0.129717 0.392188 2.000000 0.000000 0.000000 0.000000 0.153302 0.450000 2.000000 0.047170 0.442188 1.000000 0.172170 0.501563 1.000000 0.011792 0.493750 2.000000 0.158019 0.579688 1.000000 0.000000 0.000000 0.000000 0.096698 0.559375 1.000000 0.011792 0.556250 1.000000 0.122642 0.567187 1.000000 0.000000 0.000000 0.000000 0.113208 0.692187 1.000000 0.000000 0.000000 0.000000
0 0.745035 0.078758 0.169788 0.147703 0.747642 0.032813 2.000000 0.759434 0.031250 2.000000 0.738208 0.029687 2.000000 0.773585 0.039062 2.000000 0.000000 0.000000 0.000000 0.792453 0.064062 2.000000 0.702830 0.064062 2.000000 0.804245 0.118750 2.000000 0.676887 0.109375 2.000000 0.754717 0.120313 2.000000 0.698113 0.117188 2.000000 0.775943 0.154688 1.000000 0.702830 0.153125 1.000000 0.000000 0.000000 0.000000 0.000000 0.000000 0.000000 0.000000 0.000000 0.000000 0.000000 0.000000 0.000000
0 0.850696 0.173102 0.094458 0.098766 0.844340 0.154688 2.000000 0.851415 0.148438 2.000000 0.834906 0.148438 2.000000 0.865566 0.148438 2.000000 0.820755 0.146875 2.000000 0.886792 0.176563 2.000000 0.799528 0.176563 1.000000 0.000000 0.000000 0.000000 0.000000 0.000000 0.000000 0.000000 0.000000 0.000000 0.000000 0.000000 0.000000 0.875000 0.231250 1.000000 0.806604 0.231250 1.000000 0.000000 0.000000 0.000000 0.000000 0.000000 0.000000 0.000000 0.000000 0.000000 0.000000 0.000000 0.000000
0 0.603774 0.206469 0.101274 0.090281 0.000000 0.000000 0.000000 0.000000 0.000000 0.000000 0.000000 0.000000 0.000000 0.000000 0.000000 0.000000 0.000000 0.000000 0.000000 0.599057 0.184375 2.000000 0.634434 0.182812 2.000000 0.000000 0.000000 0.000000 0.000000 0.000000 0.000000 0.000000 0.000000 0.000000 0.000000 0.000000 0.000000 0.000000 0.000000 0.000000 0.000000 0.000000 0.000000 0.000000 0.000000 0.000000 0.000000 0.000000 0.000000 0.000000 0.000000 0.000000 0.000000 0.000000 0.000000
0 0.915802 0.075969 0.168396 0.143687 0.912736 0.045312 2.000000 0.926887 0.035937 2.000000 0.908019 0.035937 2.000000 0.943396 0.042188 2.000000 0.898585 0.035937 2.000000 0.992925 0.084375 2.000000 0.853774 0.084375 2.000000 0.000000 0.000000 0.000000 0.000000 0.000000 0.000000 0.000000 0.000000 0.000000 0.000000 0.000000 0.000000 0.000000 0.000000 0.000000 0.000000 0.000000 0.000000 0.000000 0.000000 0.000000 0.000000 0.000000 0.000000 0.000000 0.000000 0.000000 0.000000 0.000000 0.000000
0 0.727583 0.508984 0.308656 0.379781 0.702830 0.350000 2.000000 0.000000 0.000000 0.000000 0.000000 0.000000 0.000000 0.747642 0.345313 2.000000 0.000000 0.000000 0.000000 0.804245 0.400000 2.000000 0.639151 0.398438 2.000000 0.000000 0.000000 0.000000 0.000000 0.000000 0.000000 0.000000 0.000000 0.000000 0.000000 0.000000 0.000000 0.766509 0.550000 2.000000 0.658019 0.550000 2.000000 0.775943 0.654687 2.000000 0.665094 0.642188 2.000000 0.000000 0.000000 0.000000 0.000000 0.000000 0.000000
