0 0.331250 0.698193 0.201900 0.581084 0.340000 0.503012 2.000000 0.350000 0.490964 2.000000 0.330000 0.490964 2.000000 0.000000 0.000000 0.000000 0.320000 0.506024 2.000000 0.382000 0.572289 2.000000 0.280000 0.551205 2.000000 0.416000 0.674699 2.000000 0.240000 0.587349 2.000000 0.416000 0.614458 2.000000 0.250000 0.542169 2.000000 0.356000 0.771084 2.000000 0.290000 0.762048 2.000000 0.388000 0.930723 2.000000 0.304000 0.939759 2.000000 0.000000 0.000000 0.000000 0.000000 0.000000 0.000000
0 0.575800 0.739744 0.303720 0.520512 0.560000 0.524096 2.000000 0.574000 0.521084 2.000000 0.558000 0.509036 2.000000 0.592000 0.530120 2.000000 0.000000 0.000000 0.000000 0.590000 0.590361 2.000000 0.560000 0.566265 2.000000 0.606000 0.677711 2.000000 0.540000 0.551205 2.000000 0.634000 0.762048 2.000000 0.512000 0.524096 2.000000 0.586000 0.750000 2.000000 0.558000 0.737952 2.000000 0.000000 0.000000 0.000000 0.000000 0.000000 0.000000 0.000000 0.000000 0.000000 0.000000 0.000000 0.000000
0 0.820120 0.494623 0.359760 0.988825 0.926000 0.204819 2.000000 0.962000 0.153614 2.000000 0.906000 0.153614 2.000000 0.000000 0.000000 0.000000 0.000000 0.000000 0.000000 0.962000 0.481928 2.000000 0.804000 0.484940 2.000000 0.000000 0.000000 0.000000 0.744000 0.837349 2.000000 0.000000 0.000000 0.000000 0.000000 0.000000 0.000000 0.000000 0.000000 0.000000 0.000000 0.000000 0.000000 0.000000 0.000000 0.000000 0.000000 0.000000 0.000000 0.000000 0.000000 0.000000 0.000000 0.000000 0.000000
0 0.446150 0.575286 0.122340 0.498886 0.436000 0.382530 2.000000 0.442000 0.373494 2.000000 0.428000 0.370482 2.000000 0.456000 0.379518 2.000000 0.000000 0.000000 0.000000 0.474000 0.421687 2.000000 0.410000 0.409639 2.000000 0.490000 0.493976 2.000000 0.000000 0.000000 0.000000 0.488000 0.436747 2.000000 0.000000 0.000000 0.000000 0.460000 0.551205 1.000000 0.418000 0.548193 1.000000 0.000000 0.000000 0.000000 0.416000 0.665663 1.000000 0.000000 0.000000 0.000000 0.426000 0.792169 2.000000
0 0.283820 0.434895 0.079240 0.187801 0.270000 0.373494 2.000000 0.278000 0.364458 2.000000 0.264000 0.370482 2.000000 0.292000 0.364458 2.000000 0.000000 0.000000 0.000000 0.314000 0.430723 1.000000 0.246000 0.412651 1.000000 0.000000 0.000000 0.000000 0.000000 0.000000 0.000000 0.000000 0.000000 0.000000 0.000000 0.000000 0.000000 0.000000 0.000000 0.000000 0.000000 0.000000 0.000000 0.000000 0.000000 0.000000 0.000000 0.000000 0.000000 0.000000 0.000000 0.000000 0.000000 0.000000 0.000000
0 0.131310 0.667861 0.259620 0.635964 0.110000 0.460843 2.000000 0.112000 0.448795 2.000000 0.100000 0.457831 2.000000 0.134000 0.442771 2.000000 0.000000 0.000000 0.000000 0.160000 0.487952 2.000000 0.096000 0.527108 2.000000 0.196000 0.457831 2.000000 0.052000 0.584337 2.000000 0.214000 0.385542 2.000000 0.000000 0.000000 0.000000 0.168000 0.626506 2.000000 0.124000 0.644578 2.000000 0.000000 0.000000 0.000000 0.000000 0.000000 0.000000 0.000000 0.000000 0.000000 0.000000 0.000000 0.000000
0 0.558060 0.447199 0.161160 0.193253 0.552000 0.421687 2.000000 0.562000 0.415663 2.000000 0.546000 0.412651 2.000000 0.582000 0.415663 2.000000 0.000000 0.000000 0.000000 0.600000 0.472892 2.000000 0.530000 0.463855 2.000000 0.000000 0.000000 0.000000 0.000000 0.000000 0.000000 0.000000 0.000000 0.000000 0.000000 0.000000 0.000000 0.000000 0.000000 0.000000 0.000000 0.000000 0.000000 0.000000 0.000000 0.000000 0.000000 0.000000 0.000000 0.000000 0.000000 0.000000 0.000000 0.000000 0.000000
0 0.090440 0.370873 0.125040 0.152410 0.086000 0.319277 2.000000 0.092000 0.310241 2.000000 0.078000 0.313253 2.000000 0.102000 0.319277 2.000000 0.070000 0.322289 1.000000 0.124000 0.373494 2.000000 0.060000 0.361446 2.000000 0.140000 0.430723 2.000000 0.034000 0.382530 2.000000 0.108000 0.415663 1.000000 0.062000 0.409639 1.000000 0.112000 0.506024 1.000000 0.070000 0.503012 1.000000 0.000000 0.000000 0.000000 0.000000 0.000000 0.000000 0.000000 0.000000 0.000000 0.000000 0.000000 0.000000
0 0.489840 0.306235 0.104320 0.107711 0.484000 0.307229 2.000000 0.490000 0.298193 2.000000 0.480000 0.298193 2.000000 0.500000 0.307229 2.000000 0.000000 0.000000 0.000000 0.516000 0.349398 2.000000 0.000000 0.000000 0.000000 0.000000 0.000000 0.000000 0.000000 0.000000 0.000000 0.000000 0.000000 0.000000 0.000000 0.000000 0.000000 0.000000 0.000000 0.000000 0.000000 0.000000 0.000000 0.000000 0.000000 0.000000 0.000000 0.000000 0.000000 0.000000 0.000000 0.000000 0.000000 0.000000 0.000000
0 0.732020 0.357123 0.113120 0.101958 0.726000 0.388554 2.000000 0.732000 0.382530 2.000000 0.718000 0.382530 2.000000 0.746000 0.394578 2.000000 0.000000 0.000000 0.000000 0.770000 0.448795 1.000000 0.000000 0.000000 0.000000 0.000000 0.000000 0.000000 0.000000 0.000000 0.000000 0.000000 0.000000 0.000000 0.000000 0.000000 0.000000 0.000000 0.000000 0.000000 0.000000 0.000000 0.000000 0.000000 0.000000 0.000000 0.000000 0.000000 0.000000 0.000000 0.000000 0.000000 0.000000 0.000000 0.000000
0 0.637610 0.328630 0.094700 0.127139 0.646000 0.319277 2.000000 0.650000 0.310241 2.000000 0.638000 0.313253 2.000000 0.000000 0.000000 0.000000 0.626000 0.319277 2.000000 0.670000 0.361446 2.000000 0.612000 0.364458 2.000000 0.000000 0.000000 0.000000 0.000000 0.000000 0.000000 0.000000 0.000000 0.000000 0.000000 0.000000 0.000000 0.000000 0.000000 0.000000 0.000000 0.000000 0.000000 0.000000 0.000000 0.000000 0.000000 0.000000 0.000000 0.000000 0.000000 0.000000 0.000000 0.000000 0.000000
0 0.551910 0.289789 0.085620 0.123494 0.552000 0.268072 2.000000 0.556000 0.262048 2.000000 0.548000 0.262048 2.000000 0.000000 0.000000 0.000000 0.536000 0.271084 2.000000 0.566000 0.301205 2.000000 0.528000 0.304217 1.000000 0.584000 0.340361 1.000000 0.528000 0.334337 2.000000 0.578000 0.307229 2.000000 0.558000 0.301205 2.000000 0.000000 0.000000 0.000000 0.000000 0.000000 0.000000 0.000000 0.000000 0.000000 0.000000 0.000000 0.000000 0.000000 0.000000 0.000000 0.000000 0.000000 0.000000
