0 0.662031 0.554161 0.121125 0.465403 0.692187 0.405229 2.000000 0.693750 0.392157 2.000000 0.685937 0.392157 2.000000 0.000000 0.000000 0.000000 0.659375 0.392157 2.000000 0.660937 0.448802 2.000000 0.635938 0.466231 2.000000 0.000000 0.000000 0.000000 0.610938 0.544662 2.000000 0.000000 0.000000 0.000000 0.648438 0.522876 2.000000 0.671875 0.633987 2.000000 0.656250 0.644880 2.000000 0.000000 0.000000 0.000000 0.675000 0.782135 2.000000 0.000000 0.000000 0.000000 0.671875 0.921569 1.000000
0 0.752281 0.552636 0.126531 0.397342 0.000000 0.000000 0.000000 0.000000 0.000000 0.000000 0.000000 0.000000 0.000000 0.000000 0.000000 0.000000 0.781250 0.435730 2.000000 0.706250 0.496732 1.000000 0.787500 0.503268 2.000000 0.000000 0.000000 0.000000 0.784375 0.599129 2.000000 0.000000 0.000000 0.000000 0.000000 0.000000 0.000000 0.717187 0.699346 2.000000 0.767188 0.699346 2.000000 0.718750 0.825708 1.000000 0.765625 0.825708 1.000000 0.000000 0.000000 0.000000 0.000000 0.000000 0.000000
0 0.547852 0.479553 0.106859 0.300501 0.535937 0.368192 2.000000 0.543750 0.359477 2.000000 0.529687 0.359477 2.000000 0.548438 0.361656 2.000000 0.517188 0.363834 2.000000 0.557813 0.403050 2.000000 0.509375 0.418301 2.000000 0.576562 0.455338 2.000000 0.504687 0.492375 2.000000 0.593750 0.503268 2.000000 0.501563 0.546841 2.000000 0.564063 0.553377 2.000000 0.528125 0.553377 2.000000 0.578125 0.671024 1.000000 0.521875 0.671024 1.000000 0.000000 0.000000 0.000000 0.000000 0.000000 0.000000
0 0.381234 0.428377 0.080781 0.265730 0.392188 0.335512 2.000000 0.393750 0.328976 2.000000 0.384375 0.328976 2.000000 0.000000 0.000000 0.000000 0.370312 0.331155 2.000000 0.378125 0.372549 2.000000 0.359375 0.372549 2.000000 0.000000 0.000000 0.000000 0.359375 0.431373 2.000000 0.000000 0.000000 0.000000 0.395313 0.416122 2.000000 0.387500 0.479303 2.000000 0.367188 0.485839 2.000000 0.387500 0.570806 1.000000 0.393750 0.564270 1.000000 0.000000 0.000000 0.000000 0.000000 0.000000 0.000000
0 0.844453 0.389869 0.138937 0.251024 0.000000 0.000000 0.000000 0.000000 0.000000 0.000000 0.000000 0.000000 0.000000 0.000000 0.000000 0.000000 0.000000 0.000000 0.000000 0.779687 0.363834 2.000000 0.828125 0.366013 2.000000 0.000000 0.000000 0.000000 0.837500 0.431373 2.000000 0.000000 0.000000 0.000000 0.892188 0.466231 2.000000 0.782813 0.525054 1.000000 0.818750 0.525054 1.000000 0.000000 0.000000 0.000000 0.000000 0.000000 0.000000 0.000000 0.000000 0.000000 0.000000 0.000000 0.000000
0 0.716328 0.389586 0.065062 0.215556 0.732812 0.324619 2.000000 0.735938 0.315904 2.000000 0.726562 0.318083 2.000000 0.000000 0.000000 0.000000 0.714063 0.320261 2.000000 0.743750 0.359477 2.000000 0.700000 0.363834 1.000000 0.000000 0.000000 0.000000 0.692187 0.424837 1.000000 0.000000 0.000000 0.000000 0.689063 0.472767 2.000000 0.740625 0.470588 1.000000 0.710938 0.472767 2.000000 0.000000 0.000000 0.000000 0.000000 0.000000 0.000000 0.000000 0.000000 0.000000 0.000000 0.000000 0.000000
0 0.884883 0.368464 0.091891 0.160414 0.864062 0.339869 2.000000 0.868750 0.328976 2.000000 0.857812 0.328976 2.000000 0.000000 0.000000 0.000000 0.000000 0.000000 0.000000 0.878125 0.372549 2.000000 0.832812 0.374728 1.000000 0.912500 0.418301 2.000000 0.000000 0.000000 0.000000 0.946875 0.448802 1.000000 0.000000 0.000000 0.000000 0.000000 0.000000 0.000000 0.000000 0.000000 0.000000 0.000000 0.000000 0.000000 0.000000 0.000000 0.000000 0.000000 0.000000 0.000000 0.000000 0.000000 0.000000
0 0.075922 0.696231 0.151844 0.522527 0.003125 0.568627 2.000000 0.000000 0.000000 0.000000 0.003125 0.540305 2.000000 0.000000 0.000000 0.000000 0.000000 0.000000 0.000000 0.000000 0.000000 0.000000 0.000000 0.000000 0.000000 0.020313 0.684096 2.000000 0.000000 0.000000 0.000000 0.085938 0.671024 2.000000 0.026562 0.647059 2.000000 0.000000 0.000000 0.000000 0.000000 0.000000 0.000000 0.000000 0.000000 0.000000 0.000000 0.000000 0.000000 0.000000 0.000000 0.000000 0.000000 0.000000 0.000000
0 0.304914 0.422625 0.123828 0.211786 0.000000 0.000000 0.000000 0.000000 0.000000 0.000000 0.000000 0.000000 0.000000 0.000000 0.000000 0.000000 0.304688 0.328976 2.000000 0.267188 0.372549 2.000000 0.321875 0.370370 2.000000 0.254688 0.420479 2.000000 0.334375 0.427015 2.000000 0.000000 0.000000 0.000000 0.000000 0.000000 0.000000 0.276562 0.474946 2.000000 0.325000 0.472767 2.000000 0.000000 0.000000 0.000000 0.000000 0.000000 0.000000 0.000000 0.000000 0.000000 0.000000 0.000000 0.000000
0 0.132367 0.406601 0.067609 0.126667 0.000000 0.000000 0.000000 0.000000 0.000000 0.000000 0.000000 0.000000 0.000000 0.000000 0.000000 0.000000 0.000000 0.000000 0.000000 0.148438 0.387800 2.000000 0.118750 0.387800 2.000000 0.000000 0.000000 0.000000 0.112500 0.446623 2.000000 0.000000 0.000000 0.000000 0.159375 0.457516 2.000000 0.000000 0.000000 0.000000 0.000000 0.000000 0.000000 0.000000 0.000000 0.000000 0.000000 0.000000 0.000000 0.000000 0.000000 0.000000 0.000000 0.000000 0.000000
