0 0.770758 0.523588 0.455141 0.885388 0.590625 0.270588 2.000000 0.612500 0.221176 2.000000 0.568750 0.254118 2.000000 0.675000 0.209412 2.000000 0.000000 0.000000 0.000000 0.846875 0.345882 2.000000 0.589063 0.489412 2.000000 0.979688 0.592941 2.000000 0.000000 0.000000 0.000000 0.951562 0.816471 2.000000 0.000000 0.000000 0.000000 0.000000 0.000000 0.000000 0.000000 0.000000 0.000000 0.000000 0.000000 0.000000 0.000000 0.000000 0.000000 0.000000 0.000000 0.000000 0.000000 0.000000 0.000000
0 0.349937 0.424341 0.317844 0.512353 0.429688 0.341176 2.000000 0.462500 0.320000 2.000000 0.398438 0.298824 2.000000 0.000000 0.000000 0.000000 0.367188 0.294118 2.000000 0.465625 0.496471 1.000000 0.326562 0.435294 2.000000 0.000000 0.000000 0.000000 0.190625 0.632941 1.000000 0.000000 0.000000 0.000000 0.000000 0.000000 0.000000 0.000000 0.000000 0.000000 0.000000 0.000000 0.000000 0.000000 0.000000 0.000000 0.000000 0.000000 0.000000 0.000000 0.000000 0.000000 0.000000 0.000000 0.000000
0 0.505852 0.557682 0.185359 0.378518 0.501563 0.536471 2.000000 0.520312 0.505882 2.000000 0.481250 0.505882 2.000000 0.551562 0.510588 2.000000 0.457813 0.510588 2.000000 0.565625 0.623529 2.000000 0.432812 0.628235 2.000000 0.568750 0.790588 1.000000 0.000000 0.000000 0.000000 0.531250 0.729412 2.000000 0.000000 0.000000 0.000000 0.540625 0.863529 1.000000 0.443750 0.854118 1.000000 0.000000 0.000000 0.000000 0.000000 0.000000 0.000000 0.000000 0.000000 0.000000 0.000000 0.000000 0.000000
0 0.094812 0.314929 0.148812 0.369388 0.078125 0.181176 1.000000 0.081250 0.169412 2.000000 0.000000 0.000000 0.000000 0.103125 0.171765 2.000000 0.000000 0.000000 0.000000 0.129688 0.218824 2.000000 0.096875 0.218824 2.000000 0.128125 0.268235 2.000000 0.067187 0.263529 2.000000 0.082812 0.272941 2.000000 0.037500 0.268235 2.000000 0.142187 0.315294 2.000000 0.115625 0.317647 2.000000 0.068750 0.345882 2.000000 0.090625 0.364706 2.000000 0.056250 0.437647 2.000000 0.126562 0.465882 2.000000
0 0.035422 0.276906 0.070531 0.263129 0.029687 0.185882 2.000000 0.032813 0.178824 2.000000 0.021875 0.183529 2.000000 0.000000 0.000000 0.000000 0.006250 0.185882 2.000000 0.056250 0.214118 2.000000 0.003125 0.211765 2.000000 0.051562 0.265882 1.000000 0.000000 0.000000 0.000000 0.007812 0.251765 2.000000 0.000000 0.000000 0.000000 0.000000 0.000000 0.000000 0.000000 0.000000 0.000000 0.000000 0.000000 0.000000 0.000000 0.000000 0.000000 0.000000 0.000000 0.000000 0.000000 0.000000 0.000000
0 0.199688 0.271812 0.113156 0.316000 0.221875 0.155294 2.000000 0.000000 0.000000 0.000000 0.218750 0.148235 2.000000 0.000000 0.000000 0.000000 0.207813 0.148235 2.000000 0.171875 0.167059 2.000000 0.203125 0.174118 2.000000 0.000000 0.000000 0.000000 0.234375 0.223529 2.000000 0.000000 0.000000 0.000000 0.265625 0.216471 1.000000 0.159375 0.284706 1.000000 0.185938 0.287059 2.000000 0.201563 0.320000 2.000000 0.228125 0.324706 2.000000 0.187500 0.411765 2.000000 0.225000 0.414118 2.000000
0 0.276930 0.114882 0.058703 0.187788 0.293750 0.054118 2.000000 0.295312 0.049412 2.000000 0.289062 0.049412 2.000000 0.000000 0.000000 0.000000 0.273438 0.054118 2.000000 0.298438 0.089412 2.000000 0.262500 0.096471 2.000000 0.000000 0.000000 0.000000 0.254688 0.152941 2.000000 0.000000 0.000000 0.000000 0.285938 0.157647 1.000000 0.295312 0.190588 1.000000 0.268750 0.192941 1.000000 0.000000 0.000000 0.000000 0.000000 0.000000 0.000000 0.000000 0.000000 0.000000 0.000000 0.000000 0.000000
0 0.372391 0.150212 0.074406 0.132612 0.000000 0.000000 0.000000 0.000000 0.000000 0.000000 0.000000 0.000000 0.000000 0.343750 0.157647 2.000000 0.403125 0.145882 2.000000 0.320312 0.256471 1.000000 0.417187 0.244706 1.000000 0.000000 0.000000 0.000000 0.000000 0.000000 0.000000 0.000000 0.000000 0.000000 0.000000 0.000000 0.000000 0.000000 0.000000 0.000000 0.000000 0.000000 0.000000 0.000000 0.000000 0.000000 0.000000 0.000000 0.000000 0.000000 0.000000 0.000000 0.000000 0.000000 0.000000
0 0.788719 0.136129 0.101844 0.216165 0.748437 0.082353 2.000000 0.751563 0.070588 2.000000 0.743750 0.075294 2.000000 0.764062 0.058824 2.000000 0.000000 0.000000 0.000000 0.773438 0.084706 2.000000 0.754687 0.110588 2.000000 0.807813 0.122353 2.000000 0.770312 0.160000 2.000000 0.784375 0.152941 2.000000 0.760938 0.202353 2.000000 0.803125 0.188235 2.000000 0.785937 0.192941 2.000000 0.771875 0.254118 1.000000 0.795312 0.272941 1.000000 0.000000 0.000000 0.000000 0.000000 0.000000 0.000000
0 0.961633 0.158412 0.066547 0.110988 0.946875 0.134118 2.000000 0.950000 0.129412 2.000000 0.945312 0.131765 2.000000 0.965625 0.131765 2.000000 0.000000 0.000000 0.000000 0.976562 0.162353 2.000000 0.940625 0.167059 2.000000 0.971875 0.192941 2.000000 0.000000 0.000000 0.000000 0.942187 0.200000 1.000000 0.000000 0.000000 0.000000 0.973437 0.244706 1.000000 0.943750 0.242353 1.000000 0.000000 0.000000 0.000000 0.000000 0.000000 0.000000 0.000000 0.000000 0.000000 0.000000 0.000000 0.000000
