0 0.597147 0.587310 0.247387 0.204100 0.000000 0.000000 0.000000 0.000000 0.000000 0.000000 0.000000 0.000000 0.000000 0.000000 0.000000 0.000000 0.000000 0.000000 0.000000 0.663664 0.526000 2.000000 0.498498 0.546000 2.000000 0.696697 0.612000 2.000000 0.537538 0.658000 2.000000 0.699700 0.652000 2.000000 0.558559 0.598000 2.000000 0.657658 0.654000 1.000000 0.576577 0.662000 2.000000 0.000000 0.000000 0.000000 0.000000 0.000000 0.000000 0.000000 0.000000 0.000000 0.000000 0.000000 0.000000
0 0.846186 0.516070 0.235976 0.352860 0.858859 0.414000 2.000000 0.879880 0.408000 2.000000 0.843844 0.406000 2.000000 0.000000 0.000000 0.000000 0.000000 0.000000 0.000000 0.924925 0.442000 2.000000 0.768769 0.438000 2.000000 0.921922 0.514000 2.000000 0.792793 0.514000 2.000000 0.780781 0.512000 2.000000 0.828829 0.446000 2.000000 0.888889 0.560000 2.000000 0.798799 0.558000 2.000000 0.000000 0.000000 0.000000 0.774775 0.656000 1.000000 0.000000 0.000000 0.000000 0.000000 0.000000 0.000000
0 0.256411 0.487600 0.253243 0.324600 0.240240 0.400000 2.000000 0.258258 0.392000 2.000000 0.225225 0.390000 2.000000 0.000000 0.000000 0.000000 0.000000 0.000000 0.000000 0.321321 0.424000 2.000000 0.177177 0.428000 2.000000 0.360360 0.504000 2.000000 0.144144 0.508000 2.000000 0.288288 0.534000 2.000000 0.171171 0.522000 2.000000 0.288288 0.556000 2.000000 0.186186 0.560000 2.000000 0.246246 0.624000 1.000000 0.117117 0.626000 1.000000 0.267267 0.742000 1.000000 0.111111 0.736000 1.000000
0 0.144429 0.688840 0.232042 0.224880 0.000000 0.000000 0.000000 0.000000 0.000000 0.000000 0.000000 0.000000 0.000000 0.000000 0.000000 0.000000 0.000000 0.000000 0.000000 0.000000 0.000000 0.000000 0.066066 0.616000 1.000000 0.000000 0.000000 0.000000 0.192192 0.714000 2.000000 0.000000 0.000000 0.000000 0.234234 0.666000 2.000000 0.000000 0.000000 0.000000 0.111111 0.820000 1.000000 0.000000 0.000000 0.000000 0.000000 0.000000 0.000000 0.000000 0.000000 0.000000 0.000000 0.000000 0.000000
0 0.918964 0.340910 0.114565 0.108580 0.930931 0.332000 2.000000 0.939940 0.322000 2.000000 0.918919 0.320000 2.000000 0.000000 0.000000 0.000000 0.897898 0.318000 2.000000 0.960961 0.344000 2.000000 0.870871 0.344000 1.000000 0.000000 0.000000 0.000000 0.000000 0.000000 0.000000 0.000000 0.000000 0.000000 0.000000 0.000000 0.000000 0.000000 0.000000 0.000000 0.000000 0.000000 0.000000 0.000000 0.000000 0.000000 0.000000 0.000000 0.000000 0.000000 0.000000 0.000000 0.000000 0.000000 0.000000
0 0.149234 0.343010 0.139670 0.120660 0.171171 0.322000 2.000000 0.183183 0.314000 2.000000 0.162162 0.314000 2.000000 0.207207 0.316000 2.000000 0.000000 0.000000 0.000000 0.231231 0.348000 1.000000 0.132132 0.346000 2.000000 0.000000 0.000000 0.000000 0.096096 0.386000 1.000000 0.000000 0.000000 0.000000 0.141141 0.348000 2.000000 0.000000 0.000000 0.000000 0.000000 0.000000 0.000000 0.000000 0.000000 0.000000 0.000000 0.000000 0.000000 0.000000 0.000000 0.000000 0.000000 0.000000 0.000000
0 0.703514 0.894380 0.374535 0.184280 0.000000 0.000000 0.000000 0.000000 0.000000 0.000000 0.000000 0.000000 0.000000 0.000000 0.000000 0.000000 0.000000 0.000000 0.000000 0.720721 0.868000 2.000000 0.579580 0.982000 2.000000 0.000000 0.000000 0.000000 0.000000 0.000000 0.000000 0.000000 0.000000 0.000000 0.000000 0.000000 0.000000 0.000000 0.000000 0.000000 0.000000 0.000000 0.000000 0.000000 0.000000 0.000000 0.000000 0.000000 0.000000 0.000000 0.000000 0.000000 0.000000 0.000000 0.000000
0 0.508483 0.437350 0.170300 0.118180 0.489489 0.404000 2.000000 0.495495 0.398000 2.000000 0.480480 0.396000 2.000000 0.000000 0.000000 0.000000 0.456456 0.398000 2.000000 0.498498 0.414000 2.000000 0.438438 0.424000 2.000000 0.561562 0.436000 2.000000 0.438438 0.470000 1.000000 0.567568 0.472000 2.000000 0.462462 0.444000 2.000000 0.501502 0.488000 1.000000 0.477477 0.498000 1.000000 0.546547 0.450000 2.000000 0.000000 0.000000 0.000000 0.600601 0.512000 1.000000 0.000000 0.000000 0.000000
0 0.923784 0.684330 0.152432 0.304700 0.000000 0.000000 0.000000 0.000000 0.000000 0.000000 0.000000 0.000000 0.000000 0.000000 0.000000 0.000000 0.000000 0.000000 0.000000 0.981982 0.558000 2.000000 0.000000 0.000000 0.000000 0.936937 0.636000 2.000000 0.000000 0.000000 0.000000 0.000000 0.000000 0.000000 0.000000 0.000000 0.000000 0.924925 0.774000 2.000000 0.000000 0.000000 0.000000 0.894895 0.666000 2.000000 0.000000 0.000000 0.000000 0.000000 0.000000 0.000000 0.000000 0.000000 0.000000
0 0.397297 0.389530 0.184204 0.179420 0.402402 0.340000 2.000000 0.000000 0.000000 0.000000 0.399399 0.332000 2.000000 0.000000 0.000000 0.000000 0.375375 0.320000 2.000000 0.399399 0.362000 2.000000 0.318318 0.346000 2.000000 0.420420 0.418000 2.000000 0.312312 0.392000 1.000000 0.000000 0.000000 0.000000 0.378378 0.412000 2.000000 0.000000 0.000000 0.000000 0.339339 0.434000 1.000000 0.000000 0.000000 0.000000 0.387387 0.420000 2.000000 0.000000 0.000000 0.000000 0.495495 0.484000 1.000000
0 0.600541 0.316650 0.109670 0.158220 0.000000 0.000000 0.000000 0.000000 0.000000 0.000000 0.000000 0.000000 0.000000 0.000000 0.000000 0.000000 0.000000 0.000000 0.000000 0.552553 0.276000 2.000000 0.600601 0.278000 2.000000 0.000000 0.000000 0.000000 0.621622 0.304000 2.000000 0.000000 0.000000 0.000000 0.657658 0.312000 1.000000 0.558559 0.338000 2.000000 0.588589 0.340000 2.000000 0.000000 0.000000 0.000000 0.582583 0.376000 2.000000 0.000000 0.000000 0.000000 0.000000 0.000000 0.000000
