0 0.647187 0.599313 0.191750 0.539313 0.562500 0.385937 2.000000 0.572917 0.375000 2.000000 0.000000 0.000000 0.000000 0.606250 0.376563 2.000000 0.000000 0.000000 0.000000 0.641667 0.404687 2.000000 0.652083 0.398438 2.000000 0.658333 0.510938 2.000000 0.000000 0.000000 0.000000 0.639583 0.565625 2.000000 0.000000 0.000000 0.000000 0.000000 0.000000 0.000000 0.000000 0.000000 0.000000 0.000000 0.000000 0.000000 0.000000 0.000000 0.000000 0.000000 0.000000 0.000000 0.000000 0.000000 0.000000
0 0.768115 0.527320 0.103479 0.295516 0.729167 0.420312 2.000000 0.737500 0.414062 2.000000 0.000000 0.000000 0.000000 0.766667 0.414062 2.000000 0.000000 0.000000 0.000000 0.789583 0.471875 2.000000 0.000000 0.000000 0.000000 0.777083 0.535937 2.000000 0.000000 0.000000 0.000000 0.758333 0.592187 2.000000 0.000000 0.000000 0.000000 0.777083 0.603125 2.000000 0.000000 0.000000 0.000000 0.775000 0.679688 1.000000 0.000000 0.000000 0.000000 0.775000 0.764062 1.000000 0.000000 0.000000 0.000000
0 0.320083 0.470148 0.220958 0.332672 0.322917 0.371875 2.000000 0.000000 0.000000 0.000000 0.312500 0.357812 2.000000 0.000000 0.000000 0.000000 0.272917 0.351562 2.000000 0.218750 0.396875 1.000000 0.272917 0.415625 2.000000 0.000000 0.000000 0.000000 0.312500 0.492188 2.000000 0.000000 0.000000 0.000000 0.379167 0.478125 2.000000 0.206250 0.573438 1.000000 0.266667 0.579688 2.000000 0.000000 0.000000 0.000000 0.260417 0.676562 1.000000 0.000000 0.000000 0.000000 0.000000 0.000000 0.000000
0 0.154375 0.524773 0.153000 0.310109 0.225000 0.425000 2.000000 0.000000 0.000000 0.000000 0.218750 0.415625 2.000000 0.000000 0.000000 0.000000 0.000000 0.000000 0.000000 0.152083 0.484375 2.000000 0.114583 0.482812 2.000000 0.187500 0.559375 2.000000 0.143750 0.582812 2.000000 0.212500 0.635938 2.000000 0.183333 0.660937 2.000000 0.158333 0.676562 2.000000 0.122917 0.676562 1.000000 0.000000 0.000000 0.000000 0.000000 0.000000 0.000000 0.000000 0.000000 0.000000 0.000000 0.000000 0.000000
0 0.877906 0.558430 0.107854 0.312359 0.872917 0.431250 2.000000 0.885417 0.429688 2.000000 0.877083 0.425000 2.000000 0.906250 0.437500 2.000000 0.000000 0.000000 0.000000 0.887500 0.460938 2.000000 0.000000 0.000000 0.000000 0.845833 0.496875 2.000000 0.000000 0.000000 0.000000 0.814583 0.518750 1.000000 0.000000 0.000000 0.000000 0.856250 0.565625 2.000000 0.872917 0.560937 2.000000 0.847917 0.621875 2.000000 0.870833 0.620313 2.000000 0.841667 0.685937 2.000000 0.872917 0.682813 2.000000
0 0.074604 0.415977 0.093875 0.134672 0.112500 0.392188 2.000000 0.112500 0.382812 2.000000 0.102083 0.382812 2.000000 0.000000 0.000000 0.000000 0.062500 0.392188 2.000000 0.052083 0.423438 2.000000 0.056250 0.431250 2.000000 0.000000 0.000000 0.000000 0.000000 0.000000 0.000000 0.000000 0.000000 0.000000 0.000000 0.000000 0.000000 0.000000 0.000000 0.000000 0.000000 0.000000 0.000000 0.000000 0.000000 0.000000 0.000000 0.000000 0.000000 0.000000 0.000000 0.000000 0.000000 0.000000 0.000000
0 0.761594 0.431805 0.179521 0.203578 0.693750 0.384375 2.000000 0.702083 0.376563 2.000000 0.685417 0.378125 2.000000 0.733333 0.364063 2.000000 0.000000 0.000000 0.000000 0.800000 0.406250 1.000000 0.691667 0.409375 1.000000 0.818750 0.470313 2.000000 0.000000 0.000000 0.000000 0.000000 0.000000 0.000000 0.000000 0.000000 0.000000 0.000000 0.000000 0.000000 0.000000 0.000000 0.000000 0.000000 0.000000 0.000000 0.000000 0.000000 0.000000 0.000000 0.000000 0.000000 0.000000 0.000000 0.000000
0 0.462677 0.488430 0.238646 0.215266 0.454167 0.435937 2.000000 0.000000 0.000000 0.000000 0.445833 0.429688 2.000000 0.000000 0.000000 0.000000 0.000000 0.000000 0.000000 0.431250 0.462500 2.000000 0.383333 0.450000 2.000000 0.470833 0.520312 2.000000 0.397917 0.517188 2.000000 0.531250 0.532813 2.000000 0.472917 0.568750 1.000000 0.000000 0.000000 0.000000 0.000000 0.000000 0.000000 0.000000 0.000000 0.000000 0.000000 0.000000 0.000000 0.000000 0.000000 0.000000 0.000000 0.000000 0.000000
0 0.074906 0.662922 0.149812 0.606750 0.229167 0.425000 1.000000 0.000000 0.000000 0.000000 0.216667 0.420312 1.000000 0.000000 0.000000 0.000000 0.185417 0.421875 1.000000 0.154167 0.473438 1.000000 0.116667 0.481250 1.000000 0.195833 0.582812 1.000000 0.150000 0.590625 1.000000 0.212500 0.637500 1.000000 0.183333 0.650000 1.000000 0.000000 0.000000 0.000000 0.000000 0.000000 0.000000 0.000000 0.000000 0.000000 0.000000 0.000000 0.000000 0.000000 0.000000 0.000000 0.000000 0.000000 0.000000
0 0.382958 0.408250 0.087750 0.114219 0.412500 0.384375 2.000000 0.416667 0.376563 2.000000 0.400000 0.376563 2.000000 0.000000 0.000000 0.000000 0.383333 0.375000 2.000000 0.416667 0.412500 1.000000 0.356250 0.410938 2.000000 0.000000 0.000000 0.000000 0.347917 0.445312 2.000000 0.000000 0.000000 0.000000 0.393750 0.426563 1.000000 0.404167 0.504687 1.000000 0.360417 0.500000 1.000000 0.000000 0.000000 0.000000 0.000000 0.000000 0.000000 0.000000 0.000000 0.000000 0.000000 0.000000 0.000000
0 0.949792 0.514813 0.095458 0.338281 0.941667 0.376563 2.000000 0.954167 0.368750 2.000000 0.937500 0.365625 2.000000 0.972917 0.373437 2.000000 0.000000 0.000000 0.000000 0.983333 0.410938 2.000000 0.920833 0.409375 2.000000 0.000000 0.000000 0.000000 0.000000 0.000000 0.000000 0.983333 0.498437 2.000000 0.000000 0.000000 0.000000 0.968750 0.515625 2.000000 0.920833 0.510938 2.000000 0.958333 0.579688 2.000000 0.920833 0.576562 2.000000 0.960417 0.650000 2.000000 0.927083 0.637500 2.000000
