0 0.920520 0.503371 0.158960 0.934812 0.890000 0.102757 2.000000 0.902000 0.090226 2.000000 0.876000 0.092732 2.000000 0.930000 0.092732 2.000000 0.000000 0.000000 0.000000 0.958000 0.197995 2.000000 0.944000 0.192982 2.000000 0.954000 0.310777 2.000000 0.000000 0.000000 0.000000 0.928000 0.441103 2.000000 0.000000 0.000000 0.000000 0.946000 0.473684 2.000000 0.932000 0.463659 2.000000 0.908000 0.651629 2.000000 0.932000 0.639098 2.000000 0.954000 0.884712 2.000000 0.936000 0.834586 1.000000
0 0.831170 0.187268 0.102220 0.276391 0.814000 0.132832 2.000000 0.830000 0.110276 2.000000 0.806000 0.120301 2.000000 0.858000 0.110276 2.000000 0.000000 0.000000 0.000000 0.892000 0.185464 1.000000 0.794000 0.228070 1.000000 0.000000 0.000000 0.000000 0.000000 0.000000 0.000000 0.000000 0.000000 0.000000 0.000000 0.000000 0.000000 0.000000 0.000000 0.000000 0.000000 0.000000 0.000000 0.000000 0.000000 0.000000 0.000000 0.000000 0.000000 0.000000 0.000000 0.000000 0.000000 0.000000 0.000000
0 0.703110 0.110514 0.190740 0.213810 0.670000 0.075188 2.000000 0.680000 0.060150 2.000000 0.656000 0.062657 2.000000 0.696000 0.070175 2.000000 0.640000 0.077694 2.000000 0.000000 0.000000 0.000000 0.612000 0.145363 1.000000 0.000000 0.000000 0.000000 0.000000 0.000000 0.000000 0.000000 0.000000 0.000000 0.000000 0.000000 0.000000 0.000000 0.000000 0.000000 0.000000 0.000000 0.000000 0.000000 0.000000 0.000000 0.000000 0.000000 0.000000 0.000000 0.000000 0.000000 0.000000 0.000000 0.000000
0 0.605270 0.164987 0.188700 0.284110 0.556000 0.092732 2.000000 0.562000 0.077694 2.000000 0.534000 0.087719 2.000000 0.000000 0.000000 0.000000 0.000000 0.000000 0.000000 0.620000 0.152882 2.000000 0.502000 0.192982 1.000000 0.686000 0.258145 2.000000 0.000000 0.000000 0.000000 0.606000 0.248120 1.000000 0.000000 0.000000 0.000000 0.000000 0.000000 0.000000 0.000000 0.000000 0.000000 0.000000 0.000000 0.000000 0.000000 0.000000 0.000000 0.000000 0.000000 0.000000 0.000000 0.000000 0.000000
0 0.475490 0.264850 0.215460 0.491153 0.480000 0.105263 2.000000 0.492000 0.090226 2.000000 0.466000 0.085213 2.000000 0.508000 0.105263 2.000000 0.446000 0.095238 2.000000 0.522000 0.182957 2.000000 0.420000 0.172932 2.000000 0.550000 0.303258 2.000000 0.408000 0.310777 2.000000 0.582000 0.416040 1.000000 0.392000 0.255639 1.000000 0.522000 0.423559 1.000000 0.438000 0.423559 2.000000 0.522000 0.591479 1.000000 0.462000 0.583960 1.000000 0.000000 0.000000 0.000000 0.000000 0.000000 0.000000
0 0.359880 0.248935 0.104120 0.335614 0.376000 0.127820 2.000000 0.382000 0.115288 2.000000 0.362000 0.127820 2.000000 0.000000 0.000000 0.000000 0.344000 0.132832 2.000000 0.428000 0.203008 1.000000 0.334000 0.205514 2.000000 0.000000 0.000000 0.000000 0.324000 0.215539 2.000000 0.000000 0.000000 0.000000 0.344000 0.147870 2.000000 0.428000 0.378446 1.000000 0.344000 0.383459 1.000000 0.000000 0.000000 0.000000 0.000000 0.000000 0.000000 0.000000 0.000000 0.000000 0.000000 0.000000 0.000000
0 0.273750 0.105376 0.143140 0.201779 0.310000 0.050125 2.000000 0.320000 0.037594 2.000000 0.296000 0.037594 2.000000 0.338000 0.055138 2.000000 0.282000 0.057644 2.000000 0.362000 0.115288 1.000000 0.266000 0.122807 2.000000 0.000000 0.000000 0.000000 0.210000 0.205514 1.000000 0.000000 0.000000 0.000000 0.176000 0.233083 1.000000 0.000000 0.000000 0.000000 0.000000 0.000000 0.000000 0.000000 0.000000 0.000000 0.000000 0.000000 0.000000 0.000000 0.000000 0.000000 0.000000 0.000000 0.000000
0 0.742990 0.208271 0.133180 0.215789 0.708000 0.175439 2.000000 0.716000 0.157895 2.000000 0.698000 0.162907 2.000000 0.750000 0.165414 2.000000 0.000000 0.000000 0.000000 0.792000 0.230576 2.000000 0.706000 0.243108 2.000000 0.786000 0.325815 1.000000 0.000000 0.000000 0.000000 0.754000 0.283208 2.000000 0.000000 0.000000 0.000000 0.792000 0.388471 1.000000 0.718000 0.378446 1.000000 0.000000 0.000000 0.000000 0.000000 0.000000 0.000000 0.000000 0.000000 0.000000 0.000000 0.000000 0.000000
0 0.085630 0.386115 0.169580 0.563759 0.126000 0.172932 2.000000 0.132000 0.157895 2.000000 0.112000 0.155388 2.000000 0.000000 0.000000 0.000000 0.094000 0.147870 2.000000 0.152000 0.255639 2.000000 0.036000 0.213033 2.000000 0.142000 0.358396 2.000000 0.000000 0.000000 0.000000 0.080000 0.385965 2.000000 0.014000 0.350877 2.000000 0.090000 0.436090 2.000000 0.000000 0.436090 1.000000 0.120000 0.591479 2.000000 0.032000 0.573935 2.000000 0.116000 0.741855 1.000000 0.034000 0.756892 1.000000
0 0.727000 0.396203 0.321360 0.397469 0.626000 0.295739 2.000000 0.634000 0.260652 2.000000 0.604000 0.278195 2.000000 0.668000 0.250627 2.000000 0.592000 0.290727 1.000000 0.696000 0.305764 2.000000 0.598000 0.370927 2.000000 0.844000 0.365915 2.000000 0.000000 0.000000 0.000000 0.842000 0.463659 2.000000 0.000000 0.000000 0.000000 0.000000 0.000000 0.000000 0.000000 0.000000 0.000000 0.000000 0.000000 0.000000 0.000000 0.000000 0.000000 0.000000 0.000000 0.000000 0.638000 0.784461 1.000000
0 0.350720 0.534574 0.220680 0.491353 0.334000 0.363409 2.000000 0.348000 0.350877 2.000000 0.324000 0.353383 2.000000 0.368000 0.368421 2.000000 0.310000 0.370927 2.000000 0.396000 0.433584 2.000000 0.308000 0.448622 2.000000 0.450000 0.558897 2.000000 0.300000 0.581454 2.000000 0.384000 0.636591 2.000000 0.242000 0.641604 1.000000 0.390000 0.636591 2.000000 0.336000 0.639098 2.000000 0.374000 0.739348 1.000000 0.260000 0.661654 1.000000 0.000000 0.000000 0.000000 0.000000 0.000000 0.000000
0 0.063050 0.125927 0.126100 0.227143 0.096000 0.077694 2.000000 0.106000 0.070175 2.000000 0.084000 0.062657 2.000000 0.000000 0.000000 0.000000 0.054000 0.062657 2.000000 0.000000 0.000000 0.000000 0.024000 0.145363 2.000000 0.000000 0.000000 0.000000 0.000000 0.000000 0.000000 0.000000 0.000000 0.000000 0.000000 0.000000 0.000000 0.000000 0.000000 0.000000 0.000000 0.000000 0.000000 0.000000 0.000000 0.000000 0.000000 0.000000 0.000000 0.000000 0.000000 0.000000 0.000000 0.000000 0.000000
0 0.211190 0.396579 0.191260 0.518772 0.292000 0.175439 2.000000 0.300000 0.167920 2.000000 0.278000 0.165414 2.000000 0.000000 0.000000 0.000000 0.000000 0.000000 0.000000 0.000000 0.000000 0.000000 0.220000 0.238095 2.000000 0.000000 0.000000 0.000000 0.242000 0.378446 2.000000 0.000000 0.000000 0.000000 0.286000 0.293233 2.000000 0.210000 0.431078 2.000000 0.168000 0.433584 2.000000 0.218000 0.556391 2.000000 0.196000 0.573935 2.000000 0.000000 0.000000 0.000000 0.000000 0.000000 0.000000
