0 0.194461 0.702430 0.106172 0.510493 0.000000 0.000000 0.000000 0.000000 0.000000 0.000000 0.000000 0.000000 0.000000 0.181250 0.490610 1.000000 0.215625 0.488263 2.000000 0.170313 0.561033 2.000000 0.231250 0.551643 2.000000 0.165625 0.659624 2.000000 0.000000 0.000000 0.000000 0.165625 0.723005 2.000000 0.000000 0.000000 0.000000 0.185938 0.723005 2.000000 0.229687 0.723005 1.000000 0.000000 0.000000 0.000000 0.000000 0.000000 0.000000 0.000000 0.000000 0.000000 0.000000 0.000000 0.000000
0 0.559422 0.695505 0.098719 0.420211 0.520312 0.530516 2.000000 0.525000 0.523474 2.000000 0.000000 0.000000 0.000000 0.543750 0.516432 2.000000 0.000000 0.000000 0.000000 0.560937 0.561033 2.000000 0.550000 0.551643 2.000000 0.573438 0.622066 2.000000 0.000000 0.000000 0.000000 0.570312 0.666667 2.000000 0.000000 0.000000 0.000000 0.560937 0.694836 2.000000 0.535937 0.697183 2.000000 0.565625 0.779343 2.000000 0.539062 0.769953 2.000000 0.589063 0.849765 2.000000 0.540625 0.866197 2.000000
0 0.817453 0.633709 0.076281 0.377512 0.000000 0.000000 0.000000 0.795312 0.467136 2.000000 0.000000 0.000000 0.000000 0.801562 0.467136 2.000000 0.000000 0.000000 0.000000 0.804688 0.502347 2.000000 0.834375 0.500000 2.000000 0.801562 0.565728 2.000000 0.845313 0.565728 2.000000 0.775000 0.563380 1.000000 0.000000 0.000000 0.000000 0.812500 0.633803 2.000000 0.831250 0.631455 2.000000 0.812500 0.711268 2.000000 0.826562 0.708920 2.000000 0.815625 0.798122 2.000000 0.829688 0.793427 2.000000
0 0.417414 0.566045 0.036516 0.152934 0.000000 0.000000 0.000000 0.000000 0.000000 0.000000 0.000000 0.000000 0.000000 0.000000 0.000000 0.000000 0.432812 0.518779 1.000000 0.412500 0.539906 2.000000 0.421875 0.544601 2.000000 0.000000 0.000000 0.000000 0.417187 0.591549 2.000000 0.000000 0.000000 0.000000 0.420312 0.631455 2.000000 0.412500 0.615023 2.000000 0.421875 0.617371 2.000000 0.421875 0.683099 1.000000 0.432812 0.692488 1.000000 0.000000 0.000000 0.000000 0.000000 0.000000 0.000000
0 0.092250 0.601338 0.095625 0.203850 0.118750 0.549296 2.000000 0.123438 0.544601 2.000000 0.117188 0.542254 2.000000 0.000000 0.000000 0.000000 0.107813 0.525822 2.000000 0.129688 0.558685 2.000000 0.092188 0.556338 2.000000 0.000000 0.000000 0.000000 0.053125 0.579812 2.000000 0.000000 0.000000 0.000000 0.070312 0.631455 2.000000 0.120313 0.645540 2.000000 0.095312 0.652582 2.000000 0.117188 0.730047 1.000000 0.095312 0.737089 1.000000 0.000000 0.000000 0.000000 0.000000 0.000000 0.000000
0 0.693523 0.561315 0.065578 0.178263 0.684375 0.504695 2.000000 0.689063 0.497653 2.000000 0.681250 0.497653 2.000000 0.698438 0.502347 2.000000 0.678125 0.502347 2.000000 0.709375 0.535211 2.000000 0.676562 0.537559 2.000000 0.715625 0.582160 2.000000 0.671875 0.584507 2.000000 0.715625 0.624413 2.000000 0.667188 0.626761 2.000000 0.704688 0.612676 2.000000 0.676562 0.610329 2.000000 0.704688 0.678404 1.000000 0.675000 0.680751 1.000000 0.000000 0.000000 0.000000 0.000000 0.000000 0.000000
0 0.593422 0.586467 0.071156 0.177723 0.000000 0.000000 0.000000 0.567187 0.525822 2.000000 0.559375 0.528169 1.000000 0.578125 0.523474 2.000000 0.000000 0.000000 0.000000 0.600000 0.544601 2.000000 0.000000 0.000000 0.000000 0.621875 0.563380 2.000000 0.000000 0.000000 0.000000 0.610938 0.600939 2.000000 0.000000 0.000000 0.000000 0.592187 0.671362 1.000000 0.000000 0.000000 0.000000 0.595313 0.741784 1.000000 0.000000 0.000000 0.000000 0.000000 0.000000 0.000000 0.000000 0.000000 0.000000
0 0.145891 0.706056 0.073406 0.466526 0.139063 0.516432 1.000000 0.146875 0.507042 2.000000 0.000000 0.000000 0.000000 0.164062 0.511737 2.000000 0.000000 0.000000 0.000000 0.171875 0.549296 1.000000 0.160938 0.553991 2.000000 0.000000 0.000000 0.000000 0.000000 0.000000 0.000000 0.153125 0.715962 2.000000 0.140625 0.629108 2.000000 0.167187 0.704225 1.000000 0.157812 0.701878 2.000000 0.000000 0.000000 0.000000 0.156250 0.798122 2.000000 0.181250 0.894366 1.000000 0.156250 0.882629 2.000000
0 0.481687 0.640176 0.065125 0.280211 0.000000 0.000000 0.000000 0.000000 0.000000 0.000000 0.000000 0.000000 0.000000 0.468750 0.528169 2.000000 0.487500 0.525822 2.000000 0.465625 0.544601 2.000000 0.495312 0.546948 2.000000 0.456250 0.570423 2.000000 0.000000 0.000000 0.000000 0.000000 0.000000 0.000000 0.000000 0.000000 0.000000 0.471875 0.605634 2.000000 0.490625 0.603286 2.000000 0.470313 0.683099 2.000000 0.492188 0.683099 2.000000 0.468750 0.760563 2.000000 0.000000 0.000000 0.000000
0 0.037203 0.764331 0.074406 0.471338 0.000000 0.000000 0.000000 0.000000 0.000000 0.000000 0.000000 0.000000 0.000000 0.000000 0.000000 0.000000 0.000000 0.000000 0.000000 0.000000 0.000000 0.000000 0.046875 0.629108 2.000000 0.000000 0.000000 0.000000 0.065625 0.706573 2.000000 0.000000 0.000000 0.000000 0.000000 0.000000 0.000000 0.000000 0.000000 0.000000 0.040625 0.788732 2.000000 0.000000 0.000000 0.000000 0.050000 0.920188 1.000000 0.000000 0.000000 0.000000 0.000000 0.000000 0.000000
0 0.284406 0.678509 0.089844 0.378239 0.287500 0.504695 2.000000 0.298438 0.511737 2.000000 0.292187 0.500000 2.000000 0.307812 0.523474 2.000000 0.000000 0.000000 0.000000 0.301563 0.575117 2.000000 0.281250 0.570423 1.000000 0.250000 0.619718 2.000000 0.000000 0.000000 0.000000 0.246875 0.551643 2.000000 0.000000 0.000000 0.000000 0.303125 0.718310 2.000000 0.284375 0.708920 2.000000 0.295312 0.828638 2.000000 0.276562 0.807512 1.000000 0.000000 0.000000 0.000000 0.000000 0.000000 0.000000
