0 0.455224 0.493258 0.523725 0.941578 0.000000 0.000000 0.000000 0.000000 0.000000 0.000000 0.568627 0.100000 2.000000 0.000000 0.000000 0.000000 0.535014 0.095312 2.000000 0.501401 0.193750 2.000000 0.392157 0.203125 2.000000 0.000000 0.000000 0.000000 0.347339 0.345313 2.000000 0.000000 0.000000 0.000000 0.554622 0.314063 2.000000 0.507003 0.439063 2.000000 0.386555 0.440625 2.000000 0.652661 0.656250 2.000000 0.411765 0.684375 2.000000 0.439776 0.843750 2.000000 0.344538 0.895312 2.000000
0 0.188557 0.301086 0.235322 0.277578 0.254902 0.214062 2.000000 0.260504 0.201563 2.000000 0.232493 0.209375 2.000000 0.000000 0.000000 0.000000 0.184874 0.215625 2.000000 0.299720 0.254688 2.000000 0.140056 0.254688 2.000000 0.319328 0.342187 1.000000 0.103641 0.345313 2.000000 0.263305 0.318750 2.000000 0.154062 0.318750 2.000000 0.268908 0.381250 2.000000 0.176471 0.379688 2.000000 0.257703 0.414062 2.000000 0.123249 0.410938 2.000000 0.000000 0.000000 0.000000 0.000000 0.000000 0.000000
0 0.085392 0.256922 0.170784 0.264062 0.072829 0.182812 2.000000 0.086835 0.171875 2.000000 0.058824 0.173437 2.000000 0.123249 0.171875 2.000000 0.000000 0.000000 0.000000 0.170868 0.206250 1.000000 0.025210 0.204687 2.000000 0.000000 0.000000 0.000000 0.000000 0.000000 0.000000 0.000000 0.000000 0.000000 0.000000 0.000000 0.000000 0.145658 0.312500 1.000000 0.042017 0.312500 1.000000 0.000000 0.000000 0.000000 0.000000 0.000000 0.000000 0.000000 0.000000 0.000000 0.000000 0.000000 0.000000
0 0.239328 0.137797 0.175350 0.110375 0.218487 0.140625 2.000000 0.232493 0.129688 2.000000 0.207283 0.129688 2.000000 0.271709 0.125000 2.000000 0.000000 0.000000 0.000000 0.294118 0.184375 2.000000 0.142857 0.167187 1.000000 0.000000 0.000000 0.000000 0.000000 0.000000 0.000000 0.000000 0.000000 0.000000 0.000000 0.000000 0.000000 0.000000 0.000000 0.000000 0.000000 0.000000 0.000000 0.000000 0.000000 0.000000 0.000000 0.000000 0.000000 0.000000 0.000000 0.000000 0.000000 0.000000 0.000000
0 0.952143 0.111852 0.095714 0.141016 0.938375 0.079687 2.000000 0.963585 0.071875 2.000000 0.929972 0.071875 2.000000 0.991597 0.090625 2.000000 0.910364 0.085938 2.000000 0.000000 0.000000 0.000000 0.000000 0.000000 0.000000 0.000000 0.000000 0.000000 0.000000 0.000000 0.000000 0.000000 0.000000 0.000000 0.000000 0.000000 0.000000 0.000000 0.000000 0.000000 0.000000 0.000000 0.000000 0.000000 0.000000 0.000000 0.000000 0.000000 0.000000 0.000000 0.000000 0.000000 0.000000 0.000000 0.000000
0 0.909762 0.296164 0.180476 0.292672 0.966387 0.192188 2.000000 0.980392 0.185938 2.000000 0.000000 0.000000 0.000000 0.000000 0.000000 0.000000 0.000000 0.000000 0.000000 0.000000 0.000000 0.000000 0.929972 0.237500 2.000000 0.000000 0.000000 0.000000 0.890756 0.331250 2.000000 0.977591 0.289062 2.000000 0.927171 0.275000 2.000000 0.000000 0.000000 0.000000 0.929972 0.345313 2.000000 0.974790 0.412500 2.000000 0.857143 0.412500 2.000000 0.977591 0.528125 1.000000 0.862745 0.521875 1.000000
0 0.316429 0.075492 0.144566 0.140609 0.299720 0.048438 2.000000 0.313725 0.040625 2.000000 0.282913 0.042188 2.000000 0.344538 0.046875 2.000000 0.260504 0.051562 2.000000 0.394958 0.095312 1.000000 0.243697 0.093750 1.000000 0.000000 0.000000 0.000000 0.000000 0.000000 0.000000 0.000000 0.000000 0.000000 0.000000 0.000000 0.000000 0.000000 0.000000 0.000000 0.000000 0.000000 0.000000 0.000000 0.000000 0.000000 0.000000 0.000000 0.000000 0.000000 0.000000 0.000000 0.000000 0.000000 0.000000
0 0.108529 0.075977 0.217059 0.149047 0.106443 0.048438 2.000000 0.126050 0.043750 2.000000 0.089636 0.043750 2.000000 0.156863 0.043750 2.000000 0.000000 0.000000 0.000000 0.184874 0.093750 2.000000 0.050420 0.092188 2.000000 0.204482 0.148438 1.000000 0.014006 0.142187 1.000000 0.000000 0.000000 0.000000 0.000000 0.000000 0.000000 0.168067 0.192188 1.000000 0.047619 0.192188 1.000000 0.000000 0.000000 0.000000 0.000000 0.000000 0.000000 0.000000 0.000000 0.000000 0.000000 0.000000 0.000000
0 0.574286 0.036461 0.239832 0.072922 0.000000 0.000000 0.000000 0.000000 0.000000 0.000000 0.000000 0.000000 0.000000 0.000000 0.000000 0.000000 0.000000 0.000000 0.000000 0.000000 0.000000 0.000000 0.000000 0.000000 0.000000 0.613445 0.029687 2.000000 0.000000 0.000000 0.000000 0.518207 0.020313 2.000000 0.000000 0.000000 0.000000 0.000000 0.000000 0.000000 0.000000 0.000000 0.000000 0.000000 0.000000 0.000000 0.000000 0.000000 0.000000 0.000000 0.000000 0.000000 0.000000 0.000000 0.000000
0 0.732577 0.471602 0.447059 0.913578 0.731092 0.101562 2.000000 0.747899 0.085938 2.000000 0.697479 0.085938 2.000000 0.000000 0.000000 0.000000 0.619048 0.089063 2.000000 0.700280 0.159375 2.000000 0.515406 0.162500 1.000000 0.806723 0.293750 2.000000 0.000000 0.000000 0.000000 0.817927 0.184375 2.000000 0.000000 0.000000 0.000000 0.725490 0.417187 2.000000 0.560224 0.417187 1.000000 0.747899 0.659375 2.000000 0.537815 0.676562 1.000000 0.767507 0.892188 2.000000 0.277311 0.809375 1.000000
0 0.884608 0.204133 0.144062 0.190797 0.887955 0.159375 2.000000 0.899160 0.150000 2.000000 0.871148 0.151562 2.000000 0.000000 0.000000 0.000000 0.000000 0.000000 0.000000 0.932773 0.187500 2.000000 0.773109 0.190625 1.000000 0.000000 0.000000 0.000000 0.000000 0.000000 0.000000 0.882353 0.240625 2.000000 0.868347 0.240625 2.000000 0.000000 0.000000 0.000000 0.000000 0.000000 0.000000 0.000000 0.000000 0.000000 0.000000 0.000000 0.000000 0.000000 0.000000 0.000000 0.000000 0.000000 0.000000
