0 0.284867 0.422471 0.140922 0.516838 0.278125 0.299766 2.000000 0.281250 0.285714 2.000000 0.262500 0.292740 2.000000 0.000000 0.000000 0.000000 0.243750 0.309133 2.000000 0.278125 0.353630 2.000000 0.239063 0.372365 2.000000 0.000000 0.000000 0.000000 0.234375 0.491803 2.000000 0.000000 0.000000 0.000000 0.275000 0.580796 2.000000 0.329688 0.622951 2.000000 0.303125 0.662763 1.000000 0.000000 0.000000 0.000000 0.000000 0.000000 0.000000 0.000000 0.000000 0.000000 0.000000 0.000000 0.000000
0 0.733906 0.466288 0.265375 0.928080 0.689063 0.133489 2.000000 0.698438 0.112412 2.000000 0.689063 0.121780 2.000000 0.742188 0.100703 2.000000 0.000000 0.000000 0.000000 0.817187 0.250585 2.000000 0.682813 0.257611 2.000000 0.828125 0.430913 2.000000 0.650000 0.384075 2.000000 0.798438 0.569087 2.000000 0.615625 0.489461 2.000000 0.739062 0.578454 2.000000 0.675000 0.552693 2.000000 0.717187 0.775176 2.000000 0.657813 0.761124 1.000000 0.720313 0.962529 1.000000 0.657813 0.941452 1.000000
0 0.379289 0.371979 0.065984 0.264192 0.000000 0.000000 0.000000 0.000000 0.000000 0.000000 0.000000 0.000000 0.000000 0.000000 0.000000 0.000000 0.000000 0.000000 0.000000 0.354687 0.297424 2.000000 0.375000 0.295082 2.000000 0.350000 0.332553 2.000000 0.385937 0.344262 2.000000 0.360938 0.351288 2.000000 0.393750 0.374707 2.000000 0.367188 0.381733 2.000000 0.381250 0.379391 2.000000 0.375000 0.437939 2.000000 0.390625 0.437939 2.000000 0.379688 0.484778 2.000000 0.395313 0.482436 2.000000
0 0.586648 0.344145 0.089328 0.351897 0.000000 0.000000 0.000000 0.000000 0.000000 0.000000 0.000000 0.000000 0.000000 0.575000 0.206089 2.000000 0.592187 0.213115 2.000000 0.557813 0.248244 2.000000 0.592187 0.245902 2.000000 0.000000 0.000000 0.000000 0.601562 0.337237 2.000000 0.000000 0.000000 0.000000 0.618750 0.351288 2.000000 0.562500 0.433255 2.000000 0.579688 0.433255 2.000000 0.000000 0.000000 0.000000 0.000000 0.000000 0.000000 0.000000 0.000000 0.000000 0.000000 0.000000 0.000000
0 0.158703 0.537717 0.142031 0.608735 0.142187 0.370023 2.000000 0.148438 0.346604 2.000000 0.125000 0.346604 2.000000 0.000000 0.000000 0.000000 0.100000 0.362998 1.000000 0.176563 0.423888 1.000000 0.081250 0.473068 1.000000 0.000000 0.000000 0.000000 0.000000 0.000000 0.000000 0.000000 0.000000 0.000000 0.000000 0.000000 0.000000 0.000000 0.000000 0.000000 0.000000 0.000000 0.000000 0.000000 0.000000 0.000000 0.000000 0.000000 0.000000 0.000000 0.000000 0.000000 0.000000 0.000000 0.000000
0 0.114953 0.596288 0.229906 0.807424 0.107813 0.405152 2.000000 0.000000 0.000000 0.000000 0.085938 0.367681 2.000000 0.000000 0.000000 0.000000 0.034375 0.400468 2.000000 0.000000 0.000000 0.000000 0.014063 0.620609 2.000000 0.000000 0.000000 0.000000 0.000000 0.000000 0.000000 0.000000 0.000000 0.000000 0.000000 0.000000 0.000000 0.000000 0.000000 0.000000 0.000000 0.000000 0.000000 0.000000 0.000000 0.000000 0.000000 0.000000 0.000000 0.000000 0.000000 0.000000 0.000000 0.000000 0.000000
0 0.519961 0.342951 0.062266 0.322436 0.000000 0.000000 0.000000 0.000000 0.000000 0.000000 0.000000 0.000000 0.000000 0.000000 0.000000 0.000000 0.540625 0.220141 2.000000 0.512500 0.252927 2.000000 0.554688 0.252927 1.000000 0.498437 0.316159 2.000000 0.000000 0.000000 0.000000 0.000000 0.000000 0.000000 0.000000 0.000000 0.000000 0.517188 0.337237 2.000000 0.546875 0.351288 2.000000 0.517188 0.409836 2.000000 0.000000 0.000000 0.000000 0.523438 0.473068 2.000000 0.000000 0.000000 0.000000
0 0.909414 0.498267 0.181172 0.994520 0.000000 0.000000 0.000000 0.000000 0.000000 0.000000 0.000000 0.000000 0.000000 0.000000 0.000000 0.000000 0.000000 0.000000 0.000000 0.943750 0.142857 2.000000 0.000000 0.000000 0.000000 0.884375 0.276347 2.000000 0.000000 0.000000 0.000000 0.000000 0.000000 0.000000 0.000000 0.000000 0.000000 0.915625 0.334895 2.000000 0.992188 0.358314 2.000000 0.907813 0.477752 2.000000 0.971875 0.515222 2.000000 0.882812 0.629977 2.000000 0.925000 0.658080 2.000000
0 0.863742 0.228607 0.056359 0.202084 0.000000 0.000000 0.000000 0.000000 0.000000 0.000000 0.000000 0.000000 0.000000 0.864062 0.138173 2.000000 0.879687 0.135831 2.000000 0.845313 0.173302 2.000000 0.879687 0.177986 2.000000 0.000000 0.000000 0.000000 0.879687 0.227166 2.000000 0.000000 0.000000 0.000000 0.000000 0.000000 0.000000 0.000000 0.000000 0.000000 0.000000 0.000000 0.000000 0.000000 0.000000 0.000000 0.000000 0.000000 0.000000 0.000000 0.000000 0.000000 0.000000 0.000000 0.000000
0 0.435547 0.361956 0.064469 0.341569 0.000000 0.000000 0.000000 0.000000 0.000000 0.000000 0.000000 0.000000 0.000000 0.000000 0.000000 0.000000 0.000000 0.000000 0.000000 0.426563 0.274005 2.000000 0.439063 0.288056 2.000000 0.423438 0.318501 2.000000 0.440625 0.341920 2.000000 0.440625 0.367681 2.000000 0.453125 0.384075 2.000000 0.429688 0.377049 2.000000 0.443750 0.381733 2.000000 0.435937 0.423888 2.000000 0.448437 0.433255 2.000000 0.432812 0.496487 2.000000 0.437500 0.522248 2.000000
