0 0.335945 0.678651 0.394328 0.615726 0.000000 0.000000 0.000000 0.000000 0.000000 0.000000 0.000000 0.000000 0.000000 0.276562 0.502075 2.000000 0.382812 0.506224 2.000000 0.200000 0.630705 2.000000 0.439063 0.670124 2.000000 0.000000 0.000000 0.000000 0.492188 0.883817 2.000000 0.000000 0.000000 0.000000 0.000000 0.000000 0.000000 0.000000 0.000000 0.000000 0.000000 0.000000 0.000000 0.000000 0.000000 0.000000 0.000000 0.000000 0.000000 0.000000 0.000000 0.000000 0.000000 0.000000 0.000000
0 0.427500 0.522635 0.067031 0.125187 0.000000 0.000000 0.000000 0.410938 0.491701 2.000000 0.406250 0.497925 2.000000 0.000000 0.000000 0.000000 0.000000 0.000000 0.000000 0.435937 0.495851 2.000000 0.420312 0.508299 2.000000 0.453125 0.551867 2.000000 0.414062 0.531120 2.000000 0.000000 0.000000 0.000000 0.404687 0.549793 2.000000 0.437500 0.560166 2.000000 0.421875 0.556017 2.000000 0.000000 0.000000 0.000000 0.000000 0.000000 0.000000 0.000000 0.000000 0.000000 0.000000 0.000000 0.000000
0 0.760734 0.666286 0.160781 0.474149 0.000000 0.000000 0.000000 0.000000 0.000000 0.000000 0.000000 0.000000 0.000000 0.721875 0.483402 2.000000 0.000000 0.000000 0.000000 0.714063 0.566390 2.000000 0.817187 0.558091 2.000000 0.692187 0.674274 2.000000 0.812500 0.661826 2.000000 0.000000 0.000000 0.000000 0.000000 0.000000 0.000000 0.742188 0.788382 2.000000 0.809375 0.780083 2.000000 0.753125 0.923237 1.000000 0.812500 0.923237 1.000000 0.000000 0.000000 0.000000 0.000000 0.000000 0.000000
0 0.853719 0.760301 0.292563 0.456162 0.000000 0.000000 0.000000 0.000000 0.000000 0.000000 0.000000 0.000000 0.000000 0.000000 0.000000 0.000000 0.000000 0.000000 0.000000 0.882812 0.850622 2.000000 0.000000 0.000000 0.000000 0.790625 0.964730 2.000000 0.000000 0.000000 0.000000 0.742188 0.917012 2.000000 0.000000 0.000000 0.000000 0.000000 0.000000 0.000000 0.000000 0.000000 0.000000 0.000000 0.000000 0.000000 0.000000 0.000000 0.000000 0.000000 0.000000 0.000000 0.000000 0.000000 0.000000
0 0.589398 0.630249 0.126141 0.344232 0.000000 0.000000 0.000000 0.000000 0.000000 0.000000 0.000000 0.000000 0.000000 0.570312 0.497925 2.000000 0.000000 0.000000 0.000000 0.564063 0.535270 2.000000 0.617188 0.539419 2.000000 0.551562 0.632780 2.000000 0.634375 0.601660 2.000000 0.000000 0.000000 0.000000 0.000000 0.000000 0.000000 0.573438 0.668050 2.000000 0.614062 0.668050 2.000000 0.539062 0.659751 2.000000 0.000000 0.000000 0.000000 0.548438 0.744813 2.000000 0.000000 0.000000 0.000000
0 0.920914 0.619409 0.129391 0.346618 0.943750 0.500000 2.000000 0.948438 0.487552 2.000000 0.934375 0.491701 2.000000 0.959375 0.491701 2.000000 0.920312 0.504149 2.000000 0.950000 0.535270 2.000000 0.973437 0.526971 2.000000 0.923438 0.609959 2.000000 0.000000 0.000000 0.000000 0.878125 0.647303 2.000000 0.000000 0.000000 0.000000 0.000000 0.000000 0.000000 0.000000 0.000000 0.000000 0.000000 0.000000 0.000000 0.000000 0.000000 0.000000 0.000000 0.000000 0.000000 0.000000 0.000000 0.000000
0 0.493109 0.567707 0.065094 0.235041 0.000000 0.000000 0.000000 0.000000 0.000000 0.000000 0.000000 0.000000 0.000000 0.481250 0.473029 2.000000 0.500000 0.475104 1.000000 0.475000 0.495851 2.000000 0.507812 0.495851 2.000000 0.467187 0.537344 2.000000 0.521875 0.526971 2.000000 0.000000 0.000000 0.000000 0.000000 0.000000 0.000000 0.481250 0.566390 2.000000 0.507812 0.562241 2.000000 0.482812 0.636929 2.000000 0.507812 0.591286 1.000000 0.479687 0.688797 1.000000 0.514062 0.618257 1.000000
0 0.054164 0.586515 0.101547 0.310124 0.000000 0.000000 0.000000 0.000000 0.000000 0.000000 0.000000 0.000000 0.000000 0.032813 0.458506 2.000000 0.054688 0.456432 2.000000 0.023438 0.493776 2.000000 0.062500 0.485477 2.000000 0.017188 0.547718 2.000000 0.084375 0.531120 2.000000 0.000000 0.000000 0.000000 0.089063 0.560166 1.000000 0.032813 0.574689 2.000000 0.064062 0.576763 2.000000 0.028125 0.647303 2.000000 0.078125 0.641079 2.000000 0.028125 0.719917 2.000000 0.090625 0.707469 2.000000
0 0.645523 0.546359 0.095766 0.207282 0.660937 0.477178 2.000000 0.000000 0.000000 0.000000 0.659375 0.475104 2.000000 0.000000 0.000000 0.000000 0.643750 0.477178 2.000000 0.607812 0.506224 2.000000 0.659375 0.504149 2.000000 0.000000 0.000000 0.000000 0.681250 0.568465 2.000000 0.000000 0.000000 0.000000 0.000000 0.000000 0.000000 0.629687 0.618257 1.000000 0.667188 0.612033 2.000000 0.000000 0.000000 0.000000 0.000000 0.000000 0.000000 0.000000 0.000000 0.000000 0.000000 0.000000 0.000000
0 0.160852 0.569948 0.084078 0.226079 0.000000 0.000000 0.000000 0.000000 0.000000 0.000000 0.000000 0.000000 0.000000 0.154688 0.477178 2.000000 0.173437 0.479253 2.000000 0.140625 0.493776 2.000000 0.179688 0.502075 2.000000 0.121875 0.520747 2.000000 0.190625 0.531120 2.000000 0.137500 0.547718 2.000000 0.196875 0.558091 2.000000 0.150000 0.568465 2.000000 0.175000 0.568465 2.000000 0.148438 0.632780 2.000000 0.187500 0.589212 2.000000 0.153125 0.688797 1.000000 0.000000 0.000000 0.000000
0 0.541539 0.530104 0.043328 0.167178 0.000000 0.000000 0.000000 0.000000 0.000000 0.000000 0.000000 0.000000 0.000000 0.529687 0.464730 2.000000 0.000000 0.000000 0.000000 0.526563 0.493776 2.000000 0.557813 0.485477 2.000000 0.525000 0.524896 2.000000 0.557813 0.516598 2.000000 0.523438 0.549793 1.000000 0.000000 0.000000 0.000000 0.534375 0.566390 2.000000 0.554688 0.566390 1.000000 0.535937 0.614108 1.000000 0.000000 0.000000 0.000000 0.539062 0.678423 1.000000 0.000000 0.000000 0.000000
