0 0.334977 0.621347 0.184547 0.595528 0.000000 0.000000 0.000000 0.000000 0.000000 0.000000 0.000000 0.000000 0.000000 0.281250 0.400000 2.000000 0.318750 0.377778 2.000000 0.293750 0.433333 2.000000 0.342187 0.405556 2.000000 0.287500 0.541667 2.000000 0.309375 0.572222 2.000000 0.265625 0.536111 2.000000 0.264062 0.650000 2.000000 0.357812 0.566667 2.000000 0.395313 0.552778 2.000000 0.350000 0.719444 2.000000 0.410938 0.691667 2.000000 0.359375 0.850000 2.000000 0.396875 0.727778 2.000000
0 0.529633 0.469667 0.136516 0.314611 0.523438 0.355556 2.000000 0.529687 0.344444 2.000000 0.517188 0.347222 2.000000 0.537500 0.344444 2.000000 0.509375 0.347222 1.000000 0.557813 0.400000 2.000000 0.495312 0.402778 2.000000 0.567187 0.486111 2.000000 0.478125 0.472222 2.000000 0.532813 0.463889 2.000000 0.504687 0.461111 2.000000 0.550000 0.530556 2.000000 0.510938 0.533333 2.000000 0.551562 0.505556 2.000000 0.492188 0.502778 2.000000 0.565625 0.572222 2.000000 0.482812 0.577778 2.000000
0 0.586461 0.387167 0.106328 0.285889 0.560937 0.288889 2.000000 0.564063 0.283333 2.000000 0.556250 0.283333 2.000000 0.573438 0.288889 2.000000 0.548438 0.288889 2.000000 0.584375 0.322222 2.000000 0.535937 0.322222 1.000000 0.631250 0.358333 2.000000 0.000000 0.000000 0.000000 0.629687 0.422222 2.000000 0.000000 0.000000 0.000000 0.584375 0.430556 2.000000 0.545312 0.430556 1.000000 0.631250 0.475000 1.000000 0.000000 0.000000 0.000000 0.671875 0.563889 1.000000 0.000000 0.000000 0.000000
0 0.657813 0.404681 0.108969 0.469306 0.628125 0.222222 2.000000 0.634375 0.213889 2.000000 0.625000 0.213889 2.000000 0.646875 0.219444 2.000000 0.620313 0.225000 2.000000 0.648438 0.255556 2.000000 0.659375 0.241667 2.000000 0.623437 0.338889 2.000000 0.654687 0.269444 2.000000 0.610938 0.311111 2.000000 0.631250 0.288889 2.000000 0.692187 0.388889 2.000000 0.706250 0.388889 2.000000 0.632812 0.458333 2.000000 0.648438 0.488889 2.000000 0.651563 0.586111 2.000000 0.676562 0.613889 2.000000
0 0.305391 0.067278 0.068875 0.133889 0.301563 0.027778 2.000000 0.304688 0.025000 2.000000 0.296875 0.025000 2.000000 0.310937 0.022222 2.000000 0.292187 0.027778 2.000000 0.321875 0.069444 2.000000 0.285938 0.072222 2.000000 0.335938 0.130556 2.000000 0.278125 0.119444 2.000000 0.000000 0.000000 0.000000 0.000000 0.000000 0.000000 0.317188 0.150000 1.000000 0.293750 0.150000 1.000000 0.000000 0.000000 0.000000 0.000000 0.000000 0.000000 0.000000 0.000000 0.000000 0.000000 0.000000 0.000000
0 0.397125 0.067333 0.062125 0.134667 0.393750 0.008333 2.000000 0.398438 0.005556 2.000000 0.389062 0.005556 2.000000 0.403125 0.008333 2.000000 0.382812 0.008333 2.000000 0.415625 0.044444 2.000000 0.375000 0.050000 2.000000 0.420312 0.097222 2.000000 0.373437 0.097222 2.000000 0.404687 0.058333 2.000000 0.387500 0.061111 2.000000 0.414062 0.138889 1.000000 0.381250 0.138889 1.000000 0.000000 0.000000 0.000000 0.000000 0.000000 0.000000 0.000000 0.000000 0.000000 0.000000 0.000000 0.000000
0 0.908211 0.058431 0.077109 0.116861 0.910937 0.011111 2.000000 0.915625 0.002778 1.000000 0.906250 0.002778 2.000000 0.921875 0.008333 2.000000 0.900000 0.008333 2.000000 0.931250 0.044444 2.000000 0.889062 0.041667 2.000000 0.937500 0.100000 2.000000 0.879687 0.111111 2.000000 0.920312 0.119444 1.000000 0.889062 0.083333 2.000000 0.920312 0.147222 1.000000 0.889062 0.147222 1.000000 0.000000 0.000000 0.000000 0.000000 0.000000 0.000000 0.000000 0.000000 0.000000 0.000000 0.000000 0.000000
0 0.766008 0.042250 0.064359 0.084111 0.000000 0.000000 0.000000 0.000000 0.000000 0.000000 0.000000 0.000000 0.000000 0.000000 0.000000 0.000000 0.000000 0.000000 0.000000 0.790625 0.008333 2.000000 0.746875 0.005556 2.000000 0.787500 0.061111 2.000000 0.742188 0.069444 2.000000 0.773438 0.019444 2.000000 0.779687 0.077778 2.000000 0.000000 0.000000 0.000000 0.000000 0.000000 0.000000 0.000000 0.000000 0.000000 0.000000 0.000000 0.000000 0.000000 0.000000 0.000000 0.000000 0.000000 0.000000
0 0.823992 0.061708 0.069703 0.123417 0.820312 0.016667 2.000000 0.823438 0.008333 2.000000 0.815625 0.008333 2.000000 0.831250 0.016667 2.000000 0.812500 0.013889 1.000000 0.840625 0.050000 2.000000 0.801562 0.052778 2.000000 0.854688 0.108333 2.000000 0.792188 0.108333 2.000000 0.842187 0.111111 2.000000 0.801562 0.108333 2.000000 0.000000 0.000000 0.000000 0.000000 0.000000 0.000000 0.000000 0.000000 0.000000 0.000000 0.000000 0.000000 0.000000 0.000000 0.000000 0.000000 0.000000 0.000000
0 0.133664 0.065556 0.062016 0.131111 0.000000 0.000000 0.000000 0.000000 0.000000 0.000000 0.000000 0.000000 0.000000 0.000000 0.000000 0.000000 0.000000 0.000000 0.000000 0.151562 0.055556 2.000000 0.112500 0.052778 2.000000 0.160938 0.116667 2.000000 0.109375 0.111111 2.000000 0.000000 0.000000 0.000000 0.128125 0.127778 2.000000 0.000000 0.000000 0.000000 0.000000 0.000000 0.000000 0.000000 0.000000 0.000000 0.000000 0.000000 0.000000 0.000000 0.000000 0.000000 0.000000 0.000000 0.000000
