0 0.493328 0.637253 0.116406 0.473037 0.500000 0.437137 2.000000 0.503125 0.431335 2.000000 0.492188 0.431335 2.000000 0.515625 0.441006 2.000000 0.481250 0.437137 2.000000 0.534375 0.491296 2.000000 0.457813 0.491296 2.000000 0.535937 0.557060 2.000000 0.454688 0.558994 2.000000 0.496875 0.560928 2.000000 0.496875 0.582205 2.000000 0.526563 0.609284 2.000000 0.470313 0.613153 2.000000 0.515625 0.705996 2.000000 0.475000 0.711799 2.000000 0.506250 0.810445 2.000000 0.475000 0.808511 2.000000
0 0.546867 0.286112 0.054109 0.124371 0.551562 0.249516 2.000000 0.556250 0.243714 2.000000 0.546875 0.243714 2.000000 0.564063 0.251451 2.000000 0.537500 0.251451 2.000000 0.581250 0.295938 1.000000 0.520312 0.295938 2.000000 0.000000 0.000000 0.000000 0.000000 0.000000 0.000000 0.000000 0.000000 0.000000 0.000000 0.000000 0.000000 0.567187 0.384913 1.000000 0.534375 0.382979 1.000000 0.000000 0.000000 0.000000 0.000000 0.000000 0.000000 0.000000 0.000000 0.000000 0.000000 0.000000 0.000000
0 0.405609 0.634120 0.088031 0.431180 0.395313 0.462282 2.000000 0.400000 0.450677 2.000000 0.387500 0.450677 2.000000 0.410938 0.458414 2.000000 0.376563 0.458414 1.000000 0.426563 0.510638 2.000000 0.367188 0.516441 2.000000 0.442188 0.580271 2.000000 0.368750 0.570600 2.000000 0.000000 0.000000 0.000000 0.000000 0.000000 0.000000 0.414062 0.628627 2.000000 0.378125 0.628627 2.000000 0.418750 0.736944 2.000000 0.392188 0.733075 2.000000 0.420312 0.816248 2.000000 0.401562 0.816248 2.000000
0 0.221172 0.633346 0.103844 0.452805 0.217188 0.452611 2.000000 0.225000 0.444874 2.000000 0.212500 0.444874 2.000000 0.235937 0.446809 2.000000 0.201563 0.448743 2.000000 0.253125 0.495164 2.000000 0.187500 0.497099 2.000000 0.271875 0.572534 1.000000 0.175000 0.570600 2.000000 0.000000 0.000000 0.000000 0.175000 0.626692 2.000000 0.242188 0.620890 2.000000 0.201563 0.618956 2.000000 0.243750 0.731141 2.000000 0.203125 0.719536 2.000000 0.250000 0.818182 2.000000 0.200000 0.822050 2.000000
0 0.138203 0.629439 0.078031 0.419033 0.137500 0.452611 2.000000 0.140625 0.444874 2.000000 0.129688 0.444874 2.000000 0.151562 0.454545 2.000000 0.120313 0.452611 1.000000 0.162500 0.500967 2.000000 0.104688 0.504836 1.000000 0.000000 0.000000 0.000000 0.000000 0.000000 0.000000 0.000000 0.000000 0.000000 0.000000 0.000000 0.000000 0.154688 0.620890 2.000000 0.115625 0.620890 2.000000 0.156250 0.727273 2.000000 0.123438 0.725338 2.000000 0.154688 0.806576 2.000000 0.125000 0.804642 2.000000
0 0.076125 0.644845 0.099906 0.433830 0.076563 0.468085 2.000000 0.081250 0.462282 2.000000 0.071875 0.462282 2.000000 0.000000 0.000000 0.000000 0.056250 0.460348 1.000000 0.106250 0.508704 2.000000 0.040625 0.514507 2.000000 0.114062 0.576402 2.000000 0.034375 0.582205 2.000000 0.084375 0.630561 2.000000 0.062500 0.638298 2.000000 0.098437 0.632495 2.000000 0.050000 0.634429 2.000000 0.085938 0.729207 2.000000 0.057813 0.725338 2.000000 0.084375 0.814313 2.000000 0.059375 0.818182 2.000000
0 0.609945 0.634836 0.116172 0.478646 0.600000 0.427466 2.000000 0.606250 0.421663 2.000000 0.595313 0.419729 2.000000 0.623437 0.431335 2.000000 0.000000 0.000000 0.000000 0.635938 0.475822 2.000000 0.573438 0.475822 2.000000 0.656250 0.568665 2.000000 0.562500 0.553191 2.000000 0.648438 0.628627 2.000000 0.000000 0.000000 0.000000 0.620313 0.630561 2.000000 0.585938 0.630561 2.000000 0.628125 0.733075 2.000000 0.593750 0.725338 2.000000 0.625000 0.820116 2.000000 0.609375 0.808511 2.000000
0 0.919289 0.622824 0.117922 0.440658 0.907813 0.444874 2.000000 0.910937 0.433269 2.000000 0.900000 0.433269 2.000000 0.925000 0.439072 2.000000 0.889062 0.439072 2.000000 0.946875 0.500967 2.000000 0.870313 0.500967 2.000000 0.960938 0.562863 2.000000 0.867188 0.557060 2.000000 0.937500 0.607350 2.000000 0.890625 0.601547 2.000000 0.929688 0.626692 2.000000 0.881250 0.622824 2.000000 0.931250 0.705996 2.000000 0.881250 0.711799 2.000000 0.932813 0.800774 2.000000 0.885938 0.804642 2.000000
0 0.859000 0.432843 0.094250 0.226422 0.873437 0.353965 2.000000 0.879687 0.346228 2.000000 0.867188 0.348162 2.000000 0.892188 0.355899 2.000000 0.856250 0.357834 2.000000 0.901563 0.408124 1.000000 0.834375 0.408124 2.000000 0.000000 0.000000 0.000000 0.000000 0.000000 0.000000 0.000000 0.000000 0.000000 0.000000 0.000000 0.000000 0.893750 0.516441 1.000000 0.848437 0.514507 1.000000 0.896875 0.607350 1.000000 0.853125 0.613153 1.000000 0.000000 0.000000 0.000000 0.000000 0.000000 0.000000
0 0.700672 0.623424 0.101375 0.446654 0.685937 0.441006 2.000000 0.692187 0.433269 2.000000 0.681250 0.435203 2.000000 0.703125 0.437137 2.000000 0.670312 0.439072 2.000000 0.725000 0.491296 2.000000 0.648438 0.497099 1.000000 0.739062 0.568665 2.000000 0.646875 0.566731 1.000000 0.737500 0.636364 2.000000 0.650000 0.628627 1.000000 0.707812 0.607350 2.000000 0.665625 0.607350 1.000000 0.710938 0.725338 2.000000 0.670312 0.725338 2.000000 0.712500 0.818182 2.000000 0.673438 0.816248 2.000000
0 0.799641 0.614613 0.125250 0.460677 0.789062 0.411992 2.000000 0.793750 0.404255 2.000000 0.779687 0.404255 2.000000 0.804688 0.413926 2.000000 0.771875 0.415861 2.000000 0.832812 0.458414 2.000000 0.743750 0.460348 1.000000 0.843750 0.529981 2.000000 0.742188 0.531915 1.000000 0.846875 0.593810 2.000000 0.745313 0.588008 1.000000 0.817187 0.562863 2.000000 0.771875 0.562863 2.000000 0.812500 0.684720 2.000000 0.778125 0.686654 2.000000 0.807813 0.804642 2.000000 0.784375 0.802708 2.000000
0 0.316023 0.298569 0.053266 0.120890 0.310937 0.276596 2.000000 0.315625 0.268859 2.000000 0.306250 0.270793 2.000000 0.326562 0.270793 2.000000 0.300000 0.270793 2.000000 0.331250 0.307544 2.000000 0.289062 0.309478 1.000000 0.000000 0.000000 0.000000 0.000000 0.000000 0.000000 0.000000 0.000000 0.000000 0.000000 0.000000 0.000000 0.000000 0.000000 0.000000 0.000000 0.000000 0.000000 0.000000 0.000000 0.000000 0.000000 0.000000 0.000000 0.000000 0.000000 0.000000 0.000000 0.000000 0.000000
0 0.676305 0.420754 0.086766 0.127544 0.675000 0.382979 2.000000 0.681250 0.373308 2.000000 0.668750 0.375242 2.000000 0.689063 0.381044 2.000000 0.659375 0.384913 2.000000 0.707812 0.427466 1.000000 0.635938 0.435203 2.000000 0.710938 0.489362 1.000000 0.635938 0.497099 1.000000 0.000000 0.000000 0.000000 0.000000 0.000000 0.000000 0.000000 0.000000 0.000000 0.000000 0.000000 0.000000 0.000000 0.000000 0.000000 0.000000 0.000000 0.000000 0.000000 0.000000 0.000000 0.000000 0.000000 0.000000
