0 0.340375 0.409194 0.320875 0.553808 0.415625 0.264019 2.000000 0.434375 0.254673 2.000000 0.409375 0.242991 2.000000 0.467187 0.224299 2.000000 0.000000 0.000000 0.000000 0.482812 0.299065 2.000000 0.381250 0.198598 2.000000 0.476562 0.455607 2.000000 0.354687 0.217290 2.000000 0.473438 0.588785 2.000000 0.365625 0.299065 2.000000 0.415625 0.425234 2.000000 0.360938 0.399533 2.000000 0.446875 0.383178 2.000000 0.310937 0.497664 2.000000 0.404687 0.598131 2.000000 0.201563 0.623832 2.000000
0 0.872156 0.461157 0.148719 0.458107 0.878125 0.301402 2.000000 0.881250 0.292056 2.000000 0.870313 0.294393 2.000000 0.893750 0.299065 2.000000 0.856250 0.299065 2.000000 0.900000 0.350467 2.000000 0.842187 0.345794 2.000000 0.918750 0.432243 2.000000 0.814063 0.418224 2.000000 0.923438 0.492991 2.000000 0.000000 0.000000 0.000000 0.895312 0.485981 2.000000 0.860938 0.485981 1.000000 0.931250 0.544393 2.000000 0.000000 0.000000 0.000000 0.910937 0.644860 2.000000 0.000000 0.000000 0.000000
0 0.071383 0.165175 0.136766 0.316846 0.000000 0.000000 0.000000 0.000000 0.000000 0.000000 0.000000 0.000000 0.000000 0.000000 0.000000 0.000000 0.000000 0.000000 0.000000 0.104688 0.063084 2.000000 0.012500 0.065421 2.000000 0.120313 0.184579 2.000000 0.028125 0.172897 2.000000 0.046875 0.186916 2.000000 0.051562 0.081776 2.000000 0.000000 0.000000 0.000000 0.000000 0.000000 0.000000 0.000000 0.000000 0.000000 0.000000 0.000000 0.000000 0.000000 0.000000 0.000000 0.000000 0.000000 0.000000
0 0.182633 0.203107 0.122984 0.403131 0.184375 0.028037 2.000000 0.190625 0.011682 2.000000 0.175000 0.014019 2.000000 0.000000 0.000000 0.000000 0.151562 0.007009 2.000000 0.168750 0.091121 2.000000 0.150000 0.091121 2.000000 0.000000 0.000000 0.000000 0.154688 0.224299 2.000000 0.000000 0.000000 0.000000 0.207813 0.182243 2.000000 0.168750 0.380841 2.000000 0.151562 0.385514 1.000000 0.000000 0.000000 0.000000 0.000000 0.000000 0.000000 0.000000 0.000000 0.000000 0.000000 0.000000 0.000000
0 0.316008 0.223364 0.136859 0.446729 0.321875 0.009346 2.000000 0.000000 0.000000 0.000000 0.000000 0.000000 0.000000 0.000000 0.000000 0.000000 0.000000 0.000000 0.000000 0.354687 0.093458 2.000000 0.275000 0.079439 2.000000 0.359375 0.214953 1.000000 0.273438 0.193925 2.000000 0.287500 0.184579 2.000000 0.340625 0.186916 2.000000 0.342187 0.334112 1.000000 0.282813 0.334112 2.000000 0.000000 0.000000 0.000000 0.000000 0.000000 0.000000 0.000000 0.000000 0.000000 0.000000 0.000000 0.000000
0 0.921094 0.249124 0.065656 0.191752 0.914062 0.210280 2.000000 0.920312 0.196262 2.000000 0.909375 0.193925 2.000000 0.931250 0.200935 2.000000 0.000000 0.000000 0.000000 0.937500 0.250000 2.000000 0.892188 0.238318 1.000000 0.934375 0.313084 2.000000 0.000000 0.000000 0.000000 0.000000 0.000000 0.000000 0.000000 0.000000 0.000000 0.000000 0.000000 0.000000 0.000000 0.000000 0.000000 0.000000 0.000000 0.000000 0.000000 0.000000 0.000000 0.000000 0.000000 0.000000 0.000000 0.000000 0.000000
0 0.547055 0.185409 0.145078 0.370818 0.000000 0.000000 0.000000 0.000000 0.000000 0.000000 0.000000 0.000000 0.000000 0.000000 0.000000 0.000000 0.000000 0.000000 0.000000 0.589063 0.088785 2.000000 0.493750 0.091121 2.000000 0.578125 0.175234 2.000000 0.481250 0.179907 1.000000 0.553125 0.070093 2.000000 0.515625 0.074766 2.000000 0.560937 0.359813 2.000000 0.500000 0.357477 2.000000 0.000000 0.000000 0.000000 0.000000 0.000000 0.000000 0.000000 0.000000 0.000000 0.000000 0.000000 0.000000
0 0.439813 0.160689 0.109062 0.263902 0.448437 0.095794 2.000000 0.454688 0.081776 2.000000 0.437500 0.081776 2.000000 0.000000 0.000000 0.000000 0.000000 0.000000 0.000000 0.481250 0.158879 1.000000 0.396875 0.140187 2.000000 0.000000 0.000000 0.000000 0.000000 0.000000 0.000000 0.000000 0.000000 0.000000 0.000000 0.000000 0.000000 0.000000 0.000000 0.000000 0.000000 0.000000 0.000000 0.000000 0.000000 0.000000 0.000000 0.000000 0.000000 0.000000 0.000000 0.000000 0.000000 0.000000 0.000000
0 0.781766 0.239428 0.096250 0.426472 0.782813 0.098131 2.000000 0.793750 0.091121 2.000000 0.778125 0.084112 2.000000 0.000000 0.000000 0.000000 0.000000 0.000000 0.000000 0.806250 0.165888 2.000000 0.723437 0.137850 1.000000 0.820312 0.285047 2.000000 0.725000 0.250000 1.000000 0.792188 0.371495 2.000000 0.739062 0.350467 1.000000 0.785937 0.357477 2.000000 0.731250 0.350467 1.000000 0.000000 0.000000 0.000000 0.000000 0.000000 0.000000 0.000000 0.000000 0.000000 0.000000 0.000000 0.000000
0 0.957734 0.440911 0.084531 0.426215 0.000000 0.000000 0.000000 0.000000 0.000000 0.000000 0.000000 0.000000 0.000000 0.000000 0.000000 0.000000 0.000000 0.000000 0.000000 0.000000 0.000000 0.000000 0.985938 0.308411 2.000000 0.000000 0.000000 0.000000 0.951562 0.345794 2.000000 0.000000 0.000000 0.000000 0.984375 0.273364 2.000000 0.000000 0.000000 0.000000 0.976562 0.446262 2.000000 0.000000 0.000000 0.000000 0.000000 0.000000 0.000000 0.000000 0.000000 0.000000 0.000000 0.000000 0.000000
0 0.849602 0.239836 0.079703 0.296121 0.846875 0.156542 2.000000 0.854688 0.147196 2.000000 0.839063 0.147196 2.000000 0.867188 0.154206 2.000000 0.823438 0.149533 2.000000 0.870313 0.207944 2.000000 0.815625 0.203271 1.000000 0.000000 0.000000 0.000000 0.000000 0.000000 0.000000 0.000000 0.000000 0.000000 0.000000 0.000000 0.000000 0.000000 0.000000 0.000000 0.000000 0.000000 0.000000 0.000000 0.000000 0.000000 0.000000 0.000000 0.000000 0.000000 0.000000 0.000000 0.000000 0.000000 0.000000
0 0.667227 0.229474 0.188266 0.458949 0.689063 0.046729 2.000000 0.698438 0.037383 2.000000 0.681250 0.032710 2.000000 0.714063 0.030374 1.000000 0.665625 0.025701 2.000000 0.729688 0.114486 2.000000 0.632812 0.119159 2.000000 0.742188 0.233645 2.000000 0.620313 0.238318 2.000000 0.692187 0.320093 2.000000 0.656250 0.310748 2.000000 0.712500 0.348131 2.000000 0.651563 0.348131 2.000000 0.000000 0.000000 0.000000 0.000000 0.000000 0.000000 0.000000 0.000000 0.000000 0.000000 0.000000 0.000000
