0 0.206397 0.490992 0.155657 0.204953 0.204225 0.446875 2.000000 0.220657 0.437500 2.000000 0.192488 0.437500 2.000000 0.239437 0.448437 2.000000 0.178404 0.435937 2.000000 0.258216 0.500000 2.000000 0.143192 0.506250 2.000000 0.000000 0.000000 0.000000 0.000000 0.000000 0.000000 0.000000 0.000000 0.000000 0.000000 0.000000 0.000000 0.000000 0.000000 0.000000 0.000000 0.000000 0.000000 0.000000 0.000000 0.000000 0.000000 0.000000 0.000000 0.000000 0.000000 0.000000 0.000000 0.000000 0.000000
0 0.593568 0.490766 0.508498 0.779750 0.568075 0.175000 2.000000 0.589202 0.162500 2.000000 0.551643 0.160938 2.000000 0.633803 0.175000 2.000000 0.532864 0.176563 2.000000 0.697183 0.256250 2.000000 0.471831 0.256250 2.000000 0.809859 0.354687 2.000000 0.384977 0.345313 2.000000 0.802817 0.446875 2.000000 0.361502 0.414062 2.000000 0.636150 0.498437 2.000000 0.502347 0.503125 2.000000 0.603286 0.618750 2.000000 0.516432 0.629687 2.000000 0.586854 0.779687 2.000000 0.558685 0.718750 2.000000
0 0.076115 0.515875 0.144484 0.261750 0.131455 0.435937 2.000000 0.000000 0.000000 0.000000 0.115023 0.434375 2.000000 0.000000 0.000000 0.000000 0.086854 0.445312 2.000000 0.000000 0.000000 0.000000 0.075117 0.500000 2.000000 0.000000 0.000000 0.000000 0.000000 0.000000 0.000000 0.000000 0.000000 0.000000 0.000000 0.000000 0.000000 0.000000 0.000000 0.000000 0.000000 0.000000 0.000000 0.000000 0.000000 0.000000 0.000000 0.000000 0.000000 0.000000 0.000000 0.000000 0.000000 0.000000 0.000000
0 0.175986 0.407516 0.113474 0.082844 0.204225 0.448437 1.000000 0.223005 0.437500 1.000000 0.194836 0.435937 1.000000 0.241784 0.443750 1.000000 0.180751 0.437500 1.000000 0.000000 0.000000 0.000000 0.000000 0.000000 0.000000 0.000000 0.000000 0.000000 0.000000 0.000000 0.000000 0.000000 0.000000 0.000000 0.000000 0.000000 0.000000 0.000000 0.000000 0.000000 0.000000 0.000000 0.000000 0.000000 0.000000 0.000000 0.000000 0.000000 0.000000 0.000000 0.000000 0.000000 0.000000 0.000000 0.000000
0 0.218451 0.163531 0.228545 0.098437 0.265258 0.148438 2.000000 0.000000 0.000000 0.000000 0.265258 0.140625 2.000000 0.000000 0.000000 0.000000 0.251174 0.142187 2.000000 0.000000 0.000000 0.000000 0.190141 0.159375 2.000000 0.000000 0.000000 0.000000 0.204225 0.221875 1.000000 0.000000 0.000000 0.000000 0.000000 0.000000 0.000000 0.000000 0.000000 0.000000 0.000000 0.000000 0.000000 0.000000 0.000000 0.000000 0.000000 0.000000 0.000000 0.000000 0.000000 0.000000 0.000000 0.000000 0.000000
0 0.381491 0.093258 0.135047 0.186516 0.420188 0.020313 2.000000 0.000000 0.000000 0.000000 0.415493 0.017188 2.000000 0.000000 0.000000 0.000000 0.384977 0.017188 2.000000 0.415493 0.059375 2.000000 0.349765 0.062500 2.000000 0.000000 0.000000 0.000000 0.349765 0.117188 2.000000 0.000000 0.000000 0.000000 0.396714 0.159375 2.000000 0.420188 0.164062 2.000000 0.373239 0.164062 2.000000 0.424883 0.243750 1.000000 0.361502 0.242188 1.000000 0.000000 0.000000 0.000000 0.000000 0.000000 0.000000
0 0.312089 0.448266 0.116808 0.168437 0.000000 0.000000 0.000000 0.000000 0.000000 0.000000 0.000000 0.000000 0.000000 0.000000 0.000000 0.000000 0.352113 0.425000 1.000000 0.298122 0.456250 2.000000 0.345070 0.479687 2.000000 0.000000 0.000000 0.000000 0.000000 0.000000 0.000000 0.000000 0.000000 0.000000 0.000000 0.000000 0.000000 0.295775 0.576562 1.000000 0.338028 0.593750 1.000000 0.000000 0.000000 0.000000 0.000000 0.000000 0.000000 0.000000 0.000000 0.000000 0.000000 0.000000 0.000000
0 0.171796 0.345703 0.124812 0.073719 0.000000 0.000000 0.000000 0.000000 0.000000 0.000000 0.199531 0.345313 2.000000 0.000000 0.000000 0.000000 0.159624 0.356250 2.000000 0.000000 0.000000 0.000000 0.000000 0.000000 0.000000 0.000000 0.000000 0.000000 0.000000 0.000000 0.000000 0.000000 0.000000 0.000000 0.000000 0.000000 0.000000 0.000000 0.000000 0.000000 0.000000 0.000000 0.000000 0.000000 0.000000 0.000000 0.000000 0.000000 0.000000 0.000000 0.000000 0.000000 0.000000 0.000000 0.000000
0 0.112594 0.320719 0.134108 0.101094 0.176056 0.309375 2.000000 0.000000 0.000000 0.000000 0.154930 0.303125 2.000000 0.000000 0.000000 0.000000 0.119718 0.309375 2.000000 0.000000 0.000000 0.000000 0.084507 0.348438 2.000000 0.000000 0.000000 0.000000 0.000000 0.000000 0.000000 0.000000 0.000000 0.000000 0.000000 0.000000 0.000000 0.000000 0.000000 0.000000 0.000000 0.000000 0.000000 0.000000 0.000000 0.000000 0.000000 0.000000 0.000000 0.000000 0.000000 0.000000 0.000000 0.000000 0.000000
0 0.943615 0.224719 0.104648 0.233719 0.000000 0.000000 0.000000 0.000000 0.000000 0.000000 0.000000 0.000000 0.000000 0.000000 0.000000 0.000000 0.000000 0.000000 0.000000 0.934272 0.146875 2.000000 0.000000 0.000000 0.000000 0.000000 0.000000 0.000000 0.000000 0.000000 0.000000 0.000000 0.000000 0.000000 0.000000 0.000000 0.000000 0.920188 0.232813 2.000000 0.957746 0.234375 2.000000 0.000000 0.000000 0.000000 0.000000 0.000000 0.000000 0.000000 0.000000 0.000000 0.000000 0.000000 0.000000
0 0.283732 0.541195 0.168920 0.123922 0.000000 0.000000 0.000000 0.000000 0.000000 0.000000 0.000000 0.000000 0.000000 0.000000 0.000000 0.000000 0.000000 0.000000 0.000000 0.000000 0.000000 0.000000 0.314554 0.556250 1.000000 0.000000 0.000000 0.000000 0.000000 0.000000 0.000000 0.000000 0.000000 0.000000 0.000000 0.000000 0.000000 0.000000 0.000000 0.000000 0.000000 0.000000 0.000000 0.000000 0.000000 0.000000 0.000000 0.000000 0.000000 0.000000 0.000000 0.000000 0.000000 0.000000 0.000000
0 0.049249 0.277859 0.098498 0.136500 0.000000 0.000000 0.000000 0.000000 0.000000 0.000000 0.000000 0.000000 0.000000 0.000000 0.000000 0.000000 0.000000 0.000000 0.000000 0.000000 0.000000 0.000000 0.018779 0.214062 1.000000 0.000000 0.000000 0.000000 0.004695 0.248438 1.000000 0.000000 0.000000 0.000000 0.049296 0.264062 2.000000 0.000000 0.000000 0.000000 0.000000 0.000000 0.000000 0.000000 0.000000 0.000000 0.000000 0.000000 0.000000 0.000000 0.000000 0.000000 0.000000 0.000000 0.000000
