0 0.712320 0.749500 0.240422 0.332417 0.684375 0.641667 2.000000 0.689063 0.635417 2.000000 0.000000 0.000000 0.000000 0.000000 0.000000 0.000000 0.000000 0.000000 0.000000 0.723437 0.679167 2.000000 0.725000 0.685417 2.000000 0.000000 0.000000 0.000000 0.679688 0.756250 2.000000 0.000000 0.000000 0.000000 0.635938 0.752083 2.000000 0.789062 0.775000 2.000000 0.784375 0.770833 2.000000 0.000000 0.000000 0.000000 0.706250 0.770833 2.000000 0.782813 0.845833 2.000000 0.773438 0.877083 2.000000
0 0.854367 0.375677 0.080703 0.089021 0.832812 0.366667 2.000000 0.835938 0.358333 2.000000 0.828125 0.358333 2.000000 0.848437 0.362500 2.000000 0.000000 0.000000 0.000000 0.867188 0.395833 2.000000 0.823438 0.402083 2.000000 0.887500 0.441667 1.000000 0.815625 0.447917 1.000000 0.000000 0.000000 0.000000 0.000000 0.000000 0.000000 0.000000 0.000000 0.000000 0.000000 0.000000 0.000000 0.000000 0.000000 0.000000 0.000000 0.000000 0.000000 0.000000 0.000000 0.000000 0.000000 0.000000 0.000000
0 0.750031 0.472208 0.100031 0.332292 0.742188 0.339583 2.000000 0.751563 0.329167 2.000000 0.742188 0.329167 2.000000 0.762500 0.335417 2.000000 0.000000 0.000000 0.000000 0.775000 0.364583 2.000000 0.728125 0.364583 2.000000 0.770312 0.412500 2.000000 0.703125 0.408333 2.000000 0.731250 0.402083 2.000000 0.740625 0.400000 2.000000 0.785937 0.470833 2.000000 0.751563 0.475000 2.000000 0.778125 0.556250 2.000000 0.757812 0.562500 2.000000 0.745313 0.633333 1.000000 0.775000 0.629167 2.000000
0 0.678234 0.451833 0.105906 0.280458 0.671875 0.339583 2.000000 0.676562 0.335417 2.000000 0.668750 0.335417 2.000000 0.689063 0.335417 2.000000 0.000000 0.000000 0.000000 0.712500 0.366667 1.000000 0.664062 0.366667 2.000000 0.720313 0.406250 1.000000 0.637500 0.393750 2.000000 0.679688 0.406250 2.000000 0.640625 0.402083 2.000000 0.704688 0.487500 2.000000 0.668750 0.485417 2.000000 0.707812 0.560417 2.000000 0.684375 0.562500 2.000000 0.715625 0.629167 1.000000 0.696875 0.618750 1.000000
0 0.790180 0.260344 0.075391 0.089938 0.789062 0.237500 2.000000 0.793750 0.231250 2.000000 0.787500 0.231250 2.000000 0.807813 0.235417 2.000000 0.000000 0.000000 0.000000 0.825000 0.268750 2.000000 0.781250 0.264583 2.000000 0.000000 0.000000 0.000000 0.000000 0.000000 0.000000 0.000000 0.000000 0.000000 0.000000 0.000000 0.000000 0.800000 0.325000 1.000000 0.775000 0.320833 1.000000 0.000000 0.000000 0.000000 0.000000 0.000000 0.000000 0.000000 0.000000 0.000000 0.000000 0.000000 0.000000
0 0.906180 0.728094 0.187641 0.413479 0.870313 0.572917 2.000000 0.878125 0.564583 2.000000 0.000000 0.000000 0.000000 0.901563 0.566667 2.000000 0.000000 0.000000 0.000000 0.929688 0.587500 2.000000 0.912500 0.606250 2.000000 0.960938 0.658333 2.000000 0.896875 0.704167 2.000000 0.939063 0.727083 2.000000 0.834375 0.735417 2.000000 0.000000 0.000000 0.000000 0.000000 0.000000 0.000000 0.931250 0.760417 2.000000 0.939063 0.754167 2.000000 0.956250 0.889583 2.000000 0.981250 0.875000 2.000000
0 0.630227 0.289302 0.059891 0.162271 0.628125 0.233333 2.000000 0.635938 0.231250 2.000000 0.631250 0.227083 2.000000 0.000000 0.000000 0.000000 0.000000 0.000000 0.000000 0.659375 0.272917 1.000000 0.615625 0.268750 1.000000 0.000000 0.000000 0.000000 0.000000 0.000000 0.000000 0.000000 0.000000 0.000000 0.000000 0.000000 0.000000 0.648438 0.341667 1.000000 0.621875 0.337500 1.000000 0.000000 0.000000 0.000000 0.000000 0.000000 0.000000 0.000000 0.000000 0.000000 0.000000 0.000000 0.000000
0 0.380625 0.689688 0.307688 0.490958 0.390625 0.506250 2.000000 0.000000 0.000000 0.000000 0.000000 0.000000 0.000000 0.000000 0.000000 0.000000 0.000000 0.000000 0.000000 0.387500 0.543750 2.000000 0.454688 0.516667 2.000000 0.443750 0.552083 2.000000 0.510938 0.558333 2.000000 0.487500 0.533333 2.000000 0.496875 0.531250 2.000000 0.379688 0.695833 2.000000 0.432812 0.702083 2.000000 0.331250 0.785417 2.000000 0.473438 0.797917 2.000000 0.265625 0.875000 2.000000 0.517188 0.912500 2.000000
0 0.569555 0.240187 0.060797 0.105375 0.567187 0.214583 2.000000 0.568750 0.208333 2.000000 0.562500 0.210417 2.000000 0.576562 0.210417 2.000000 0.559375 0.212500 2.000000 0.579688 0.227083 2.000000 0.554688 0.233333 2.000000 0.595313 0.260417 2.000000 0.548438 0.262500 2.000000 0.576562 0.277083 2.000000 0.556250 0.270833 2.000000 0.576562 0.283333 2.000000 0.560937 0.283333 2.000000 0.000000 0.000000 0.000000 0.000000 0.000000 0.000000 0.000000 0.000000 0.000000 0.000000 0.000000 0.000000
0 0.508602 0.243500 0.079109 0.100875 0.512500 0.212500 2.000000 0.517188 0.206250 2.000000 0.509375 0.206250 2.000000 0.525000 0.214583 2.000000 0.000000 0.000000 0.000000 0.532813 0.239583 2.000000 0.495312 0.239583 1.000000 0.531250 0.268750 2.000000 0.479687 0.256250 1.000000 0.498437 0.277083 2.000000 0.482812 0.275000 2.000000 0.512500 0.310417 1.000000 0.482812 0.310417 1.000000 0.000000 0.000000 0.000000 0.000000 0.000000 0.000000 0.000000 0.000000 0.000000 0.000000 0.000000 0.000000
0 0.738242 0.291063 0.065359 0.143417 0.748437 0.254167 2.000000 0.753125 0.247917 2.000000 0.745313 0.247917 2.000000 0.760938 0.250000 2.000000 0.000000 0.000000 0.000000 0.770312 0.277083 1.000000 0.726562 0.279167 2.000000 0.000000 0.000000 0.000000 0.715625 0.314583 1.000000 0.000000 0.000000 0.000000 0.710938 0.337500 2.000000 0.000000 0.000000 0.000000 0.725000 0.343750 2.000000 0.000000 0.000000 0.000000 0.000000 0.000000 0.000000 0.000000 0.000000 0.000000 0.000000 0.000000 0.000000
