0 0.824422 0.453548 0.289531 0.732581 0.762500 0.179724 2.000000 0.773438 0.161290 2.000000 0.757812 0.161290 2.000000 0.800000 0.161290 2.000000 0.000000 0.000000 0.000000 0.837500 0.267281 2.000000 0.732812 0.232719 2.000000 0.854688 0.384793 2.000000 0.696875 0.322581 2.000000 0.829688 0.447005 2.000000 0.710938 0.352535 2.000000 0.815625 0.476959 2.000000 0.748437 0.476959 2.000000 0.853125 0.605991 2.000000 0.701562 0.615207 2.000000 0.925000 0.755760 2.000000 0.720313 0.776498 2.000000
0 0.659031 0.347972 0.062625 0.130645 0.651563 0.306452 2.000000 0.653125 0.301843 2.000000 0.648438 0.301843 2.000000 0.659375 0.304147 2.000000 0.643750 0.304147 2.000000 0.664062 0.331797 2.000000 0.635938 0.331797 2.000000 0.662500 0.359447 2.000000 0.635938 0.364055 2.000000 0.650000 0.377880 2.000000 0.646875 0.377880 2.000000 0.657813 0.384793 2.000000 0.642188 0.384793 2.000000 0.664062 0.368664 2.000000 0.632812 0.382488 2.000000 0.678125 0.405530 2.000000 0.650000 0.407834 2.000000
0 0.378508 0.409827 0.166609 0.608548 0.376563 0.165899 2.000000 0.385937 0.154378 2.000000 0.368750 0.154378 2.000000 0.398438 0.165899 2.000000 0.362500 0.161290 2.000000 0.428125 0.230415 2.000000 0.334375 0.232719 1.000000 0.443750 0.304147 2.000000 0.000000 0.000000 0.000000 0.443750 0.343318 2.000000 0.000000 0.000000 0.000000 0.401562 0.398618 1.000000 0.350000 0.398618 1.000000 0.414062 0.525346 2.000000 0.323437 0.506912 1.000000 0.425000 0.686636 1.000000 0.312500 0.652074 2.000000
0 0.543813 0.213882 0.055625 0.228641 0.540625 0.126728 2.000000 0.543750 0.119816 2.000000 0.537500 0.119816 2.000000 0.550000 0.124424 2.000000 0.532813 0.124424 2.000000 0.557813 0.152074 2.000000 0.525000 0.154378 2.000000 0.550000 0.184332 2.000000 0.518750 0.193548 2.000000 0.526563 0.182028 2.000000 0.543750 0.184332 2.000000 0.551562 0.235023 2.000000 0.528125 0.235023 2.000000 0.557813 0.297235 2.000000 0.526563 0.294931 2.000000 0.000000 0.000000 0.000000 0.000000 0.000000 0.000000
0 0.867086 0.410104 0.185922 0.604493 0.857812 0.165899 2.000000 0.864062 0.156682 2.000000 0.851562 0.154378 2.000000 0.879687 0.163594 2.000000 0.842187 0.158986 1.000000 0.898438 0.228111 2.000000 0.823438 0.232719 1.000000 0.921875 0.299539 2.000000 0.000000 0.000000 0.000000 0.928125 0.331797 2.000000 0.000000 0.000000 0.000000 0.882812 0.407834 1.000000 0.835938 0.410138 1.000000 0.892188 0.527650 2.000000 0.806250 0.529954 1.000000 0.906250 0.661290 1.000000 0.793750 0.642857 2.000000
0 0.072969 0.336532 0.068844 0.141590 0.064062 0.294931 2.000000 0.068750 0.290323 2.000000 0.060937 0.290323 2.000000 0.073438 0.294931 2.000000 0.056250 0.294931 2.000000 0.079687 0.315668 2.000000 0.050000 0.315668 2.000000 0.093750 0.334101 2.000000 0.056250 0.341014 2.000000 0.096875 0.350230 2.000000 0.079687 0.352535 2.000000 0.075000 0.377880 2.000000 0.050000 0.377880 2.000000 0.095312 0.361751 2.000000 0.071875 0.364055 2.000000 0.098437 0.419355 1.000000 0.079687 0.419355 1.000000
0 0.066141 0.215507 0.062344 0.237650 0.067187 0.124424 2.000000 0.070312 0.119816 2.000000 0.065625 0.119816 2.000000 0.078125 0.124424 2.000000 0.059375 0.124424 2.000000 0.082812 0.152074 2.000000 0.051562 0.154378 2.000000 0.081250 0.186636 2.000000 0.043750 0.193548 2.000000 0.057813 0.182028 2.000000 0.068750 0.186636 2.000000 0.079687 0.239631 2.000000 0.054688 0.239631 2.000000 0.085938 0.304147 2.000000 0.056250 0.304147 1.000000 0.092188 0.366359 1.000000 0.062500 0.368664 1.000000
0 0.130664 0.343675 0.059703 0.123249 0.126562 0.304147 2.000000 0.129688 0.299539 2.000000 0.121875 0.299539 2.000000 0.132812 0.301843 2.000000 0.118750 0.299539 2.000000 0.134375 0.324885 2.000000 0.109375 0.324885 2.000000 0.132812 0.361751 2.000000 0.117188 0.364055 2.000000 0.135937 0.391705 2.000000 0.134375 0.391705 2.000000 0.129688 0.377880 2.000000 0.115625 0.380184 2.000000 0.151562 0.403226 2.000000 0.135937 0.405530 1.000000 0.000000 0.000000 0.000000 0.000000 0.000000 0.000000
0 0.329109 0.466705 0.293906 0.749447 0.282813 0.177419 2.000000 0.292187 0.161290 2.000000 0.273438 0.161290 2.000000 0.312500 0.158986 2.000000 0.000000 0.000000 0.000000 0.353125 0.264977 2.000000 0.243750 0.244240 2.000000 0.365625 0.384793 2.000000 0.218750 0.324885 2.000000 0.340625 0.437788 2.000000 0.231250 0.343318 2.000000 0.328125 0.474654 2.000000 0.265625 0.458525 2.000000 0.364063 0.592166 2.000000 0.229687 0.585253 2.000000 0.450000 0.774194 2.000000 0.232813 0.762673 2.000000
0 0.548828 0.341221 0.064875 0.143502 0.539062 0.294931 2.000000 0.542188 0.290323 2.000000 0.535937 0.290323 2.000000 0.548438 0.292627 2.000000 0.529687 0.294931 2.000000 0.548438 0.317972 2.000000 0.523438 0.317972 2.000000 0.562500 0.331797 2.000000 0.531250 0.343318 2.000000 0.568750 0.352535 2.000000 0.557813 0.354839 2.000000 0.550000 0.382488 2.000000 0.529687 0.384793 2.000000 0.570312 0.361751 2.000000 0.540625 0.361751 2.000000 0.575000 0.405530 2.000000 0.551562 0.407834 2.000000
0 0.602016 0.344954 0.057406 0.125945 0.600000 0.304147 2.000000 0.601562 0.299539 2.000000 0.596875 0.299539 2.000000 0.000000 0.000000 0.000000 0.590625 0.301843 2.000000 0.607812 0.324885 2.000000 0.585938 0.322581 2.000000 0.604688 0.361751 2.000000 0.592187 0.368664 2.000000 0.610938 0.394009 2.000000 0.607812 0.391705 2.000000 0.604688 0.375576 2.000000 0.589063 0.377880 2.000000 0.628125 0.403226 1.000000 0.606250 0.403226 2.000000 0.000000 0.000000 0.000000 0.000000 0.000000 0.000000
0 0.179742 0.344516 0.056766 0.123318 0.178125 0.304147 2.000000 0.181250 0.299539 2.000000 0.175000 0.301843 2.000000 0.185938 0.306452 2.000000 0.170313 0.306452 2.000000 0.190625 0.324885 2.000000 0.160938 0.329493 2.000000 0.190625 0.350230 2.000000 0.160938 0.366359 2.000000 0.181250 0.373272 2.000000 0.171875 0.373272 2.000000 0.179688 0.366359 2.000000 0.168750 0.368664 2.000000 0.190625 0.366359 2.000000 0.162500 0.377880 2.000000 0.000000 0.000000 0.000000 0.000000 0.000000 0.000000
