0 0.382352 0.782155 0.198453 0.435691 0.000000 0.000000 0.000000 0.000000 0.000000 0.000000 0.000000 0.000000 0.000000 0.409375 0.622951 2.000000 0.368750 0.620609 2.000000 0.434375 0.693208 2.000000 0.335938 0.688525 1.000000 0.465625 0.807963 2.000000 0.000000 0.000000 0.000000 0.000000 0.000000 0.000000 0.000000 0.000000 0.000000 0.423438 0.903981 2.000000 0.356250 0.901639 1.000000 0.000000 0.000000 0.000000 0.000000 0.000000 0.000000 0.000000 0.000000 0.000000 0.000000 0.000000 0.000000
0 0.326484 0.811101 0.111813 0.377799 0.276562 0.695550 2.000000 0.278125 0.679157 2.000000 0.000000 0.000000 0.000000 0.292187 0.686183 2.000000 0.000000 0.000000 0.000000 0.323437 0.784543 2.000000 0.331250 0.784543 2.000000 0.329688 0.908665 2.000000 0.000000 0.000000 0.000000 0.000000 0.000000 0.000000 0.000000 0.000000 0.000000 0.000000 0.000000 0.000000 0.000000 0.000000 0.000000 0.000000 0.000000 0.000000 0.000000 0.000000 0.000000 0.000000 0.000000 0.000000 0.000000 0.000000 0.000000
0 0.803664 0.919988 0.094328 0.160023 0.757812 0.939110 2.000000 0.768750 0.920375 2.000000 0.764062 0.918033 2.000000 0.795312 0.939110 2.000000 0.000000 0.000000 0.000000 0.000000 0.000000 0.000000 0.000000 0.000000 0.000000 0.000000 0.000000 0.000000 0.000000 0.000000 0.000000 0.000000 0.000000 0.000000 0.000000 0.000000 0.000000 0.000000 0.000000 0.000000 0.000000 0.000000 0.000000 0.000000 0.000000 0.000000 0.000000 0.000000 0.000000 0.000000 0.000000 0.000000 0.000000 0.000000 0.000000
0 0.121914 0.765000 0.169016 0.265082 0.000000 0.000000 0.000000 0.000000 0.000000 0.000000 0.000000 0.000000 0.000000 0.000000 0.000000 0.000000 0.184375 0.714286 2.000000 0.076563 0.751756 2.000000 0.179688 0.796253 2.000000 0.046875 0.857143 2.000000 0.170313 0.946136 1.000000 0.000000 0.000000 0.000000 0.000000 0.000000 0.000000 0.000000 0.000000 0.000000 0.000000 0.000000 0.000000 0.000000 0.000000 0.000000 0.000000 0.000000 0.000000 0.000000 0.000000 0.000000 0.000000 0.000000 0.000000
0 0.233891 0.712365 0.086969 0.292131 0.270313 0.641686 2.000000 0.000000 0.000000 0.000000 0.260937 0.632319 2.000000 0.000000 0.000000 0.000000 0.232813 0.634660 2.000000 0.229687 0.690867 2.000000 0.225000 0.714286 2.000000 0.000000 0.000000 0.000000 0.221875 0.845433 2.000000 0.000000 0.000000 0.000000 0.000000 0.000000 0.000000 0.242188 0.903981 1.000000 0.231250 0.915691 1.000000 0.000000 0.000000 0.000000 0.000000 0.000000 0.000000 0.000000 0.000000 0.000000 0.000000 0.000000 0.000000
0 0.567844 0.571499 0.141500 0.257611 0.546875 0.484778 2.000000 0.550000 0.477752 2.000000 0.000000 0.000000 0.000000 0.565625 0.480094 2.000000 0.000000 0.000000 0.000000 0.585938 0.538642 2.000000 0.543750 0.536300 2.000000 0.598437 0.573770 1.000000 0.512500 0.569087 2.000000 0.614062 0.515222 2.000000 0.000000 0.000000 0.000000 0.551562 0.676815 1.000000 0.518750 0.665105 2.000000 0.000000 0.000000 0.000000 0.000000 0.000000 0.000000 0.000000 0.000000 0.000000 0.000000 0.000000 0.000000
0 0.824594 0.754614 0.175719 0.490773 0.000000 0.000000 0.000000 0.817187 0.540984 2.000000 0.000000 0.000000 0.000000 0.825000 0.552693 2.000000 0.000000 0.000000 0.000000 0.804688 0.597190 2.000000 0.871875 0.597190 2.000000 0.746875 0.604215 2.000000 0.000000 0.000000 0.000000 0.000000 0.000000 0.000000 0.000000 0.000000 0.000000 0.826562 0.782201 2.000000 0.895312 0.765808 2.000000 0.826562 0.894614 1.000000 0.875000 0.892272 2.000000 0.000000 0.000000 0.000000 0.000000 0.000000 0.000000
0 0.095953 0.867412 0.188906 0.238197 0.000000 0.000000 0.000000 0.000000 0.000000 0.000000 0.000000 0.000000 0.000000 0.000000 0.000000 0.000000 0.135937 0.822014 2.000000 0.012500 0.887588 2.000000 0.150000 0.896956 2.000000 0.000000 0.000000 0.000000 0.000000 0.000000 0.000000 0.000000 0.000000 0.000000 0.000000 0.000000 0.000000 0.000000 0.000000 0.000000 0.000000 0.000000 0.000000 0.000000 0.000000 0.000000 0.000000 0.000000 0.000000 0.000000 0.000000 0.000000 0.000000 0.000000 0.000000
0 0.213359 0.924871 0.073469 0.150258 0.000000 0.000000 0.000000 0.000000 0.000000 0.000000 0.000000 0.000000 0.000000 0.181250 0.936768 2.000000 0.248438 0.934426 2.000000 0.000000 0.000000 0.000000 0.000000 0.000000 0.000000 0.000000 0.000000 0.000000 0.000000 0.000000 0.000000 0.000000 0.000000 0.000000 0.000000 0.000000 0.000000 0.000000 0.000000 0.000000 0.000000 0.000000 0.000000 0.000000 0.000000 0.000000 0.000000 0.000000 0.000000 0.000000 0.000000 0.000000 0.000000 0.000000 0.000000
0 0.901078 0.467412 0.062969 0.251686 0.884375 0.384075 2.000000 0.000000 0.000000 0.000000 0.885938 0.374707 2.000000 0.900000 0.386417 2.000000 0.000000 0.000000 0.000000 0.909375 0.428571 2.000000 0.914062 0.433255 2.000000 0.000000 0.000000 0.000000 0.912500 0.526932 2.000000 0.000000 0.000000 0.000000 0.898438 0.569087 2.000000 0.887500 0.552693 2.000000 0.890625 0.562061 2.000000 0.000000 0.000000 0.000000 0.000000 0.000000 0.000000 0.000000 0.000000 0.000000 0.000000 0.000000 0.000000
0 0.557734 0.725843 0.137937 0.337073 0.610938 0.627635 2.000000 0.000000 0.000000 0.000000 0.601562 0.615925 2.000000 0.000000 0.000000 0.000000 0.575000 0.629977 2.000000 0.601562 0.693208 2.000000 0.523438 0.700234 2.000000 0.606250 0.789227 2.000000 0.495312 0.824356 2.000000 0.000000 0.000000 0.000000 0.000000 0.000000 0.000000 0.609375 0.871194 1.000000 0.550000 0.875878 1.000000 0.000000 0.000000 0.000000 0.000000 0.000000 0.000000 0.000000 0.000000 0.000000 0.000000 0.000000 0.000000
0 0.765570 0.873185 0.093703 0.253630 0.000000 0.000000 0.000000 0.000000 0.000000 0.000000 0.000000 0.000000 0.000000 0.751563 0.819672 2.000000 0.812500 0.814988 1.000000 0.732812 0.934426 2.000000 0.835938 0.911007 1.000000 0.000000 0.000000 0.000000 0.000000 0.000000 0.000000 0.000000 0.000000 0.000000 0.000000 0.000000 0.000000 0.000000 0.000000 0.000000 0.000000 0.000000 0.000000 0.000000 0.000000 0.000000 0.000000 0.000000 0.000000 0.000000 0.000000 0.000000 0.000000 0.000000 0.000000
0 0.483008 0.720984 0.085516 0.347166 0.450000 0.601874 2.000000 0.457813 0.592506 2.000000 0.000000 0.000000 0.000000 0.479687 0.601874 2.000000 0.000000 0.000000 0.000000 0.490625 0.676815 2.000000 0.476562 0.662763 2.000000 0.485938 0.786885 2.000000 0.000000 0.000000 0.000000 0.000000 0.000000 0.000000 0.000000 0.000000 0.000000 0.000000 0.000000 0.000000 0.000000 0.000000 0.000000 0.000000 0.000000 0.000000 0.000000 0.000000 0.000000 0.000000 0.000000 0.000000 0.000000 0.000000 0.000000
