0 0.584414 0.731469 0.142859 0.522646 0.548438 0.537500 2.000000 0.548438 0.529167 1.000000 0.000000 0.000000 0.000000 0.567187 0.543750 2.000000 0.000000 0.000000 0.000000 0.551562 0.595833 2.000000 0.617188 0.593750 2.000000 0.523438 0.666667 2.000000 0.637500 0.662500 2.000000 0.546875 0.677083 2.000000 0.000000 0.000000 0.000000 0.559375 0.760417 2.000000 0.601562 0.764583 2.000000 0.554688 0.816667 1.000000 0.615625 0.822917 1.000000 0.575000 0.925000 2.000000 0.573438 0.947917 2.000000
0 0.431672 0.738531 0.189250 0.446354 0.000000 0.000000 0.000000 0.000000 0.000000 0.000000 0.000000 0.000000 0.000000 0.393750 0.587500 2.000000 0.445312 0.575000 2.000000 0.387500 0.645833 2.000000 0.460938 0.637500 2.000000 0.353125 0.735417 2.000000 0.490625 0.677083 2.000000 0.000000 0.000000 0.000000 0.000000 0.000000 0.000000 0.404687 0.804167 2.000000 0.462500 0.804167 2.000000 0.364063 0.802083 1.000000 0.504687 0.768750 2.000000 0.410938 0.906250 2.000000 0.468750 0.889583 2.000000
0 0.226680 0.757302 0.190453 0.440437 0.000000 0.000000 0.000000 0.000000 0.000000 0.000000 0.000000 0.000000 0.000000 0.170313 0.625000 2.000000 0.225000 0.614583 2.000000 0.157812 0.677083 2.000000 0.243750 0.670833 2.000000 0.140625 0.752083 2.000000 0.278125 0.770833 2.000000 0.000000 0.000000 0.000000 0.000000 0.000000 0.000000 0.176563 0.825000 2.000000 0.237500 0.825000 2.000000 0.215625 0.777083 2.000000 0.304688 0.772917 2.000000 0.190625 0.885417 2.000000 0.256250 0.900000 2.000000
0 0.425727 0.444292 0.097547 0.184708 0.000000 0.000000 0.000000 0.000000 0.000000 0.000000 0.000000 0.000000 0.000000 0.395313 0.375000 1.000000 0.423438 0.372917 2.000000 0.395313 0.422917 2.000000 0.434375 0.406250 2.000000 0.395313 0.495833 2.000000 0.465625 0.416667 2.000000 0.382812 0.535417 2.000000 0.000000 0.000000 0.000000 0.410938 0.493750 2.000000 0.439063 0.489583 1.000000 0.000000 0.000000 0.000000 0.000000 0.000000 0.000000 0.000000 0.000000 0.000000 0.000000 0.000000 0.000000
0 0.897469 0.417979 0.106187 0.386500 0.882812 0.264583 2.000000 0.892188 0.254167 2.000000 0.879687 0.256250 2.000000 0.909375 0.262500 2.000000 0.000000 0.000000 0.000000 0.920312 0.310417 2.000000 0.882812 0.316667 2.000000 0.940625 0.356250 2.000000 0.850000 0.364583 2.000000 0.937500 0.422917 2.000000 0.864062 0.322917 1.000000 0.917188 0.433333 2.000000 0.882812 0.427083 2.000000 0.887500 0.527083 2.000000 0.873437 0.522917 1.000000 0.000000 0.000000 0.000000 0.000000 0.000000 0.000000
0 0.757727 0.715229 0.164703 0.548792 0.000000 0.000000 0.000000 0.000000 0.000000 0.000000 0.000000 0.000000 0.000000 0.757812 0.514583 2.000000 0.809375 0.502083 2.000000 0.753125 0.597917 2.000000 0.823438 0.570833 2.000000 0.717187 0.670833 2.000000 0.000000 0.000000 0.000000 0.703125 0.618750 2.000000 0.000000 0.000000 0.000000 0.751563 0.737500 2.000000 0.800000 0.718750 2.000000 0.750000 0.854167 2.000000 0.792188 0.827083 1.000000 0.754687 0.952083 2.000000 0.806250 0.937500 2.000000
0 0.299539 0.514146 0.135703 0.137458 0.279687 0.500000 2.000000 0.287500 0.491667 2.000000 0.275000 0.489583 2.000000 0.304688 0.491667 2.000000 0.000000 0.000000 0.000000 0.331250 0.531250 2.000000 0.259375 0.529167 2.000000 0.359375 0.556250 2.000000 0.223438 0.560417 1.000000 0.325000 0.562500 2.000000 0.234375 0.562500 1.000000 0.000000 0.000000 0.000000 0.000000 0.000000 0.000000 0.000000 0.000000 0.000000 0.000000 0.000000 0.000000 0.000000 0.000000 0.000000 0.000000 0.000000 0.000000
0 0.828195 0.469062 0.094328 0.206542 0.000000 0.000000 0.000000 0.000000 0.000000 0.000000 0.000000 0.000000 0.000000 0.825000 0.391667 2.000000 0.000000 0.000000 0.000000 0.820312 0.418750 2.000000 0.854688 0.418750 2.000000 0.790625 0.422917 2.000000 0.870313 0.441667 2.000000 0.803125 0.400000 2.000000 0.000000 0.000000 0.000000 0.823438 0.493750 2.000000 0.853125 0.489583 2.000000 0.807813 0.485417 1.000000 0.837500 0.485417 2.000000 0.815625 0.547917 1.000000 0.843750 0.552083 2.000000
0 0.449211 0.496656 0.068859 0.153021 0.432812 0.472917 2.000000 0.442188 0.466667 2.000000 0.429688 0.464583 2.000000 0.459375 0.475000 2.000000 0.000000 0.000000 0.000000 0.470313 0.508333 2.000000 0.423438 0.504167 2.000000 0.471875 0.568750 2.000000 0.000000 0.000000 0.000000 0.453125 0.525000 2.000000 0.000000 0.000000 0.000000 0.460938 0.591667 1.000000 0.429688 0.593750 1.000000 0.000000 0.000000 0.000000 0.000000 0.000000 0.000000 0.000000 0.000000 0.000000 0.000000 0.000000 0.000000
0 0.510836 0.455094 0.067891 0.214313 0.000000 0.000000 0.000000 0.000000 0.000000 0.000000 0.000000 0.000000 0.000000 0.500000 0.372917 2.000000 0.000000 0.000000 0.000000 0.507812 0.389583 2.000000 0.521875 0.383333 2.000000 0.496875 0.422917 1.000000 0.000000 0.000000 0.000000 0.000000 0.000000 0.000000 0.000000 0.000000 0.000000 0.517188 0.447917 1.000000 0.529687 0.443750 1.000000 0.484375 0.466667 2.000000 0.500000 0.487500 2.000000 0.507812 0.520833 1.000000 0.525000 0.529167 2.000000
