0 0.194508 0.426097 0.086391 0.185861 0.000000 0.000000 0.000000 0.000000 0.000000 0.000000 0.000000 0.000000 0.000000 0.176563 0.372222 2.000000 0.000000 0.000000 0.000000 0.176563 0.416667 2.000000 0.226562 0.416667 2.000000 0.151562 0.472222 1.000000 0.000000 0.000000 0.000000 0.000000 0.000000 0.000000 0.000000 0.000000 0.000000 0.185938 0.541667 1.000000 0.223438 0.541667 1.000000 0.000000 0.000000 0.000000 0.000000 0.000000 0.000000 0.000000 0.000000 0.000000 0.000000 0.000000 0.000000
0 0.269680 0.486069 0.113922 0.246639 0.306250 0.452778 2.000000 0.312500 0.441667 2.000000 0.298438 0.441667 2.000000 0.000000 0.000000 0.000000 0.276562 0.433333 2.000000 0.307812 0.477778 2.000000 0.239063 0.480556 2.000000 0.000000 0.000000 0.000000 0.223438 0.577778 1.000000 0.000000 0.000000 0.000000 0.281250 0.580556 1.000000 0.300000 0.608333 1.000000 0.250000 0.611111 1.000000 0.000000 0.000000 0.000000 0.000000 0.000000 0.000000 0.000000 0.000000 0.000000 0.000000 0.000000 0.000000
0 0.373734 0.719597 0.212844 0.518028 0.000000 0.000000 0.000000 0.337500 0.558333 1.000000 0.000000 0.000000 0.000000 0.346875 0.550000 2.000000 0.000000 0.000000 0.000000 0.350000 0.600000 2.000000 0.456250 0.597222 2.000000 0.281250 0.744444 2.000000 0.000000 0.000000 0.000000 0.000000 0.000000 0.000000 0.000000 0.000000 0.000000 0.395313 0.894444 2.000000 0.471875 0.880556 1.000000 0.000000 0.000000 0.000000 0.000000 0.000000 0.000000 0.000000 0.000000 0.000000 0.000000 0.000000 0.000000
0 0.426484 0.452653 0.105094 0.208361 0.453125 0.422222 2.000000 0.457813 0.411111 2.000000 0.446875 0.411111 2.000000 0.000000 0.000000 0.000000 0.423438 0.408333 2.000000 0.457813 0.463889 2.000000 0.384375 0.466667 2.000000 0.000000 0.000000 0.000000 0.384375 0.569444 1.000000 0.000000 0.000000 0.000000 0.410938 0.536111 2.000000 0.000000 0.000000 0.000000 0.000000 0.000000 0.000000 0.000000 0.000000 0.000000 0.000000 0.000000 0.000000 0.000000 0.000000 0.000000 0.000000 0.000000 0.000000
0 0.547719 0.441083 0.091750 0.166889 0.570312 0.438889 2.000000 0.000000 0.000000 0.000000 0.567187 0.427778 2.000000 0.000000 0.000000 0.000000 0.546875 0.416667 2.000000 0.578125 0.461111 2.000000 0.521875 0.463889 2.000000 0.589063 0.527778 1.000000 0.509375 0.533333 1.000000 0.000000 0.000000 0.000000 0.000000 0.000000 0.000000 0.000000 0.000000 0.000000 0.000000 0.000000 0.000000 0.000000 0.000000 0.000000 0.000000 0.000000 0.000000 0.000000 0.000000 0.000000 0.000000 0.000000 0.000000
0 0.695227 0.698875 0.184547 0.602250 0.000000 0.000000 0.000000 0.000000 0.000000 0.000000 0.000000 0.000000 0.000000 0.681250 0.466667 2.000000 0.000000 0.000000 0.000000 0.681250 0.547222 2.000000 0.764062 0.527778 2.000000 0.654687 0.688889 2.000000 0.776563 0.652778 1.000000 0.637500 0.627778 2.000000 0.000000 0.000000 0.000000 0.710938 0.772222 1.000000 0.768750 0.763889 1.000000 0.617188 0.780556 2.000000 0.000000 0.000000 0.000000 0.656250 0.955556 2.000000 0.000000 0.000000 0.000000
0 0.872109 0.374931 0.083500 0.190694 0.893750 0.375000 2.000000 0.000000 0.000000 0.000000 0.887500 0.361111 2.000000 0.000000 0.000000 0.000000 0.871875 0.355556 2.000000 0.882812 0.400000 2.000000 0.853125 0.402778 2.000000 0.000000 0.000000 0.000000 0.867188 0.480556 1.000000 0.000000 0.000000 0.000000 0.000000 0.000000 0.000000 0.909375 0.488889 1.000000 0.884375 0.494444 1.000000 0.000000 0.000000 0.000000 0.000000 0.000000 0.000000 0.000000 0.000000 0.000000 0.000000 0.000000 0.000000
0 0.106180 0.511236 0.136516 0.262917 0.134375 0.466667 2.000000 0.140625 0.455556 2.000000 0.123438 0.450000 2.000000 0.000000 0.000000 0.000000 0.104688 0.430556 2.000000 0.159375 0.477778 2.000000 0.078125 0.483333 2.000000 0.171875 0.588889 1.000000 0.051562 0.600000 2.000000 0.000000 0.000000 0.000000 0.096875 0.636111 1.000000 0.151562 0.650000 1.000000 0.089063 0.647222 1.000000 0.000000 0.000000 0.000000 0.000000 0.000000 0.000000 0.000000 0.000000 0.000000 0.000000 0.000000 0.000000
0 0.615109 0.267764 0.068781 0.178028 0.621875 0.225000 2.000000 0.625000 0.219444 2.000000 0.618750 0.216667 2.000000 0.000000 0.000000 0.000000 0.607812 0.213889 2.000000 0.632812 0.255556 2.000000 0.596875 0.252778 2.000000 0.639062 0.311111 2.000000 0.589063 0.302778 2.000000 0.635938 0.341667 2.000000 0.000000 0.000000 0.000000 0.629687 0.350000 1.000000 0.598437 0.347222 1.000000 0.000000 0.000000 0.000000 0.000000 0.000000 0.000000 0.000000 0.000000 0.000000 0.000000 0.000000 0.000000
0 0.336500 0.279736 0.074875 0.203972 0.359375 0.227778 2.000000 0.362500 0.225000 2.000000 0.354687 0.222222 2.000000 0.000000 0.000000 0.000000 0.340625 0.216667 2.000000 0.362500 0.261111 2.000000 0.315625 0.252778 2.000000 0.365625 0.322222 2.000000 0.304688 0.308333 2.000000 0.370312 0.369444 2.000000 0.306250 0.355556 1.000000 0.339062 0.350000 1.000000 0.317188 0.350000 1.000000 0.000000 0.000000 0.000000 0.000000 0.000000 0.000000 0.000000 0.000000 0.000000 0.000000 0.000000 0.000000
