0 0.439633 0.362869 0.119109 0.229766 0.415625 0.295082 2.000000 0.421875 0.285714 2.000000 0.412500 0.285714 2.000000 0.432812 0.292740 2.000000 0.404687 0.290398 2.000000 0.450000 0.337237 2.000000 0.395313 0.337237 2.000000 0.484375 0.409836 2.000000 0.000000 0.000000 0.000000 0.489063 0.451991 1.000000 0.000000 0.000000 0.000000 0.443750 0.482436 1.000000 0.392188 0.473068 1.000000 0.000000 0.000000 0.000000 0.000000 0.000000 0.000000 0.000000 0.000000 0.000000 0.000000 0.000000 0.000000
0 0.616961 0.491756 0.442297 0.966276 0.000000 0.000000 0.000000 0.000000 0.000000 0.000000 0.000000 0.000000 0.000000 0.000000 0.000000 0.000000 0.000000 0.000000 0.000000 0.570312 0.320843 2.000000 0.651563 0.231850 2.000000 0.542188 0.451991 2.000000 0.643750 0.117096 2.000000 0.481250 0.463700 2.000000 0.000000 0.000000 0.000000 0.589063 0.545667 2.000000 0.642188 0.536300 2.000000 0.478125 0.697892 2.000000 0.560937 0.634660 2.000000 0.468750 0.927400 2.000000 0.562500 0.864169 1.000000
0 0.468961 0.239122 0.093422 0.199415 0.459375 0.206089 2.000000 0.462500 0.196721 2.000000 0.451562 0.196721 2.000000 0.470313 0.199063 2.000000 0.442188 0.199063 2.000000 0.482812 0.229508 2.000000 0.437500 0.231850 2.000000 0.496875 0.313817 2.000000 0.000000 0.000000 0.000000 0.000000 0.000000 0.000000 0.000000 0.000000 0.000000 0.487500 0.316159 2.000000 0.450000 0.316159 2.000000 0.000000 0.000000 0.000000 0.000000 0.000000 0.000000 0.000000 0.000000 0.000000 0.000000 0.000000 0.000000
0 0.384703 0.219707 0.086344 0.172998 0.365625 0.189696 2.000000 0.370312 0.182670 2.000000 0.365625 0.182670 2.000000 0.385937 0.185012 2.000000 0.000000 0.000000 0.000000 0.414062 0.227166 2.000000 0.353125 0.229508 2.000000 0.000000 0.000000 0.000000 0.000000 0.000000 0.000000 0.000000 0.000000 0.000000 0.000000 0.000000 0.000000 0.000000 0.000000 0.000000 0.000000 0.000000 0.000000 0.000000 0.000000 0.000000 0.000000 0.000000 0.000000 0.000000 0.000000 0.000000 0.000000 0.000000 0.000000
0 0.212828 0.400222 0.090719 0.281710 0.207813 0.290398 2.000000 0.212500 0.276347 2.000000 0.201563 0.278689 2.000000 0.221875 0.285714 2.000000 0.193750 0.290398 1.000000 0.239063 0.341920 2.000000 0.179688 0.344262 2.000000 0.000000 0.000000 0.000000 0.000000 0.000000 0.000000 0.000000 0.000000 0.000000 0.000000 0.000000 0.000000 0.232813 0.440281 1.000000 0.189062 0.440281 2.000000 0.000000 0.000000 0.000000 0.179688 0.451991 2.000000 0.000000 0.000000 0.000000 0.206250 0.543326 1.000000
0 0.058516 0.202998 0.110187 0.178454 0.000000 0.000000 0.000000 0.000000 0.000000 0.000000 0.000000 0.000000 0.000000 0.000000 0.000000 0.000000 0.000000 0.000000 0.000000 0.090625 0.203747 2.000000 0.034375 0.201405 2.000000 0.089063 0.281030 2.000000 0.015625 0.266979 2.000000 0.000000 0.000000 0.000000 0.000000 0.000000 0.000000 0.076563 0.323185 1.000000 0.031250 0.318501 1.000000 0.000000 0.000000 0.000000 0.000000 0.000000 0.000000 0.000000 0.000000 0.000000 0.000000 0.000000 0.000000
0 0.238813 0.215913 0.079563 0.109344 0.218750 0.201405 2.000000 0.223438 0.196721 2.000000 0.000000 0.000000 0.000000 0.237500 0.199063 2.000000 0.000000 0.000000 0.000000 0.264062 0.243560 2.000000 0.218750 0.243560 2.000000 0.000000 0.000000 0.000000 0.000000 0.000000 0.000000 0.000000 0.000000 0.000000 0.000000 0.000000 0.000000 0.000000 0.000000 0.000000 0.000000 0.000000 0.000000 0.000000 0.000000 0.000000 0.000000 0.000000 0.000000 0.000000 0.000000 0.000000 0.000000 0.000000 0.000000
0 0.546047 0.294204 0.083531 0.273888 0.531250 0.215457 2.000000 0.540625 0.206089 2.000000 0.528125 0.206089 2.000000 0.556250 0.208431 2.000000 0.000000 0.000000 0.000000 0.562500 0.241218 2.000000 0.515625 0.241218 2.000000 0.000000 0.000000 0.000000 0.000000 0.000000 0.000000 0.000000 0.000000 0.000000 0.000000 0.000000 0.000000 0.000000 0.000000 0.000000 0.000000 0.000000 0.000000 0.000000 0.000000 0.000000 0.000000 0.000000 0.000000 0.000000 0.000000 0.000000 0.000000 0.000000 0.000000
0 0.454227 0.107389 0.096266 0.208267 0.446875 0.028103 2.000000 0.450000 0.021077 2.000000 0.442188 0.021077 2.000000 0.464062 0.021077 2.000000 0.000000 0.000000 0.000000 0.485938 0.060890 2.000000 0.426563 0.072600 2.000000 0.487500 0.133489 2.000000 0.431250 0.149883 2.000000 0.457813 0.114754 2.000000 0.434375 0.103044 2.000000 0.484375 0.168618 2.000000 0.445312 0.173302 1.000000 0.000000 0.000000 0.000000 0.000000 0.000000 0.000000 0.000000 0.000000 0.000000 0.000000 0.000000 0.000000
0 0.135414 0.332728 0.084172 0.201850 0.139063 0.283372 2.000000 0.143750 0.274005 2.000000 0.135937 0.274005 2.000000 0.000000 0.000000 0.000000 0.000000 0.000000 0.000000 0.156250 0.311475 2.000000 0.117188 0.313817 2.000000 0.164062 0.297424 2.000000 0.096875 0.337237 2.000000 0.154688 0.288056 2.000000 0.117188 0.281030 2.000000 0.157812 0.421546 2.000000 0.128125 0.421546 1.000000 0.000000 0.000000 0.000000 0.000000 0.000000 0.000000 0.000000 0.000000 0.000000 0.000000 0.000000 0.000000
