0 0.206078 0.665760 0.164281 0.291521 0.210938 0.562500 2.000000 0.000000 0.000000 0.000000 0.207813 0.560417 2.000000 0.000000 0.000000 0.000000 0.184375 0.568750 2.000000 0.206250 0.597917 2.000000 0.165625 0.600000 2.000000 0.228125 0.652083 2.000000 0.162500 0.668750 2.000000 0.259375 0.683333 2.000000 0.192188 0.695833 2.000000 0.176563 0.708333 2.000000 0.140625 0.716667 2.000000 0.243750 0.691667 2.000000 0.201563 0.704167 2.000000 0.185938 0.777083 2.000000 0.150000 0.779167 2.000000
0 0.109203 0.590854 0.106656 0.424375 0.128125 0.431250 2.000000 0.000000 0.000000 0.000000 0.115625 0.420833 2.000000 0.000000 0.000000 0.000000 0.092188 0.420833 2.000000 0.132812 0.454167 2.000000 0.064062 0.475000 2.000000 0.143750 0.506250 2.000000 0.081250 0.539583 2.000000 0.145313 0.531250 2.000000 0.121875 0.543750 2.000000 0.131250 0.591667 2.000000 0.096875 0.606250 2.000000 0.143750 0.691667 1.000000 0.104688 0.708333 2.000000 0.150000 0.770833 1.000000 0.107813 0.783333 2.000000
0 0.088922 0.310479 0.116656 0.112917 0.093750 0.283333 2.000000 0.000000 0.000000 0.000000 0.089063 0.277083 2.000000 0.000000 0.000000 0.000000 0.075000 0.285417 2.000000 0.100000 0.308333 2.000000 0.053125 0.318750 2.000000 0.126562 0.339583 2.000000 0.039062 0.375000 1.000000 0.142187 0.310417 2.000000 0.000000 0.000000 0.000000 0.101562 0.400000 1.000000 0.065625 0.406250 1.000000 0.000000 0.000000 0.000000 0.000000 0.000000 0.000000 0.000000 0.000000 0.000000 0.000000 0.000000 0.000000
0 0.159273 0.169667 0.065734 0.159542 0.168750 0.133333 2.000000 0.171875 0.129167 2.000000 0.164062 0.131250 2.000000 0.000000 0.000000 0.000000 0.153125 0.135417 2.000000 0.182812 0.150000 2.000000 0.142187 0.170833 2.000000 0.000000 0.000000 0.000000 0.143750 0.204167 2.000000 0.000000 0.000000 0.000000 0.156250 0.183333 2.000000 0.181250 0.208333 1.000000 0.153125 0.210417 2.000000 0.173437 0.185417 2.000000 0.150000 0.214583 2.000000 0.204687 0.233333 1.000000 0.143750 0.266667 1.000000
0 0.410977 0.262542 0.128047 0.114292 0.401562 0.233333 2.000000 0.000000 0.000000 0.000000 0.395313 0.229167 2.000000 0.000000 0.000000 0.000000 0.382812 0.239583 2.000000 0.401562 0.260417 2.000000 0.362500 0.266667 2.000000 0.425000 0.285417 2.000000 0.354687 0.302083 2.000000 0.450000 0.306250 2.000000 0.390625 0.308333 2.000000 0.401562 0.343750 1.000000 0.368750 0.352083 1.000000 0.000000 0.000000 0.000000 0.000000 0.000000 0.000000 0.000000 0.000000 0.000000 0.000000 0.000000 0.000000
0 0.691031 0.217312 0.070375 0.101292 0.000000 0.000000 0.000000 0.671875 0.200000 2.000000 0.667188 0.200000 2.000000 0.000000 0.000000 0.000000 0.000000 0.000000 0.000000 0.710938 0.210417 2.000000 0.000000 0.000000 0.000000 0.717187 0.258333 2.000000 0.000000 0.000000 0.000000 0.000000 0.000000 0.000000 0.000000 0.000000 0.000000 0.000000 0.000000 0.000000 0.000000 0.000000 0.000000 0.000000 0.000000 0.000000 0.000000 0.000000 0.000000 0.000000 0.000000 0.000000 0.000000 0.000000 0.000000
0 0.761852 0.215740 0.072766 0.092646 0.760938 0.204167 2.000000 0.765625 0.197917 2.000000 0.756250 0.200000 2.000000 0.770312 0.200000 2.000000 0.750000 0.200000 2.000000 0.775000 0.212500 2.000000 0.735938 0.212500 2.000000 0.790625 0.247917 2.000000 0.746875 0.254167 2.000000 0.765625 0.252083 2.000000 0.000000 0.000000 0.000000 0.000000 0.000000 0.000000 0.000000 0.000000 0.000000 0.000000 0.000000 0.000000 0.000000 0.000000 0.000000 0.000000 0.000000 0.000000 0.000000 0.000000 0.000000
0 0.900609 0.328885 0.104531 0.239438 0.915625 0.256250 2.000000 0.000000 0.000000 0.000000 0.000000 0.000000 0.000000 0.000000 0.000000 0.000000 0.898438 0.239583 2.000000 0.923438 0.258333 2.000000 0.876563 0.260417 2.000000 0.917188 0.287500 2.000000 0.000000 0.000000 0.000000 0.901563 0.318750 2.000000 0.000000 0.000000 0.000000 0.893750 0.316667 2.000000 0.873437 0.320833 1.000000 0.909375 0.366667 2.000000 0.000000 0.000000 0.000000 0.917188 0.431250 2.000000 0.000000 0.000000 0.000000
0 0.815055 0.199646 0.070609 0.117083 0.815625 0.172917 2.000000 0.820312 0.166667 2.000000 0.810937 0.166667 2.000000 0.826562 0.170833 2.000000 0.804688 0.168750 2.000000 0.829688 0.187500 2.000000 0.798438 0.193750 2.000000 0.839063 0.233333 2.000000 0.798438 0.245833 2.000000 0.817187 0.235417 2.000000 0.829688 0.247917 2.000000 0.000000 0.000000 0.000000 0.000000 0.000000 0.000000 0.000000 0.000000 0.000000 0.000000 0.000000 0.000000 0.000000 0.000000 0.000000 0.000000 0.000000 0.000000
0 0.489516 0.588365 0.213906 0.376062 0.467187 0.443750 2.000000 0.468750 0.435417 2.000000 0.460938 0.437500 2.000000 0.000000 0.000000 0.000000 0.443750 0.443750 2.000000 0.484375 0.475000 2.000000 0.431250 0.487500 2.000000 0.457813 0.527083 2.000000 0.429688 0.550000 2.000000 0.407813 0.529167 2.000000 0.395313 0.518750 2.000000 0.503125 0.597917 2.000000 0.457813 0.606250 2.000000 0.537500 0.656250 2.000000 0.429688 0.662500 2.000000 0.573438 0.733333 2.000000 0.417187 0.750000 2.000000
0 0.541219 0.052698 0.053281 0.105396 0.000000 0.000000 0.000000 0.000000 0.000000 0.000000 0.000000 0.000000 0.000000 0.000000 0.000000 0.000000 0.000000 0.000000 0.000000 0.534375 0.014583 2.000000 0.556250 0.045833 2.000000 0.000000 0.000000 0.000000 0.560937 0.064583 2.000000 0.000000 0.000000 0.000000 0.000000 0.000000 0.000000 0.518750 0.087500 2.000000 0.537500 0.095833 2.000000 0.000000 0.000000 0.000000 0.000000 0.000000 0.000000 0.000000 0.000000 0.000000 0.000000 0.000000 0.000000
