0 0.160344 0.676407 0.320688 0.458444 0.000000 0.000000 0.000000 0.000000 0.000000 0.000000 0.057813 0.519451 2.000000 0.000000 0.000000 0.000000 0.021875 0.528604 2.000000 0.085938 0.583524 2.000000 0.000000 0.000000 0.000000 0.143750 0.615561 2.000000 0.000000 0.000000 0.000000 0.235937 0.640732 2.000000 0.054688 0.656751 2.000000 0.000000 0.000000 0.000000 0.000000 0.000000 0.000000 0.000000 0.000000 0.000000 0.078125 0.739130 2.000000 0.000000 0.000000 0.000000 0.000000 0.000000 0.000000
0 0.706547 0.540458 0.106406 0.203799 0.700000 0.487414 2.000000 0.700000 0.478261 2.000000 0.692187 0.480549 2.000000 0.000000 0.000000 0.000000 0.681250 0.487414 2.000000 0.720313 0.535469 2.000000 0.668750 0.542334 2.000000 0.742188 0.606407 2.000000 0.690625 0.620137 2.000000 0.698438 0.594966 2.000000 0.726562 0.592677 2.000000 0.707812 0.652174 1.000000 0.681250 0.661327 1.000000 0.000000 0.000000 0.000000 0.000000 0.000000 0.000000 0.000000 0.000000 0.000000 0.000000 0.000000 0.000000
0 0.905305 0.550561 0.085922 0.148307 0.912500 0.510297 2.000000 0.918750 0.508009 1.000000 0.907813 0.505721 2.000000 0.921875 0.512586 1.000000 0.898438 0.508009 2.000000 0.928125 0.540046 2.000000 0.879687 0.533181 2.000000 0.937500 0.599542 1.000000 0.862500 0.599542 1.000000 0.915625 0.633867 1.000000 0.896875 0.631579 1.000000 0.918750 0.640732 1.000000 0.879687 0.643021 1.000000 0.000000 0.000000 0.000000 0.000000 0.000000 0.000000 0.000000 0.000000 0.000000 0.000000 0.000000 0.000000
0 0.252539 0.244611 0.053266 0.139977 0.260937 0.212815 2.000000 0.262500 0.205950 2.000000 0.254688 0.208238 2.000000 0.000000 0.000000 0.000000 0.235937 0.219680 2.000000 0.250000 0.254005 2.000000 0.231250 0.254005 2.000000 0.000000 0.000000 0.000000 0.237500 0.308924 2.000000 0.000000 0.000000 0.000000 0.259375 0.270023 2.000000 0.245312 0.331808 1.000000 0.235937 0.338673 1.000000 0.000000 0.000000 0.000000 0.000000 0.000000 0.000000 0.000000 0.000000 0.000000 0.000000 0.000000 0.000000
0 0.725992 0.238833 0.085609 0.121465 0.712500 0.219680 2.000000 0.715625 0.212815 2.000000 0.706250 0.215103 2.000000 0.000000 0.000000 0.000000 0.693750 0.221968 2.000000 0.725000 0.247140 2.000000 0.692187 0.256293 2.000000 0.756250 0.283753 2.000000 0.714063 0.302059 1.000000 0.000000 0.000000 0.000000 0.000000 0.000000 0.000000 0.740625 0.315789 1.000000 0.712500 0.327231 1.000000 0.000000 0.000000 0.000000 0.000000 0.000000 0.000000 0.000000 0.000000 0.000000 0.000000 0.000000 0.000000
0 0.582289 0.517231 0.451797 0.748192 0.000000 0.000000 0.000000 0.000000 0.000000 0.000000 0.000000 0.000000 0.000000 0.000000 0.000000 0.000000 0.576562 0.212815 2.000000 0.495312 0.304348 2.000000 0.600000 0.276888 2.000000 0.467187 0.384439 2.000000 0.551562 0.240275 2.000000 0.481250 0.304348 2.000000 0.501563 0.221968 2.000000 0.529687 0.505721 2.000000 0.557813 0.519451 2.000000 0.645312 0.681922 2.000000 0.528125 0.729977 2.000000 0.723437 0.835240 2.000000 0.390625 0.789474 2.000000
0 0.769281 0.516259 0.095750 0.126522 0.759375 0.494279 2.000000 0.764062 0.485126 2.000000 0.754687 0.485126 2.000000 0.000000 0.000000 0.000000 0.739062 0.489703 2.000000 0.771875 0.510297 2.000000 0.728125 0.510297 2.000000 0.810937 0.521739 2.000000 0.726562 0.535469 1.000000 0.800000 0.535469 2.000000 0.767188 0.549199 2.000000 0.000000 0.000000 0.000000 0.000000 0.000000 0.000000 0.000000 0.000000 0.000000 0.000000 0.000000 0.000000 0.000000 0.000000 0.000000 0.000000 0.000000 0.000000
0 0.962734 0.534382 0.074531 0.174714 0.968750 0.485126 2.000000 0.975000 0.478261 2.000000 0.962500 0.478261 2.000000 0.000000 0.000000 0.000000 0.951562 0.487414 2.000000 0.989062 0.524027 1.000000 0.939063 0.528604 2.000000 0.000000 0.000000 0.000000 0.968750 0.594966 1.000000 0.982812 0.574371 1.000000 0.000000 0.000000 0.000000 0.993750 0.622426 1.000000 0.967187 0.624714 1.000000 0.000000 0.000000 0.000000 0.000000 0.000000 0.000000 0.000000 0.000000 0.000000 0.000000 0.000000 0.000000
0 0.317398 0.257197 0.076016 0.101945 0.331250 0.240275 2.000000 0.334375 0.235698 2.000000 0.326562 0.235698 2.000000 0.000000 0.000000 0.000000 0.312500 0.240275 2.000000 0.342187 0.283753 2.000000 0.295312 0.283753 2.000000 0.000000 0.000000 0.000000 0.000000 0.000000 0.000000 0.000000 0.000000 0.000000 0.000000 0.000000 0.000000 0.000000 0.000000 0.000000 0.000000 0.000000 0.000000 0.000000 0.000000 0.000000 0.000000 0.000000 0.000000 0.000000 0.000000 0.000000 0.000000 0.000000 0.000000
0 0.160930 0.210938 0.062234 0.127597 0.160938 0.176201 2.000000 0.164062 0.169336 2.000000 0.156250 0.169336 2.000000 0.000000 0.000000 0.000000 0.143750 0.176201 2.000000 0.179688 0.208238 1.000000 0.129688 0.212815 1.000000 0.000000 0.000000 0.000000 0.000000 0.000000 0.000000 0.000000 0.000000 0.000000 0.000000 0.000000 0.000000 0.000000 0.000000 0.000000 0.000000 0.000000 0.000000 0.000000 0.000000 0.000000 0.000000 0.000000 0.000000 0.000000 0.000000 0.000000 0.000000 0.000000 0.000000
