0 0.877461 0.777518 0.107453 0.422471 0.845313 0.640000 2.000000 0.856250 0.625882 2.000000 0.842187 0.621176 2.000000 0.884375 0.628235 2.000000 0.000000 0.000000 0.000000 0.901563 0.698824 2.000000 0.831250 0.689412 2.000000 0.912500 0.778824 2.000000 0.832812 0.774118 2.000000 0.881250 0.807059 2.000000 0.000000 0.000000 0.000000 0.889062 0.844706 2.000000 0.837500 0.837647 2.000000 0.898438 0.960000 2.000000 0.000000 0.000000 0.000000 0.000000 0.000000 0.000000 0.000000 0.000000 0.000000
0 0.716055 0.562859 0.163422 0.324400 0.700000 0.487059 2.000000 0.709375 0.475294 2.000000 0.693750 0.470588 2.000000 0.728125 0.472941 2.000000 0.000000 0.000000 0.000000 0.751563 0.529412 2.000000 0.667188 0.524706 2.000000 0.781250 0.614118 2.000000 0.657813 0.611765 2.000000 0.821875 0.694118 1.000000 0.651563 0.691765 2.000000 0.737500 0.727059 1.000000 0.678125 0.722353 1.000000 0.000000 0.000000 0.000000 0.000000 0.000000 0.000000 0.000000 0.000000 0.000000 0.000000 0.000000 0.000000
0 0.403664 0.551682 0.135797 0.321341 0.415625 0.484706 2.000000 0.421875 0.465882 2.000000 0.406250 0.470588 2.000000 0.000000 0.000000 0.000000 0.389062 0.463529 2.000000 0.445312 0.520000 2.000000 0.357812 0.520000 2.000000 0.462500 0.623529 2.000000 0.345313 0.611765 1.000000 0.000000 0.000000 0.000000 0.000000 0.000000 0.000000 0.432812 0.680000 2.000000 0.370312 0.677647 2.000000 0.000000 0.000000 0.000000 0.000000 0.000000 0.000000 0.000000 0.000000 0.000000 0.000000 0.000000 0.000000
0 0.280711 0.547259 0.122984 0.316212 0.298438 0.472941 2.000000 0.303125 0.456471 2.000000 0.287500 0.463529 2.000000 0.000000 0.000000 0.000000 0.262500 0.463529 2.000000 0.315625 0.498824 2.000000 0.250000 0.510588 2.000000 0.000000 0.000000 0.000000 0.235937 0.625882 2.000000 0.000000 0.000000 0.000000 0.254688 0.734118 1.000000 0.317188 0.682353 1.000000 0.279687 0.687059 1.000000 0.000000 0.000000 0.000000 0.000000 0.000000 0.000000 0.000000 0.000000 0.000000 0.000000 0.000000 0.000000
0 0.144750 0.524718 0.134313 0.339318 0.168750 0.444706 2.000000 0.175000 0.425882 2.000000 0.159375 0.430588 2.000000 0.000000 0.000000 0.000000 0.128125 0.421176 2.000000 0.189062 0.496471 2.000000 0.107813 0.510588 2.000000 0.206250 0.600000 2.000000 0.082812 0.677647 1.000000 0.000000 0.000000 0.000000 0.000000 0.000000 0.000000 0.189062 0.736471 1.000000 0.139063 0.750588 1.000000 0.000000 0.000000 0.000000 0.000000 0.000000 0.000000 0.000000 0.000000 0.000000 0.000000 0.000000 0.000000
0 0.117648 0.805388 0.093547 0.389224 0.154688 0.668235 2.000000 0.000000 0.000000 0.000000 0.143750 0.661176 2.000000 0.000000 0.000000 0.000000 0.115625 0.675294 2.000000 0.135937 0.729412 2.000000 0.089063 0.760000 2.000000 0.000000 0.000000 0.000000 0.092188 0.863529 2.000000 0.000000 0.000000 0.000000 0.118750 0.929412 2.000000 0.139063 0.882353 2.000000 0.101562 0.898824 2.000000 0.000000 0.000000 0.000000 0.000000 0.000000 0.000000 0.000000 0.000000 0.000000 0.000000 0.000000 0.000000
0 0.211523 0.744424 0.114391 0.264941 0.215625 0.680000 2.000000 0.218750 0.668235 2.000000 0.204687 0.672941 2.000000 0.000000 0.000000 0.000000 0.189062 0.680000 2.000000 0.223438 0.710588 2.000000 0.175000 0.734118 2.000000 0.251563 0.771765 2.000000 0.167187 0.821176 2.000000 0.237500 0.802353 2.000000 0.187500 0.844706 2.000000 0.231250 0.847059 1.000000 0.200000 0.856471 1.000000 0.000000 0.000000 0.000000 0.000000 0.000000 0.000000 0.000000 0.000000 0.000000 0.000000 0.000000 0.000000
0 0.276461 0.700494 0.067578 0.186447 0.268750 0.665882 2.000000 0.279687 0.658824 2.000000 0.259375 0.658824 2.000000 0.000000 0.000000 0.000000 0.250000 0.658824 2.000000 0.301563 0.724706 2.000000 0.232813 0.724706 1.000000 0.000000 0.000000 0.000000 0.000000 0.000000 0.000000 0.000000 0.000000 0.000000 0.000000 0.000000 0.000000 0.000000 0.000000 0.000000 0.000000 0.000000 0.000000 0.000000 0.000000 0.000000 0.000000 0.000000 0.000000 0.000000 0.000000 0.000000 0.000000 0.000000 0.000000
0 0.321313 0.700918 0.091812 0.188518 0.348438 0.672941 2.000000 0.351562 0.663529 2.000000 0.337500 0.668235 2.000000 0.000000 0.000000 0.000000 0.317188 0.684706 2.000000 0.359375 0.710588 2.000000 0.303125 0.741176 2.000000 0.000000 0.000000 0.000000 0.000000 0.000000 0.000000 0.000000 0.000000 0.000000 0.000000 0.000000 0.000000 0.000000 0.000000 0.000000 0.000000 0.000000 0.000000 0.000000 0.000000 0.000000 0.000000 0.000000 0.000000 0.000000 0.000000 0.000000 0.000000 0.000000 0.000000
0 0.599891 0.706741 0.071625 0.155035 0.592187 0.701176 2.000000 0.601562 0.689412 2.000000 0.582812 0.687059 2.000000 0.612500 0.698824 2.000000 0.573438 0.687059 2.000000 0.623437 0.750588 2.000000 0.557813 0.750588 1.000000 0.637500 0.788235 1.000000 0.000000 0.000000 0.000000 0.626563 0.781176 2.000000 0.000000 0.000000 0.000000 0.000000 0.000000 0.000000 0.000000 0.000000 0.000000 0.000000 0.000000 0.000000 0.000000 0.000000 0.000000 0.000000 0.000000 0.000000 0.000000 0.000000 0.000000
0 0.401648 0.702718 0.092641 0.207035 0.420312 0.668235 2.000000 0.423438 0.654118 2.000000 0.409375 0.661176 2.000000 0.000000 0.000000 0.000000 0.387500 0.663529 2.000000 0.432812 0.705882 2.000000 0.373437 0.701176 2.000000 0.000000 0.000000 0.000000 0.368750 0.783529 2.000000 0.000000 0.000000 0.000000 0.417187 0.783529 1.000000 0.000000 0.000000 0.000000 0.000000 0.000000 0.000000 0.000000 0.000000 0.000000 0.000000 0.000000 0.000000 0.000000 0.000000 0.000000 0.000000 0.000000 0.000000
0 0.568820 0.571718 0.154266 0.376612 0.570312 0.475294 2.000000 0.576562 0.458824 2.000000 0.556250 0.463529 2.000000 0.587500 0.435294 2.000000 0.542188 0.442353 2.000000 0.609375 0.489412 2.000000 0.520312 0.512941 2.000000 0.628125 0.576471 2.000000 0.526563 0.623529 2.000000 0.615625 0.654118 1.000000 0.553125 0.712941 2.000000 0.590625 0.703529 1.000000 0.537500 0.696471 2.000000 0.000000 0.000000 0.000000 0.000000 0.000000 0.000000 0.000000 0.000000 0.000000 0.000000 0.000000 0.000000
0 0.484734 0.705482 0.086188 0.108847 0.496875 0.712941 2.000000 0.500000 0.701176 2.000000 0.485938 0.708235 2.000000 0.000000 0.000000 0.000000 0.465625 0.720000 2.000000 0.514062 0.769412 1.000000 0.453125 0.771765 1.000000 0.000000 0.000000 0.000000 0.000000 0.000000 0.000000 0.000000 0.000000 0.000000 0.000000 0.000000 0.000000 0.000000 0.000000 0.000000 0.000000 0.000000 0.000000 0.000000 0.000000 0.000000 0.000000 0.000000 0.000000 0.000000 0.000000 0.000000 0.000000 0.000000 0.000000
