0 0.789721 0.421906 0.263237 0.555063 0.819196 0.206250 2.000000 0.816964 0.196875 2.000000 0.787946 0.196875 2.000000 0.000000 0.000000 0.000000 0.729911 0.209375 2.000000 0.763393 0.278125 2.000000 0.723214 0.285938 2.000000 0.863839 0.393750 2.000000 0.758929 0.428125 2.000000 0.883929 0.479687 1.000000 0.868304 0.485938 2.000000 0.787946 0.462500 2.000000 0.752232 0.485938 2.000000 0.785714 0.670312 1.000000 0.875000 0.664062 2.000000 0.000000 0.000000 0.000000 0.805804 0.810937 1.000000
0 0.294710 0.500703 0.495268 0.899969 0.162946 0.131250 2.000000 0.167411 0.114062 2.000000 0.000000 0.000000 0.000000 0.209821 0.129688 2.000000 0.000000 0.000000 0.000000 0.209821 0.221875 2.000000 0.368304 0.218750 2.000000 0.138393 0.362500 2.000000 0.390625 0.362500 2.000000 0.046875 0.479687 1.000000 0.377232 0.495312 2.000000 0.245536 0.475000 2.000000 0.328125 0.465625 2.000000 0.357143 0.684375 2.000000 0.241071 0.690625 2.000000 0.459821 0.879687 2.000000 0.147321 0.851562 1.000000
0 0.421272 0.527055 0.191429 0.722703 0.000000 0.000000 0.000000 0.000000 0.000000 0.000000 0.000000 0.000000 0.000000 0.000000 0.000000 0.000000 0.000000 0.000000 0.000000 0.348214 0.310937 1.000000 0.417411 0.289062 1.000000 0.000000 0.000000 0.000000 0.000000 0.000000 0.000000 0.000000 0.000000 0.000000 0.000000 0.000000 0.000000 0.368304 0.492188 1.000000 0.406250 0.476562 1.000000 0.415179 0.692187 1.000000 0.000000 0.000000 0.000000 0.477679 0.870313 1.000000 0.000000 0.000000 0.000000
0 0.414386 0.462188 0.254754 0.749437 0.404018 0.176563 2.000000 0.421875 0.164062 2.000000 0.381696 0.164062 2.000000 0.000000 0.000000 0.000000 0.337054 0.143750 2.000000 0.462054 0.220312 2.000000 0.323661 0.221875 1.000000 0.522321 0.318750 2.000000 0.000000 0.000000 0.000000 0.506696 0.382812 2.000000 0.000000 0.000000 0.000000 0.466518 0.418750 2.000000 0.359375 0.421875 1.000000 0.419643 0.604688 1.000000 0.334821 0.610938 1.000000 0.383929 0.762500 1.000000 0.316964 0.771875 2.000000
0 0.590078 0.401867 0.176987 0.335766 0.000000 0.000000 0.000000 0.535714 0.284375 2.000000 0.000000 0.000000 0.000000 0.560268 0.293750 2.000000 0.622768 0.292187 2.000000 0.513393 0.365625 1.000000 0.671875 0.348438 1.000000 0.000000 0.000000 0.000000 0.000000 0.000000 0.000000 0.000000 0.000000 0.000000 0.000000 0.000000 0.000000 0.533482 0.501563 2.000000 0.645089 0.496875 2.000000 0.000000 0.000000 0.000000 0.000000 0.000000 0.000000 0.000000 0.000000 0.000000 0.000000 0.000000 0.000000
0 0.893248 0.428570 0.178951 0.527484 0.924107 0.220312 2.000000 0.000000 0.000000 0.000000 0.917411 0.206250 2.000000 0.000000 0.000000 0.000000 0.888393 0.214062 2.000000 0.810268 0.278125 1.000000 0.877232 0.281250 2.000000 0.000000 0.000000 0.000000 0.890625 0.403125 2.000000 0.000000 0.000000 0.000000 0.924107 0.498437 2.000000 0.841518 0.465625 1.000000 0.904018 0.471875 2.000000 0.845982 0.612500 1.000000 0.897321 0.623437 2.000000 0.000000 0.000000 0.000000 0.868304 0.751563 1.000000
0 0.077042 0.624031 0.154085 0.723594 0.000000 0.000000 0.000000 0.000000 0.000000 0.000000 0.000000 0.000000 0.000000 0.000000 0.000000 0.000000 0.000000 0.000000 0.000000 0.000000 0.000000 0.000000 0.011161 0.304688 2.000000 0.000000 0.000000 0.000000 0.035714 0.437500 2.000000 0.000000 0.000000 0.000000 0.017857 0.535937 2.000000 0.000000 0.000000 0.000000 0.000000 0.000000 0.000000 0.000000 0.000000 0.000000 0.000000 0.000000 0.000000 0.000000 0.000000 0.000000 0.060268 0.860938 2.000000
0 0.147310 0.270883 0.140112 0.230391 0.000000 0.000000 0.000000 0.000000 0.000000 0.000000 0.000000 0.000000 0.000000 0.000000 0.000000 0.000000 0.000000 0.000000 0.000000 0.127232 0.234375 2.000000 0.183036 0.235937 1.000000 0.000000 0.000000 0.000000 0.207589 0.371875 1.000000 0.000000 0.000000 0.000000 0.000000 0.000000 0.000000 0.000000 0.000000 0.000000 0.000000 0.000000 0.000000 0.000000 0.000000 0.000000 0.000000 0.000000 0.000000 0.000000 0.000000 0.000000 0.000000 0.000000 0.000000
0 0.129498 0.453000 0.096674 0.133719 0.000000 0.000000 0.000000 0.000000 0.000000 0.000000 0.000000 0.000000 0.000000 0.000000 0.000000 0.000000 0.000000 0.000000 0.000000 0.000000 0.000000 0.000000 0.000000 0.000000 0.000000 0.000000 0.000000 0.000000 0.000000 0.000000 0.000000 0.000000 0.000000 0.000000 0.000000 0.000000 0.000000 0.102679 0.423438 1.000000 0.165179 0.425000 2.000000 0.000000 0.000000 0.000000 0.000000 0.000000 0.000000 0.000000 0.000000 0.000000 0.000000 0.000000 0.000000
0 0.682455 0.266328 0.091339 0.112563 0.000000 0.000000 0.000000 0.000000 0.000000 0.000000 0.000000 0.000000 0.000000 0.649554 0.259375 2.000000 0.723214 0.257812 1.000000 0.000000 0.000000 0.000000 0.000000 0.000000 0.000000 0.000000 0.000000 0.000000 0.000000 0.000000 0.000000 0.000000 0.000000 0.000000 0.000000 0.000000 0.000000 0.000000 0.000000 0.000000 0.000000 0.000000 0.000000 0.000000 0.000000 0.000000 0.000000 0.000000 0.000000 0.000000 0.000000 0.000000 0.000000 0.000000 0.000000
