0 0.558076 0.533711 0.297022 0.689891 0.576087 0.248438 2.000000 0.586957 0.235937 2.000000 0.552174 0.240625 2.000000 0.000000 0.000000 0.000000 0.521739 0.248438 2.000000 0.608696 0.314063 2.000000 0.500000 0.310937 2.000000 0.617391 0.407813 2.000000 0.441304 0.417187 2.000000 0.636957 0.442188 2.000000 0.445652 0.496875 2.000000 0.573913 0.500000 2.000000 0.489130 0.500000 2.000000 0.517391 0.659375 2.000000 0.586957 0.646875 2.000000 0.484783 0.804688 2.000000 0.615217 0.823438 2.000000
0 0.846196 0.293336 0.162826 0.108547 0.845652 0.281250 2.000000 0.854348 0.275000 2.000000 0.830435 0.273438 2.000000 0.871739 0.273438 2.000000 0.817391 0.273438 2.000000 0.906522 0.309375 2.000000 0.793478 0.300000 2.000000 0.000000 0.000000 0.000000 0.769565 0.348438 1.000000 0.860870 0.318750 2.000000 0.791304 0.303125 2.000000 0.000000 0.000000 0.000000 0.000000 0.000000 0.000000 0.000000 0.000000 0.000000 0.000000 0.000000 0.000000 0.000000 0.000000 0.000000 0.000000 0.000000 0.000000
0 0.674891 0.273750 0.131130 0.087688 0.000000 0.000000 0.000000 0.000000 0.000000 0.000000 0.000000 0.000000 0.000000 0.000000 0.000000 0.000000 0.000000 0.000000 0.000000 0.713043 0.295312 2.000000 0.621739 0.292187 2.000000 0.752174 0.328125 1.000000 0.595652 0.334375 1.000000 0.695652 0.295312 2.000000 0.630435 0.290625 2.000000 0.000000 0.000000 0.000000 0.000000 0.000000 0.000000 0.000000 0.000000 0.000000 0.000000 0.000000 0.000000 0.000000 0.000000 0.000000 0.000000 0.000000 0.000000
0 0.764500 0.159672 0.142652 0.144125 0.795652 0.126562 2.000000 0.797826 0.118750 2.000000 0.782609 0.120313 2.000000 0.000000 0.000000 0.000000 0.750000 0.126562 2.000000 0.810870 0.176563 2.000000 0.715217 0.171875 2.000000 0.819565 0.235937 1.000000 0.710870 0.234375 1.000000 0.000000 0.000000 0.000000 0.000000 0.000000 0.000000 0.789130 0.281250 1.000000 0.721739 0.281250 1.000000 0.000000 0.000000 0.000000 0.000000 0.000000 0.000000 0.000000 0.000000 0.000000 0.000000 0.000000 0.000000
0 0.597337 0.171156 0.173587 0.135156 0.600000 0.134375 2.000000 0.602174 0.126562 2.000000 0.584783 0.125000 2.000000 0.000000 0.000000 0.000000 0.556522 0.132812 2.000000 0.634783 0.181250 2.000000 0.530435 0.179688 2.000000 0.654348 0.237500 1.000000 0.510870 0.240625 1.000000 0.000000 0.000000 0.000000 0.000000 0.000000 0.000000 0.000000 0.000000 0.000000 0.000000 0.000000 0.000000 0.000000 0.000000 0.000000 0.000000 0.000000 0.000000 0.000000 0.000000 0.000000 0.000000 0.000000 0.000000
0 0.663848 0.148133 0.104913 0.162109 0.643478 0.095312 2.000000 0.654348 0.090625 2.000000 0.632609 0.089063 2.000000 0.667391 0.095312 2.000000 0.617391 0.096875 2.000000 0.682609 0.129688 2.000000 0.597826 0.129688 1.000000 0.689130 0.190625 2.000000 0.000000 0.000000 0.000000 0.663043 0.214062 1.000000 0.000000 0.000000 0.000000 0.000000 0.000000 0.000000 0.000000 0.000000 0.000000 0.000000 0.000000 0.000000 0.000000 0.000000 0.000000 0.000000 0.000000 0.000000 0.000000 0.000000 0.000000
0 0.432174 0.177227 0.138739 0.140609 0.465217 0.142187 2.000000 0.463043 0.135937 2.000000 0.450000 0.134375 2.000000 0.000000 0.000000 0.000000 0.419565 0.142187 2.000000 0.489130 0.175000 2.000000 0.386957 0.176563 2.000000 0.497826 0.217188 1.000000 0.378261 0.228125 1.000000 0.000000 0.000000 0.000000 0.000000 0.000000 0.000000 0.000000 0.000000 0.000000 0.000000 0.000000 0.000000 0.000000 0.000000 0.000000 0.000000 0.000000 0.000000 0.000000 0.000000 0.000000 0.000000 0.000000 0.000000
0 0.289902 0.286266 0.115500 0.108750 0.271739 0.273438 1.000000 0.276087 0.264062 2.000000 0.256522 0.265625 1.000000 0.291304 0.260937 2.000000 0.000000 0.000000 0.000000 0.313043 0.296875 2.000000 0.226087 0.295312 1.000000 0.330435 0.335938 2.000000 0.000000 0.000000 0.000000 0.254348 0.298438 2.000000 0.000000 0.000000 0.000000 0.000000 0.000000 0.000000 0.000000 0.000000 0.000000 0.000000 0.000000 0.000000 0.000000 0.000000 0.000000 0.000000 0.000000 0.000000 0.000000 0.000000 0.000000
0 0.272739 0.168742 0.131739 0.120672 0.297826 0.140625 2.000000 0.304348 0.135937 2.000000 0.289130 0.135937 2.000000 0.000000 0.000000 0.000000 0.258696 0.137500 2.000000 0.323913 0.179688 2.000000 0.234783 0.181250 2.000000 0.304348 0.218750 2.000000 0.221739 0.232813 1.000000 0.302174 0.175000 2.000000 0.000000 0.000000 0.000000 0.000000 0.000000 0.000000 0.000000 0.000000 0.000000 0.308696 0.210938 2.000000 0.000000 0.000000 0.000000 0.000000 0.000000 0.000000 0.000000 0.000000 0.000000
0 0.115250 0.159672 0.167804 0.131406 0.134783 0.129688 2.000000 0.141304 0.123438 2.000000 0.117391 0.123438 2.000000 0.000000 0.000000 0.000000 0.100000 0.129688 2.000000 0.182609 0.170313 2.000000 0.067391 0.171875 2.000000 0.178261 0.220312 2.000000 0.043478 0.220312 2.000000 0.000000 0.000000 0.000000 0.000000 0.000000 0.000000 0.000000 0.000000 0.000000 0.000000 0.000000 0.000000 0.000000 0.000000 0.000000 0.000000 0.000000 0.000000 0.000000 0.000000 0.000000 0.000000 0.000000 0.000000
0 0.186554 0.137664 0.118761 0.169953 0.184783 0.087500 2.000000 0.191304 0.079687 2.000000 0.173913 0.081250 2.000000 0.200000 0.081250 1.000000 0.147826 0.089063 2.000000 0.215217 0.123438 2.000000 0.136957 0.121875 1.000000 0.239130 0.176563 1.000000 0.000000 0.000000 0.000000 0.000000 0.000000 0.000000 0.000000 0.000000 0.000000 0.208696 0.217188 2.000000 0.141304 0.215625 1.000000 0.000000 0.000000 0.000000 0.000000 0.000000 0.000000 0.000000 0.000000 0.000000 0.000000 0.000000 0.000000
0 0.917380 0.163766 0.161935 0.139344 0.934783 0.137500 2.000000 0.939130 0.129688 2.000000 0.923913 0.129688 2.000000 0.000000 0.000000 0.000000 0.893478 0.132812 2.000000 0.969565 0.164062 2.000000 0.858696 0.168750 2.000000 0.980435 0.210938 2.000000 0.850000 0.218750 2.000000 0.902174 0.214062 2.000000 0.919565 0.239063 1.000000 0.960870 0.265625 1.000000 0.882609 0.267188 1.000000 0.000000 0.000000 0.000000 0.000000 0.000000 0.000000 0.000000 0.000000 0.000000 0.000000 0.000000 0.000000
0 0.313500 0.059750 0.167478 0.118906 0.330435 0.006250 2.000000 0.000000 0.000000 0.000000 0.317391 0.001563 2.000000 0.000000 0.000000 0.000000 0.289130 0.009375 2.000000 0.369565 0.042188 2.000000 0.256522 0.042188 2.000000 0.371739 0.104688 1.000000 0.245652 0.106250 2.000000 0.000000 0.000000 0.000000 0.000000 0.000000 0.000000 0.343478 0.114062 1.000000 0.276087 0.115625 1.000000 0.000000 0.000000 0.000000 0.000000 0.000000 0.000000 0.000000 0.000000 0.000000 0.000000 0.000000 0.000000
