0 0.335234 0.081906 0.088219 0.069094 0.339062 0.070312 2.000000 0.343750 0.067187 2.000000 0.334375 0.067187 2.000000 0.350000 0.071875 2.000000 0.325000 0.068750 2.000000 0.362500 0.104688 2.000000 0.306250 0.104688 2.000000 0.000000 0.000000 0.000000 0.000000 0.000000 0.000000 0.000000 0.000000 0.000000 0.000000 0.000000 0.000000 0.000000 0.000000 0.000000 0.000000 0.000000 0.000000 0.000000 0.000000 0.000000 0.000000 0.000000 0.000000 0.000000 0.000000 0.000000 0.000000 0.000000 0.000000
0 0.576172 0.035687 0.074156 0.071375 0.564063 0.028125 2.000000 0.570312 0.023438 2.000000 0.559375 0.023438 2.000000 0.581250 0.020313 2.000000 0.000000 0.000000 0.000000 0.593750 0.053125 2.000000 0.550000 0.048438 2.000000 0.604688 0.089063 1.000000 0.534375 0.076563 1.000000 0.000000 0.000000 0.000000 0.000000 0.000000 0.000000 0.000000 0.000000 0.000000 0.000000 0.000000 0.000000 0.000000 0.000000 0.000000 0.000000 0.000000 0.000000 0.000000 0.000000 0.000000 0.000000 0.000000 0.000000
0 0.813484 0.624773 0.251688 0.561922 0.834375 0.464062 2.000000 0.845313 0.468750 2.000000 0.843750 0.460938 2.000000 0.859375 0.492188 2.000000 0.000000 0.000000 0.000000 0.862500 0.540625 2.000000 0.810937 0.468750 2.000000 0.846875 0.615625 2.000000 0.760938 0.423438 2.000000 0.792188 0.626563 2.000000 0.715625 0.370312 2.000000 0.834375 0.635938 2.000000 0.807813 0.601562 2.000000 0.820312 0.735938 2.000000 0.825000 0.731250 2.000000 0.798438 0.859375 2.000000 0.832812 0.818750 2.000000
0 0.939766 0.087469 0.092281 0.142344 0.935937 0.040625 2.000000 0.943750 0.034375 2.000000 0.931250 0.034375 2.000000 0.954688 0.039062 2.000000 0.000000 0.000000 0.000000 0.973437 0.067187 2.000000 0.907813 0.060937 2.000000 0.964063 0.100000 2.000000 0.901563 0.089063 2.000000 0.946875 0.064062 2.000000 0.943750 0.093750 2.000000 0.953125 0.134375 2.000000 0.909375 0.131250 1.000000 0.950000 0.151562 2.000000 0.000000 0.000000 0.000000 0.000000 0.000000 0.000000 0.000000 0.000000 0.000000
0 0.027828 0.062656 0.052875 0.083719 0.009375 0.050000 2.000000 0.017188 0.043750 2.000000 0.003125 0.042188 2.000000 0.025000 0.048438 2.000000 0.000000 0.000000 0.000000 0.034375 0.084375 2.000000 0.000000 0.000000 0.000000 0.040625 0.109375 1.000000 0.000000 0.000000 0.000000 0.021875 0.087500 2.000000 0.000000 0.000000 0.000000 0.000000 0.000000 0.000000 0.000000 0.000000 0.000000 0.000000 0.000000 0.000000 0.000000 0.000000 0.000000 0.000000 0.000000 0.000000 0.000000 0.000000 0.000000
0 0.106438 0.058766 0.092937 0.092937 0.132812 0.060937 2.000000 0.000000 0.000000 0.000000 0.129688 0.056250 2.000000 0.000000 0.000000 0.000000 0.115625 0.048438 2.000000 0.114062 0.071875 2.000000 0.089063 0.076563 2.000000 0.135937 0.115625 1.000000 0.107813 0.125000 1.000000 0.000000 0.000000 0.000000 0.000000 0.000000 0.000000 0.000000 0.000000 0.000000 0.000000 0.000000 0.000000 0.000000 0.000000 0.000000 0.000000 0.000000 0.000000 0.000000 0.000000 0.000000 0.000000 0.000000 0.000000
0 0.450070 0.089906 0.080953 0.073406 0.454688 0.081250 2.000000 0.459375 0.076563 2.000000 0.448437 0.076563 2.000000 0.465625 0.079687 2.000000 0.437500 0.078125 2.000000 0.476562 0.104688 2.000000 0.420312 0.104688 2.000000 0.484375 0.131250 1.000000 0.409375 0.126562 1.000000 0.000000 0.000000 0.000000 0.425000 0.125000 1.000000 0.000000 0.000000 0.000000 0.000000 0.000000 0.000000 0.000000 0.000000 0.000000 0.000000 0.000000 0.000000 0.000000 0.000000 0.000000 0.000000 0.000000 0.000000
0 0.540000 0.092359 0.090000 0.073813 0.546875 0.090625 2.000000 0.551562 0.087500 2.000000 0.542188 0.087500 2.000000 0.000000 0.000000 0.000000 0.526563 0.087500 2.000000 0.564063 0.115625 2.000000 0.507812 0.118750 2.000000 0.000000 0.000000 0.000000 0.000000 0.000000 0.000000 0.000000 0.000000 0.000000 0.000000 0.000000 0.000000 0.000000 0.000000 0.000000 0.000000 0.000000 0.000000 0.000000 0.000000 0.000000 0.000000 0.000000 0.000000 0.000000 0.000000 0.000000 0.000000 0.000000 0.000000
0 0.291508 0.057273 0.111328 0.114547 0.000000 0.000000 0.000000 0.000000 0.000000 0.000000 0.000000 0.000000 0.000000 0.000000 0.000000 0.000000 0.290625 0.000000 2.000000 0.325000 0.026562 2.000000 0.279687 0.023438 2.000000 0.000000 0.000000 0.000000 0.264062 0.065625 2.000000 0.000000 0.000000 0.000000 0.307812 0.087500 2.000000 0.318750 0.089063 2.000000 0.281250 0.089063 2.000000 0.000000 0.000000 0.000000 0.000000 0.000000 0.000000 0.000000 0.000000 0.000000 0.000000 0.000000 0.000000
0 0.827992 0.082570 0.085672 0.135609 0.825000 0.035937 2.000000 0.832812 0.034375 2.000000 0.821875 0.032813 2.000000 0.845313 0.040625 2.000000 0.000000 0.000000 0.000000 0.856250 0.071875 2.000000 0.804688 0.065625 2.000000 0.862500 0.115625 1.000000 0.789062 0.103125 1.000000 0.835938 0.123438 2.000000 0.801562 0.073438 2.000000 0.840625 0.125000 2.000000 0.804688 0.125000 1.000000 0.840625 0.145313 2.000000 0.000000 0.000000 0.000000 0.000000 0.000000 0.000000 0.000000 0.000000 0.000000
0 0.630164 0.109570 0.081297 0.058172 0.634375 0.100000 2.000000 0.640625 0.095312 2.000000 0.628125 0.095312 2.000000 0.646875 0.098437 2.000000 0.615625 0.098437 2.000000 0.656250 0.121875 2.000000 0.598437 0.118750 2.000000 0.000000 0.000000 0.000000 0.606250 0.151562 1.000000 0.000000 0.000000 0.000000 0.632812 0.129688 2.000000 0.000000 0.000000 0.000000 0.000000 0.000000 0.000000 0.000000 0.000000 0.000000 0.000000 0.000000 0.000000 0.000000 0.000000 0.000000 0.000000 0.000000 0.000000
0 0.723047 0.053617 0.115125 0.094922 0.729688 0.037500 2.000000 0.735938 0.035937 2.000000 0.729688 0.032813 2.000000 0.751563 0.039062 2.000000 0.000000 0.000000 0.000000 0.767188 0.065625 2.000000 0.715625 0.054688 2.000000 0.735938 0.106250 1.000000 0.684375 0.081250 2.000000 0.695312 0.106250 1.000000 0.668750 0.085938 1.000000 0.000000 0.000000 0.000000 0.000000 0.000000 0.000000 0.000000 0.000000 0.000000 0.000000 0.000000 0.000000 0.000000 0.000000 0.000000 0.000000 0.000000 0.000000
