0 0.879950 0.313907 0.113980 0.319707 0.854000 0.197333 2.000000 0.860000 0.189333 2.000000 0.850000 0.189333 2.000000 0.878000 0.189333 2.000000 0.000000 0.000000 0.000000 0.886000 0.232000 2.000000 0.846000 0.232000 2.000000 0.904000 0.277333 2.000000 0.840000 0.277333 2.000000 0.920000 0.309333 2.000000 0.864000 0.309333 2.000000 0.878000 0.336000 2.000000 0.848000 0.333333 2.000000 0.888000 0.392000 2.000000 0.838000 0.389333 2.000000 0.904000 0.448000 2.000000 0.844000 0.442667 2.000000
0 0.717980 0.297387 0.188760 0.348320 0.734000 0.184000 2.000000 0.740000 0.176000 2.000000 0.726000 0.176000 2.000000 0.750000 0.173333 2.000000 0.718000 0.178667 2.000000 0.772000 0.216000 2.000000 0.702000 0.221333 2.000000 0.800000 0.277333 2.000000 0.682000 0.280000 2.000000 0.814000 0.320000 1.000000 0.650000 0.320000 2.000000 0.764000 0.360000 2.000000 0.716000 0.362667 2.000000 0.766000 0.440000 2.000000 0.706000 0.442667 2.000000 0.770000 0.525333 1.000000 0.700000 0.528000 1.000000
0 0.485490 0.261893 0.051300 0.276320 0.482000 0.154667 2.000000 0.488000 0.152000 2.000000 0.480000 0.152000 2.000000 0.496000 0.152000 2.000000 0.476000 0.154667 2.000000 0.496000 0.186667 2.000000 0.472000 0.194667 2.000000 0.502000 0.229333 2.000000 0.468000 0.240000 2.000000 0.496000 0.264000 2.000000 0.462000 0.269333 2.000000 0.486000 0.272000 2.000000 0.472000 0.272000 2.000000 0.484000 0.330667 2.000000 0.476000 0.328000 2.000000 0.486000 0.378667 2.000000 0.498000 0.365333 2.000000
0 0.298410 0.303907 0.142540 0.336347 0.258000 0.176000 2.000000 0.264000 0.168000 2.000000 0.254000 0.168000 2.000000 0.280000 0.168000 2.000000 0.000000 0.000000 0.000000 0.298000 0.192000 2.000000 0.252000 0.208000 2.000000 0.330000 0.221333 2.000000 0.272000 0.269333 2.000000 0.374000 0.221333 1.000000 0.316000 0.277333 2.000000 0.290000 0.309333 2.000000 0.258000 0.309333 2.000000 0.314000 0.389333 2.000000 0.246000 0.378667 2.000000 0.318000 0.450667 2.000000 0.234000 0.480000 1.000000
0 0.094170 0.302027 0.100020 0.383627 0.094000 0.157333 2.000000 0.096000 0.146667 2.000000 0.082000 0.157333 2.000000 0.000000 0.000000 0.000000 0.072000 0.173333 2.000000 0.110000 0.208000 2.000000 0.086000 0.205333 2.000000 0.122000 0.216000 2.000000 0.120000 0.173333 2.000000 0.116000 0.165333 2.000000 0.122000 0.128000 2.000000 0.102000 0.328000 2.000000 0.078000 0.325333 2.000000 0.112000 0.386667 2.000000 0.072000 0.389333 2.000000 0.128000 0.450667 2.000000 0.056000 0.456000 2.000000
0 0.085120 0.770787 0.126400 0.435973 0.086000 0.600000 2.000000 0.088000 0.592000 2.000000 0.080000 0.592000 2.000000 0.000000 0.000000 0.000000 0.058000 0.597333 2.000000 0.100000 0.645333 2.000000 0.042000 0.656000 2.000000 0.104000 0.714667 2.000000 0.030000 0.722667 2.000000 0.112000 0.701333 2.000000 0.062000 0.757333 2.000000 0.098000 0.776000 2.000000 0.048000 0.781333 2.000000 0.112000 0.874667 2.000000 0.042000 0.888000 2.000000 0.116000 0.962667 2.000000 0.040000 0.970667 2.000000
0 0.914320 0.794387 0.139880 0.370800 0.922000 0.690667 2.000000 0.936000 0.674667 2.000000 0.908000 0.677333 2.000000 0.954000 0.693333 2.000000 0.890000 0.690667 2.000000 0.974000 0.773333 2.000000 0.870000 0.770667 2.000000 0.962000 0.866667 2.000000 0.880000 0.858667 2.000000 0.938000 0.805333 2.000000 0.896000 0.802667 2.000000 0.948000 0.984000 1.000000 0.878000 0.981333 1.000000 0.000000 0.000000 0.000000 0.000000 0.000000 0.000000 0.000000 0.000000 0.000000 0.000000 0.000000 0.000000
0 0.712560 0.797920 0.086960 0.368267 0.742000 0.661333 2.000000 0.746000 0.653333 2.000000 0.736000 0.650667 2.000000 0.000000 0.000000 0.000000 0.718000 0.658667 2.000000 0.732000 0.712000 2.000000 0.706000 0.714667 2.000000 0.000000 0.000000 0.000000 0.690000 0.786667 2.000000 0.000000 0.000000 0.000000 0.700000 0.856000 2.000000 0.730000 0.872000 2.000000 0.688000 0.866667 2.000000 0.732000 0.960000 2.000000 0.696000 0.962667 2.000000 0.000000 0.000000 0.000000 0.000000 0.000000 0.000000
0 0.266030 0.691507 0.116700 0.364187 0.242000 0.554667 2.000000 0.248000 0.546667 2.000000 0.236000 0.549333 2.000000 0.260000 0.549333 2.000000 0.228000 0.552000 2.000000 0.272000 0.584000 2.000000 0.230000 0.597333 2.000000 0.272000 0.602667 2.000000 0.230000 0.648000 2.000000 0.266000 0.602667 2.000000 0.226000 0.693333 2.000000 0.272000 0.696000 2.000000 0.238000 0.693333 2.000000 0.288000 0.762667 2.000000 0.226000 0.762667 2.000000 0.306000 0.821333 2.000000 0.224000 0.821333 2.000000
0 0.587300 0.790680 0.101320 0.393893 0.602000 0.632000 2.000000 0.600000 0.621333 2.000000 0.592000 0.624000 2.000000 0.000000 0.000000 0.000000 0.570000 0.640000 2.000000 0.606000 0.698667 2.000000 0.558000 0.696000 2.000000 0.612000 0.784000 2.000000 0.550000 0.805333 2.000000 0.626000 0.874667 2.000000 0.562000 0.896000 2.000000 0.610000 0.885333 2.000000 0.578000 0.885333 2.000000 0.000000 0.000000 0.000000 0.000000 0.000000 0.000000 0.000000 0.000000 0.000000 0.000000 0.000000 0.000000
0 0.414480 0.846587 0.070360 0.272480 0.398000 0.762667 2.000000 0.404000 0.754667 2.000000 0.392000 0.757333 2.000000 0.000000 0.000000 0.000000 0.000000 0.000000 0.000000 0.438000 0.786667 2.000000 0.394000 0.797333 2.000000 0.430000 0.826667 2.000000 0.398000 0.834667 2.000000 0.424000 0.853333 2.000000 0.400000 0.866667 2.000000 0.424000 0.872000 2.000000 0.394000 0.869333 2.000000 0.416000 0.922667 2.000000 0.388000 0.933333 1.000000 0.426000 0.968000 2.000000 0.398000 0.962667 2.000000
