0 0.265445 0.401562 0.315172 0.467417 0.292187 0.266667 2.000000 0.304688 0.239583 2.000000 0.281250 0.241667 2.000000 0.329688 0.245833 2.000000 0.000000 0.000000 0.000000 0.348438 0.333333 2.000000 0.242188 0.335417 2.000000 0.370312 0.472917 2.000000 0.218750 0.454167 2.000000 0.287500 0.510417 2.000000 0.000000 0.000000 0.000000 0.301563 0.520833 2.000000 0.235937 0.516667 2.000000 0.285938 0.554167 2.000000 0.000000 0.000000 0.000000 0.154688 0.552083 2.000000 0.000000 0.000000 0.000000
0 0.518609 0.533344 0.204625 0.614229 0.543750 0.297917 2.000000 0.557813 0.281250 2.000000 0.529687 0.283333 2.000000 0.573438 0.295833 2.000000 0.509375 0.297917 2.000000 0.592187 0.391667 2.000000 0.479687 0.377083 2.000000 0.553125 0.525000 1.000000 0.446875 0.508333 2.000000 0.476562 0.593750 2.000000 0.465625 0.575000 2.000000 0.529687 0.616667 1.000000 0.475000 0.608333 2.000000 0.451562 0.639583 2.000000 0.367188 0.722917 1.000000 0.456250 0.862500 1.000000 0.000000 0.000000 0.000000
0 0.450711 0.380094 0.126141 0.395979 0.443750 0.250000 2.000000 0.456250 0.237500 2.000000 0.432812 0.237500 2.000000 0.470313 0.254167 2.000000 0.412500 0.254167 2.000000 0.506250 0.318750 1.000000 0.400000 0.341667 1.000000 0.000000 0.000000 0.000000 0.400000 0.464583 1.000000 0.000000 0.000000 0.000000 0.000000 0.000000 0.000000 0.495312 0.502083 1.000000 0.434375 0.518750 1.000000 0.000000 0.000000 0.000000 0.000000 0.000000 0.000000 0.000000 0.000000 0.000000 0.000000 0.000000 0.000000
0 0.637078 0.595510 0.353938 0.786521 0.665625 0.314583 2.000000 0.679688 0.297917 2.000000 0.660937 0.297917 2.000000 0.717187 0.293750 2.000000 0.000000 0.000000 0.000000 0.753125 0.381250 2.000000 0.640625 0.381250 2.000000 0.784375 0.535417 1.000000 0.598437 0.514583 2.000000 0.695312 0.583333 2.000000 0.593750 0.575000 1.000000 0.704688 0.614583 2.000000 0.626563 0.593750 1.000000 0.639062 0.691667 2.000000 0.528125 0.670833 2.000000 0.650000 0.950000 2.000000 0.501563 0.925000 2.000000
0 0.921937 0.108885 0.083375 0.206229 0.943750 0.033333 2.000000 0.000000 0.000000 0.000000 0.940625 0.029167 2.000000 0.000000 0.000000 0.000000 0.921875 0.031250 2.000000 0.946875 0.075000 2.000000 0.895312 0.077083 2.000000 0.000000 0.000000 0.000000 0.890625 0.137500 2.000000 0.000000 0.000000 0.000000 0.898438 0.183333 2.000000 0.000000 0.000000 0.000000 0.000000 0.000000 0.000000 0.000000 0.000000 0.000000 0.000000 0.000000 0.000000 0.000000 0.000000 0.000000 0.000000 0.000000 0.000000
0 0.821906 0.629219 0.356187 0.719104 0.910937 0.393750 2.000000 0.926562 0.375000 2.000000 0.896875 0.379167 2.000000 0.951562 0.370833 2.000000 0.000000 0.000000 0.000000 0.985938 0.468750 2.000000 0.853125 0.466667 2.000000 0.000000 0.000000 0.000000 0.815625 0.575000 2.000000 0.950000 0.643750 2.000000 0.000000 0.000000 0.000000 0.956250 0.695833 1.000000 0.860938 0.695833 2.000000 0.818750 0.656250 2.000000 0.807813 0.706250 2.000000 0.696875 0.847917 2.000000 0.807813 0.977083 2.000000
0 0.763336 0.157656 0.110891 0.310187 0.000000 0.000000 0.000000 0.000000 0.000000 0.000000 0.000000 0.000000 0.000000 0.000000 0.000000 0.000000 0.000000 0.000000 0.000000 0.785937 0.014583 2.000000 0.734375 0.012500 2.000000 0.000000 0.000000 0.000000 0.731250 0.093750 2.000000 0.800000 0.089583 2.000000 0.778125 0.091667 2.000000 0.787500 0.170833 2.000000 0.753125 0.172917 2.000000 0.781250 0.266667 2.000000 0.754687 0.258333 2.000000 0.000000 0.000000 0.000000 0.000000 0.000000 0.000000
0 0.726102 0.236823 0.099766 0.154562 0.742188 0.227083 2.000000 0.000000 0.000000 0.000000 0.732812 0.222917 2.000000 0.000000 0.000000 0.000000 0.000000 0.000000 0.000000 0.000000 0.000000 0.000000 0.000000 0.000000 0.000000 0.000000 0.000000 0.000000 0.000000 0.000000 0.000000 0.000000 0.000000 0.000000 0.000000 0.000000 0.000000 0.000000 0.000000 0.000000 0.000000 0.000000 0.000000 0.000000 0.000000 0.000000 0.000000 0.000000 0.000000 0.000000 0.000000 0.000000 0.000000 0.000000 0.000000
0 0.826297 0.348677 0.100250 0.289021 0.864062 0.302083 2.000000 0.000000 0.000000 0.000000 0.857812 0.293750 2.000000 0.000000 0.000000 0.000000 0.825000 0.297917 2.000000 0.862500 0.345833 1.000000 0.771875 0.375000 1.000000 0.000000 0.000000 0.000000 0.000000 0.000000 0.000000 0.000000 0.000000 0.000000 0.000000 0.000000 0.000000 0.000000 0.000000 0.000000 0.000000 0.000000 0.000000 0.000000 0.000000 0.000000 0.000000 0.000000 0.000000 0.000000 0.000000 0.000000 0.000000 0.000000 0.000000
0 0.937727 0.240115 0.123453 0.174521 0.964063 0.202083 2.000000 0.000000 0.000000 0.000000 0.954688 0.191667 2.000000 0.000000 0.000000 0.000000 0.926562 0.200000 2.000000 0.965625 0.262500 2.000000 0.890625 0.260417 2.000000 0.000000 0.000000 0.000000 0.918750 0.331250 1.000000 0.929688 0.302083 1.000000 0.981250 0.295833 2.000000 0.957812 0.381250 1.000000 0.906250 0.383333 1.000000 0.000000 0.000000 0.000000 0.000000 0.000000 0.000000 0.000000 0.000000 0.000000 0.000000 0.000000 0.000000
0 0.954547 0.195010 0.090906 0.172271 0.968750 0.150000 2.000000 0.000000 0.000000 0.000000 0.959375 0.139583 2.000000 0.000000 0.000000 0.000000 0.935937 0.150000 2.000000 0.979688 0.233333 2.000000 0.900000 0.231250 1.000000 0.000000 0.000000 0.000000 0.000000 0.000000 0.000000 0.000000 0.000000 0.000000 0.000000 0.000000 0.000000 0.979688 0.356250 1.000000 0.906250 0.358333 1.000000 0.000000 0.000000 0.000000 0.000000 0.000000 0.000000 0.000000 0.000000 0.000000 0.000000 0.000000 0.000000
