0 0.451289 0.425843 0.386828 0.802225 0.514062 0.112412 1.000000 0.526563 0.100703 2.000000 0.000000 0.000000 0.000000 0.560937 0.135831 2.000000 0.000000 0.000000 0.000000 0.590625 0.224824 2.000000 0.528125 0.215457 2.000000 0.509375 0.323185 2.000000 0.476562 0.339578 2.000000 0.417187 0.325527 2.000000 0.379688 0.327869 2.000000 0.559375 0.501171 2.000000 0.529687 0.477752 2.000000 0.454688 0.529274 2.000000 0.376563 0.505855 1.000000 0.359375 0.761124 2.000000 0.000000 0.000000 0.000000
0 0.745313 0.298782 0.086719 0.145199 0.739062 0.266979 2.000000 0.745313 0.259953 2.000000 0.737500 0.257611 2.000000 0.757812 0.264637 2.000000 0.000000 0.000000 0.000000 0.770312 0.302108 2.000000 0.717187 0.299766 2.000000 0.000000 0.000000 0.000000 0.712500 0.341920 2.000000 0.000000 0.000000 0.000000 0.720313 0.367681 1.000000 0.757812 0.381733 1.000000 0.728125 0.379391 1.000000 0.000000 0.000000 0.000000 0.000000 0.000000 0.000000 0.000000 0.000000 0.000000 0.000000 0.000000 0.000000
0 0.087117 0.211698 0.173922 0.423396 0.090625 0.063232 2.000000 0.100000 0.053864 2.000000 0.089063 0.053864 2.000000 0.120313 0.060890 2.000000 0.000000 0.000000 0.000000 0.115625 0.110070 2.000000 0.126562 0.107728 2.000000 0.085938 0.166276 2.000000 0.000000 0.000000 0.000000 0.029687 0.177986 2.000000 0.000000 0.000000 0.000000 0.118750 0.257611 2.000000 0.129688 0.257611 2.000000 0.039062 0.283372 2.000000 0.000000 0.000000 0.000000 0.004687 0.414520 1.000000 0.000000 0.000000 0.000000
0 0.243484 0.205293 0.080156 0.224684 0.243750 0.135831 2.000000 0.250000 0.126464 2.000000 0.239063 0.126464 2.000000 0.256250 0.131148 2.000000 0.231250 0.128806 2.000000 0.260937 0.170960 2.000000 0.221875 0.177986 2.000000 0.000000 0.000000 0.000000 0.209375 0.231850 2.000000 0.000000 0.000000 0.000000 0.225000 0.238876 2.000000 0.260937 0.288056 1.000000 0.226562 0.290398 2.000000 0.000000 0.000000 0.000000 0.000000 0.000000 0.000000 0.000000 0.000000 0.000000 0.000000 0.000000 0.000000
0 0.719945 0.430773 0.051016 0.152881 0.717187 0.381733 2.000000 0.720313 0.370023 2.000000 0.714063 0.370023 2.000000 0.000000 0.000000 0.000000 0.000000 0.000000 0.000000 0.728125 0.407494 2.000000 0.704688 0.405152 2.000000 0.000000 0.000000 0.000000 0.701562 0.426230 2.000000 0.000000 0.000000 0.000000 0.706250 0.447307 2.000000 0.000000 0.000000 0.000000 0.000000 0.000000 0.000000 0.000000 0.000000 0.000000 0.000000 0.000000 0.000000 0.000000 0.000000 0.000000 0.000000 0.000000 0.000000
0 0.828359 0.249438 0.070469 0.211241 0.834375 0.201405 2.000000 0.000000 0.000000 0.000000 0.831250 0.192037 2.000000 0.000000 0.000000 0.000000 0.826562 0.192037 2.000000 0.000000 0.000000 0.000000 0.806250 0.210773 2.000000 0.000000 0.000000 0.000000 0.820312 0.255269 2.000000 0.000000 0.000000 0.000000 0.837500 0.229508 2.000000 0.000000 0.000000 0.000000 0.803125 0.311475 2.000000 0.000000 0.000000 0.000000 0.825000 0.365340 1.000000 0.000000 0.000000 0.000000 0.000000 0.000000 0.000000
0 0.757820 0.186464 0.076703 0.229696 0.789062 0.100703 2.000000 0.000000 0.000000 0.000000 0.782813 0.098361 2.000000 0.000000 0.000000 0.000000 0.768750 0.103044 2.000000 0.782813 0.142857 2.000000 0.750000 0.142857 2.000000 0.000000 0.000000 0.000000 0.728125 0.189696 2.000000 0.000000 0.000000 0.000000 0.756250 0.201405 2.000000 0.776563 0.245902 2.000000 0.753125 0.245902 1.000000 0.000000 0.000000 0.000000 0.000000 0.000000 0.000000 0.000000 0.000000 0.000000 0.000000 0.000000 0.000000
0 0.662680 0.205047 0.061203 0.218525 0.671875 0.124122 2.000000 0.675000 0.119438 2.000000 0.668750 0.117096 2.000000 0.000000 0.000000 0.000000 0.659375 0.124122 2.000000 0.684375 0.154567 2.000000 0.646875 0.149883 2.000000 0.689063 0.208431 2.000000 0.631250 0.201405 1.000000 0.679688 0.196721 2.000000 0.645312 0.222482 1.000000 0.671875 0.234192 2.000000 0.653125 0.234192 1.000000 0.675000 0.297424 1.000000 0.654687 0.297424 1.000000 0.000000 0.000000 0.000000 0.000000 0.000000 0.000000
0 0.716797 0.211030 0.064375 0.220094 0.735938 0.138173 2.000000 0.739062 0.133489 2.000000 0.732812 0.133489 2.000000 0.000000 0.000000 0.000000 0.000000 0.000000 0.000000 0.737500 0.163934 1.000000 0.710938 0.156909 2.000000 0.759375 0.145199 1.000000 0.700000 0.133489 1.000000 0.743750 0.112412 1.000000 0.709375 0.105386 1.000000 0.726562 0.250585 2.000000 0.704688 0.243560 2.000000 0.000000 0.000000 0.000000 0.000000 0.000000 0.000000 0.000000 0.000000 0.000000 0.000000 0.000000 0.000000
0 0.939672 0.202518 0.065281 0.143817 0.957812 0.173302 2.000000 0.000000 0.000000 0.000000 0.951562 0.166276 2.000000 0.000000 0.000000 0.000000 0.934375 0.168618 2.000000 0.950000 0.201405 2.000000 0.921875 0.201405 2.000000 0.965625 0.234192 2.000000 0.918750 0.231850 2.000000 0.950000 0.259953 2.000000 0.932813 0.255269 2.000000 0.000000 0.000000 0.000000 0.000000 0.000000 0.000000 0.000000 0.000000 0.000000 0.000000 0.000000 0.000000 0.000000 0.000000 0.000000 0.000000 0.000000 0.000000
0 0.651672 0.282400 0.059281 0.123724 0.645312 0.257611 2.000000 0.648438 0.248244 2.000000 0.640625 0.248244 2.000000 0.000000 0.000000 0.000000 0.632812 0.245902 2.000000 0.660937 0.283372 2.000000 0.623437 0.285714 1.000000 0.668750 0.320843 2.000000 0.000000 0.000000 0.000000 0.664062 0.304450 2.000000 0.626563 0.297424 1.000000 0.657813 0.362998 1.000000 0.629687 0.365340 1.000000 0.000000 0.000000 0.000000 0.000000 0.000000 0.000000 0.000000 0.000000 0.000000 0.000000 0.000000 0.000000
