0 0.946211 0.801121 0.102547 0.258437 0.926562 0.726930 2.000000 0.935937 0.713748 2.000000 0.920312 0.719397 2.000000 0.957812 0.711864 2.000000 0.000000 0.000000 0.000000 0.987500 0.766478 2.000000 0.904687 0.766478 2.000000 0.982812 0.838041 2.000000 0.901563 0.824859 1.000000 0.962500 0.871940 2.000000 0.000000 0.000000 0.000000 0.965625 0.888889 2.000000 0.914062 0.890772 1.000000 0.995313 0.881356 2.000000 0.881250 0.885122 1.000000 0.904687 0.907721 1.000000 0.954688 0.911488 2.000000
0 0.867109 0.833814 0.141375 0.238550 0.850000 0.794727 2.000000 0.860938 0.781544 2.000000 0.845313 0.779661 2.000000 0.879687 0.772128 2.000000 0.000000 0.000000 0.000000 0.892188 0.794727 2.000000 0.832812 0.794727 2.000000 0.925000 0.834275 2.000000 0.806250 0.832392 2.000000 0.896875 0.870056 2.000000 0.845313 0.868173 2.000000 0.890625 0.887006 2.000000 0.850000 0.892655 2.000000 0.935937 0.862524 2.000000 0.832812 0.875706 2.000000 0.870313 0.913371 2.000000 0.878125 0.913371 2.000000
0 0.764930 0.833945 0.148047 0.232335 0.754687 0.777778 2.000000 0.759375 0.768362 2.000000 0.745313 0.766478 2.000000 0.000000 0.000000 0.000000 0.723437 0.766478 2.000000 0.770312 0.796610 2.000000 0.700000 0.804143 2.000000 0.787500 0.875706 2.000000 0.703125 0.877589 2.000000 0.775000 0.845574 2.000000 0.731250 0.838041 2.000000 0.765625 0.898305 2.000000 0.712500 0.900188 2.000000 0.818750 0.883239 1.000000 0.717187 0.892655 2.000000 0.746875 0.928437 2.000000 0.792188 0.930320 2.000000
0 0.651828 0.831281 0.126469 0.240829 0.634375 0.777778 2.000000 0.642188 0.762712 2.000000 0.628125 0.768362 2.000000 0.660937 0.755179 2.000000 0.000000 0.000000 0.000000 0.668750 0.792844 2.000000 0.620313 0.792844 2.000000 0.681250 0.853107 2.000000 0.612500 0.864407 2.000000 0.657813 0.885122 2.000000 0.623437 0.806026 2.000000 0.656250 0.873823 2.000000 0.626563 0.873823 2.000000 0.701562 0.881356 1.000000 0.593750 0.900188 2.000000 0.623437 0.932203 2.000000 0.656250 0.932203 2.000000
0 0.558328 0.831026 0.091531 0.241638 0.562500 0.775895 2.000000 0.567187 0.770245 2.000000 0.554688 0.768362 2.000000 0.000000 0.000000 0.000000 0.531250 0.770245 2.000000 0.584375 0.798493 2.000000 0.520312 0.804143 1.000000 0.587500 0.851224 2.000000 0.518750 0.868173 1.000000 0.553125 0.887006 2.000000 0.526563 0.900188 2.000000 0.568750 0.907721 2.000000 0.529687 0.907721 2.000000 0.578125 0.881356 2.000000 0.482812 0.888889 1.000000 0.515625 0.934087 2.000000 0.545312 0.934087 2.000000
0 0.390547 0.852476 0.145750 0.238738 0.389062 0.802260 2.000000 0.395313 0.789077 2.000000 0.378125 0.790960 2.000000 0.403125 0.777778 2.000000 0.360938 0.783427 2.000000 0.406250 0.807910 2.000000 0.351562 0.806026 2.000000 0.415625 0.856874 2.000000 0.345313 0.868173 2.000000 0.400000 0.913371 2.000000 0.356250 0.896422 2.000000 0.395313 0.887006 2.000000 0.367188 0.887006 2.000000 0.456250 0.888889 2.000000 0.328125 0.909605 2.000000 0.384375 0.939736 2.000000 0.390625 0.943503 2.000000
0 0.267359 0.836582 0.129156 0.234256 0.267188 0.787194 2.000000 0.275000 0.772128 2.000000 0.259375 0.775895 2.000000 0.292187 0.764595 2.000000 0.000000 0.000000 0.000000 0.318750 0.806026 2.000000 0.251563 0.798493 2.000000 0.325000 0.870056 2.000000 0.232813 0.858757 2.000000 0.300000 0.898305 2.000000 0.257812 0.900188 2.000000 0.300000 0.896422 2.000000 0.264062 0.890772 2.000000 0.348438 0.926554 1.000000 0.207813 0.873823 2.000000 0.262500 0.928437 2.000000 0.295312 0.934087 2.000000
0 0.142625 0.832213 0.143562 0.235951 0.142187 0.768362 2.000000 0.150000 0.760829 2.000000 0.135937 0.762712 2.000000 0.165625 0.762712 2.000000 0.126562 0.764595 2.000000 0.182812 0.796610 2.000000 0.117188 0.800377 2.000000 0.195312 0.843691 2.000000 0.112500 0.851224 2.000000 0.171875 0.883239 2.000000 0.137500 0.905838 2.000000 0.165625 0.894539 2.000000 0.129688 0.900188 2.000000 0.200000 0.898305 2.000000 0.084375 0.879473 2.000000 0.121875 0.926554 2.000000 0.154688 0.935970 2.000000
0 0.451781 0.656657 0.104563 0.189774 0.456250 0.617702 2.000000 0.464062 0.610169 2.000000 0.453125 0.602637 2.000000 0.484375 0.617702 2.000000 0.445312 0.598870 2.000000 0.492188 0.653484 2.000000 0.420312 0.655367 2.000000 0.000000 0.000000 0.000000 0.000000 0.000000 0.000000 0.000000 0.000000 0.000000 0.000000 0.000000 0.000000 0.485938 0.781544 1.000000 0.439063 0.779661 1.000000 0.000000 0.000000 0.000000 0.000000 0.000000 0.000000 0.000000 0.000000 0.000000 0.000000 0.000000 0.000000
0 0.352891 0.487053 0.069625 0.145593 0.340625 0.465160 2.000000 0.348438 0.457627 2.000000 0.334375 0.457627 2.000000 0.357812 0.461394 2.000000 0.321875 0.459510 2.000000 0.376563 0.517891 2.000000 0.304688 0.517891 1.000000 0.000000 0.000000 0.000000 0.000000 0.000000 0.000000 0.000000 0.000000 0.000000 0.000000 0.000000 0.000000 0.000000 0.000000 0.000000 0.000000 0.000000 0.000000 0.000000 0.000000 0.000000 0.000000 0.000000 0.000000 0.000000 0.000000 0.000000 0.000000 0.000000 0.000000
0 0.484602 0.854962 0.115609 0.221902 0.475000 0.811676 2.000000 0.484375 0.802260 2.000000 0.470313 0.802260 2.000000 0.000000 0.000000 0.000000 0.456250 0.792844 2.000000 0.506250 0.809793 1.000000 0.443750 0.817326 2.000000 0.531250 0.858757 2.000000 0.440625 0.839925 2.000000 0.496875 0.819209 2.000000 0.487500 0.836158 2.000000 0.498437 0.898305 2.000000 0.448437 0.896422 1.000000 0.493750 0.841808 2.000000 0.445312 0.845574 2.000000 0.489063 0.922787 2.000000 0.451562 0.924670 2.000000
0 0.267594 0.416827 0.118906 0.192486 0.281250 0.382298 2.000000 0.287500 0.370998 2.000000 0.275000 0.370998 2.000000 0.298438 0.372881 1.000000 0.259375 0.367232 2.000000 0.314063 0.427495 2.000000 0.228125 0.435028 2.000000 0.325000 0.506591 1.000000 0.223438 0.519774 1.000000 0.000000 0.000000 0.000000 0.000000 0.000000 0.000000 0.304688 0.563089 1.000000 0.246875 0.564972 1.000000 0.000000 0.000000 0.000000 0.000000 0.000000 0.000000 0.000000 0.000000 0.000000 0.000000 0.000000 0.000000
0 0.437508 0.549454 0.126078 0.197288 0.426563 0.504708 2.000000 0.434375 0.493409 2.000000 0.418750 0.493409 2.000000 0.450000 0.497175 2.000000 0.407813 0.495292 2.000000 0.468750 0.542373 2.000000 0.379688 0.559322 1.000000 0.000000 0.000000 0.000000 0.000000 0.000000 0.000000 0.000000 0.000000 0.000000 0.000000 0.000000 0.000000 0.460938 0.659134 1.000000 0.395313 0.666667 1.000000 0.000000 0.000000 0.000000 0.000000 0.000000 0.000000 0.000000 0.000000 0.000000 0.000000 0.000000 0.000000
