0 0.466352 0.563781 0.153578 0.564604 0.000000 0.000000 0.000000 0.000000 0.000000 0.000000 0.000000 0.000000 0.000000 0.434375 0.329167 2.000000 0.000000 0.000000 0.000000 0.431250 0.375000 2.000000 0.510938 0.385417 2.000000 0.403125 0.458333 2.000000 0.531250 0.468750 2.000000 0.407813 0.485417 2.000000 0.473438 0.475000 2.000000 0.454688 0.512500 2.000000 0.503125 0.512500 2.000000 0.457813 0.662500 2.000000 0.485938 0.662500 2.000000 0.506250 0.756250 2.000000 0.476562 0.795833 2.000000
0 0.744180 0.509260 0.139391 0.541438 0.717187 0.304167 2.000000 0.721875 0.289583 2.000000 0.712500 0.295833 2.000000 0.743750 0.293750 2.000000 0.000000 0.000000 0.000000 0.784375 0.333333 2.000000 0.717187 0.343750 2.000000 0.796875 0.427083 2.000000 0.682813 0.387500 2.000000 0.792188 0.506250 2.000000 0.689063 0.322917 2.000000 0.760938 0.477083 2.000000 0.718750 0.491667 1.000000 0.775000 0.622917 2.000000 0.729688 0.616667 2.000000 0.784375 0.747917 2.000000 0.732812 0.750000 2.000000
0 0.958375 0.516542 0.083250 0.518208 0.000000 0.000000 0.000000 0.000000 0.000000 0.000000 0.000000 0.000000 0.000000 0.000000 0.000000 0.000000 0.000000 0.000000 0.000000 0.000000 0.000000 0.000000 0.000000 0.000000 0.000000 0.000000 0.000000 0.000000 0.000000 0.000000 0.000000 0.989062 0.470833 2.000000 0.000000 0.000000 0.000000 0.995313 0.497917 2.000000 0.979688 0.475000 2.000000 0.000000 0.000000 0.000000 0.971875 0.595833 2.000000 0.000000 0.000000 0.000000 0.962500 0.737500 2.000000
0 0.811227 0.284750 0.089422 0.095375 0.826562 0.277083 2.000000 0.831250 0.268750 2.000000 0.821875 0.268750 2.000000 0.000000 0.000000 0.000000 0.806250 0.270833 2.000000 0.839063 0.295833 2.000000 0.784375 0.297917 2.000000 0.000000 0.000000 0.000000 0.000000 0.000000 0.000000 0.000000 0.000000 0.000000 0.000000 0.000000 0.000000 0.000000 0.000000 0.000000 0.000000 0.000000 0.000000 0.000000 0.000000 0.000000 0.000000 0.000000 0.000000 0.000000 0.000000 0.000000 0.000000 0.000000 0.000000
0 0.631445 0.181062 0.094203 0.134042 0.629687 0.147917 2.000000 0.634375 0.141667 2.000000 0.629687 0.141667 2.000000 0.651563 0.147917 2.000000 0.000000 0.000000 0.000000 0.665625 0.177083 2.000000 0.615625 0.181250 2.000000 0.687500 0.231250 1.000000 0.592187 0.245833 2.000000 0.656250 0.260417 1.000000 0.604688 0.258333 1.000000 0.000000 0.000000 0.000000 0.000000 0.000000 0.000000 0.000000 0.000000 0.000000 0.000000 0.000000 0.000000 0.000000 0.000000 0.000000 0.000000 0.000000 0.000000
0 0.305508 0.269719 0.066797 0.155187 0.276562 0.222917 2.000000 0.282813 0.216667 2.000000 0.278125 0.216667 2.000000 0.301563 0.222917 2.000000 0.000000 0.000000 0.000000 0.328125 0.258333 2.000000 0.271875 0.258333 1.000000 0.325000 0.320833 2.000000 0.000000 0.000000 0.000000 0.309375 0.272917 2.000000 0.000000 0.000000 0.000000 0.312500 0.343750 1.000000 0.275000 0.343750 1.000000 0.000000 0.000000 0.000000 0.000000 0.000000 0.000000 0.000000 0.000000 0.000000 0.000000 0.000000 0.000000
0 0.802609 0.189083 0.099750 0.157958 0.814063 0.152083 2.000000 0.814063 0.141667 2.000000 0.804688 0.145833 2.000000 0.000000 0.000000 0.000000 0.789062 0.150000 2.000000 0.837500 0.183333 2.000000 0.775000 0.177083 2.000000 0.829688 0.239583 1.000000 0.765625 0.225000 2.000000 0.810937 0.241667 1.000000 0.784375 0.241667 1.000000 0.821875 0.262500 1.000000 0.785937 0.262500 2.000000 0.837500 0.256250 1.000000 0.775000 0.262500 1.000000 0.000000 0.000000 0.000000 0.000000 0.000000 0.000000
0 0.889328 0.170615 0.092437 0.131146 0.871875 0.143750 2.000000 0.875000 0.135417 2.000000 0.867188 0.137500 2.000000 0.892188 0.135417 2.000000 0.000000 0.000000 0.000000 0.898438 0.158333 2.000000 0.867188 0.162500 2.000000 0.910937 0.229167 2.000000 0.848437 0.218750 1.000000 0.871875 0.252083 1.000000 0.848437 0.241667 1.000000 0.885938 0.256250 1.000000 0.860938 0.254167 1.000000 0.000000 0.000000 0.000000 0.000000 0.000000 0.000000 0.000000 0.000000 0.000000 0.000000 0.000000 0.000000
0 0.618398 0.289969 0.084484 0.097729 0.639062 0.283333 2.000000 0.643750 0.279167 2.000000 0.634375 0.275000 2.000000 0.000000 0.000000 0.000000 0.621875 0.272917 2.000000 0.646875 0.327083 2.000000 0.595313 0.318750 2.000000 0.000000 0.000000 0.000000 0.000000 0.000000 0.000000 0.000000 0.000000 0.000000 0.000000 0.000000 0.000000 0.000000 0.000000 0.000000 0.000000 0.000000 0.000000 0.000000 0.000000 0.000000 0.000000 0.000000 0.000000 0.000000 0.000000 0.000000 0.000000 0.000000 0.000000
0 0.970898 0.107396 0.058203 0.158083 0.962500 0.064583 2.000000 0.967187 0.056250 2.000000 0.959375 0.058333 2.000000 0.981250 0.062500 2.000000 0.000000 0.000000 0.000000 0.996875 0.081250 2.000000 0.950000 0.093750 2.000000 0.000000 0.000000 0.000000 0.948438 0.135417 2.000000 0.000000 0.000000 0.000000 0.000000 0.000000 0.000000 0.992188 0.160417 2.000000 0.959375 0.166667 1.000000 0.000000 0.000000 0.000000 0.000000 0.000000 0.000000 0.000000 0.000000 0.000000 0.000000 0.000000 0.000000
0 0.452391 0.189500 0.086875 0.201958 0.437500 0.122917 2.000000 0.439063 0.116667 2.000000 0.000000 0.000000 0.000000 0.450000 0.120833 2.000000 0.000000 0.000000 0.000000 0.475000 0.162500 2.000000 0.437500 0.160417 2.000000 0.000000 0.000000 0.000000 0.000000 0.000000 0.000000 0.000000 0.000000 0.000000 0.000000 0.000000 0.000000 0.465625 0.260417 1.000000 0.437500 0.254167 1.000000 0.000000 0.000000 0.000000 0.000000 0.000000 0.000000 0.000000 0.000000 0.000000 0.000000 0.000000 0.000000
0 0.412945 0.223937 0.064641 0.163083 0.385937 0.177083 2.000000 0.390625 0.168750 2.000000 0.381250 0.168750 1.000000 0.404687 0.172917 2.000000 0.000000 0.000000 0.000000 0.426563 0.197917 2.000000 0.373437 0.197917 1.000000 0.428125 0.247917 2.000000 0.000000 0.000000 0.000000 0.000000 0.000000 0.000000 0.000000 0.000000 0.000000 0.000000 0.000000 0.000000 0.000000 0.000000 0.000000 0.000000 0.000000 0.000000 0.000000 0.000000 0.000000 0.000000 0.000000 0.000000 0.000000 0.000000 0.000000
0 0.900469 0.282490 0.084937 0.102271 0.868750 0.275000 2.000000 0.875000 0.266667 2.000000 0.000000 0.000000 0.000000 0.892188 0.268750 2.000000 0.000000 0.000000 0.000000 0.929688 0.306250 2.000000 0.868750 0.306250 2.000000 0.000000 0.000000 0.000000 0.000000 0.000000 0.000000 0.000000 0.000000 0.000000 0.000000 0.000000 0.000000 0.000000 0.000000 0.000000 0.000000 0.000000 0.000000 0.000000 0.000000 0.000000 0.000000 0.000000 0.000000 0.000000 0.000000 0.000000 0.000000 0.000000 0.000000
