0 0.280086 0.423536 0.115609 0.380375 0.000000 0.000000 0.000000 0.000000 0.000000 0.000000 0.000000 0.000000 0.000000 0.292187 0.281030 2.000000 0.257812 0.281030 1.000000 0.307812 0.337237 2.000000 0.232813 0.330211 2.000000 0.329688 0.393443 2.000000 0.228125 0.393443 2.000000 0.000000 0.000000 0.000000 0.000000 0.000000 0.000000 0.278125 0.475410 1.000000 0.235937 0.473068 1.000000 0.000000 0.000000 0.000000 0.000000 0.000000 0.000000 0.000000 0.000000 0.000000 0.000000 0.000000 0.000000
0 0.205406 0.629953 0.323844 0.707869 0.000000 0.000000 0.000000 0.000000 0.000000 0.000000 0.000000 0.000000 0.000000 0.150000 0.346604 1.000000 0.214062 0.353630 2.000000 0.107813 0.435597 2.000000 0.212500 0.416862 2.000000 0.059375 0.620609 2.000000 0.276562 0.562061 2.000000 0.000000 0.000000 0.000000 0.309375 0.644028 2.000000 0.128125 0.730679 2.000000 0.223438 0.707260 2.000000 0.146875 0.936768 2.000000 0.306250 0.723653 2.000000 0.000000 0.000000 0.000000 0.306250 0.927400 2.000000
0 0.447180 0.588536 0.166359 0.616276 0.000000 0.000000 0.000000 0.000000 0.000000 0.000000 0.000000 0.000000 0.000000 0.415625 0.325527 2.000000 0.462500 0.325527 2.000000 0.403125 0.381733 2.000000 0.482812 0.386417 2.000000 0.385937 0.477752 2.000000 0.512500 0.491803 2.000000 0.000000 0.000000 0.000000 0.000000 0.000000 0.000000 0.407813 0.543326 2.000000 0.473438 0.543326 1.000000 0.396875 0.702576 2.000000 0.484375 0.611241 1.000000 0.389062 0.843091 2.000000 0.495312 0.702576 1.000000
0 0.392289 0.387588 0.060359 0.288244 0.000000 0.000000 0.000000 0.000000 0.000000 0.000000 0.000000 0.000000 0.000000 0.396875 0.281030 2.000000 0.000000 0.000000 0.000000 0.389062 0.306792 2.000000 0.418750 0.297424 2.000000 0.365625 0.370023 2.000000 0.000000 0.000000 0.000000 0.371875 0.400468 2.000000 0.000000 0.000000 0.000000 0.418750 0.395785 1.000000 0.443750 0.386417 1.000000 0.373437 0.419204 2.000000 0.000000 0.000000 0.000000 0.387500 0.498829 1.000000 0.000000 0.000000 0.000000
0 0.557984 0.419508 0.104719 0.338548 0.000000 0.000000 0.000000 0.000000 0.000000 0.000000 0.000000 0.000000 0.000000 0.537500 0.278689 1.000000 0.560937 0.276347 2.000000 0.532813 0.325527 2.000000 0.575000 0.311475 2.000000 0.523438 0.384075 2.000000 0.000000 0.000000 0.000000 0.510938 0.398126 2.000000 0.000000 0.000000 0.000000 0.557813 0.423888 2.000000 0.589063 0.421546 2.000000 0.528125 0.477752 2.000000 0.585938 0.505855 1.000000 0.526563 0.562061 2.000000 0.582812 0.592506 1.000000
0 0.688484 0.317728 0.087063 0.164637 0.651563 0.281030 2.000000 0.654687 0.269321 2.000000 0.000000 0.000000 0.000000 0.668750 0.271663 2.000000 0.000000 0.000000 0.000000 0.653125 0.309133 2.000000 0.710938 0.290398 2.000000 0.653125 0.362998 2.000000 0.725000 0.360656 2.000000 0.000000 0.000000 0.000000 0.000000 0.000000 0.000000 0.000000 0.000000 0.000000 0.000000 0.000000 0.000000 0.000000 0.000000 0.000000 0.000000 0.000000 0.000000 0.000000 0.000000 0.000000 0.000000 0.000000 0.000000
0 0.835617 0.616557 0.216109 0.766885 0.000000 0.000000 0.000000 0.000000 0.000000 0.000000 0.000000 0.000000 0.000000 0.778125 0.320843 2.000000 0.820312 0.316159 2.000000 0.746875 0.430913 2.000000 0.876563 0.407494 2.000000 0.739062 0.564403 2.000000 0.925000 0.515222 2.000000 0.753125 0.622951 2.000000 0.887500 0.585480 2.000000 0.812500 0.632319 2.000000 0.878125 0.618267 2.000000 0.817187 0.859485 2.000000 0.890625 0.676815 2.000000 0.000000 0.000000 0.000000 0.000000 0.000000 0.000000
0 0.683680 0.539321 0.146922 0.426979 0.000000 0.000000 0.000000 0.000000 0.000000 0.000000 0.000000 0.000000 0.000000 0.679688 0.358314 2.000000 0.715625 0.358314 2.000000 0.665625 0.435597 2.000000 0.748437 0.428571 1.000000 0.664062 0.533958 1.000000 0.000000 0.000000 0.000000 0.000000 0.000000 0.000000 0.000000 0.000000 0.000000 0.692187 0.604215 2.000000 0.742188 0.606557 1.000000 0.632812 0.592506 2.000000 0.756250 0.641686 1.000000 0.623437 0.728337 2.000000 0.767188 0.838407 1.000000
0 0.919719 0.449040 0.088656 0.323138 0.000000 0.000000 0.000000 0.000000 0.000000 0.000000 0.000000 0.000000 0.000000 0.890625 0.337237 2.000000 0.000000 0.000000 0.000000 0.885938 0.370023 2.000000 0.928125 0.358314 2.000000 0.881250 0.421546 1.000000 0.953125 0.412178 1.000000 0.000000 0.000000 0.000000 0.000000 0.000000 0.000000 0.932813 0.526932 1.000000 0.950000 0.519906 1.000000 0.921875 0.634660 1.000000 0.000000 0.000000 0.000000 0.000000 0.000000 0.000000 0.000000 0.000000 0.000000
0 0.647836 0.491511 0.134016 0.420539 0.654687 0.346604 1.000000 0.659375 0.337237 2.000000 0.000000 0.000000 0.000000 0.675000 0.332553 2.000000 0.000000 0.000000 0.000000 0.665625 0.384075 2.000000 0.717187 0.384075 1.000000 0.625000 0.442623 2.000000 0.000000 0.000000 0.000000 0.595313 0.468384 2.000000 0.000000 0.000000 0.000000 0.670312 0.533958 1.000000 0.714063 0.531616 1.000000 0.610938 0.569087 2.000000 0.000000 0.000000 0.000000 0.617188 0.669789 1.000000 0.000000 0.000000 0.000000
0 0.326156 0.433044 0.046938 0.314848 0.000000 0.000000 0.000000 0.000000 0.000000 0.000000 0.000000 0.000000 0.000000 0.000000 0.000000 0.000000 0.000000 0.000000 0.000000 0.000000 0.000000 0.000000 0.334375 0.334895 2.000000 0.000000 0.000000 0.000000 0.343750 0.372365 2.000000 0.000000 0.000000 0.000000 0.332813 0.398126 2.000000 0.000000 0.000000 0.000000 0.000000 0.000000 0.000000 0.000000 0.000000 0.000000 0.000000 0.000000 0.000000 0.000000 0.000000 0.000000 0.000000 0.000000 0.000000
0 0.039125 0.397822 0.062687 0.260328 0.000000 0.000000 0.000000 0.000000 0.000000 0.000000 0.000000 0.000000 0.000000 0.028125 0.285714 2.000000 0.040625 0.285714 2.000000 0.018750 0.323185 2.000000 0.045312 0.320843 2.000000 0.010937 0.353630 1.000000 0.056250 0.339578 2.000000 0.000000 0.000000 0.000000 0.068750 0.325527 2.000000 0.028125 0.398126 2.000000 0.045312 0.395785 2.000000 0.034375 0.454333 2.000000 0.043750 0.459016 2.000000 0.037500 0.496487 2.000000 0.032813 0.505855 2.000000
