0 0.246586 0.446427 0.146953 0.312188 0.292187 0.360417 2.000000 0.000000 0.000000 0.000000 0.278125 0.350000 2.000000 0.000000 0.000000 0.000000 0.248438 0.370833 2.000000 0.282813 0.420833 2.000000 0.212500 0.452083 2.000000 0.314063 0.552083 1.000000 0.217188 0.604167 1.000000 0.000000 0.000000 0.000000 0.000000 0.000000 0.000000 0.292187 0.581250 1.000000 0.254688 0.593750 1.000000 0.000000 0.000000 0.000000 0.000000 0.000000 0.000000 0.000000 0.000000 0.000000 0.000000 0.000000 0.000000
0 0.622578 0.670375 0.344406 0.659250 0.000000 0.000000 0.000000 0.000000 0.000000 0.000000 0.000000 0.000000 0.000000 0.604688 0.483333 2.000000 0.000000 0.000000 0.000000 0.646875 0.693750 2.000000 0.720313 0.527083 2.000000 0.712500 0.937500 2.000000 0.598437 0.652083 2.000000 0.592187 0.862500 2.000000 0.496875 0.575000 2.000000 0.642188 0.960417 2.000000 0.660937 0.872917 2.000000 0.000000 0.000000 0.000000 0.000000 0.000000 0.000000 0.000000 0.000000 0.000000 0.000000 0.000000 0.000000
0 0.423688 0.338719 0.170844 0.319104 0.432812 0.241667 2.000000 0.432812 0.229167 2.000000 0.423438 0.229167 2.000000 0.000000 0.000000 0.000000 0.395313 0.233333 2.000000 0.434375 0.275000 2.000000 0.373437 0.289583 2.000000 0.445312 0.368750 2.000000 0.365625 0.385417 2.000000 0.000000 0.000000 0.000000 0.354687 0.452083 2.000000 0.423438 0.404167 2.000000 0.385937 0.422917 2.000000 0.489063 0.406250 2.000000 0.412500 0.475000 2.000000 0.000000 0.000000 0.000000 0.000000 0.000000 0.000000
0 0.820250 0.474760 0.155594 0.391896 0.745313 0.354167 2.000000 0.753125 0.339583 2.000000 0.000000 0.000000 0.000000 0.787500 0.358333 2.000000 0.000000 0.000000 0.000000 0.806250 0.454167 2.000000 0.828125 0.420833 2.000000 0.776563 0.618750 1.000000 0.000000 0.000000 0.000000 0.000000 0.000000 0.000000 0.000000 0.000000 0.000000 0.792188 0.691667 1.000000 0.000000 0.000000 0.000000 0.000000 0.000000 0.000000 0.000000 0.000000 0.000000 0.000000 0.000000 0.000000 0.000000 0.000000 0.000000
0 0.176969 0.669667 0.353938 0.660667 0.000000 0.000000 0.000000 0.000000 0.000000 0.000000 0.153125 0.470833 2.000000 0.000000 0.000000 0.000000 0.093750 0.481250 2.000000 0.000000 0.000000 0.000000 0.134375 0.647917 2.000000 0.000000 0.000000 0.000000 0.156250 0.887500 2.000000 0.000000 0.000000 0.000000 0.000000 0.000000 0.000000 0.000000 0.000000 0.000000 0.000000 0.000000 0.000000 0.000000 0.000000 0.000000 0.000000 0.000000 0.000000 0.000000 0.000000 0.000000 0.000000 0.000000 0.000000
0 0.580547 0.326562 0.081000 0.190500 0.587500 0.275000 2.000000 0.592187 0.264583 2.000000 0.578125 0.266667 2.000000 0.000000 0.000000 0.000000 0.000000 0.000000 0.000000 0.604688 0.320833 2.000000 0.564063 0.329167 2.000000 0.000000 0.000000 0.000000 0.546875 0.408333 2.000000 0.000000 0.000000 0.000000 0.000000 0.000000 0.000000 0.598437 0.410417 1.000000 0.568750 0.429167 1.000000 0.000000 0.000000 0.000000 0.000000 0.000000 0.000000 0.000000 0.000000 0.000000 0.000000 0.000000 0.000000
0 0.743789 0.253521 0.075891 0.128458 0.735938 0.233333 2.000000 0.000000 0.000000 0.000000 0.732812 0.229167 2.000000 0.000000 0.000000 0.000000 0.718750 0.225000 2.000000 0.732812 0.247917 1.000000 0.703125 0.256250 1.000000 0.000000 0.000000 0.000000 0.717187 0.302083 2.000000 0.000000 0.000000 0.000000 0.751563 0.285417 2.000000 0.740625 0.320833 1.000000 0.717187 0.331250 1.000000 0.000000 0.000000 0.000000 0.000000 0.000000 0.000000 0.000000 0.000000 0.000000 0.000000 0.000000 0.000000
0 0.812852 0.232948 0.054297 0.098312 0.812500 0.216667 2.000000 0.817187 0.214583 2.000000 0.807813 0.214583 2.000000 0.000000 0.000000 0.000000 0.796875 0.210417 2.000000 0.825000 0.235417 2.000000 0.793750 0.237500 2.000000 0.834375 0.272917 2.000000 0.815625 0.277083 2.000000 0.812500 0.241667 2.000000 0.000000 0.000000 0.000000 0.812500 0.304167 1.000000 0.782813 0.304167 1.000000 0.000000 0.000000 0.000000 0.000000 0.000000 0.000000 0.000000 0.000000 0.000000 0.000000 0.000000 0.000000
0 0.913016 0.343833 0.125812 0.291250 0.904687 0.258333 2.000000 0.920312 0.247917 2.000000 0.904687 0.247917 2.000000 0.945312 0.252083 2.000000 0.000000 0.000000 0.000000 0.948438 0.318750 2.000000 0.923438 0.306250 2.000000 0.945312 0.406250 2.000000 0.000000 0.000000 0.000000 0.890625 0.420833 2.000000 0.000000 0.000000 0.000000 0.929688 0.458333 2.000000 0.000000 0.000000 0.000000 0.857812 0.466667 1.000000 0.000000 0.000000 0.000000 0.000000 0.000000 0.000000 0.000000 0.000000 0.000000
0 0.678547 0.271542 0.076687 0.153792 0.000000 0.000000 0.000000 0.000000 0.000000 0.000000 0.710938 0.237500 2.000000 0.000000 0.000000 0.000000 0.701562 0.239583 2.000000 0.000000 0.000000 0.000000 0.665625 0.285417 2.000000 0.000000 0.000000 0.000000 0.692187 0.335417 2.000000 0.000000 0.000000 0.000000 0.701562 0.287500 2.000000 0.000000 0.000000 0.000000 0.000000 0.000000 0.000000 0.000000 0.000000 0.000000 0.000000 0.000000 0.000000 0.000000 0.000000 0.000000 0.000000 0.000000 0.000000
