0 0.369484 0.377740 0.056594 0.250729 0.368750 0.289583 2.000000 0.370312 0.283333 2.000000 0.365625 0.283333 2.000000 0.382812 0.281250 2.000000 0.359375 0.281250 2.000000 0.384375 0.310417 2.000000 0.348438 0.310417 1.000000 0.385937 0.347917 2.000000 0.345313 0.347917 2.000000 0.382812 0.370833 2.000000 0.348438 0.370833 2.000000 0.368750 0.368750 2.000000 0.356250 0.366667 2.000000 0.375000 0.435417 2.000000 0.356250 0.435417 2.000000 0.379688 0.485417 2.000000 0.354687 0.489583 2.000000
0 0.045500 0.380312 0.090875 0.300833 0.032813 0.260417 2.000000 0.037500 0.256250 2.000000 0.028125 0.258333 2.000000 0.045312 0.256250 2.000000 0.020313 0.260417 2.000000 0.054688 0.291667 2.000000 0.015625 0.289583 2.000000 0.056250 0.327083 2.000000 0.010937 0.325000 2.000000 0.067187 0.354167 2.000000 0.000000 0.000000 0.000000 0.056250 0.370833 2.000000 0.034375 0.377083 2.000000 0.059375 0.439583 2.000000 0.042188 0.443750 2.000000 0.062500 0.495833 2.000000 0.037500 0.493750 2.000000
0 0.229375 0.537313 0.155469 0.294458 0.182812 0.454167 2.000000 0.190625 0.443750 2.000000 0.176563 0.443750 2.000000 0.207813 0.445833 2.000000 0.170313 0.439583 2.000000 0.234375 0.481250 2.000000 0.171875 0.481250 2.000000 0.270313 0.504167 2.000000 0.159375 0.522917 2.000000 0.262500 0.564583 2.000000 0.165625 0.560417 2.000000 0.225000 0.581250 2.000000 0.201563 0.570833 2.000000 0.217188 0.677083 2.000000 0.171875 0.654167 2.000000 0.273438 0.622917 2.000000 0.000000 0.000000 0.000000
0 0.653086 0.635958 0.267984 0.696625 0.576562 0.379167 2.000000 0.578125 0.360417 2.000000 0.000000 0.000000 0.000000 0.610938 0.366667 2.000000 0.000000 0.000000 0.000000 0.623437 0.450000 2.000000 0.659375 0.410417 2.000000 0.659375 0.581250 2.000000 0.707812 0.539583 2.000000 0.576562 0.633333 2.000000 0.617188 0.595833 2.000000 0.696875 0.660417 2.000000 0.726562 0.639583 2.000000 0.604688 0.829167 2.000000 0.690625 0.745833 2.000000 0.000000 0.000000 0.000000 0.742188 0.881250 2.000000
0 0.698023 0.421125 0.107484 0.377375 0.673438 0.281250 2.000000 0.682813 0.275000 2.000000 0.670312 0.272917 2.000000 0.701562 0.275000 2.000000 0.000000 0.000000 0.000000 0.712500 0.312500 2.000000 0.667188 0.318750 2.000000 0.718750 0.393750 2.000000 0.653125 0.381250 2.000000 0.703125 0.441667 2.000000 0.000000 0.000000 0.000000 0.710938 0.437500 2.000000 0.682813 0.439583 1.000000 0.709375 0.520833 1.000000 0.000000 0.000000 0.000000 0.735938 0.560417 2.000000 0.000000 0.000000 0.000000
0 0.863820 0.490583 0.181766 0.425875 0.823438 0.329167 2.000000 0.832812 0.318750 2.000000 0.820312 0.316667 2.000000 0.853125 0.320833 2.000000 0.000000 0.000000 0.000000 0.868750 0.370833 2.000000 0.810937 0.358333 2.000000 0.898438 0.412500 2.000000 0.800000 0.400000 2.000000 0.934375 0.460417 2.000000 0.801562 0.460417 2.000000 0.843750 0.500000 2.000000 0.820312 0.491667 2.000000 0.818750 0.562500 2.000000 0.837500 0.558333 2.000000 0.810937 0.652083 2.000000 0.864062 0.610417 2.000000
0 0.736789 0.347167 0.076297 0.376583 0.710938 0.212500 2.000000 0.715625 0.206250 2.000000 0.707812 0.204167 2.000000 0.732812 0.204167 2.000000 0.000000 0.000000 0.000000 0.750000 0.247917 2.000000 0.710938 0.245833 2.000000 0.762500 0.310417 2.000000 0.704688 0.289583 2.000000 0.715625 0.308333 1.000000 0.000000 0.000000 0.000000 0.732812 0.356250 2.000000 0.707812 0.356250 1.000000 0.000000 0.000000 0.000000 0.000000 0.000000 0.000000 0.000000 0.000000 0.000000 0.732812 0.516667 2.000000
0 0.951391 0.373281 0.064719 0.107604 0.948438 0.339583 2.000000 0.953125 0.335417 2.000000 0.946875 0.335417 2.000000 0.960938 0.337500 2.000000 0.000000 0.000000 0.000000 0.957812 0.358333 2.000000 0.962500 0.354167 2.000000 0.956250 0.393750 2.000000 0.959375 0.391667 2.000000 0.937500 0.377083 2.000000 0.945312 0.377083 2.000000 0.960938 0.414583 2.000000 0.967187 0.414583 2.000000 0.925000 0.387500 2.000000 0.931250 0.385417 2.000000 0.000000 0.000000 0.000000 0.929688 0.441667 1.000000
0 0.475797 0.280333 0.063125 0.150833 0.481250 0.229167 2.000000 0.485938 0.227083 2.000000 0.478125 0.225000 2.000000 0.000000 0.000000 0.000000 0.470313 0.229167 2.000000 0.493750 0.258333 2.000000 0.462500 0.258333 2.000000 0.503125 0.302083 2.000000 0.451562 0.304167 2.000000 0.489063 0.293750 2.000000 0.476562 0.293750 2.000000 0.487500 0.331250 2.000000 0.465625 0.331250 2.000000 0.000000 0.000000 0.000000 0.000000 0.000000 0.000000 0.000000 0.000000 0.000000 0.000000 0.000000 0.000000
0 0.544430 0.376885 0.064891 0.229729 0.535937 0.287500 2.000000 0.540625 0.281250 2.000000 0.534375 0.281250 2.000000 0.551562 0.283333 2.000000 0.000000 0.000000 0.000000 0.554688 0.306250 2.000000 0.532813 0.302083 2.000000 0.000000 0.000000 0.000000 0.000000 0.000000 0.000000 0.000000 0.000000 0.000000 0.000000 0.000000 0.000000 0.545312 0.360417 2.000000 0.529687 0.358333 2.000000 0.542188 0.422917 2.000000 0.529687 0.420833 2.000000 0.535937 0.466667 2.000000 0.523438 0.468750 2.000000
0 0.053172 0.800437 0.105406 0.397958 0.000000 0.000000 0.000000 0.000000 0.000000 0.000000 0.000000 0.000000 0.000000 0.000000 0.000000 0.000000 0.000000 0.000000 0.000000 0.000000 0.000000 0.000000 0.009375 0.677083 2.000000 0.000000 0.000000 0.000000 0.062500 0.781250 2.000000 0.000000 0.000000 0.000000 0.000000 0.000000 0.000000 0.000000 0.000000 0.000000 0.037500 0.897917 2.000000 0.000000 0.000000 0.000000 0.000000 0.000000 0.000000 0.000000 0.000000 0.000000 0.000000 0.000000 0.000000
0 0.203063 0.379219 0.080000 0.179562 0.198437 0.325000 2.000000 0.201563 0.320833 2.000000 0.192188 0.322917 2.000000 0.207813 0.318750 2.000000 0.182812 0.322917 2.000000 0.206250 0.345833 2.000000 0.178125 0.350000 2.000000 0.214062 0.379167 2.000000 0.170313 0.383333 2.000000 0.229687 0.395833 2.000000 0.178125 0.414583 1.000000 0.210938 0.408333 1.000000 0.192188 0.412500 1.000000 0.226562 0.439583 2.000000 0.209375 0.450000 1.000000 0.231250 0.485417 1.000000 0.214062 0.489583 1.000000
