0 0.425594 0.568042 0.121000 0.240083 0.431250 0.516667 2.000000 0.439063 0.504167 2.000000 0.421875 0.502083 2.000000 0.450000 0.518750 2.000000 0.406250 0.510417 2.000000 0.473438 0.554167 2.000000 0.382812 0.572917 2.000000 0.000000 0.000000 0.000000 0.360938 0.685417 1.000000 0.000000 0.000000 0.000000 0.000000 0.000000 0.000000 0.459375 0.700000 1.000000 0.417187 0.702083 1.000000 0.000000 0.000000 0.000000 0.000000 0.000000 0.000000 0.000000 0.000000 0.000000 0.000000 0.000000 0.000000
0 0.494430 0.756896 0.282203 0.486208 0.482812 0.610417 2.000000 0.512500 0.593750 2.000000 0.487500 0.587500 2.000000 0.551562 0.608333 2.000000 0.000000 0.000000 0.000000 0.520312 0.741667 2.000000 0.559375 0.687500 2.000000 0.503125 0.933333 2.000000 0.489063 0.829167 1.000000 0.410938 0.900000 1.000000 0.404687 0.885417 1.000000 0.479687 0.995833 1.000000 0.487500 0.954167 1.000000 0.376563 0.856250 2.000000 0.368750 0.935417 2.000000 0.356250 0.960417 1.000000 0.000000 0.000000 0.000000
0 0.634664 0.589458 0.116516 0.223125 0.620313 0.522917 2.000000 0.631250 0.514583 2.000000 0.612500 0.516667 2.000000 0.645312 0.527083 2.000000 0.601562 0.531250 2.000000 0.673438 0.595833 2.000000 0.582812 0.597917 2.000000 0.685937 0.666667 2.000000 0.000000 0.000000 0.000000 0.667188 0.735417 1.000000 0.000000 0.000000 0.000000 0.657813 0.729167 1.000000 0.606250 0.733333 1.000000 0.000000 0.000000 0.000000 0.000000 0.000000 0.000000 0.000000 0.000000 0.000000 0.000000 0.000000 0.000000
0 0.720586 0.606854 0.065797 0.205292 0.718750 0.558333 2.000000 0.728125 0.550000 2.000000 0.707812 0.550000 2.000000 0.743750 0.558333 2.000000 0.700000 0.562500 2.000000 0.000000 0.000000 0.000000 0.700000 0.610417 2.000000 0.000000 0.000000 0.000000 0.692187 0.681250 1.000000 0.000000 0.000000 0.000000 0.000000 0.000000 0.000000 0.000000 0.000000 0.000000 0.000000 0.000000 0.000000 0.000000 0.000000 0.000000 0.000000 0.000000 0.000000 0.000000 0.000000 0.000000 0.000000 0.000000 0.000000
0 0.303531 0.563531 0.197656 0.261188 0.362500 0.495833 2.000000 0.371875 0.487500 2.000000 0.354687 0.487500 2.000000 0.385937 0.491667 2.000000 0.335938 0.493750 1.000000 0.398438 0.558333 1.000000 0.296875 0.556250 2.000000 0.000000 0.000000 0.000000 0.220312 0.618750 2.000000 0.000000 0.000000 0.000000 0.232813 0.720833 1.000000 0.332813 0.710417 1.000000 0.282813 0.712500 1.000000 0.000000 0.000000 0.000000 0.000000 0.000000 0.000000 0.000000 0.000000 0.000000 0.000000 0.000000 0.000000
0 0.921383 0.743188 0.157234 0.513625 0.950000 0.568750 2.000000 0.962500 0.545833 2.000000 0.939063 0.550000 2.000000 0.995313 0.541667 2.000000 0.000000 0.000000 0.000000 0.000000 0.000000 0.000000 0.940625 0.635417 2.000000 0.000000 0.000000 0.000000 0.879687 0.716667 2.000000 0.954688 0.891667 2.000000 0.000000 0.000000 0.000000 0.000000 0.000000 0.000000 0.939063 0.856250 2.000000 0.885938 0.962500 2.000000 0.812500 0.858333 1.000000 0.000000 0.000000 0.000000 0.000000 0.000000 0.000000
0 0.185391 0.706885 0.367406 0.555063 0.157812 0.512500 2.000000 0.171875 0.495833 2.000000 0.137500 0.495833 2.000000 0.000000 0.000000 0.000000 0.100000 0.518750 2.000000 0.181250 0.631250 2.000000 0.064062 0.645833 2.000000 0.218750 0.839583 2.000000 0.000000 0.000000 0.000000 0.262500 0.981250 2.000000 0.123438 0.910417 2.000000 0.229687 0.964583 2.000000 0.176563 0.987500 1.000000 0.348438 0.975000 2.000000 0.000000 0.000000 0.000000 0.000000 0.000000 0.000000 0.000000 0.000000 0.000000
0 0.886555 0.541792 0.079859 0.129708 0.000000 0.000000 0.000000 0.000000 0.000000 0.000000 0.000000 0.000000 0.000000 0.000000 0.000000 0.000000 0.903125 0.518750 2.000000 0.876563 0.533333 2.000000 0.901563 0.547917 1.000000 0.000000 0.000000 0.000000 0.000000 0.000000 0.000000 0.000000 0.000000 0.000000 0.000000 0.000000 0.000000 0.000000 0.000000 0.000000 0.865625 0.633333 1.000000 0.000000 0.000000 0.000000 0.000000 0.000000 0.000000 0.000000 0.000000 0.000000 0.000000 0.000000 0.000000
0 0.590461 0.518010 0.070109 0.143313 0.000000 0.000000 0.000000 0.000000 0.000000 0.000000 0.000000 0.000000 0.000000 0.587500 0.487500 2.000000 0.000000 0.000000 0.000000 0.560937 0.537500 2.000000 0.639062 0.533333 1.000000 0.000000 0.000000 0.000000 0.000000 0.000000 0.000000 0.000000 0.000000 0.000000 0.000000 0.000000 0.000000 0.000000 0.000000 0.000000 0.000000 0.000000 0.000000 0.000000 0.000000 0.000000 0.000000 0.000000 0.000000 0.000000 0.000000 0.000000 0.000000 0.000000 0.000000
0 0.726461 0.757375 0.250891 0.484958 0.764062 0.608333 2.000000 0.787500 0.591667 2.000000 0.760938 0.581250 2.000000 0.823438 0.612500 2.000000 0.000000 0.000000 0.000000 0.782813 0.704167 2.000000 0.835938 0.689583 2.000000 0.706250 0.837500 2.000000 0.000000 0.000000 0.000000 0.626563 0.864583 2.000000 0.000000 0.000000 0.000000 0.782813 0.956250 1.000000 0.839063 0.935417 1.000000 0.610938 0.925000 2.000000 0.000000 0.000000 0.000000 0.000000 0.000000 0.000000 0.000000 0.000000 0.000000
0 0.027234 0.548417 0.054469 0.230417 0.037500 0.512500 2.000000 0.045312 0.500000 2.000000 0.018750 0.500000 2.000000 0.000000 0.000000 0.000000 0.000000 0.000000 0.000000 0.042188 0.600000 2.000000 0.000000 0.000000 0.000000 0.000000 0.000000 0.000000 0.000000 0.000000 0.000000 0.000000 0.000000 0.000000 0.000000 0.000000 0.000000 0.000000 0.000000 0.000000 0.000000 0.000000 0.000000 0.000000 0.000000 0.000000 0.000000 0.000000 0.000000 0.000000 0.000000 0.000000 0.000000 0.000000 0.000000
