0 0.331383 0.292573 0.257984 0.403271 0.314063 0.225000 2.000000 0.326562 0.212500 2.000000 0.314063 0.210417 2.000000 0.378125 0.222917 2.000000 0.000000 0.000000 0.000000 0.434375 0.302083 2.000000 0.320312 0.241667 2.000000 0.418750 0.412500 2.000000 0.273438 0.264583 2.000000 0.359375 0.456250 2.000000 0.237500 0.308333 2.000000 0.362500 0.527083 1.000000 0.290625 0.512500 1.000000 0.000000 0.000000 0.000000 0.000000 0.000000 0.000000 0.000000 0.000000 0.000000 0.000000 0.000000 0.000000
0 0.898969 0.264833 0.202062 0.479458 0.859375 0.204167 2.000000 0.867188 0.187500 2.000000 0.846875 0.183333 2.000000 0.928125 0.135417 2.000000 0.000000 0.000000 0.000000 0.000000 0.000000 0.000000 0.879687 0.179167 2.000000 0.000000 0.000000 0.000000 0.868750 0.306250 2.000000 0.915625 0.464583 1.000000 0.856250 0.379167 2.000000 0.970313 0.475000 2.000000 0.890625 0.464583 1.000000 0.000000 0.000000 0.000000 0.000000 0.000000 0.000000 0.000000 0.000000 0.000000 0.000000 0.000000 0.000000
0 0.617695 0.216479 0.112922 0.285375 0.629687 0.181250 2.000000 0.637500 0.168750 2.000000 0.618750 0.168750 2.000000 0.648438 0.154167 2.000000 0.593750 0.150000 2.000000 0.651563 0.220833 2.000000 0.582812 0.233333 2.000000 0.000000 0.000000 0.000000 0.573438 0.308333 1.000000 0.000000 0.000000 0.000000 0.621875 0.306250 2.000000 0.665625 0.387500 1.000000 0.621875 0.391667 1.000000 0.000000 0.000000 0.000000 0.000000 0.000000 0.000000 0.000000 0.000000 0.000000 0.000000 0.000000 0.000000
0 0.240047 0.753844 0.129844 0.280729 0.245312 0.718750 2.000000 0.254688 0.704167 2.000000 0.229687 0.704167 2.000000 0.268750 0.700000 2.000000 0.215625 0.697917 2.000000 0.284375 0.762500 2.000000 0.196875 0.760417 2.000000 0.285938 0.837500 2.000000 0.187500 0.843750 2.000000 0.303125 0.891667 1.000000 0.214062 0.825000 2.000000 0.271875 0.916667 1.000000 0.209375 0.914583 1.000000 0.000000 0.000000 0.000000 0.000000 0.000000 0.000000 0.000000 0.000000 0.000000 0.000000 0.000000 0.000000
0 0.796727 0.809260 0.330922 0.364187 0.801562 0.758333 2.000000 0.804688 0.741667 2.000000 0.810937 0.754167 2.000000 0.865625 0.777083 2.000000 0.000000 0.000000 0.000000 0.907813 0.900000 2.000000 0.832812 0.783333 2.000000 0.000000 0.000000 0.000000 0.743750 0.770833 2.000000 0.000000 0.000000 0.000000 0.668750 0.777083 2.000000 0.000000 0.000000 0.000000 0.812500 0.991667 1.000000 0.000000 0.000000 0.000000 0.000000 0.000000 0.000000 0.000000 0.000000 0.000000 0.000000 0.000000 0.000000
0 0.224156 0.175885 0.143781 0.330146 0.215625 0.108333 2.000000 0.231250 0.095833 2.000000 0.207813 0.093750 2.000000 0.257812 0.091667 2.000000 0.000000 0.000000 0.000000 0.268750 0.183333 2.000000 0.189062 0.154167 2.000000 0.271875 0.277083 1.000000 0.167187 0.229167 2.000000 0.232813 0.287500 2.000000 0.167187 0.314583 2.000000 0.240625 0.354167 1.000000 0.189062 0.343750 1.000000 0.000000 0.000000 0.000000 0.000000 0.000000 0.000000 0.000000 0.000000 0.000000 0.000000 0.000000 0.000000
0 0.719969 0.243719 0.137281 0.220312 0.695312 0.227083 2.000000 0.706250 0.212500 2.000000 0.687500 0.212500 2.000000 0.721875 0.202083 2.000000 0.676562 0.193750 2.000000 0.743750 0.250000 2.000000 0.675000 0.258333 2.000000 0.743750 0.302083 2.000000 0.665625 0.335417 2.000000 0.760938 0.325000 2.000000 0.707812 0.337500 1.000000 0.000000 0.000000 0.000000 0.000000 0.000000 0.000000 0.000000 0.000000 0.000000 0.000000 0.000000 0.000000 0.000000 0.000000 0.000000 0.000000 0.000000 0.000000
0 0.388398 0.739687 0.228922 0.451583 0.343750 0.702083 2.000000 0.348438 0.681250 2.000000 0.000000 0.000000 0.000000 0.407813 0.641667 2.000000 0.000000 0.000000 0.000000 0.509375 0.672917 1.000000 0.378125 0.652083 2.000000 0.514062 0.904167 1.000000 0.367188 0.795833 2.000000 0.382812 0.902083 2.000000 0.310937 0.860417 2.000000 0.000000 0.000000 0.000000 0.396875 0.995833 1.000000 0.000000 0.000000 0.000000 0.000000 0.000000 0.000000 0.000000 0.000000 0.000000 0.000000 0.000000 0.000000
0 0.108992 0.721208 0.140203 0.347167 0.132812 0.662500 2.000000 0.134375 0.643750 2.000000 0.115625 0.645833 2.000000 0.000000 0.000000 0.000000 0.071875 0.650000 2.000000 0.145313 0.722917 2.000000 0.051562 0.729167 1.000000 0.168750 0.831250 2.000000 0.040625 0.868750 1.000000 0.153125 0.802083 2.000000 0.128125 0.802083 2.000000 0.139063 0.943750 1.000000 0.076563 0.945833 1.000000 0.000000 0.000000 0.000000 0.000000 0.000000 0.000000 0.000000 0.000000 0.000000 0.000000 0.000000 0.000000
0 0.889906 0.728146 0.209437 0.448833 0.817187 0.614583 2.000000 0.831250 0.602083 2.000000 0.806250 0.589583 2.000000 0.889062 0.575000 2.000000 0.000000 0.000000 0.000000 0.932813 0.570833 2.000000 0.953125 0.581250 2.000000 0.890625 0.737500 1.000000 0.914062 0.716667 1.000000 0.807813 0.829167 1.000000 0.826562 0.812500 1.000000 0.965625 0.785417 2.000000 0.945312 0.775000 1.000000 0.000000 0.000000 0.000000 0.903125 0.883333 1.000000 0.000000 0.000000 0.000000 0.000000 0.000000 0.000000
