0 0.234727 0.605550 0.469453 0.788899 0.282813 0.358314 2.000000 0.307812 0.332553 2.000000 0.285938 0.332553 2.000000 0.367188 0.344262 2.000000 0.000000 0.000000 0.000000 0.396875 0.494145 2.000000 0.279687 0.454333 2.000000 0.317188 0.716628 2.000000 0.212500 0.634660 2.000000 0.178125 0.709602 2.000000 0.123438 0.690867 2.000000 0.300000 0.798595 1.000000 0.214062 0.754098 1.000000 0.085938 0.707260 2.000000 0.009375 0.679157 1.000000 0.000000 0.000000 0.000000 0.000000 0.000000 0.000000
0 0.349297 0.616850 0.543031 0.744379 0.484375 0.414520 2.000000 0.504687 0.384075 2.000000 0.471875 0.384075 2.000000 0.560937 0.402810 2.000000 0.000000 0.000000 0.000000 0.579688 0.578454 2.000000 0.457813 0.564403 2.000000 0.500000 0.763466 2.000000 0.403125 0.721311 2.000000 0.368750 0.796253 2.000000 0.364063 0.740047 2.000000 0.465625 0.878220 1.000000 0.382812 0.814988 2.000000 0.221875 0.763466 2.000000 0.223438 0.882904 2.000000 0.000000 0.000000 0.000000 0.000000 0.000000 0.000000
0 0.688180 0.616850 0.569734 0.743817 0.784375 0.437939 2.000000 0.812500 0.409836 2.000000 0.782813 0.412178 2.000000 0.885938 0.409836 2.000000 0.000000 0.000000 0.000000 0.929688 0.573770 2.000000 0.814063 0.587822 2.000000 0.910937 0.861827 1.000000 0.778125 0.791569 2.000000 0.787500 0.901639 1.000000 0.692187 0.836066 2.000000 0.840625 0.948478 1.000000 0.770312 0.896956 1.000000 0.571875 0.967213 1.000000 0.487500 0.845433 2.000000 0.000000 0.000000 0.000000 0.000000 0.000000 0.000000
0 0.800625 0.330328 0.134937 0.408993 0.745313 0.262295 2.000000 0.765625 0.236534 2.000000 0.740625 0.238876 2.000000 0.825000 0.259953 2.000000 0.000000 0.000000 0.000000 0.839063 0.402810 1.000000 0.756250 0.362998 2.000000 0.000000 0.000000 0.000000 0.000000 0.000000 0.000000 0.000000 0.000000 0.000000 0.000000 0.000000 0.000000 0.000000 0.000000 0.000000 0.000000 0.000000 0.000000 0.000000 0.000000 0.000000 0.000000 0.000000 0.000000 0.000000 0.000000 0.000000 0.000000 0.000000 0.000000
0 0.544273 0.204614 0.126234 0.245012 0.509375 0.217799 2.000000 0.526563 0.182670 2.000000 0.500000 0.185012 2.000000 0.570312 0.196721 2.000000 0.000000 0.000000 0.000000 0.601562 0.283372 1.000000 0.445312 0.330211 1.000000 0.000000 0.000000 0.000000 0.000000 0.000000 0.000000 0.000000 0.000000 0.000000 0.000000 0.000000 0.000000 0.000000 0.000000 0.000000 0.000000 0.000000 0.000000 0.000000 0.000000 0.000000 0.000000 0.000000 0.000000 0.000000 0.000000 0.000000 0.000000 0.000000 0.000000
0 0.232391 0.415726 0.152938 0.453934 0.225000 0.351288 2.000000 0.245312 0.318501 2.000000 0.214062 0.313817 2.000000 0.292187 0.332553 1.000000 0.000000 0.000000 0.000000 0.300000 0.489461 1.000000 0.203125 0.463700 2.000000 0.246875 0.690867 1.000000 0.164062 0.665105 1.000000 0.129688 0.690867 1.000000 0.089063 0.646370 1.000000 0.000000 0.000000 0.000000 0.000000 0.000000 0.000000 0.000000 0.000000 0.000000 0.000000 0.000000 0.000000 0.000000 0.000000 0.000000 0.000000 0.000000 0.000000
0 0.112445 0.561792 0.224891 0.853934 0.095312 0.285714 2.000000 0.104688 0.252927 2.000000 0.000000 0.000000 0.000000 0.162500 0.243560 2.000000 0.000000 0.000000 0.000000 0.193750 0.395785 2.000000 0.090625 0.381733 2.000000 0.125000 0.592506 2.000000 0.000000 0.000000 0.000000 0.000000 0.000000 0.000000 0.000000 0.000000 0.000000 0.000000 0.000000 0.000000 0.000000 0.000000 0.000000 0.000000 0.000000 0.000000 0.000000 0.000000 0.000000 0.000000 0.000000 0.000000 0.000000 0.000000 0.000000
0 0.884586 0.067412 0.122953 0.134824 0.000000 0.000000 0.000000 0.000000 0.000000 0.000000 0.000000 0.000000 0.000000 0.000000 0.000000 0.000000 0.000000 0.000000 0.000000 0.906250 0.049180 2.000000 0.000000 0.000000 0.000000 0.000000 0.000000 0.000000 0.000000 0.000000 0.000000 0.000000 0.000000 0.000000 0.000000 0.000000 0.000000 0.000000 0.000000 0.000000 0.000000 0.000000 0.000000 0.000000 0.000000 0.000000 0.000000 0.000000 0.000000 0.000000 0.000000 0.000000 0.000000 0.000000 0.000000
0 0.440312 0.248536 0.095531 0.429532 0.417187 0.145199 2.000000 0.437500 0.117096 2.000000 0.410938 0.117096 2.000000 0.476562 0.142857 2.000000 0.000000 0.000000 0.000000 0.485938 0.269321 1.000000 0.392188 0.264637 1.000000 0.000000 0.000000 0.000000 0.000000 0.000000 0.000000 0.000000 0.000000 0.000000 0.000000 0.000000 0.000000 0.000000 0.000000 0.000000 0.000000 0.000000 0.000000 0.000000 0.000000 0.000000 0.000000 0.000000 0.000000 0.000000 0.000000 0.000000 0.000000 0.000000 0.000000
0 0.051727 0.314614 0.103453 0.485386 0.000000 0.000000 0.000000 0.009375 0.189696 2.000000 0.000000 0.000000 0.000000 0.065625 0.213115 2.000000 0.000000 0.000000 0.000000 0.084375 0.332553 2.000000 0.000000 0.000000 0.000000 0.014063 0.505855 2.000000 0.000000 0.000000 0.000000 0.000000 0.000000 0.000000 0.000000 0.000000 0.000000 0.000000 0.000000 0.000000 0.000000 0.000000 0.000000 0.000000 0.000000 0.000000 0.000000 0.000000 0.000000 0.000000 0.000000 0.000000 0.000000 0.000000 0.000000
0 0.756477 0.644157 0.487047 0.706487 0.615625 0.503513 1.000000 0.635938 0.477752 1.000000 0.609375 0.470726 1.000000 0.703125 0.459016 1.000000 0.000000 0.000000 0.000000 0.731250 0.580796 1.000000 0.612500 0.566745 1.000000 0.643750 0.777518 1.000000 0.557813 0.733021 1.000000 0.000000 0.000000 0.000000 0.000000 0.000000 0.000000 0.000000 0.000000 0.000000 0.000000 0.000000 0.000000 0.000000 0.000000 0.000000 0.000000 0.000000 0.000000 0.000000 0.000000 0.000000 0.000000 0.000000 0.000000
0 0.621063 0.558841 0.273469 0.560492 0.615625 0.508197 2.000000 0.632812 0.475410 2.000000 0.000000 0.000000 0.000000 0.692187 0.463700 2.000000 0.000000 0.000000 0.000000 0.737500 0.613583 2.000000 0.634375 0.564403 2.000000 0.645312 0.800937 2.000000 0.562500 0.765808 2.000000 0.468750 0.885246 1.000000 0.443750 0.857143 1.000000 0.000000 0.000000 0.000000 0.000000 0.000000 0.000000 0.000000 0.000000 0.000000 0.000000 0.000000 0.000000 0.000000 0.000000 0.000000 0.000000 0.000000 0.000000
0 0.662180 0.212529 0.163016 0.274333 0.607812 0.229508 2.000000 0.625000 0.203747 2.000000 0.596875 0.201405 2.000000 0.671875 0.192037 2.000000 0.000000 0.000000 0.000000 0.717187 0.297424 2.000000 0.571875 0.281030 1.000000 0.000000 0.000000 0.000000 0.000000 0.000000 0.000000 0.000000 0.000000 0.000000 0.000000 0.000000 0.000000 0.000000 0.000000 0.000000 0.000000 0.000000 0.000000 0.000000 0.000000 0.000000 0.000000 0.000000 0.000000 0.000000 0.000000 0.000000 0.000000 0.000000 0.000000
