0 0.812867 0.560023 0.374266 0.878080 0.742188 0.323185 2.000000 0.760938 0.283372 2.000000 0.731250 0.304450 2.000000 0.848437 0.288056 2.000000 0.000000 0.000000 0.000000 0.870313 0.501171 1.000000 0.796875 0.522248 2.000000 0.851562 0.850117 2.000000 0.759375 0.779859 2.000000 0.000000 0.000000 0.000000 0.681250 0.943794 2.000000 0.000000 0.000000 0.000000 0.000000 0.000000 0.000000 0.000000 0.000000 0.000000 0.000000 0.000000 0.000000 0.000000 0.000000 0.000000 0.000000 0.000000 0.000000
0 0.447773 0.502447 0.435828 0.995105 0.389062 0.229508 1.000000 0.398438 0.189696 1.000000 0.382812 0.203747 1.000000 0.445312 0.166276 1.000000 0.000000 0.000000 0.000000 0.534375 0.283372 1.000000 0.437500 0.306792 1.000000 0.496875 0.519906 2.000000 0.392188 0.510539 1.000000 0.373437 0.599532 1.000000 0.321875 0.358314 1.000000 0.448437 0.639344 2.000000 0.000000 0.000000 0.000000 0.265625 0.625293 1.000000 0.000000 0.000000 0.000000 0.000000 0.000000 0.000000 0.000000 0.000000 0.000000
0 0.290836 0.534801 0.578641 0.930398 0.301563 0.199063 1.000000 0.318750 0.173302 1.000000 0.289062 0.166276 1.000000 0.359375 0.180328 2.000000 0.000000 0.000000 0.000000 0.398438 0.255269 2.000000 0.248438 0.257611 1.000000 0.303125 0.522248 1.000000 0.187500 0.428571 1.000000 0.275000 0.353630 1.000000 0.270313 0.517564 1.000000 0.339062 0.578454 2.000000 0.225000 0.569087 1.000000 0.240625 0.747073 1.000000 0.060937 0.681499 1.000000 0.000000 0.000000 0.000000 0.117188 0.992974 2.000000
0 0.498937 0.074789 0.108813 0.146768 0.000000 0.000000 0.000000 0.000000 0.000000 0.000000 0.000000 0.000000 0.000000 0.000000 0.000000 0.000000 0.000000 0.000000 0.000000 0.529687 0.039813 2.000000 0.464062 0.056206 2.000000 0.000000 0.000000 0.000000 0.000000 0.000000 0.000000 0.000000 0.000000 0.000000 0.000000 0.000000 0.000000 0.000000 0.000000 0.000000 0.000000 0.000000 0.000000 0.000000 0.000000 0.000000 0.000000 0.000000 0.000000 0.000000 0.000000 0.000000 0.000000 0.000000 0.000000
0 0.866594 0.108993 0.149938 0.217986 0.850000 0.002342 2.000000 0.000000 0.000000 0.000000 0.000000 0.000000 0.000000 0.000000 0.000000 0.000000 0.000000 0.000000 0.000000 0.887500 0.051522 2.000000 0.815625 0.056206 2.000000 0.868750 0.189696 1.000000 0.000000 0.000000 0.000000 0.000000 0.000000 0.000000 0.000000 0.000000 0.000000 0.892188 0.217799 1.000000 0.826562 0.213115 1.000000 0.000000 0.000000 0.000000 0.000000 0.000000 0.000000 0.000000 0.000000 0.000000 0.000000 0.000000 0.000000
0 0.734633 0.064286 0.105422 0.128571 0.000000 0.000000 0.000000 0.000000 0.000000 0.000000 0.000000 0.000000 0.000000 0.000000 0.000000 0.000000 0.000000 0.000000 0.000000 0.703125 0.044496 2.000000 0.759375 0.035129 2.000000 0.000000 0.000000 0.000000 0.000000 0.000000 0.000000 0.000000 0.000000 0.000000 0.000000 0.000000 0.000000 0.000000 0.000000 0.000000 0.000000 0.000000 0.000000 0.000000 0.000000 0.000000 0.000000 0.000000 0.000000 0.000000 0.000000 0.000000 0.000000 0.000000 0.000000
0 0.576586 0.513583 0.421734 0.948150 0.631250 0.264637 2.000000 0.653125 0.227166 2.000000 0.617188 0.234192 2.000000 0.717187 0.201405 1.000000 0.000000 0.000000 0.000000 0.814063 0.393443 1.000000 0.637500 0.423888 2.000000 0.918750 0.386417 1.000000 0.582812 0.655738 2.000000 0.954688 0.419204 1.000000 0.546875 0.831382 2.000000 0.726562 0.847775 1.000000 0.595313 0.810304 2.000000 0.000000 0.000000 0.000000 0.428125 0.908665 2.000000 0.000000 0.000000 0.000000 0.000000 0.000000 0.000000
0 0.265594 0.080808 0.078875 0.155855 0.257812 0.060890 2.000000 0.271875 0.042155 2.000000 0.254688 0.046838 2.000000 0.296875 0.044496 2.000000 0.000000 0.000000 0.000000 0.000000 0.000000 0.000000 0.000000 0.000000 0.000000 0.000000 0.000000 0.000000 0.000000 0.000000 0.000000 0.000000 0.000000 0.000000 0.000000 0.000000 0.000000 0.000000 0.000000 0.000000 0.000000 0.000000 0.000000 0.000000 0.000000 0.000000 0.000000 0.000000 0.000000 0.000000 0.000000 0.000000 0.000000 0.000000 0.000000
0 0.214164 0.489368 0.345953 0.841967 0.296875 0.192037 2.000000 0.315625 0.173302 2.000000 0.287500 0.168618 2.000000 0.359375 0.192037 2.000000 0.000000 0.000000 0.000000 0.375000 0.320843 1.000000 0.254688 0.252927 2.000000 0.289062 0.512881 2.000000 0.196875 0.430913 2.000000 0.278125 0.353630 2.000000 0.265625 0.512881 2.000000 0.295312 0.611241 1.000000 0.237500 0.578454 2.000000 0.000000 0.000000 0.000000 0.068750 0.683841 2.000000 0.000000 0.000000 0.000000 0.114062 0.955504 1.000000
0 0.140578 0.396756 0.281156 0.787752 0.120313 0.147541 2.000000 0.140625 0.121780 2.000000 0.104688 0.114754 2.000000 0.173437 0.140515 2.000000 0.089063 0.117096 1.000000 0.242188 0.217799 2.000000 0.045312 0.281030 2.000000 0.000000 0.000000 0.000000 0.029687 0.440281 2.000000 0.000000 0.000000 0.000000 0.046875 0.580796 2.000000 0.179688 0.529274 1.000000 0.087500 0.498829 2.000000 0.126562 0.676815 1.000000 0.000000 0.000000 0.000000 0.000000 0.000000 0.000000 0.000000 0.000000 0.000000
0 0.042352 0.176698 0.084391 0.353396 0.000000 0.000000 0.000000 0.004687 0.007026 2.000000 0.000000 0.000000 0.000000 0.031250 0.044496 2.000000 0.000000 0.000000 0.000000 0.018750 0.170960 2.000000 0.045312 0.114754 2.000000 0.015625 0.330211 1.000000 0.000000 0.000000 0.000000 0.000000 0.000000 0.000000 0.000000 0.000000 0.000000 0.042188 0.508197 1.000000 0.000000 0.000000 0.000000 0.000000 0.000000 0.000000 0.000000 0.000000 0.000000 0.000000 0.000000 0.000000 0.000000 0.000000 0.000000
0 0.338000 0.038232 0.078156 0.076464 0.306250 0.067916 1.000000 0.320312 0.053864 2.000000 0.304688 0.046838 2.000000 0.350000 0.077283 1.000000 0.000000 0.000000 0.000000 0.000000 0.000000 0.000000 0.000000 0.000000 0.000000 0.000000 0.000000 0.000000 0.000000 0.000000 0.000000 0.000000 0.000000 0.000000 0.000000 0.000000 0.000000 0.000000 0.000000 0.000000 0.000000 0.000000 0.000000 0.000000 0.000000 0.000000 0.000000 0.000000 0.000000 0.000000 0.000000 0.000000 0.000000 0.000000 0.000000
0 0.958109 0.055164 0.083781 0.109251 0.000000 0.000000 0.000000 0.000000 0.000000 0.000000 0.000000 0.000000 0.000000 0.000000 0.000000 0.000000 0.000000 0.000000 0.000000 0.975000 0.004684 2.000000 0.928125 0.007026 2.000000 0.976562 0.067916 2.000000 0.000000 0.000000 0.000000 0.942187 0.086651 2.000000 0.000000 0.000000 0.000000 0.000000 0.000000 0.000000 0.000000 0.000000 0.000000 0.000000 0.000000 0.000000 0.000000 0.000000 0.000000 0.000000 0.000000 0.000000 0.000000 0.000000 0.000000
