0 0.467680 0.697688 0.146703 0.317875 0.000000 0.000000 0.000000 0.000000 0.000000 0.000000 0.000000 0.000000 0.000000 0.000000 0.000000 0.000000 0.000000 0.000000 0.000000 0.459375 0.575000 2.000000 0.490625 0.602083 2.000000 0.428125 0.610417 2.000000 0.000000 0.000000 0.000000 0.421875 0.641667 2.000000 0.000000 0.000000 0.000000 0.459375 0.679167 2.000000 0.484375 0.689583 2.000000 0.418750 0.758333 2.000000 0.478125 0.762500 2.000000 0.410938 0.831250 2.000000 0.521875 0.822917 2.000000
0 0.705305 0.738906 0.192953 0.214771 0.000000 0.000000 0.000000 0.707812 0.668750 2.000000 0.000000 0.000000 0.000000 0.720313 0.668750 2.000000 0.000000 0.000000 0.000000 0.723437 0.687500 2.000000 0.757812 0.672917 2.000000 0.668750 0.718750 2.000000 0.000000 0.000000 0.000000 0.635938 0.729167 2.000000 0.000000 0.000000 0.000000 0.775000 0.770833 2.000000 0.792188 0.760417 2.000000 0.692187 0.747917 1.000000 0.000000 0.000000 0.000000 0.710938 0.806250 2.000000 0.773438 0.793750 2.000000
0 0.800016 0.134813 0.080469 0.187750 0.796875 0.066667 2.000000 0.800000 0.062500 2.000000 0.793750 0.062500 2.000000 0.807813 0.062500 2.000000 0.000000 0.000000 0.000000 0.815625 0.079167 2.000000 0.787500 0.083333 2.000000 0.820312 0.093750 1.000000 0.764062 0.087500 2.000000 0.796875 0.091667 2.000000 0.770312 0.089583 2.000000 0.818750 0.147917 2.000000 0.801562 0.156250 2.000000 0.821875 0.156250 2.000000 0.807813 0.216667 2.000000 0.823438 0.216667 2.000000 0.807813 0.256250 1.000000
0 0.745172 0.131531 0.081781 0.177563 0.732812 0.068750 2.000000 0.737500 0.064583 2.000000 0.729688 0.064583 2.000000 0.743750 0.064583 2.000000 0.000000 0.000000 0.000000 0.751563 0.077083 2.000000 0.731250 0.075000 2.000000 0.732812 0.095833 2.000000 0.707812 0.083333 2.000000 0.718750 0.118750 1.000000 0.732812 0.087500 2.000000 0.770312 0.145833 2.000000 0.748437 0.145833 1.000000 0.768750 0.197917 2.000000 0.743750 0.195833 1.000000 0.775000 0.239583 1.000000 0.745313 0.237500 1.000000
0 0.697570 0.125167 0.074828 0.183917 0.695312 0.062500 2.000000 0.698438 0.054167 2.000000 0.692187 0.054167 2.000000 0.704688 0.058333 2.000000 0.000000 0.000000 0.000000 0.710938 0.070833 2.000000 0.687500 0.072917 2.000000 0.692187 0.085417 2.000000 0.664062 0.081250 2.000000 0.682813 0.075000 2.000000 0.684375 0.087500 2.000000 0.718750 0.129167 1.000000 0.698438 0.131250 2.000000 0.710938 0.147917 2.000000 0.706250 0.179167 2.000000 0.721875 0.183333 2.000000 0.000000 0.000000 0.000000
0 0.601680 0.115177 0.111234 0.184271 0.610938 0.045833 2.000000 0.614062 0.043750 2.000000 0.607812 0.043750 2.000000 0.621875 0.043750 2.000000 0.000000 0.000000 0.000000 0.623437 0.060417 2.000000 0.603125 0.058333 2.000000 0.639062 0.070833 2.000000 0.587500 0.062500 2.000000 0.617188 0.075000 2.000000 0.568750 0.062500 2.000000 0.626563 0.160417 2.000000 0.614062 0.162500 2.000000 0.637500 0.197917 2.000000 0.614062 0.200000 1.000000 0.000000 0.000000 0.000000 0.000000 0.000000 0.000000
0 0.467148 0.097677 0.080172 0.160854 0.453125 0.039583 2.000000 0.456250 0.033333 2.000000 0.450000 0.033333 2.000000 0.464062 0.033333 2.000000 0.000000 0.000000 0.000000 0.468750 0.039583 2.000000 0.446875 0.039583 2.000000 0.457813 0.068750 2.000000 0.429688 0.058333 2.000000 0.443750 0.097917 2.000000 0.451562 0.058333 2.000000 0.490625 0.102083 2.000000 0.470313 0.102083 2.000000 0.492188 0.162500 2.000000 0.446875 0.118750 2.000000 0.503125 0.202083 1.000000 0.465625 0.164583 2.000000
0 0.411578 0.090542 0.062344 0.165292 0.410938 0.029167 2.000000 0.412500 0.025000 2.000000 0.409375 0.025000 2.000000 0.421875 0.025000 2.000000 0.000000 0.000000 0.000000 0.423438 0.039583 2.000000 0.401562 0.041667 2.000000 0.404687 0.050000 2.000000 0.382812 0.041667 1.000000 0.393750 0.047917 2.000000 0.400000 0.039583 2.000000 0.431250 0.100000 2.000000 0.414062 0.102083 2.000000 0.434375 0.143750 2.000000 0.415625 0.135417 2.000000 0.000000 0.000000 0.000000 0.000000 0.000000 0.000000
0 0.843328 0.734302 0.139562 0.307188 0.804688 0.614583 2.000000 0.807813 0.608333 2.000000 0.000000 0.000000 0.000000 0.818750 0.608333 2.000000 0.000000 0.000000 0.000000 0.831250 0.629167 2.000000 0.840625 0.629167 2.000000 0.860938 0.677083 2.000000 0.820312 0.695833 2.000000 0.857812 0.731250 2.000000 0.785937 0.697917 2.000000 0.885938 0.725000 2.000000 0.881250 0.720833 2.000000 0.832812 0.777083 2.000000 0.859375 0.768750 2.000000 0.854688 0.856250 2.000000 0.884375 0.827083 2.000000
0 0.872477 0.138917 0.100672 0.210292 0.857812 0.058333 2.000000 0.860938 0.054167 2.000000 0.856250 0.054167 2.000000 0.870313 0.056250 2.000000 0.853125 0.054167 2.000000 0.881250 0.081250 2.000000 0.846875 0.079167 2.000000 0.868750 0.106250 2.000000 0.820312 0.102083 1.000000 0.843750 0.077083 2.000000 0.826562 0.079167 2.000000 0.889062 0.152083 2.000000 0.862500 0.158333 1.000000 0.892188 0.220833 2.000000 0.860938 0.225000 2.000000 0.895312 0.262500 1.000000 0.864062 0.277083 1.000000
0 0.365258 0.089604 0.068172 0.168833 0.362500 0.020833 2.000000 0.367188 0.014583 2.000000 0.356250 0.016667 2.000000 0.370312 0.014583 2.000000 0.000000 0.000000 0.000000 0.381250 0.031250 2.000000 0.354687 0.029167 2.000000 0.378125 0.039583 2.000000 0.335938 0.031250 1.000000 0.359375 0.043750 2.000000 0.348438 0.041667 1.000000 0.384375 0.104167 2.000000 0.365625 0.102083 2.000000 0.379688 0.156250 2.000000 0.378125 0.160417 2.000000 0.000000 0.000000 0.000000 0.000000 0.000000 0.000000
