0 0.417699 0.595141 0.259089 0.529906 0.320093 0.379688 1.000000 0.334112 0.370312 2.000000 0.000000 0.000000 0.000000 0.387850 0.376563 2.000000 0.000000 0.000000 0.000000 0.457944 0.412500 2.000000 0.331776 0.417187 2.000000 0.518692 0.485938 2.000000 0.320093 0.509375 2.000000 0.500000 0.542188 2.000000 0.415888 0.546875 2.000000 0.483645 0.539062 2.000000 0.390187 0.535937 2.000000 0.469626 0.696875 2.000000 0.364486 0.676562 2.000000 0.514019 0.778125 2.000000 0.355140 0.796875 2.000000
0 0.872325 0.394867 0.146145 0.191328 0.880841 0.331250 2.000000 0.887850 0.326562 2.000000 0.871495 0.326562 2.000000 0.000000 0.000000 0.000000 0.000000 0.000000 0.000000 0.920561 0.368750 2.000000 0.857477 0.359375 2.000000 0.913551 0.417187 2.000000 0.827103 0.398438 2.000000 0.841121 0.417187 2.000000 0.864486 0.421875 2.000000 0.915888 0.432812 2.000000 0.852804 0.426563 2.000000 0.869159 0.440625 2.000000 0.827103 0.437500 2.000000 0.857477 0.500000 1.000000 0.808411 0.496875 1.000000
0 0.973364 0.375977 0.053271 0.152891 0.992991 0.326562 2.000000 0.000000 0.000000 0.000000 0.990654 0.320312 2.000000 0.000000 0.000000 0.000000 0.000000 0.000000 0.000000 0.000000 0.000000 0.000000 0.964953 0.354687 2.000000 0.000000 0.000000 0.000000 0.960280 0.406250 2.000000 0.000000 0.000000 0.000000 0.000000 0.000000 0.000000 0.000000 0.000000 0.000000 0.983645 0.415625 2.000000 0.000000 0.000000 0.000000 0.000000 0.000000 0.000000 0.000000 0.000000 0.000000 0.000000 0.000000 0.000000
0 0.476320 0.314922 0.114509 0.092969 0.441589 0.306250 2.000000 0.450935 0.300000 2.000000 0.436916 0.300000 2.000000 0.481308 0.303125 2.000000 0.000000 0.000000 0.000000 0.507009 0.340625 2.000000 0.415888 0.337500 1.000000 0.000000 0.000000 0.000000 0.000000 0.000000 0.000000 0.000000 0.000000 0.000000 0.000000 0.000000 0.000000 0.000000 0.000000 0.000000 0.000000 0.000000 0.000000 0.000000 0.000000 0.000000 0.000000 0.000000 0.000000 0.000000 0.000000 0.000000 0.000000 0.000000 0.000000
0 0.689451 0.280234 0.134883 0.119313 0.696262 0.250000 2.000000 0.707944 0.245312 2.000000 0.686916 0.243750 2.000000 0.719626 0.250000 2.000000 0.672897 0.245312 2.000000 0.728972 0.284375 1.000000 0.656542 0.282813 2.000000 0.740654 0.328125 1.000000 0.626168 0.318750 1.000000 0.000000 0.000000 0.000000 0.000000 0.000000 0.000000 0.712617 0.357812 1.000000 0.647196 0.354687 1.000000 0.000000 0.000000 0.000000 0.000000 0.000000 0.000000 0.000000 0.000000 0.000000 0.000000 0.000000 0.000000
0 0.602547 0.377617 0.147570 0.215672 0.591121 0.304688 2.000000 0.598131 0.298438 2.000000 0.581776 0.298438 2.000000 0.623832 0.298438 2.000000 0.000000 0.000000 0.000000 0.649533 0.329688 2.000000 0.556075 0.326562 2.000000 0.644860 0.376563 2.000000 0.537383 0.371875 2.000000 0.609813 0.412500 2.000000 0.000000 0.000000 0.000000 0.609813 0.421875 2.000000 0.549065 0.420312 1.000000 0.598131 0.432812 2.000000 0.000000 0.000000 0.000000 0.588785 0.487500 1.000000 0.000000 0.000000 0.000000
0 0.312395 0.284672 0.123528 0.125188 0.301402 0.250000 2.000000 0.310748 0.243750 2.000000 0.296729 0.243750 2.000000 0.331776 0.245312 2.000000 0.000000 0.000000 0.000000 0.352804 0.282813 2.000000 0.275701 0.276562 2.000000 0.352804 0.325000 1.000000 0.252336 0.310937 1.000000 0.282710 0.337500 1.000000 0.266355 0.334375 2.000000 0.000000 0.000000 0.000000 0.000000 0.000000 0.000000 0.000000 0.000000 0.000000 0.000000 0.000000 0.000000 0.000000 0.000000 0.000000 0.000000 0.000000 0.000000
0 0.171928 0.260609 0.119836 0.085219 0.165888 0.243750 2.000000 0.175234 0.239063 2.000000 0.158879 0.239063 2.000000 0.198598 0.242188 2.000000 0.000000 0.000000 0.000000 0.212617 0.270313 2.000000 0.133178 0.268750 2.000000 0.212617 0.312500 1.000000 0.128505 0.310937 1.000000 0.000000 0.000000 0.000000 0.135514 0.273438 2.000000 0.189252 0.329688 1.000000 0.147196 0.326562 1.000000 0.000000 0.000000 0.000000 0.000000 0.000000 0.000000 0.000000 0.000000 0.000000 0.000000 0.000000 0.000000
0 0.710829 0.384055 0.187827 0.201641 0.719626 0.310937 2.000000 0.731308 0.304688 2.000000 0.710280 0.304688 2.000000 0.752336 0.304688 2.000000 0.000000 0.000000 0.000000 0.775701 0.342187 2.000000 0.686916 0.342187 2.000000 0.773364 0.392188 2.000000 0.677570 0.389062 2.000000 0.705607 0.395313 2.000000 0.721963 0.385937 2.000000 0.759346 0.429688 2.000000 0.691589 0.428125 2.000000 0.731308 0.435937 2.000000 0.633178 0.434375 2.000000 0.735981 0.509375 1.000000 0.628505 0.501563 1.000000
0 0.679603 0.152313 0.131355 0.147500 0.658879 0.112500 2.000000 0.665888 0.106250 2.000000 0.649533 0.107813 2.000000 0.684579 0.103125 2.000000 0.000000 0.000000 0.000000 0.719626 0.134375 2.000000 0.635514 0.135937 2.000000 0.728972 0.182812 1.000000 0.623832 0.182812 2.000000 0.693925 0.200000 2.000000 0.633178 0.200000 1.000000 0.696262 0.204687 2.000000 0.637850 0.204687 1.000000 0.000000 0.000000 0.000000 0.000000 0.000000 0.000000 0.000000 0.000000 0.000000 0.000000 0.000000 0.000000
0 0.598026 0.224086 0.159229 0.144703 0.591121 0.184375 2.000000 0.598131 0.175000 2.000000 0.584112 0.176563 2.000000 0.612150 0.173437 2.000000 0.567757 0.178125 2.000000 0.644860 0.204687 2.000000 0.560748 0.210938 2.000000 0.665888 0.250000 2.000000 0.549065 0.262500 1.000000 0.612150 0.243750 1.000000 0.558411 0.228125 2.000000 0.640187 0.285938 1.000000 0.572430 0.289062 1.000000 0.000000 0.000000 0.000000 0.532710 0.287500 2.000000 0.000000 0.000000 0.000000 0.000000 0.000000 0.000000
0 0.236530 0.220922 0.135958 0.167219 0.231308 0.168750 2.000000 0.242991 0.164062 2.000000 0.226636 0.164062 2.000000 0.264019 0.164062 2.000000 0.000000 0.000000 0.000000 0.280374 0.193750 2.000000 0.207944 0.193750 2.000000 0.273364 0.237500 2.000000 0.170561 0.234375 1.000000 0.212617 0.250000 2.000000 0.228972 0.234375 2.000000 0.261682 0.264062 2.000000 0.214953 0.264062 1.000000 0.000000 0.000000 0.000000 0.000000 0.000000 0.000000 0.000000 0.000000 0.000000 0.000000 0.000000 0.000000
0 0.929182 0.171195 0.125140 0.167953 0.920561 0.114062 2.000000 0.932243 0.109375 2.000000 0.913551 0.107813 2.000000 0.950935 0.106250 2.000000 0.000000 0.000000 0.000000 0.974299 0.145313 2.000000 0.890187 0.146875 2.000000 0.957944 0.181250 2.000000 0.871495 0.173437 2.000000 0.901869 0.182812 2.000000 0.918224 0.175000 2.000000 0.971963 0.217188 2.000000 0.894860 0.217188 2.000000 0.911215 0.223438 2.000000 0.920561 0.198437 2.000000 0.000000 0.000000 0.000000 0.946262 0.270313 1.000000
