0 0.110391 0.565167 0.173594 0.397750 0.143750 0.404167 2.000000 0.148438 0.397917 2.000000 0.139063 0.395833 2.000000 0.156250 0.404167 2.000000 0.128125 0.397917 2.000000 0.164062 0.452083 2.000000 0.109375 0.443750 2.000000 0.181250 0.493750 2.000000 0.071875 0.470833 2.000000 0.000000 0.000000 0.000000 0.046875 0.458333 2.000000 0.150000 0.558333 2.000000 0.112500 0.552083 2.000000 0.142187 0.643750 2.000000 0.103125 0.641667 2.000000 0.134375 0.725000 2.000000 0.093750 0.725000 2.000000
0 0.430406 0.668802 0.132937 0.295687 0.457813 0.556250 2.000000 0.465625 0.547917 2.000000 0.451562 0.545833 2.000000 0.468750 0.566667 2.000000 0.442188 0.556250 1.000000 0.475000 0.616667 2.000000 0.421875 0.600000 2.000000 0.482812 0.695833 2.000000 0.373437 0.639583 2.000000 0.479687 0.668750 2.000000 0.385937 0.664583 2.000000 0.451562 0.733333 2.000000 0.414062 0.702083 2.000000 0.454688 0.797917 2.000000 0.385937 0.687500 2.000000 0.453125 0.793750 2.000000 0.403125 0.779167 2.000000
0 0.715445 0.651687 0.214047 0.489875 0.714063 0.466667 2.000000 0.725000 0.456250 2.000000 0.712500 0.456250 2.000000 0.000000 0.000000 0.000000 0.000000 0.000000 0.000000 0.754687 0.483333 2.000000 0.726562 0.512500 2.000000 0.773438 0.583333 2.000000 0.673438 0.541667 2.000000 0.765625 0.652083 2.000000 0.635938 0.500000 2.000000 0.725000 0.681250 2.000000 0.701562 0.679167 2.000000 0.728125 0.783333 2.000000 0.678125 0.775000 2.000000 0.810937 0.822917 2.000000 0.712500 0.839583 2.000000
0 0.580805 0.686188 0.128078 0.303958 0.575000 0.572917 2.000000 0.582812 0.562500 2.000000 0.568750 0.566667 2.000000 0.596875 0.564583 2.000000 0.000000 0.000000 0.000000 0.618750 0.616667 2.000000 0.556250 0.616667 2.000000 0.606250 0.681250 2.000000 0.546875 0.681250 2.000000 0.564063 0.695833 2.000000 0.535937 0.743750 2.000000 0.626563 0.733333 2.000000 0.582812 0.733333 2.000000 0.589063 0.710417 2.000000 0.531250 0.762500 2.000000 0.609375 0.806250 2.000000 0.584375 0.779167 2.000000
0 0.259086 0.335656 0.330016 0.592646 0.000000 0.000000 0.000000 0.000000 0.000000 0.000000 0.000000 0.000000 0.000000 0.000000 0.000000 0.000000 0.000000 0.000000 0.000000 0.339062 0.204167 2.000000 0.250000 0.187500 2.000000 0.398438 0.185417 2.000000 0.173437 0.133333 2.000000 0.414062 0.160417 2.000000 0.123438 0.075000 2.000000 0.351562 0.391667 2.000000 0.278125 0.387500 2.000000 0.404687 0.520833 2.000000 0.210938 0.516667 2.000000 0.317188 0.579167 2.000000 0.235937 0.568750 2.000000
0 0.509273 0.505323 0.049766 0.172729 0.501563 0.456250 2.000000 0.506250 0.447917 2.000000 0.496875 0.450000 2.000000 0.514062 0.454167 2.000000 0.490625 0.458333 2.000000 0.529687 0.493750 2.000000 0.475000 0.504167 1.000000 0.000000 0.000000 0.000000 0.000000 0.000000 0.000000 0.000000 0.000000 0.000000 0.000000 0.000000 0.000000 0.526563 0.597917 1.000000 0.493750 0.604167 1.000000 0.000000 0.000000 0.000000 0.000000 0.000000 0.000000 0.000000 0.000000 0.000000 0.000000 0.000000 0.000000
0 0.569656 0.527531 0.101125 0.258437 0.562500 0.445833 2.000000 0.568750 0.437500 2.000000 0.556250 0.439583 2.000000 0.000000 0.000000 0.000000 0.000000 0.000000 0.000000 0.593750 0.481250 2.000000 0.542188 0.487500 2.000000 0.609375 0.556250 1.000000 0.528125 0.554167 2.000000 0.000000 0.000000 0.000000 0.529687 0.606250 2.000000 0.587500 0.579167 1.000000 0.551562 0.579167 2.000000 0.000000 0.000000 0.000000 0.000000 0.000000 0.000000 0.000000 0.000000 0.000000 0.000000 0.000000 0.000000
0 0.867977 0.576396 0.185391 0.797750 0.814063 0.337500 2.000000 0.821875 0.322917 2.000000 0.804688 0.329167 2.000000 0.840625 0.331250 2.000000 0.000000 0.000000 0.000000 0.870313 0.354167 2.000000 0.807813 0.418750 2.000000 0.914062 0.310417 2.000000 0.821875 0.516667 2.000000 0.903125 0.220833 2.000000 0.779687 0.520833 1.000000 0.851562 0.589583 2.000000 0.801562 0.600000 2.000000 0.889062 0.737500 2.000000 0.804688 0.745833 2.000000 0.923438 0.895833 2.000000 0.845313 0.875000 2.000000
0 0.446625 0.514604 0.155062 0.197750 0.459375 0.554167 2.000000 0.465625 0.550000 2.000000 0.454688 0.545833 2.000000 0.470313 0.566667 2.000000 0.443750 0.552083 2.000000 0.478125 0.614583 1.000000 0.421875 0.593750 1.000000 0.484375 0.697917 1.000000 0.378125 0.635417 1.000000 0.476562 0.672917 1.000000 0.381250 0.652083 1.000000 0.448437 0.708333 1.000000 0.412500 0.693750 1.000000 0.000000 0.000000 0.000000 0.379688 0.679167 1.000000 0.000000 0.000000 0.000000 0.000000 0.000000 0.000000
0 0.773570 0.409281 0.073984 0.196146 0.764062 0.360417 2.000000 0.770312 0.354167 2.000000 0.757812 0.354167 2.000000 0.782813 0.364583 2.000000 0.750000 0.368750 2.000000 0.809375 0.410417 1.000000 0.728125 0.418750 1.000000 0.000000 0.000000 0.000000 0.000000 0.000000 0.000000 0.000000 0.000000 0.000000 0.000000 0.000000 0.000000 0.790625 0.537500 1.000000 0.754687 0.535417 1.000000 0.000000 0.000000 0.000000 0.000000 0.000000 0.000000 0.000000 0.000000 0.000000 0.000000 0.000000 0.000000
