0 0.401922 0.805885 0.103875 0.388229 0.000000 0.000000 0.000000 0.000000 0.000000 0.000000 0.000000 0.000000 0.000000 0.379688 0.639583 1.000000 0.406250 0.639583 2.000000 0.367188 0.687500 2.000000 0.431250 0.685417 2.000000 0.364063 0.758333 2.000000 0.440625 0.756250 2.000000 0.356250 0.831250 2.000000 0.440625 0.808333 2.000000 0.378125 0.787500 2.000000 0.418750 0.781250 2.000000 0.384375 0.900000 2.000000 0.426563 0.900000 2.000000 0.379688 0.985417 2.000000 0.442188 0.989583 2.000000
0 0.198039 0.807865 0.109547 0.384271 0.218750 0.650000 2.000000 0.218750 0.639583 2.000000 0.210938 0.643750 2.000000 0.000000 0.000000 0.000000 0.192188 0.650000 2.000000 0.231250 0.687500 2.000000 0.173437 0.695833 2.000000 0.239063 0.739583 2.000000 0.151562 0.770833 2.000000 0.234375 0.787500 2.000000 0.151562 0.837500 2.000000 0.214062 0.802083 2.000000 0.179688 0.797917 2.000000 0.209375 0.916667 2.000000 0.195312 0.908333 2.000000 0.201563 0.985417 2.000000 0.189062 0.989583 2.000000
0 0.607648 0.798656 0.113797 0.396187 0.000000 0.000000 0.000000 0.000000 0.000000 0.000000 0.000000 0.000000 0.000000 0.589063 0.633333 1.000000 0.615625 0.635417 2.000000 0.570312 0.666667 2.000000 0.620313 0.666667 2.000000 0.557813 0.735417 2.000000 0.642188 0.737500 2.000000 0.587500 0.775000 1.000000 0.626563 0.733333 2.000000 0.582812 0.785417 1.000000 0.617188 0.779167 1.000000 0.592187 0.881250 2.000000 0.625000 0.883333 2.000000 0.596875 0.981250 2.000000 0.626563 0.987500 2.000000
0 0.137891 0.807063 0.074000 0.340792 0.159375 0.668750 2.000000 0.165625 0.664583 2.000000 0.156250 0.664583 2.000000 0.000000 0.000000 0.000000 0.143750 0.666667 2.000000 0.168750 0.693750 2.000000 0.135937 0.693750 2.000000 0.000000 0.000000 0.000000 0.110937 0.737500 2.000000 0.000000 0.000000 0.000000 0.134375 0.743750 2.000000 0.162500 0.783333 1.000000 0.137500 0.783333 2.000000 0.164062 0.879167 2.000000 0.148438 0.887500 2.000000 0.157812 0.918750 2.000000 0.151562 0.943750 2.000000
0 0.254195 0.763979 0.056891 0.274917 0.000000 0.000000 0.000000 0.000000 0.000000 0.000000 0.000000 0.000000 0.000000 0.000000 0.000000 0.000000 0.000000 0.000000 0.000000 0.234375 0.670833 1.000000 0.260937 0.670833 2.000000 0.000000 0.000000 0.000000 0.268750 0.712500 2.000000 0.000000 0.000000 0.000000 0.273438 0.743750 2.000000 0.242188 0.745833 1.000000 0.259375 0.745833 2.000000 0.240625 0.816667 2.000000 0.257812 0.808333 2.000000 0.246875 0.872917 2.000000 0.264062 0.850000 2.000000
0 0.304289 0.758802 0.051547 0.231438 0.000000 0.000000 0.000000 0.000000 0.000000 0.000000 0.000000 0.000000 0.000000 0.000000 0.000000 0.000000 0.301563 0.666667 2.000000 0.284375 0.685417 2.000000 0.301563 0.689583 2.000000 0.000000 0.000000 0.000000 0.306250 0.731250 2.000000 0.000000 0.000000 0.000000 0.323437 0.737500 2.000000 0.289062 0.750000 2.000000 0.304688 0.752083 2.000000 0.300000 0.795833 2.000000 0.307812 0.795833 2.000000 0.300000 0.850000 2.000000 0.303125 0.854167 2.000000
0 0.337156 0.740750 0.040000 0.201250 0.342187 0.662500 2.000000 0.342187 0.658333 2.000000 0.339062 0.658333 2.000000 0.000000 0.000000 0.000000 0.331250 0.662500 2.000000 0.345313 0.681250 2.000000 0.323437 0.687500 2.000000 0.353125 0.710417 2.000000 0.320312 0.712500 2.000000 0.340625 0.733333 2.000000 0.332813 0.727083 2.000000 0.350000 0.737500 2.000000 0.331250 0.737500 2.000000 0.356250 0.777083 1.000000 0.332813 0.777083 2.000000 0.357812 0.816667 1.000000 0.335938 0.820833 2.000000
0 0.485930 0.794542 0.085734 0.360292 0.501563 0.645833 2.000000 0.000000 0.000000 0.000000 0.500000 0.641667 2.000000 0.000000 0.000000 0.000000 0.490625 0.641667 2.000000 0.451562 0.677083 2.000000 0.498437 0.683333 2.000000 0.437500 0.714583 1.000000 0.521875 0.710417 2.000000 0.000000 0.000000 0.000000 0.509375 0.670833 2.000000 0.464062 0.766667 2.000000 0.492188 0.766667 2.000000 0.465625 0.864583 2.000000 0.493750 0.864583 2.000000 0.465625 0.945833 2.000000 0.496875 0.952083 2.000000
0 0.523102 0.736979 0.045391 0.235667 0.000000 0.000000 0.000000 0.000000 0.000000 0.000000 0.000000 0.000000 0.000000 0.000000 0.000000 0.000000 0.000000 0.000000 0.000000 0.509375 0.656250 1.000000 0.517188 0.652083 2.000000 0.000000 0.000000 0.000000 0.000000 0.000000 0.000000 0.000000 0.000000 0.000000 0.000000 0.000000 0.000000 0.512500 0.708333 1.000000 0.523438 0.708333 1.000000 0.512500 0.775000 1.000000 0.520312 0.772917 2.000000 0.510938 0.839583 1.000000 0.515625 0.839583 1.000000
0 0.041656 0.836052 0.064125 0.321146 0.029687 0.708333 2.000000 0.034375 0.702083 2.000000 0.025000 0.704167 2.000000 0.046875 0.700000 2.000000 0.000000 0.000000 0.000000 0.057813 0.737500 2.000000 0.021875 0.737500 2.000000 0.000000 0.000000 0.000000 0.007812 0.787500 1.000000 0.000000 0.000000 0.000000 0.035937 0.779167 2.000000 0.051562 0.818750 2.000000 0.028125 0.827083 1.000000 0.042188 0.910417 2.000000 0.025000 0.910417 1.000000 0.032813 0.977083 2.000000 0.009375 0.985417 1.000000
0 0.090625 0.732167 0.047938 0.148250 0.000000 0.000000 0.000000 0.000000 0.000000 0.000000 0.000000 0.000000 0.000000 0.000000 0.000000 0.000000 0.000000 0.000000 0.000000 0.078125 0.689583 2.000000 0.100000 0.689583 2.000000 0.071875 0.697917 2.000000 0.104688 0.708333 2.000000 0.000000 0.000000 0.000000 0.000000 0.000000 0.000000 0.082812 0.720833 2.000000 0.095312 0.720833 2.000000 0.079687 0.758333 2.000000 0.093750 0.754167 2.000000 0.078125 0.783333 2.000000 0.093750 0.785417 2.000000
