0 0.264719 0.653078 0.081937 0.372948 0.000000 0.000000 0.000000 0.000000 0.000000 0.000000 0.000000 0.000000 0.000000 0.276562 0.490566 2.000000 0.251563 0.495283 2.000000 0.289062 0.535377 2.000000 0.250000 0.535377 2.000000 0.296875 0.596698 2.000000 0.242188 0.601415 2.000000 0.292187 0.634434 2.000000 0.232813 0.646226 2.000000 0.282813 0.643868 2.000000 0.257812 0.646226 2.000000 0.276562 0.738208 2.000000 0.254688 0.740566 2.000000 0.275000 0.813679 2.000000 0.254688 0.811321 2.000000
0 0.632477 0.707759 0.093672 0.421368 0.612500 0.540094 2.000000 0.618750 0.533019 2.000000 0.612500 0.533019 2.000000 0.635938 0.537736 2.000000 0.000000 0.000000 0.000000 0.640625 0.594340 2.000000 0.606250 0.580189 2.000000 0.634375 0.658019 2.000000 0.000000 0.000000 0.000000 0.607812 0.608491 2.000000 0.000000 0.000000 0.000000 0.642188 0.700472 2.000000 0.609375 0.702830 2.000000 0.653125 0.794811 2.000000 0.610938 0.799528 2.000000 0.670312 0.863208 2.000000 0.607812 0.891509 2.000000
0 0.806945 0.659682 0.101484 0.419929 0.000000 0.000000 0.000000 0.000000 0.000000 0.000000 0.000000 0.000000 0.000000 0.000000 0.000000 0.000000 0.845313 0.500000 2.000000 0.796875 0.525943 2.000000 0.840625 0.556604 2.000000 0.773438 0.573113 2.000000 0.835938 0.622642 2.000000 0.000000 0.000000 0.000000 0.000000 0.000000 0.000000 0.782813 0.653302 2.000000 0.812500 0.667453 2.000000 0.784375 0.735849 2.000000 0.809375 0.747642 2.000000 0.767188 0.792453 2.000000 0.803125 0.839623 2.000000
0 0.128781 0.638632 0.078906 0.357311 0.000000 0.000000 0.000000 0.000000 0.000000 0.000000 0.000000 0.000000 0.000000 0.129688 0.495283 2.000000 0.000000 0.000000 0.000000 0.121875 0.535377 2.000000 0.157812 0.537736 2.000000 0.104688 0.577830 2.000000 0.000000 0.000000 0.000000 0.000000 0.000000 0.000000 0.000000 0.000000 0.000000 0.125000 0.627358 2.000000 0.151562 0.627358 2.000000 0.121875 0.700472 2.000000 0.150000 0.698113 2.000000 0.121875 0.787736 2.000000 0.159375 0.780660 2.000000
0 0.049594 0.639965 0.089031 0.311014 0.000000 0.000000 0.000000 0.000000 0.000000 0.000000 0.000000 0.000000 0.000000 0.000000 0.000000 0.000000 0.000000 0.000000 0.000000 0.039062 0.547170 2.000000 0.076563 0.547170 2.000000 0.021875 0.589623 2.000000 0.085938 0.594340 2.000000 0.000000 0.000000 0.000000 0.000000 0.000000 0.000000 0.045312 0.650943 2.000000 0.075000 0.650943 2.000000 0.046875 0.712264 2.000000 0.071875 0.709906 2.000000 0.045312 0.775943 2.000000 0.068750 0.773585 2.000000
0 0.470461 0.761509 0.098109 0.468774 0.000000 0.000000 0.000000 0.000000 0.000000 0.000000 0.000000 0.000000 0.000000 0.460938 0.561321 2.000000 0.000000 0.000000 0.000000 0.464062 0.615566 2.000000 0.000000 0.000000 0.000000 0.485938 0.700472 2.000000 0.457813 0.705189 2.000000 0.462500 0.745283 2.000000 0.443750 0.752358 2.000000 0.468750 0.764151 2.000000 0.453125 0.750000 2.000000 0.481250 0.872642 2.000000 0.431250 0.856132 2.000000 0.492188 0.981132 2.000000 0.459375 0.957547 2.000000
0 0.569438 0.712300 0.068625 0.408797 0.571875 0.537736 2.000000 0.579688 0.530660 2.000000 0.570312 0.528302 2.000000 0.593750 0.535377 2.000000 0.000000 0.000000 0.000000 0.596875 0.587264 2.000000 0.554688 0.582547 1.000000 0.584375 0.646226 2.000000 0.550000 0.646226 1.000000 0.553125 0.669811 2.000000 0.542188 0.712264 1.000000 0.587500 0.709906 2.000000 0.562500 0.705189 1.000000 0.568750 0.790094 2.000000 0.579688 0.794811 2.000000 0.553125 0.886792 2.000000 0.601562 0.863208 2.000000
0 0.453531 0.748113 0.105750 0.433679 0.445312 0.549528 2.000000 0.451562 0.542453 2.000000 0.442188 0.542453 2.000000 0.000000 0.000000 0.000000 0.000000 0.000000 0.000000 0.475000 0.608491 2.000000 0.431250 0.603774 2.000000 0.498437 0.658019 2.000000 0.421875 0.672170 2.000000 0.490625 0.615566 2.000000 0.415625 0.632075 2.000000 0.471875 0.721698 1.000000 0.435937 0.716981 2.000000 0.465625 0.837264 1.000000 0.421875 0.825472 2.000000 0.465625 0.931604 2.000000 0.439063 0.922170 2.000000
0 0.314680 0.608585 0.053297 0.266038 0.000000 0.000000 0.000000 0.000000 0.000000 0.000000 0.000000 0.000000 0.000000 0.000000 0.000000 0.000000 0.314063 0.500000 2.000000 0.293750 0.530660 1.000000 0.323437 0.530660 1.000000 0.000000 0.000000 0.000000 0.000000 0.000000 0.000000 0.000000 0.000000 0.000000 0.000000 0.000000 0.000000 0.303125 0.606132 2.000000 0.323437 0.606132 2.000000 0.300000 0.672170 2.000000 0.321875 0.676887 2.000000 0.000000 0.000000 0.000000 0.000000 0.000000 0.000000
0 0.356258 0.649033 0.081172 0.295755 0.000000 0.000000 0.000000 0.000000 0.000000 0.000000 0.000000 0.000000 0.000000 0.000000 0.000000 0.000000 0.000000 0.000000 0.000000 0.328125 0.523585 2.000000 0.376563 0.521226 1.000000 0.325000 0.582547 2.000000 0.384375 0.575472 2.000000 0.325000 0.622642 2.000000 0.371875 0.608491 2.000000 0.340625 0.625000 2.000000 0.373437 0.620283 2.000000 0.345313 0.698113 2.000000 0.376563 0.698113 2.000000 0.353125 0.783019 2.000000 0.384375 0.775943 2.000000
