0 0.740648 0.387717 0.197984 0.318525 0.707812 0.367681 2.000000 0.728125 0.346604 2.000000 0.693750 0.344262 2.000000 0.771875 0.353630 2.000000 0.675000 0.348946 2.000000 0.804688 0.503513 2.000000 0.670312 0.496487 1.000000 0.837500 0.676815 1.000000 0.603125 0.674473 1.000000 0.000000 0.000000 0.000000 0.000000 0.000000 0.000000 0.000000 0.000000 0.000000 0.000000 0.000000 0.000000 0.000000 0.000000 0.000000 0.000000 0.000000 0.000000 0.000000 0.000000 0.000000 0.000000 0.000000 0.000000
0 0.492328 0.234145 0.156281 0.403279 0.465625 0.105386 2.000000 0.484375 0.086651 2.000000 0.459375 0.086651 2.000000 0.506250 0.103044 2.000000 0.000000 0.000000 0.000000 0.523438 0.182670 2.000000 0.457813 0.185012 2.000000 0.550000 0.341920 2.000000 0.000000 0.000000 0.000000 0.546875 0.461358 1.000000 0.000000 0.000000 0.000000 0.495312 0.419204 1.000000 0.451562 0.416862 1.000000 0.000000 0.000000 0.000000 0.000000 0.000000 0.000000 0.000000 0.000000 0.000000 0.000000 0.000000 0.000000
0 0.948305 0.330340 0.091453 0.624707 0.928125 0.093677 2.000000 0.935937 0.079625 2.000000 0.925000 0.079625 2.000000 0.957812 0.079625 1.000000 0.000000 0.000000 0.000000 0.968750 0.138173 1.000000 0.912500 0.135831 1.000000 0.000000 0.000000 0.000000 0.873437 0.213115 1.000000 0.000000 0.000000 0.000000 0.000000 0.000000 0.000000 0.964063 0.316159 1.000000 0.920312 0.316159 1.000000 0.954688 0.442623 1.000000 0.939063 0.419204 1.000000 0.940625 0.594848 2.000000 0.968750 0.566745 2.000000
0 0.326453 0.178630 0.097531 0.190141 0.304688 0.145199 2.000000 0.310937 0.135831 2.000000 0.293750 0.138173 2.000000 0.323437 0.138173 2.000000 0.279687 0.149883 1.000000 0.348438 0.203747 2.000000 0.281250 0.208431 1.000000 0.000000 0.000000 0.000000 0.000000 0.000000 0.000000 0.000000 0.000000 0.000000 0.000000 0.000000 0.000000 0.000000 0.000000 0.000000 0.000000 0.000000 0.000000 0.000000 0.000000 0.000000 0.000000 0.000000 0.000000 0.000000 0.000000 0.000000 0.000000 0.000000 0.000000
0 0.858773 0.088970 0.076641 0.177939 0.850000 0.077283 2.000000 0.860938 0.065574 2.000000 0.839063 0.065574 2.000000 0.873437 0.077283 2.000000 0.000000 0.000000 0.000000 0.885938 0.145199 1.000000 0.817187 0.142857 1.000000 0.000000 0.000000 0.000000 0.000000 0.000000 0.000000 0.000000 0.000000 0.000000 0.000000 0.000000 0.000000 0.000000 0.000000 0.000000 0.000000 0.000000 0.000000 0.000000 0.000000 0.000000 0.000000 0.000000 0.000000 0.000000 0.000000 0.000000 0.000000 0.000000 0.000000
0 0.128477 0.202705 0.112703 0.258993 0.110937 0.121780 2.000000 0.118750 0.112412 2.000000 0.103125 0.114754 2.000000 0.000000 0.000000 0.000000 0.000000 0.000000 0.000000 0.146875 0.159251 2.000000 0.112500 0.147541 2.000000 0.145313 0.248244 2.000000 0.000000 0.000000 0.000000 0.134375 0.304450 2.000000 0.087500 0.201405 2.000000 0.120313 0.302108 2.000000 0.098437 0.295082 2.000000 0.000000 0.000000 0.000000 0.000000 0.000000 0.000000 0.000000 0.000000 0.000000 0.000000 0.000000 0.000000
0 0.238273 0.189532 0.088047 0.235691 0.206250 0.206089 2.000000 0.214062 0.189696 2.000000 0.204687 0.189696 2.000000 0.254688 0.185012 2.000000 0.000000 0.000000 0.000000 0.000000 0.000000 0.000000 0.231250 0.248244 2.000000 0.000000 0.000000 0.000000 0.000000 0.000000 0.000000 0.000000 0.000000 0.000000 0.000000 0.000000 0.000000 0.000000 0.000000 0.000000 0.000000 0.000000 0.000000 0.000000 0.000000 0.000000 0.000000 0.000000 0.000000 0.000000 0.000000 0.000000 0.000000 0.000000 0.000000
0 0.169211 0.766979 0.192203 0.461405 0.145313 0.594848 2.000000 0.153125 0.578454 2.000000 0.000000 0.000000 0.000000 0.198437 0.597190 2.000000 0.000000 0.000000 0.000000 0.228125 0.662763 2.000000 0.160938 0.672131 2.000000 0.187500 0.833724 2.000000 0.000000 0.000000 0.000000 0.132812 0.747073 1.000000 0.000000 0.000000 0.000000 0.221875 0.967213 2.000000 0.164062 0.943794 2.000000 0.000000 0.000000 0.000000 0.000000 0.000000 0.000000 0.000000 0.000000 0.000000 0.000000 0.000000 0.000000
0 0.266430 0.732436 0.335172 0.532693 0.000000 0.000000 0.000000 0.000000 0.000000 0.000000 0.000000 0.000000 0.000000 0.293750 0.526932 2.000000 0.000000 0.000000 0.000000 0.365625 0.644028 2.000000 0.309375 0.622951 2.000000 0.331250 0.850117 2.000000 0.301563 0.733021 2.000000 0.265625 0.740047 2.000000 0.168750 0.737705 2.000000 0.365625 0.964871 2.000000 0.314063 0.918033 2.000000 0.000000 0.000000 0.000000 0.000000 0.000000 0.000000 0.000000 0.000000 0.000000 0.000000 0.000000 0.000000
0 0.352805 0.099625 0.096328 0.199251 0.314063 0.046838 2.000000 0.321875 0.035129 2.000000 0.000000 0.000000 0.000000 0.335938 0.035129 2.000000 0.000000 0.000000 0.000000 0.364063 0.088993 2.000000 0.310937 0.088993 1.000000 0.390625 0.149883 2.000000 0.000000 0.000000 0.000000 0.000000 0.000000 0.000000 0.000000 0.000000 0.000000 0.362500 0.206089 1.000000 0.317188 0.201405 1.000000 0.000000 0.000000 0.000000 0.000000 0.000000 0.000000 0.000000 0.000000 0.000000 0.000000 0.000000 0.000000
0 0.028320 0.180152 0.056641 0.226347 0.000000 0.000000 0.000000 0.003125 0.100703 2.000000 0.000000 0.000000 0.000000 0.015625 0.105386 2.000000 0.000000 0.000000 0.000000 0.034375 0.152225 2.000000 0.000000 0.000000 0.000000 0.039062 0.222482 2.000000 0.000000 0.000000 0.000000 0.032813 0.274005 2.000000 0.000000 0.000000 0.000000 0.025000 0.283372 2.000000 0.000000 0.000000 0.000000 0.000000 0.000000 0.000000 0.000000 0.000000 0.000000 0.000000 0.000000 0.000000 0.000000 0.000000 0.000000
0 0.679344 0.290375 0.281469 0.578126 0.620313 0.084309 2.000000 0.631250 0.065574 1.000000 0.615625 0.070258 2.000000 0.657813 0.070258 1.000000 0.000000 0.000000 0.000000 0.723437 0.192037 2.000000 0.623437 0.185012 1.000000 0.796875 0.372365 2.000000 0.585938 0.339578 2.000000 0.721875 0.477752 1.000000 0.548438 0.437939 2.000000 0.710938 0.512881 1.000000 0.623437 0.515222 1.000000 0.000000 0.000000 0.000000 0.000000 0.000000 0.000000 0.000000 0.000000 0.000000 0.000000 0.000000 0.000000
