0 0.204781 0.359859 0.409562 0.508969 0.085417 0.207813 2.000000 0.000000 0.000000 0.000000 0.066667 0.184375 2.000000 0.000000 0.000000 0.000000 0.002083 0.185938 1.000000 0.037500 0.248438 1.000000 0.000000 0.000000 0.000000 0.091667 0.314063 1.000000 0.000000 0.000000 0.000000 0.172917 0.303125 2.000000 0.110417 0.343750 2.000000 0.066667 0.415625 2.000000 0.043750 0.439063 1.000000 0.364583 0.398438 2.000000 0.339583 0.432812 2.000000 0.320833 0.556250 2.000000 0.291667 0.584375 1.000000
0 0.697990 0.335828 0.522979 0.366812 0.850000 0.223438 2.000000 0.866667 0.210938 2.000000 0.845833 0.214062 1.000000 0.925000 0.207813 2.000000 0.000000 0.000000 0.000000 0.927083 0.268750 2.000000 0.900000 0.256250 2.000000 0.797917 0.314063 2.000000 0.000000 0.000000 0.000000 0.810417 0.253125 2.000000 0.000000 0.000000 0.000000 0.708333 0.376563 1.000000 0.672917 0.353125 2.000000 0.575000 0.393750 2.000000 0.527083 0.365625 2.000000 0.564583 0.487500 1.000000 0.518750 0.490625 2.000000
0 0.829479 0.530328 0.337792 0.572219 0.000000 0.000000 0.000000 0.000000 0.000000 0.000000 0.000000 0.000000 0.000000 0.000000 0.000000 0.000000 0.000000 0.000000 0.000000 0.000000 0.000000 0.000000 0.000000 0.000000 0.000000 0.000000 0.000000 0.000000 0.000000 0.000000 0.000000 0.839583 0.439063 2.000000 0.000000 0.000000 0.000000 0.000000 0.000000 0.000000 0.000000 0.000000 0.000000 0.756250 0.610938 2.000000 0.000000 0.000000 0.000000 0.000000 0.000000 0.000000 0.000000 0.000000 0.000000
0 0.526417 0.188969 0.119333 0.327094 0.000000 0.000000 0.000000 0.000000 0.000000 0.000000 0.000000 0.000000 0.000000 0.520833 0.062500 2.000000 0.552083 0.057813 2.000000 0.550000 0.096875 2.000000 0.554167 0.090625 2.000000 0.527083 0.143750 2.000000 0.000000 0.000000 0.000000 0.500000 0.115625 2.000000 0.512500 0.196875 2.000000 0.545833 0.181250 2.000000 0.000000 0.000000 0.000000 0.550000 0.275000 2.000000 0.000000 0.000000 0.000000 0.552083 0.331250 2.000000 0.000000 0.000000 0.000000
0 0.334208 0.276008 0.225625 0.249328 0.000000 0.000000 0.000000 0.000000 0.000000 0.000000 0.383333 0.189062 2.000000 0.000000 0.000000 0.000000 0.362500 0.192188 2.000000 0.337500 0.203125 2.000000 0.308333 0.220312 2.000000 0.354167 0.268750 2.000000 0.329167 0.276562 1.000000 0.404167 0.292187 2.000000 0.408333 0.293750 2.000000 0.283333 0.293750 1.000000 0.266667 0.301563 1.000000 0.383333 0.295312 2.000000 0.372917 0.306250 2.000000 0.381250 0.393750 1.000000 0.375000 0.407813 1.000000
0 0.749771 0.191219 0.090333 0.103000 0.714583 0.176563 1.000000 0.718750 0.170313 1.000000 0.000000 0.000000 0.000000 0.743750 0.173437 2.000000 0.000000 0.000000 0.000000 0.777083 0.209375 2.000000 0.747917 0.204687 2.000000 0.739583 0.251563 1.000000 0.000000 0.000000 0.000000 0.000000 0.000000 0.000000 0.000000 0.000000 0.000000 0.000000 0.000000 0.000000 0.000000 0.000000 0.000000 0.000000 0.000000 0.000000 0.000000 0.000000 0.000000 0.000000 0.000000 0.000000 0.000000 0.000000 0.000000
0 0.612052 0.125898 0.071438 0.109484 0.000000 0.000000 0.000000 0.000000 0.000000 0.000000 0.000000 0.000000 0.000000 0.000000 0.000000 0.000000 0.635417 0.098437 2.000000 0.616667 0.125000 2.000000 0.600000 0.126562 2.000000 0.000000 0.000000 0.000000 0.639583 0.154688 1.000000 0.000000 0.000000 0.000000 0.000000 0.000000 0.000000 0.000000 0.000000 0.000000 0.604167 0.187500 1.000000 0.000000 0.000000 0.000000 0.000000 0.000000 0.000000 0.000000 0.000000 0.000000 0.000000 0.000000 0.000000
0 0.315437 0.125766 0.160500 0.249594 0.000000 0.000000 0.000000 0.000000 0.000000 0.000000 0.000000 0.000000 0.000000 0.289583 0.056250 1.000000 0.335417 0.053125 2.000000 0.272917 0.093750 2.000000 0.345833 0.087500 2.000000 0.252083 0.142187 2.000000 0.377083 0.057813 2.000000 0.252083 0.198437 2.000000 0.360417 0.018750 2.000000 0.293750 0.171875 2.000000 0.347917 0.170313 1.000000 0.000000 0.000000 0.000000 0.000000 0.000000 0.000000 0.000000 0.000000 0.000000 0.000000 0.000000 0.000000
0 0.716708 0.234391 0.321417 0.224469 0.777083 0.170313 2.000000 0.789583 0.159375 2.000000 0.000000 0.000000 0.000000 0.833333 0.167187 2.000000 0.000000 0.000000 0.000000 0.852083 0.231250 1.000000 0.812500 0.221875 2.000000 0.779167 0.295312 1.000000 0.000000 0.000000 0.000000 0.731250 0.271875 2.000000 0.000000 0.000000 0.000000 0.725000 0.337500 1.000000 0.710417 0.321875 2.000000 0.591667 0.339062 2.000000 0.568750 0.320312 2.000000 0.000000 0.000000 0.000000 0.000000 0.000000 0.000000
0 0.167490 0.537375 0.333437 0.242156 0.000000 0.000000 0.000000 0.000000 0.000000 0.000000 0.000000 0.000000 0.000000 0.000000 0.000000 0.000000 0.000000 0.000000 0.000000 0.000000 0.000000 0.000000 0.000000 0.000000 0.000000 0.000000 0.000000 0.000000 0.000000 0.000000 0.000000 0.039583 0.546875 1.000000 0.000000 0.000000 0.000000 0.102083 0.495312 2.000000 0.047917 0.550000 1.000000 0.189583 0.545312 2.000000 0.160417 0.587500 2.000000 0.293750 0.607812 2.000000 0.266667 0.634375 2.000000
0 0.430031 0.137977 0.086188 0.176609 0.000000 0.000000 0.000000 0.000000 0.000000 0.000000 0.000000 0.000000 0.000000 0.400000 0.073438 2.000000 0.000000 0.000000 0.000000 0.435417 0.109375 2.000000 0.433333 0.098437 2.000000 0.414583 0.165625 2.000000 0.000000 0.000000 0.000000 0.000000 0.000000 0.000000 0.000000 0.000000 0.000000 0.420833 0.189062 1.000000 0.427083 0.185938 1.000000 0.000000 0.000000 0.000000 0.000000 0.000000 0.000000 0.000000 0.000000 0.000000 0.000000 0.000000 0.000000
