0 0.453539 0.611674 0.181422 0.352810 0.000000 0.000000 0.000000 0.000000 0.000000 0.000000 0.000000 0.000000 0.000000 0.000000 0.000000 0.000000 0.000000 0.000000 0.000000 0.435937 0.496487 2.000000 0.478125 0.505855 2.000000 0.398438 0.517564 2.000000 0.000000 0.000000 0.000000 0.410938 0.494145 2.000000 0.000000 0.000000 0.000000 0.429688 0.585480 2.000000 0.457813 0.590164 2.000000 0.406250 0.674473 2.000000 0.489063 0.679157 2.000000 0.371875 0.763466 2.000000 0.526563 0.763466 2.000000
0 0.237086 0.668653 0.139359 0.230328 0.262500 0.592506 2.000000 0.267188 0.587822 2.000000 0.260937 0.583138 2.000000 0.000000 0.000000 0.000000 0.242188 0.578454 2.000000 0.265625 0.639344 2.000000 0.209375 0.606557 2.000000 0.268750 0.679157 2.000000 0.187500 0.644028 2.000000 0.276562 0.728337 2.000000 0.176563 0.695550 2.000000 0.242188 0.690867 2.000000 0.200000 0.676815 2.000000 0.287500 0.702576 2.000000 0.237500 0.681499 2.000000 0.243750 0.742389 2.000000 0.203125 0.751756 2.000000
0 0.138687 0.629215 0.136437 0.310094 0.195312 0.517564 2.000000 0.000000 0.000000 0.000000 0.192188 0.512881 2.000000 0.000000 0.000000 0.000000 0.171875 0.508197 2.000000 0.164062 0.545667 2.000000 0.159375 0.536300 2.000000 0.164062 0.601874 1.000000 0.132812 0.578454 2.000000 0.203125 0.613583 1.000000 0.142187 0.625293 2.000000 0.100000 0.608899 2.000000 0.092188 0.608899 2.000000 0.137500 0.660422 2.000000 0.146875 0.665105 2.000000 0.139063 0.744731 2.000000 0.118750 0.765808 2.000000
0 0.650703 0.422049 0.067562 0.270703 0.650000 0.318501 2.000000 0.653125 0.313817 2.000000 0.646875 0.313817 2.000000 0.659375 0.318501 2.000000 0.642188 0.316159 2.000000 0.665625 0.341920 2.000000 0.635938 0.341920 2.000000 0.676562 0.372365 2.000000 0.625000 0.377049 2.000000 0.662500 0.391101 2.000000 0.639062 0.386417 2.000000 0.660937 0.407494 2.000000 0.639062 0.407494 2.000000 0.660937 0.475410 2.000000 0.637500 0.470726 2.000000 0.662500 0.524590 2.000000 0.634375 0.526932 2.000000
0 0.575609 0.418864 0.058313 0.273185 0.570312 0.309133 2.000000 0.573438 0.302108 2.000000 0.567187 0.302108 2.000000 0.578125 0.302108 2.000000 0.562500 0.304450 1.000000 0.585938 0.330211 2.000000 0.554688 0.332553 2.000000 0.598437 0.362998 2.000000 0.559375 0.370023 2.000000 0.578125 0.358314 2.000000 0.578125 0.365340 2.000000 0.584375 0.421546 2.000000 0.559375 0.423888 2.000000 0.584375 0.480094 2.000000 0.554688 0.484778 2.000000 0.584375 0.533958 2.000000 0.553125 0.536300 2.000000
0 0.937398 0.403689 0.061328 0.245972 0.942187 0.309133 2.000000 0.943750 0.304450 2.000000 0.935937 0.304450 2.000000 0.950000 0.304450 2.000000 0.932813 0.304450 2.000000 0.954688 0.320843 2.000000 0.931250 0.323185 2.000000 0.962500 0.360656 2.000000 0.937500 0.355972 2.000000 0.945312 0.341920 2.000000 0.948438 0.334895 2.000000 0.939063 0.409836 2.000000 0.923438 0.409836 2.000000 0.945312 0.461358 2.000000 0.912500 0.463700 2.000000 0.940625 0.519906 2.000000 0.915625 0.519906 2.000000
0 0.878070 0.444286 0.064578 0.158735 0.875000 0.391101 2.000000 0.876563 0.386417 2.000000 0.871875 0.386417 2.000000 0.882812 0.388759 2.000000 0.000000 0.000000 0.000000 0.884375 0.402810 2.000000 0.864062 0.402810 2.000000 0.895312 0.437939 2.000000 0.854688 0.433255 2.000000 0.887500 0.449649 2.000000 0.876563 0.444965 2.000000 0.879687 0.451991 2.000000 0.865625 0.454333 2.000000 0.903125 0.454333 2.000000 0.864062 0.451991 2.000000 0.903125 0.510539 2.000000 0.864062 0.510539 2.000000
0 0.745766 0.381920 0.058656 0.181967 0.750000 0.318501 2.000000 0.753125 0.311475 2.000000 0.745313 0.311475 2.000000 0.757812 0.313817 2.000000 0.742188 0.311475 2.000000 0.764062 0.341920 2.000000 0.734375 0.344262 2.000000 0.768750 0.377049 2.000000 0.721875 0.377049 2.000000 0.767188 0.391101 2.000000 0.728125 0.395785 2.000000 0.759375 0.414520 2.000000 0.740625 0.407494 2.000000 0.753125 0.466042 1.000000 0.740625 0.466042 1.000000 0.000000 0.000000 0.000000 0.000000 0.000000 0.000000
0 0.861289 0.096429 0.071141 0.159836 0.850000 0.039813 2.000000 0.854688 0.035129 2.000000 0.846875 0.035129 2.000000 0.857812 0.037471 2.000000 0.840625 0.037471 2.000000 0.864062 0.051522 2.000000 0.835938 0.056206 2.000000 0.873437 0.084309 1.000000 0.837500 0.086651 1.000000 0.864062 0.100703 2.000000 0.848437 0.065574 2.000000 0.862500 0.096019 2.000000 0.842187 0.098361 2.000000 0.881250 0.103044 2.000000 0.842187 0.103044 2.000000 0.885938 0.163934 1.000000 0.835938 0.161593 1.000000
0 0.251437 0.463548 0.051781 0.188220 0.245312 0.391101 2.000000 0.250000 0.381733 2.000000 0.243750 0.381733 2.000000 0.253125 0.384075 2.000000 0.239063 0.386417 2.000000 0.256250 0.414520 2.000000 0.228125 0.416862 2.000000 0.273438 0.442623 2.000000 0.228125 0.451991 2.000000 0.262500 0.430913 2.000000 0.235937 0.466042 2.000000 0.256250 0.463700 2.000000 0.234375 0.468384 2.000000 0.259375 0.487119 2.000000 0.246875 0.491803 2.000000 0.267188 0.543326 1.000000 0.256250 0.540984 1.000000
0 0.316836 0.469145 0.049984 0.174778 0.318750 0.398126 2.000000 0.321875 0.395785 2.000000 0.314063 0.398126 2.000000 0.325000 0.402810 2.000000 0.310937 0.402810 2.000000 0.329688 0.428571 2.000000 0.304688 0.428571 2.000000 0.335938 0.466042 2.000000 0.295312 0.466042 2.000000 0.325000 0.456674 2.000000 0.309375 0.459016 2.000000 0.329688 0.473068 2.000000 0.304688 0.475410 2.000000 0.321875 0.475410 2.000000 0.328125 0.489461 2.000000 0.312500 0.529274 2.000000 0.321875 0.538642 2.000000
0 0.985797 0.404450 0.028406 0.236159 0.000000 0.000000 0.000000 0.000000 0.000000 0.000000 0.000000 0.000000 0.000000 0.000000 0.000000 0.000000 0.990625 0.309133 1.000000 0.000000 0.000000 0.000000 0.987500 0.332553 2.000000 0.000000 0.000000 0.000000 0.985938 0.334895 2.000000 0.000000 0.000000 0.000000 0.993750 0.327869 2.000000 0.000000 0.000000 0.000000 0.987500 0.395785 2.000000 0.995313 0.466042 2.000000 0.981250 0.456674 2.000000 0.993750 0.508197 2.000000 0.990625 0.505855 2.000000
