0 0.438586 0.574448 0.118641 0.298771 0.435937 0.466667 2.000000 0.442188 0.460417 2.000000 0.429688 0.460417 2.000000 0.450000 0.464583 2.000000 0.420312 0.468750 2.000000 0.462500 0.500000 2.000000 0.401562 0.504167 2.000000 0.454688 0.556250 2.000000 0.426563 0.562500 2.000000 0.432812 0.581250 2.000000 0.440625 0.512500 2.000000 0.425000 0.587500 2.000000 0.398438 0.585417 2.000000 0.453125 0.591667 2.000000 0.429688 0.583333 2.000000 0.468750 0.700000 2.000000 0.415625 0.700000 2.000000
0 0.318312 0.559000 0.120906 0.337583 0.000000 0.000000 0.000000 0.309375 0.425000 2.000000 0.000000 0.000000 0.000000 0.000000 0.000000 0.000000 0.000000 0.000000 0.000000 0.331250 0.456250 2.000000 0.270313 0.470833 1.000000 0.346875 0.500000 2.000000 0.276562 0.552083 2.000000 0.345313 0.541667 2.000000 0.310937 0.579167 2.000000 0.329688 0.564583 2.000000 0.289062 0.564583 2.000000 0.365625 0.604167 2.000000 0.264062 0.587500 1.000000 0.328125 0.695833 2.000000 0.271875 0.697917 1.000000
0 0.731461 0.506740 0.161797 0.649438 0.000000 0.000000 0.000000 0.000000 0.000000 0.000000 0.000000 0.000000 0.000000 0.000000 0.000000 0.000000 0.000000 0.000000 0.000000 0.706250 0.291667 2.000000 0.796875 0.308333 2.000000 0.712500 0.391667 2.000000 0.800000 0.416667 2.000000 0.696875 0.468750 2.000000 0.000000 0.000000 0.000000 0.734375 0.418750 2.000000 0.789062 0.420833 2.000000 0.732812 0.633333 2.000000 0.768750 0.629167 2.000000 0.740625 0.768750 2.000000 0.771875 0.762500 2.000000
0 0.652602 0.168792 0.063453 0.096792 0.651563 0.150000 2.000000 0.656250 0.145833 2.000000 0.646875 0.145833 2.000000 0.667188 0.154167 2.000000 0.000000 0.000000 0.000000 0.675000 0.187500 2.000000 0.631250 0.187500 2.000000 0.675000 0.222917 1.000000 0.635938 0.225000 1.000000 0.000000 0.000000 0.000000 0.000000 0.000000 0.000000 0.000000 0.000000 0.000000 0.000000 0.000000 0.000000 0.000000 0.000000 0.000000 0.000000 0.000000 0.000000 0.000000 0.000000 0.000000 0.000000 0.000000 0.000000
0 0.835078 0.151583 0.121469 0.202208 0.832812 0.095833 2.000000 0.837500 0.087500 2.000000 0.825000 0.087500 2.000000 0.848437 0.089583 1.000000 0.818750 0.087500 2.000000 0.856250 0.120833 2.000000 0.804688 0.120833 2.000000 0.871875 0.187500 2.000000 0.785937 0.187500 2.000000 0.000000 0.000000 0.000000 0.804688 0.206250 2.000000 0.850000 0.222917 2.000000 0.814063 0.222917 1.000000 0.000000 0.000000 0.000000 0.000000 0.000000 0.000000 0.000000 0.000000 0.000000 0.000000 0.000000 0.000000
0 0.556180 0.151688 0.094391 0.141583 0.554688 0.108333 2.000000 0.560937 0.100000 2.000000 0.546875 0.102083 2.000000 0.570312 0.106250 2.000000 0.540625 0.108333 2.000000 0.589063 0.145833 2.000000 0.525000 0.150000 2.000000 0.590625 0.218750 1.000000 0.529687 0.225000 1.000000 0.000000 0.000000 0.000000 0.000000 0.000000 0.000000 0.578125 0.235417 1.000000 0.540625 0.237500 1.000000 0.000000 0.000000 0.000000 0.000000 0.000000 0.000000 0.000000 0.000000 0.000000 0.000000 0.000000 0.000000
0 0.965758 0.248844 0.068484 0.107687 0.987500 0.239583 2.000000 0.993750 0.231250 2.000000 0.981250 0.231250 2.000000 0.000000 0.000000 0.000000 0.975000 0.229167 2.000000 0.000000 0.000000 0.000000 0.962500 0.268750 2.000000 0.000000 0.000000 0.000000 0.960938 0.295833 2.000000 0.000000 0.000000 0.000000 0.000000 0.000000 0.000000 0.000000 0.000000 0.000000 0.000000 0.000000 0.000000 0.000000 0.000000 0.000000 0.000000 0.000000 0.000000 0.000000 0.000000 0.000000 0.000000 0.000000 0.000000
0 0.647109 0.066896 0.109000 0.133792 0.639062 0.033333 2.000000 0.643750 0.025000 2.000000 0.631250 0.022917 2.000000 0.000000 0.000000 0.000000 0.000000 0.000000 0.000000 0.665625 0.045833 2.000000 0.615625 0.047917 2.000000 0.692187 0.083333 2.000000 0.604688 0.093750 2.000000 0.678125 0.097917 2.000000 0.651563 0.100000 2.000000 0.662500 0.129167 1.000000 0.620313 0.129167 1.000000 0.000000 0.000000 0.000000 0.000000 0.000000 0.000000 0.000000 0.000000 0.000000 0.000000 0.000000 0.000000
0 0.742945 0.063437 0.095953 0.126875 0.748437 0.010417 2.000000 0.756250 0.004167 2.000000 0.740625 0.002083 2.000000 0.000000 0.000000 0.000000 0.731250 0.004167 2.000000 0.773438 0.047917 2.000000 0.717187 0.031250 2.000000 0.782813 0.112500 2.000000 0.709375 0.091667 2.000000 0.767188 0.054167 2.000000 0.726562 0.141667 1.000000 0.773438 0.125000 1.000000 0.735938 0.122917 2.000000 0.000000 0.000000 0.000000 0.000000 0.000000 0.000000 0.000000 0.000000 0.000000 0.000000 0.000000 0.000000
0 0.934828 0.599073 0.101750 0.225604 0.957812 0.527083 2.000000 0.965625 0.516667 2.000000 0.953125 0.512500 2.000000 0.000000 0.000000 0.000000 0.942187 0.512500 1.000000 0.973437 0.577083 2.000000 0.914062 0.560417 2.000000 0.968750 0.643750 2.000000 0.917188 0.637500 2.000000 0.935937 0.639583 2.000000 0.956250 0.637500 2.000000 0.951562 0.716667 1.000000 0.904687 0.710417 2.000000 0.000000 0.000000 0.000000 0.000000 0.000000 0.000000 0.000000 0.000000 0.000000 0.000000 0.000000 0.000000
0 0.186656 0.489010 0.248875 0.659188 0.212500 0.229167 2.000000 0.221875 0.218750 2.000000 0.203125 0.218750 2.000000 0.000000 0.000000 0.000000 0.170313 0.222917 2.000000 0.234375 0.297917 2.000000 0.148438 0.285417 2.000000 0.281250 0.354167 2.000000 0.089063 0.243750 2.000000 0.290625 0.414583 2.000000 0.090625 0.197917 2.000000 0.225000 0.497917 2.000000 0.168750 0.500000 2.000000 0.248438 0.625000 2.000000 0.156250 0.606250 2.000000 0.251563 0.758333 2.000000 0.123438 0.766667 2.000000
0 0.100500 0.504875 0.127781 0.606000 0.000000 0.000000 0.000000 0.000000 0.000000 0.000000 0.000000 0.000000 0.000000 0.000000 0.000000 0.000000 0.000000 0.000000 0.000000 0.167187 0.320833 1.000000 0.076563 0.320833 2.000000 0.000000 0.000000 0.000000 0.050000 0.410417 2.000000 0.000000 0.000000 0.000000 0.050000 0.483333 2.000000 0.132812 0.483333 2.000000 0.104688 0.483333 2.000000 0.112500 0.622917 2.000000 0.120313 0.614583 2.000000 0.106250 0.766667 2.000000 0.134375 0.758333 1.000000
