0 0.262648 0.472857 0.099641 0.619906 0.292187 0.229508 2.000000 0.295312 0.215457 2.000000 0.281250 0.210773 2.000000 0.000000 0.000000 0.000000 0.259375 0.213115 2.000000 0.285938 0.278689 1.000000 0.243750 0.283372 2.000000 0.315625 0.370023 1.000000 0.285938 0.367681 2.000000 0.284375 0.358314 2.000000 0.306250 0.346604 1.000000 0.282813 0.449649 2.000000 0.250000 0.449649 2.000000 0.287500 0.590164 2.000000 0.265625 0.592506 2.000000 0.275000 0.714286 2.000000 0.248438 0.721311 1.000000
0 0.570477 0.521698 0.083078 0.350749 0.556250 0.384075 2.000000 0.560937 0.377049 2.000000 0.550000 0.372365 2.000000 0.000000 0.000000 0.000000 0.000000 0.000000 0.000000 0.560937 0.423888 2.000000 0.529687 0.428571 1.000000 0.560937 0.482436 2.000000 0.534375 0.512881 1.000000 0.570312 0.503513 2.000000 0.562500 0.508197 2.000000 0.557813 0.515222 2.000000 0.535937 0.517564 1.000000 0.603125 0.543326 2.000000 0.567187 0.536300 2.000000 0.587500 0.634660 2.000000 0.557813 0.629977 2.000000
0 0.527883 0.246745 0.064578 0.200047 0.548438 0.194379 2.000000 0.553125 0.187354 2.000000 0.545312 0.182670 2.000000 0.000000 0.000000 0.000000 0.528125 0.180328 2.000000 0.545312 0.231850 2.000000 0.514062 0.220141 2.000000 0.000000 0.000000 0.000000 0.000000 0.000000 0.000000 0.000000 0.000000 0.000000 0.000000 0.000000 0.000000 0.540625 0.330211 2.000000 0.520312 0.330211 1.000000 0.000000 0.000000 0.000000 0.000000 0.000000 0.000000 0.000000 0.000000 0.000000 0.000000 0.000000 0.000000
0 0.746852 0.269122 0.366578 0.404333 0.717187 0.170960 2.000000 0.729688 0.154567 2.000000 0.710938 0.149883 2.000000 0.000000 0.000000 0.000000 0.693750 0.128806 2.000000 0.740625 0.156909 2.000000 0.668750 0.175644 2.000000 0.803125 0.166276 2.000000 0.604688 0.248244 2.000000 0.875000 0.201405 2.000000 0.600000 0.334895 2.000000 0.656250 0.313817 2.000000 0.618750 0.313817 2.000000 0.743750 0.262295 2.000000 0.670312 0.245902 2.000000 0.689063 0.426230 2.000000 0.651563 0.442623 2.000000
0 0.451984 0.436815 0.122906 0.523232 0.492188 0.234192 2.000000 0.503125 0.227166 2.000000 0.485938 0.220141 2.000000 0.000000 0.000000 0.000000 0.471875 0.213115 2.000000 0.475000 0.262295 1.000000 0.443750 0.255269 1.000000 0.000000 0.000000 0.000000 0.420312 0.323185 2.000000 0.000000 0.000000 0.000000 0.428125 0.405152 1.000000 0.445312 0.423888 1.000000 0.417187 0.423888 2.000000 0.448437 0.548009 1.000000 0.428125 0.557377 2.000000 0.453125 0.667447 1.000000 0.435937 0.683841 1.000000
0 0.042070 0.182529 0.084141 0.245667 0.078125 0.149883 2.000000 0.000000 0.000000 0.000000 0.071875 0.135831 2.000000 0.000000 0.000000 0.000000 0.035937 0.133489 2.000000 0.000000 0.170960 1.000000 0.025000 0.220141 2.000000 0.000000 0.000000 0.000000 0.026562 0.337237 1.000000 0.000000 0.000000 0.000000 0.000000 0.000000 0.000000 0.000000 0.000000 0.000000 0.000000 0.000000 0.000000 0.000000 0.000000 0.000000 0.000000 0.000000 0.000000 0.000000 0.000000 0.000000 0.000000 0.000000 0.000000
0 0.158188 0.446183 0.139344 0.783794 0.196875 0.138173 2.000000 0.000000 0.000000 0.000000 0.193750 0.124122 2.000000 0.000000 0.000000 0.000000 0.167187 0.110070 2.000000 0.143750 0.213115 2.000000 0.146875 0.210773 2.000000 0.000000 0.000000 0.000000 0.150000 0.341920 2.000000 0.000000 0.000000 0.000000 0.171875 0.459016 2.000000 0.143750 0.447307 2.000000 0.148438 0.447307 2.000000 0.146875 0.634660 2.000000 0.156250 0.646370 2.000000 0.135937 0.782201 2.000000 0.143750 0.800937 2.000000
0 0.354766 0.478841 0.092344 0.575480 0.364063 0.250585 2.000000 0.370312 0.243560 2.000000 0.359375 0.234192 2.000000 0.000000 0.000000 0.000000 0.337500 0.231850 2.000000 0.368750 0.290398 2.000000 0.331250 0.283372 2.000000 0.000000 0.000000 0.000000 0.303125 0.374707 1.000000 0.000000 0.000000 0.000000 0.334375 0.435597 2.000000 0.375000 0.461358 2.000000 0.340625 0.463700 2.000000 0.354687 0.599532 2.000000 0.331250 0.599532 2.000000 0.351562 0.716628 2.000000 0.331250 0.730679 2.000000
0 0.210000 0.438595 0.083812 0.572272 0.209375 0.210773 2.000000 0.215625 0.201405 2.000000 0.198437 0.201405 2.000000 0.000000 0.000000 0.000000 0.176563 0.196721 2.000000 0.204687 0.281030 2.000000 0.181250 0.264637 1.000000 0.000000 0.000000 0.000000 0.000000 0.000000 0.000000 0.000000 0.000000 0.000000 0.000000 0.000000 0.000000 0.217188 0.473068 2.000000 0.193750 0.470726 1.000000 0.000000 0.000000 0.000000 0.000000 0.000000 0.000000 0.000000 0.000000 0.000000 0.000000 0.000000 0.000000
0 0.450664 0.482424 0.070016 0.526159 0.471875 0.278689 2.000000 0.476562 0.266979 2.000000 0.464062 0.269321 2.000000 0.000000 0.000000 0.000000 0.453125 0.271663 2.000000 0.473438 0.320843 2.000000 0.443750 0.327869 2.000000 0.000000 0.000000 0.000000 0.429688 0.405152 2.000000 0.000000 0.000000 0.000000 0.451562 0.473068 2.000000 0.471875 0.463700 2.000000 0.456250 0.461358 2.000000 0.464062 0.562061 2.000000 0.453125 0.566745 2.000000 0.456250 0.669789 2.000000 0.443750 0.695550 2.000000
