0 0.561773 0.608781 0.260828 0.594271 0.589063 0.383333 2.000000 0.593750 0.368750 2.000000 0.581250 0.370833 2.000000 0.000000 0.000000 0.000000 0.557813 0.360417 2.000000 0.615625 0.427083 2.000000 0.531250 0.397917 2.000000 0.639062 0.502083 2.000000 0.462500 0.425000 2.000000 0.662500 0.568750 2.000000 0.442188 0.404167 2.000000 0.567187 0.591667 2.000000 0.515625 0.572917 2.000000 0.515625 0.720833 2.000000 0.476562 0.664583 2.000000 0.492188 0.845833 2.000000 0.540625 0.670833 2.000000
0 0.690930 0.735406 0.245297 0.473687 0.679688 0.556250 2.000000 0.681250 0.539583 2.000000 0.668750 0.547917 2.000000 0.690625 0.527083 2.000000 0.000000 0.000000 0.000000 0.709375 0.522917 2.000000 0.642188 0.579167 2.000000 0.720313 0.566667 2.000000 0.598437 0.622917 2.000000 0.739062 0.616667 1.000000 0.590625 0.639583 2.000000 0.728125 0.654167 2.000000 0.673438 0.672917 2.000000 0.762500 0.804167 2.000000 0.689063 0.829167 2.000000 0.782813 0.931250 2.000000 0.639062 0.912500 2.000000
0 0.403461 0.500406 0.087141 0.120813 0.409375 0.485417 2.000000 0.414062 0.479167 2.000000 0.403125 0.479167 2.000000 0.000000 0.000000 0.000000 0.390625 0.485417 2.000000 0.425000 0.508333 2.000000 0.373437 0.512500 2.000000 0.000000 0.000000 0.000000 0.000000 0.000000 0.000000 0.000000 0.000000 0.000000 0.000000 0.000000 0.000000 0.000000 0.000000 0.000000 0.000000 0.000000 0.000000 0.000000 0.000000 0.000000 0.000000 0.000000 0.000000 0.000000 0.000000 0.000000 0.000000 0.000000 0.000000
0 0.247297 0.081729 0.086281 0.094875 0.242188 0.062500 2.000000 0.245312 0.058333 2.000000 0.234375 0.058333 2.000000 0.256250 0.066667 1.000000 0.226562 0.068750 2.000000 0.264062 0.112500 2.000000 0.220312 0.114583 2.000000 0.000000 0.000000 0.000000 0.000000 0.000000 0.000000 0.000000 0.000000 0.000000 0.000000 0.000000 0.000000 0.000000 0.000000 0.000000 0.000000 0.000000 0.000000 0.000000 0.000000 0.000000 0.000000 0.000000 0.000000 0.000000 0.000000 0.000000 0.000000 0.000000 0.000000
0 0.210883 0.335177 0.072328 0.187229 0.226562 0.272917 2.000000 0.229687 0.270833 2.000000 0.220312 0.268750 2.000000 0.237500 0.285417 2.000000 0.207813 0.277083 2.000000 0.235937 0.320833 2.000000 0.193750 0.306250 2.000000 0.000000 0.000000 0.000000 0.192188 0.372917 2.000000 0.000000 0.000000 0.000000 0.237500 0.402083 1.000000 0.000000 0.000000 0.000000 0.000000 0.000000 0.000000 0.000000 0.000000 0.000000 0.000000 0.000000 0.000000 0.000000 0.000000 0.000000 0.000000 0.000000 0.000000
0 0.563828 0.219917 0.062125 0.161500 0.571875 0.185417 2.000000 0.576562 0.175000 2.000000 0.565625 0.177083 2.000000 0.584375 0.177083 2.000000 0.556250 0.179167 2.000000 0.592187 0.204167 2.000000 0.543750 0.206250 2.000000 0.000000 0.000000 0.000000 0.557813 0.277083 2.000000 0.000000 0.000000 0.000000 0.000000 0.000000 0.000000 0.000000 0.000000 0.000000 0.000000 0.000000 0.000000 0.000000 0.000000 0.000000 0.000000 0.000000 0.000000 0.000000 0.000000 0.000000 0.000000 0.000000 0.000000
0 0.751687 0.452115 0.080906 0.114604 0.760938 0.437500 2.000000 0.767188 0.431250 2.000000 0.756250 0.431250 2.000000 0.773438 0.437500 2.000000 0.745313 0.433333 2.000000 0.776563 0.466667 2.000000 0.728125 0.468750 2.000000 0.000000 0.000000 0.000000 0.000000 0.000000 0.000000 0.000000 0.000000 0.000000 0.000000 0.000000 0.000000 0.000000 0.000000 0.000000 0.000000 0.000000 0.000000 0.000000 0.000000 0.000000 0.000000 0.000000 0.000000 0.000000 0.000000 0.000000 0.000000 0.000000 0.000000
0 0.100273 0.485396 0.062359 0.130333 0.103125 0.454167 2.000000 0.109375 0.447917 2.000000 0.096875 0.447917 2.000000 0.000000 0.000000 0.000000 0.085938 0.452083 2.000000 0.120313 0.483333 2.000000 0.081250 0.489583 2.000000 0.126562 0.520833 2.000000 0.076563 0.537500 1.000000 0.000000 0.000000 0.000000 0.000000 0.000000 0.000000 0.120313 0.570833 1.000000 0.090625 0.570833 1.000000 0.000000 0.000000 0.000000 0.000000 0.000000 0.000000 0.000000 0.000000 0.000000 0.000000 0.000000 0.000000
0 0.318547 0.252646 0.123250 0.175083 0.290625 0.197917 2.000000 0.295312 0.191667 2.000000 0.284375 0.193750 2.000000 0.301563 0.197917 2.000000 0.275000 0.202083 2.000000 0.307812 0.222917 2.000000 0.270313 0.235417 2.000000 0.348438 0.264583 2.000000 0.298438 0.285417 2.000000 0.314063 0.268750 2.000000 0.332813 0.264583 2.000000 0.335938 0.312500 2.000000 0.307812 0.325000 2.000000 0.381250 0.343750 1.000000 0.354687 0.350000 1.000000 0.000000 0.000000 0.000000 0.000000 0.000000 0.000000
0 0.632984 0.328542 0.071313 0.146458 0.642188 0.293750 2.000000 0.648438 0.285417 2.000000 0.634375 0.283333 2.000000 0.653125 0.293750 2.000000 0.620313 0.289583 2.000000 0.657813 0.329167 2.000000 0.614062 0.333333 2.000000 0.659375 0.381250 1.000000 0.628125 0.383333 2.000000 0.000000 0.000000 0.000000 0.000000 0.000000 0.000000 0.000000 0.000000 0.000000 0.000000 0.000000 0.000000 0.000000 0.000000 0.000000 0.000000 0.000000 0.000000 0.000000 0.000000 0.000000 0.000000 0.000000 0.000000
0 0.461094 0.349604 0.060906 0.122042 0.450000 0.314583 2.000000 0.456250 0.308333 2.000000 0.445312 0.310417 2.000000 0.462500 0.314583 2.000000 0.434375 0.316667 2.000000 0.471875 0.339583 2.000000 0.428125 0.339583 1.000000 0.000000 0.000000 0.000000 0.000000 0.000000 0.000000 0.000000 0.000000 0.000000 0.000000 0.000000 0.000000 0.000000 0.000000 0.000000 0.000000 0.000000 0.000000 0.000000 0.000000 0.000000 0.000000 0.000000 0.000000 0.000000 0.000000 0.000000 0.000000 0.000000 0.000000
