0 0.348523 0.541499 0.243297 0.917002 0.368750 0.259953 2.000000 0.000000 0.000000 0.000000 0.367188 0.231850 2.000000 0.000000 0.000000 0.000000 0.332813 0.222482 2.000000 0.256250 0.313817 2.000000 0.293750 0.332553 2.000000 0.000000 0.000000 0.000000 0.314063 0.538642 2.000000 0.398438 0.466042 2.000000 0.421875 0.510539 2.000000 0.270313 0.641686 2.000000 0.312500 0.637002 2.000000 0.328125 0.964871 2.000000 0.392188 0.957845 2.000000 0.000000 0.000000 0.000000 0.000000 0.000000 0.000000
0 0.571906 0.164110 0.112219 0.180492 0.532813 0.159251 2.000000 0.543750 0.149883 2.000000 0.000000 0.000000 0.000000 0.567187 0.161593 2.000000 0.000000 0.000000 0.000000 0.601562 0.213115 2.000000 0.567187 0.203747 2.000000 0.000000 0.000000 0.000000 0.000000 0.000000 0.000000 0.548438 0.248244 1.000000 0.000000 0.000000 0.000000 0.000000 0.000000 0.000000 0.000000 0.000000 0.000000 0.000000 0.000000 0.000000 0.000000 0.000000 0.000000 0.000000 0.000000 0.000000 0.000000 0.000000 0.000000
0 0.469641 0.148478 0.108500 0.162623 0.471875 0.121780 2.000000 0.479687 0.110070 2.000000 0.468750 0.110070 2.000000 0.495312 0.114754 2.000000 0.460938 0.112412 2.000000 0.512500 0.159251 2.000000 0.434375 0.138173 2.000000 0.000000 0.000000 0.000000 0.000000 0.000000 0.000000 0.000000 0.000000 0.000000 0.000000 0.000000 0.000000 0.500000 0.288056 1.000000 0.462500 0.292740 1.000000 0.000000 0.000000 0.000000 0.000000 0.000000 0.000000 0.000000 0.000000 0.000000 0.000000 0.000000 0.000000
0 0.769141 0.493255 0.224906 0.631475 0.689063 0.271663 2.000000 0.706250 0.255269 2.000000 0.693750 0.255269 2.000000 0.726562 0.259953 2.000000 0.000000 0.000000 0.000000 0.762500 0.299766 2.000000 0.000000 0.000000 0.000000 0.681250 0.355972 2.000000 0.000000 0.000000 0.000000 0.000000 0.000000 0.000000 0.000000 0.000000 0.000000 0.000000 0.000000 0.000000 0.000000 0.000000 0.000000 0.000000 0.000000 0.000000 0.000000 0.000000 0.000000 0.000000 0.000000 0.000000 0.000000 0.000000 0.000000
0 0.650656 0.447073 0.276500 0.630632 0.682813 0.269321 2.000000 0.698438 0.248244 1.000000 0.000000 0.000000 0.000000 0.723437 0.252927 1.000000 0.000000 0.000000 0.000000 0.753125 0.297424 1.000000 0.000000 0.000000 0.000000 0.673438 0.374707 1.000000 0.000000 0.000000 0.000000 0.710938 0.323185 1.000000 0.000000 0.000000 0.000000 0.818750 0.484778 1.000000 0.803125 0.477752 1.000000 0.834375 0.634660 1.000000 0.814063 0.634660 1.000000 0.000000 0.000000 0.000000 0.000000 0.000000 0.000000
0 0.964539 0.267881 0.070922 0.264005 0.000000 0.000000 0.000000 0.000000 0.000000 0.000000 0.000000 0.000000 0.000000 0.976562 0.201405 2.000000 0.000000 0.000000 0.000000 0.956250 0.311475 2.000000 0.000000 0.000000 0.000000 0.000000 0.000000 0.000000 0.000000 0.000000 0.000000 0.000000 0.000000 0.000000 0.000000 0.000000 0.000000 0.000000 0.000000 0.000000 0.000000 0.000000 0.000000 0.000000 0.000000 0.000000 0.000000 0.000000 0.000000 0.000000 0.000000 0.000000 0.000000 0.000000 0.000000
0 0.118133 0.180070 0.057391 0.359906 0.000000 0.000000 0.000000 0.000000 0.000000 0.000000 0.000000 0.000000 0.000000 0.000000 0.000000 0.000000 0.000000 0.000000 0.000000 0.000000 0.000000 0.000000 0.000000 0.000000 0.000000 0.000000 0.000000 0.000000 0.093750 0.035129 2.000000 0.000000 0.000000 0.000000 0.106250 0.091335 2.000000 0.000000 0.000000 0.000000 0.123438 0.096019 2.000000 0.000000 0.000000 0.000000 0.125000 0.227166 2.000000 0.000000 0.000000 0.000000 0.128125 0.318501 2.000000
0 0.633906 0.105281 0.064906 0.104239 0.637500 0.133489 1.000000 0.642188 0.117096 2.000000 0.628125 0.126464 2.000000 0.650000 0.117096 2.000000 0.000000 0.000000 0.000000 0.000000 0.000000 0.000000 0.000000 0.000000 0.000000 0.000000 0.000000 0.000000 0.000000 0.000000 0.000000 0.000000 0.000000 0.000000 0.000000 0.000000 0.000000 0.000000 0.000000 0.000000 0.000000 0.000000 0.000000 0.000000 0.000000 0.000000 0.000000 0.000000 0.000000 0.000000 0.000000 0.000000 0.000000 0.000000 0.000000
0 0.369531 0.095855 0.071844 0.191710 0.339062 0.016393 2.000000 0.342187 0.007026 2.000000 0.000000 0.000000 0.000000 0.000000 0.000000 0.000000 0.000000 0.000000 0.000000 0.373437 0.058548 2.000000 0.364063 0.044496 2.000000 0.000000 0.000000 0.000000 0.000000 0.000000 0.000000 0.000000 0.000000 0.000000 0.000000 0.000000 0.000000 0.000000 0.000000 0.000000 0.000000 0.000000 0.000000 0.000000 0.000000 0.000000 0.000000 0.000000 0.000000 0.000000 0.000000 0.000000 0.000000 0.000000 0.000000
0 0.193195 0.220141 0.118922 0.440281 0.000000 0.000000 0.000000 0.000000 0.000000 0.000000 0.000000 0.000000 0.000000 0.000000 0.000000 0.000000 0.000000 0.000000 0.000000 0.000000 0.000000 0.000000 0.000000 0.000000 0.000000 0.204687 0.058548 2.000000 0.151562 0.067916 2.000000 0.235937 0.107728 2.000000 0.184375 0.103044 2.000000 0.210938 0.133489 2.000000 0.165625 0.131148 2.000000 0.214062 0.255269 2.000000 0.156250 0.250585 2.000000 0.228125 0.381733 2.000000 0.151562 0.395785 2.000000
0 0.862500 0.310656 0.214250 0.309696 0.789062 0.243560 1.000000 0.800000 0.229508 2.000000 0.000000 0.000000 0.000000 0.829688 0.229508 2.000000 0.000000 0.000000 0.000000 0.890625 0.276347 2.000000 0.000000 0.000000 0.000000 0.896875 0.379391 2.000000 0.000000 0.000000 0.000000 0.825000 0.360656 2.000000 0.789062 0.360656 2.000000 0.957812 0.585480 1.000000 0.000000 0.000000 0.000000 0.000000 0.000000 0.000000 0.000000 0.000000 0.000000 0.000000 0.000000 0.000000 0.000000 0.000000 0.000000
