0 0.399227 0.627447 0.104859 0.520375 0.000000 0.000000 0.000000 0.000000 0.000000 0.000000 0.000000 0.000000 0.000000 0.000000 0.000000 0.000000 0.393750 0.426230 2.000000 0.365625 0.480094 2.000000 0.400000 0.489461 2.000000 0.000000 0.000000 0.000000 0.434375 0.543326 2.000000 0.000000 0.000000 0.000000 0.000000 0.000000 0.000000 0.381250 0.637002 2.000000 0.407813 0.639344 2.000000 0.387500 0.737705 2.000000 0.393750 0.747073 2.000000 0.381250 0.843091 2.000000 0.393750 0.859485 2.000000
0 0.911773 0.521440 0.141891 0.655761 0.890625 0.248244 2.000000 0.898438 0.238876 2.000000 0.000000 0.000000 0.000000 0.925000 0.241218 2.000000 0.000000 0.000000 0.000000 0.948438 0.311475 2.000000 0.890625 0.316159 2.000000 0.967187 0.407494 2.000000 0.000000 0.000000 0.000000 0.921875 0.477752 2.000000 0.875000 0.489461 2.000000 0.939063 0.538642 2.000000 0.895312 0.533958 2.000000 0.937500 0.667447 2.000000 0.881250 0.665105 2.000000 0.935937 0.807963 2.000000 0.885938 0.800937 2.000000
0 0.592266 0.517447 0.238313 0.745902 0.000000 0.000000 0.000000 0.000000 0.000000 0.000000 0.000000 0.000000 0.000000 0.539062 0.213115 2.000000 0.000000 0.000000 0.000000 0.525000 0.283372 2.000000 0.604688 0.264637 2.000000 0.493750 0.426230 2.000000 0.654687 0.388759 2.000000 0.000000 0.000000 0.000000 0.640625 0.456674 2.000000 0.551562 0.491803 2.000000 0.612500 0.482436 2.000000 0.550000 0.679157 2.000000 0.651563 0.667447 2.000000 0.560937 0.833724 2.000000 0.667188 0.824356 2.000000
0 0.500766 0.656183 0.101937 0.435972 0.514062 0.461358 2.000000 0.518750 0.451991 1.000000 0.504687 0.451991 2.000000 0.000000 0.000000 0.000000 0.489063 0.459016 2.000000 0.534375 0.508197 1.000000 0.487500 0.505855 2.000000 0.000000 0.000000 0.000000 0.451562 0.543326 1.000000 0.000000 0.000000 0.000000 0.475000 0.599532 2.000000 0.539062 0.639344 1.000000 0.496875 0.639344 2.000000 0.542188 0.740047 1.000000 0.498437 0.740047 2.000000 0.545312 0.829040 2.000000 0.498437 0.840749 1.000000
0 0.283359 0.620585 0.133438 0.520000 0.293750 0.433255 2.000000 0.300000 0.423888 2.000000 0.284375 0.428571 2.000000 0.000000 0.000000 0.000000 0.265625 0.430913 2.000000 0.320312 0.491803 2.000000 0.250000 0.484778 2.000000 0.335938 0.559719 2.000000 0.237500 0.548009 2.000000 0.328125 0.599532 2.000000 0.235937 0.622951 2.000000 0.296875 0.632319 2.000000 0.245312 0.622951 2.000000 0.300000 0.735363 2.000000 0.243750 0.730679 2.000000 0.307812 0.847775 2.000000 0.234375 0.836066 2.000000
0 0.121500 0.644333 0.100500 0.482248 0.142187 0.456674 2.000000 0.000000 0.000000 0.000000 0.139063 0.449649 2.000000 0.000000 0.000000 0.000000 0.121875 0.466042 2.000000 0.089063 0.512881 2.000000 0.117188 0.517564 2.000000 0.000000 0.000000 0.000000 0.125000 0.587822 2.000000 0.000000 0.000000 0.000000 0.151562 0.569087 2.000000 0.090625 0.655738 2.000000 0.117188 0.655738 2.000000 0.095312 0.749415 2.000000 0.128125 0.744731 2.000000 0.089063 0.850117 2.000000 0.128125 0.854801 2.000000
0 0.058469 0.605246 0.068969 0.366276 0.078125 0.482436 2.000000 0.084375 0.475410 2.000000 0.073438 0.477752 2.000000 0.000000 0.000000 0.000000 0.060937 0.463700 2.000000 0.093750 0.491803 1.000000 0.057813 0.498829 2.000000 0.000000 0.000000 0.000000 0.035937 0.484778 2.000000 0.000000 0.000000 0.000000 0.053125 0.451991 2.000000 0.092188 0.592506 1.000000 0.067187 0.594848 2.000000 0.000000 0.000000 0.000000 0.065625 0.700234 2.000000 0.000000 0.000000 0.000000 0.064062 0.782201 1.000000
0 0.701320 0.634403 0.094984 0.460749 0.687500 0.456674 2.000000 0.692187 0.451991 2.000000 0.000000 0.000000 0.000000 0.707812 0.451991 2.000000 0.000000 0.000000 0.000000 0.701562 0.515222 2.000000 0.723437 0.512881 2.000000 0.696875 0.576112 2.000000 0.000000 0.000000 0.000000 0.667188 0.555035 2.000000 0.000000 0.000000 0.000000 0.696875 0.639344 2.000000 0.718750 0.639344 2.000000 0.693750 0.721311 2.000000 0.721875 0.733021 2.000000 0.687500 0.822014 1.000000 0.723437 0.833724 2.000000
0 0.182164 0.612354 0.091453 0.438197 0.210938 0.456674 2.000000 0.214062 0.447307 2.000000 0.203125 0.451991 2.000000 0.000000 0.000000 0.000000 0.185938 0.456674 2.000000 0.226562 0.512881 1.000000 0.175000 0.510539 1.000000 0.000000 0.000000 0.000000 0.159375 0.578454 1.000000 0.000000 0.000000 0.000000 0.156250 0.658080 2.000000 0.210938 0.627635 1.000000 0.179688 0.622951 2.000000 0.207813 0.714286 2.000000 0.153125 0.660422 2.000000 0.204687 0.803279 2.000000 0.139063 0.751756 1.000000
0 0.583625 0.743361 0.133219 0.152201 0.000000 0.000000 0.000000 0.000000 0.000000 0.000000 0.000000 0.000000 0.000000 0.000000 0.000000 0.000000 0.000000 0.000000 0.000000 0.000000 0.000000 0.000000 0.000000 0.000000 0.000000 0.000000 0.000000 0.000000 0.000000 0.000000 0.000000 0.000000 0.000000 0.000000 0.000000 0.000000 0.000000 0.000000 0.000000 0.000000 0.000000 0.000000 0.000000 0.585938 0.707260 2.000000 0.000000 0.000000 0.000000 0.635938 0.782201 2.000000 0.000000 0.000000 0.000000
