0 0.482430 0.592580 0.179340 0.786512 0.464000 0.291815 2.000000 0.472000 0.281139 2.000000 0.000000 0.000000 0.000000 0.510000 0.281139 2.000000 0.000000 0.000000 0.000000 0.544000 0.405694 2.000000 0.454000 0.398577 2.000000 0.538000 0.523132 2.000000 0.404000 0.494662 2.000000 0.492000 0.387900 2.000000 0.444000 0.380783 2.000000 0.502000 0.722420 2.000000 0.452000 0.718861 2.000000 0.486000 0.975089 2.000000 0.440000 0.928826 2.000000 0.000000 0.000000 0.000000 0.000000 0.000000 0.000000
0 0.892800 0.638381 0.174600 0.394128 0.890000 0.494662 2.000000 0.896000 0.487544 2.000000 0.886000 0.487544 2.000000 0.906000 0.487544 2.000000 0.000000 0.000000 0.000000 0.920000 0.526690 2.000000 0.866000 0.526690 2.000000 0.936000 0.590747 2.000000 0.844000 0.590747 2.000000 0.942000 0.654804 2.000000 0.840000 0.658363 2.000000 0.914000 0.612100 2.000000 0.870000 0.608541 2.000000 0.936000 0.676157 2.000000 0.842000 0.676157 2.000000 0.954000 0.800712 2.000000 0.822000 0.807829 2.000000
0 0.571710 0.098505 0.077980 0.197011 0.560000 0.028470 2.000000 0.564000 0.021352 2.000000 0.554000 0.024911 2.000000 0.570000 0.028470 2.000000 0.000000 0.000000 0.000000 0.586000 0.071174 2.000000 0.544000 0.074733 2.000000 0.596000 0.113879 2.000000 0.544000 0.124555 2.000000 0.582000 0.131673 2.000000 0.576000 0.131673 2.000000 0.586000 0.142349 2.000000 0.554000 0.142349 2.000000 0.606000 0.163701 2.000000 0.580000 0.163701 2.000000 0.000000 0.000000 0.000000 0.000000 0.000000 0.000000
0 0.510260 0.096655 0.056080 0.193310 0.516000 0.021352 2.000000 0.520000 0.014235 2.000000 0.510000 0.010676 2.000000 0.526000 0.021352 2.000000 0.504000 0.024911 2.000000 0.526000 0.060498 2.000000 0.494000 0.060498 2.000000 0.530000 0.106762 2.000000 0.486000 0.120996 2.000000 0.526000 0.124555 2.000000 0.512000 0.131673 2.000000 0.526000 0.138790 2.000000 0.498000 0.142349 1.000000 0.000000 0.000000 0.000000 0.000000 0.000000 0.000000 0.000000 0.000000 0.000000 0.000000 0.000000 0.000000
0 0.291500 0.100569 0.095880 0.197153 0.278000 0.028470 2.000000 0.282000 0.021352 2.000000 0.274000 0.021352 2.000000 0.288000 0.028470 2.000000 0.264000 0.028470 2.000000 0.296000 0.071174 2.000000 0.256000 0.074733 2.000000 0.000000 0.000000 0.000000 0.264000 0.138790 1.000000 0.000000 0.000000 0.000000 0.276000 0.128114 1.000000 0.302000 0.170819 2.000000 0.276000 0.174377 1.000000 0.304000 0.128114 1.000000 0.312000 0.110320 2.000000 0.324000 0.188612 2.000000 0.328000 0.192171 1.000000
0 0.808270 0.095498 0.085860 0.190996 0.000000 0.000000 0.000000 0.000000 0.000000 0.000000 0.826000 0.028470 2.000000 0.000000 0.000000 0.000000 0.816000 0.028470 2.000000 0.826000 0.049822 2.000000 0.794000 0.042705 2.000000 0.000000 0.000000 0.000000 0.794000 0.110320 2.000000 0.000000 0.000000 0.000000 0.824000 0.120996 2.000000 0.810000 0.113879 2.000000 0.782000 0.113879 2.000000 0.838000 0.138790 2.000000 0.802000 0.142349 2.000000 0.836000 0.213523 1.000000 0.790000 0.217082 1.000000
0 0.666320 0.100000 0.079840 0.191032 0.000000 0.000000 0.000000 0.000000 0.000000 0.000000 0.000000 0.000000 0.000000 0.000000 0.000000 0.000000 0.000000 0.000000 0.000000 0.678000 0.064057 2.000000 0.642000 0.067616 2.000000 0.682000 0.096085 2.000000 0.646000 0.120996 1.000000 0.686000 0.128114 2.000000 0.668000 0.142349 2.000000 0.674000 0.142349 2.000000 0.644000 0.156584 2.000000 0.692000 0.160142 2.000000 0.676000 0.163701 2.000000 0.000000 0.000000 0.000000 0.000000 0.000000 0.000000
0 0.926980 0.099431 0.085880 0.184270 0.000000 0.000000 0.000000 0.000000 0.000000 0.000000 0.934000 0.024911 2.000000 0.000000 0.000000 0.000000 0.920000 0.028470 2.000000 0.934000 0.049822 2.000000 0.900000 0.049822 2.000000 0.940000 0.113879 2.000000 0.896000 0.106762 2.000000 0.928000 0.128114 2.000000 0.918000 0.117438 2.000000 0.928000 0.128114 2.000000 0.902000 0.128114 1.000000 0.950000 0.135231 2.000000 0.910000 0.138790 2.000000 0.954000 0.195730 1.000000 0.914000 0.202847 1.000000
0 0.734220 0.096157 0.095640 0.192313 0.714000 0.028470 2.000000 0.716000 0.017794 2.000000 0.708000 0.017794 2.000000 0.000000 0.000000 0.000000 0.698000 0.017794 2.000000 0.722000 0.056940 1.000000 0.694000 0.056940 1.000000 0.738000 0.078292 2.000000 0.698000 0.117438 1.000000 0.738000 0.128114 2.000000 0.728000 0.135231 2.000000 0.728000 0.124555 2.000000 0.712000 0.128114 2.000000 0.750000 0.128114 2.000000 0.710000 0.142349 2.000000 0.764000 0.177936 2.000000 0.728000 0.185053 2.000000
0 0.865510 0.096904 0.056780 0.184840 0.000000 0.000000 0.000000 0.000000 0.000000 0.000000 0.000000 0.000000 0.000000 0.000000 0.000000 0.000000 0.870000 0.007117 2.000000 0.868000 0.035587 2.000000 0.848000 0.039146 2.000000 0.000000 0.000000 0.000000 0.846000 0.099644 2.000000 0.000000 0.000000 0.000000 0.868000 0.081851 2.000000 0.000000 0.000000 0.000000 0.854000 0.131673 2.000000 0.000000 0.000000 0.000000 0.872000 0.106762 2.000000 0.000000 0.000000 0.000000 0.884000 0.174377 2.000000
0 0.081450 0.080196 0.096100 0.158043 0.068000 0.017794 2.000000 0.070000 0.014235 2.000000 0.060000 0.014235 2.000000 0.076000 0.021352 2.000000 0.054000 0.017794 2.000000 0.084000 0.060498 2.000000 0.044000 0.067616 2.000000 0.000000 0.000000 0.000000 0.050000 0.120996 2.000000 0.000000 0.000000 0.000000 0.080000 0.106762 2.000000 0.088000 0.142349 2.000000 0.062000 0.153025 2.000000 0.114000 0.128114 2.000000 0.098000 0.110320 2.000000 0.000000 0.000000 0.000000 0.000000 0.000000 0.000000
