0 0.969945 0.542119 0.058391 0.783489 0.000000 0.000000 0.000000 0.000000 0.000000 0.000000 0.000000 0.000000 0.000000 0.960938 0.220141 2.000000 0.000000 0.000000 0.000000 0.979688 0.297424 2.000000 0.000000 0.000000 0.000000 0.993750 0.435597 2.000000 0.000000 0.000000 0.000000 0.975000 0.557377 2.000000 0.000000 0.000000 0.000000 0.965625 0.545667 2.000000 0.000000 0.000000 0.000000 0.987500 0.737705 2.000000 0.000000 0.000000 0.000000 0.993750 0.868852 2.000000 0.000000 0.000000 0.000000
0 0.319805 0.594649 0.070859 0.592248 0.312500 0.360656 2.000000 0.321875 0.348946 2.000000 0.310937 0.346604 2.000000 0.342187 0.355972 2.000000 0.000000 0.000000 0.000000 0.362500 0.402810 1.000000 0.306250 0.405152 2.000000 0.000000 0.000000 0.000000 0.290625 0.503513 1.000000 0.000000 0.000000 0.000000 0.293750 0.583138 2.000000 0.356250 0.604215 1.000000 0.320312 0.604215 2.000000 0.000000 0.000000 0.000000 0.329688 0.735363 2.000000 0.000000 0.000000 0.000000 0.334375 0.833724 2.000000
0 0.383180 0.622073 0.098422 0.597681 0.354687 0.344262 2.000000 0.362500 0.334895 1.000000 0.000000 0.000000 0.000000 0.384375 0.344262 1.000000 0.000000 0.000000 0.000000 0.404687 0.412178 1.000000 0.345313 0.412178 2.000000 0.000000 0.000000 0.000000 0.351562 0.470726 2.000000 0.000000 0.000000 0.000000 0.371875 0.407494 2.000000 0.406250 0.613583 1.000000 0.353125 0.613583 2.000000 0.395313 0.751756 2.000000 0.359375 0.749415 2.000000 0.392188 0.866511 2.000000 0.360938 0.878220 2.000000
0 0.609547 0.627705 0.171938 0.713208 0.596875 0.334895 1.000000 0.000000 0.000000 0.000000 0.606250 0.325527 2.000000 0.000000 0.000000 0.000000 0.631250 0.351288 2.000000 0.670312 0.433255 2.000000 0.598437 0.435597 2.000000 0.675000 0.536300 1.000000 0.542188 0.487119 2.000000 0.000000 0.000000 0.000000 0.560937 0.395785 2.000000 0.660937 0.622951 2.000000 0.601562 0.629977 2.000000 0.646875 0.796253 2.000000 0.601562 0.800937 2.000000 0.645312 0.969555 1.000000 0.603125 0.976581 1.000000
0 0.815414 0.536335 0.105703 0.649859 0.768750 0.264637 2.000000 0.773438 0.250585 2.000000 0.767188 0.252927 2.000000 0.801562 0.259953 2.000000 0.000000 0.000000 0.000000 0.815625 0.334895 2.000000 0.768750 0.330211 1.000000 0.862500 0.386417 2.000000 0.000000 0.000000 0.000000 0.831250 0.437939 2.000000 0.000000 0.000000 0.000000 0.828125 0.531616 2.000000 0.000000 0.000000 0.000000 0.826562 0.674473 2.000000 0.000000 0.000000 0.000000 0.823438 0.819672 2.000000 0.000000 0.000000 0.000000
0 0.874844 0.573782 0.118438 0.653934 0.850000 0.299766 2.000000 0.859375 0.285714 2.000000 0.000000 0.000000 0.000000 0.884375 0.299766 2.000000 0.000000 0.000000 0.000000 0.887500 0.365340 2.000000 0.901563 0.370023 2.000000 0.890625 0.473068 2.000000 0.000000 0.000000 0.000000 0.859375 0.557377 2.000000 0.000000 0.000000 0.000000 0.873437 0.583138 2.000000 0.895312 0.578454 2.000000 0.854688 0.693208 2.000000 0.892188 0.711944 2.000000 0.857812 0.864169 2.000000 0.903125 0.847775 2.000000
0 0.095953 0.570785 0.128937 0.611218 0.120313 0.311475 2.000000 0.128125 0.302108 2.000000 0.114062 0.299766 2.000000 0.135937 0.309133 2.000000 0.098437 0.306792 2.000000 0.148438 0.372365 2.000000 0.067187 0.370023 2.000000 0.000000 0.000000 0.000000 0.043750 0.447307 2.000000 0.000000 0.000000 0.000000 0.067187 0.489461 2.000000 0.131250 0.540984 2.000000 0.085938 0.538642 2.000000 0.125000 0.690867 2.000000 0.082812 0.690867 2.000000 0.117188 0.824356 2.000000 0.081250 0.838407 2.000000
0 0.722352 0.615047 0.103547 0.707752 0.000000 0.000000 0.000000 0.698438 0.318501 2.000000 0.000000 0.000000 0.000000 0.717187 0.313817 2.000000 0.000000 0.000000 0.000000 0.698438 0.398126 2.000000 0.760938 0.398126 2.000000 0.665625 0.494145 1.000000 0.000000 0.000000 0.000000 0.000000 0.000000 0.000000 0.000000 0.000000 0.000000 0.693750 0.625293 2.000000 0.751563 0.627635 2.000000 0.696875 0.751756 2.000000 0.746875 0.772834 2.000000 0.710938 0.922717 2.000000 0.745313 0.911007 2.000000
0 0.212898 0.594379 0.149922 0.667400 0.198437 0.316159 2.000000 0.206250 0.304450 2.000000 0.000000 0.000000 0.000000 0.221875 0.320843 2.000000 0.000000 0.000000 0.000000 0.190625 0.377049 2.000000 0.271875 0.381733 1.000000 0.143750 0.423888 2.000000 0.284375 0.508197 2.000000 0.178125 0.337237 2.000000 0.281250 0.592506 2.000000 0.198437 0.571429 2.000000 0.262500 0.571429 2.000000 0.195312 0.737705 2.000000 0.246875 0.737705 2.000000 0.190625 0.887588 2.000000 0.245312 0.889930 2.000000
0 0.793125 0.604930 0.080969 0.653934 0.000000 0.000000 0.000000 0.000000 0.000000 0.000000 0.000000 0.000000 0.000000 0.000000 0.000000 0.000000 0.000000 0.000000 0.000000 0.743750 0.428571 1.000000 0.771875 0.430913 2.000000 0.770312 0.519906 2.000000 0.803125 0.505855 2.000000 0.800000 0.562061 2.000000 0.817187 0.562061 2.000000 0.770312 0.615925 2.000000 0.798438 0.620609 2.000000 0.754687 0.751756 1.000000 0.792188 0.751756 2.000000 0.740625 0.903981 1.000000 0.792188 0.896956 2.000000
0 0.441906 0.629871 0.190625 0.709110 0.000000 0.000000 0.000000 0.000000 0.000000 0.000000 0.000000 0.000000 0.000000 0.000000 0.000000 0.000000 0.000000 0.000000 0.000000 0.467187 0.423888 2.000000 0.496875 0.428571 2.000000 0.398438 0.423888 2.000000 0.404687 0.480094 2.000000 0.378125 0.351288 2.000000 0.379688 0.367681 2.000000 0.460938 0.660422 2.000000 0.490625 0.665105 2.000000 0.462500 0.817330 2.000000 0.493750 0.812646 2.000000 0.000000 0.000000 0.000000 0.501563 0.976581 2.000000
