0 0.744977 0.423759 0.472703 0.834075 0.726562 0.119438 2.000000 0.735938 0.098361 2.000000 0.709375 0.100703 2.000000 0.751563 0.088993 2.000000 0.000000 0.000000 0.000000 0.809375 0.168618 2.000000 0.703125 0.173302 2.000000 0.904687 0.262295 2.000000 0.620313 0.259953 2.000000 0.956250 0.381733 2.000000 0.550000 0.325527 2.000000 0.846875 0.442623 2.000000 0.760938 0.442623 2.000000 0.771875 0.583138 2.000000 0.714063 0.611241 2.000000 0.746875 0.779859 2.000000 0.740625 0.761124 2.000000
0 0.174305 0.643021 0.129234 0.470726 0.150000 0.477752 2.000000 0.153125 0.466042 2.000000 0.143750 0.473068 2.000000 0.168750 0.456674 2.000000 0.000000 0.000000 0.000000 0.198437 0.487119 2.000000 0.125000 0.508197 2.000000 0.232813 0.529274 2.000000 0.118750 0.576112 2.000000 0.223438 0.529274 2.000000 0.121875 0.601874 2.000000 0.181250 0.655738 2.000000 0.151562 0.655738 2.000000 0.192188 0.751756 2.000000 0.154688 0.765808 2.000000 0.195312 0.861827 1.000000 0.165625 0.859485 2.000000
0 0.048727 0.659543 0.094453 0.465176 0.068750 0.473068 2.000000 0.000000 0.000000 0.000000 0.062500 0.461358 2.000000 0.000000 0.000000 0.000000 0.042188 0.468384 2.000000 0.067187 0.505855 2.000000 0.025000 0.512881 2.000000 0.085938 0.573770 2.000000 0.007812 0.587822 2.000000 0.085938 0.629977 2.000000 0.029687 0.634660 2.000000 0.075000 0.625293 2.000000 0.050000 0.627635 2.000000 0.065625 0.756440 2.000000 0.029687 0.758782 2.000000 0.065625 0.847775 1.000000 0.026562 0.868852 2.000000
0 0.438375 0.649215 0.110062 0.248454 0.440625 0.569087 2.000000 0.445312 0.559719 2.000000 0.431250 0.566745 2.000000 0.457813 0.559719 2.000000 0.000000 0.000000 0.000000 0.475000 0.601874 2.000000 0.425000 0.611241 2.000000 0.000000 0.000000 0.000000 0.410938 0.697892 2.000000 0.000000 0.000000 0.000000 0.448437 0.709602 2.000000 0.467187 0.735363 1.000000 0.442188 0.725995 2.000000 0.475000 0.711944 2.000000 0.403125 0.723653 2.000000 0.462500 0.829040 1.000000 0.414062 0.822014 1.000000
0 0.888836 0.635691 0.077328 0.394052 0.892188 0.489461 2.000000 0.896875 0.477752 2.000000 0.889062 0.480094 2.000000 0.904687 0.482436 2.000000 0.882812 0.480094 2.000000 0.912500 0.536300 2.000000 0.862500 0.529274 2.000000 0.915625 0.578454 2.000000 0.860938 0.583138 2.000000 0.903125 0.613583 2.000000 0.870313 0.613583 2.000000 0.901563 0.637002 2.000000 0.873437 0.637002 2.000000 0.904687 0.723653 2.000000 0.876563 0.718970 2.000000 0.906250 0.793911 2.000000 0.878125 0.796253 2.000000
0 0.672984 0.599344 0.102188 0.391429 0.681250 0.477752 2.000000 0.685937 0.468384 2.000000 0.675000 0.466042 2.000000 0.000000 0.000000 0.000000 0.000000 0.000000 0.000000 0.709375 0.459016 2.000000 0.643750 0.463700 2.000000 0.000000 0.000000 0.000000 0.623437 0.548009 1.000000 0.000000 0.000000 0.000000 0.643750 0.548009 2.000000 0.692187 0.601874 2.000000 0.651563 0.599532 2.000000 0.695312 0.707260 2.000000 0.645312 0.704918 2.000000 0.692187 0.817330 1.000000 0.648438 0.812646 1.000000
0 0.268711 0.640199 0.112797 0.323958 0.264062 0.510539 2.000000 0.270313 0.505855 2.000000 0.259375 0.503513 2.000000 0.276562 0.510539 2.000000 0.254688 0.510539 2.000000 0.290625 0.548009 2.000000 0.242188 0.550351 2.000000 0.315625 0.578454 2.000000 0.239063 0.608899 2.000000 0.300000 0.625293 2.000000 0.242188 0.651054 2.000000 0.285938 0.658080 2.000000 0.262500 0.655738 2.000000 0.309375 0.718970 1.000000 0.239063 0.681499 2.000000 0.296875 0.789227 1.000000 0.234375 0.768150 2.000000
0 0.522602 0.612518 0.077797 0.281241 0.000000 0.000000 0.000000 0.000000 0.000000 0.000000 0.000000 0.000000 0.000000 0.523438 0.522248 2.000000 0.509375 0.522248 2.000000 0.545312 0.526932 2.000000 0.489063 0.529274 1.000000 0.543750 0.611241 1.000000 0.489063 0.615925 1.000000 0.532813 0.690867 2.000000 0.510938 0.704918 2.000000 0.531250 0.629977 1.000000 0.500000 0.634660 2.000000 0.532813 0.697892 2.000000 0.500000 0.702576 2.000000 0.535937 0.768150 1.000000 0.000000 0.000000 0.000000
0 0.941344 0.667927 0.054750 0.299696 0.946875 0.545667 2.000000 0.000000 0.000000 0.000000 0.940625 0.540984 2.000000 0.000000 0.000000 0.000000 0.931250 0.543326 2.000000 0.948438 0.590164 2.000000 0.921875 0.587822 1.000000 0.960938 0.615925 2.000000 0.000000 0.000000 0.000000 0.951562 0.578454 2.000000 0.000000 0.000000 0.000000 0.948438 0.669789 2.000000 0.925000 0.667447 2.000000 0.948438 0.730679 2.000000 0.932813 0.721311 2.000000 0.937500 0.793911 2.000000 0.926562 0.775176 1.000000
0 0.442695 0.455937 0.148984 0.249532 0.451562 0.367681 2.000000 0.457813 0.362998 2.000000 0.442188 0.362998 2.000000 0.000000 0.000000 0.000000 0.432812 0.374707 1.000000 0.476562 0.423888 2.000000 0.414062 0.433255 2.000000 0.510938 0.482436 1.000000 0.378125 0.491803 2.000000 0.492188 0.524590 1.000000 0.407813 0.540984 2.000000 0.473438 0.585480 1.000000 0.437500 0.585480 1.000000 0.000000 0.000000 0.000000 0.000000 0.000000 0.000000 0.000000 0.000000 0.000000 0.000000 0.000000 0.000000
