0 0.568117 0.418981 0.077297 0.198899 0.564063 0.346604 2.000000 0.568750 0.341920 2.000000 0.560937 0.339578 2.000000 0.575000 0.341920 2.000000 0.000000 0.000000 0.000000 0.589063 0.360656 2.000000 0.551562 0.360656 2.000000 0.590625 0.405152 2.000000 0.546875 0.395785 2.000000 0.568750 0.421546 2.000000 0.560937 0.419204 2.000000 0.579688 0.409836 2.000000 0.564063 0.412178 2.000000 0.592187 0.430913 2.000000 0.543750 0.423888 2.000000 0.592187 0.491803 2.000000 0.539062 0.487119 2.000000
0 0.665320 0.565843 0.143266 0.317822 0.667188 0.444965 2.000000 0.673438 0.440281 2.000000 0.665625 0.440281 2.000000 0.684375 0.440281 2.000000 0.000000 0.000000 0.000000 0.703125 0.459016 2.000000 0.657813 0.470726 2.000000 0.732812 0.451991 2.000000 0.676562 0.489461 2.000000 0.709375 0.435597 2.000000 0.707812 0.454333 2.000000 0.692187 0.566745 2.000000 0.659375 0.562061 2.000000 0.704688 0.622951 2.000000 0.645312 0.625293 2.000000 0.710938 0.702576 2.000000 0.609375 0.693208 2.000000
0 0.931664 0.417283 0.075891 0.309321 0.934375 0.297424 2.000000 0.937500 0.292740 2.000000 0.000000 0.000000 0.000000 0.948438 0.292740 2.000000 0.000000 0.000000 0.000000 0.951562 0.323185 2.000000 0.929688 0.320843 2.000000 0.925000 0.348946 2.000000 0.912500 0.362998 2.000000 0.904687 0.334895 2.000000 0.901563 0.332553 2.000000 0.948438 0.414520 2.000000 0.929688 0.409836 2.000000 0.950000 0.482436 2.000000 0.923438 0.475410 2.000000 0.970313 0.548009 1.000000 0.920312 0.548009 2.000000
0 0.651672 0.407342 0.062969 0.201054 0.654687 0.327869 2.000000 0.657813 0.320843 2.000000 0.651563 0.318501 2.000000 0.667188 0.323185 2.000000 0.000000 0.000000 0.000000 0.676562 0.353630 2.000000 0.640625 0.355972 2.000000 0.682813 0.388759 2.000000 0.634375 0.395785 2.000000 0.678125 0.423888 1.000000 0.645312 0.423888 2.000000 0.671875 0.416862 1.000000 0.650000 0.416862 2.000000 0.000000 0.000000 0.000000 0.628125 0.433255 2.000000 0.000000 0.000000 0.000000 0.643750 0.482436 2.000000
0 0.292063 0.142389 0.064812 0.105433 0.289062 0.112412 2.000000 0.293750 0.107728 2.000000 0.287500 0.110070 2.000000 0.300000 0.114754 2.000000 0.000000 0.000000 0.000000 0.307812 0.138173 2.000000 0.270313 0.138173 2.000000 0.318750 0.182670 2.000000 0.265625 0.168618 1.000000 0.304688 0.189696 1.000000 0.271875 0.192037 1.000000 0.000000 0.000000 0.000000 0.000000 0.000000 0.000000 0.000000 0.000000 0.000000 0.000000 0.000000 0.000000 0.000000 0.000000 0.000000 0.000000 0.000000 0.000000
0 0.535789 0.302576 0.049922 0.114614 0.535937 0.259953 2.000000 0.539062 0.255269 2.000000 0.532813 0.255269 2.000000 0.546875 0.264637 2.000000 0.000000 0.000000 0.000000 0.550000 0.295082 2.000000 0.523438 0.292740 2.000000 0.546875 0.337237 2.000000 0.515625 0.337237 2.000000 0.528125 0.327869 2.000000 0.539062 0.325527 2.000000 0.543750 0.365340 1.000000 0.521875 0.362998 1.000000 0.000000 0.000000 0.000000 0.000000 0.000000 0.000000 0.000000 0.000000 0.000000 0.000000 0.000000 0.000000
0 0.886023 0.620316 0.105922 0.224567 0.875000 0.540984 2.000000 0.881250 0.533958 2.000000 0.000000 0.000000 0.000000 0.893750 0.536300 2.000000 0.000000 0.000000 0.000000 0.904687 0.571429 2.000000 0.881250 0.571429 2.000000 0.910937 0.620609 2.000000 0.876563 0.608899 2.000000 0.885938 0.639344 2.000000 0.873437 0.625293 2.000000 0.921875 0.655738 2.000000 0.898438 0.658080 2.000000 0.881250 0.648712 2.000000 0.845313 0.660422 2.000000 0.918750 0.707260 2.000000 0.893750 0.702576 2.000000
0 0.215023 0.425293 0.059578 0.147073 0.214062 0.379391 2.000000 0.217188 0.374707 2.000000 0.210938 0.374707 2.000000 0.225000 0.379391 2.000000 0.000000 0.000000 0.000000 0.229687 0.407494 2.000000 0.201563 0.407494 2.000000 0.234375 0.451991 2.000000 0.190625 0.440281 2.000000 0.214062 0.482436 2.000000 0.201563 0.477752 2.000000 0.225000 0.489461 2.000000 0.204687 0.487119 2.000000 0.000000 0.000000 0.000000 0.000000 0.000000 0.000000 0.000000 0.000000 0.000000 0.000000 0.000000 0.000000
0 0.330781 0.428899 0.106563 0.160468 0.325000 0.379391 2.000000 0.329688 0.372365 2.000000 0.323437 0.372365 2.000000 0.339062 0.377049 2.000000 0.000000 0.000000 0.000000 0.348438 0.407494 2.000000 0.312500 0.412178 2.000000 0.370312 0.428571 2.000000 0.306250 0.451991 2.000000 0.362500 0.459016 2.000000 0.293750 0.487119 2.000000 0.348438 0.498829 2.000000 0.323437 0.501171 2.000000 0.000000 0.000000 0.000000 0.000000 0.000000 0.000000 0.000000 0.000000 0.000000 0.000000 0.000000 0.000000
0 0.733406 0.376557 0.054281 0.174614 0.729688 0.320843 2.000000 0.732812 0.316159 2.000000 0.726562 0.316159 2.000000 0.739062 0.313817 2.000000 0.721875 0.311475 2.000000 0.745313 0.330211 2.000000 0.715625 0.330211 2.000000 0.751563 0.362998 2.000000 0.710938 0.358314 2.000000 0.737500 0.370023 2.000000 0.717187 0.365340 2.000000 0.740625 0.374707 2.000000 0.720313 0.372365 1.000000 0.000000 0.000000 0.000000 0.000000 0.000000 0.000000 0.000000 0.000000 0.000000 0.000000 0.000000 0.000000
