0 0.447109 0.464292 0.198375 0.282625 0.473438 0.420833 1.000000 0.476562 0.410417 2.000000 0.000000 0.000000 0.000000 0.506250 0.406250 2.000000 0.000000 0.000000 0.000000 0.551562 0.483333 1.000000 0.498437 0.464583 2.000000 0.000000 0.000000 0.000000 0.470313 0.539583 2.000000 0.000000 0.000000 0.000000 0.412500 0.556250 2.000000 0.000000 0.000000 0.000000 0.000000 0.000000 0.000000 0.000000 0.000000 0.000000 0.000000 0.000000 0.000000 0.000000 0.000000 0.000000 0.000000 0.000000 0.000000
0 0.678367 0.646073 0.241016 0.591021 0.646875 0.487500 2.000000 0.659375 0.470833 2.000000 0.640625 0.468750 2.000000 0.706250 0.470833 2.000000 0.000000 0.000000 0.000000 0.754687 0.610417 2.000000 0.667188 0.572917 2.000000 0.728125 0.793750 2.000000 0.612500 0.706250 2.000000 0.615625 0.793750 2.000000 0.590625 0.754167 2.000000 0.712500 0.902083 1.000000 0.660937 0.835417 2.000000 0.000000 0.000000 0.000000 0.000000 0.000000 0.000000 0.000000 0.000000 0.000000 0.000000 0.000000 0.000000
0 0.448391 0.314354 0.069687 0.126750 0.425000 0.308333 2.000000 0.426563 0.300000 2.000000 0.000000 0.000000 0.000000 0.440625 0.293750 2.000000 0.000000 0.000000 0.000000 0.451562 0.335417 2.000000 0.000000 0.000000 0.000000 0.000000 0.000000 0.000000 0.000000 0.000000 0.000000 0.000000 0.000000 0.000000 0.000000 0.000000 0.000000 0.000000 0.000000 0.000000 0.000000 0.000000 0.000000 0.000000 0.000000 0.000000 0.000000 0.000000 0.000000 0.000000 0.000000 0.000000 0.000000 0.000000 0.000000
0 0.277883 0.377771 0.062328 0.168500 0.273438 0.327083 2.000000 0.276562 0.320833 2.000000 0.265625 0.320833 2.000000 0.000000 0.000000 0.000000 0.253125 0.325000 2.000000 0.285938 0.368750 1.000000 0.239063 0.370833 1.000000 0.298438 0.416667 2.000000 0.235937 0.425000 1.000000 0.289062 0.447917 2.000000 0.000000 0.000000 0.000000 0.279687 0.468750 1.000000 0.245312 0.468750 1.000000 0.279687 0.541667 1.000000 0.000000 0.000000 0.000000 0.000000 0.000000 0.000000 0.000000 0.000000 0.000000
0 0.435406 0.431021 0.099000 0.210292 0.000000 0.000000 0.000000 0.401562 0.385417 1.000000 0.000000 0.000000 0.000000 0.410938 0.370833 2.000000 0.000000 0.000000 0.000000 0.429688 0.404167 2.000000 0.476562 0.391667 1.000000 0.432812 0.525000 2.000000 0.000000 0.000000 0.000000 0.000000 0.000000 0.000000 0.000000 0.000000 0.000000 0.457813 0.541667 1.000000 0.000000 0.000000 0.000000 0.000000 0.000000 0.000000 0.000000 0.000000 0.000000 0.000000 0.000000 0.000000 0.000000 0.000000 0.000000
0 0.232039 0.601625 0.112047 0.543583 0.254688 0.383333 2.000000 0.000000 0.000000 0.000000 0.250000 0.375000 2.000000 0.000000 0.000000 0.000000 0.226562 0.377083 2.000000 0.203125 0.422917 2.000000 0.225000 0.435417 2.000000 0.000000 0.000000 0.000000 0.253125 0.531250 2.000000 0.000000 0.000000 0.000000 0.285938 0.493750 2.000000 0.201563 0.587500 2.000000 0.229687 0.608333 2.000000 0.223438 0.708333 2.000000 0.248438 0.714583 2.000000 0.218750 0.816667 2.000000 0.251563 0.833333 2.000000
0 0.870352 0.533344 0.108172 0.423187 0.868750 0.364583 2.000000 0.875000 0.354167 2.000000 0.864062 0.356250 2.000000 0.887500 0.358333 2.000000 0.854688 0.362500 2.000000 0.898438 0.406250 2.000000 0.843750 0.406250 2.000000 0.917188 0.458333 2.000000 0.825000 0.464583 2.000000 0.884375 0.481250 2.000000 0.854688 0.491667 2.000000 0.873437 0.529167 2.000000 0.839063 0.529167 2.000000 0.862500 0.620833 2.000000 0.834375 0.620833 2.000000 0.853125 0.708333 2.000000 0.832812 0.714583 2.000000
0 0.355656 0.401844 0.077312 0.173229 0.365625 0.362500 2.000000 0.370312 0.354167 2.000000 0.364063 0.352083 2.000000 0.387500 0.354167 1.000000 0.000000 0.000000 0.000000 0.398438 0.387500 1.000000 0.371875 0.385417 2.000000 0.389062 0.452083 1.000000 0.370312 0.447917 2.000000 0.359375 0.466667 2.000000 0.345313 0.460417 2.000000 0.000000 0.000000 0.000000 0.000000 0.000000 0.000000 0.000000 0.000000 0.000000 0.000000 0.000000 0.000000 0.000000 0.000000 0.000000 0.000000 0.000000 0.000000
0 0.323195 0.380167 0.089016 0.152792 0.328125 0.358333 2.000000 0.334375 0.347917 2.000000 0.325000 0.347917 2.000000 0.343750 0.343750 2.000000 0.320312 0.345833 2.000000 0.357812 0.370833 2.000000 0.314063 0.372917 2.000000 0.359375 0.339583 2.000000 0.285938 0.372917 2.000000 0.346875 0.325000 2.000000 0.306250 0.345833 2.000000 0.346875 0.468750 1.000000 0.317188 0.468750 1.000000 0.000000 0.000000 0.000000 0.000000 0.000000 0.000000 0.000000 0.000000 0.000000 0.000000 0.000000 0.000000
0 0.973281 0.483625 0.050781 0.187000 0.000000 0.000000 0.000000 0.000000 0.000000 0.000000 0.000000 0.000000 0.000000 0.000000 0.000000 0.000000 0.000000 0.000000 0.000000 0.000000 0.000000 0.000000 0.996875 0.400000 2.000000 0.000000 0.000000 0.000000 0.959375 0.497917 2.000000 0.000000 0.000000 0.000000 0.976562 0.568750 1.000000 0.000000 0.000000 0.000000 0.992188 0.566667 1.000000 0.000000 0.000000 0.000000 0.000000 0.000000 0.000000 0.000000 0.000000 0.000000 0.000000 0.000000 0.000000
0 0.537539 0.527385 0.180359 0.350146 0.598437 0.468750 2.000000 0.604688 0.441667 2.000000 0.581250 0.452083 2.000000 0.617188 0.437500 2.000000 0.553125 0.439583 2.000000 0.628125 0.500000 1.000000 0.540625 0.491667 2.000000 0.000000 0.000000 0.000000 0.525000 0.622917 2.000000 0.593750 0.691667 1.000000 0.476562 0.670833 2.000000 0.585938 0.697917 1.000000 0.539062 0.677083 2.000000 0.000000 0.000000 0.000000 0.000000 0.000000 0.000000 0.000000 0.000000 0.000000 0.000000 0.000000 0.000000
