0 0.353750 0.507179 0.156875 0.262150 0.328125 0.447217 2.000000 0.345313 0.431862 2.000000 0.323437 0.429942 2.000000 0.362500 0.439539 2.000000 0.000000 0.000000 0.000000 0.375000 0.485605 2.000000 0.301563 0.491363 2.000000 0.420312 0.543186 1.000000 0.000000 0.000000 0.000000 0.000000 0.000000 0.000000 0.000000 0.000000 0.000000 0.000000 0.000000 0.000000 0.000000 0.000000 0.000000 0.000000 0.000000 0.000000 0.000000 0.000000 0.000000 0.000000 0.000000 0.000000 0.000000 0.000000 0.000000
0 0.127203 0.584578 0.204813 0.381478 0.135937 0.489443 2.000000 0.145313 0.462572 2.000000 0.118750 0.462572 2.000000 0.000000 0.000000 0.000000 0.082812 0.472169 2.000000 0.157812 0.554702 2.000000 0.067187 0.564299 2.000000 0.000000 0.000000 0.000000 0.071875 0.708253 2.000000 0.000000 0.000000 0.000000 0.150000 0.710173 2.000000 0.000000 0.000000 0.000000 0.000000 0.000000 0.000000 0.000000 0.000000 0.000000 0.000000 0.000000 0.000000 0.000000 0.000000 0.000000 0.000000 0.000000 0.000000
0 0.223062 0.515000 0.156906 0.330614 0.257812 0.414587 2.000000 0.264062 0.406910 2.000000 0.246875 0.397313 2.000000 0.000000 0.000000 0.000000 0.210938 0.404990 2.000000 0.257812 0.489443 2.000000 0.170313 0.485605 2.000000 0.287500 0.570058 1.000000 0.182812 0.608445 1.000000 0.306250 0.606526 1.000000 0.000000 0.000000 0.000000 0.000000 0.000000 0.000000 0.000000 0.000000 0.000000 0.000000 0.000000 0.000000 0.000000 0.000000 0.000000 0.000000 0.000000 0.000000 0.000000 0.000000 0.000000
0 0.485406 0.468205 0.162437 0.236718 0.490625 0.420345 2.000000 0.496875 0.401152 2.000000 0.478125 0.403071 2.000000 0.509375 0.404990 2.000000 0.459375 0.410749 2.000000 0.542188 0.468330 2.000000 0.456250 0.451056 2.000000 0.546875 0.564299 2.000000 0.432812 0.504798 2.000000 0.460938 0.558541 2.000000 0.000000 0.000000 0.000000 0.000000 0.000000 0.000000 0.000000 0.000000 0.000000 0.000000 0.000000 0.000000 0.000000 0.000000 0.000000 0.000000 0.000000 0.000000 0.000000 0.000000 0.000000
0 0.608711 0.474098 0.135672 0.274760 0.570312 0.416507 2.000000 0.579688 0.397313 2.000000 0.560937 0.403071 2.000000 0.603125 0.391555 2.000000 0.000000 0.000000 0.000000 0.648438 0.456814 2.000000 0.539062 0.454894 1.000000 0.659375 0.570058 2.000000 0.000000 0.000000 0.000000 0.621875 0.583493 2.000000 0.000000 0.000000 0.000000 0.000000 0.000000 0.000000 0.000000 0.000000 0.000000 0.000000 0.000000 0.000000 0.000000 0.000000 0.000000 0.000000 0.000000 0.000000 0.000000 0.000000 0.000000
0 0.775641 0.480902 0.146344 0.238196 0.762500 0.422265 2.000000 0.773438 0.408829 2.000000 0.753125 0.410749 2.000000 0.796875 0.416507 2.000000 0.737500 0.412668 2.000000 0.818750 0.499040 2.000000 0.726562 0.493282 2.000000 0.000000 0.000000 0.000000 0.715625 0.585413 2.000000 0.000000 0.000000 0.000000 0.704688 0.639155 1.000000 0.000000 0.000000 0.000000 0.000000 0.000000 0.000000 0.000000 0.000000 0.000000 0.000000 0.000000 0.000000 0.000000 0.000000 0.000000 0.000000 0.000000 0.000000
0 0.378672 0.351689 0.135375 0.325835 0.368750 0.243762 2.000000 0.378125 0.228407 2.000000 0.357812 0.228407 2.000000 0.392188 0.236084 1.000000 0.342187 0.234165 2.000000 0.421875 0.297505 2.000000 0.315625 0.301344 2.000000 0.431250 0.393474 2.000000 0.312500 0.410749 1.000000 0.426563 0.485605 2.000000 0.000000 0.000000 0.000000 0.396875 0.476008 2.000000 0.332813 0.474088 1.000000 0.000000 0.000000 0.000000 0.000000 0.000000 0.000000 0.000000 0.000000 0.000000 0.000000 0.000000 0.000000
0 0.614938 0.330902 0.156500 0.257121 0.614062 0.257198 2.000000 0.621875 0.245681 2.000000 0.603125 0.243762 2.000000 0.640625 0.261036 2.000000 0.592187 0.257198 2.000000 0.660937 0.312860 2.000000 0.571875 0.324376 2.000000 0.000000 0.000000 0.000000 0.000000 0.000000 0.000000 0.000000 0.000000 0.000000 0.000000 0.000000 0.000000 0.000000 0.000000 0.000000 0.000000 0.000000 0.000000 0.000000 0.000000 0.000000 0.000000 0.000000 0.000000 0.000000 0.000000 0.000000 0.000000 0.000000 0.000000
0 0.482781 0.313138 0.149156 0.276219 0.471875 0.228407 2.000000 0.481250 0.214971 2.000000 0.465625 0.213052 2.000000 0.498437 0.218810 2.000000 0.456250 0.216891 2.000000 0.520312 0.278311 2.000000 0.432812 0.274472 2.000000 0.000000 0.000000 0.000000 0.000000 0.000000 0.000000 0.000000 0.000000 0.000000 0.000000 0.000000 0.000000 0.000000 0.000000 0.000000 0.000000 0.000000 0.000000 0.000000 0.000000 0.000000 0.000000 0.000000 0.000000 0.000000 0.000000 0.000000 0.000000 0.000000 0.000000
0 0.066906 0.479251 0.112781 0.601651 0.079687 0.241843 2.000000 0.000000 0.000000 0.000000 0.064062 0.234165 2.000000 0.000000 0.000000 0.000000 0.029687 0.238004 2.000000 0.078125 0.318618 2.000000 0.000000 0.000000 0.000000 0.000000 0.000000 0.000000 0.000000 0.000000 0.000000 0.000000 0.000000 0.000000 0.064062 0.483685 2.000000 0.000000 0.000000 0.000000 0.000000 0.000000 0.000000 0.000000 0.000000 0.000000 0.000000 0.000000 0.000000 0.000000 0.000000 0.000000 0.000000 0.000000 0.000000
0 0.151141 0.333896 0.120250 0.260192 0.150000 0.262956 2.000000 0.157812 0.251440 2.000000 0.139063 0.247601 2.000000 0.000000 0.000000 0.000000 0.115625 0.249520 2.000000 0.181250 0.314779 2.000000 0.092188 0.320537 1.000000 0.000000 0.000000 0.000000 0.000000 0.000000 0.000000 0.000000 0.000000 0.000000 0.000000 0.000000 0.000000 0.000000 0.000000 0.000000 0.000000 0.000000 0.000000 0.000000 0.000000 0.000000 0.000000 0.000000 0.000000 0.000000 0.000000 0.000000 0.000000 0.000000 0.000000
0 0.199781 0.277044 0.077938 0.156046 0.203125 0.251440 2.000000 0.209375 0.241843 2.000000 0.190625 0.241843 2.000000 0.221875 0.249520 2.000000 0.176563 0.253359 2.000000 0.243750 0.314779 1.000000 0.160938 0.314779 1.000000 0.000000 0.000000 0.000000 0.000000 0.000000 0.000000 0.000000 0.000000 0.000000 0.000000 0.000000 0.000000 0.000000 0.000000 0.000000 0.000000 0.000000 0.000000 0.000000 0.000000 0.000000 0.000000 0.000000 0.000000 0.000000 0.000000 0.000000 0.000000 0.000000 0.000000
0 0.697789 0.514127 0.093859 0.330825 0.673438 0.416507 2.000000 0.682813 0.395393 2.000000 0.664062 0.397313 2.000000 0.709375 0.397313 2.000000 0.000000 0.000000 0.000000 0.742188 0.466411 1.000000 0.657813 0.477927 1.000000 0.000000 0.000000 0.000000 0.000000 0.000000 0.000000 0.000000 0.000000 0.000000 0.000000 0.000000 0.000000 0.000000 0.000000 0.000000 0.000000 0.000000 0.000000 0.000000 0.000000 0.000000 0.000000 0.000000 0.000000 0.000000 0.000000 0.000000 0.000000 0.000000 0.000000
