0 0.022219 0.311674 0.043438 0.362412 0.000000 0.000000 0.000000 0.000000 0.000000 0.000000 0.000000 0.000000 0.000000 0.000000 0.000000 0.000000 0.000000 0.000000 0.000000 0.020313 0.194379 2.000000 0.000000 0.000000 0.000000 0.025000 0.241218 2.000000 0.000000 0.000000 0.000000 0.009375 0.276347 2.000000 0.000000 0.000000 0.000000 0.015625 0.313817 2.000000 0.000000 0.000000 0.000000 0.015625 0.351288 2.000000 0.000000 0.000000 0.000000 0.025000 0.463700 2.000000 0.000000 0.000000 0.000000
0 0.884531 0.510386 0.206062 0.789766 0.859375 0.194379 2.000000 0.867188 0.185012 2.000000 0.853125 0.185012 2.000000 0.887500 0.189696 2.000000 0.843750 0.187354 2.000000 0.925000 0.271663 2.000000 0.810937 0.283372 2.000000 0.970313 0.348946 2.000000 0.784375 0.362998 2.000000 0.937500 0.442623 2.000000 0.803125 0.454333 2.000000 0.900000 0.491803 2.000000 0.831250 0.496487 2.000000 0.906250 0.679157 2.000000 0.839063 0.672131 2.000000 0.920312 0.861827 2.000000 0.831250 0.861827 2.000000
0 0.600266 0.596897 0.208500 0.806206 0.595313 0.271663 2.000000 0.610938 0.257611 2.000000 0.589063 0.252927 2.000000 0.629687 0.271663 2.000000 0.576562 0.257611 2.000000 0.662500 0.391101 2.000000 0.543750 0.372365 2.000000 0.685937 0.487119 2.000000 0.534375 0.501171 2.000000 0.679688 0.618267 2.000000 0.562500 0.613583 2.000000 0.632812 0.622951 2.000000 0.550000 0.608899 2.000000 0.607812 0.817330 2.000000 0.517188 0.807963 2.000000 0.556250 0.971897 2.000000 0.546875 0.864169 2.000000
0 0.773859 0.373864 0.059562 0.334567 0.000000 0.000000 0.000000 0.000000 0.000000 0.000000 0.000000 0.000000 0.000000 0.000000 0.000000 0.000000 0.000000 0.000000 0.000000 0.795312 0.281030 2.000000 0.753125 0.274005 2.000000 0.817187 0.306792 1.000000 0.740625 0.302108 1.000000 0.817187 0.344262 1.000000 0.748437 0.344262 1.000000 0.787500 0.374707 1.000000 0.770312 0.372365 2.000000 0.787500 0.430913 2.000000 0.754687 0.435597 2.000000 0.792188 0.505855 2.000000 0.742188 0.494145 1.000000
0 0.720445 0.348618 0.093453 0.376440 0.000000 0.000000 0.000000 0.000000 0.000000 0.000000 0.000000 0.000000 0.000000 0.000000 0.000000 0.000000 0.000000 0.000000 0.000000 0.693750 0.227166 2.000000 0.729688 0.231850 2.000000 0.679688 0.266979 2.000000 0.740625 0.299766 2.000000 0.000000 0.000000 0.000000 0.000000 0.000000 0.000000 0.700000 0.351288 2.000000 0.723437 0.348946 2.000000 0.703125 0.433255 2.000000 0.748437 0.421546 2.000000 0.696875 0.517564 1.000000 0.734375 0.519906 2.000000
0 0.237422 0.476358 0.180313 0.720726 0.253125 0.187354 2.000000 0.260937 0.177986 2.000000 0.246875 0.175644 2.000000 0.279687 0.185012 2.000000 0.000000 0.000000 0.000000 0.307812 0.266979 2.000000 0.223438 0.248244 2.000000 0.314063 0.379391 2.000000 0.206250 0.362998 2.000000 0.260937 0.409836 2.000000 0.187500 0.473068 2.000000 0.276562 0.473068 1.000000 0.218750 0.473068 2.000000 0.260937 0.615925 1.000000 0.203125 0.611241 2.000000 0.254688 0.798595 2.000000 0.187500 0.793911 2.000000
0 0.920383 0.494333 0.140172 0.731241 0.000000 0.000000 0.000000 0.000000 0.000000 0.000000 0.000000 0.000000 0.000000 0.000000 0.000000 0.000000 0.000000 0.000000 0.000000 0.898438 0.278689 1.000000 0.957812 0.274005 2.000000 0.850000 0.203747 1.000000 0.982812 0.210773 2.000000 0.887500 0.166276 1.000000 0.948438 0.168618 2.000000 0.898438 0.451991 1.000000 0.942187 0.449649 1.000000 0.882812 0.651054 2.000000 0.935937 0.646370 2.000000 0.879687 0.805621 2.000000 0.931250 0.817330 2.000000
0 0.345586 0.626967 0.355328 0.746066 0.401562 0.355972 2.000000 0.000000 0.000000 0.000000 0.395313 0.339578 2.000000 0.000000 0.000000 0.000000 0.367188 0.341920 2.000000 0.315625 0.400468 2.000000 0.359375 0.414520 2.000000 0.000000 0.000000 0.000000 0.373437 0.548009 2.000000 0.000000 0.000000 0.000000 0.456250 0.599532 2.000000 0.254688 0.641686 2.000000 0.284375 0.646370 2.000000 0.287500 0.822014 2.000000 0.418750 0.740047 2.000000 0.210938 0.976581 2.000000 0.414062 0.964871 2.000000
0 0.483422 0.440304 0.081563 0.151991 0.000000 0.000000 0.000000 0.000000 0.000000 0.000000 0.000000 0.000000 0.000000 0.493750 0.384075 2.000000 0.514062 0.386417 2.000000 0.473438 0.416862 2.000000 0.514062 0.414520 2.000000 0.464062 0.459016 2.000000 0.515625 0.461358 2.000000 0.451562 0.496487 2.000000 0.518750 0.498829 2.000000 0.478125 0.498829 2.000000 0.504687 0.501171 2.000000 0.000000 0.000000 0.000000 0.000000 0.000000 0.000000 0.000000 0.000000 0.000000 0.000000 0.000000 0.000000
0 0.579133 0.079485 0.050547 0.158970 0.000000 0.000000 0.000000 0.000000 0.000000 0.000000 0.000000 0.000000 0.000000 0.000000 0.000000 0.000000 0.000000 0.000000 0.000000 0.584375 0.023419 2.000000 0.568750 0.021077 2.000000 0.589063 0.049180 2.000000 0.564063 0.046838 2.000000 0.593750 0.070258 2.000000 0.567187 0.072600 2.000000 0.584375 0.072600 2.000000 0.570312 0.070258 2.000000 0.590625 0.103044 2.000000 0.571875 0.105386 2.000000 0.592187 0.142857 2.000000 0.570312 0.142857 2.000000
