0 0.279148 0.385456 0.131359 0.275770 0.279687 0.299349 2.000000 0.282813 0.288503 2.000000 0.271875 0.290672 2.000000 0.296875 0.288503 2.000000 0.000000 0.000000 0.000000 0.315625 0.334056 2.000000 0.260937 0.331887 2.000000 0.331250 0.396963 2.000000 0.220312 0.353579 2.000000 0.337500 0.466377 2.000000 0.235937 0.336226 2.000000 0.325000 0.446855 2.000000 0.281250 0.455531 2.000000 0.335938 0.542299 1.000000 0.293750 0.544469 1.000000 0.339062 0.613883 1.000000 0.303125 0.613883 1.000000
0 0.373437 0.355108 0.132469 0.331649 0.376563 0.247289 2.000000 0.379688 0.238612 2.000000 0.368750 0.238612 2.000000 0.000000 0.000000 0.000000 0.356250 0.236443 2.000000 0.407813 0.273319 2.000000 0.348438 0.288503 2.000000 0.000000 0.000000 0.000000 0.314063 0.299349 2.000000 0.431250 0.290672 2.000000 0.309375 0.318872 2.000000 0.409375 0.433839 2.000000 0.375000 0.433839 2.000000 0.417187 0.535792 1.000000 0.371875 0.531453 1.000000 0.000000 0.000000 0.000000 0.000000 0.000000 0.000000
0 0.457570 0.369013 0.088641 0.309870 0.446875 0.275488 2.000000 0.453125 0.266811 2.000000 0.440625 0.266811 2.000000 0.464062 0.264642 2.000000 0.431250 0.262473 2.000000 0.481250 0.323210 2.000000 0.418750 0.301518 1.000000 0.504687 0.392625 1.000000 0.000000 0.000000 0.000000 0.471875 0.383948 2.000000 0.000000 0.000000 0.000000 0.471875 0.457701 2.000000 0.435937 0.462039 2.000000 0.000000 0.000000 0.000000 0.000000 0.000000 0.000000 0.000000 0.000000 0.000000 0.000000 0.000000 0.000000
0 0.505437 0.367017 0.054781 0.312386 0.510938 0.260304 2.000000 0.517188 0.253796 2.000000 0.506250 0.251627 2.000000 0.528125 0.255965 2.000000 0.493750 0.251627 2.000000 0.529687 0.308026 1.000000 0.490625 0.292842 2.000000 0.523438 0.383948 1.000000 0.000000 0.000000 0.000000 0.489063 0.373102 1.000000 0.000000 0.000000 0.000000 0.515625 0.407809 1.000000 0.482812 0.396963 1.000000 0.510938 0.470716 2.000000 0.481250 0.470716 1.000000 0.506250 0.546638 1.000000 0.479687 0.546638 1.000000
0 0.541234 0.409805 0.077469 0.247072 0.540625 0.331887 2.000000 0.548438 0.323210 2.000000 0.534375 0.323210 2.000000 0.556250 0.327549 2.000000 0.523438 0.321041 1.000000 0.565625 0.368764 2.000000 0.510938 0.366594 2.000000 0.568750 0.444685 2.000000 0.510938 0.436009 1.000000 0.568750 0.511931 2.000000 0.534375 0.438178 2.000000 0.559375 0.451193 2.000000 0.528125 0.449024 2.000000 0.000000 0.000000 0.000000 0.000000 0.000000 0.000000 0.000000 0.000000 0.000000 0.000000 0.000000 0.000000
0 0.608906 0.362950 0.090406 0.309675 0.617188 0.255965 2.000000 0.620313 0.242950 2.000000 0.610938 0.242950 2.000000 0.000000 0.000000 0.000000 0.590625 0.245119 2.000000 0.637500 0.292842 2.000000 0.579688 0.292842 2.000000 0.639062 0.370933 2.000000 0.579688 0.366594 2.000000 0.635938 0.379610 2.000000 0.598437 0.327549 2.000000 0.623437 0.420824 2.000000 0.587500 0.418655 2.000000 0.623437 0.509761 2.000000 0.587500 0.505423 2.000000 0.620313 0.607375 1.000000 0.590625 0.603037 1.000000
0 0.711891 0.412874 0.126094 0.246139 0.714063 0.340564 2.000000 0.721875 0.334056 2.000000 0.709375 0.334056 2.000000 0.735938 0.336226 2.000000 0.000000 0.000000 0.000000 0.731250 0.383948 2.000000 0.740625 0.383948 2.000000 0.717187 0.459870 2.000000 0.000000 0.000000 0.000000 0.679688 0.481562 2.000000 0.698438 0.446855 2.000000 0.729688 0.505423 2.000000 0.743750 0.503254 2.000000 0.657813 0.505423 2.000000 0.000000 0.000000 0.000000 0.000000 0.000000 0.000000 0.000000 0.000000 0.000000
0 0.863820 0.649848 0.175766 0.560390 0.881250 0.427332 2.000000 0.887500 0.416486 2.000000 0.875000 0.416486 2.000000 0.910937 0.405640 1.000000 0.000000 0.000000 0.000000 0.931250 0.459870 2.000000 0.867188 0.442516 1.000000 0.939063 0.572668 2.000000 0.845313 0.529284 2.000000 0.926562 0.644252 2.000000 0.804688 0.522777 2.000000 0.885938 0.596529 2.000000 0.854688 0.568330 2.000000 0.881250 0.726681 2.000000 0.793750 0.605206 2.000000 0.875000 0.856833 2.000000 0.834375 0.694143 1.000000
0 0.787617 0.415954 0.071141 0.209523 0.789062 0.353579 2.000000 0.796875 0.347072 2.000000 0.784375 0.347072 2.000000 0.807813 0.355748 2.000000 0.768750 0.349241 2.000000 0.814063 0.396963 2.000000 0.756250 0.390456 1.000000 0.812500 0.462039 2.000000 0.000000 0.000000 0.000000 0.779687 0.496746 2.000000 0.000000 0.000000 0.000000 0.796875 0.488069 2.000000 0.756250 0.481562 1.000000 0.790625 0.544469 1.000000 0.751563 0.542299 1.000000 0.000000 0.000000 0.000000 0.000000 0.000000 0.000000
0 0.314562 0.228275 0.079875 0.203319 0.325000 0.180043 2.000000 0.328125 0.169197 2.000000 0.315625 0.171367 2.000000 0.000000 0.000000 0.000000 0.306250 0.175705 2.000000 0.345313 0.221258 2.000000 0.290625 0.221258 2.000000 0.000000 0.000000 0.000000 0.293750 0.288503 1.000000 0.000000 0.000000 0.000000 0.315625 0.323210 1.000000 0.339062 0.321041 1.000000 0.295312 0.318872 1.000000 0.339062 0.407809 1.000000 0.301563 0.405640 1.000000 0.000000 0.000000 0.000000 0.000000 0.000000 0.000000
0 0.671813 0.426486 0.082125 0.208677 0.662500 0.375271 2.000000 0.668750 0.362256 2.000000 0.656250 0.364425 2.000000 0.682813 0.353579 2.000000 0.000000 0.000000 0.000000 0.695312 0.368764 2.000000 0.646875 0.379610 2.000000 0.715625 0.425163 1.000000 0.635938 0.446855 2.000000 0.696875 0.453362 1.000000 0.643750 0.511931 2.000000 0.687500 0.444685 2.000000 0.656250 0.446855 2.000000 0.000000 0.000000 0.000000 0.000000 0.000000 0.000000 0.000000 0.000000 0.000000 0.000000 0.000000 0.000000
