0 0.679195 0.384638 0.507141 0.769275 0.000000 0.000000 0.000000 0.000000 0.000000 0.000000 0.000000 0.000000 0.000000 0.000000 0.000000 0.000000 0.000000 0.000000 0.000000 0.000000 0.000000 0.000000 0.000000 0.000000 0.000000 0.759375 0.344928 2.000000 0.615625 0.237681 2.000000 0.562500 0.434783 1.000000 0.492188 0.356522 2.000000 0.879687 0.417391 2.000000 0.778125 0.437681 2.000000 0.840625 0.878261 1.000000 0.729688 0.860870 1.000000 0.000000 0.000000 0.000000 0.000000 0.000000 0.000000
0 0.339797 0.388768 0.149000 0.395507 0.375000 0.397101 2.000000 0.379688 0.365217 2.000000 0.354687 0.376812 2.000000 0.000000 0.000000 0.000000 0.295312 0.379710 2.000000 0.398438 0.486957 2.000000 0.284375 0.518841 2.000000 0.000000 0.000000 0.000000 0.000000 0.000000 0.000000 0.000000 0.000000 0.000000 0.000000 0.000000 0.000000 0.000000 0.000000 0.000000 0.000000 0.000000 0.000000 0.000000 0.000000 0.000000 0.000000 0.000000 0.000000 0.000000 0.000000 0.000000 0.000000 0.000000 0.000000
0 0.165352 0.428101 0.224109 0.528087 0.260937 0.368116 2.000000 0.000000 0.000000 0.000000 0.245312 0.356522 2.000000 0.000000 0.000000 0.000000 0.187500 0.385507 2.000000 0.260937 0.530435 2.000000 0.121875 0.568116 2.000000 0.000000 0.000000 0.000000 0.000000 0.000000 0.000000 0.273438 0.620290 1.000000 0.098437 0.675362 2.000000 0.000000 0.000000 0.000000 0.000000 0.000000 0.000000 0.000000 0.000000 0.000000 0.000000 0.000000 0.000000 0.000000 0.000000 0.000000 0.000000 0.000000 0.000000
0 0.400359 0.321348 0.086000 0.301130 0.409375 0.301449 2.000000 0.420312 0.278261 2.000000 0.390625 0.284058 2.000000 0.429688 0.292754 2.000000 0.367188 0.304348 1.000000 0.432812 0.373913 2.000000 0.375000 0.408696 1.000000 0.000000 0.000000 0.000000 0.000000 0.000000 0.000000 0.000000 0.000000 0.000000 0.000000 0.000000 0.000000 0.000000 0.000000 0.000000 0.000000 0.000000 0.000000 0.000000 0.000000 0.000000 0.000000 0.000000 0.000000 0.000000 0.000000 0.000000 0.000000 0.000000 0.000000
0 0.054031 0.376130 0.108062 0.750000 0.090625 0.110145 2.000000 0.000000 0.000000 0.000000 0.062500 0.089855 2.000000 0.000000 0.000000 0.000000 0.000000 0.000000 0.000000 0.043750 0.237681 2.000000 0.000000 0.000000 0.000000 0.079687 0.501449 2.000000 0.000000 0.000000 0.000000 0.089063 0.342029 2.000000 0.043750 0.666667 2.000000 0.039062 0.681159 2.000000 0.000000 0.000000 0.000000 0.000000 0.000000 0.000000 0.000000 0.000000 0.000000 0.000000 0.000000 0.000000 0.000000 0.000000 0.000000
0 0.466375 0.180899 0.092063 0.343826 0.421875 0.104348 1.000000 0.428125 0.089855 2.000000 0.000000 0.000000 0.000000 0.456250 0.121739 2.000000 0.000000 0.000000 0.000000 0.496875 0.202899 2.000000 0.428125 0.162319 2.000000 0.000000 0.000000 0.000000 0.000000 0.000000 0.000000 0.000000 0.000000 0.000000 0.000000 0.000000 0.000000 0.468750 0.356522 1.000000 0.423438 0.344928 1.000000 0.000000 0.000000 0.000000 0.000000 0.000000 0.000000 0.000000 0.000000 0.000000 0.000000 0.000000 0.000000
0 0.914289 0.495507 0.171422 0.820232 0.954688 0.272464 2.000000 0.987500 0.260870 2.000000 0.968750 0.240580 2.000000 0.000000 0.000000 0.000000 0.000000 0.000000 0.000000 0.989062 0.478261 2.000000 0.000000 0.000000 0.000000 0.964063 0.768116 2.000000 0.000000 0.000000 0.000000 0.850000 0.811594 1.000000 0.000000 0.000000 0.000000 0.000000 0.000000 0.000000 0.000000 0.000000 0.000000 0.000000 0.000000 0.000000 0.000000 0.000000 0.000000 0.000000 0.000000 0.000000 0.000000 0.000000 0.000000
0 0.243602 0.124928 0.307047 0.249855 0.000000 0.000000 0.000000 0.000000 0.000000 0.000000 0.000000 0.000000 0.000000 0.000000 0.000000 0.000000 0.000000 0.000000 0.000000 0.000000 0.000000 0.000000 0.000000 0.000000 0.000000 0.356250 0.011594 2.000000 0.118750 0.017391 2.000000 0.382812 0.194203 1.000000 0.134375 0.202899 2.000000 0.314063 0.205797 1.000000 0.196875 0.220290 1.000000 0.000000 0.000000 0.000000 0.000000 0.000000 0.000000 0.000000 0.000000 0.000000 0.000000 0.000000 0.000000
0 0.532398 0.342014 0.132047 0.271913 0.537500 0.371014 2.000000 0.545312 0.336232 1.000000 0.520312 0.339130 1.000000 0.564063 0.344928 2.000000 0.493750 0.347826 1.000000 0.570312 0.455072 1.000000 0.481250 0.452174 2.000000 0.000000 0.000000 0.000000 0.000000 0.000000 0.000000 0.567187 0.423188 1.000000 0.000000 0.000000 0.000000 0.000000 0.000000 0.000000 0.000000 0.000000 0.000000 0.000000 0.000000 0.000000 0.000000 0.000000 0.000000 0.000000 0.000000 0.000000 0.000000 0.000000 0.000000
0 0.585703 0.194377 0.185344 0.388754 0.000000 0.000000 0.000000 0.000000 0.000000 0.000000 0.000000 0.000000 0.000000 0.000000 0.000000 0.000000 0.000000 0.000000 0.000000 0.631250 0.028986 1.000000 0.000000 0.000000 0.000000 0.600000 0.275362 1.000000 0.000000 0.000000 0.000000 0.000000 0.000000 0.000000 0.000000 0.000000 0.000000 0.000000 0.000000 0.000000 0.000000 0.000000 0.000000 0.000000 0.000000 0.000000 0.000000 0.000000 0.000000 0.000000 0.000000 0.000000 0.000000 0.000000 0.000000
