0 0.638846 0.606742 0.519785 0.764041 0.541538 0.321649 2.000000 0.563077 0.305155 2.000000 0.000000 0.000000 0.000000 0.658462 0.305155 2.000000 0.000000 0.000000 0.000000 0.744615 0.443299 2.000000 0.541538 0.420619 2.000000 0.864615 0.581443 2.000000 0.473846 0.408247 2.000000 0.815385 0.589691 2.000000 0.729231 0.414433 2.000000 0.683077 0.729897 2.000000 0.492308 0.738144 2.000000 0.787692 0.903093 2.000000 0.415385 0.987629 1.000000 0.000000 0.000000 0.000000 0.000000 0.000000 0.000000
0 0.326769 0.412031 0.179200 0.161959 0.326154 0.389691 2.000000 0.332308 0.379381 2.000000 0.313846 0.379381 2.000000 0.366154 0.381443 2.000000 0.000000 0.000000 0.000000 0.390769 0.432990 2.000000 0.276923 0.426804 2.000000 0.000000 0.000000 0.000000 0.000000 0.000000 0.000000 0.000000 0.000000 0.000000 0.000000 0.000000 0.000000 0.000000 0.000000 0.000000 0.000000 0.000000 0.000000 0.000000 0.000000 0.000000 0.000000 0.000000 0.000000 0.000000 0.000000 0.000000 0.000000 0.000000 0.000000
0 0.915492 0.327175 0.140892 0.165938 0.926154 0.284536 2.000000 0.947692 0.278351 2.000000 0.913846 0.276289 2.000000 0.969231 0.282474 2.000000 0.000000 0.000000 0.000000 0.984615 0.325773 1.000000 0.886154 0.313402 1.000000 0.981538 0.377320 1.000000 0.000000 0.000000 0.000000 0.907692 0.387629 2.000000 0.000000 0.000000 0.000000 0.941538 0.416495 1.000000 0.876923 0.404124 1.000000 0.000000 0.000000 0.000000 0.000000 0.000000 0.000000 0.000000 0.000000 0.000000 0.000000 0.000000 0.000000
0 0.717231 0.153856 0.179815 0.116866 0.000000 0.000000 0.000000 0.000000 0.000000 0.000000 0.000000 0.000000 0.000000 0.000000 0.000000 0.000000 0.000000 0.000000 0.000000 0.744615 0.158763 2.000000 0.652308 0.160825 1.000000 0.775385 0.212371 1.000000 0.000000 0.000000 0.000000 0.707692 0.169072 2.000000 0.000000 0.000000 0.000000 0.723077 0.241237 1.000000 0.655385 0.241237 1.000000 0.000000 0.000000 0.000000 0.000000 0.000000 0.000000 0.000000 0.000000 0.000000 0.000000 0.000000 0.000000
0 0.334323 0.211464 0.215108 0.166804 0.338462 0.185567 2.000000 0.350769 0.175258 2.000000 0.326154 0.175258 2.000000 0.378462 0.173196 2.000000 0.000000 0.000000 0.000000 0.415385 0.204124 2.000000 0.307692 0.214433 2.000000 0.421538 0.255670 1.000000 0.000000 0.000000 0.000000 0.000000 0.000000 0.000000 0.000000 0.000000 0.000000 0.000000 0.000000 0.000000 0.000000 0.000000 0.000000 0.000000 0.000000 0.000000 0.000000 0.000000 0.000000 0.000000 0.000000 0.000000 0.000000 0.000000 0.000000
0 0.335662 0.828299 0.201785 0.329876 0.273846 0.727835 2.000000 0.295385 0.719588 2.000000 0.273846 0.723711 2.000000 0.344615 0.705155 2.000000 0.000000 0.000000 0.000000 0.381538 0.721649 2.000000 0.289231 0.740206 2.000000 0.000000 0.000000 0.000000 0.344615 0.839175 2.000000 0.532308 0.898969 1.000000 0.381538 0.888660 2.000000 0.000000 0.000000 0.000000 0.000000 0.000000 0.000000 0.553846 0.925773 1.000000 0.381538 0.913402 2.000000 0.000000 0.000000 0.000000 0.000000 0.000000 0.000000
0 0.772338 0.322330 0.100492 0.155175 0.741538 0.290722 2.000000 0.753846 0.280412 2.000000 0.726154 0.284536 2.000000 0.000000 0.000000 0.000000 0.000000 0.000000 0.000000 0.000000 0.000000 0.000000 0.000000 0.000000 0.000000 0.000000 0.000000 0.000000 0.000000 0.000000 0.000000 0.000000 0.000000 0.000000 0.000000 0.000000 0.000000 0.000000 0.000000 0.000000 0.000000 0.000000 0.000000 0.000000 0.000000 0.000000 0.000000 0.000000 0.000000 0.000000 0.000000 0.000000 0.000000 0.000000 0.000000
0 0.151000 0.479918 0.172092 0.049732 0.144615 0.463918 2.000000 0.150769 0.459794 2.000000 0.138462 0.457732 2.000000 0.000000 0.000000 0.000000 0.000000 0.000000 0.000000 0.218462 0.490722 2.000000 0.110769 0.492784 2.000000 0.000000 0.000000 0.000000 0.000000 0.000000 0.000000 0.000000 0.000000 0.000000 0.000000 0.000000 0.000000 0.000000 0.000000 0.000000 0.000000 0.000000 0.000000 0.000000 0.000000 0.000000 0.000000 0.000000 0.000000 0.000000 0.000000 0.000000 0.000000 0.000000 0.000000
0 0.106862 0.351258 0.181046 0.149361 0.000000 0.000000 0.000000 0.000000 0.000000 0.000000 0.000000 0.000000 0.000000 0.000000 0.000000 0.000000 0.000000 0.000000 0.000000 0.163077 0.348454 2.000000 0.113846 0.358763 2.000000 0.126154 0.393814 2.000000 0.033846 0.364948 2.000000 0.141538 0.334021 2.000000 0.080000 0.325773 2.000000 0.000000 0.000000 0.000000 0.000000 0.000000 0.000000 0.000000 0.000000 0.000000 0.000000 0.000000 0.000000 0.000000 0.000000 0.000000 0.000000 0.000000 0.000000
0 0.416646 0.353619 0.129108 0.115608 0.396923 0.331959 2.000000 0.406154 0.323711 2.000000 0.381538 0.323711 2.000000 0.436923 0.331959 1.000000 0.366154 0.331959 2.000000 0.446154 0.367010 2.000000 0.366154 0.381443 1.000000 0.000000 0.000000 0.000000 0.000000 0.000000 0.000000 0.000000 0.000000 0.000000 0.000000 0.000000 0.000000 0.000000 0.000000 0.000000 0.000000 0.000000 0.000000 0.000000 0.000000 0.000000 0.000000 0.000000 0.000000 0.000000 0.000000 0.000000 0.000000 0.000000 0.000000
0 0.213908 0.087392 0.318277 0.174784 0.000000 0.000000 0.000000 0.000000 0.000000 0.000000 0.000000 0.000000 0.000000 0.000000 0.000000 0.000000 0.000000 0.000000 0.000000 0.372308 0.004124 1.000000 0.270769 0.004124 2.000000 0.387692 0.059794 1.000000 0.246154 0.061856 2.000000 0.292308 0.061856 2.000000 0.000000 0.000000 0.000000 0.350769 0.098969 2.000000 0.273846 0.101031 2.000000 0.270769 0.098969 2.000000 0.178462 0.096907 2.000000 0.258462 0.146392 2.000000 0.120000 0.154639 2.000000
