0 0.684914 0.410187 0.527297 0.820375 0.853125 0.152083 2.000000 0.873437 0.141667 2.000000 0.853125 0.120833 2.000000 0.917188 0.152083 2.000000 0.000000 0.000000 0.000000 0.885938 0.254167 2.000000 0.810937 0.087500 2.000000 0.843750 0.462500 2.000000 0.000000 0.000000 0.000000 0.754687 0.545833 2.000000 0.000000 0.000000 0.000000 0.776563 0.322917 2.000000 0.698438 0.291667 2.000000 0.837500 0.433333 2.000000 0.598437 0.481250 2.000000 0.823438 0.620833 2.000000 0.492188 0.672917 2.000000
0 0.136430 0.695010 0.189266 0.480979 0.117188 0.500000 2.000000 0.123438 0.489583 2.000000 0.109375 0.489583 2.000000 0.000000 0.000000 0.000000 0.095312 0.487500 2.000000 0.123438 0.552083 2.000000 0.075000 0.539583 2.000000 0.151562 0.625000 2.000000 0.067187 0.589583 2.000000 0.128125 0.666667 2.000000 0.054688 0.641667 2.000000 0.128125 0.685417 2.000000 0.084375 0.685417 2.000000 0.160938 0.754167 2.000000 0.107813 0.795833 2.000000 0.203125 0.841667 2.000000 0.118750 0.897917 2.000000
0 0.510672 0.698500 0.144937 0.462917 0.520312 0.514583 2.000000 0.526563 0.504167 2.000000 0.514062 0.504167 2.000000 0.000000 0.000000 0.000000 0.495312 0.500000 2.000000 0.532813 0.564583 1.000000 0.479687 0.556250 2.000000 0.545312 0.627083 2.000000 0.453125 0.631250 2.000000 0.559375 0.695833 2.000000 0.448437 0.693750 1.000000 0.523438 0.695833 2.000000 0.489063 0.689583 1.000000 0.500000 0.806250 2.000000 0.520312 0.810417 2.000000 0.478125 0.897917 2.000000 0.542188 0.887500 2.000000
0 0.283273 0.817490 0.126766 0.169021 0.284375 0.768750 2.000000 0.287500 0.762500 2.000000 0.279687 0.764583 2.000000 0.000000 0.000000 0.000000 0.271875 0.768750 2.000000 0.300000 0.800000 2.000000 0.260937 0.802083 2.000000 0.304688 0.833333 2.000000 0.257812 0.841667 2.000000 0.289062 0.860417 2.000000 0.275000 0.860417 2.000000 0.300000 0.870833 2.000000 0.271875 0.875000 2.000000 0.335938 0.885417 2.000000 0.254688 0.889583 2.000000 0.300000 0.887500 2.000000 0.000000 0.000000 0.000000
0 0.860203 0.808156 0.113000 0.192521 0.000000 0.000000 0.000000 0.000000 0.000000 0.000000 0.000000 0.000000 0.000000 0.000000 0.000000 0.000000 0.000000 0.000000 0.000000 0.867188 0.762500 2.000000 0.835938 0.758333 2.000000 0.878125 0.810417 2.000000 0.810937 0.812500 2.000000 0.896875 0.835417 2.000000 0.828125 0.856250 2.000000 0.850000 0.837500 2.000000 0.820312 0.837500 2.000000 0.000000 0.000000 0.000000 0.820312 0.895833 2.000000 0.000000 0.000000 0.000000 0.000000 0.000000 0.000000
0 0.778164 0.836417 0.064703 0.130458 0.779687 0.816667 2.000000 0.782813 0.810417 2.000000 0.776563 0.810417 2.000000 0.789062 0.812500 2.000000 0.000000 0.000000 0.000000 0.796875 0.835417 2.000000 0.767188 0.833333 2.000000 0.792188 0.870833 2.000000 0.751563 0.872917 2.000000 0.775000 0.860417 2.000000 0.770312 0.852083 2.000000 0.000000 0.000000 0.000000 0.000000 0.000000 0.000000 0.784375 0.854167 2.000000 0.771875 0.854167 2.000000 0.779687 0.891667 2.000000 0.764062 0.889583 2.000000
0 0.695344 0.832094 0.123969 0.137479 0.000000 0.000000 0.000000 0.000000 0.000000 0.000000 0.000000 0.000000 0.000000 0.000000 0.000000 0.000000 0.000000 0.000000 0.000000 0.721875 0.814583 2.000000 0.698438 0.814583 2.000000 0.698438 0.841667 2.000000 0.000000 0.000000 0.000000 0.676562 0.831250 2.000000 0.000000 0.000000 0.000000 0.739062 0.887500 2.000000 0.717187 0.881250 2.000000 0.701562 0.881250 2.000000 0.667188 0.866667 2.000000 0.678125 0.916667 1.000000 0.639062 0.897917 2.000000
0 0.652508 0.836948 0.088578 0.117438 0.000000 0.000000 0.000000 0.000000 0.000000 0.000000 0.000000 0.000000 0.000000 0.000000 0.000000 0.000000 0.000000 0.000000 0.000000 0.000000 0.000000 0.000000 0.667188 0.816667 2.000000 0.000000 0.000000 0.000000 0.643750 0.833333 2.000000 0.000000 0.000000 0.000000 0.668750 0.854167 2.000000 0.000000 0.000000 0.000000 0.000000 0.000000 0.000000 0.651563 0.856250 2.000000 0.639062 0.847917 2.000000 0.623437 0.893750 1.000000 0.615625 0.889583 2.000000
0 0.168078 0.741708 0.075469 0.301875 0.000000 0.000000 0.000000 0.000000 0.000000 0.000000 0.000000 0.000000 0.000000 0.000000 0.000000 0.000000 0.000000 0.000000 0.000000 0.181250 0.643750 2.000000 0.145313 0.650000 1.000000 0.195312 0.660417 2.000000 0.000000 0.000000 0.000000 0.181250 0.635417 2.000000 0.000000 0.000000 0.000000 0.181250 0.729167 2.000000 0.151562 0.735417 1.000000 0.195312 0.787500 2.000000 0.148438 0.800000 2.000000 0.195312 0.845833 1.000000 0.145313 0.875000 2.000000
0 0.319258 0.741708 0.063391 0.202667 0.000000 0.000000 0.000000 0.000000 0.000000 0.000000 0.000000 0.000000 0.000000 0.000000 0.000000 0.000000 0.000000 0.000000 0.000000 0.340625 0.700000 2.000000 0.306250 0.697917 2.000000 0.342187 0.733333 2.000000 0.295312 0.739583 2.000000 0.000000 0.000000 0.000000 0.307812 0.731250 2.000000 0.329688 0.772917 2.000000 0.307812 0.772917 2.000000 0.000000 0.000000 0.000000 0.000000 0.000000 0.000000 0.000000 0.000000 0.000000 0.000000 0.000000 0.000000
