0 0.251289 0.437829 0.074797 0.170775 0.229687 0.403756 2.000000 0.239063 0.394366 2.000000 0.226562 0.394366 2.000000 0.251563 0.392019 2.000000 0.000000 0.000000 0.000000 0.267188 0.438967 2.000000 0.223438 0.443662 1.000000 0.281250 0.514085 1.000000 0.000000 0.000000 0.000000 0.248438 0.504695 2.000000 0.218750 0.502347 2.000000 0.000000 0.000000 0.000000 0.000000 0.000000 0.000000 0.000000 0.000000 0.000000 0.000000 0.000000 0.000000 0.000000 0.000000 0.000000 0.000000 0.000000 0.000000
0 0.352156 0.434331 0.149469 0.190822 0.353125 0.384977 2.000000 0.356250 0.375587 2.000000 0.000000 0.000000 0.000000 0.376563 0.384977 2.000000 0.000000 0.000000 0.000000 0.409375 0.438967 2.000000 0.348438 0.443662 2.000000 0.418750 0.528169 1.000000 0.334375 0.528169 1.000000 0.345313 0.521127 2.000000 0.303125 0.518779 1.000000 0.367188 0.579812 1.000000 0.335938 0.575117 1.000000 0.000000 0.000000 0.000000 0.000000 0.000000 0.000000 0.000000 0.000000 0.000000 0.000000 0.000000 0.000000
0 0.431656 0.471338 0.136000 0.242066 0.421875 0.408451 2.000000 0.428125 0.392019 2.000000 0.415625 0.399061 2.000000 0.443750 0.389671 2.000000 0.407813 0.410798 2.000000 0.460938 0.438967 2.000000 0.409375 0.438967 1.000000 0.454688 0.518779 2.000000 0.000000 0.000000 0.000000 0.403125 0.518779 2.000000 0.000000 0.000000 0.000000 0.460938 0.558685 1.000000 0.435937 0.561033 1.000000 0.000000 0.000000 0.000000 0.000000 0.000000 0.000000 0.000000 0.000000 0.000000 0.000000 0.000000 0.000000
0 0.642742 0.363885 0.150859 0.445329 0.618750 0.213615 2.000000 0.628125 0.199531 2.000000 0.614062 0.199531 2.000000 0.651563 0.199531 2.000000 0.000000 0.000000 0.000000 0.679688 0.260563 2.000000 0.612500 0.262911 2.000000 0.701562 0.359155 2.000000 0.606250 0.363850 1.000000 0.660937 0.417840 2.000000 0.587500 0.401408 2.000000 0.657813 0.502347 2.000000 0.617188 0.495305 1.000000 0.000000 0.000000 0.000000 0.000000 0.000000 0.000000 0.000000 0.000000 0.000000 0.000000 0.000000 0.000000
0 0.160391 0.773204 0.290844 0.453592 0.000000 0.000000 0.000000 0.000000 0.000000 0.000000 0.000000 0.000000 0.000000 0.101562 0.664319 2.000000 0.185938 0.657277 2.000000 0.037500 0.798122 2.000000 0.239063 0.791080 2.000000 0.000000 0.000000 0.000000 0.285938 0.981221 2.000000 0.000000 0.000000 0.000000 0.000000 0.000000 0.000000 0.000000 0.000000 0.000000 0.000000 0.000000 0.000000 0.000000 0.000000 0.000000 0.000000 0.000000 0.000000 0.000000 0.000000 0.000000 0.000000 0.000000 0.000000
0 0.053969 0.603603 0.104937 0.209460 0.000000 0.000000 0.000000 0.000000 0.000000 0.000000 0.057813 0.563380 2.000000 0.000000 0.000000 0.000000 0.046875 0.553991 2.000000 0.000000 0.000000 0.000000 0.032813 0.610329 2.000000 0.000000 0.000000 0.000000 0.048438 0.732394 1.000000 0.000000 0.000000 0.000000 0.075000 0.699531 2.000000 0.000000 0.000000 0.000000 0.000000 0.000000 0.000000 0.000000 0.000000 0.000000 0.000000 0.000000 0.000000 0.000000 0.000000 0.000000 0.000000 0.000000 0.000000
0 0.417508 0.827700 0.196391 0.324319 0.000000 0.000000 0.000000 0.000000 0.000000 0.000000 0.000000 0.000000 0.000000 0.375000 0.765258 2.000000 0.450000 0.784038 2.000000 0.332813 0.906103 2.000000 0.500000 0.901408 2.000000 0.000000 0.000000 0.000000 0.000000 0.000000 0.000000 0.000000 0.000000 0.000000 0.000000 0.000000 0.000000 0.000000 0.000000 0.000000 0.000000 0.000000 0.000000 0.000000 0.000000 0.000000 0.000000 0.000000 0.000000 0.000000 0.000000 0.000000 0.000000 0.000000 0.000000
0 0.531648 0.694953 0.162734 0.253005 0.000000 0.000000 0.000000 0.000000 0.000000 0.000000 0.000000 0.000000 0.000000 0.000000 0.000000 0.000000 0.000000 0.000000 0.000000 0.471875 0.737089 2.000000 0.596875 0.734742 2.000000 0.000000 0.000000 0.000000 0.000000 0.000000 0.000000 0.000000 0.000000 0.000000 0.000000 0.000000 0.000000 0.000000 0.000000 0.000000 0.000000 0.000000 0.000000 0.000000 0.000000 0.000000 0.000000 0.000000 0.000000 0.000000 0.000000 0.000000 0.000000 0.000000 0.000000
0 0.609484 0.785153 0.181094 0.428709 0.000000 0.000000 0.000000 0.000000 0.000000 0.000000 0.000000 0.000000 0.000000 0.618750 0.654930 2.000000 0.685937 0.664319 2.000000 0.575000 0.812207 2.000000 0.723437 0.802817 1.000000 0.525000 0.969484 2.000000 0.746875 0.969484 1.000000 0.000000 0.000000 0.000000 0.000000 0.000000 0.000000 0.000000 0.000000 0.000000 0.000000 0.000000 0.000000 0.000000 0.000000 0.000000 0.000000 0.000000 0.000000 0.000000 0.000000 0.000000 0.000000 0.000000 0.000000
0 0.748695 0.819472 0.207203 0.361056 0.000000 0.000000 0.000000 0.000000 0.000000 0.000000 0.000000 0.000000 0.000000 0.000000 0.000000 0.000000 0.000000 0.000000 0.000000 0.678125 0.917840 2.000000 0.832812 0.903756 2.000000 0.000000 0.000000 0.000000 0.000000 0.000000 0.000000 0.000000 0.000000 0.000000 0.000000 0.000000 0.000000 0.000000 0.000000 0.000000 0.000000 0.000000 0.000000 0.000000 0.000000 0.000000 0.000000 0.000000 0.000000 0.000000 0.000000 0.000000 0.000000 0.000000 0.000000
0 0.905664 0.773756 0.133172 0.287887 0.000000 0.000000 0.000000 0.000000 0.000000 0.000000 0.000000 0.000000 0.000000 0.907813 0.718310 2.000000 0.000000 0.000000 0.000000 0.862500 0.823944 2.000000 0.000000 0.000000 0.000000 0.000000 0.000000 0.000000 0.000000 0.000000 0.000000 0.000000 0.000000 0.000000 0.000000 0.000000 0.000000 0.000000 0.000000 0.000000 0.000000 0.000000 0.000000 0.000000 0.000000 0.000000 0.000000 0.000000 0.000000 0.000000 0.000000 0.000000 0.000000 0.000000 0.000000
0 0.955164 0.820892 0.089672 0.332582 0.000000 0.000000 0.000000 0.000000 0.000000 0.000000 0.000000 0.000000 0.000000 0.975000 0.751174 2.000000 0.000000 0.000000 0.000000 0.946875 0.924883 2.000000 0.000000 0.000000 0.000000 0.000000 0.000000 0.000000 0.000000 0.000000 0.000000 0.000000 0.000000 0.000000 0.000000 0.000000 0.000000 0.000000 0.000000 0.000000 0.000000 0.000000 0.000000 0.000000 0.000000 0.000000 0.000000 0.000000 0.000000 0.000000 0.000000 0.000000 0.000000 0.000000 0.000000
0 0.101023 0.425270 0.089453 0.159554 0.081250 0.401408 2.000000 0.087500 0.389671 2.000000 0.076563 0.392019 2.000000 0.103125 0.387324 2.000000 0.000000 0.000000 0.000000 0.121875 0.422535 2.000000 0.075000 0.427230 2.000000 0.125000 0.509390 1.000000 0.059375 0.500000 1.000000 0.000000 0.000000 0.000000 0.000000 0.000000 0.000000 0.000000 0.000000 0.000000 0.000000 0.000000 0.000000 0.000000 0.000000 0.000000 0.000000 0.000000 0.000000 0.000000 0.000000 0.000000 0.000000 0.000000 0.000000
