0 0.059414 0.424110 0.083016 0.372248 0.060937 0.278689 2.000000 0.067187 0.271663 2.000000 0.054688 0.271663 2.000000 0.000000 0.000000 0.000000 0.045312 0.276347 2.000000 0.079687 0.313817 2.000000 0.039062 0.316159 2.000000 0.089063 0.377049 2.000000 0.031250 0.379391 2.000000 0.093750 0.423888 2.000000 0.045312 0.421546 2.000000 0.079687 0.437939 2.000000 0.050000 0.437939 2.000000 0.073438 0.512881 2.000000 0.042188 0.512881 2.000000 0.068750 0.573770 2.000000 0.029687 0.583138 2.000000
0 0.143961 0.414297 0.091984 0.366206 0.000000 0.000000 0.000000 0.000000 0.000000 0.000000 0.000000 0.000000 0.000000 0.142187 0.262295 2.000000 0.000000 0.000000 0.000000 0.150000 0.290398 2.000000 0.164062 0.288056 2.000000 0.154688 0.358314 2.000000 0.000000 0.000000 0.000000 0.142187 0.419204 2.000000 0.000000 0.000000 0.000000 0.156250 0.409836 2.000000 0.171875 0.405152 2.000000 0.154688 0.489461 2.000000 0.142187 0.505855 2.000000 0.168750 0.573770 2.000000 0.137500 0.592506 1.000000
0 0.624922 0.181077 0.063969 0.143841 0.615625 0.131148 2.000000 0.618750 0.124122 2.000000 0.610938 0.124122 2.000000 0.625000 0.128806 2.000000 0.609375 0.133489 1.000000 0.639062 0.163934 2.000000 0.606250 0.163934 2.000000 0.650000 0.194379 2.000000 0.598437 0.199063 1.000000 0.640625 0.210773 2.000000 0.620313 0.210773 1.000000 0.632812 0.243560 2.000000 0.609375 0.243560 1.000000 0.000000 0.000000 0.000000 0.000000 0.000000 0.000000 0.000000 0.000000 0.000000 0.000000 0.000000 0.000000
0 0.262203 0.439227 0.072469 0.368056 0.260937 0.290398 2.000000 0.265625 0.281030 2.000000 0.256250 0.281030 2.000000 0.000000 0.000000 0.000000 0.248438 0.285714 2.000000 0.276562 0.327869 2.000000 0.240625 0.332553 2.000000 0.285938 0.393443 2.000000 0.235937 0.393443 2.000000 0.292187 0.444965 2.000000 0.242188 0.442623 2.000000 0.281250 0.419204 2.000000 0.254688 0.421546 2.000000 0.273438 0.519906 2.000000 0.246875 0.522248 2.000000 0.270313 0.585480 2.000000 0.243750 0.592506 2.000000
0 0.732883 0.401768 0.070234 0.229813 0.728125 0.320843 2.000000 0.732812 0.316159 2.000000 0.723437 0.316159 2.000000 0.000000 0.000000 0.000000 0.000000 0.000000 0.000000 0.746875 0.360656 2.000000 0.707812 0.362998 2.000000 0.760938 0.402810 2.000000 0.703125 0.416862 2.000000 0.745313 0.405152 2.000000 0.703125 0.449649 2.000000 0.743750 0.456674 2.000000 0.717187 0.456674 2.000000 0.743750 0.512881 2.000000 0.718750 0.512881 2.000000 0.000000 0.000000 0.000000 0.000000 0.000000 0.000000
0 0.888273 0.371768 0.082891 0.303208 0.893750 0.250585 2.000000 0.898438 0.243560 2.000000 0.890625 0.245902 2.000000 0.906250 0.245902 2.000000 0.884375 0.250585 2.000000 0.920312 0.283372 2.000000 0.881250 0.278689 2.000000 0.923438 0.330211 2.000000 0.875000 0.320843 2.000000 0.915625 0.370023 2.000000 0.871875 0.365340 2.000000 0.909375 0.360656 2.000000 0.884375 0.360656 2.000000 0.910937 0.435597 2.000000 0.876563 0.435597 2.000000 0.915625 0.491803 2.000000 0.862500 0.496487 2.000000
0 0.379617 0.424848 0.049922 0.360890 0.382812 0.299766 2.000000 0.385937 0.285714 2.000000 0.378125 0.285714 2.000000 0.395313 0.285714 2.000000 0.371875 0.285714 2.000000 0.406250 0.316159 1.000000 0.360938 0.323185 2.000000 0.409375 0.337237 1.000000 0.350000 0.379391 1.000000 0.389062 0.313817 2.000000 0.362500 0.377049 2.000000 0.401562 0.440281 1.000000 0.375000 0.440281 2.000000 0.403125 0.510539 1.000000 0.373437 0.512881 2.000000 0.403125 0.583138 1.000000 0.376563 0.587822 2.000000
0 0.515008 0.498876 0.154422 0.292131 0.000000 0.000000 0.000000 0.000000 0.000000 0.000000 0.000000 0.000000 0.000000 0.446875 0.402810 2.000000 0.000000 0.000000 0.000000 0.468750 0.416862 2.000000 0.500000 0.370023 1.000000 0.492188 0.491803 2.000000 0.548438 0.395785 2.000000 0.493750 0.564403 2.000000 0.598437 0.398126 1.000000 0.545312 0.442623 2.000000 0.570312 0.433255 2.000000 0.503125 0.538642 2.000000 0.529687 0.538642 2.000000 0.510938 0.632319 2.000000 0.528125 0.625293 2.000000
0 0.488969 0.416054 0.088500 0.370562 0.473438 0.271663 2.000000 0.478125 0.264637 2.000000 0.470313 0.264637 2.000000 0.000000 0.000000 0.000000 0.000000 0.000000 0.000000 0.503125 0.309133 2.000000 0.459375 0.316159 2.000000 0.517188 0.370023 1.000000 0.000000 0.000000 0.000000 0.000000 0.000000 0.000000 0.000000 0.000000 0.000000 0.498437 0.416862 1.000000 0.465625 0.419204 1.000000 0.000000 0.000000 0.000000 0.459375 0.510539 2.000000 0.000000 0.000000 0.000000 0.465625 0.578454 2.000000
0 0.416055 0.438208 0.082453 0.355059 0.426563 0.297424 2.000000 0.434375 0.288056 2.000000 0.421875 0.288056 2.000000 0.442188 0.297424 2.000000 0.000000 0.000000 0.000000 0.451562 0.330211 2.000000 0.401562 0.332553 1.000000 0.446875 0.386417 1.000000 0.392188 0.386417 2.000000 0.420312 0.374707 2.000000 0.423438 0.391101 2.000000 0.437500 0.451991 2.000000 0.406250 0.447307 2.000000 0.434375 0.526932 2.000000 0.400000 0.517564 2.000000 0.429688 0.599532 2.000000 0.387500 0.597190 1.000000
0 0.324070 0.435597 0.077297 0.347588 0.329688 0.295082 2.000000 0.335938 0.285714 2.000000 0.328125 0.285714 2.000000 0.000000 0.000000 0.000000 0.000000 0.000000 0.000000 0.346875 0.334895 2.000000 0.300000 0.330211 2.000000 0.353125 0.388759 2.000000 0.287500 0.377049 1.000000 0.348438 0.433255 2.000000 0.292187 0.437939 1.000000 0.335938 0.463700 2.000000 0.309375 0.459016 2.000000 0.332813 0.526932 2.000000 0.312500 0.526932 2.000000 0.334375 0.585480 2.000000 0.312500 0.587822 2.000000
0 0.201859 0.407951 0.055844 0.322225 0.203125 0.278689 2.000000 0.203125 0.266979 2.000000 0.196875 0.269321 2.000000 0.000000 0.000000 0.000000 0.000000 0.000000 0.000000 0.217188 0.306792 2.000000 0.181250 0.297424 2.000000 0.221875 0.348946 2.000000 0.171875 0.337237 1.000000 0.206250 0.391101 2.000000 0.176563 0.374707 1.000000 0.214062 0.391101 2.000000 0.189062 0.386417 2.000000 0.210938 0.466042 2.000000 0.189062 0.468384 2.000000 0.209375 0.538642 2.000000 0.181250 0.536300 2.000000
0 0.616812 0.359192 0.081125 0.326674 0.612500 0.229508 2.000000 0.615625 0.224824 2.000000 0.607812 0.224824 2.000000 0.621875 0.229508 2.000000 0.600000 0.227166 2.000000 0.632812 0.269321 2.000000 0.590625 0.274005 2.000000 0.646875 0.313817 2.000000 0.582812 0.320843 2.000000 0.632812 0.325527 2.000000 0.582812 0.365340 2.000000 0.623437 0.372365 2.000000 0.600000 0.372365 1.000000 0.625000 0.440281 2.000000 0.601562 0.435597 2.000000 0.623437 0.496487 2.000000 0.606250 0.498829 2.000000
