0 0.683662 0.759555 0.259953 0.458422 0.000000 0.000000 0.000000 0.000000 0.000000 0.000000 0.000000 0.000000 0.000000 0.652582 0.584375 2.000000 0.000000 0.000000 0.000000 0.626761 0.653125 2.000000 0.767606 0.656250 2.000000 0.577465 0.745313 2.000000 0.000000 0.000000 0.000000 0.598592 0.812500 2.000000 0.000000 0.000000 0.000000 0.631455 0.828125 2.000000 0.755869 0.826562 2.000000 0.612676 0.951562 2.000000 0.713615 0.965625 2.000000 0.000000 0.000000 0.000000 0.000000 0.000000 0.000000
0 0.714754 0.422117 0.092089 0.099391 0.685446 0.392188 2.000000 0.692488 0.389062 2.000000 0.683099 0.389062 2.000000 0.706573 0.390625 2.000000 0.000000 0.000000 0.000000 0.720657 0.409375 2.000000 0.671362 0.410938 2.000000 0.744131 0.439063 2.000000 0.000000 0.000000 0.000000 0.732394 0.454688 2.000000 0.000000 0.000000 0.000000 0.713615 0.459375 1.000000 0.676056 0.457813 1.000000 0.000000 0.000000 0.000000 0.000000 0.000000 0.000000 0.000000 0.000000 0.000000 0.000000 0.000000 0.000000
0 0.459871 0.438070 0.114624 0.116203 0.474178 0.407813 2.000000 0.481221 0.403125 2.000000 0.467136 0.403125 2.000000 0.495305 0.400000 2.000000 0.000000 0.000000 0.000000 0.509390 0.417187 1.000000 0.453052 0.417187 2.000000 0.000000 0.000000 0.000000 0.429577 0.437500 2.000000 0.000000 0.000000 0.000000 0.408451 0.457813 2.000000 0.509390 0.471875 1.000000 0.467136 0.473438 1.000000 0.000000 0.000000 0.000000 0.000000 0.000000 0.000000 0.000000 0.000000 0.000000 0.000000 0.000000 0.000000
0 0.142183 0.448813 0.185493 0.141750 0.000000 0.000000 0.000000 0.000000 0.000000 0.000000 0.000000 0.000000 0.000000 0.000000 0.000000 0.000000 0.000000 0.000000 0.000000 0.096244 0.426563 2.000000 0.161972 0.429688 2.000000 0.065728 0.465625 1.000000 0.215962 0.465625 2.000000 0.000000 0.000000 0.000000 0.000000 0.000000 0.000000 0.103286 0.507812 1.000000 0.145540 0.509375 1.000000 0.000000 0.000000 0.000000 0.000000 0.000000 0.000000 0.000000 0.000000 0.000000 0.000000 0.000000 0.000000
0 0.265540 0.490664 0.229624 0.149203 0.279343 0.450000 2.000000 0.288732 0.443750 2.000000 0.274648 0.443750 2.000000 0.314554 0.443750 2.000000 0.000000 0.000000 0.000000 0.340376 0.479687 2.000000 0.248826 0.471875 2.000000 0.366197 0.526563 1.000000 0.213615 0.509375 2.000000 0.342723 0.545312 2.000000 0.154930 0.534375 2.000000 0.326291 0.573438 1.000000 0.251174 0.570312 1.000000 0.000000 0.000000 0.000000 0.000000 0.000000 0.000000 0.000000 0.000000 0.000000 0.000000 0.000000 0.000000
0 0.661690 0.544312 0.140282 0.195469 0.610329 0.493750 2.000000 0.617371 0.482812 2.000000 0.000000 0.000000 0.000000 0.645540 0.476562 2.000000 0.000000 0.000000 0.000000 0.690141 0.515625 2.000000 0.631455 0.509375 2.000000 0.704225 0.575000 1.000000 0.629108 0.565625 1.000000 0.000000 0.000000 0.000000 0.607981 0.587500 2.000000 0.673709 0.618750 1.000000 0.631455 0.614062 2.000000 0.678404 0.696875 1.000000 0.631455 0.692187 1.000000 0.000000 0.000000 0.000000 0.000000 0.000000 0.000000
0 0.728592 0.530242 0.119014 0.155359 0.000000 0.000000 0.000000 0.676056 0.476562 2.000000 0.000000 0.000000 0.000000 0.706573 0.481250 2.000000 0.000000 0.000000 0.000000 0.715962 0.509375 2.000000 0.000000 0.000000 0.000000 0.772300 0.551562 2.000000 0.000000 0.000000 0.000000 0.708920 0.554688 1.000000 0.000000 0.000000 0.000000 0.746479 0.609375 1.000000 0.000000 0.000000 0.000000 0.000000 0.000000 0.000000 0.000000 0.000000 0.000000 0.000000 0.000000 0.000000 0.000000 0.000000 0.000000
0 0.886878 0.450414 0.121362 0.160047 0.863850 0.384375 2.000000 0.870892 0.381250 2.000000 0.859155 0.381250 2.000000 0.882629 0.382812 2.000000 0.000000 0.000000 0.000000 0.896714 0.393750 2.000000 0.845070 0.395313 2.000000 0.903756 0.412500 2.000000 0.828638 0.417187 1.000000 0.908451 0.429688 2.000000 0.000000 0.000000 0.000000 0.892019 0.440625 2.000000 0.859155 0.439063 1.000000 0.910798 0.475000 2.000000 0.000000 0.000000 0.000000 0.929577 0.510938 2.000000 0.000000 0.000000 0.000000
0 0.499155 0.488398 0.170563 0.188797 0.509390 0.418750 2.000000 0.521127 0.414062 2.000000 0.507042 0.414062 2.000000 0.537559 0.418750 2.000000 0.000000 0.000000 0.000000 0.551643 0.437500 2.000000 0.490610 0.435937 2.000000 0.570423 0.467187 2.000000 0.464789 0.459375 2.000000 0.565728 0.490625 2.000000 0.427230 0.481250 2.000000 0.518779 0.515625 1.000000 0.502347 0.515625 1.000000 0.000000 0.000000 0.000000 0.000000 0.000000 0.000000 0.000000 0.000000 0.000000 0.000000 0.000000 0.000000
0 0.380869 0.518859 0.095775 0.183531 0.389671 0.457813 2.000000 0.396714 0.453125 2.000000 0.382629 0.450000 2.000000 0.000000 0.000000 0.000000 0.359155 0.448437 2.000000 0.406103 0.478125 2.000000 0.340376 0.475000 1.000000 0.394366 0.523438 2.000000 0.000000 0.000000 0.000000 0.361502 0.545312 1.000000 0.000000 0.000000 0.000000 0.392019 0.546875 2.000000 0.340376 0.545312 1.000000 0.373239 0.575000 2.000000 0.000000 0.000000 0.000000 0.392019 0.615625 1.000000 0.000000 0.000000 0.000000
