0 0.217974 0.766291 0.202255 0.431471 0.000000 0.000000 0.000000 0.000000 0.000000 0.000000 0.000000 0.000000 0.000000 0.210784 0.598039 2.000000 0.246732 0.601307 2.000000 0.184641 0.656863 2.000000 0.276144 0.668301 2.000000 0.179739 0.732026 2.000000 0.289216 0.741830 2.000000 0.000000 0.000000 0.000000 0.000000 0.000000 0.000000 0.200980 0.771242 2.000000 0.250000 0.774510 2.000000 0.212418 0.843137 2.000000 0.258170 0.844771 2.000000 0.217320 0.950980 2.000000 0.253268 0.957516 2.000000
0 0.117925 0.714322 0.194085 0.390082 0.000000 0.000000 0.000000 0.000000 0.000000 0.000000 0.000000 0.000000 0.000000 0.000000 0.000000 0.000000 0.179739 0.560458 2.000000 0.109477 0.580065 2.000000 0.147059 0.581699 2.000000 0.000000 0.000000 0.000000 0.150327 0.653595 2.000000 0.000000 0.000000 0.000000 0.000000 0.000000 0.000000 0.068627 0.668301 2.000000 0.099673 0.678105 2.000000 0.081699 0.782680 2.000000 0.099673 0.790850 2.000000 0.101307 0.866013 2.000000 0.114379 0.880719 2.000000
0 0.430335 0.652810 0.110114 0.330327 0.423203 0.531046 2.000000 0.428105 0.524510 2.000000 0.418301 0.522876 2.000000 0.442810 0.524510 2.000000 0.000000 0.000000 0.000000 0.459150 0.565359 2.000000 0.410131 0.562092 2.000000 0.464052 0.612745 2.000000 0.400327 0.614379 2.000000 0.457516 0.658497 2.000000 0.393791 0.656863 2.000000 0.447712 0.647059 2.000000 0.411765 0.643791 2.000000 0.439542 0.712418 2.000000 0.413399 0.710784 2.000000 0.437908 0.794118 2.000000 0.421569 0.792484 2.000000
0 0.944877 0.610351 0.091258 0.276095 0.936275 0.500000 2.000000 0.944444 0.493464 2.000000 0.934641 0.493464 2.000000 0.960784 0.496732 2.000000 0.000000 0.000000 0.000000 0.973856 0.531046 2.000000 0.919935 0.527778 2.000000 0.977124 0.568627 2.000000 0.906863 0.563725 2.000000 0.946078 0.583333 2.000000 0.910131 0.575163 2.000000 0.946078 0.599673 2.000000 0.919935 0.598039 2.000000 0.947712 0.671569 2.000000 0.931373 0.666667 2.000000 0.942810 0.718954 2.000000 0.950980 0.710784 2.000000
0 0.517508 0.661536 0.126781 0.357974 0.000000 0.000000 0.000000 0.517974 0.544118 2.000000 0.513072 0.545752 2.000000 0.000000 0.000000 0.000000 0.000000 0.000000 0.000000 0.545752 0.591503 2.000000 0.509804 0.586601 2.000000 0.535948 0.645425 2.000000 0.000000 0.000000 0.000000 0.506536 0.625817 2.000000 0.000000 0.000000 0.000000 0.539216 0.692810 2.000000 0.000000 0.000000 0.000000 0.535948 0.748366 2.000000 0.000000 0.000000 0.000000 0.537582 0.810458 2.000000 0.000000 0.000000 0.000000
0 0.697663 0.647647 0.118987 0.353497 0.694444 0.519608 2.000000 0.702614 0.511438 2.000000 0.687908 0.511438 2.000000 0.712418 0.514706 1.000000 0.000000 0.000000 0.000000 0.728758 0.553922 2.000000 0.668301 0.553922 2.000000 0.733660 0.591503 2.000000 0.650327 0.602941 2.000000 0.699346 0.555556 2.000000 0.687908 0.624183 2.000000 0.709150 0.642157 2.000000 0.669935 0.640523 2.000000 0.714052 0.705882 2.000000 0.669935 0.700980 2.000000 0.718954 0.792484 2.000000 0.669935 0.777778 2.000000
0 0.811765 0.625825 0.090229 0.293971 0.794118 0.514706 2.000000 0.799020 0.508170 2.000000 0.792484 0.508170 2.000000 0.816993 0.508170 2.000000 0.000000 0.000000 0.000000 0.833333 0.547386 2.000000 0.789216 0.549020 2.000000 0.844771 0.591503 2.000000 0.785948 0.596405 2.000000 0.838235 0.630719 2.000000 0.784314 0.629085 2.000000 0.825163 0.624183 2.000000 0.799020 0.624183 2.000000 0.821895 0.683007 2.000000 0.800654 0.683007 2.000000 0.823529 0.745098 2.000000 0.805556 0.741830 2.000000
0 0.759436 0.592688 0.040376 0.190016 0.750000 0.522876 2.000000 0.754902 0.517974 2.000000 0.746732 0.517974 2.000000 0.767974 0.521242 2.000000 0.000000 0.000000 0.000000 0.774510 0.550654 2.000000 0.745098 0.549020 1.000000 0.776144 0.591503 1.000000 0.000000 0.000000 0.000000 0.776144 0.616013 1.000000 0.000000 0.000000 0.000000 0.766340 0.614379 2.000000 0.743464 0.614379 1.000000 0.764706 0.666667 2.000000 0.000000 0.000000 0.000000 0.000000 0.000000 0.000000 0.000000 0.000000 0.000000
0 0.099657 0.542900 0.067157 0.110507 0.101307 0.509804 2.000000 0.102941 0.504902 2.000000 0.098039 0.504902 2.000000 0.000000 0.000000 0.000000 0.088235 0.504902 2.000000 0.112745 0.521242 2.000000 0.080065 0.526144 2.000000 0.125817 0.550654 2.000000 0.068627 0.550654 2.000000 0.124183 0.560458 2.000000 0.089869 0.555556 2.000000 0.111111 0.576797 1.000000 0.088235 0.580065 2.000000 0.000000 0.000000 0.000000 0.000000 0.000000 0.000000 0.000000 0.000000 0.000000 0.000000 0.000000 0.000000
0 0.304730 0.595507 0.068742 0.226111 0.294118 0.509804 2.000000 0.295752 0.501634 2.000000 0.285948 0.503268 2.000000 0.302288 0.501634 2.000000 0.000000 0.000000 0.000000 0.305556 0.519608 2.000000 0.282680 0.531046 2.000000 0.328431 0.540850 2.000000 0.289216 0.555556 2.000000 0.316993 0.531046 2.000000 0.308824 0.539216 2.000000 0.318627 0.588235 2.000000 0.297386 0.598039 2.000000 0.318627 0.642157 2.000000 0.295752 0.645425 2.000000 0.318627 0.681373 2.000000 0.297386 0.689542 1.000000
0 0.867819 0.626389 0.060637 0.258235 0.844771 0.521242 2.000000 0.851307 0.514706 2.000000 0.843137 0.514706 2.000000 0.867647 0.519608 2.000000 0.000000 0.000000 0.000000 0.882353 0.552288 2.000000 0.833333 0.547386 1.000000 0.885621 0.586601 2.000000 0.000000 0.000000 0.000000 0.887255 0.614379 2.000000 0.000000 0.000000 0.000000 0.869281 0.611111 2.000000 0.839869 0.611111 1.000000 0.869281 0.663399 1.000000 0.843137 0.661765 2.000000 0.866013 0.730392 2.000000 0.844771 0.728758 2.000000
