0 0.149930 0.683138 0.212891 0.611241 0.189062 0.463700 2.000000 0.000000 0.000000 0.000000 0.182812 0.449649 2.000000 0.000000 0.000000 0.000000 0.154688 0.477752 2.000000 0.076563 0.569087 2.000000 0.178125 0.590164 2.000000 0.054688 0.721311 2.000000 0.195312 0.754098 2.000000 0.000000 0.000000 0.000000 0.231250 0.861827 2.000000 0.078125 0.847775 2.000000 0.153125 0.854801 2.000000 0.000000 0.000000 0.000000 0.000000 0.000000 0.000000 0.000000 0.000000 0.000000 0.000000 0.000000 0.000000
0 0.935547 0.698876 0.128906 0.597752 0.000000 0.000000 0.000000 0.000000 0.000000 0.000000 0.000000 0.000000 0.000000 0.000000 0.000000 0.000000 0.000000 0.000000 0.000000 0.937500 0.597190 2.000000 0.000000 0.000000 0.000000 0.892188 0.733021 2.000000 0.000000 0.000000 0.000000 0.000000 0.000000 0.000000 0.000000 0.000000 0.000000 0.931250 0.885246 2.000000 0.000000 0.000000 0.000000 0.000000 0.000000 0.000000 0.000000 0.000000 0.000000 0.000000 0.000000 0.000000 0.000000 0.000000 0.000000
0 0.245844 0.404415 0.134906 0.346393 0.228125 0.311475 2.000000 0.235937 0.297424 2.000000 0.217188 0.297424 2.000000 0.265625 0.309133 2.000000 0.000000 0.000000 0.000000 0.296875 0.419204 1.000000 0.184375 0.423888 1.000000 0.000000 0.000000 0.000000 0.000000 0.000000 0.000000 0.000000 0.000000 0.000000 0.000000 0.000000 0.000000 0.000000 0.000000 0.000000 0.000000 0.000000 0.000000 0.000000 0.000000 0.000000 0.000000 0.000000 0.000000 0.000000 0.000000 0.000000 0.000000 0.000000 0.000000
0 0.643883 0.469157 0.136891 0.338033 0.593750 0.377049 2.000000 0.604688 0.362998 2.000000 0.585938 0.362998 2.000000 0.640625 0.388759 2.000000 0.000000 0.000000 0.000000 0.659375 0.470726 2.000000 0.573438 0.468384 1.000000 0.700000 0.601874 2.000000 0.000000 0.000000 0.000000 0.671875 0.529274 2.000000 0.000000 0.000000 0.000000 0.642188 0.669789 1.000000 0.578125 0.669789 1.000000 0.000000 0.000000 0.000000 0.000000 0.000000 0.000000 0.000000 0.000000 0.000000 0.000000 0.000000 0.000000
0 0.900328 0.652810 0.133438 0.694379 0.960938 0.377049 2.000000 0.000000 0.000000 0.000000 0.940625 0.370023 2.000000 0.000000 0.000000 0.000000 0.917188 0.391101 2.000000 0.940625 0.482436 2.000000 0.859375 0.515222 2.000000 0.000000 0.000000 0.000000 0.848437 0.646370 2.000000 0.000000 0.000000 0.000000 0.865625 0.777518 2.000000 0.940625 0.798595 1.000000 0.868750 0.822014 2.000000 0.000000 0.000000 0.000000 0.000000 0.000000 0.000000 0.000000 0.000000 0.000000 0.000000 0.000000 0.000000
0 0.539000 0.651686 0.151438 0.674145 0.000000 0.000000 0.000000 0.000000 0.000000 0.000000 0.000000 0.000000 0.000000 0.000000 0.000000 0.000000 0.564063 0.391101 2.000000 0.493750 0.510539 2.000000 0.600000 0.510539 2.000000 0.467187 0.653396 1.000000 0.000000 0.000000 0.000000 0.000000 0.000000 0.000000 0.000000 0.000000 0.000000 0.504687 0.735363 2.000000 0.592187 0.744731 1.000000 0.512500 0.922717 2.000000 0.592187 0.920375 1.000000 0.000000 0.000000 0.000000 0.000000 0.000000 0.000000
0 0.339406 0.677365 0.194938 0.645269 0.387500 0.419204 2.000000 0.000000 0.000000 0.000000 0.373437 0.409836 2.000000 0.000000 0.000000 0.000000 0.364063 0.423888 2.000000 0.275000 0.559719 2.000000 0.351562 0.571429 2.000000 0.254688 0.725995 2.000000 0.370312 0.756440 2.000000 0.000000 0.000000 0.000000 0.406250 0.711944 2.000000 0.292187 0.859485 2.000000 0.368750 0.878220 2.000000 0.000000 0.000000 0.000000 0.000000 0.000000 0.000000 0.000000 0.000000 0.000000 0.000000 0.000000 0.000000
0 0.086391 0.646674 0.171781 0.698314 0.000000 0.000000 0.000000 0.000000 0.000000 0.000000 0.146875 0.384075 1.000000 0.000000 0.000000 0.000000 0.112500 0.379391 2.000000 0.040625 0.395785 2.000000 0.062500 0.414520 2.000000 0.000000 0.000000 0.000000 0.000000 0.000000 0.000000 0.000000 0.000000 0.000000 0.000000 0.000000 0.000000 0.017188 0.688525 2.000000 0.042188 0.697892 1.000000 0.050000 0.915691 2.000000 0.062500 0.918033 1.000000 0.000000 0.000000 0.000000 0.000000 0.000000 0.000000
0 0.238398 0.706581 0.090766 0.549180 0.273438 0.505855 2.000000 0.000000 0.000000 0.000000 0.260937 0.494145 2.000000 0.000000 0.000000 0.000000 0.225000 0.512881 2.000000 0.264062 0.604215 1.000000 0.179688 0.604215 1.000000 0.000000 0.000000 0.000000 0.000000 0.000000 0.000000 0.000000 0.000000 0.000000 0.000000 0.000000 0.000000 0.264062 0.873536 2.000000 0.204687 0.878220 1.000000 0.000000 0.000000 0.000000 0.000000 0.000000 0.000000 0.000000 0.000000 0.000000 0.000000 0.000000 0.000000
0 0.442773 0.709087 0.161172 0.581827 0.000000 0.000000 0.000000 0.000000 0.000000 0.000000 0.000000 0.000000 0.000000 0.000000 0.000000 0.000000 0.000000 0.000000 0.000000 0.448437 0.594848 2.000000 0.348438 0.592506 1.000000 0.464062 0.758782 1.000000 0.000000 0.000000 0.000000 0.498437 0.829040 2.000000 0.000000 0.000000 0.000000 0.439063 0.868852 2.000000 0.360938 0.871194 1.000000 0.000000 0.000000 0.000000 0.000000 0.000000 0.000000 0.000000 0.000000 0.000000 0.000000 0.000000 0.000000
0 0.627492 0.747084 0.183359 0.504426 0.000000 0.000000 0.000000 0.000000 0.000000 0.000000 0.000000 0.000000 0.000000 0.000000 0.000000 0.000000 0.000000 0.000000 0.000000 0.562500 0.667447 2.000000 0.681250 0.679157 2.000000 0.548438 0.810304 2.000000 0.693750 0.822014 2.000000 0.000000 0.000000 0.000000 0.701562 0.948478 2.000000 0.587500 0.882904 2.000000 0.651563 0.885246 2.000000 0.000000 0.000000 0.000000 0.000000 0.000000 0.000000 0.000000 0.000000 0.000000 0.000000 0.000000 0.000000
