0 0.771266 0.202802 0.061281 0.176021 0.756250 0.183333 2.000000 0.765625 0.172917 2.000000 0.750000 0.172917 2.000000 0.789062 0.175000 1.000000 0.000000 0.000000 0.000000 0.796875 0.229167 1.000000 0.000000 0.000000 0.000000 0.000000 0.000000 0.000000 0.000000 0.000000 0.000000 0.000000 0.000000 0.000000 0.000000 0.000000 0.000000 0.000000 0.000000 0.000000 0.000000 0.000000 0.000000 0.000000 0.000000 0.000000 0.000000 0.000000 0.000000 0.000000 0.000000 0.000000 0.000000 0.000000 0.000000
0 0.190898 0.228854 0.050141 0.121417 0.167187 0.193750 1.000000 0.168750 0.189583 2.000000 0.000000 0.000000 0.000000 0.181250 0.193750 2.000000 0.000000 0.000000 0.000000 0.171875 0.222917 1.000000 0.200000 0.218750 2.000000 0.175000 0.262500 2.000000 0.212500 0.258333 2.000000 0.000000 0.000000 0.000000 0.000000 0.000000 0.000000 0.000000 0.000000 0.000000 0.000000 0.000000 0.000000 0.000000 0.000000 0.000000 0.000000 0.000000 0.000000 0.000000 0.000000 0.000000 0.000000 0.000000 0.000000
0 0.271758 0.201208 0.099797 0.253875 0.281250 0.129167 2.000000 0.289062 0.116667 2.000000 0.273438 0.116667 2.000000 0.301563 0.116667 2.000000 0.260937 0.120833 2.000000 0.318750 0.191667 2.000000 0.239063 0.195833 2.000000 0.000000 0.000000 0.000000 0.239063 0.300000 2.000000 0.000000 0.000000 0.000000 0.256250 0.250000 2.000000 0.312500 0.333333 1.000000 0.246875 0.335417 1.000000 0.000000 0.000000 0.000000 0.000000 0.000000 0.000000 0.000000 0.000000 0.000000 0.000000 0.000000 0.000000
0 0.444766 0.257708 0.087500 0.296875 0.446875 0.162500 2.000000 0.454688 0.154167 2.000000 0.439063 0.152083 2.000000 0.000000 0.000000 0.000000 0.426563 0.150000 2.000000 0.464062 0.220833 2.000000 0.400000 0.200000 1.000000 0.470313 0.300000 2.000000 0.000000 0.000000 0.000000 0.460938 0.360417 1.000000 0.000000 0.000000 0.000000 0.432812 0.350000 1.000000 0.387500 0.341667 1.000000 0.000000 0.000000 0.000000 0.000000 0.000000 0.000000 0.000000 0.000000 0.000000 0.000000 0.000000 0.000000
0 0.495031 0.216198 0.057375 0.169396 0.485938 0.160417 2.000000 0.492188 0.154167 2.000000 0.481250 0.154167 2.000000 0.495312 0.164583 2.000000 0.470313 0.162500 2.000000 0.504687 0.200000 2.000000 0.459375 0.200000 1.000000 0.509375 0.266667 2.000000 0.462500 0.258333 1.000000 0.471875 0.258333 1.000000 0.492188 0.260417 2.000000 0.501563 0.297917 2.000000 0.465625 0.300000 1.000000 0.000000 0.000000 0.000000 0.000000 0.000000 0.000000 0.000000 0.000000 0.000000 0.000000 0.000000 0.000000
0 0.785937 0.574885 0.237906 0.850229 0.000000 0.000000 0.000000 0.000000 0.000000 0.000000 0.000000 0.000000 0.000000 0.787500 0.227083 2.000000 0.000000 0.000000 0.000000 0.829688 0.308333 2.000000 0.859375 0.281250 2.000000 0.857812 0.481250 2.000000 0.000000 0.000000 0.000000 0.743750 0.445833 2.000000 0.000000 0.000000 0.000000 0.820312 0.606250 2.000000 0.845313 0.575000 2.000000 0.787500 0.791667 2.000000 0.832812 0.764583 2.000000 0.820312 0.964583 2.000000 0.839063 0.939583 2.000000
0 0.675391 0.247031 0.043844 0.173771 0.685937 0.200000 2.000000 0.689063 0.189583 2.000000 0.679688 0.189583 2.000000 0.000000 0.000000 0.000000 0.673438 0.195833 2.000000 0.710938 0.235417 1.000000 0.664062 0.237500 1.000000 0.717187 0.304167 1.000000 0.662500 0.293750 1.000000 0.682813 0.306250 2.000000 0.664062 0.329167 2.000000 0.707812 0.347917 1.000000 0.679688 0.347917 1.000000 0.000000 0.000000 0.000000 0.000000 0.000000 0.000000 0.000000 0.000000 0.000000 0.000000 0.000000 0.000000
0 0.907789 0.414458 0.086734 0.419583 0.000000 0.000000 0.000000 0.000000 0.000000 0.000000 0.000000 0.000000 0.000000 0.000000 0.000000 0.000000 0.000000 0.000000 0.000000 0.887500 0.293750 2.000000 0.000000 0.000000 0.000000 0.923438 0.435417 2.000000 0.000000 0.000000 0.000000 0.864062 0.441667 1.000000 0.000000 0.000000 0.000000 0.890625 0.462500 1.000000 0.000000 0.000000 0.000000 0.901563 0.614583 1.000000 0.000000 0.000000 0.000000 0.000000 0.000000 0.000000 0.000000 0.000000 0.000000
0 0.354773 0.315729 0.267984 0.361792 0.368750 0.235417 2.000000 0.000000 0.000000 0.000000 0.364063 0.220833 2.000000 0.000000 0.000000 0.000000 0.339062 0.193750 2.000000 0.378125 0.227083 2.000000 0.307812 0.250000 2.000000 0.423438 0.318750 2.000000 0.251563 0.379167 2.000000 0.484375 0.406250 1.000000 0.271875 0.431250 2.000000 0.307812 0.427083 2.000000 0.259375 0.439583 2.000000 0.000000 0.000000 0.000000 0.000000 0.000000 0.000000 0.000000 0.000000 0.000000 0.000000 0.000000 0.000000
0 0.687898 0.313688 0.223734 0.243167 0.707812 0.277083 2.000000 0.710938 0.262500 2.000000 0.000000 0.000000 0.000000 0.743750 0.250000 2.000000 0.000000 0.000000 0.000000 0.804688 0.322917 1.000000 0.720313 0.310417 2.000000 0.809375 0.441667 1.000000 0.657813 0.352083 2.000000 0.000000 0.000000 0.000000 0.601562 0.387500 2.000000 0.776563 0.516667 1.000000 0.725000 0.495833 1.000000 0.000000 0.000000 0.000000 0.000000 0.000000 0.000000 0.000000 0.000000 0.000000 0.000000 0.000000 0.000000
