0 0.133148 0.568542 0.262922 0.862917 0.073438 0.252083 2.000000 0.085938 0.227083 2.000000 0.054688 0.227083 2.000000 0.128125 0.237500 2.000000 0.034375 0.237500 2.000000 0.146875 0.397917 2.000000 0.000000 0.000000 0.000000 0.190625 0.635417 2.000000 0.000000 0.000000 0.000000 0.031250 0.635417 2.000000 0.125000 0.600000 2.000000 0.131250 0.814583 2.000000 0.007812 0.812500 2.000000 0.000000 0.000000 0.000000 0.000000 0.000000 0.000000 0.000000 0.000000 0.000000 0.000000 0.000000 0.000000
0 0.692695 0.569667 0.542703 0.838208 0.737500 0.297917 2.000000 0.768750 0.268750 2.000000 0.732812 0.260417 2.000000 0.843750 0.291667 2.000000 0.000000 0.000000 0.000000 0.857812 0.504167 2.000000 0.690625 0.450000 2.000000 0.800000 0.735417 2.000000 0.609375 0.510417 2.000000 0.640625 0.610417 2.000000 0.509375 0.491667 2.000000 0.785937 0.977083 2.000000 0.000000 0.000000 0.000000 0.000000 0.000000 0.000000 0.000000 0.000000 0.000000 0.000000 0.000000 0.000000 0.000000 0.000000 0.000000
0 0.576984 0.346698 0.069406 0.229229 0.000000 0.000000 0.000000 0.548438 0.283333 2.000000 0.000000 0.000000 0.000000 0.570312 0.285417 2.000000 0.000000 0.000000 0.000000 0.590625 0.325000 2.000000 0.542188 0.314583 1.000000 0.000000 0.000000 0.000000 0.000000 0.000000 0.000000 0.000000 0.000000 0.000000 0.000000 0.000000 0.000000 0.000000 0.000000 0.000000 0.000000 0.000000 0.000000 0.000000 0.000000 0.000000 0.000000 0.000000 0.000000 0.000000 0.000000 0.000000 0.000000 0.000000 0.000000
0 0.939891 0.576552 0.120219 0.824729 0.992188 0.279167 2.000000 0.000000 0.000000 0.000000 0.985938 0.252083 2.000000 0.000000 0.000000 0.000000 0.000000 0.000000 0.000000 0.000000 0.000000 0.000000 0.929688 0.439583 2.000000 0.000000 0.000000 0.000000 0.848437 0.635417 1.000000 0.000000 0.000000 0.000000 0.918750 0.683333 1.000000 0.000000 0.000000 0.000000 0.885938 0.935417 1.000000 0.000000 0.000000 0.000000 0.000000 0.000000 0.000000 0.000000 0.000000 0.000000 0.000000 0.000000 0.000000
0 0.158812 0.276240 0.075500 0.164271 0.156250 0.250000 2.000000 0.164062 0.239583 2.000000 0.150000 0.239583 2.000000 0.181250 0.250000 1.000000 0.000000 0.000000 0.000000 0.200000 0.310417 1.000000 0.123438 0.304167 1.000000 0.000000 0.000000 0.000000 0.000000 0.000000 0.000000 0.000000 0.000000 0.000000 0.000000 0.000000 0.000000 0.000000 0.000000 0.000000 0.000000 0.000000 0.000000 0.000000 0.000000 0.000000 0.000000 0.000000 0.000000 0.000000 0.000000 0.000000 0.000000 0.000000 0.000000
0 0.452828 0.601437 0.324500 0.776875 0.446875 0.337500 2.000000 0.465625 0.316667 2.000000 0.440625 0.310417 2.000000 0.509375 0.339583 2.000000 0.000000 0.000000 0.000000 0.532813 0.470833 2.000000 0.381250 0.437500 2.000000 0.589063 0.666667 2.000000 0.296875 0.570833 2.000000 0.489063 0.664583 2.000000 0.334375 0.643750 2.000000 0.489063 0.852083 2.000000 0.339062 0.833333 2.000000 0.000000 0.000000 0.000000 0.000000 0.000000 0.000000 0.000000 0.000000 0.000000 0.000000 0.000000 0.000000
0 0.225336 0.608740 0.100891 0.661438 0.000000 0.000000 0.000000 0.000000 0.000000 0.000000 0.000000 0.000000 0.000000 0.000000 0.000000 0.000000 0.000000 0.000000 0.000000 0.204687 0.416667 1.000000 0.259375 0.418750 2.000000 0.000000 0.000000 0.000000 0.000000 0.000000 0.000000 0.000000 0.000000 0.000000 0.000000 0.000000 0.000000 0.218750 0.579167 1.000000 0.254688 0.556250 2.000000 0.217188 0.739583 2.000000 0.239063 0.729167 2.000000 0.220312 0.881250 2.000000 0.253125 0.847917 2.000000
0 0.333922 0.517687 0.131844 0.597750 0.317188 0.283333 2.000000 0.326562 0.272917 2.000000 0.000000 0.000000 0.000000 0.356250 0.287500 2.000000 0.000000 0.000000 0.000000 0.339062 0.347917 2.000000 0.389062 0.341667 2.000000 0.000000 0.000000 0.000000 0.000000 0.000000 0.000000 0.000000 0.000000 0.000000 0.000000 0.000000 0.000000 0.340625 0.522917 1.000000 0.382812 0.518750 1.000000 0.320312 0.687500 1.000000 0.367188 0.689583 1.000000 0.000000 0.000000 0.000000 0.000000 0.000000 0.000000
0 0.643750 0.373656 0.161250 0.232437 0.668750 0.356250 2.000000 0.689063 0.341667 2.000000 0.657813 0.333333 2.000000 0.717187 0.370833 2.000000 0.000000 0.000000 0.000000 0.000000 0.000000 0.000000 0.603125 0.454167 1.000000 0.000000 0.000000 0.000000 0.000000 0.000000 0.000000 0.000000 0.000000 0.000000 0.000000 0.000000 0.000000 0.000000 0.000000 0.000000 0.000000 0.000000 0.000000 0.000000 0.000000 0.000000 0.000000 0.000000 0.000000 0.000000 0.000000 0.000000 0.000000 0.000000 0.000000
0 0.616344 0.290906 0.067187 0.125979 0.587500 0.270833 2.000000 0.593750 0.264583 2.000000 0.000000 0.000000 0.000000 0.612500 0.268750 2.000000 0.000000 0.000000 0.000000 0.637500 0.322917 2.000000 0.579688 0.320833 1.000000 0.000000 0.000000 0.000000 0.000000 0.000000 0.000000 0.000000 0.000000 0.000000 0.000000 0.000000 0.000000 0.000000 0.000000 0.000000 0.000000 0.000000 0.000000 0.000000 0.000000 0.000000 0.000000 0.000000 0.000000 0.000000 0.000000 0.000000 0.000000 0.000000 0.000000
