0 0.440797 0.540445 0.140937 0.321358 0.493750 0.447307 2.000000 0.000000 0.000000 0.000000 0.492188 0.437939 2.000000 0.000000 0.000000 0.000000 0.481250 0.419204 2.000000 0.473438 0.463700 2.000000 0.437500 0.433255 2.000000 0.460938 0.533958 2.000000 0.435937 0.508197 2.000000 0.453125 0.618267 2.000000 0.475000 0.555035 1.000000 0.432812 0.564403 2.000000 0.392188 0.562061 2.000000 0.414062 0.672131 2.000000 0.450000 0.592506 2.000000 0.354687 0.653396 1.000000 0.432812 0.669789 2.000000
0 0.288711 0.182026 0.081109 0.360258 0.276562 0.016393 2.000000 0.281250 0.009368 2.000000 0.271875 0.011710 2.000000 0.285938 0.009368 2.000000 0.267188 0.016393 1.000000 0.301563 0.056206 2.000000 0.260937 0.056206 2.000000 0.317188 0.110070 2.000000 0.260937 0.112412 2.000000 0.303125 0.142857 2.000000 0.000000 0.000000 0.000000 0.298438 0.156909 2.000000 0.267188 0.159251 2.000000 0.298438 0.243560 2.000000 0.273438 0.241218 2.000000 0.300000 0.332553 2.000000 0.279687 0.330211 2.000000
0 0.598352 0.318396 0.075766 0.293513 0.626563 0.206089 2.000000 0.631250 0.201405 2.000000 0.618750 0.203747 2.000000 0.000000 0.000000 0.000000 0.607812 0.215457 2.000000 0.657813 0.264637 1.000000 0.592187 0.264637 2.000000 0.000000 0.000000 0.000000 0.579688 0.346604 2.000000 0.000000 0.000000 0.000000 0.575000 0.414520 2.000000 0.650000 0.409836 1.000000 0.600000 0.419204 2.000000 0.000000 0.000000 0.000000 0.000000 0.000000 0.000000 0.000000 0.000000 0.000000 0.000000 0.000000 0.000000
0 0.715430 0.132307 0.171734 0.261475 0.000000 0.000000 0.000000 0.000000 0.000000 0.000000 0.000000 0.000000 0.000000 0.642188 0.025761 2.000000 0.667188 0.011710 2.000000 0.639062 0.063232 2.000000 0.704688 0.030445 2.000000 0.000000 0.000000 0.000000 0.748437 0.086651 2.000000 0.000000 0.000000 0.000000 0.000000 0.000000 0.000000 0.000000 0.000000 0.000000 0.000000 0.000000 0.000000 0.765625 0.168618 2.000000 0.000000 0.000000 0.000000 0.768750 0.241218 2.000000 0.000000 0.000000 0.000000
0 0.578125 0.897061 0.105656 0.169672 0.000000 0.000000 0.000000 0.000000 0.000000 0.000000 0.000000 0.000000 0.000000 0.000000 0.000000 0.000000 0.000000 0.000000 0.000000 0.545312 0.915691 1.000000 0.617188 0.922717 2.000000 0.000000 0.000000 0.000000 0.601562 0.971897 2.000000 0.000000 0.000000 0.000000 0.000000 0.000000 0.000000 0.000000 0.000000 0.000000 0.000000 0.000000 0.000000 0.000000 0.000000 0.000000 0.000000 0.000000 0.000000 0.000000 0.000000 0.000000 0.000000 0.000000 0.000000
0 0.273305 0.961194 0.089609 0.077611 0.000000 0.000000 0.000000 0.000000 0.000000 0.000000 0.000000 0.000000 0.000000 0.234375 0.985948 2.000000 0.000000 0.000000 0.000000 0.000000 0.000000 0.000000 0.000000 0.000000 0.000000 0.000000 0.000000 0.000000 0.000000 0.000000 0.000000 0.000000 0.000000 0.000000 0.000000 0.000000 0.000000 0.000000 0.000000 0.000000 0.000000 0.000000 0.000000 0.000000 0.000000 0.000000 0.000000 0.000000 0.000000 0.000000 0.000000 0.000000 0.000000 0.000000 0.000000
0 0.589227 0.530340 0.242891 0.435948 0.000000 0.000000 0.000000 0.000000 0.000000 0.000000 0.000000 0.000000 0.000000 0.626563 0.370023 2.000000 0.000000 0.000000 0.000000 0.632812 0.437939 2.000000 0.653125 0.409836 2.000000 0.659375 0.510539 2.000000 0.617188 0.484778 2.000000 0.673438 0.585480 2.000000 0.579688 0.522248 2.000000 0.625000 0.548009 2.000000 0.623437 0.519906 2.000000 0.532813 0.585480 2.000000 0.550000 0.524590 2.000000 0.517188 0.714286 2.000000 0.484375 0.583138 2.000000
0 0.469008 0.784040 0.121734 0.148735 0.000000 0.000000 0.000000 0.000000 0.000000 0.000000 0.000000 0.000000 0.000000 0.000000 0.000000 0.000000 0.000000 0.000000 0.000000 0.417187 0.814988 1.000000 0.503125 0.798595 2.000000 0.000000 0.000000 0.000000 0.525000 0.817330 2.000000 0.000000 0.000000 0.000000 0.000000 0.000000 0.000000 0.445312 0.929742 1.000000 0.501563 0.918033 1.000000 0.000000 0.000000 0.000000 0.000000 0.000000 0.000000 0.000000 0.000000 0.000000 0.000000 0.000000 0.000000
0 0.049578 0.907588 0.099156 0.177330 0.000000 0.000000 0.000000 0.000000 0.000000 0.000000 0.078125 0.939110 2.000000 0.000000 0.000000 0.000000 0.057813 0.922717 2.000000 0.000000 0.000000 0.000000 0.000000 0.000000 0.000000 0.000000 0.000000 0.000000 0.000000 0.000000 0.000000 0.000000 0.000000 0.000000 0.000000 0.000000 0.000000 0.000000 0.000000 0.000000 0.000000 0.000000 0.000000 0.000000 0.000000 0.000000 0.000000 0.000000 0.000000 0.000000 0.000000 0.000000 0.000000 0.000000 0.000000
0 0.474258 0.953267 0.080516 0.093466 0.509375 0.981265 2.000000 0.000000 0.000000 0.000000 0.501563 0.983607 2.000000 0.000000 0.000000 0.000000 0.000000 0.000000 0.000000 0.000000 0.000000 0.000000 0.000000 0.000000 0.000000 0.000000 0.000000 0.000000 0.000000 0.000000 0.000000 0.000000 0.000000 0.000000 0.000000 0.000000 0.000000 0.000000 0.000000 0.000000 0.000000 0.000000 0.000000 0.000000 0.000000 0.000000 0.000000 0.000000 0.000000 0.000000 0.000000 0.000000 0.000000 0.000000 0.000000
0 0.304641 0.820398 0.098469 0.133864 0.000000 0.000000 0.000000 0.000000 0.000000 0.000000 0.000000 0.000000 0.000000 0.282813 0.819672 1.000000 0.331250 0.798595 2.000000 0.251563 0.880562 1.000000 0.365625 0.896956 1.000000 0.000000 0.000000 0.000000 0.000000 0.000000 0.000000 0.000000 0.000000 0.000000 0.000000 0.000000 0.000000 0.000000 0.000000 0.000000 0.000000 0.000000 0.000000 0.000000 0.000000 0.000000 0.000000 0.000000 0.000000 0.000000 0.000000 0.000000 0.000000 0.000000 0.000000
0 0.432633 0.894754 0.134266 0.203513 0.000000 0.000000 0.000000 0.000000 0.000000 0.000000 0.000000 0.000000 0.000000 0.000000 0.000000 0.000000 0.453125 0.871194 2.000000 0.382812 0.913349 2.000000 0.456250 0.946136 1.000000 0.000000 0.000000 0.000000 0.000000 0.000000 0.000000 0.000000 0.000000 0.000000 0.000000 0.000000 0.000000 0.000000 0.000000 0.000000 0.000000 0.000000 0.000000 0.000000 0.000000 0.000000 0.000000 0.000000 0.000000 0.000000 0.000000 0.000000 0.000000 0.000000 0.000000
