0 0.494187 0.684230 0.414293 0.568820 0.408000 0.434000 2.000000 0.416000 0.430000 2.000000 0.394667 0.430000 2.000000 0.000000 0.000000 0.000000 0.357333 0.448000 2.000000 0.469333 0.510000 2.000000 0.325333 0.502000 2.000000 0.557333 0.556000 2.000000 0.312000 0.562000 2.000000 0.653333 0.596000 2.000000 0.336000 0.514000 2.000000 0.458667 0.672000 2.000000 0.397333 0.682000 2.000000 0.538667 0.756000 2.000000 0.477333 0.782000 2.000000 0.490667 0.876000 2.000000 0.450667 0.926000 2.000000
0 0.143547 0.756810 0.133973 0.174700 0.146667 0.694000 2.000000 0.154667 0.692000 2.000000 0.138667 0.692000 2.000000 0.165333 0.698000 2.000000 0.130667 0.698000 1.000000 0.192000 0.732000 2.000000 0.101333 0.728000 2.000000 0.192000 0.780000 2.000000 0.093333 0.780000 2.000000 0.146667 0.808000 2.000000 0.136000 0.810000 2.000000 0.168000 0.802000 2.000000 0.120000 0.800000 2.000000 0.160000 0.760000 2.000000 0.125333 0.762000 2.000000 0.152000 0.828000 2.000000 0.117333 0.830000 2.000000
0 0.256147 0.723020 0.132560 0.136560 0.277333 0.684000 2.000000 0.285333 0.680000 2.000000 0.272000 0.682000 2.000000 0.296000 0.680000 2.000000 0.261333 0.680000 2.000000 0.309333 0.704000 2.000000 0.240000 0.702000 2.000000 0.306667 0.726000 2.000000 0.192000 0.718000 2.000000 0.245333 0.738000 2.000000 0.210667 0.734000 2.000000 0.282667 0.758000 2.000000 0.256000 0.756000 2.000000 0.277333 0.754000 2.000000 0.208000 0.742000 1.000000 0.245333 0.782000 1.000000 0.210667 0.786000 2.000000
0 0.290707 0.607030 0.099760 0.113420 0.282667 0.570000 2.000000 0.290667 0.568000 2.000000 0.277333 0.566000 2.000000 0.298667 0.568000 2.000000 0.269333 0.568000 2.000000 0.306667 0.592000 2.000000 0.256000 0.592000 2.000000 0.338667 0.612000 2.000000 0.245333 0.626000 2.000000 0.320000 0.630000 2.000000 0.242667 0.652000 2.000000 0.298667 0.652000 1.000000 0.264000 0.652000 2.000000 0.000000 0.000000 0.000000 0.000000 0.000000 0.000000 0.000000 0.000000 0.000000 0.000000 0.000000 0.000000
0 0.206920 0.625570 0.101947 0.188220 0.216000 0.552000 2.000000 0.221333 0.548000 2.000000 0.216000 0.546000 2.000000 0.232000 0.552000 2.000000 0.205333 0.548000 2.000000 0.240000 0.580000 2.000000 0.181333 0.580000 2.000000 0.248000 0.612000 1.000000 0.170667 0.610000 2.000000 0.242667 0.644000 1.000000 0.170667 0.650000 2.000000 0.229333 0.644000 2.000000 0.186667 0.644000 2.000000 0.000000 0.000000 0.000000 0.000000 0.000000 0.000000 0.000000 0.000000 0.000000 0.000000 0.000000 0.000000
0 0.825480 0.753430 0.122693 0.145940 0.842667 0.710000 2.000000 0.845333 0.704000 2.000000 0.832000 0.706000 2.000000 0.000000 0.000000 0.000000 0.000000 0.000000 0.000000 0.866667 0.732000 2.000000 0.816000 0.726000 2.000000 0.877333 0.756000 2.000000 0.784000 0.740000 2.000000 0.845333 0.764000 2.000000 0.802667 0.754000 2.000000 0.000000 0.000000 0.000000 0.810667 0.766000 2.000000 0.000000 0.000000 0.000000 0.792000 0.758000 2.000000 0.829333 0.802000 2.000000 0.786667 0.798000 2.000000
0 0.552760 0.802380 0.425200 0.128160 0.714667 0.774000 2.000000 0.722667 0.768000 2.000000 0.704000 0.770000 2.000000 0.736000 0.768000 2.000000 0.000000 0.000000 0.000000 0.738667 0.810000 2.000000 0.674667 0.784000 2.000000 0.749333 0.860000 2.000000 0.605333 0.810000 2.000000 0.712000 0.848000 2.000000 0.661333 0.812000 2.000000 0.605333 0.850000 2.000000 0.589333 0.818000 2.000000 0.496000 0.848000 1.000000 0.501333 0.818000 1.000000 0.402667 0.852000 2.000000 0.392000 0.852000 2.000000
0 0.043907 0.748710 0.087813 0.181340 0.026667 0.692000 2.000000 0.032000 0.684000 2.000000 0.018667 0.684000 2.000000 0.045333 0.686000 2.000000 0.002667 0.690000 2.000000 0.061333 0.724000 2.000000 0.000000 0.000000 0.000000 0.080000 0.750000 2.000000 0.000000 0.000000 0.000000 0.029333 0.764000 2.000000 0.000000 0.000000 0.000000 0.032000 0.814000 2.000000 0.000000 0.816000 1.000000 0.064000 0.758000 2.000000 0.000000 0.000000 0.000000 0.037333 0.818000 2.000000 0.000000 0.000000 0.000000
0 0.291427 0.798630 0.140667 0.082900 0.000000 0.000000 0.000000 0.000000 0.000000 0.000000 0.000000 0.000000 0.000000 0.000000 0.000000 0.000000 0.000000 0.000000 0.000000 0.333333 0.812000 2.000000 0.000000 0.000000 0.000000 0.352000 0.774000 2.000000 0.000000 0.000000 0.000000 0.317333 0.766000 2.000000 0.000000 0.000000 0.000000 0.298667 0.792000 2.000000 0.264000 0.792000 2.000000 0.282667 0.814000 2.000000 0.250667 0.808000 2.000000 0.256000 0.832000 2.000000 0.245333 0.816000 2.000000
0 0.610880 0.739200 0.079947 0.127440 0.602667 0.704000 2.000000 0.610667 0.698000 2.000000 0.594667 0.698000 2.000000 0.624000 0.702000 2.000000 0.584000 0.704000 2.000000 0.637333 0.734000 2.000000 0.576000 0.730000 2.000000 0.642667 0.768000 2.000000 0.000000 0.000000 0.000000 0.000000 0.000000 0.000000 0.000000 0.000000 0.000000 0.618667 0.792000 2.000000 0.584000 0.788000 2.000000 0.000000 0.000000 0.000000 0.000000 0.000000 0.000000 0.000000 0.000000 0.000000 0.000000 0.000000 0.000000
