0 0.514656 0.695540 0.159688 0.321960 0.521875 0.581498 2.000000 0.528125 0.572687 2.000000 0.515625 0.574890 2.000000 0.000000 0.000000 0.000000 0.000000 0.000000 0.000000 0.560937 0.634361 2.000000 0.493750 0.625551 2.000000 0.564063 0.711454 2.000000 0.481250 0.680617 2.000000 0.557813 0.753304 2.000000 0.467187 0.711454 2.000000 0.000000 0.000000 0.000000 0.000000 0.000000 0.000000 0.000000 0.000000 0.000000 0.000000 0.000000 0.000000 0.000000 0.000000 0.000000 0.000000 0.000000 0.000000
0 0.290867 0.681145 0.176859 0.362731 0.304688 0.557269 2.000000 0.310937 0.548458 2.000000 0.300000 0.548458 2.000000 0.321875 0.552863 2.000000 0.292187 0.552863 2.000000 0.342187 0.601322 2.000000 0.281250 0.592511 2.000000 0.356250 0.707048 2.000000 0.251563 0.682819 2.000000 0.343750 0.775330 2.000000 0.221875 0.731278 2.000000 0.315625 0.744493 2.000000 0.278125 0.742291 2.000000 0.310937 0.839207 2.000000 0.220312 0.755507 2.000000 0.000000 0.000000 0.000000 0.281250 0.808370 2.000000
0 0.062891 0.585441 0.118125 0.458150 0.060937 0.398678 2.000000 0.068750 0.392070 2.000000 0.053125 0.392070 2.000000 0.000000 0.000000 0.000000 0.000000 0.000000 0.000000 0.093750 0.447137 2.000000 0.029687 0.451542 2.000000 0.110937 0.528634 2.000000 0.010937 0.517621 2.000000 0.117188 0.585903 2.000000 0.034375 0.555066 2.000000 0.089063 0.590308 2.000000 0.046875 0.588106 2.000000 0.093750 0.680617 2.000000 0.057813 0.682819 2.000000 0.098437 0.762115 2.000000 0.065625 0.770925 2.000000
0 0.162727 0.567896 0.105297 0.458744 0.160938 0.396476 2.000000 0.164062 0.389868 2.000000 0.156250 0.392070 2.000000 0.000000 0.000000 0.000000 0.143750 0.394273 2.000000 0.192188 0.442731 2.000000 0.120313 0.449339 2.000000 0.204687 0.511013 2.000000 0.117188 0.497797 1.000000 0.171875 0.524229 2.000000 0.156250 0.526432 2.000000 0.182812 0.566079 2.000000 0.135937 0.570485 2.000000 0.187500 0.647577 2.000000 0.139063 0.654185 2.000000 0.193750 0.729075 2.000000 0.139063 0.729075 2.000000
0 0.251930 0.511355 0.101797 0.364604 0.248438 0.383260 2.000000 0.254688 0.376652 2.000000 0.242188 0.376652 2.000000 0.000000 0.000000 0.000000 0.000000 0.000000 0.000000 0.279687 0.420705 2.000000 0.220312 0.422907 2.000000 0.300000 0.493392 1.000000 0.201563 0.493392 1.000000 0.000000 0.000000 0.000000 0.212500 0.535242 2.000000 0.282813 0.577093 2.000000 0.234375 0.579295 2.000000 0.281250 0.651982 1.000000 0.239063 0.656388 2.000000 0.282813 0.748899 1.000000 0.240625 0.744493 1.000000
0 0.347844 0.505385 0.089531 0.267247 0.339062 0.425110 2.000000 0.345313 0.414097 2.000000 0.331250 0.418502 2.000000 0.351562 0.414097 2.000000 0.325000 0.418502 2.000000 0.373437 0.462555 2.000000 0.309375 0.462555 2.000000 0.378125 0.535242 2.000000 0.295312 0.528634 1.000000 0.362500 0.570485 2.000000 0.000000 0.000000 0.000000 0.357812 0.590308 2.000000 0.318750 0.592511 1.000000 0.357812 0.669604 1.000000 0.323437 0.674009 1.000000 0.365625 0.762115 1.000000 0.000000 0.000000 0.000000
0 0.430109 0.577610 0.094281 0.398744 0.420312 0.429515 2.000000 0.426563 0.416300 2.000000 0.415625 0.416300 2.000000 0.435937 0.418502 2.000000 0.406250 0.420705 2.000000 0.450000 0.451542 2.000000 0.396875 0.460352 2.000000 0.457813 0.515419 2.000000 0.393750 0.517621 2.000000 0.443750 0.546256 2.000000 0.400000 0.550661 2.000000 0.453125 0.552863 2.000000 0.418750 0.555066 2.000000 0.450000 0.645374 2.000000 0.406250 0.658590 2.000000 0.443750 0.729075 2.000000 0.414062 0.740088 2.000000
0 0.912945 0.618491 0.153172 0.458216 0.896875 0.427313 2.000000 0.901563 0.416300 2.000000 0.890625 0.418502 2.000000 0.910937 0.420705 2.000000 0.881250 0.422907 2.000000 0.931250 0.455947 2.000000 0.867188 0.464758 2.000000 0.973437 0.497797 2.000000 0.839063 0.502203 1.000000 0.953125 0.552863 2.000000 0.842187 0.555066 1.000000 0.912500 0.572687 2.000000 0.882812 0.574890 2.000000 0.951562 0.709251 2.000000 0.879687 0.709251 2.000000 0.939063 0.779736 2.000000 0.885938 0.770925 2.000000
0 0.508141 0.499802 0.097188 0.294934 0.517188 0.409692 2.000000 0.523438 0.400881 2.000000 0.510938 0.400881 2.000000 0.000000 0.000000 0.000000 0.000000 0.000000 0.000000 0.539062 0.455947 2.000000 0.481250 0.451542 2.000000 0.548438 0.517621 2.000000 0.468750 0.511013 2.000000 0.532813 0.548458 1.000000 0.481250 0.548458 2.000000 0.525000 0.572687 1.000000 0.487500 0.570485 2.000000 0.000000 0.000000 0.000000 0.000000 0.000000 0.000000 0.000000 0.000000 0.000000 0.000000 0.000000 0.000000
0 0.703062 0.508744 0.092750 0.267885 0.684375 0.422907 2.000000 0.689063 0.416300 2.000000 0.679688 0.418502 2.000000 0.000000 0.000000 0.000000 0.000000 0.000000 0.000000 0.725000 0.462555 2.000000 0.667188 0.473568 2.000000 0.742188 0.519824 2.000000 0.653125 0.519824 1.000000 0.709375 0.533040 2.000000 0.659375 0.537445 1.000000 0.715625 0.570485 1.000000 0.681250 0.570485 2.000000 0.712500 0.649780 1.000000 0.679688 0.649780 1.000000 0.000000 0.000000 0.000000 0.000000 0.000000 0.000000
0 0.604961 0.583150 0.113172 0.429207 0.601562 0.411894 2.000000 0.607812 0.407489 2.000000 0.595313 0.407489 2.000000 0.000000 0.000000 0.000000 0.000000 0.000000 0.000000 0.635938 0.451542 2.000000 0.571875 0.455947 2.000000 0.653125 0.508811 2.000000 0.560937 0.511013 2.000000 0.632812 0.548458 2.000000 0.562500 0.530837 2.000000 0.626563 0.599119 2.000000 0.589063 0.599119 2.000000 0.631250 0.671806 2.000000 0.592187 0.674009 2.000000 0.628125 0.759912 2.000000 0.593750 0.759912 2.000000
0 0.796812 0.598282 0.099094 0.447621 0.790625 0.431718 2.000000 0.796875 0.422907 2.000000 0.784375 0.425110 2.000000 0.804688 0.427313 2.000000 0.778125 0.429515 2.000000 0.817187 0.475771 2.000000 0.764062 0.475771 2.000000 0.834375 0.522026 2.000000 0.762500 0.541850 2.000000 0.821875 0.568282 2.000000 0.807813 0.548458 2.000000 0.807813 0.607930 2.000000 0.770312 0.607930 2.000000 0.814063 0.698238 2.000000 0.771875 0.696035 2.000000 0.818750 0.779736 2.000000 0.771875 0.775330 2.000000
0 0.709375 0.717280 0.119094 0.318524 0.710938 0.583700 2.000000 0.718750 0.577093 2.000000 0.706250 0.577093 2.000000 0.728125 0.581498 2.000000 0.698438 0.581498 1.000000 0.743750 0.647577 1.000000 0.679688 0.645374 1.000000 0.751563 0.720264 2.000000 0.667188 0.709251 1.000000 0.751563 0.768722 2.000000 0.654687 0.764317 2.000000 0.726562 0.777533 2.000000 0.693750 0.775330 2.000000 0.721875 0.859031 2.000000 0.676562 0.770925 1.000000 0.000000 0.000000 0.000000 0.681250 0.832599 1.000000
