0 0.338770 0.632213 0.269660 0.712373 0.392000 0.418667 2.000000 0.402000 0.389333 1.000000 0.382000 0.392000 2.000000 0.000000 0.000000 0.000000 0.326000 0.389333 2.000000 0.346000 0.541333 2.000000 0.250000 0.498667 2.000000 0.366000 0.680000 2.000000 0.326000 0.650667 2.000000 0.400000 0.698667 2.000000 0.342000 0.480000 2.000000 0.354000 0.944000 2.000000 0.300000 0.957333 2.000000 0.000000 0.000000 0.000000 0.000000 0.000000 0.000000 0.000000 0.000000 0.000000 0.000000 0.000000 0.000000
0 0.689900 0.621333 0.414800 0.733653 0.672000 0.400000 1.000000 0.680000 0.381333 2.000000 0.000000 0.000000 0.000000 0.740000 0.386667 2.000000 0.000000 0.000000 0.000000 0.794000 0.533333 2.000000 0.778000 0.536000 2.000000 0.716000 0.778667 2.000000 0.744000 0.706667 2.000000 0.594000 0.634667 2.000000 0.616000 0.605333 2.000000 0.000000 0.000000 0.000000 0.000000 0.000000 0.000000 0.000000 0.000000 0.000000 0.000000 0.000000 0.000000 0.000000 0.000000 0.000000 0.000000 0.000000 0.000000
0 0.591070 0.495120 0.085540 0.168053 0.590000 0.437333 2.000000 0.596000 0.432000 2.000000 0.590000 0.432000 2.000000 0.610000 0.437333 2.000000 0.000000 0.000000 0.000000 0.618000 0.469333 2.000000 0.586000 0.461333 2.000000 0.598000 0.496000 2.000000 0.574000 0.493333 2.000000 0.570000 0.472000 2.000000 0.560000 0.477333 2.000000 0.606000 0.549333 1.000000 0.580000 0.541333 1.000000 0.000000 0.000000 0.000000 0.000000 0.000000 0.000000 0.000000 0.000000 0.000000 0.000000 0.000000 0.000000
0 0.870810 0.433947 0.100620 0.259253 0.000000 0.000000 0.000000 0.000000 0.000000 0.000000 0.886000 0.362667 2.000000 0.828000 0.365333 2.000000 0.874000 0.365333 2.000000 0.792000 0.437333 1.000000 0.902000 0.458667 2.000000 0.000000 0.000000 0.000000 0.000000 0.000000 0.000000 0.000000 0.000000 0.000000 0.000000 0.000000 0.000000 0.788000 0.656000 1.000000 0.858000 0.674667 1.000000 0.000000 0.000000 0.000000 0.000000 0.000000 0.000000 0.000000 0.000000 0.000000 0.000000 0.000000 0.000000
0 0.425370 0.705387 0.130140 0.588213 0.000000 0.000000 0.000000 0.000000 0.000000 0.000000 0.000000 0.000000 0.000000 0.422000 0.466667 2.000000 0.000000 0.000000 0.000000 0.444000 0.538667 2.000000 0.362000 0.544000 1.000000 0.476000 0.632000 2.000000 0.000000 0.000000 0.000000 0.000000 0.000000 0.000000 0.000000 0.000000 0.000000 0.436000 0.741333 2.000000 0.386000 0.738667 1.000000 0.432000 0.869333 2.000000 0.000000 0.000000 0.000000 0.432000 0.962667 2.000000 0.000000 0.000000 0.000000
0 0.063730 0.757693 0.126260 0.342000 0.030000 0.648000 2.000000 0.036000 0.634667 2.000000 0.024000 0.640000 2.000000 0.052000 0.621333 2.000000 0.016000 0.640000 2.000000 0.108000 0.677333 2.000000 0.000000 0.000000 0.000000 0.000000 0.000000 0.000000 0.000000 0.000000 0.000000 0.000000 0.000000 0.000000 0.000000 0.000000 0.000000 0.000000 0.000000 0.000000 0.000000 0.000000 0.000000 0.000000 0.000000 0.000000 0.000000 0.000000 0.000000 0.000000 0.000000 0.000000 0.000000 0.000000 0.000000
0 0.169600 0.542493 0.077760 0.208613 0.000000 0.000000 0.000000 0.000000 0.000000 0.000000 0.000000 0.000000 0.000000 0.152000 0.464000 2.000000 0.194000 0.472000 2.000000 0.144000 0.509333 2.000000 0.184000 0.520000 2.000000 0.144000 0.584000 2.000000 0.000000 0.000000 0.000000 0.158000 0.613333 2.000000 0.000000 0.000000 0.000000 0.152000 0.581333 2.000000 0.172000 0.576000 1.000000 0.000000 0.000000 0.000000 0.000000 0.000000 0.000000 0.000000 0.000000 0.000000 0.000000 0.000000 0.000000
0 0.175000 0.669147 0.098160 0.217280 0.000000 0.000000 0.000000 0.000000 0.000000 0.000000 0.000000 0.000000 0.000000 0.170000 0.610667 1.000000 0.208000 0.602667 2.000000 0.160000 0.653333 2.000000 0.222000 0.648000 1.000000 0.134000 0.752000 2.000000 0.000000 0.000000 0.000000 0.000000 0.000000 0.000000 0.000000 0.000000 0.000000 0.000000 0.000000 0.000000 0.000000 0.000000 0.000000 0.000000 0.000000 0.000000 0.000000 0.000000 0.000000 0.000000 0.000000 0.000000 0.000000 0.000000 0.000000
0 0.926510 0.681667 0.146980 0.633520 0.000000 0.000000 0.000000 0.000000 0.000000 0.000000 0.000000 0.000000 0.000000 0.000000 0.000000 0.000000 0.958000 0.458667 2.000000 0.904000 0.514667 2.000000 0.928000 0.578667 2.000000 0.000000 0.000000 0.000000 0.000000 0.000000 0.000000 0.000000 0.000000 0.000000 0.000000 0.000000 0.000000 0.000000 0.000000 0.000000 0.000000 0.000000 0.000000 0.000000 0.000000 0.000000 0.000000 0.000000 0.000000 0.000000 0.000000 0.000000 0.000000 0.000000 0.000000
0 0.064050 0.742707 0.128100 0.403973 0.032000 0.645333 2.000000 0.036000 0.634667 2.000000 0.022000 0.640000 2.000000 0.050000 0.626667 2.000000 0.000000 0.000000 0.000000 0.072000 0.621333 2.000000 0.010000 0.688000 2.000000 0.080000 0.549333 2.000000 0.000000 0.000000 0.000000 0.018000 0.592000 2.000000 0.000000 0.000000 0.000000 0.082000 0.736000 2.000000 0.042000 0.754667 2.000000 0.100000 0.776000 2.000000 0.048000 0.821333 2.000000 0.000000 0.000000 0.000000 0.068000 0.914667 2.000000
0 0.086580 0.544187 0.088720 0.224053 0.096000 0.472000 2.000000 0.000000 0.000000 0.000000 0.000000 0.000000 0.000000 0.000000 0.000000 0.000000 0.070000 0.466667 2.000000 0.090000 0.506667 2.000000 0.062000 0.509333 2.000000 0.000000 0.000000 0.000000 0.056000 0.570667 1.000000 0.000000 0.000000 0.000000 0.000000 0.000000 0.000000 0.094000 0.632000 2.000000 0.072000 0.634667 1.000000 0.000000 0.000000 0.000000 0.000000 0.000000 0.000000 0.000000 0.000000 0.000000 0.000000 0.000000 0.000000
