0 0.599797 0.714133 0.174563 0.571733 0.000000 0.000000 0.000000 0.000000 0.000000 0.000000 0.000000 0.000000 0.000000 0.603125 0.491803 2.000000 0.656250 0.517564 2.000000 0.539062 0.578454 2.000000 0.615625 0.592506 2.000000 0.000000 0.000000 0.000000 0.606250 0.770492 2.000000 0.000000 0.000000 0.000000 0.645312 0.901639 2.000000 0.532813 0.894614 2.000000 0.581250 0.903981 2.000000 0.000000 0.000000 0.000000 0.000000 0.000000 0.000000 0.000000 0.000000 0.000000 0.000000 0.000000 0.000000
0 0.244039 0.664649 0.237328 0.648782 0.000000 0.000000 0.000000 0.000000 0.000000 0.000000 0.000000 0.000000 0.000000 0.223438 0.409836 1.000000 0.287500 0.409836 2.000000 0.178125 0.508197 2.000000 0.314063 0.508197 2.000000 0.142187 0.662763 2.000000 0.340625 0.676815 2.000000 0.131250 0.777518 2.000000 0.335938 0.765808 2.000000 0.196875 0.798595 2.000000 0.271875 0.800937 2.000000 0.000000 0.000000 0.000000 0.000000 0.000000 0.000000 0.000000 0.000000 0.000000 0.000000 0.000000 0.000000
0 0.158891 0.484192 0.142156 0.352740 0.214062 0.370023 2.000000 0.220312 0.360656 2.000000 0.203125 0.362998 2.000000 0.000000 0.000000 0.000000 0.181250 0.370023 2.000000 0.235937 0.430913 1.000000 0.148438 0.430913 2.000000 0.000000 0.000000 0.000000 0.100000 0.522248 2.000000 0.000000 0.000000 0.000000 0.156250 0.550351 1.000000 0.198437 0.555035 1.000000 0.150000 0.552693 2.000000 0.000000 0.000000 0.000000 0.118750 0.571429 2.000000 0.000000 0.000000 0.000000 0.176563 0.606557 1.000000
0 0.864047 0.787822 0.126844 0.301218 0.842187 0.730679 1.000000 0.856250 0.714286 2.000000 0.846875 0.711944 2.000000 0.892188 0.725995 2.000000 0.000000 0.000000 0.000000 0.904687 0.805621 2.000000 0.860938 0.782201 2.000000 0.000000 0.000000 0.000000 0.000000 0.000000 0.000000 0.000000 0.000000 0.000000 0.815625 0.920375 2.000000 0.000000 0.000000 0.000000 0.000000 0.000000 0.000000 0.000000 0.000000 0.000000 0.000000 0.000000 0.000000 0.000000 0.000000 0.000000 0.000000 0.000000 0.000000
0 0.357187 0.469532 0.092063 0.340281 0.375000 0.365340 2.000000 0.381250 0.353630 2.000000 0.367188 0.353630 2.000000 0.000000 0.000000 0.000000 0.346875 0.362998 2.000000 0.392188 0.428571 1.000000 0.335938 0.442623 2.000000 0.410938 0.466042 1.000000 0.340625 0.519906 1.000000 0.401562 0.381733 1.000000 0.353125 0.428571 2.000000 0.400000 0.604215 1.000000 0.353125 0.611241 2.000000 0.000000 0.000000 0.000000 0.000000 0.000000 0.000000 0.000000 0.000000 0.000000 0.000000 0.000000 0.000000
0 0.588109 0.395059 0.151562 0.301218 0.603125 0.316159 2.000000 0.607812 0.299766 2.000000 0.593750 0.302108 2.000000 0.000000 0.000000 0.000000 0.568750 0.311475 2.000000 0.623437 0.367681 2.000000 0.556250 0.377049 2.000000 0.657813 0.466042 1.000000 0.512500 0.494145 1.000000 0.000000 0.000000 0.000000 0.570312 0.510539 2.000000 0.623437 0.531616 1.000000 0.565625 0.538642 1.000000 0.000000 0.000000 0.000000 0.000000 0.000000 0.000000 0.000000 0.000000 0.000000 0.000000 0.000000 0.000000
0 0.933742 0.478021 0.132516 0.488501 0.935937 0.304450 2.000000 0.948438 0.295082 2.000000 0.932813 0.292740 2.000000 0.973437 0.306792 2.000000 0.000000 0.000000 0.000000 0.000000 0.000000 0.000000 0.906250 0.365340 2.000000 0.000000 0.000000 0.000000 0.884375 0.466042 2.000000 0.000000 0.000000 0.000000 0.904687 0.543326 2.000000 0.985938 0.585480 2.000000 0.917188 0.585480 1.000000 0.000000 0.000000 0.000000 0.000000 0.000000 0.000000 0.000000 0.000000 0.000000 0.000000 0.000000 0.000000
0 0.947484 0.729391 0.105031 0.332600 0.948438 0.660422 2.000000 0.957812 0.648712 2.000000 0.934375 0.646370 2.000000 0.000000 0.000000 0.000000 0.909375 0.655738 2.000000 0.975000 0.723653 2.000000 0.000000 0.000000 0.000000 0.000000 0.000000 0.000000 0.000000 0.000000 0.000000 0.000000 0.000000 0.000000 0.000000 0.000000 0.000000 0.000000 0.000000 0.000000 0.000000 0.000000 0.000000 0.000000 0.000000 0.000000 0.000000 0.000000 0.000000 0.000000 0.000000 0.000000 0.000000 0.000000 0.000000
0 0.431859 0.662119 0.183312 0.653466 0.460938 0.440281 2.000000 0.473438 0.423888 2.000000 0.450000 0.421546 2.000000 0.489063 0.440281 2.000000 0.431250 0.430913 2.000000 0.504687 0.548009 2.000000 0.410938 0.510539 2.000000 0.507812 0.679157 2.000000 0.387500 0.487119 2.000000 0.510938 0.711944 2.000000 0.393750 0.423888 2.000000 0.479687 0.782201 2.000000 0.425000 0.749415 2.000000 0.000000 0.000000 0.000000 0.000000 0.000000 0.000000 0.000000 0.000000 0.000000 0.000000 0.000000 0.000000
0 0.068359 0.773314 0.133438 0.422225 0.104688 0.625293 2.000000 0.114062 0.615925 2.000000 0.092188 0.615925 2.000000 0.000000 0.000000 0.000000 0.064062 0.641686 1.000000 0.148438 0.740047 1.000000 0.023438 0.742389 2.000000 0.000000 0.000000 0.000000 0.000000 0.000000 0.000000 0.153125 0.798595 1.000000 0.003125 0.831382 1.000000 0.000000 0.000000 0.000000 0.000000 0.000000 0.000000 0.000000 0.000000 0.000000 0.054688 0.932084 2.000000 0.000000 0.000000 0.000000 0.000000 0.000000 0.000000
0 0.770016 0.492939 0.152281 0.557635 0.795312 0.295082 2.000000 0.796875 0.276347 2.000000 0.787500 0.285714 2.000000 0.000000 0.000000 0.000000 0.757812 0.290398 2.000000 0.817187 0.348946 2.000000 0.718750 0.362998 1.000000 0.829688 0.473068 2.000000 0.706250 0.501171 2.000000 0.831250 0.564403 2.000000 0.714063 0.613583 2.000000 0.801562 0.562061 2.000000 0.743750 0.555035 2.000000 0.798438 0.735363 2.000000 0.742188 0.733021 2.000000 0.000000 0.000000 0.000000 0.000000 0.000000 0.000000
