0 0.574977 0.653056 0.178422 0.658431 0.607812 0.400468 2.000000 0.618750 0.384075 2.000000 0.589063 0.386417 2.000000 0.000000 0.000000 0.000000 0.578125 0.400468 2.000000 0.621875 0.501171 2.000000 0.537500 0.517564 2.000000 0.000000 0.000000 0.000000 0.510938 0.693208 2.000000 0.000000 0.000000 0.000000 0.518750 0.873536 2.000000 0.610938 0.789227 2.000000 0.559375 0.786885 2.000000 0.610938 0.957845 2.000000 0.592187 0.960187 2.000000 0.000000 0.000000 0.000000 0.000000 0.000000 0.000000
0 0.479344 0.510984 0.054969 0.266698 0.000000 0.000000 0.000000 0.000000 0.000000 0.000000 0.000000 0.000000 0.000000 0.000000 0.000000 0.000000 0.495312 0.402810 2.000000 0.467187 0.426230 2.000000 0.490625 0.430913 2.000000 0.000000 0.000000 0.000000 0.500000 0.456674 2.000000 0.000000 0.000000 0.000000 0.493750 0.489461 2.000000 0.459375 0.501171 1.000000 0.479687 0.501171 2.000000 0.462500 0.571429 1.000000 0.487500 0.576112 2.000000 0.454688 0.632319 1.000000 0.478125 0.637002 2.000000
0 0.029617 0.485117 0.059234 0.275855 0.000000 0.000000 0.000000 0.000000 0.000000 0.000000 0.000000 0.000000 0.000000 0.028125 0.353630 1.000000 0.000000 0.000000 0.000000 0.014063 0.384075 1.000000 0.051562 0.388759 2.000000 0.009375 0.430913 2.000000 0.000000 0.000000 0.000000 0.000000 0.000000 0.000000 0.000000 0.000000 0.000000 0.017188 0.456674 2.000000 0.043750 0.456674 2.000000 0.012500 0.536300 2.000000 0.040625 0.536300 2.000000 0.006250 0.601874 2.000000 0.043750 0.601874 2.000000
0 0.429547 0.591007 0.088469 0.471897 0.457813 0.402810 1.000000 0.000000 0.000000 0.000000 0.456250 0.393443 2.000000 0.000000 0.000000 0.000000 0.446875 0.388759 2.000000 0.404687 0.433255 2.000000 0.446875 0.444965 2.000000 0.390625 0.508197 2.000000 0.451562 0.522248 2.000000 0.406250 0.548009 2.000000 0.462500 0.585480 2.000000 0.406250 0.573770 2.000000 0.437500 0.578454 2.000000 0.401562 0.674473 2.000000 0.425000 0.683841 2.000000 0.398438 0.768150 2.000000 0.421875 0.789227 2.000000
0 0.688172 0.589883 0.125937 0.478642 0.000000 0.000000 0.000000 0.000000 0.000000 0.000000 0.000000 0.000000 0.000000 0.696875 0.388759 2.000000 0.729688 0.391101 2.000000 0.670312 0.447307 2.000000 0.734375 0.449649 1.000000 0.656250 0.524590 2.000000 0.740625 0.531616 2.000000 0.656250 0.580796 2.000000 0.740625 0.601874 1.000000 0.679688 0.569087 2.000000 0.715625 0.571429 2.000000 0.670312 0.674473 2.000000 0.698438 0.697892 2.000000 0.671875 0.749415 2.000000 0.682813 0.798595 2.000000
0 0.820883 0.535363 0.043484 0.231663 0.000000 0.000000 0.000000 0.000000 0.000000 0.000000 0.000000 0.000000 0.000000 0.821875 0.437939 2.000000 0.000000 0.000000 0.000000 0.815625 0.466042 2.000000 0.842187 0.468384 1.000000 0.806250 0.501171 2.000000 0.000000 0.000000 0.000000 0.000000 0.000000 0.000000 0.000000 0.000000 0.000000 0.815625 0.531616 2.000000 0.832812 0.531616 2.000000 0.806250 0.583138 2.000000 0.826562 0.590164 2.000000 0.801562 0.622951 1.000000 0.826562 0.629977 1.000000
0 0.217398 0.456183 0.062984 0.296628 0.204687 0.346604 2.000000 0.204687 0.339578 2.000000 0.000000 0.000000 0.000000 0.214062 0.339578 2.000000 0.000000 0.000000 0.000000 0.218750 0.360656 2.000000 0.226562 0.360656 2.000000 0.204687 0.395785 2.000000 0.000000 0.000000 0.000000 0.201563 0.372365 1.000000 0.000000 0.000000 0.000000 0.212500 0.442623 2.000000 0.220312 0.440281 2.000000 0.206250 0.517564 2.000000 0.217188 0.517564 2.000000 0.206250 0.585480 2.000000 0.214062 0.583138 2.000000
0 0.116820 0.471382 0.075578 0.311756 0.000000 0.000000 0.000000 0.000000 0.000000 0.000000 0.000000 0.000000 0.000000 0.110937 0.346604 2.000000 0.000000 0.000000 0.000000 0.112500 0.377049 2.000000 0.143750 0.372365 2.000000 0.110937 0.426230 2.000000 0.000000 0.000000 0.000000 0.093750 0.442623 2.000000 0.000000 0.000000 0.000000 0.114062 0.461358 2.000000 0.139063 0.461358 1.000000 0.110937 0.529274 2.000000 0.134375 0.531616 2.000000 0.103125 0.599532 2.000000 0.134375 0.604215 2.000000
0 0.288445 0.449977 0.061984 0.247307 0.000000 0.000000 0.000000 0.000000 0.000000 0.000000 0.000000 0.000000 0.000000 0.000000 0.000000 0.000000 0.000000 0.000000 0.000000 0.267188 0.395785 2.000000 0.315625 0.414520 1.000000 0.253125 0.456674 1.000000 0.000000 0.000000 0.000000 0.000000 0.000000 0.000000 0.000000 0.000000 0.000000 0.270313 0.505855 1.000000 0.301563 0.515222 2.000000 0.276562 0.578454 1.000000 0.307812 0.578454 1.000000 0.000000 0.000000 0.000000 0.000000 0.000000 0.000000
0 0.400648 0.446909 0.048078 0.231991 0.385937 0.365340 1.000000 0.389062 0.360656 2.000000 0.000000 0.000000 0.000000 0.396875 0.367681 2.000000 0.000000 0.000000 0.000000 0.398438 0.400468 2.000000 0.418750 0.400468 2.000000 0.385937 0.468384 2.000000 0.000000 0.000000 0.000000 0.381250 0.505855 2.000000 0.000000 0.000000 0.000000 0.393750 0.501171 1.000000 0.407813 0.501171 1.000000 0.000000 0.000000 0.000000 0.000000 0.000000 0.000000 0.000000 0.000000 0.000000 0.000000 0.000000 0.000000
0 0.971773 0.559895 0.048953 0.382881 0.000000 0.000000 0.000000 0.979688 0.398126 2.000000 0.000000 0.000000 0.000000 0.992188 0.395785 2.000000 0.000000 0.000000 0.000000 0.978125 0.451991 2.000000 0.000000 0.000000 0.000000 0.965625 0.545667 2.000000 0.000000 0.000000 0.000000 0.960938 0.587822 2.000000 0.000000 0.000000 0.000000 0.979688 0.587822 2.000000 0.000000 0.000000 0.000000 0.000000 0.000000 0.000000 0.000000 0.000000 0.000000 0.000000 0.000000 0.000000 0.000000 0.000000 0.000000
