0 0.354773 0.706740 0.203922 0.586521 0.000000 0.000000 0.000000 0.000000 0.000000 0.000000 0.000000 0.000000 0.000000 0.000000 0.000000 0.000000 0.000000 0.000000 0.000000 0.287500 0.552083 2.000000 0.385937 0.556250 2.000000 0.257812 0.650000 2.000000 0.435937 0.675000 2.000000 0.000000 0.000000 0.000000 0.000000 0.000000 0.000000 0.300000 0.745833 2.000000 0.371875 0.756250 2.000000 0.282813 0.945833 2.000000 0.379688 0.952083 2.000000 0.000000 0.000000 0.000000 0.000000 0.000000 0.000000
0 0.582305 0.677156 0.183703 0.514604 0.000000 0.000000 0.000000 0.000000 0.000000 0.000000 0.000000 0.000000 0.000000 0.564063 0.493750 2.000000 0.000000 0.000000 0.000000 0.548438 0.562500 2.000000 0.635938 0.547917 2.000000 0.510938 0.645833 2.000000 0.000000 0.000000 0.000000 0.000000 0.000000 0.000000 0.000000 0.000000 0.000000 0.567187 0.752083 2.000000 0.648438 0.747917 2.000000 0.504687 0.756250 2.000000 0.584375 0.733333 2.000000 0.540625 0.906250 2.000000 0.596875 0.887500 2.000000
0 0.723031 0.607865 0.117969 0.330354 0.671875 0.497917 2.000000 0.682813 0.489583 2.000000 0.000000 0.000000 0.000000 0.701562 0.495833 2.000000 0.000000 0.000000 0.000000 0.695312 0.554167 2.000000 0.750000 0.556250 2.000000 0.692187 0.664583 2.000000 0.000000 0.000000 0.000000 0.654687 0.675000 1.000000 0.000000 0.000000 0.000000 0.709375 0.737500 1.000000 0.743750 0.735417 2.000000 0.000000 0.000000 0.000000 0.000000 0.000000 0.000000 0.665625 0.841667 1.000000 0.714063 0.831250 1.000000
0 0.819117 0.605542 0.135297 0.276458 0.784375 0.510417 2.000000 0.793750 0.502083 2.000000 0.000000 0.000000 0.000000 0.815625 0.514583 2.000000 0.000000 0.000000 0.000000 0.803125 0.556250 2.000000 0.850000 0.552083 2.000000 0.760938 0.606250 1.000000 0.000000 0.000000 0.000000 0.765625 0.543750 2.000000 0.000000 0.000000 0.000000 0.843750 0.720833 2.000000 0.873437 0.716667 2.000000 0.746875 0.700000 1.000000 0.000000 0.000000 0.000000 0.778125 0.808333 1.000000 0.806250 0.810417 1.000000
0 0.895523 0.580708 0.119984 0.269958 0.000000 0.000000 0.000000 0.000000 0.000000 0.000000 0.000000 0.000000 0.000000 0.843750 0.481250 2.000000 0.000000 0.000000 0.000000 0.850000 0.525000 2.000000 0.900000 0.522917 2.000000 0.000000 0.000000 0.000000 0.000000 0.000000 0.000000 0.000000 0.000000 0.000000 0.000000 0.000000 0.000000 0.885938 0.683333 2.000000 0.934375 0.679167 2.000000 0.000000 0.000000 0.000000 0.000000 0.000000 0.000000 0.865625 0.789583 1.000000 0.876563 0.745833 1.000000
0 0.198430 0.654708 0.181609 0.659208 0.000000 0.000000 0.000000 0.000000 0.000000 0.000000 0.000000 0.000000 0.000000 0.000000 0.000000 0.000000 0.000000 0.000000 0.000000 0.154688 0.412500 2.000000 0.256250 0.429167 2.000000 0.000000 0.000000 0.000000 0.279687 0.541667 1.000000 0.000000 0.000000 0.000000 0.000000 0.000000 0.000000 0.150000 0.629167 2.000000 0.229687 0.631250 2.000000 0.178125 0.793750 2.000000 0.217188 0.802083 2.000000 0.193750 0.927083 2.000000 0.203125 0.972917 2.000000
0 0.950570 0.645656 0.098859 0.326521 0.000000 0.000000 0.000000 0.000000 0.000000 0.000000 0.000000 0.000000 0.000000 0.000000 0.000000 0.000000 0.000000 0.000000 0.000000 0.934375 0.545833 2.000000 0.965625 0.539583 2.000000 0.943750 0.616667 1.000000 0.000000 0.000000 0.000000 0.000000 0.000000 0.000000 0.000000 0.000000 0.000000 0.964063 0.675000 2.000000 0.989062 0.664583 2.000000 0.898438 0.675000 1.000000 0.929688 0.672917 1.000000 0.934375 0.772917 2.000000 0.954688 0.764583 2.000000
0 0.046766 0.540135 0.079937 0.289354 0.000000 0.000000 0.000000 0.000000 0.000000 0.000000 0.000000 0.000000 0.000000 0.000000 0.000000 0.000000 0.067187 0.418750 2.000000 0.025000 0.445833 2.000000 0.067187 0.445833 2.000000 0.012500 0.483333 2.000000 0.076563 0.489583 2.000000 0.018750 0.518750 2.000000 0.073438 0.529167 2.000000 0.032813 0.525000 2.000000 0.054688 0.527083 2.000000 0.031250 0.600000 2.000000 0.054688 0.602083 2.000000 0.029687 0.658333 2.000000 0.056250 0.662500 2.000000
0 0.568414 0.423458 0.170203 0.166292 0.579688 0.400000 2.000000 0.587500 0.387500 2.000000 0.575000 0.391667 2.000000 0.600000 0.379167 2.000000 0.000000 0.000000 0.000000 0.615625 0.395833 2.000000 0.575000 0.410417 2.000000 0.639062 0.445833 2.000000 0.531250 0.450000 2.000000 0.642188 0.470833 2.000000 0.500000 0.462500 2.000000 0.621875 0.477083 2.000000 0.595313 0.481250 1.000000 0.000000 0.000000 0.000000 0.000000 0.000000 0.000000 0.000000 0.000000 0.000000 0.000000 0.000000 0.000000
0 0.459648 0.567542 0.096172 0.222083 0.000000 0.000000 0.000000 0.000000 0.000000 0.000000 0.000000 0.000000 0.000000 0.000000 0.000000 0.000000 0.468750 0.510417 2.000000 0.000000 0.000000 0.000000 0.429688 0.531250 2.000000 0.000000 0.000000 0.000000 0.492188 0.627083 2.000000 0.000000 0.000000 0.000000 0.495312 0.537500 2.000000 0.000000 0.000000 0.000000 0.428125 0.702083 1.000000 0.000000 0.000000 0.000000 0.481250 0.737500 1.000000 0.000000 0.000000 0.000000 0.000000 0.000000 0.000000
