0 0.882289 0.663631 0.152391 0.455659 0.864062 0.496957 2.000000 0.873437 0.488844 2.000000 0.854688 0.486815 2.000000 0.000000 0.000000 0.000000 0.845313 0.484787 1.000000 0.898438 0.529412 2.000000 0.817187 0.529412 2.000000 0.901563 0.612576 2.000000 0.821875 0.624746 2.000000 0.895312 0.671400 2.000000 0.856250 0.663286 2.000000 0.885938 0.667343 2.000000 0.826562 0.669371 2.000000 0.934375 0.691684 2.000000 0.846875 0.691684 2.000000 0.940625 0.839757 2.000000 0.853125 0.843813 2.000000
0 0.758281 0.646471 0.167781 0.510345 0.734375 0.456389 2.000000 0.742188 0.444219 2.000000 0.725000 0.446247 2.000000 0.751563 0.444219 2.000000 0.714063 0.446247 2.000000 0.781250 0.507099 2.000000 0.690625 0.519270 2.000000 0.792188 0.604462 2.000000 0.693750 0.602434 2.000000 0.771875 0.659229 2.000000 0.720313 0.657201 2.000000 0.775000 0.669371 2.000000 0.721875 0.669371 2.000000 0.821875 0.685598 2.000000 0.701562 0.687627 2.000000 0.804688 0.864097 2.000000 0.723437 0.866126 2.000000
0 0.627172 0.660619 0.134469 0.476734 0.629687 0.484787 2.000000 0.635938 0.476673 2.000000 0.620313 0.476673 2.000000 0.645312 0.480730 2.000000 0.609375 0.482759 2.000000 0.667188 0.529412 2.000000 0.592187 0.525355 2.000000 0.679688 0.608519 2.000000 0.570312 0.602434 2.000000 0.678125 0.653144 2.000000 0.584375 0.647059 2.000000 0.645312 0.677485 2.000000 0.606250 0.675456 2.000000 0.673438 0.683570 2.000000 0.578125 0.685598 2.000000 0.664062 0.817444 2.000000 0.589063 0.813387 2.000000
0 0.513031 0.635943 0.132156 0.523935 0.510938 0.436105 2.000000 0.518750 0.423935 2.000000 0.503125 0.425963 2.000000 0.532813 0.423935 2.000000 0.492188 0.432049 2.000000 0.559375 0.503043 2.000000 0.473438 0.496957 2.000000 0.556250 0.584178 2.000000 0.473438 0.586207 2.000000 0.531250 0.653144 2.000000 0.492188 0.647059 2.000000 0.546875 0.638945 2.000000 0.484375 0.634888 2.000000 0.548438 0.689655 2.000000 0.473438 0.685598 2.000000 0.542188 0.825558 2.000000 0.473438 0.821501 2.000000
0 0.177430 0.337079 0.164453 0.328073 0.189062 0.239351 2.000000 0.196875 0.227181 2.000000 0.179688 0.227181 2.000000 0.204687 0.233266 2.000000 0.167187 0.231237 2.000000 0.218750 0.300203 2.000000 0.140625 0.302231 2.000000 0.234375 0.389452 1.000000 0.104688 0.395538 2.000000 0.000000 0.000000 0.000000 0.000000 0.000000 0.000000 0.214062 0.470588 2.000000 0.151562 0.470588 1.000000 0.214062 0.584178 1.000000 0.153125 0.582150 1.000000 0.000000 0.000000 0.000000 0.000000 0.000000 0.000000
0 0.260906 0.632262 0.160500 0.498682 0.254688 0.444219 2.000000 0.265625 0.436105 2.000000 0.250000 0.432049 2.000000 0.276562 0.434077 2.000000 0.234375 0.434077 2.000000 0.296875 0.470588 2.000000 0.209375 0.507099 2.000000 0.325000 0.565923 2.000000 0.204687 0.584178 2.000000 0.320312 0.608519 2.000000 0.228125 0.645030 2.000000 0.293750 0.624746 2.000000 0.234375 0.630832 2.000000 0.323437 0.667343 2.000000 0.192188 0.669371 2.000000 0.293750 0.817444 2.000000 0.212500 0.805274 2.000000
0 0.114789 0.639513 0.163734 0.505761 0.128125 0.450304 2.000000 0.134375 0.436105 2.000000 0.117188 0.440162 2.000000 0.146875 0.436105 2.000000 0.104688 0.444219 2.000000 0.185938 0.505071 2.000000 0.079687 0.509128 2.000000 0.189062 0.596349 2.000000 0.073438 0.604462 2.000000 0.150000 0.645030 2.000000 0.101562 0.640974 2.000000 0.160938 0.651116 2.000000 0.093750 0.649087 2.000000 0.167187 0.679513 2.000000 0.056250 0.679513 2.000000 0.168750 0.837728 2.000000 0.059375 0.827586 2.000000
0 0.301375 0.364097 0.145031 0.272860 0.296875 0.294118 2.000000 0.301563 0.279919 2.000000 0.287500 0.283976 2.000000 0.314063 0.275862 2.000000 0.273438 0.286004 2.000000 0.350000 0.350913 2.000000 0.243750 0.367140 2.000000 0.362500 0.430020 2.000000 0.240625 0.460446 1.000000 0.351562 0.496957 1.000000 0.268750 0.533469 1.000000 0.326562 0.515213 1.000000 0.278125 0.521298 1.000000 0.000000 0.000000 0.000000 0.000000 0.000000 0.000000 0.000000 0.000000 0.000000 0.000000 0.000000 0.000000
0 0.440414 0.382201 0.137016 0.278154 0.446875 0.290061 2.000000 0.454688 0.281947 2.000000 0.439063 0.281947 2.000000 0.464062 0.296146 2.000000 0.423438 0.290061 2.000000 0.485938 0.367140 2.000000 0.393750 0.361055 2.000000 0.504687 0.442191 1.000000 0.000000 0.000000 0.000000 0.000000 0.000000 0.000000 0.000000 0.000000 0.000000 0.464062 0.482759 2.000000 0.409375 0.482759 1.000000 0.460938 0.588235 1.000000 0.410938 0.588235 1.000000 0.000000 0.000000 0.000000 0.000000 0.000000 0.000000
0 0.399797 0.618398 0.140688 0.468600 0.396875 0.440162 2.000000 0.404687 0.434077 2.000000 0.389062 0.432049 2.000000 0.000000 0.000000 0.000000 0.373437 0.434077 2.000000 0.437500 0.505071 2.000000 0.350000 0.507099 2.000000 0.456250 0.578093 2.000000 0.337500 0.606491 2.000000 0.448437 0.626775 2.000000 0.354687 0.653144 2.000000 0.423438 0.643002 2.000000 0.371875 0.643002 2.000000 0.445312 0.711968 2.000000 0.353125 0.709939 2.000000 0.412500 0.797160 2.000000 0.384375 0.795132 2.000000
0 0.801469 0.404118 0.131562 0.337079 0.810937 0.294118 2.000000 0.817187 0.288032 2.000000 0.803125 0.288032 2.000000 0.826562 0.294118 2.000000 0.792188 0.290061 2.000000 0.848437 0.363083 2.000000 0.762500 0.359026 2.000000 0.857812 0.446247 2.000000 0.737500 0.442191 1.000000 0.818750 0.448276 2.000000 0.776563 0.448276 1.000000 0.834375 0.521298 1.000000 0.775000 0.521298 1.000000 0.000000 0.000000 0.000000 0.000000 0.000000 0.000000 0.000000 0.000000 0.000000 0.000000 0.000000 0.000000
0 0.675578 0.372606 0.150719 0.289270 0.656250 0.288032 2.000000 0.664062 0.273834 2.000000 0.646875 0.273834 2.000000 0.678125 0.277890 2.000000 0.642188 0.277890 1.000000 0.706250 0.338742 2.000000 0.623437 0.346856 2.000000 0.729688 0.430020 1.000000 0.618750 0.442191 1.000000 0.000000 0.000000 0.000000 0.000000 0.000000 0.000000 0.684375 0.476673 2.000000 0.639062 0.474645 1.000000 0.000000 0.000000 0.000000 0.000000 0.000000 0.000000 0.000000 0.000000 0.000000 0.000000 0.000000 0.000000
0 0.558328 0.383276 0.099625 0.272961 0.553125 0.304260 2.000000 0.560937 0.294118 2.000000 0.543750 0.294118 2.000000 0.570312 0.298174 1.000000 0.532813 0.298174 1.000000 0.592187 0.354970 2.000000 0.518750 0.356998 2.000000 0.609375 0.448276 1.000000 0.509375 0.436105 1.000000 0.000000 0.000000 0.000000 0.000000 0.000000 0.000000 0.582812 0.492901 2.000000 0.537500 0.494929 1.000000 0.590625 0.610548 1.000000 0.546875 0.612576 1.000000 0.000000 0.000000 0.000000 0.000000 0.000000 0.000000
