0 0.360630 0.500711 0.394187 0.842828 0.392276 0.189062 2.000000 0.414634 0.173437 2.000000 0.369919 0.173437 2.000000 0.000000 0.000000 0.000000 0.292683 0.179688 2.000000 0.430894 0.284375 2.000000 0.282520 0.285938 2.000000 0.516260 0.390625 2.000000 0.213415 0.404687 2.000000 0.000000 0.000000 0.000000 0.323171 0.390625 2.000000 0.473577 0.468750 1.000000 0.345528 0.493750 2.000000 0.000000 0.000000 0.000000 0.398374 0.623437 2.000000 0.000000 0.000000 0.000000 0.233740 0.826562 2.000000
0 0.140274 0.385430 0.279939 0.420609 0.000000 0.000000 0.000000 0.000000 0.000000 0.000000 0.000000 0.000000 0.000000 0.123984 0.240625 2.000000 0.219512 0.240625 2.000000 0.093496 0.323437 2.000000 0.288618 0.304688 1.000000 0.046748 0.443750 2.000000 0.000000 0.000000 0.000000 0.030488 0.570312 2.000000 0.000000 0.000000 0.000000 0.142276 0.557813 1.000000 0.268293 0.548438 1.000000 0.000000 0.000000 0.000000 0.000000 0.000000 0.000000 0.000000 0.000000 0.000000 0.000000 0.000000 0.000000
0 0.626585 0.260398 0.179350 0.240172 0.000000 0.000000 0.000000 0.000000 0.000000 0.000000 0.000000 0.000000 0.000000 0.605691 0.210938 2.000000 0.701220 0.201563 2.000000 0.565041 0.262500 2.000000 0.756098 0.257812 1.000000 0.542683 0.373437 2.000000 0.000000 0.000000 0.000000 0.000000 0.000000 0.000000 0.000000 0.000000 0.000000 0.603659 0.445312 1.000000 0.723577 0.446875 1.000000 0.000000 0.000000 0.000000 0.000000 0.000000 0.000000 0.000000 0.000000 0.000000 0.000000 0.000000 0.000000
0 0.846209 0.222727 0.160915 0.191453 0.892276 0.192188 2.000000 0.904472 0.181250 2.000000 0.871951 0.179688 2.000000 0.000000 0.000000 0.000000 0.819106 0.182812 2.000000 0.000000 0.000000 0.000000 0.817073 0.248438 2.000000 0.000000 0.000000 0.000000 0.000000 0.000000 0.000000 0.000000 0.000000 0.000000 0.000000 0.000000 0.000000 0.000000 0.000000 0.000000 0.000000 0.000000 0.000000 0.000000 0.000000 0.000000 0.000000 0.000000 0.000000 0.000000 0.000000 0.000000 0.000000 0.000000 0.000000
0 0.950976 0.450148 0.098049 0.499109 0.000000 0.000000 0.000000 0.900407 0.239063 1.000000 0.000000 0.000000 0.000000 0.926829 0.237500 2.000000 0.000000 0.000000 0.000000 0.945122 0.310937 1.000000 0.983740 0.275000 2.000000 0.000000 0.000000 0.000000 0.000000 0.000000 0.000000 0.000000 0.000000 0.000000 0.000000 0.000000 0.000000 0.000000 0.000000 0.000000 0.000000 0.000000 0.000000 0.000000 0.000000 0.000000 0.000000 0.000000 0.000000 0.000000 0.000000 0.000000 0.000000 0.000000 0.000000
0 0.431230 0.224070 0.083435 0.096203 0.453252 0.217188 2.000000 0.461382 0.214062 2.000000 0.443089 0.209375 2.000000 0.000000 0.000000 0.000000 0.418699 0.212500 1.000000 0.000000 0.000000 0.000000 0.418699 0.246875 2.000000 0.000000 0.000000 0.000000 0.000000 0.000000 0.000000 0.000000 0.000000 0.000000 0.000000 0.000000 0.000000 0.000000 0.000000 0.000000 0.000000 0.000000 0.000000 0.000000 0.000000 0.000000 0.000000 0.000000 0.000000 0.000000 0.000000 0.000000 0.000000 0.000000 0.000000
0 0.545711 0.190922 0.085813 0.166875 0.000000 0.000000 0.000000 0.000000 0.000000 0.000000 0.000000 0.000000 0.000000 0.000000 0.000000 0.000000 0.000000 0.000000 0.000000 0.520325 0.148438 2.000000 0.560976 0.150000 2.000000 0.514228 0.175000 2.000000 0.567073 0.176563 2.000000 0.512195 0.195312 2.000000 0.575203 0.200000 2.000000 0.524390 0.201563 2.000000 0.558943 0.201563 2.000000 0.534553 0.239063 2.000000 0.558943 0.239063 1.000000 0.536585 0.271875 1.000000 0.556911 0.271875 1.000000
0 0.462937 0.150758 0.069329 0.086953 0.000000 0.000000 0.000000 0.000000 0.000000 0.000000 0.000000 0.000000 0.000000 0.000000 0.000000 0.000000 0.000000 0.000000 0.000000 0.436992 0.156250 2.000000 0.473577 0.156250 2.000000 0.000000 0.000000 0.000000 0.481707 0.189062 2.000000 0.000000 0.000000 0.000000 0.000000 0.000000 0.000000 0.000000 0.000000 0.000000 0.000000 0.000000 0.000000 0.000000 0.000000 0.000000 0.000000 0.000000 0.000000 0.000000 0.000000 0.000000 0.000000 0.000000 0.000000
0 0.083730 0.196508 0.050264 0.151516 0.000000 0.000000 0.000000 0.000000 0.000000 0.000000 0.000000 0.000000 0.000000 0.000000 0.000000 0.000000 0.000000 0.000000 0.000000 0.075203 0.148438 2.000000 0.093496 0.146875 2.000000 0.067073 0.171875 2.000000 0.000000 0.000000 0.000000 0.060976 0.190625 2.000000 0.000000 0.000000 0.000000 0.077236 0.196875 2.000000 0.093496 0.195312 2.000000 0.077236 0.228125 2.000000 0.091463 0.228125 2.000000 0.079268 0.260937 2.000000 0.097561 0.262500 2.000000
0 0.207520 0.156727 0.089268 0.134266 0.000000 0.000000 0.000000 0.000000 0.000000 0.000000 0.000000 0.000000 0.000000 0.000000 0.000000 0.000000 0.000000 0.000000 0.000000 0.184959 0.129688 2.000000 0.231707 0.132812 2.000000 0.180894 0.157812 2.000000 0.245935 0.159375 2.000000 0.195122 0.187500 1.000000 0.231707 0.184375 2.000000 0.195122 0.187500 1.000000 0.223577 0.187500 2.000000 0.000000 0.000000 0.000000 0.229675 0.229687 1.000000 0.000000 0.000000 0.000000 0.000000 0.000000 0.000000
