0 0.557578 0.576910 0.845594 0.846179 0.395313 0.323144 2.000000 0.429688 0.299127 2.000000 0.384375 0.275109 2.000000 0.467187 0.310044 2.000000 0.365625 0.270742 2.000000 0.529687 0.412664 2.000000 0.314063 0.460699 2.000000 0.695312 0.441048 2.000000 0.248438 0.591703 2.000000 0.856250 0.397380 2.000000 0.162500 0.709607 2.000000 0.482812 0.825328 2.000000 0.342187 0.847162 2.000000 0.000000 0.000000 0.000000 0.000000 0.000000 0.000000 0.000000 0.000000 0.000000 0.000000 0.000000 0.000000
0 0.811742 0.182849 0.101766 0.268624 0.000000 0.000000 0.000000 0.000000 0.000000 0.000000 0.000000 0.000000 0.000000 0.000000 0.000000 0.000000 0.000000 0.000000 0.000000 0.834375 0.148472 2.000000 0.775000 0.150655 2.000000 0.851562 0.207424 2.000000 0.000000 0.000000 0.000000 0.000000 0.000000 0.000000 0.000000 0.000000 0.000000 0.831250 0.237991 1.000000 0.784375 0.242358 2.000000 0.000000 0.000000 0.000000 0.792188 0.209607 2.000000 0.000000 0.000000 0.000000 0.818750 0.316594 1.000000
0 0.719852 0.208821 0.099391 0.280742 0.000000 0.000000 0.000000 0.000000 0.000000 0.000000 0.000000 0.000000 0.000000 0.000000 0.000000 0.000000 0.000000 0.000000 0.000000 0.729688 0.139738 1.000000 0.687500 0.137555 2.000000 0.000000 0.000000 0.000000 0.689063 0.192140 2.000000 0.000000 0.000000 0.000000 0.726562 0.200873 2.000000 0.732812 0.222707 2.000000 0.700000 0.222707 2.000000 0.750000 0.240175 2.000000 0.718750 0.240175 2.000000 0.745313 0.325328 2.000000 0.740625 0.318777 1.000000
0 0.703563 0.074312 0.107750 0.148319 0.000000 0.000000 0.000000 0.000000 0.000000 0.000000 0.000000 0.000000 0.000000 0.000000 0.000000 0.000000 0.000000 0.000000 0.000000 0.742188 0.061135 2.000000 0.684375 0.058952 2.000000 0.748437 0.109170 2.000000 0.665625 0.100437 2.000000 0.000000 0.000000 0.000000 0.000000 0.000000 0.000000 0.000000 0.000000 0.000000 0.000000 0.000000 0.000000 0.000000 0.000000 0.000000 0.000000 0.000000 0.000000 0.000000 0.000000 0.000000 0.000000 0.000000 0.000000
0 0.247594 0.156867 0.091000 0.196616 0.250000 0.104803 2.000000 0.253125 0.096070 2.000000 0.245312 0.096070 2.000000 0.000000 0.000000 0.000000 0.234375 0.102620 2.000000 0.265625 0.146288 2.000000 0.225000 0.144105 2.000000 0.276562 0.187773 2.000000 0.217188 0.189956 2.000000 0.260937 0.192140 2.000000 0.240625 0.203057 2.000000 0.000000 0.000000 0.000000 0.000000 0.000000 0.000000 0.000000 0.000000 0.000000 0.000000 0.000000 0.000000 0.000000 0.000000 0.000000 0.000000 0.000000 0.000000
0 0.066195 0.111987 0.066359 0.116245 0.078125 0.089520 2.000000 0.084375 0.082969 2.000000 0.073438 0.082969 2.000000 0.000000 0.000000 0.000000 0.000000 0.000000 0.000000 0.098437 0.115721 1.000000 0.050000 0.117904 2.000000 0.000000 0.000000 0.000000 0.046875 0.157205 2.000000 0.089063 0.161572 1.000000 0.068750 0.161572 2.000000 0.090625 0.187773 1.000000 0.060937 0.187773 1.000000 0.000000 0.000000 0.000000 0.000000 0.000000 0.000000 0.000000 0.000000 0.000000 0.000000 0.000000 0.000000
0 0.889281 0.067751 0.097375 0.135502 0.000000 0.000000 0.000000 0.000000 0.000000 0.000000 0.000000 0.000000 0.000000 0.000000 0.000000 0.000000 0.000000 0.000000 0.000000 0.921875 0.058952 1.000000 0.870313 0.061135 2.000000 0.940625 0.117904 1.000000 0.854688 0.120087 2.000000 0.912500 0.115721 2.000000 0.875000 0.113537 2.000000 0.000000 0.000000 0.000000 0.000000 0.000000 0.000000 0.000000 0.000000 0.000000 0.000000 0.000000 0.000000 0.000000 0.000000 0.000000 0.000000 0.000000 0.000000
0 0.430852 0.111157 0.103609 0.138908 0.414062 0.100437 2.000000 0.415625 0.091703 2.000000 0.410938 0.093886 2.000000 0.429688 0.093886 2.000000 0.000000 0.000000 0.000000 0.448437 0.137555 2.000000 0.392188 0.139738 2.000000 0.000000 0.000000 0.000000 0.000000 0.000000 0.000000 0.000000 0.000000 0.000000 0.000000 0.000000 0.000000 0.000000 0.000000 0.000000 0.000000 0.000000 0.000000 0.000000 0.000000 0.000000 0.000000 0.000000 0.000000 0.000000 0.000000 0.000000 0.000000 0.000000 0.000000
0 0.617094 0.186987 0.088969 0.209389 0.000000 0.000000 0.000000 0.000000 0.000000 0.000000 0.000000 0.000000 0.000000 0.000000 0.000000 0.000000 0.000000 0.000000 0.000000 0.629687 0.152838 2.000000 0.589063 0.165939 2.000000 0.642188 0.189956 2.000000 0.592187 0.203057 1.000000 0.000000 0.000000 0.000000 0.000000 0.000000 0.000000 0.635938 0.216157 2.000000 0.610938 0.220524 2.000000 0.643750 0.240175 2.000000 0.606250 0.240175 2.000000 0.646875 0.310044 1.000000 0.603125 0.312227 1.000000
0 0.533328 0.184902 0.087500 0.228362 0.000000 0.000000 0.000000 0.000000 0.000000 0.000000 0.000000 0.000000 0.000000 0.000000 0.000000 0.000000 0.000000 0.000000 0.000000 0.578125 0.155022 1.000000 0.512500 0.128821 2.000000 0.590625 0.207424 1.000000 0.498437 0.172489 2.000000 0.000000 0.000000 0.000000 0.528125 0.159389 2.000000 0.553125 0.222707 2.000000 0.514062 0.209607 2.000000 0.565625 0.259825 1.000000 0.520312 0.240175 2.000000 0.000000 0.000000 0.000000 0.507812 0.303493 1.000000
0 0.601648 0.072675 0.083578 0.145349 0.604688 0.024017 2.000000 0.606250 0.019651 2.000000 0.601562 0.019651 2.000000 0.614062 0.024017 2.000000 0.593750 0.024017 2.000000 0.623437 0.052402 2.000000 0.581250 0.054585 2.000000 0.629687 0.104803 2.000000 0.578125 0.115721 2.000000 0.606250 0.133188 1.000000 0.590625 0.128821 1.000000 0.620313 0.141921 1.000000 0.596875 0.141921 1.000000 0.000000 0.000000 0.000000 0.000000 0.000000 0.000000 0.000000 0.000000 0.000000 0.000000 0.000000 0.000000
