0 0.537883 0.253709 0.109672 0.247465 0.520312 0.169014 2.000000 0.523438 0.159624 2.000000 0.514062 0.159624 2.000000 0.534375 0.164319 2.000000 0.504687 0.169014 1.000000 0.553125 0.208920 2.000000 0.496875 0.220657 2.000000 0.571875 0.255869 2.000000 0.487500 0.274648 2.000000 0.584375 0.305164 2.000000 0.487500 0.328638 2.000000 0.551562 0.349765 1.000000 0.512500 0.352113 1.000000 0.000000 0.000000 0.000000 0.000000 0.000000 0.000000 0.000000 0.000000 0.000000 0.000000 0.000000 0.000000
0 0.272359 0.669495 0.145000 0.333404 0.251563 0.553991 2.000000 0.257812 0.542254 2.000000 0.239063 0.544601 2.000000 0.000000 0.000000 0.000000 0.223438 0.556338 2.000000 0.279687 0.598592 2.000000 0.214062 0.624413 2.000000 0.307812 0.661972 2.000000 0.229687 0.713615 2.000000 0.296875 0.701878 2.000000 0.257812 0.706573 2.000000 0.282813 0.732394 2.000000 0.239063 0.737089 2.000000 0.325000 0.739437 2.000000 0.276562 0.744131 2.000000 0.331250 0.823944 2.000000 0.296875 0.830986 1.000000
0 0.430039 0.403322 0.070453 0.309554 0.428125 0.272300 2.000000 0.432812 0.267606 2.000000 0.423438 0.267606 2.000000 0.440625 0.279343 2.000000 0.000000 0.000000 0.000000 0.450000 0.316901 2.000000 0.409375 0.316901 2.000000 0.459375 0.363850 2.000000 0.403125 0.361502 2.000000 0.460938 0.399061 2.000000 0.398438 0.415493 2.000000 0.446875 0.401408 2.000000 0.418750 0.403756 2.000000 0.448437 0.457746 2.000000 0.412500 0.455399 1.000000 0.453125 0.523474 2.000000 0.409375 0.521127 1.000000
0 0.683320 0.355962 0.061391 0.273615 0.679688 0.248826 2.000000 0.684375 0.244131 2.000000 0.675000 0.244131 2.000000 0.692187 0.246479 2.000000 0.668750 0.248826 2.000000 0.698438 0.281690 2.000000 0.667188 0.286385 2.000000 0.707812 0.333333 2.000000 0.664062 0.338028 2.000000 0.712500 0.370892 2.000000 0.660937 0.382629 2.000000 0.698438 0.370892 2.000000 0.675000 0.373239 2.000000 0.696875 0.431925 2.000000 0.678125 0.431925 2.000000 0.700000 0.490610 1.000000 0.681250 0.488263 2.000000
0 0.819430 0.233134 0.068047 0.119272 0.818750 0.204225 2.000000 0.821875 0.199531 2.000000 0.812500 0.199531 2.000000 0.826562 0.201878 2.000000 0.807813 0.204225 1.000000 0.834375 0.230047 2.000000 0.795312 0.232394 2.000000 0.000000 0.000000 0.000000 0.000000 0.000000 0.000000 0.000000 0.000000 0.000000 0.000000 0.000000 0.000000 0.000000 0.000000 0.000000 0.000000 0.000000 0.000000 0.000000 0.000000 0.000000 0.000000 0.000000 0.000000 0.000000 0.000000 0.000000 0.000000 0.000000 0.000000
0 0.611250 0.339085 0.050500 0.244460 0.609375 0.246479 2.000000 0.614062 0.241784 2.000000 0.603125 0.241784 2.000000 0.618750 0.241784 2.000000 0.598437 0.241784 2.000000 0.626563 0.279343 2.000000 0.595313 0.274648 2.000000 0.000000 0.000000 0.000000 0.000000 0.000000 0.000000 0.000000 0.000000 0.000000 0.000000 0.000000 0.000000 0.620313 0.359155 2.000000 0.595313 0.359155 1.000000 0.000000 0.000000 0.000000 0.596875 0.424883 1.000000 0.000000 0.000000 0.000000 0.000000 0.000000 0.000000
0 0.263687 0.350587 0.042625 0.258732 0.268750 0.246479 2.000000 0.273438 0.241784 2.000000 0.264062 0.239437 2.000000 0.000000 0.000000 0.000000 0.000000 0.000000 0.000000 0.285938 0.286385 1.000000 0.253125 0.279343 2.000000 0.000000 0.000000 0.000000 0.248438 0.314554 2.000000 0.000000 0.000000 0.000000 0.246875 0.342723 2.000000 0.275000 0.366197 1.000000 0.254688 0.366197 2.000000 0.000000 0.000000 0.000000 0.260937 0.422535 2.000000 0.000000 0.000000 0.000000 0.000000 0.000000 0.000000
0 0.285156 0.353873 0.045281 0.239859 0.289062 0.272300 2.000000 0.292187 0.265258 2.000000 0.284375 0.265258 2.000000 0.296875 0.260563 2.000000 0.279687 0.260563 2.000000 0.304688 0.288732 2.000000 0.275000 0.291080 2.000000 0.000000 0.000000 0.000000 0.270313 0.335681 2.000000 0.000000 0.000000 0.000000 0.265625 0.380282 2.000000 0.296875 0.370892 1.000000 0.278125 0.373239 2.000000 0.293750 0.441315 1.000000 0.282813 0.446009 2.000000 0.000000 0.000000 0.000000 0.000000 0.000000 0.000000
0 0.745188 0.346596 0.092156 0.247606 0.729688 0.246479 2.000000 0.732812 0.244131 2.000000 0.723437 0.244131 2.000000 0.737500 0.241784 2.000000 0.717187 0.244131 2.000000 0.751563 0.281690 2.000000 0.709375 0.286385 2.000000 0.757812 0.326291 2.000000 0.000000 0.000000 0.000000 0.768750 0.366197 1.000000 0.000000 0.000000 0.000000 0.745313 0.354460 2.000000 0.720313 0.359155 2.000000 0.751563 0.424883 2.000000 0.726562 0.422535 2.000000 0.759375 0.471831 1.000000 0.734375 0.485915 1.000000
0 0.318328 0.396890 0.067000 0.311291 0.315625 0.276995 2.000000 0.320312 0.269953 2.000000 0.314063 0.269953 2.000000 0.329688 0.272300 2.000000 0.307812 0.272300 1.000000 0.339062 0.319249 2.000000 0.300000 0.319249 2.000000 0.342187 0.359155 2.000000 0.296875 0.361502 2.000000 0.329688 0.408451 2.000000 0.289062 0.401408 2.000000 0.328125 0.401408 2.000000 0.304688 0.401408 2.000000 0.328125 0.464789 2.000000 0.301563 0.460094 2.000000 0.326562 0.528169 2.000000 0.298438 0.525822 1.000000
0 0.639195 0.390728 0.049297 0.172300 0.632812 0.342723 2.000000 0.635938 0.335681 2.000000 0.628125 0.335681 2.000000 0.643750 0.338028 2.000000 0.623437 0.342723 2.000000 0.650000 0.363850 2.000000 0.617188 0.366197 2.000000 0.000000 0.000000 0.000000 0.000000 0.000000 0.000000 0.000000 0.000000 0.000000 0.000000 0.000000 0.000000 0.645312 0.422535 2.000000 0.625000 0.422535 2.000000 0.643750 0.476526 1.000000 0.625000 0.474178 2.000000 0.000000 0.000000 0.000000 0.000000 0.000000 0.000000
