0 0.825414 0.453825 0.056672 0.232816 0.820312 0.366990 2.000000 0.823438 0.363107 2.000000 0.814063 0.363107 2.000000 0.829688 0.365049 2.000000 0.000000 0.000000 0.000000 0.840625 0.390291 2.000000 0.803125 0.394175 1.000000 0.850000 0.429126 1.000000 0.803125 0.427184 2.000000 0.832812 0.454369 2.000000 0.815625 0.454369 2.000000 0.829688 0.467961 2.000000 0.810937 0.467961 2.000000 0.832812 0.532039 2.000000 0.807813 0.528155 2.000000 0.834375 0.572816 1.000000 0.807813 0.568932 1.000000
0 0.051305 0.506932 0.073797 0.288583 0.054688 0.390291 2.000000 0.059375 0.382524 2.000000 0.053125 0.380583 2.000000 0.000000 0.000000 0.000000 0.043750 0.382524 2.000000 0.071875 0.427184 2.000000 0.031250 0.427184 1.000000 0.000000 0.000000 0.000000 0.020313 0.475728 1.000000 0.000000 0.000000 0.000000 0.025000 0.508738 2.000000 0.068750 0.495146 2.000000 0.032813 0.497087 2.000000 0.062500 0.566990 2.000000 0.032813 0.572816 2.000000 0.064062 0.629126 2.000000 0.026562 0.631068 2.000000
0 0.138672 0.429398 0.066187 0.243845 0.148438 0.347573 2.000000 0.153125 0.339806 2.000000 0.145313 0.337864 2.000000 0.000000 0.000000 0.000000 0.131250 0.347573 2.000000 0.157812 0.374757 2.000000 0.125000 0.372816 2.000000 0.000000 0.000000 0.000000 0.115625 0.411650 2.000000 0.000000 0.000000 0.000000 0.114062 0.444660 2.000000 0.157812 0.444660 1.000000 0.131250 0.444660 2.000000 0.160938 0.500971 1.000000 0.126562 0.500971 2.000000 0.164062 0.537864 1.000000 0.123438 0.543689 2.000000
0 0.177148 0.442835 0.091297 0.221049 0.175000 0.363107 2.000000 0.179688 0.355340 2.000000 0.171875 0.355340 2.000000 0.185938 0.361165 2.000000 0.162500 0.359223 2.000000 0.195312 0.401942 2.000000 0.146875 0.398058 2.000000 0.198437 0.440777 2.000000 0.137500 0.440777 2.000000 0.000000 0.000000 0.000000 0.000000 0.000000 0.000000 0.185938 0.493204 2.000000 0.154688 0.491262 2.000000 0.185938 0.549515 2.000000 0.150000 0.553398 1.000000 0.000000 0.000000 0.000000 0.000000 0.000000 0.000000
0 0.223828 0.444204 0.047750 0.206583 0.217188 0.365049 2.000000 0.221875 0.357282 2.000000 0.210938 0.357282 1.000000 0.228125 0.357282 1.000000 0.209375 0.361165 1.000000 0.240625 0.384466 2.000000 0.204687 0.386408 2.000000 0.245312 0.423301 1.000000 0.203125 0.417476 2.000000 0.242188 0.448544 1.000000 0.212500 0.388350 2.000000 0.237500 0.444660 1.000000 0.212500 0.444660 1.000000 0.228125 0.500971 2.000000 0.214062 0.502913 2.000000 0.225000 0.541748 2.000000 0.217188 0.543689 1.000000
0 0.278813 0.442573 0.059219 0.216680 0.276562 0.359223 2.000000 0.279687 0.353398 2.000000 0.271875 0.351456 2.000000 0.284375 0.357282 2.000000 0.268750 0.353398 2.000000 0.287500 0.394175 1.000000 0.259375 0.390291 2.000000 0.290625 0.417476 2.000000 0.000000 0.000000 0.000000 0.000000 0.000000 0.000000 0.000000 0.000000 0.000000 0.279687 0.454369 2.000000 0.260937 0.452427 1.000000 0.275000 0.506796 1.000000 0.000000 0.000000 0.000000 0.268750 0.553398 1.000000 0.000000 0.000000 0.000000
0 0.250750 0.488136 0.060844 0.117903 0.000000 0.000000 0.000000 0.000000 0.000000 0.000000 0.000000 0.000000 0.000000 0.000000 0.000000 0.000000 0.000000 0.000000 0.000000 0.268750 0.444660 2.000000 0.229687 0.442718 2.000000 0.270313 0.469903 2.000000 0.220312 0.473786 1.000000 0.276562 0.499029 2.000000 0.231250 0.481553 2.000000 0.257812 0.504854 2.000000 0.240625 0.504854 2.000000 0.256250 0.553398 1.000000 0.237500 0.553398 1.000000 0.000000 0.000000 0.000000 0.000000 0.000000 0.000000
0 0.098023 0.445689 0.062828 0.239417 0.084375 0.361165 2.000000 0.087500 0.353398 2.000000 0.081250 0.355340 2.000000 0.093750 0.355340 2.000000 0.075000 0.357282 2.000000 0.098437 0.388350 2.000000 0.067187 0.390291 1.000000 0.101562 0.407767 2.000000 0.057813 0.425243 1.000000 0.104688 0.436893 2.000000 0.068750 0.466019 1.000000 0.093750 0.448544 2.000000 0.000000 0.000000 0.000000 0.000000 0.000000 0.000000 0.000000 0.000000 0.000000 0.000000 0.000000 0.000000 0.000000 0.000000 0.000000
0 0.303891 0.481505 0.040531 0.139243 0.300000 0.425243 2.000000 0.301563 0.421359 2.000000 0.296875 0.421359 2.000000 0.304688 0.423301 2.000000 0.000000 0.000000 0.000000 0.310937 0.442718 2.000000 0.290625 0.440777 1.000000 0.317188 0.469903 2.000000 0.000000 0.000000 0.000000 0.000000 0.000000 0.000000 0.000000 0.000000 0.000000 0.309375 0.481553 2.000000 0.292187 0.479612 2.000000 0.306250 0.512621 2.000000 0.292187 0.512621 2.000000 0.309375 0.547573 2.000000 0.292187 0.547573 2.000000
0 0.868828 0.458340 0.052531 0.199786 0.862500 0.386408 2.000000 0.865625 0.382524 2.000000 0.859375 0.382524 2.000000 0.871875 0.384466 2.000000 0.000000 0.000000 0.000000 0.878125 0.407767 2.000000 0.851562 0.407767 1.000000 0.884375 0.440777 1.000000 0.000000 0.000000 0.000000 0.882812 0.460194 2.000000 0.000000 0.000000 0.000000 0.873437 0.456311 2.000000 0.854688 0.456311 2.000000 0.875000 0.491262 2.000000 0.851562 0.497087 2.000000 0.881250 0.543689 2.000000 0.850000 0.537864 2.000000
