0 0.102461 0.632019 0.106203 0.134836 0.101562 0.636150 2.000000 0.109375 0.626761 2.000000 0.092188 0.629108 2.000000 0.118750 0.629108 2.000000 0.084375 0.636150 2.000000 0.132812 0.673709 2.000000 0.064062 0.692488 2.000000 0.000000 0.000000 0.000000 0.000000 0.000000 0.000000 0.000000 0.000000 0.000000 0.000000 0.000000 0.000000 0.000000 0.000000 0.000000 0.000000 0.000000 0.000000 0.000000 0.000000 0.000000 0.000000 0.000000 0.000000 0.000000 0.000000 0.000000 0.000000 0.000000 0.000000
0 0.591578 0.500000 0.432281 1.000000 0.529687 0.072770 2.000000 0.000000 0.000000 0.000000 0.517188 0.058685 2.000000 0.000000 0.000000 0.000000 0.473438 0.014085 2.000000 0.420312 0.129108 2.000000 0.489063 0.166667 2.000000 0.000000 0.000000 0.000000 0.590625 0.316901 2.000000 0.000000 0.000000 0.000000 0.701562 0.227700 2.000000 0.504687 0.563380 2.000000 0.478125 0.563380 2.000000 0.618750 0.880282 2.000000 0.462500 0.922535 2.000000 0.000000 0.000000 0.000000 0.000000 0.000000 0.000000
0 0.934070 0.460786 0.073797 0.150681 0.929688 0.429577 2.000000 0.937500 0.420188 2.000000 0.918750 0.422535 2.000000 0.000000 0.000000 0.000000 0.901563 0.424883 2.000000 0.956250 0.469484 2.000000 0.000000 0.000000 0.000000 0.000000 0.000000 0.000000 0.000000 0.000000 0.000000 0.000000 0.000000 0.000000 0.000000 0.000000 0.000000 0.000000 0.000000 0.000000 0.000000 0.000000 0.000000 0.000000 0.000000 0.000000 0.000000 0.000000 0.000000 0.000000 0.000000 0.000000 0.000000 0.000000 0.000000
0 0.966406 0.355610 0.066281 0.156901 0.970313 0.328638 2.000000 0.976562 0.316901 2.000000 0.964063 0.319249 2.000000 0.982812 0.321596 2.000000 0.951562 0.326291 2.000000 0.995313 0.363850 2.000000 0.943750 0.361502 2.000000 0.000000 0.000000 0.000000 0.000000 0.000000 0.000000 0.000000 0.000000 0.000000 0.000000 0.000000 0.000000 0.000000 0.000000 0.000000 0.000000 0.000000 0.000000 0.000000 0.000000 0.000000 0.000000 0.000000 0.000000 0.000000 0.000000 0.000000 0.000000 0.000000 0.000000
0 0.898789 0.372183 0.074578 0.124225 0.912500 0.354460 2.000000 0.915625 0.345070 2.000000 0.903125 0.347418 2.000000 0.920312 0.356808 2.000000 0.893750 0.356808 2.000000 0.926562 0.384977 1.000000 0.885938 0.389671 2.000000 0.000000 0.000000 0.000000 0.865625 0.441315 1.000000 0.000000 0.000000 0.000000 0.000000 0.000000 0.000000 0.000000 0.000000 0.000000 0.000000 0.000000 0.000000 0.000000 0.000000 0.000000 0.000000 0.000000 0.000000 0.000000 0.000000 0.000000 0.000000 0.000000 0.000000
0 0.739203 0.294484 0.101656 0.130469 0.734375 0.255869 2.000000 0.742188 0.248826 2.000000 0.728125 0.248826 2.000000 0.750000 0.251174 2.000000 0.720313 0.258216 1.000000 0.771875 0.293427 2.000000 0.703125 0.298122 2.000000 0.785937 0.349765 1.000000 0.684375 0.356808 1.000000 0.000000 0.000000 0.000000 0.000000 0.000000 0.000000 0.757812 0.408451 1.000000 0.712500 0.408451 1.000000 0.000000 0.000000 0.000000 0.000000 0.000000 0.000000 0.000000 0.000000 0.000000 0.000000 0.000000 0.000000
0 0.183398 0.597207 0.137516 0.208357 0.157812 0.551643 2.000000 0.165625 0.539906 2.000000 0.148438 0.539906 2.000000 0.000000 0.000000 0.000000 0.134375 0.551643 2.000000 0.182812 0.589202 2.000000 0.126562 0.605634 2.000000 0.235937 0.629108 2.000000 0.000000 0.000000 0.000000 0.225000 0.704225 1.000000 0.000000 0.000000 0.000000 0.182812 0.718310 1.000000 0.140625 0.720657 1.000000 0.000000 0.000000 0.000000 0.000000 0.000000 0.000000 0.000000 0.000000 0.000000 0.000000 0.000000 0.000000
0 0.270742 0.559554 0.116672 0.265164 0.260937 0.464789 2.000000 0.259375 0.457746 2.000000 0.251563 0.457746 2.000000 0.000000 0.000000 0.000000 0.235937 0.467136 2.000000 0.265625 0.509390 2.000000 0.223438 0.518779 2.000000 0.314063 0.558685 2.000000 0.220312 0.586854 1.000000 0.282813 0.582160 2.000000 0.000000 0.000000 0.000000 0.268750 0.629108 2.000000 0.235937 0.633803 1.000000 0.287500 0.673709 1.000000 0.000000 0.000000 0.000000 0.000000 0.000000 0.000000 0.000000 0.000000 0.000000
0 0.394461 0.625023 0.091359 0.125446 0.398438 0.615023 2.000000 0.406250 0.607981 2.000000 0.387500 0.610329 2.000000 0.412500 0.617371 2.000000 0.378125 0.622066 2.000000 0.431250 0.671362 2.000000 0.364063 0.669014 2.000000 0.000000 0.000000 0.000000 0.000000 0.000000 0.000000 0.000000 0.000000 0.000000 0.000000 0.000000 0.000000 0.000000 0.000000 0.000000 0.000000 0.000000 0.000000 0.000000 0.000000 0.000000 0.000000 0.000000 0.000000 0.000000 0.000000 0.000000 0.000000 0.000000 0.000000
0 0.587656 0.510117 0.073531 0.119249 0.579688 0.509390 2.000000 0.582812 0.500000 2.000000 0.571875 0.500000 2.000000 0.590625 0.502347 2.000000 0.560937 0.504695 2.000000 0.604688 0.542254 2.000000 0.553125 0.544601 1.000000 0.000000 0.000000 0.000000 0.000000 0.000000 0.000000 0.000000 0.000000 0.000000 0.000000 0.000000 0.000000 0.000000 0.000000 0.000000 0.000000 0.000000 0.000000 0.000000 0.000000 0.000000 0.000000 0.000000 0.000000 0.000000 0.000000 0.000000 0.000000 0.000000 0.000000
0 0.947984 0.598873 0.104031 0.146056 0.957812 0.575117 2.000000 0.965625 0.565728 2.000000 0.951562 0.565728 2.000000 0.973437 0.570423 2.000000 0.937500 0.572770 2.000000 0.985938 0.626761 2.000000 0.918750 0.638498 2.000000 0.000000 0.000000 0.000000 0.000000 0.000000 0.000000 0.000000 0.000000 0.000000 0.000000 0.000000 0.000000 0.000000 0.000000 0.000000 0.000000 0.000000 0.000000 0.000000 0.000000 0.000000 0.000000 0.000000 0.000000 0.000000 0.000000 0.000000 0.000000 0.000000 0.000000
0 0.639383 0.477829 0.092078 0.162465 0.626563 0.434272 2.000000 0.631250 0.427230 2.000000 0.620313 0.424883 2.000000 0.639062 0.436620 2.000000 0.610938 0.441315 2.000000 0.660937 0.483568 2.000000 0.587500 0.485915 1.000000 0.671875 0.556338 1.000000 0.000000 0.000000 0.000000 0.000000 0.000000 0.000000 0.000000 0.000000 0.000000 0.000000 0.000000 0.000000 0.000000 0.000000 0.000000 0.000000 0.000000 0.000000 0.000000 0.000000 0.000000 0.000000 0.000000 0.000000 0.000000 0.000000 0.000000
0 0.663414 0.588815 0.085172 0.167394 0.656250 0.546948 2.000000 0.662500 0.535211 2.000000 0.650000 0.539906 2.000000 0.673438 0.546948 1.000000 0.639062 0.546948 2.000000 0.689063 0.622066 2.000000 0.614062 0.600939 1.000000 0.685937 0.715962 1.000000 0.598437 0.685446 1.000000 0.000000 0.000000 0.000000 0.000000 0.000000 0.000000 0.660937 0.730047 1.000000 0.620313 0.723005 1.000000 0.000000 0.000000 0.000000 0.000000 0.000000 0.000000 0.000000 0.000000 0.000000 0.000000 0.000000 0.000000
