0 0.468875 0.539589 0.059906 0.257254 0.471875 0.427230 2.000000 0.000000 0.000000 0.000000 0.467187 0.422535 2.000000 0.000000 0.000000 0.000000 0.459375 0.424883 2.000000 0.473438 0.450704 2.000000 0.451562 0.448357 1.000000 0.000000 0.000000 0.000000 0.462500 0.474178 2.000000 0.000000 0.000000 0.000000 0.482812 0.460094 2.000000 0.462500 0.502347 1.000000 0.446875 0.502347 1.000000 0.462500 0.582160 2.000000 0.442188 0.572770 2.000000 0.462500 0.636150 2.000000 0.434375 0.629108 1.000000
0 0.304586 0.466103 0.089141 0.165164 0.000000 0.000000 0.000000 0.000000 0.000000 0.000000 0.307812 0.415493 2.000000 0.282813 0.420188 2.000000 0.303125 0.420188 2.000000 0.270313 0.457746 2.000000 0.320312 0.455399 2.000000 0.000000 0.000000 0.000000 0.337500 0.497653 2.000000 0.000000 0.000000 0.000000 0.335938 0.481221 2.000000 0.279687 0.558685 1.000000 0.314063 0.558685 1.000000 0.298438 0.525822 1.000000 0.332813 0.525822 2.000000 0.293750 0.626761 1.000000 0.000000 0.000000 0.000000
0 0.438992 0.554049 0.081047 0.247160 0.000000 0.000000 0.000000 0.000000 0.000000 0.000000 0.000000 0.000000 0.000000 0.000000 0.000000 0.000000 0.443750 0.455399 2.000000 0.418750 0.469484 2.000000 0.446875 0.485915 2.000000 0.409375 0.497653 2.000000 0.456250 0.514085 2.000000 0.407813 0.521127 2.000000 0.471875 0.497653 2.000000 0.409375 0.532864 2.000000 0.428125 0.537559 2.000000 0.421875 0.598592 2.000000 0.434375 0.598592 1.000000 0.421875 0.657277 2.000000 0.435937 0.659624 2.000000
0 0.779070 0.805305 0.178797 0.365681 0.000000 0.000000 0.000000 0.000000 0.000000 0.000000 0.817187 0.744131 1.000000 0.000000 0.000000 0.000000 0.782813 0.737089 2.000000 0.814063 0.826291 1.000000 0.737500 0.903756 2.000000 0.000000 0.000000 0.000000 0.000000 0.000000 0.000000 0.000000 0.000000 0.000000 0.000000 0.000000 0.000000 0.000000 0.000000 0.000000 0.000000 0.000000 0.000000 0.000000 0.000000 0.000000 0.000000 0.000000 0.000000 0.000000 0.000000 0.000000 0.000000 0.000000 0.000000
0 0.626844 0.837641 0.128375 0.324718 0.000000 0.000000 0.000000 0.000000 0.000000 0.000000 0.000000 0.000000 0.000000 0.595313 0.744131 2.000000 0.640625 0.744131 2.000000 0.573438 0.812207 1.000000 0.668750 0.830986 2.000000 0.000000 0.000000 0.000000 0.000000 0.000000 0.000000 0.000000 0.000000 0.000000 0.000000 0.000000 0.000000 0.000000 0.000000 0.000000 0.000000 0.000000 0.000000 0.000000 0.000000 0.000000 0.000000 0.000000 0.000000 0.000000 0.000000 0.000000 0.000000 0.000000 0.000000
0 0.514094 0.550129 0.070813 0.237160 0.510938 0.450704 2.000000 0.512500 0.446009 2.000000 0.507812 0.446009 2.000000 0.518750 0.446009 2.000000 0.000000 0.000000 0.000000 0.528125 0.471831 2.000000 0.498437 0.471831 1.000000 0.000000 0.000000 0.000000 0.484375 0.497653 2.000000 0.000000 0.000000 0.000000 0.471875 0.490610 1.000000 0.520312 0.532864 2.000000 0.507812 0.537559 2.000000 0.525000 0.593897 2.000000 0.509375 0.591549 2.000000 0.531250 0.629108 1.000000 0.512500 0.638498 1.000000
0 0.538336 0.556033 0.049016 0.246150 0.532813 0.453052 2.000000 0.532813 0.448357 2.000000 0.000000 0.000000 0.000000 0.539062 0.453052 2.000000 0.000000 0.000000 0.000000 0.540625 0.485915 2.000000 0.548438 0.474178 2.000000 0.546875 0.521127 2.000000 0.534375 0.490610 2.000000 0.539062 0.551643 2.000000 0.525000 0.469484 1.000000 0.539062 0.544601 2.000000 0.550000 0.539906 2.000000 0.529687 0.598592 2.000000 0.548438 0.598592 2.000000 0.532813 0.664319 2.000000 0.554688 0.657277 2.000000
0 0.533992 0.844941 0.116672 0.287629 0.584375 0.807512 2.000000 0.585938 0.781690 2.000000 0.567187 0.791080 2.000000 0.000000 0.000000 0.000000 0.531250 0.795775 2.000000 0.000000 0.000000 0.000000 0.531250 0.877934 2.000000 0.000000 0.000000 0.000000 0.000000 0.000000 0.000000 0.000000 0.000000 0.000000 0.000000 0.000000 0.000000 0.000000 0.000000 0.000000 0.000000 0.000000 0.000000 0.000000 0.000000 0.000000 0.000000 0.000000 0.000000 0.000000 0.000000 0.000000 0.000000 0.000000 0.000000
0 0.354031 0.832770 0.176531 0.334460 0.417187 0.896714 2.000000 0.000000 0.000000 0.000000 0.410938 0.854460 2.000000 0.000000 0.000000 0.000000 0.359375 0.830986 2.000000 0.000000 0.000000 0.000000 0.000000 0.000000 0.000000 0.000000 0.000000 0.000000 0.000000 0.000000 0.000000 0.000000 0.000000 0.000000 0.000000 0.000000 0.000000 0.000000 0.000000 0.000000 0.000000 0.000000 0.000000 0.000000 0.000000 0.000000 0.000000 0.000000 0.000000 0.000000 0.000000 0.000000 0.000000 0.000000 0.000000
0 0.749172 0.661561 0.059906 0.164343 0.750000 0.612676 2.000000 0.751563 0.607981 2.000000 0.745313 0.607981 2.000000 0.762500 0.610329 2.000000 0.000000 0.000000 0.000000 0.773438 0.647887 2.000000 0.732812 0.645540 2.000000 0.778125 0.680751 1.000000 0.729688 0.685446 2.000000 0.000000 0.000000 0.000000 0.735938 0.715962 2.000000 0.765625 0.734742 1.000000 0.735938 0.732394 2.000000 0.000000 0.000000 0.000000 0.000000 0.000000 0.000000 0.000000 0.000000 0.000000 0.000000 0.000000 0.000000
