0 0.397313 0.515877 0.642219 0.941850 0.431250 0.279383 2.000000 0.000000 0.000000 0.000000 0.412500 0.265896 2.000000 0.000000 0.000000 0.000000 0.382812 0.319846 2.000000 0.284375 0.441233 2.000000 0.453125 0.383430 2.000000 0.187500 0.527938 2.000000 0.564063 0.260116 2.000000 0.115625 0.578035 2.000000 0.617188 0.113680 2.000000 0.340625 0.757225 2.000000 0.435937 0.753372 2.000000 0.000000 0.000000 0.000000 0.000000 0.000000 0.000000 0.000000 0.000000 0.000000 0.000000 0.000000 0.000000
0 0.687461 0.321609 0.137391 0.165530 0.690625 0.289017 2.000000 0.695312 0.283237 2.000000 0.682813 0.285164 2.000000 0.706250 0.290944 2.000000 0.671875 0.298651 2.000000 0.731250 0.335260 2.000000 0.651563 0.344894 2.000000 0.000000 0.000000 0.000000 0.000000 0.000000 0.000000 0.000000 0.000000 0.000000 0.000000 0.000000 0.000000 0.718750 0.425819 1.000000 0.673438 0.425819 1.000000 0.000000 0.000000 0.000000 0.000000 0.000000 0.000000 0.000000 0.000000 0.000000 0.000000 0.000000 0.000000
0 0.190695 0.212023 0.145453 0.181618 0.184375 0.157996 2.000000 0.187500 0.152216 2.000000 0.179688 0.152216 2.000000 0.201563 0.154143 2.000000 0.168750 0.154143 2.000000 0.217188 0.196532 2.000000 0.162500 0.194605 2.000000 0.242188 0.236994 2.000000 0.145313 0.240848 2.000000 0.231250 0.260116 2.000000 0.159375 0.271676 2.000000 0.214062 0.283237 1.000000 0.171875 0.283237 1.000000 0.000000 0.000000 0.000000 0.000000 0.000000 0.000000 0.000000 0.000000 0.000000 0.000000 0.000000 0.000000
0 0.833461 0.158651 0.153016 0.199152 0.875000 0.109827 2.000000 0.879687 0.100193 2.000000 0.865625 0.100193 2.000000 0.892188 0.104046 2.000000 0.854688 0.100193 2.000000 0.900000 0.148362 2.000000 0.840625 0.146435 2.000000 0.000000 0.000000 0.000000 0.798438 0.136802 2.000000 0.000000 0.000000 0.000000 0.773438 0.179191 2.000000 0.895312 0.252408 1.000000 0.842187 0.250482 2.000000 0.000000 0.000000 0.000000 0.000000 0.000000 0.000000 0.000000 0.000000 0.000000 0.000000 0.000000 0.000000
0 0.899984 0.226744 0.115781 0.163006 0.918750 0.188825 2.000000 0.925000 0.181118 2.000000 0.914062 0.181118 2.000000 0.934375 0.186898 2.000000 0.903125 0.186898 2.000000 0.945312 0.240848 2.000000 0.878125 0.242775 2.000000 0.000000 0.000000 0.000000 0.850000 0.294798 2.000000 0.000000 0.000000 0.000000 0.879687 0.283237 2.000000 0.934375 0.344894 1.000000 0.887500 0.346821 1.000000 0.000000 0.000000 0.000000 0.000000 0.000000 0.000000 0.000000 0.000000 0.000000 0.000000 0.000000 0.000000
0 0.261344 0.385385 0.111813 0.182370 0.267188 0.337187 2.000000 0.271875 0.329480 2.000000 0.260937 0.327553 2.000000 0.281250 0.329480 2.000000 0.248438 0.331407 2.000000 0.310937 0.391137 2.000000 0.226562 0.394990 2.000000 0.000000 0.000000 0.000000 0.225000 0.468208 1.000000 0.000000 0.000000 0.000000 0.000000 0.000000 0.000000 0.295312 0.506744 1.000000 0.248438 0.506744 1.000000 0.000000 0.000000 0.000000 0.000000 0.000000 0.000000 0.000000 0.000000 0.000000 0.000000 0.000000 0.000000
0 0.041180 0.323680 0.081891 0.187091 0.010937 0.250482 2.000000 0.015625 0.246628 2.000000 0.006250 0.246628 2.000000 0.025000 0.252408 2.000000 0.000000 0.000000 0.000000 0.035937 0.290944 2.000000 0.000000 0.000000 0.000000 0.059375 0.356455 2.000000 0.000000 0.000000 0.000000 0.034375 0.387283 2.000000 0.000000 0.000000 0.000000 0.000000 0.000000 0.000000 0.000000 0.000000 0.000000 0.000000 0.000000 0.000000 0.000000 0.000000 0.000000 0.000000 0.000000 0.000000 0.000000 0.000000 0.000000
0 0.156570 0.399721 0.101859 0.158131 0.157812 0.368015 2.000000 0.165625 0.364162 2.000000 0.153125 0.362235 2.000000 0.175000 0.366089 2.000000 0.142187 0.360308 2.000000 0.190625 0.412331 2.000000 0.126562 0.404624 2.000000 0.184375 0.472062 2.000000 0.118750 0.421965 2.000000 0.184375 0.402697 2.000000 0.154688 0.445087 1.000000 0.000000 0.000000 0.000000 0.000000 0.000000 0.000000 0.000000 0.000000 0.000000 0.000000 0.000000 0.000000 0.000000 0.000000 0.000000 0.000000 0.000000 0.000000
0 0.120953 0.119730 0.101531 0.148671 0.110937 0.084778 2.000000 0.118750 0.077071 2.000000 0.106250 0.077071 2.000000 0.128125 0.082852 2.000000 0.092188 0.082852 2.000000 0.143750 0.129094 2.000000 0.076563 0.127168 2.000000 0.137500 0.171484 2.000000 0.000000 0.000000 0.000000 0.128125 0.208092 1.000000 0.000000 0.000000 0.000000 0.134375 0.215800 1.000000 0.082812 0.213873 1.000000 0.000000 0.000000 0.000000 0.000000 0.000000 0.000000 0.000000 0.000000 0.000000 0.000000 0.000000 0.000000
0 0.061211 0.206166 0.122234 0.139152 0.070312 0.165703 2.000000 0.073438 0.159923 2.000000 0.067187 0.159923 2.000000 0.000000 0.000000 0.000000 0.060937 0.157996 2.000000 0.100000 0.186898 2.000000 0.031250 0.186898 2.000000 0.000000 0.000000 0.000000 0.000000 0.000000 0.000000 0.000000 0.000000 0.000000 0.000000 0.000000 0.000000 0.082812 0.262042 2.000000 0.046875 0.263969 2.000000 0.000000 0.000000 0.000000 0.000000 0.000000 0.000000 0.000000 0.000000 0.000000 0.000000 0.000000 0.000000
0 0.577297 0.345973 0.131281 0.160385 0.000000 0.000000 0.000000 0.000000 0.000000 0.000000 0.000000 0.000000 0.000000 0.000000 0.000000 0.000000 0.000000 0.000000 0.000000 0.628125 0.319846 2.000000 0.534375 0.315992 1.000000 0.629687 0.402697 2.000000 0.523438 0.398844 2.000000 0.000000 0.000000 0.000000 0.000000 0.000000 0.000000 0.598437 0.435453 1.000000 0.545312 0.427746 1.000000 0.000000 0.000000 0.000000 0.000000 0.000000 0.000000 0.000000 0.000000 0.000000 0.000000 0.000000 0.000000
0 0.974430 0.219335 0.051141 0.171426 0.982812 0.179191 2.000000 0.987500 0.173410 2.000000 0.979688 0.173410 2.000000 0.000000 0.000000 0.000000 0.968750 0.175337 1.000000 0.000000 0.000000 0.000000 0.954688 0.223507 2.000000 0.000000 0.000000 0.000000 0.000000 0.000000 0.000000 0.000000 0.000000 0.000000 0.000000 0.000000 0.000000 0.000000 0.000000 0.000000 0.000000 0.000000 0.000000 0.000000 0.000000 0.000000 0.000000 0.000000 0.000000 0.000000 0.000000 0.000000 0.000000 0.000000 0.000000
