0 0.709850 0.567816 0.084300 0.467380 0.718000 0.367470 2.000000 0.726000 0.355422 2.000000 0.714000 0.355422 2.000000 0.000000 0.000000 0.000000 0.000000 0.000000 0.000000 0.728000 0.400602 2.000000 0.680000 0.394578 2.000000 0.742000 0.460843 2.000000 0.662000 0.472892 1.000000 0.736000 0.472892 2.000000 0.694000 0.454819 2.000000 0.722000 0.548193 2.000000 0.688000 0.551205 2.000000 0.730000 0.650602 2.000000 0.694000 0.638554 2.000000 0.688000 0.722892 2.000000 0.692000 0.768072 2.000000
0 0.391930 0.514714 0.181860 0.613283 0.000000 0.000000 0.000000 0.000000 0.000000 0.000000 0.000000 0.000000 0.000000 0.360000 0.250000 2.000000 0.388000 0.243976 2.000000 0.366000 0.313253 2.000000 0.426000 0.304217 2.000000 0.366000 0.406627 2.000000 0.476000 0.388554 2.000000 0.370000 0.490964 2.000000 0.000000 0.000000 0.000000 0.396000 0.500000 2.000000 0.438000 0.493976 2.000000 0.364000 0.638554 2.000000 0.434000 0.629518 2.000000 0.334000 0.765060 2.000000 0.436000 0.765060 2.000000
0 0.479840 0.569322 0.062120 0.324608 0.000000 0.000000 0.000000 0.000000 0.000000 0.000000 0.000000 0.000000 0.000000 0.000000 0.000000 0.000000 0.000000 0.000000 0.000000 0.000000 0.000000 0.000000 0.482000 0.478916 2.000000 0.000000 0.000000 0.000000 0.504000 0.512048 2.000000 0.000000 0.000000 0.000000 0.000000 0.000000 0.000000 0.472000 0.566265 2.000000 0.496000 0.563253 2.000000 0.468000 0.635542 2.000000 0.490000 0.638554 2.000000 0.480000 0.686747 2.000000 0.486000 0.713855 2.000000
0 0.541550 0.580934 0.065980 0.269759 0.000000 0.000000 0.000000 0.000000 0.000000 0.000000 0.000000 0.000000 0.000000 0.532000 0.454819 2.000000 0.000000 0.000000 0.000000 0.528000 0.490964 2.000000 0.562000 0.484940 2.000000 0.518000 0.527108 2.000000 0.570000 0.515060 1.000000 0.000000 0.000000 0.000000 0.000000 0.000000 0.000000 0.536000 0.569277 2.000000 0.558000 0.563253 1.000000 0.532000 0.632530 2.000000 0.556000 0.635542 2.000000 0.522000 0.689759 2.000000 0.556000 0.695783 2.000000
0 0.263360 0.589895 0.117880 0.397741 0.000000 0.000000 0.000000 0.000000 0.000000 0.000000 0.000000 0.000000 0.000000 0.238000 0.427711 2.000000 0.264000 0.427711 2.000000 0.224000 0.460843 1.000000 0.274000 0.472892 2.000000 0.212000 0.503012 2.000000 0.288000 0.527108 1.000000 0.000000 0.000000 0.000000 0.310000 0.551205 2.000000 0.236000 0.575301 2.000000 0.262000 0.575301 2.000000 0.246000 0.659639 2.000000 0.260000 0.674699 2.000000 0.250000 0.740964 2.000000 0.256000 0.737952 2.000000
0 0.814490 0.576867 0.058420 0.294940 0.820000 0.463855 2.000000 0.822000 0.457831 2.000000 0.816000 0.457831 2.000000 0.000000 0.000000 0.000000 0.808000 0.460843 2.000000 0.830000 0.484940 2.000000 0.798000 0.484940 2.000000 0.836000 0.527108 2.000000 0.790000 0.521084 2.000000 0.830000 0.563253 2.000000 0.000000 0.000000 0.000000 0.826000 0.560241 2.000000 0.800000 0.560241 1.000000 0.826000 0.629518 2.000000 0.806000 0.632530 1.000000 0.830000 0.695783 2.000000 0.812000 0.698795 1.000000
0 0.605890 0.569458 0.173020 0.486084 0.652000 0.334337 2.000000 0.000000 0.000000 0.000000 0.000000 0.000000 0.000000 0.000000 0.000000 0.000000 0.000000 0.000000 0.000000 0.660000 0.382530 2.000000 0.614000 0.376506 2.000000 0.000000 0.000000 0.000000 0.602000 0.463855 2.000000 0.000000 0.000000 0.000000 0.646000 0.454819 2.000000 0.658000 0.518072 2.000000 0.622000 0.524096 2.000000 0.668000 0.656627 2.000000 0.610000 0.665663 2.000000 0.666000 0.774096 2.000000 0.584000 0.765060 2.000000
0 0.160670 0.594744 0.069820 0.250633 0.000000 0.000000 0.000000 0.000000 0.000000 0.000000 0.000000 0.000000 0.000000 0.150000 0.493976 2.000000 0.164000 0.490964 2.000000 0.144000 0.518072 2.000000 0.170000 0.521084 2.000000 0.132000 0.557229 2.000000 0.184000 0.563253 2.000000 0.128000 0.587349 2.000000 0.190000 0.587349 2.000000 0.146000 0.602410 2.000000 0.166000 0.602410 2.000000 0.154000 0.656627 2.000000 0.170000 0.659639 2.000000 0.158000 0.704819 2.000000 0.170000 0.698795 2.000000
0 0.854970 0.573690 0.038820 0.295512 0.000000 0.000000 0.000000 0.000000 0.000000 0.000000 0.000000 0.000000 0.000000 0.000000 0.000000 0.000000 0.000000 0.000000 0.000000 0.842000 0.478916 2.000000 0.868000 0.478916 2.000000 0.842000 0.530120 2.000000 0.000000 0.000000 0.000000 0.842000 0.560241 1.000000 0.000000 0.000000 0.000000 0.850000 0.551205 2.000000 0.866000 0.554217 2.000000 0.856000 0.632530 2.000000 0.000000 0.000000 0.000000 0.856000 0.695783 2.000000 0.000000 0.000000 0.000000
0 0.882420 0.569729 0.086320 0.323373 0.000000 0.000000 0.000000 0.000000 0.000000 0.000000 0.000000 0.000000 0.000000 0.880000 0.457831 1.000000 0.000000 0.000000 0.000000 0.874000 0.481928 2.000000 0.906000 0.481928 1.000000 0.860000 0.506024 2.000000 0.000000 0.000000 0.000000 0.000000 0.000000 0.000000 0.000000 0.000000 0.000000 0.880000 0.548193 2.000000 0.900000 0.548193 2.000000 0.878000 0.623494 2.000000 0.904000 0.626506 2.000000 0.878000 0.698795 2.000000 0.898000 0.701807 2.000000
