0 0.708086 0.806741 0.198484 0.364024 0.000000 0.000000 0.000000 0.000000 0.000000 0.000000 0.000000 0.000000 0.000000 0.670312 0.675294 2.000000 0.720313 0.682353 2.000000 0.645312 0.731765 1.000000 0.729688 0.752941 2.000000 0.000000 0.000000 0.000000 0.760938 0.865882 2.000000 0.000000 0.000000 0.000000 0.757812 0.807059 2.000000 0.626563 0.964706 1.000000 0.692187 0.981176 2.000000 0.000000 0.000000 0.000000 0.798438 0.952941 2.000000 0.000000 0.000000 0.000000 0.000000 0.000000 0.000000
0 0.540039 0.644647 0.054359 0.125529 0.525000 0.628235 2.000000 0.532813 0.621176 2.000000 0.523438 0.618824 2.000000 0.543750 0.623529 2.000000 0.000000 0.000000 0.000000 0.560937 0.654118 2.000000 0.512500 0.642353 1.000000 0.562500 0.712941 1.000000 0.000000 0.000000 0.000000 0.535937 0.703529 1.000000 0.000000 0.000000 0.000000 0.553125 0.734118 1.000000 0.517188 0.724706 1.000000 0.000000 0.000000 0.000000 0.000000 0.000000 0.000000 0.000000 0.000000 0.000000 0.000000 0.000000 0.000000
0 0.623797 0.658329 0.106344 0.177129 0.604688 0.621176 1.000000 0.610938 0.614118 2.000000 0.000000 0.000000 0.000000 0.628125 0.614118 2.000000 0.000000 0.000000 0.000000 0.665625 0.644706 2.000000 0.614062 0.649412 2.000000 0.679688 0.722353 1.000000 0.595313 0.696471 2.000000 0.629687 0.722353 2.000000 0.581250 0.715294 1.000000 0.653125 0.764706 1.000000 0.614062 0.760000 1.000000 0.609375 0.807059 1.000000 0.573438 0.792941 1.000000 0.000000 0.000000 0.000000 0.000000 0.000000 0.000000
0 0.508516 0.730871 0.116656 0.216188 0.000000 0.000000 0.000000 0.000000 0.000000 0.000000 0.000000 0.000000 0.000000 0.487500 0.663529 2.000000 0.517188 0.665882 1.000000 0.462500 0.710588 1.000000 0.521875 0.712941 2.000000 0.000000 0.000000 0.000000 0.559375 0.767059 2.000000 0.000000 0.000000 0.000000 0.000000 0.000000 0.000000 0.454688 0.865882 1.000000 0.498437 0.868235 1.000000 0.000000 0.000000 0.000000 0.000000 0.000000 0.000000 0.000000 0.000000 0.000000 0.000000 0.000000 0.000000
0 0.402023 0.770106 0.101328 0.349200 0.401562 0.649412 2.000000 0.000000 0.000000 0.000000 0.396875 0.642353 2.000000 0.000000 0.000000 0.000000 0.381250 0.649412 2.000000 0.370312 0.694118 2.000000 0.389062 0.701176 2.000000 0.000000 0.000000 0.000000 0.396875 0.774118 2.000000 0.000000 0.000000 0.000000 0.428125 0.752941 1.000000 0.365625 0.830588 2.000000 0.389062 0.837647 2.000000 0.443750 0.807059 1.000000 0.445312 0.771765 2.000000 0.443750 0.894118 1.000000 0.000000 0.000000 0.000000
0 0.256375 0.747153 0.099437 0.282353 0.000000 0.000000 0.000000 0.000000 0.000000 0.000000 0.000000 0.000000 0.000000 0.250000 0.640000 2.000000 0.000000 0.000000 0.000000 0.239063 0.675294 2.000000 0.287500 0.668235 2.000000 0.232813 0.745882 2.000000 0.298438 0.720000 1.000000 0.246875 0.762353 2.000000 0.000000 0.000000 0.000000 0.257812 0.790588 2.000000 0.298438 0.785882 2.000000 0.218750 0.776471 2.000000 0.275000 0.767059 1.000000 0.223438 0.863529 2.000000 0.268750 0.849412 1.000000
0 0.215961 0.645988 0.074453 0.303553 0.214062 0.522353 2.000000 0.218750 0.515294 2.000000 0.210938 0.515294 2.000000 0.000000 0.000000 0.000000 0.203125 0.522353 2.000000 0.231250 0.548235 2.000000 0.190625 0.550588 2.000000 0.228125 0.595294 2.000000 0.184375 0.592941 2.000000 0.242188 0.588235 2.000000 0.212500 0.600000 2.000000 0.220312 0.640000 2.000000 0.200000 0.640000 2.000000 0.000000 0.000000 0.000000 0.000000 0.000000 0.000000 0.000000 0.000000 0.000000 0.000000 0.000000 0.000000
0 0.628984 0.540529 0.064219 0.130941 0.628125 0.501176 2.000000 0.629687 0.496471 2.000000 0.623437 0.498824 2.000000 0.635938 0.498824 2.000000 0.620313 0.498824 2.000000 0.640625 0.527059 2.000000 0.615625 0.529412 2.000000 0.656250 0.557647 2.000000 0.601562 0.552941 2.000000 0.639062 0.576471 1.000000 0.610938 0.583529 1.000000 0.000000 0.000000 0.000000 0.620313 0.600000 1.000000 0.000000 0.000000 0.000000 0.618750 0.647059 1.000000 0.000000 0.000000 0.000000 0.000000 0.000000 0.000000
0 0.034109 0.704824 0.067844 0.368424 0.042188 0.552941 2.000000 0.043750 0.543529 2.000000 0.034375 0.545882 2.000000 0.000000 0.000000 0.000000 0.021875 0.552941 2.000000 0.040625 0.583529 2.000000 0.012500 0.592941 2.000000 0.000000 0.000000 0.000000 0.003125 0.647059 2.000000 0.000000 0.000000 0.000000 0.026562 0.658824 2.000000 0.042188 0.703529 2.000000 0.015625 0.708235 2.000000 0.048438 0.776471 2.000000 0.017188 0.795294 2.000000 0.057813 0.844706 2.000000 0.026562 0.865882 2.000000
0 0.171672 0.593353 0.066781 0.167929 0.179688 0.548235 2.000000 0.000000 0.000000 0.000000 0.176563 0.538824 2.000000 0.000000 0.000000 0.000000 0.164062 0.534118 2.000000 0.170313 0.567059 2.000000 0.151562 0.578824 2.000000 0.170313 0.609412 2.000000 0.148438 0.630588 2.000000 0.184375 0.616471 2.000000 0.165625 0.656471 2.000000 0.170313 0.654118 2.000000 0.153125 0.670588 1.000000 0.000000 0.000000 0.000000 0.000000 0.000000 0.000000 0.000000 0.000000 0.000000 0.000000 0.000000 0.000000
0 0.875219 0.680894 0.159688 0.224706 0.862500 0.623529 2.000000 0.867188 0.614118 2.000000 0.000000 0.000000 0.000000 0.887500 0.618824 2.000000 0.000000 0.000000 0.000000 0.932813 0.670588 2.000000 0.857812 0.670588 2.000000 0.937500 0.755294 1.000000 0.839063 0.731765 2.000000 0.906250 0.771765 2.000000 0.814063 0.752941 2.000000 0.910937 0.818824 1.000000 0.857812 0.814118 1.000000 0.000000 0.000000 0.000000 0.807813 0.877647 1.000000 0.000000 0.000000 0.000000 0.000000 0.000000 0.000000
0 0.289469 0.578271 0.066094 0.155929 0.000000 0.000000 0.000000 0.000000 0.000000 0.000000 0.000000 0.000000 0.000000 0.000000 0.000000 0.000000 0.278125 0.520000 2.000000 0.259375 0.543529 1.000000 0.281250 0.538824 2.000000 0.000000 0.000000 0.000000 0.300000 0.555294 2.000000 0.000000 0.000000 0.000000 0.315625 0.543529 2.000000 0.262500 0.585882 2.000000 0.279687 0.583529 2.000000 0.000000 0.000000 0.000000 0.000000 0.000000 0.000000 0.000000 0.000000 0.000000 0.000000 0.000000 0.000000
