0 0.248759 0.780609 0.120796 0.274781 0.266979 0.662500 2.000000 0.274005 0.657813 2.000000 0.262295 0.657813 2.000000 0.000000 0.000000 0.000000 0.248244 0.660937 2.000000 0.292740 0.693750 2.000000 0.217799 0.689063 2.000000 0.302108 0.728125 2.000000 0.213115 0.728125 2.000000 0.281030 0.754687 2.000000 0.255269 0.754687 2.000000 0.276347 0.768750 2.000000 0.229508 0.767188 2.000000 0.259953 0.826562 2.000000 0.227166 0.825000 2.000000 0.248244 0.878125 2.000000 0.210773 0.882812 2.000000
0 0.328337 0.791320 0.089742 0.225391 0.341920 0.698438 2.000000 0.346604 0.693750 2.000000 0.337237 0.692187 2.000000 0.000000 0.000000 0.000000 0.000000 0.000000 0.000000 0.355972 0.720313 2.000000 0.311475 0.715625 2.000000 0.358314 0.748437 2.000000 0.000000 0.000000 0.000000 0.358314 0.771875 2.000000 0.000000 0.000000 0.000000 0.334895 0.773438 2.000000 0.309133 0.771875 2.000000 0.337237 0.817187 2.000000 0.306792 0.820312 2.000000 0.330211 0.867188 1.000000 0.302108 0.881250 2.000000
0 0.403396 0.828164 0.147400 0.178328 0.414520 0.756250 2.000000 0.423888 0.753125 2.000000 0.407494 0.751563 2.000000 0.433255 0.759375 2.000000 0.395785 0.753125 2.000000 0.442623 0.784375 2.000000 0.360656 0.784375 2.000000 0.444965 0.820312 2.000000 0.358314 0.828125 2.000000 0.428571 0.848437 2.000000 0.412178 0.840625 2.000000 0.419204 0.842187 2.000000 0.367681 0.848437 2.000000 0.463700 0.854688 2.000000 0.362998 0.910937 1.000000 0.414520 0.890625 2.000000 0.330211 0.873437 1.000000
0 0.505222 0.726734 0.094005 0.116062 0.498829 0.687500 2.000000 0.503513 0.681250 2.000000 0.494145 0.681250 2.000000 0.510539 0.684375 2.000000 0.487119 0.682813 2.000000 0.529274 0.707812 2.000000 0.468384 0.706250 2.000000 0.538642 0.731250 2.000000 0.000000 0.000000 0.000000 0.533958 0.753125 2.000000 0.000000 0.000000 0.000000 0.515222 0.770312 1.000000 0.470726 0.770312 1.000000 0.000000 0.000000 0.000000 0.000000 0.000000 0.000000 0.000000 0.000000 0.000000 0.000000 0.000000 0.000000
0 0.637190 0.820820 0.103560 0.144578 0.625293 0.771875 2.000000 0.629977 0.768750 2.000000 0.620609 0.770312 2.000000 0.639344 0.767188 2.000000 0.611241 0.768750 1.000000 0.655738 0.792188 2.000000 0.601874 0.792188 2.000000 0.651054 0.821875 2.000000 0.613583 0.823438 2.000000 0.601874 0.828125 2.000000 0.651054 0.834375 2.000000 0.648712 0.820312 2.000000 0.620609 0.820312 2.000000 0.669789 0.881250 2.000000 0.620609 0.839063 2.000000 0.646370 0.867188 2.000000 0.625293 0.878125 2.000000
0 0.815351 0.777562 0.094356 0.209563 0.805621 0.696875 2.000000 0.807963 0.692187 2.000000 0.793911 0.690625 2.000000 0.817330 0.692187 2.000000 0.786885 0.692187 1.000000 0.826698 0.717187 2.000000 0.779859 0.717187 2.000000 0.840749 0.745313 2.000000 0.000000 0.000000 0.000000 0.822014 0.759375 2.000000 0.000000 0.000000 0.000000 0.826698 0.764062 2.000000 0.798595 0.764062 2.000000 0.831382 0.818750 2.000000 0.798595 0.820312 2.000000 0.838407 0.867188 2.000000 0.807963 0.857812 2.000000
0 0.612951 0.775602 0.086230 0.201078 0.613583 0.693750 2.000000 0.618267 0.687500 2.000000 0.606557 0.687500 2.000000 0.625293 0.689063 2.000000 0.601874 0.687500 2.000000 0.646370 0.712500 2.000000 0.578454 0.715625 2.000000 0.644028 0.742188 2.000000 0.578454 0.743750 2.000000 0.000000 0.000000 0.000000 0.000000 0.000000 0.000000 0.627635 0.753125 1.000000 0.594848 0.756250 2.000000 0.000000 0.000000 0.000000 0.000000 0.000000 0.000000 0.000000 0.000000 0.000000 0.000000 0.000000 0.000000
0 0.530621 0.818992 0.071265 0.146453 0.512881 0.767188 2.000000 0.517564 0.764062 2.000000 0.508197 0.765625 2.000000 0.531616 0.765625 2.000000 0.000000 0.000000 0.000000 0.552693 0.789062 2.000000 0.494145 0.790625 1.000000 0.555035 0.825000 2.000000 0.496487 0.825000 1.000000 0.540984 0.850000 2.000000 0.508197 0.848437 2.000000 0.536300 0.842187 2.000000 0.505855 0.842187 2.000000 0.545667 0.879687 2.000000 0.517564 0.879687 1.000000 0.000000 0.000000 0.000000 0.000000 0.000000 0.000000
0 0.482916 0.818594 0.085129 0.155531 0.466042 0.762500 2.000000 0.470726 0.759375 2.000000 0.459016 0.759375 2.000000 0.480094 0.762500 2.000000 0.447307 0.760938 2.000000 0.489461 0.784375 2.000000 0.430913 0.781250 1.000000 0.501171 0.821875 2.000000 0.414520 0.825000 1.000000 0.482436 0.842187 2.000000 0.463700 0.845313 1.000000 0.489461 0.848437 2.000000 0.447307 0.845313 1.000000 0.512881 0.890625 2.000000 0.484778 0.860938 2.000000 0.449649 0.887500 1.000000 0.000000 0.000000 0.000000
0 0.755539 0.789211 0.082693 0.183203 0.751756 0.714063 2.000000 0.756440 0.710938 2.000000 0.747073 0.709375 2.000000 0.763466 0.712500 2.000000 0.737705 0.710938 1.000000 0.772834 0.732812 2.000000 0.728337 0.729688 2.000000 0.793911 0.754687 2.000000 0.716628 0.754687 1.000000 0.784543 0.770312 2.000000 0.723653 0.754687 1.000000 0.768150 0.779687 2.000000 0.735363 0.779687 1.000000 0.770492 0.823438 2.000000 0.730679 0.820312 2.000000 0.772834 0.857812 2.000000 0.730679 0.857812 2.000000
