0 0.897484 0.575496 0.161594 0.329527 0.893750 0.458629 2.000000 0.903125 0.453901 2.000000 0.000000 0.000000 0.000000 0.920312 0.465721 2.000000 0.000000 0.000000 0.000000 0.950000 0.496454 2.000000 0.884375 0.505910 2.000000 0.965625 0.548463 2.000000 0.851562 0.574468 2.000000 0.917188 0.541371 2.000000 0.812500 0.579196 1.000000 0.879687 0.638298 1.000000 0.850000 0.605201 2.000000 0.823438 0.671395 1.000000 0.821875 0.602837 2.000000 0.820312 0.822695 1.000000 0.832812 0.702128 2.000000
0 0.752719 0.486229 0.117000 0.178274 0.806250 0.451537 2.000000 0.000000 0.000000 0.000000 0.801562 0.442080 2.000000 0.000000 0.000000 0.000000 0.779687 0.439716 2.000000 0.771875 0.479905 2.000000 0.751563 0.468085 2.000000 0.000000 0.000000 0.000000 0.767188 0.548463 2.000000 0.000000 0.000000 0.000000 0.796875 0.543735 1.000000 0.000000 0.000000 0.000000 0.709375 0.586288 1.000000 0.000000 0.000000 0.000000 0.000000 0.000000 0.000000 0.000000 0.000000 0.000000 0.000000 0.000000 0.000000
0 0.527883 0.535165 0.071328 0.273924 0.000000 0.000000 0.000000 0.506250 0.442080 2.000000 0.000000 0.000000 0.000000 0.518750 0.451537 2.000000 0.000000 0.000000 0.000000 0.506250 0.484634 2.000000 0.553125 0.486998 2.000000 0.000000 0.000000 0.000000 0.000000 0.000000 0.000000 0.000000 0.000000 0.000000 0.000000 0.000000 0.000000 0.000000 0.000000 0.000000 0.000000 0.000000 0.000000 0.000000 0.000000 0.000000 0.000000 0.000000 0.000000 0.000000 0.000000 0.000000 0.000000 0.000000 0.000000
0 0.490977 0.621005 0.099766 0.374161 0.468750 0.501182 2.000000 0.476562 0.484634 2.000000 0.462500 0.484634 2.000000 0.489063 0.486998 2.000000 0.000000 0.000000 0.000000 0.503125 0.529551 2.000000 0.445312 0.534279 1.000000 0.517188 0.617021 2.000000 0.000000 0.000000 0.000000 0.482812 0.548463 2.000000 0.000000 0.000000 0.000000 0.507812 0.671395 2.000000 0.459375 0.671395 1.000000 0.501563 0.744681 2.000000 0.000000 0.000000 0.000000 0.501563 0.839243 1.000000 0.000000 0.000000 0.000000
0 0.198563 0.531844 0.072688 0.209125 0.182812 0.479905 2.000000 0.189062 0.468085 2.000000 0.176563 0.468085 2.000000 0.201563 0.482270 2.000000 0.000000 0.000000 0.000000 0.214062 0.531915 2.000000 0.160938 0.531915 1.000000 0.226562 0.619385 1.000000 0.000000 0.000000 0.000000 0.000000 0.000000 0.000000 0.000000 0.000000 0.000000 0.206250 0.666667 1.000000 0.167187 0.669031 1.000000 0.000000 0.000000 0.000000 0.000000 0.000000 0.000000 0.000000 0.000000 0.000000 0.000000 0.000000 0.000000
0 0.340117 0.646820 0.133672 0.435957 0.321875 0.484634 2.000000 0.331250 0.477541 2.000000 0.320312 0.472813 2.000000 0.353125 0.479905 2.000000 0.000000 0.000000 0.000000 0.379688 0.524823 2.000000 0.304688 0.531915 2.000000 0.406250 0.602837 1.000000 0.271875 0.609929 1.000000 0.360938 0.614657 2.000000 0.318750 0.617021 2.000000 0.360938 0.664303 2.000000 0.320312 0.661939 1.000000 0.368750 0.730496 2.000000 0.314063 0.723404 1.000000 0.359375 0.832151 1.000000 0.331250 0.836879 2.000000
0 0.182055 0.608381 0.110828 0.298132 0.181250 0.479905 1.000000 0.189062 0.470449 1.000000 0.176563 0.470449 1.000000 0.201563 0.479905 1.000000 0.000000 0.000000 0.000000 0.217188 0.536643 1.000000 0.156250 0.536643 2.000000 0.231250 0.633570 1.000000 0.000000 0.000000 0.000000 0.193750 0.650118 1.000000 0.000000 0.000000 0.000000 0.210938 0.657210 1.000000 0.164062 0.659574 1.000000 0.000000 0.000000 0.000000 0.000000 0.000000 0.000000 0.000000 0.000000 0.000000 0.000000 0.000000 0.000000
0 0.132656 0.642329 0.206562 0.487636 0.114062 0.472813 2.000000 0.000000 0.000000 0.000000 0.107813 0.453901 2.000000 0.000000 0.000000 0.000000 0.087500 0.453901 2.000000 0.035937 0.548463 2.000000 0.106250 0.522459 2.000000 0.000000 0.000000 0.000000 0.143750 0.624113 2.000000 0.000000 0.000000 0.000000 0.200000 0.664303 2.000000 0.070312 0.723404 2.000000 0.109375 0.725768 2.000000 0.179688 0.723404 1.000000 0.221875 0.744681 1.000000 0.179688 0.851064 2.000000 0.217188 0.877069 2.000000
0 0.430672 0.695118 0.107500 0.457801 0.000000 0.000000 0.000000 0.000000 0.000000 0.000000 0.000000 0.000000 0.000000 0.426563 0.527187 2.000000 0.000000 0.000000 0.000000 0.412500 0.579196 2.000000 0.473438 0.576832 2.000000 0.385937 0.692671 2.000000 0.460938 0.657210 2.000000 0.000000 0.000000 0.000000 0.000000 0.000000 0.000000 0.406250 0.747045 1.000000 0.456250 0.747045 2.000000 0.415625 0.737589 1.000000 0.403125 0.721040 1.000000 0.412500 0.872340 2.000000 0.368750 0.810875 1.000000
0 0.474336 0.424043 0.064891 0.148038 0.476562 0.378251 2.000000 0.482812 0.373522 2.000000 0.473438 0.371158 2.000000 0.490625 0.380615 2.000000 0.000000 0.000000 0.000000 0.501563 0.406619 2.000000 0.462500 0.408983 2.000000 0.485938 0.434988 2.000000 0.000000 0.000000 0.000000 0.462500 0.449173 1.000000 0.000000 0.000000 0.000000 0.000000 0.000000 0.000000 0.000000 0.000000 0.000000 0.000000 0.000000 0.000000 0.000000 0.000000 0.000000 0.000000 0.000000 0.000000 0.000000 0.000000 0.000000
0 0.635000 0.580402 0.168437 0.350260 0.610938 0.456265 2.000000 0.000000 0.000000 0.000000 0.601562 0.451537 2.000000 0.000000 0.000000 0.000000 0.581250 0.468085 2.000000 0.585938 0.508274 2.000000 0.581250 0.515366 2.000000 0.000000 0.000000 0.000000 0.623437 0.617021 2.000000 0.000000 0.000000 0.000000 0.681250 0.588652 2.000000 0.623437 0.647754 2.000000 0.620313 0.664303 2.000000 0.729688 0.619385 1.000000 0.740625 0.657210 1.000000 0.723437 0.749409 1.000000 0.712500 0.763593 1.000000
