0 0.175000 0.512927 0.061500 0.308104 0.184375 0.400000 2.000000 0.187500 0.391667 2.000000 0.181250 0.391667 2.000000 0.000000 0.000000 0.000000 0.170313 0.389583 2.000000 0.193750 0.429167 2.000000 0.154688 0.422917 2.000000 0.195312 0.466667 2.000000 0.156250 0.466667 2.000000 0.167187 0.454167 2.000000 0.181250 0.472917 2.000000 0.181250 0.497917 2.000000 0.157812 0.497917 2.000000 0.176563 0.575000 2.000000 0.157812 0.568750 2.000000 0.167187 0.625000 2.000000 0.162500 0.620833 2.000000
0 0.361672 0.528562 0.053812 0.274125 0.000000 0.000000 0.000000 0.000000 0.000000 0.000000 0.000000 0.000000 0.000000 0.000000 0.000000 0.000000 0.375000 0.408333 2.000000 0.373437 0.445833 2.000000 0.348438 0.445833 2.000000 0.000000 0.000000 0.000000 0.000000 0.000000 0.000000 0.000000 0.000000 0.000000 0.000000 0.000000 0.000000 0.365625 0.500000 2.000000 0.354687 0.497917 2.000000 0.370312 0.581250 2.000000 0.362500 0.581250 2.000000 0.375000 0.647917 1.000000 0.362500 0.650000 2.000000
0 0.403664 0.540302 0.064109 0.278396 0.000000 0.000000 0.000000 0.000000 0.000000 0.000000 0.000000 0.000000 0.000000 0.000000 0.000000 0.000000 0.000000 0.000000 0.000000 0.392188 0.439583 2.000000 0.407813 0.439583 2.000000 0.000000 0.000000 0.000000 0.403125 0.485417 2.000000 0.000000 0.000000 0.000000 0.421875 0.477083 2.000000 0.381250 0.522917 2.000000 0.403125 0.527083 2.000000 0.382812 0.591667 2.000000 0.414062 0.593750 2.000000 0.381250 0.666667 2.000000 0.395313 0.641667 2.000000
0 0.458625 0.482333 0.059500 0.222292 0.464062 0.402083 2.000000 0.000000 0.000000 0.000000 0.460938 0.397917 2.000000 0.000000 0.000000 0.000000 0.451562 0.397917 2.000000 0.437500 0.427083 2.000000 0.437500 0.429167 2.000000 0.000000 0.000000 0.000000 0.448437 0.472917 2.000000 0.000000 0.000000 0.000000 0.468750 0.470833 2.000000 0.437500 0.508333 1.000000 0.439063 0.510417 2.000000 0.000000 0.000000 0.000000 0.450000 0.575000 2.000000 0.000000 0.000000 0.000000 0.423438 0.637500 1.000000
0 0.564125 0.544417 0.093906 0.300292 0.000000 0.000000 0.000000 0.000000 0.000000 0.000000 0.000000 0.000000 0.000000 0.000000 0.000000 0.000000 0.000000 0.000000 0.000000 0.565625 0.435417 2.000000 0.603125 0.452083 2.000000 0.559375 0.472917 2.000000 0.600000 0.502083 2.000000 0.534375 0.462500 2.000000 0.000000 0.000000 0.000000 0.560937 0.537500 2.000000 0.590625 0.539583 2.000000 0.553125 0.597917 2.000000 0.592187 0.604167 2.000000 0.543750 0.685417 1.000000 0.592187 0.687500 2.000000
0 0.664797 0.550667 0.056937 0.293458 0.646875 0.435417 2.000000 0.651563 0.427083 2.000000 0.000000 0.000000 0.000000 0.657813 0.429167 2.000000 0.000000 0.000000 0.000000 0.664062 0.460417 2.000000 0.678125 0.454167 2.000000 0.657813 0.502083 2.000000 0.000000 0.000000 0.000000 0.643750 0.491667 2.000000 0.000000 0.000000 0.000000 0.670312 0.535417 2.000000 0.679688 0.520833 2.000000 0.670312 0.604167 2.000000 0.667188 0.604167 2.000000 0.684375 0.658333 2.000000 0.679688 0.656250 2.000000
0 0.725813 0.529667 0.055031 0.272917 0.000000 0.000000 0.000000 0.000000 0.000000 0.000000 0.000000 0.000000 0.000000 0.000000 0.000000 0.000000 0.000000 0.000000 0.000000 0.726562 0.437500 2.000000 0.698438 0.439583 1.000000 0.743750 0.464583 2.000000 0.000000 0.000000 0.000000 0.731250 0.497917 2.000000 0.000000 0.000000 0.000000 0.717187 0.522917 2.000000 0.701562 0.522917 2.000000 0.728125 0.581250 2.000000 0.704688 0.577083 2.000000 0.732812 0.635417 2.000000 0.709375 0.637500 2.000000
0 0.855477 0.550052 0.090078 0.268354 0.848437 0.443750 2.000000 0.850000 0.439583 2.000000 0.000000 0.000000 0.000000 0.856250 0.437500 2.000000 0.000000 0.000000 0.000000 0.851562 0.470833 2.000000 0.881250 0.472917 2.000000 0.835938 0.516667 2.000000 0.892188 0.512500 2.000000 0.825000 0.554167 2.000000 0.870313 0.514583 2.000000 0.853125 0.550000 2.000000 0.873437 0.550000 2.000000 0.840625 0.618750 2.000000 0.873437 0.616667 2.000000 0.829688 0.668750 2.000000 0.876563 0.677083 2.000000
0 0.829883 0.519625 0.055047 0.295833 0.829688 0.397917 2.000000 0.834375 0.393750 2.000000 0.000000 0.000000 0.000000 0.846875 0.395833 2.000000 0.000000 0.000000 0.000000 0.859375 0.429167 1.000000 0.826562 0.431250 2.000000 0.000000 0.000000 0.000000 0.000000 0.000000 0.000000 0.000000 0.000000 0.000000 0.000000 0.000000 0.000000 0.853125 0.500000 1.000000 0.826562 0.495833 1.000000 0.850000 0.572917 1.000000 0.817187 0.570833 1.000000 0.850000 0.645833 2.000000 0.814063 0.650000 2.000000
0 0.276906 0.560156 0.032563 0.248146 0.000000 0.000000 0.000000 0.000000 0.000000 0.000000 0.000000 0.000000 0.000000 0.000000 0.000000 0.000000 0.000000 0.000000 0.000000 0.000000 0.000000 0.000000 0.278125 0.447917 1.000000 0.000000 0.000000 0.000000 0.271875 0.489583 2.000000 0.000000 0.000000 0.000000 0.278125 0.475000 2.000000 0.276562 0.533333 2.000000 0.284375 0.535417 2.000000 0.273438 0.610417 2.000000 0.000000 0.000000 0.000000 0.271875 0.670833 2.000000 0.000000 0.000000 0.000000
