0 0.205430 0.427365 0.149922 0.276651 0.220312 0.358314 2.000000 0.228125 0.346604 2.000000 0.206250 0.348946 2.000000 0.000000 0.000000 0.000000 0.189062 0.355972 2.000000 0.242188 0.405152 2.000000 0.168750 0.428571 2.000000 0.262500 0.505855 2.000000 0.000000 0.000000 0.000000 0.000000 0.000000 0.000000 0.000000 0.000000 0.000000 0.000000 0.000000 0.000000 0.000000 0.000000 0.000000 0.000000 0.000000 0.000000 0.000000 0.000000 0.000000 0.000000 0.000000 0.000000 0.000000 0.000000 0.000000
0 0.282617 0.387646 0.088453 0.271920 0.273438 0.306792 2.000000 0.278125 0.292740 2.000000 0.260937 0.297424 2.000000 0.292187 0.297424 2.000000 0.239063 0.302108 2.000000 0.318750 0.386417 2.000000 0.231250 0.386417 1.000000 0.000000 0.000000 0.000000 0.000000 0.000000 0.000000 0.000000 0.000000 0.000000 0.000000 0.000000 0.000000 0.318750 0.566745 1.000000 0.242188 0.573770 1.000000 0.000000 0.000000 0.000000 0.000000 0.000000 0.000000 0.000000 0.000000 0.000000 0.000000 0.000000 0.000000
0 0.335148 0.303548 0.083391 0.178337 0.323437 0.281030 2.000000 0.329688 0.262295 2.000000 0.310937 0.274005 2.000000 0.342187 0.264637 2.000000 0.306250 0.285714 2.000000 0.368750 0.348946 2.000000 0.301563 0.344262 1.000000 0.000000 0.000000 0.000000 0.000000 0.000000 0.000000 0.000000 0.000000 0.000000 0.000000 0.000000 0.000000 0.000000 0.000000 0.000000 0.000000 0.000000 0.000000 0.000000 0.000000 0.000000 0.000000 0.000000 0.000000 0.000000 0.000000 0.000000 0.000000 0.000000 0.000000
0 0.388070 0.425117 0.186703 0.324707 0.400000 0.341920 2.000000 0.409375 0.325527 2.000000 0.390625 0.323185 2.000000 0.425000 0.330211 1.000000 0.375000 0.325527 2.000000 0.435937 0.412178 2.000000 0.331250 0.405152 2.000000 0.451562 0.552693 2.000000 0.312500 0.531616 2.000000 0.462500 0.562061 2.000000 0.318750 0.491803 2.000000 0.415625 0.611241 1.000000 0.350000 0.608899 1.000000 0.000000 0.000000 0.000000 0.000000 0.000000 0.000000 0.000000 0.000000 0.000000 0.000000 0.000000 0.000000
0 0.468305 0.428407 0.107641 0.314286 0.465625 0.337237 2.000000 0.476562 0.327869 2.000000 0.456250 0.325527 2.000000 0.484375 0.334895 2.000000 0.442188 0.327869 2.000000 0.500000 0.409836 2.000000 0.420312 0.393443 1.000000 0.504687 0.501171 2.000000 0.000000 0.000000 0.000000 0.503125 0.552693 2.000000 0.000000 0.000000 0.000000 0.484375 0.585480 1.000000 0.420312 0.576112 1.000000 0.000000 0.000000 0.000000 0.000000 0.000000 0.000000 0.000000 0.000000 0.000000 0.000000 0.000000 0.000000
0 0.565617 0.399344 0.099953 0.259297 0.559375 0.341920 2.000000 0.567187 0.325527 2.000000 0.548438 0.332553 2.000000 0.000000 0.000000 0.000000 0.000000 0.000000 0.000000 0.603125 0.395785 2.000000 0.512500 0.407494 1.000000 0.000000 0.000000 0.000000 0.000000 0.000000 0.000000 0.000000 0.000000 0.000000 0.000000 0.000000 0.000000 0.000000 0.000000 0.000000 0.000000 0.000000 0.000000 0.000000 0.000000 0.000000 0.000000 0.000000 0.000000 0.000000 0.000000 0.000000 0.000000 0.000000 0.000000
0 0.812555 0.529895 0.219859 0.490047 0.854688 0.351288 2.000000 0.870313 0.341920 2.000000 0.843750 0.334895 2.000000 0.884375 0.360656 2.000000 0.000000 0.000000 0.000000 0.892188 0.440281 2.000000 0.839063 0.449649 2.000000 0.832812 0.562061 2.000000 0.000000 0.000000 0.000000 0.759375 0.618267 2.000000 0.000000 0.000000 0.000000 0.876563 0.711944 2.000000 0.818750 0.700234 1.000000 0.000000 0.000000 0.000000 0.000000 0.000000 0.000000 0.000000 0.000000 0.000000 0.000000 0.000000 0.000000
0 0.740711 0.537178 0.171547 0.483302 0.745313 0.365340 2.000000 0.759375 0.353630 2.000000 0.735938 0.353630 2.000000 0.775000 0.358314 2.000000 0.000000 0.000000 0.000000 0.792188 0.463700 2.000000 0.742188 0.440281 2.000000 0.790625 0.592506 1.000000 0.742188 0.597190 2.000000 0.720313 0.615925 2.000000 0.695312 0.604215 2.000000 0.796875 0.676815 1.000000 0.751563 0.648712 1.000000 0.000000 0.000000 0.000000 0.000000 0.000000 0.000000 0.000000 0.000000 0.000000 0.000000 0.000000 0.000000
0 0.714414 0.379778 0.250391 0.377541 0.745313 0.360656 1.000000 0.759375 0.351288 1.000000 0.734375 0.351288 1.000000 0.776563 0.358314 1.000000 0.000000 0.000000 0.000000 0.793750 0.454333 1.000000 0.723437 0.456674 1.000000 0.789062 0.597190 1.000000 0.000000 0.000000 0.000000 0.743750 0.618267 1.000000 0.685937 0.590164 1.000000 0.787500 0.676815 1.000000 0.723437 0.662763 1.000000 0.000000 0.000000 0.000000 0.000000 0.000000 0.000000 0.000000 0.000000 0.000000 0.000000 0.000000 0.000000
0 0.125594 0.367037 0.140063 0.328923 0.181250 0.264637 2.000000 0.187500 0.252927 2.000000 0.168750 0.248244 2.000000 0.000000 0.000000 0.000000 0.140625 0.257611 2.000000 0.193750 0.330211 1.000000 0.112500 0.339578 2.000000 0.000000 0.000000 0.000000 0.068750 0.466042 2.000000 0.000000 0.000000 0.000000 0.067187 0.583138 1.000000 0.000000 0.000000 0.000000 0.000000 0.000000 0.000000 0.000000 0.000000 0.000000 0.000000 0.000000 0.000000 0.000000 0.000000 0.000000 0.000000 0.000000 0.000000
0 0.474852 0.320515 0.106766 0.178267 0.503125 0.278689 2.000000 0.510938 0.271663 2.000000 0.495312 0.271663 2.000000 0.525000 0.285714 2.000000 0.485938 0.283372 2.000000 0.539062 0.353630 1.000000 0.464062 0.353630 1.000000 0.000000 0.000000 0.000000 0.410938 0.384075 1.000000 0.000000 0.000000 0.000000 0.426563 0.302108 2.000000 0.000000 0.000000 0.000000 0.000000 0.000000 0.000000 0.000000 0.000000 0.000000 0.000000 0.000000 0.000000 0.000000 0.000000 0.000000 0.000000 0.000000 0.000000
