0 0.884290 0.131760 0.167220 0.184693 0.864000 0.088000 2.000000 0.870000 0.080000 2.000000 0.858000 0.082667 2.000000 0.890000 0.080000 2.000000 0.000000 0.000000 0.000000 0.910000 0.122667 2.000000 0.862000 0.128000 2.000000 0.886000 0.200000 2.000000 0.838000 0.197333 2.000000 0.850000 0.226667 1.000000 0.000000 0.000000 0.000000 0.000000 0.000000 0.000000 0.000000 0.000000 0.000000 0.000000 0.000000 0.000000 0.000000 0.000000 0.000000 0.000000 0.000000 0.000000 0.000000 0.000000 0.000000
0 0.484140 0.142693 0.096200 0.159680 0.466000 0.109333 2.000000 0.472000 0.101333 2.000000 0.458000 0.101333 2.000000 0.000000 0.000000 0.000000 0.000000 0.000000 0.000000 0.500000 0.152000 2.000000 0.452000 0.152000 2.000000 0.504000 0.234667 1.000000 0.442000 0.232000 1.000000 0.000000 0.000000 0.000000 0.000000 0.000000 0.000000 0.496000 0.258667 1.000000 0.454000 0.258667 1.000000 0.000000 0.000000 0.000000 0.000000 0.000000 0.000000 0.000000 0.000000 0.000000 0.000000 0.000000 0.000000
0 0.578940 0.606747 0.524160 0.764053 0.566000 0.400000 2.000000 0.588000 0.392000 2.000000 0.000000 0.000000 0.000000 0.652000 0.378667 2.000000 0.000000 0.000000 0.000000 0.612000 0.520000 2.000000 0.744000 0.336000 2.000000 0.500000 0.752000 2.000000 0.580000 0.437333 2.000000 0.388000 0.736000 2.000000 0.432000 0.608000 2.000000 0.696000 0.858667 2.000000 0.768000 0.789333 2.000000 0.000000 0.000000 0.000000 0.000000 0.000000 0.000000 0.000000 0.000000 0.000000 0.000000 0.000000 0.000000
0 0.771000 0.151720 0.116480 0.222747 0.794000 0.090667 2.000000 0.804000 0.085333 2.000000 0.788000 0.082667 2.000000 0.000000 0.000000 0.000000 0.774000 0.082667 2.000000 0.818000 0.141333 2.000000 0.764000 0.138667 2.000000 0.000000 0.000000 0.000000 0.748000 0.200000 2.000000 0.000000 0.000000 0.000000 0.728000 0.234667 2.000000 0.786000 0.242667 1.000000 0.750000 0.242667 2.000000 0.000000 0.000000 0.000000 0.000000 0.000000 0.000000 0.000000 0.000000 0.000000 0.000000 0.000000 0.000000
0 0.214890 0.178653 0.133140 0.168560 0.208000 0.133333 2.000000 0.214000 0.128000 2.000000 0.202000 0.130667 2.000000 0.226000 0.133333 2.000000 0.194000 0.138667 2.000000 0.248000 0.192000 2.000000 0.172000 0.194667 2.000000 0.252000 0.261333 1.000000 0.164000 0.266667 1.000000 0.000000 0.000000 0.000000 0.000000 0.000000 0.000000 0.000000 0.000000 0.000000 0.000000 0.000000 0.000000 0.000000 0.000000 0.000000 0.000000 0.000000 0.000000 0.000000 0.000000 0.000000 0.000000 0.000000 0.000000
0 0.062460 0.164147 0.124720 0.200507 0.032000 0.109333 2.000000 0.040000 0.101333 2.000000 0.024000 0.104000 2.000000 0.054000 0.106667 2.000000 0.000000 0.000000 0.000000 0.078000 0.149333 2.000000 0.012000 0.160000 2.000000 0.068000 0.221333 2.000000 0.012000 0.226667 2.000000 0.018000 0.242667 2.000000 0.000000 0.000000 0.000000 0.112000 0.258667 1.000000 0.000000 0.000000 0.000000 0.000000 0.000000 0.000000 0.000000 0.000000 0.000000 0.000000 0.000000 0.000000 0.000000 0.000000 0.000000
0 0.426030 0.090893 0.070180 0.176827 0.434000 0.032000 2.000000 0.436000 0.021333 2.000000 0.430000 0.021333 2.000000 0.444000 0.018667 2.000000 0.424000 0.018667 2.000000 0.448000 0.069333 2.000000 0.408000 0.074667 2.000000 0.000000 0.000000 0.000000 0.000000 0.000000 0.000000 0.000000 0.000000 0.000000 0.000000 0.000000 0.000000 0.000000 0.000000 0.000000 0.000000 0.000000 0.000000 0.000000 0.000000 0.000000 0.000000 0.000000 0.000000 0.000000 0.000000 0.000000 0.000000 0.000000 0.000000
0 0.391170 0.192080 0.077020 0.143787 0.382000 0.170667 2.000000 0.390000 0.160000 2.000000 0.378000 0.160000 2.000000 0.404000 0.157333 2.000000 0.000000 0.000000 0.000000 0.406000 0.194667 2.000000 0.360000 0.194667 1.000000 0.000000 0.000000 0.000000 0.000000 0.000000 0.000000 0.000000 0.000000 0.000000 0.000000 0.000000 0.000000 0.000000 0.000000 0.000000 0.000000 0.000000 0.000000 0.000000 0.000000 0.000000 0.000000 0.000000 0.000000 0.000000 0.000000 0.000000 0.000000 0.000000 0.000000
0 0.311950 0.195213 0.087300 0.128133 0.308000 0.178667 2.000000 0.314000 0.168000 2.000000 0.304000 0.170667 2.000000 0.322000 0.170667 2.000000 0.296000 0.170667 2.000000 0.330000 0.194667 2.000000 0.296000 0.189333 1.000000 0.324000 0.234667 2.000000 0.288000 0.224000 1.000000 0.322000 0.202667 2.000000 0.300000 0.200000 2.000000 0.000000 0.000000 0.000000 0.000000 0.000000 0.000000 0.000000 0.000000 0.000000 0.000000 0.000000 0.000000 0.000000 0.000000 0.000000 0.000000 0.000000 0.000000
0 0.644530 0.131973 0.090780 0.169760 0.616000 0.106667 2.000000 0.622000 0.093333 2.000000 0.610000 0.096000 2.000000 0.636000 0.098667 2.000000 0.000000 0.000000 0.000000 0.660000 0.146667 2.000000 0.612000 0.149333 2.000000 0.666000 0.221333 1.000000 0.608000 0.218667 1.000000 0.000000 0.000000 0.000000 0.000000 0.000000 0.000000 0.000000 0.000000 0.000000 0.000000 0.000000 0.000000 0.000000 0.000000 0.000000 0.000000 0.000000 0.000000 0.000000 0.000000 0.000000 0.000000 0.000000 0.000000
0 0.811980 0.149480 0.089080 0.220827 0.836000 0.088000 2.000000 0.842000 0.069333 2.000000 0.824000 0.074667 2.000000 0.000000 0.000000 0.000000 0.000000 0.000000 0.000000 0.000000 0.000000 0.000000 0.822000 0.133333 1.000000 0.000000 0.000000 0.000000 0.800000 0.194667 2.000000 0.000000 0.000000 0.000000 0.000000 0.000000 0.000000 0.000000 0.000000 0.000000 0.000000 0.000000 0.000000 0.000000 0.000000 0.000000 0.000000 0.000000 0.000000 0.000000 0.000000 0.000000 0.000000 0.000000 0.000000
