0 0.459430 0.600952 0.162078 0.418347 0.000000 0.000000 0.000000 0.000000 0.000000 0.000000 0.000000 0.000000 0.000000 0.000000 0.000000 0.000000 0.000000 0.000000 0.000000 0.451562 0.435146 2.000000 0.495312 0.441423 2.000000 0.000000 0.000000 0.000000 0.518750 0.529289 2.000000 0.000000 0.000000 0.000000 0.498437 0.592050 1.000000 0.393750 0.520921 2.000000 0.439063 0.518828 2.000000 0.421875 0.625523 2.000000 0.442188 0.627615 2.000000 0.435937 0.732218 2.000000 0.437500 0.767782 2.000000
0 0.761648 0.651140 0.194234 0.401695 0.000000 0.000000 0.000000 0.000000 0.000000 0.000000 0.000000 0.000000 0.000000 0.000000 0.000000 0.000000 0.000000 0.000000 0.000000 0.693750 0.562762 2.000000 0.756250 0.606695 2.000000 0.000000 0.000000 0.000000 0.789062 0.742678 2.000000 0.781250 0.661088 2.000000 0.810937 0.677824 2.000000 0.000000 0.000000 0.000000 0.000000 0.000000 0.000000 0.000000 0.000000 0.000000 0.000000 0.000000 0.000000 0.000000 0.000000 0.000000 0.000000 0.000000 0.000000
0 0.328961 0.501119 0.154422 0.494372 0.000000 0.000000 0.000000 0.000000 0.000000 0.000000 0.000000 0.000000 0.000000 0.000000 0.000000 0.000000 0.000000 0.000000 0.000000 0.278125 0.330544 2.000000 0.351562 0.326360 2.000000 0.257812 0.416318 2.000000 0.379688 0.405858 2.000000 0.000000 0.000000 0.000000 0.000000 0.000000 0.000000 0.303125 0.529289 2.000000 0.348438 0.527197 2.000000 0.303125 0.608787 2.000000 0.360938 0.598326 2.000000 0.312500 0.719665 2.000000 0.378125 0.715481 2.000000
0 0.064367 0.534738 0.128734 0.572866 0.000000 0.000000 0.000000 0.000000 0.000000 0.000000 0.000000 0.000000 0.000000 0.000000 0.000000 0.000000 0.054688 0.299163 2.000000 0.000000 0.000000 0.000000 0.060937 0.372385 2.000000 0.000000 0.000000 0.000000 0.109375 0.430962 2.000000 0.000000 0.000000 0.000000 0.112500 0.382845 2.000000 0.029687 0.537657 2.000000 0.073438 0.533473 2.000000 0.054688 0.627615 2.000000 0.098437 0.627615 2.000000 0.053125 0.730126 2.000000 0.085938 0.776151 2.000000
0 0.186305 0.524718 0.140984 0.505628 0.000000 0.000000 0.000000 0.000000 0.000000 0.000000 0.000000 0.000000 0.000000 0.156250 0.326360 2.000000 0.000000 0.000000 0.000000 0.151562 0.384937 2.000000 0.215625 0.368201 2.000000 0.128125 0.453975 2.000000 0.228125 0.453975 2.000000 0.000000 0.000000 0.000000 0.000000 0.000000 0.000000 0.175000 0.539749 2.000000 0.223438 0.520921 2.000000 0.192188 0.635983 2.000000 0.228125 0.625523 2.000000 0.204687 0.753138 2.000000 0.240625 0.732218 2.000000
0 0.651656 0.541987 0.122000 0.601297 0.000000 0.000000 0.000000 0.000000 0.000000 0.000000 0.000000 0.000000 0.000000 0.000000 0.000000 0.000000 0.660937 0.297071 2.000000 0.603125 0.374477 2.000000 0.679688 0.364017 2.000000 0.000000 0.000000 0.000000 0.698438 0.447699 2.000000 0.000000 0.000000 0.000000 0.687500 0.487448 2.000000 0.628125 0.541841 2.000000 0.676562 0.531381 2.000000 0.000000 0.000000 0.000000 0.000000 0.000000 0.000000 0.000000 0.000000 0.000000 0.000000 0.000000 0.000000
0 0.780742 0.439215 0.136203 0.465544 0.750000 0.280335 2.000000 0.759375 0.265690 2.000000 0.745313 0.267782 2.000000 0.781250 0.246862 2.000000 0.000000 0.000000 0.000000 0.821875 0.320084 2.000000 0.745313 0.317992 2.000000 0.829688 0.405858 2.000000 0.734375 0.380753 2.000000 0.773438 0.433054 1.000000 0.740625 0.401674 2.000000 0.803125 0.510460 2.000000 0.751563 0.508368 1.000000 0.804688 0.631799 1.000000 0.742188 0.629707 1.000000 0.000000 0.000000 0.000000 0.000000 0.000000 0.000000
0 0.588445 0.423692 0.071328 0.338347 0.000000 0.000000 0.000000 0.000000 0.000000 0.000000 0.617188 0.301255 1.000000 0.000000 0.000000 0.000000 0.595313 0.307531 2.000000 0.635938 0.353556 1.000000 0.570312 0.355649 2.000000 0.000000 0.000000 0.000000 0.568750 0.405858 2.000000 0.000000 0.000000 0.000000 0.565625 0.426778 2.000000 0.618750 0.476987 1.000000 0.584375 0.474895 2.000000 0.621875 0.569038 1.000000 0.584375 0.573222 2.000000 0.000000 0.000000 0.000000 0.000000 0.000000 0.000000
0 0.468242 0.354561 0.090016 0.164435 0.439063 0.322176 2.000000 0.446875 0.313808 2.000000 0.435937 0.313808 2.000000 0.462500 0.313808 2.000000 0.000000 0.000000 0.000000 0.485938 0.366109 2.000000 0.434375 0.368201 2.000000 0.503125 0.430962 1.000000 0.000000 0.000000 0.000000 0.000000 0.000000 0.000000 0.000000 0.000000 0.000000 0.484375 0.483264 1.000000 0.442188 0.483264 1.000000 0.000000 0.000000 0.000000 0.000000 0.000000 0.000000 0.000000 0.000000 0.000000 0.000000 0.000000 0.000000
0 0.186391 0.313494 0.106062 0.154226 0.182812 0.282427 1.000000 0.192188 0.267782 2.000000 0.178125 0.267782 2.000000 0.206250 0.271967 2.000000 0.000000 0.000000 0.000000 0.229687 0.328452 2.000000 0.151562 0.328452 1.000000 0.000000 0.000000 0.000000 0.000000 0.000000 0.000000 0.000000 0.000000 0.000000 0.000000 0.000000 0.000000 0.207813 0.447699 1.000000 0.170313 0.451883 1.000000 0.000000 0.000000 0.000000 0.000000 0.000000 0.000000 0.000000 0.000000 0.000000 0.000000 0.000000 0.000000
0 0.127398 0.476621 0.083484 0.400941 0.096875 0.313808 2.000000 0.103125 0.307531 2.000000 0.000000 0.000000 0.000000 0.121875 0.311715 2.000000 0.000000 0.000000 0.000000 0.154688 0.336820 1.000000 0.089063 0.357741 2.000000 0.000000 0.000000 0.000000 0.000000 0.000000 0.000000 0.000000 0.000000 0.000000 0.000000 0.000000 0.000000 0.150000 0.445607 1.000000 0.115625 0.458159 1.000000 0.000000 0.000000 0.000000 0.126562 0.554393 1.000000 0.000000 0.000000 0.000000 0.157812 0.648536 2.000000
