0 0.673500 0.421639 0.132906 0.503419 0.618750 0.248244 2.000000 0.628125 0.236534 2.000000 0.620313 0.234192 2.000000 0.657813 0.241218 2.000000 0.000000 0.000000 0.000000 0.689063 0.311475 2.000000 0.617188 0.302108 2.000000 0.726562 0.381733 2.000000 0.000000 0.000000 0.000000 0.718750 0.416862 2.000000 0.607812 0.412178 1.000000 0.682813 0.484778 2.000000 0.631250 0.482436 2.000000 0.687500 0.622951 1.000000 0.640625 0.622951 2.000000 0.000000 0.000000 0.000000 0.000000 0.000000 0.000000
0 0.533750 0.419098 0.206906 0.546066 0.542188 0.297424 2.000000 0.559375 0.278689 2.000000 0.529687 0.278689 2.000000 0.000000 0.000000 0.000000 0.503125 0.264637 2.000000 0.590625 0.318501 2.000000 0.478125 0.325527 2.000000 0.600000 0.456674 2.000000 0.471875 0.459016 2.000000 0.600000 0.590164 2.000000 0.531250 0.606557 2.000000 0.570312 0.592506 2.000000 0.485938 0.606557 2.000000 0.000000 0.000000 0.000000 0.000000 0.000000 0.000000 0.000000 0.000000 0.000000 0.000000 0.000000 0.000000
0 0.265375 0.485386 0.221906 0.480890 0.304688 0.395785 2.000000 0.310937 0.374707 2.000000 0.287500 0.374707 2.000000 0.000000 0.000000 0.000000 0.267188 0.353630 2.000000 0.329688 0.402810 2.000000 0.220312 0.405152 2.000000 0.343750 0.540984 2.000000 0.167187 0.545667 2.000000 0.350000 0.653396 2.000000 0.232813 0.622951 1.000000 0.328125 0.676815 2.000000 0.253125 0.676815 1.000000 0.000000 0.000000 0.000000 0.000000 0.000000 0.000000 0.000000 0.000000 0.000000 0.000000 0.000000 0.000000
0 0.745148 0.242693 0.047984 0.125855 0.732812 0.208431 2.000000 0.739062 0.201405 2.000000 0.729688 0.201405 2.000000 0.000000 0.000000 0.000000 0.000000 0.000000 0.000000 0.753125 0.236534 2.000000 0.000000 0.000000 0.000000 0.765625 0.290398 2.000000 0.000000 0.000000 0.000000 0.740625 0.288056 2.000000 0.000000 0.000000 0.000000 0.000000 0.000000 0.000000 0.000000 0.000000 0.000000 0.000000 0.000000 0.000000 0.000000 0.000000 0.000000 0.000000 0.000000 0.000000 0.000000 0.000000 0.000000
0 0.166523 0.268162 0.049578 0.224052 0.146875 0.189696 2.000000 0.153125 0.182670 2.000000 0.145313 0.182670 2.000000 0.165625 0.187354 2.000000 0.000000 0.000000 0.000000 0.173437 0.222482 2.000000 0.145313 0.222482 1.000000 0.178125 0.276347 2.000000 0.000000 0.000000 0.000000 0.156250 0.283372 1.000000 0.000000 0.000000 0.000000 0.171875 0.318501 2.000000 0.153125 0.316159 1.000000 0.173437 0.402810 1.000000 0.153125 0.402810 1.000000 0.000000 0.000000 0.000000 0.000000 0.000000 0.000000
0 0.339586 0.217588 0.058234 0.121733 0.345313 0.201405 2.000000 0.348438 0.192037 2.000000 0.339062 0.192037 2.000000 0.356250 0.194379 2.000000 0.334375 0.192037 2.000000 0.357812 0.229508 2.000000 0.325000 0.231850 2.000000 0.000000 0.000000 0.000000 0.000000 0.000000 0.000000 0.000000 0.000000 0.000000 0.000000 0.000000 0.000000 0.000000 0.000000 0.000000 0.000000 0.000000 0.000000 0.000000 0.000000 0.000000 0.000000 0.000000 0.000000 0.000000 0.000000 0.000000 0.000000 0.000000 0.000000
0 0.390211 0.428525 0.107828 0.501967 0.431250 0.252927 2.000000 0.000000 0.000000 0.000000 0.432812 0.241218 2.000000 0.000000 0.000000 0.000000 0.415625 0.243560 2.000000 0.343750 0.285714 2.000000 0.410938 0.318501 1.000000 0.000000 0.000000 0.000000 0.000000 0.000000 0.000000 0.000000 0.000000 0.000000 0.000000 0.000000 0.000000 0.345313 0.491803 1.000000 0.401562 0.508197 1.000000 0.000000 0.000000 0.000000 0.000000 0.000000 0.000000 0.000000 0.000000 0.000000 0.000000 0.000000 0.000000
0 0.440344 0.431136 0.141344 0.527049 0.000000 0.000000 0.000000 0.000000 0.000000 0.000000 0.000000 0.000000 0.000000 0.000000 0.000000 0.000000 0.479687 0.248244 2.000000 0.409375 0.313817 2.000000 0.485938 0.323185 1.000000 0.376563 0.409836 1.000000 0.000000 0.000000 0.000000 0.000000 0.000000 0.000000 0.000000 0.000000 0.000000 0.390625 0.569087 2.000000 0.453125 0.592506 2.000000 0.415625 0.763466 1.000000 0.471875 0.751756 1.000000 0.000000 0.000000 0.000000 0.000000 0.000000 0.000000
0 0.141430 0.300539 0.062984 0.209133 0.137500 0.231850 2.000000 0.140625 0.222482 2.000000 0.129688 0.222482 2.000000 0.000000 0.000000 0.000000 0.121875 0.224824 2.000000 0.151562 0.269321 2.000000 0.123438 0.266979 2.000000 0.154688 0.327869 2.000000 0.126562 0.285714 2.000000 0.123438 0.318501 2.000000 0.112500 0.320843 2.000000 0.150000 0.372365 2.000000 0.129688 0.362998 2.000000 0.000000 0.000000 0.000000 0.000000 0.000000 0.000000 0.000000 0.000000 0.000000 0.000000 0.000000 0.000000
0 0.946305 0.431066 0.107391 0.403724 0.000000 0.000000 0.000000 0.000000 0.000000 0.000000 0.000000 0.000000 0.000000 0.000000 0.000000 0.000000 0.000000 0.000000 0.000000 0.959375 0.262295 2.000000 0.989062 0.264637 2.000000 0.000000 0.000000 0.000000 0.978125 0.348946 2.000000 0.000000 0.000000 0.000000 0.000000 0.000000 0.000000 0.909375 0.379391 2.000000 0.932813 0.381733 2.000000 0.928125 0.501171 2.000000 0.946875 0.505855 2.000000 0.931250 0.601874 2.000000 0.942187 0.608899 2.000000
