0 0.505648 0.679052 0.196859 0.328829 0.546875 0.611241 2.000000 0.556250 0.587822 2.000000 0.537500 0.590164 2.000000 0.000000 0.000000 0.000000 0.509375 0.597190 2.000000 0.571875 0.669789 2.000000 0.468750 0.672131 2.000000 0.573438 0.824356 2.000000 0.418750 0.819672 2.000000 0.590625 0.718970 2.000000 0.478125 0.747073 1.000000 0.525000 0.875878 1.000000 0.462500 0.875878 1.000000 0.000000 0.000000 0.000000 0.000000 0.000000 0.000000 0.000000 0.000000 0.000000 0.000000 0.000000 0.000000
0 0.809187 0.841218 0.232906 0.317564 0.000000 0.000000 0.000000 0.000000 0.000000 0.000000 0.000000 0.000000 0.000000 0.000000 0.000000 0.000000 0.000000 0.000000 0.000000 0.742188 0.896956 2.000000 0.903125 0.901639 2.000000 0.000000 0.000000 0.000000 0.000000 0.000000 0.000000 0.717187 0.896956 2.000000 0.000000 0.000000 0.000000 0.000000 0.000000 0.000000 0.000000 0.000000 0.000000 0.000000 0.000000 0.000000 0.000000 0.000000 0.000000 0.000000 0.000000 0.000000 0.000000 0.000000 0.000000
0 0.395930 0.568934 0.121016 0.238525 0.000000 0.000000 0.000000 0.000000 0.000000 0.000000 0.000000 0.000000 0.000000 0.370312 0.501171 2.000000 0.407813 0.501171 2.000000 0.356250 0.573770 2.000000 0.437500 0.564403 2.000000 0.000000 0.000000 0.000000 0.000000 0.000000 0.000000 0.000000 0.000000 0.000000 0.000000 0.000000 0.000000 0.381250 0.740047 1.000000 0.439063 0.728337 1.000000 0.000000 0.000000 0.000000 0.000000 0.000000 0.000000 0.000000 0.000000 0.000000 0.000000 0.000000 0.000000
0 0.518758 0.865164 0.176922 0.242693 0.000000 0.000000 0.000000 0.000000 0.000000 0.000000 0.000000 0.000000 0.000000 0.451562 0.908665 2.000000 0.000000 0.000000 0.000000 0.000000 0.000000 0.000000 0.598437 0.978923 2.000000 0.000000 0.000000 0.000000 0.000000 0.000000 0.000000 0.000000 0.000000 0.000000 0.000000 0.000000 0.000000 0.000000 0.000000 0.000000 0.000000 0.000000 0.000000 0.000000 0.000000 0.000000 0.000000 0.000000 0.000000 0.000000 0.000000 0.000000 0.000000 0.000000 0.000000
0 0.535227 0.456019 0.058484 0.148665 0.520312 0.433255 2.000000 0.525000 0.423888 2.000000 0.515625 0.426230 2.000000 0.537500 0.421546 2.000000 0.507812 0.421546 2.000000 0.550000 0.451991 2.000000 0.503125 0.451991 1.000000 0.560937 0.524590 2.000000 0.478125 0.519906 1.000000 0.537500 0.498829 2.000000 0.514062 0.461358 1.000000 0.545312 0.552693 1.000000 0.510938 0.550351 1.000000 0.000000 0.000000 0.000000 0.000000 0.000000 0.000000 0.000000 0.000000 0.000000 0.000000 0.000000 0.000000
0 0.679070 0.642365 0.177766 0.365012 0.657813 0.526932 2.000000 0.665625 0.515222 2.000000 0.646875 0.519906 2.000000 0.676562 0.526932 2.000000 0.623437 0.536300 2.000000 0.690625 0.597190 2.000000 0.604688 0.613583 2.000000 0.710938 0.697892 1.000000 0.614062 0.709602 2.000000 0.751563 0.749415 2.000000 0.653125 0.644028 2.000000 0.689063 0.800937 1.000000 0.632812 0.812646 1.000000 0.000000 0.000000 0.000000 0.000000 0.000000 0.000000 0.000000 0.000000 0.000000 0.000000 0.000000 0.000000
0 0.834750 0.564063 0.164187 0.233326 0.820312 0.517564 2.000000 0.831250 0.498829 2.000000 0.809375 0.501171 2.000000 0.840625 0.510539 2.000000 0.801562 0.515222 2.000000 0.843750 0.569087 2.000000 0.789062 0.578454 2.000000 0.859375 0.651054 2.000000 0.778125 0.686183 1.000000 0.882812 0.613583 2.000000 0.000000 0.000000 0.000000 0.000000 0.000000 0.000000 0.000000 0.000000 0.000000 0.000000 0.000000 0.000000 0.000000 0.000000 0.000000 0.000000 0.000000 0.000000 0.000000 0.000000 0.000000
0 0.145430 0.521347 0.146922 0.233700 0.181250 0.440281 2.000000 0.182812 0.430913 2.000000 0.175000 0.433255 2.000000 0.000000 0.000000 0.000000 0.153125 0.449649 2.000000 0.195312 0.501171 2.000000 0.129688 0.505855 2.000000 0.212500 0.587822 2.000000 0.082812 0.550351 2.000000 0.201563 0.540984 2.000000 0.095312 0.484778 2.000000 0.185938 0.637002 1.000000 0.143750 0.639344 1.000000 0.000000 0.000000 0.000000 0.000000 0.000000 0.000000 0.000000 0.000000 0.000000 0.000000 0.000000 0.000000
0 0.730398 0.430269 0.074484 0.154871 0.753125 0.405152 2.000000 0.756250 0.398126 2.000000 0.751563 0.395785 2.000000 0.000000 0.000000 0.000000 0.737500 0.391101 2.000000 0.759375 0.419204 2.000000 0.704688 0.426230 2.000000 0.000000 0.000000 0.000000 0.701562 0.484778 1.000000 0.000000 0.000000 0.000000 0.734375 0.463700 2.000000 0.000000 0.000000 0.000000 0.000000 0.000000 0.000000 0.000000 0.000000 0.000000 0.000000 0.000000 0.000000 0.000000 0.000000 0.000000 0.000000 0.000000 0.000000
0 0.864977 0.474297 0.070984 0.190234 0.835938 0.407494 2.000000 0.840625 0.402810 2.000000 0.000000 0.000000 0.000000 0.845313 0.416862 2.000000 0.000000 0.000000 0.000000 0.850000 0.463700 2.000000 0.879687 0.451991 2.000000 0.000000 0.000000 0.000000 0.000000 0.000000 0.000000 0.000000 0.000000 0.000000 0.000000 0.000000 0.000000 0.860938 0.559719 1.000000 0.884375 0.550351 1.000000 0.000000 0.000000 0.000000 0.000000 0.000000 0.000000 0.000000 0.000000 0.000000 0.000000 0.000000 0.000000
0 0.234281 0.810831 0.160844 0.358384 0.248438 0.718970 2.000000 0.257812 0.700234 2.000000 0.235937 0.700234 2.000000 0.270313 0.702576 2.000000 0.207813 0.707260 2.000000 0.281250 0.791569 2.000000 0.175000 0.805621 2.000000 0.264062 0.932084 2.000000 0.168750 0.953162 2.000000 0.289062 0.908665 2.000000 0.209375 0.915691 1.000000 0.000000 0.000000 0.000000 0.000000 0.000000 0.000000 0.000000 0.000000 0.000000 0.000000 0.000000 0.000000 0.000000 0.000000 0.000000 0.000000 0.000000 0.000000
0 0.917547 0.542307 0.110094 0.220867 0.959375 0.494145 2.000000 0.964063 0.482436 2.000000 0.954688 0.484778 2.000000 0.000000 0.000000 0.000000 0.921875 0.487119 2.000000 0.959375 0.545667 2.000000 0.900000 0.564403 2.000000 0.000000 0.000000 0.000000 0.000000 0.000000 0.000000 0.000000 0.000000 0.000000 0.000000 0.000000 0.000000 0.000000 0.000000 0.000000 0.000000 0.000000 0.000000 0.000000 0.000000 0.000000 0.000000 0.000000 0.000000 0.000000 0.000000 0.000000 0.000000 0.000000 0.000000
0 0.941352 0.808162 0.117297 0.383677 0.954688 0.690867 2.000000 0.971875 0.686183 2.000000 0.967187 0.674473 2.000000 0.000000 0.000000 0.000000 0.000000 0.000000 0.000000 0.000000 0.000000 0.000000 0.976562 0.838407 2.000000 0.962500 0.859485 2.000000 0.943750 0.983607 2.000000 0.909375 0.829040 2.000000 0.892188 0.936768 1.000000 0.000000 0.000000 0.000000 0.992188 0.992974 2.000000 0.000000 0.000000 0.000000 0.000000 0.000000 0.000000 0.000000 0.000000 0.000000 0.000000 0.000000 0.000000
