0 0.372461 0.636008 0.316016 0.647859 0.000000 0.000000 0.000000 0.000000 0.000000 0.000000 0.000000 0.000000 0.000000 0.000000 0.000000 0.000000 0.479687 0.443750 2.000000 0.337500 0.551562 2.000000 0.503125 0.585938 2.000000 0.239063 0.642188 2.000000 0.000000 0.000000 0.000000 0.273438 0.512500 2.000000 0.000000 0.000000 0.000000 0.320312 0.895312 2.000000 0.423438 0.906250 2.000000 0.000000 0.000000 0.000000 0.000000 0.000000 0.000000 0.000000 0.000000 0.000000 0.000000 0.000000 0.000000
0 0.114609 0.099312 0.071906 0.141562 0.123438 0.050000 2.000000 0.128125 0.046875 2.000000 0.118750 0.046875 2.000000 0.000000 0.000000 0.000000 0.109375 0.045312 2.000000 0.139063 0.064062 1.000000 0.089063 0.071875 2.000000 0.142187 0.104688 2.000000 0.089063 0.109375 2.000000 0.107813 0.104688 2.000000 0.000000 0.000000 0.000000 0.135937 0.129688 2.000000 0.095312 0.134375 2.000000 0.131250 0.185938 1.000000 0.095312 0.184375 1.000000 0.000000 0.000000 0.000000 0.000000 0.000000 0.000000
0 0.905898 0.482758 0.074891 0.117953 0.875000 0.465625 2.000000 0.882812 0.456250 2.000000 0.000000 0.000000 0.000000 0.903125 0.459375 2.000000 0.000000 0.000000 0.000000 0.920312 0.504687 2.000000 0.000000 0.000000 0.000000 0.000000 0.000000 0.000000 0.000000 0.000000 0.000000 0.000000 0.000000 0.000000 0.000000 0.000000 0.000000 0.000000 0.000000 0.000000 0.000000 0.000000 0.000000 0.000000 0.000000 0.000000 0.000000 0.000000 0.000000 0.000000 0.000000 0.000000 0.000000 0.000000 0.000000
0 0.801109 0.633062 0.141531 0.491187 0.000000 0.000000 0.000000 0.000000 0.000000 0.000000 0.000000 0.000000 0.000000 0.000000 0.000000 0.000000 0.000000 0.000000 0.000000 0.834375 0.500000 1.000000 0.846875 0.489063 1.000000 0.832812 0.585938 2.000000 0.000000 0.000000 0.000000 0.776563 0.564063 1.000000 0.000000 0.000000 0.000000 0.810937 0.620313 1.000000 0.831250 0.604688 1.000000 0.745313 0.742188 2.000000 0.789062 0.729688 2.000000 0.746875 0.860938 2.000000 0.853125 0.817187 1.000000
0 0.180555 0.618055 0.271266 0.709953 0.000000 0.000000 0.000000 0.000000 0.000000 0.000000 0.000000 0.000000 0.000000 0.170313 0.337500 2.000000 0.256250 0.346875 2.000000 0.125000 0.406250 2.000000 0.264062 0.440625 2.000000 0.057813 0.548438 2.000000 0.276562 0.562500 1.000000 0.118750 0.529687 2.000000 0.000000 0.000000 0.000000 0.106250 0.600000 2.000000 0.221875 0.623437 1.000000 0.095312 0.770312 2.000000 0.164062 0.775000 2.000000 0.095312 0.912500 2.000000 0.150000 0.878125 2.000000
0 0.755906 0.149094 0.092688 0.100312 0.779687 0.121875 2.000000 0.784375 0.115625 2.000000 0.775000 0.115625 2.000000 0.000000 0.000000 0.000000 0.765625 0.120313 2.000000 0.790625 0.143750 2.000000 0.746875 0.145313 2.000000 0.790625 0.175000 2.000000 0.000000 0.000000 0.000000 0.771875 0.170313 2.000000 0.000000 0.000000 0.000000 0.778125 0.190625 2.000000 0.750000 0.190625 1.000000 0.754687 0.171875 2.000000 0.721875 0.173437 1.000000 0.000000 0.000000 0.000000 0.000000 0.000000 0.000000
0 0.612406 0.646133 0.315969 0.668828 0.000000 0.000000 0.000000 0.000000 0.000000 0.000000 0.000000 0.000000 0.000000 0.642188 0.415625 2.000000 0.000000 0.000000 0.000000 0.642188 0.517188 2.000000 0.664062 0.504687 2.000000 0.642188 0.675000 2.000000 0.000000 0.000000 0.000000 0.506250 0.631250 1.000000 0.000000 0.000000 0.000000 0.579688 0.798438 2.000000 0.600000 0.792188 2.000000 0.000000 0.000000 0.000000 0.000000 0.000000 0.000000 0.000000 0.000000 0.000000 0.000000 0.000000 0.000000
0 0.297531 0.133953 0.079469 0.215656 0.000000 0.000000 0.000000 0.000000 0.000000 0.000000 0.000000 0.000000 0.000000 0.000000 0.000000 0.000000 0.000000 0.000000 0.000000 0.334375 0.043750 2.000000 0.284375 0.040625 2.000000 0.335938 0.093750 1.000000 0.268750 0.075000 2.000000 0.306250 0.106250 2.000000 0.268750 0.103125 2.000000 0.301563 0.134375 2.000000 0.271875 0.131250 2.000000 0.289062 0.184375 2.000000 0.268750 0.182812 2.000000 0.287500 0.243750 1.000000 0.267188 0.239063 1.000000
0 0.047453 0.148953 0.048406 0.204312 0.039062 0.068750 2.000000 0.043750 0.064062 2.000000 0.032813 0.062500 2.000000 0.050000 0.064062 2.000000 0.000000 0.000000 0.000000 0.048438 0.084375 2.000000 0.000000 0.000000 0.000000 0.065625 0.117188 2.000000 0.000000 0.000000 0.000000 0.039062 0.114062 2.000000 0.000000 0.000000 0.000000 0.046875 0.150000 2.000000 0.000000 0.000000 0.000000 0.042188 0.215625 2.000000 0.000000 0.000000 0.000000 0.043750 0.260937 1.000000 0.000000 0.000000 0.000000
0 0.197648 0.075117 0.090672 0.098609 0.209375 0.051562 2.000000 0.212500 0.046875 2.000000 0.206250 0.046875 2.000000 0.218750 0.051562 2.000000 0.198437 0.048438 2.000000 0.226562 0.075000 2.000000 0.184375 0.067187 2.000000 0.232813 0.107813 1.000000 0.165625 0.100000 2.000000 0.206250 0.104688 2.000000 0.168750 0.112500 2.000000 0.212500 0.128125 1.000000 0.189062 0.125000 1.000000 0.000000 0.000000 0.000000 0.000000 0.000000 0.000000 0.000000 0.000000 0.000000 0.000000 0.000000 0.000000
0 0.430656 0.073961 0.080031 0.098891 0.448437 0.028125 2.000000 0.000000 0.000000 0.000000 0.442188 0.025000 1.000000 0.000000 0.000000 0.000000 0.431250 0.025000 2.000000 0.457813 0.062500 2.000000 0.409375 0.051562 2.000000 0.462500 0.098437 1.000000 0.395313 0.085938 2.000000 0.448437 0.115625 2.000000 0.412500 0.104688 2.000000 0.442188 0.126562 1.000000 0.407813 0.125000 1.000000 0.000000 0.000000 0.000000 0.000000 0.000000 0.000000 0.000000 0.000000 0.000000 0.000000 0.000000 0.000000
