0 0.677477 0.511260 0.378391 0.858105 0.512500 0.166016 2.000000 0.523438 0.156250 2.000000 0.000000 0.000000 0.000000 0.559375 0.164062 2.000000 0.000000 0.000000 0.000000 0.521875 0.259766 2.000000 0.631250 0.234375 2.000000 0.507812 0.162109 2.000000 0.531250 0.189453 2.000000 0.601562 0.154297 2.000000 0.603125 0.162109 2.000000 0.632812 0.478516 2.000000 0.617188 0.476562 2.000000 0.651563 0.710938 2.000000 0.590625 0.654297 2.000000 0.803125 0.671875 2.000000 0.612500 0.871094 2.000000
0 0.139328 0.350566 0.145625 0.310117 0.148438 0.238281 2.000000 0.156250 0.234375 2.000000 0.145313 0.232422 2.000000 0.170313 0.236328 2.000000 0.000000 0.000000 0.000000 0.185938 0.269531 2.000000 0.129688 0.267578 2.000000 0.196875 0.332031 2.000000 0.107813 0.324219 2.000000 0.182812 0.373047 2.000000 0.096875 0.363281 2.000000 0.168750 0.365234 2.000000 0.132812 0.361328 2.000000 0.192188 0.380859 2.000000 0.092188 0.371094 2.000000 0.189062 0.460938 2.000000 0.096875 0.455078 2.000000
0 0.956250 0.167529 0.087500 0.132949 0.951562 0.136719 2.000000 0.957812 0.132812 2.000000 0.950000 0.130859 2.000000 0.973437 0.138672 2.000000 0.000000 0.000000 0.000000 0.984375 0.169922 2.000000 0.932813 0.166016 2.000000 0.990625 0.210938 1.000000 0.915625 0.207031 2.000000 0.000000 0.000000 0.000000 0.928125 0.224609 2.000000 0.971875 0.238281 1.000000 0.931250 0.238281 1.000000 0.950000 0.212891 2.000000 0.000000 0.000000 0.000000 0.000000 0.000000 0.000000 0.000000 0.000000 0.000000
0 0.920273 0.087881 0.086734 0.120684 0.914062 0.060547 2.000000 0.918750 0.054688 2.000000 0.909375 0.054688 2.000000 0.932813 0.056641 2.000000 0.000000 0.000000 0.000000 0.945312 0.078125 2.000000 0.898438 0.078125 2.000000 0.959375 0.123047 1.000000 0.884375 0.126953 2.000000 0.000000 0.000000 0.000000 0.000000 0.000000 0.000000 0.945312 0.156250 1.000000 0.901563 0.156250 1.000000 0.000000 0.000000 0.000000 0.000000 0.000000 0.000000 0.000000 0.000000 0.000000 0.000000 0.000000 0.000000
0 0.819219 0.215840 0.089625 0.083047 0.807813 0.207031 2.000000 0.812500 0.201172 2.000000 0.804688 0.201172 2.000000 0.829688 0.203125 2.000000 0.000000 0.000000 0.000000 0.851562 0.234375 2.000000 0.787500 0.232422 2.000000 0.000000 0.000000 0.000000 0.000000 0.000000 0.000000 0.000000 0.000000 0.000000 0.000000 0.000000 0.000000 0.000000 0.000000 0.000000 0.000000 0.000000 0.000000 0.000000 0.000000 0.000000 0.000000 0.000000 0.000000 0.000000 0.000000 0.000000 0.000000 0.000000 0.000000
0 0.404164 0.178008 0.127734 0.125625 0.418750 0.148438 2.000000 0.425000 0.142578 2.000000 0.414062 0.144531 2.000000 0.439063 0.142578 2.000000 0.000000 0.000000 0.000000 0.448437 0.173828 2.000000 0.406250 0.169922 2.000000 0.457813 0.232422 2.000000 0.384375 0.195312 2.000000 0.417187 0.248047 1.000000 0.356250 0.205078 2.000000 0.426563 0.255859 1.000000 0.396875 0.253906 1.000000 0.000000 0.000000 0.000000 0.000000 0.000000 0.000000 0.000000 0.000000 0.000000 0.000000 0.000000 0.000000
0 0.248688 0.177295 0.076563 0.106035 0.248438 0.148438 2.000000 0.254688 0.144531 2.000000 0.243750 0.144531 2.000000 0.264062 0.148438 2.000000 0.000000 0.000000 0.000000 0.271875 0.187500 2.000000 0.231250 0.183594 2.000000 0.273438 0.234375 1.000000 0.221875 0.222656 2.000000 0.000000 0.000000 0.000000 0.000000 0.000000 0.000000 0.000000 0.000000 0.000000 0.000000 0.000000 0.000000 0.000000 0.000000 0.000000 0.000000 0.000000 0.000000 0.000000 0.000000 0.000000 0.000000 0.000000 0.000000
0 0.189008 0.171162 0.064516 0.111504 0.182812 0.148438 2.000000 0.189062 0.144531 2.000000 0.179688 0.142578 2.000000 0.200000 0.152344 2.000000 0.000000 0.000000 0.000000 0.214062 0.183594 2.000000 0.159375 0.183594 2.000000 0.210938 0.226562 2.000000 0.000000 0.000000 0.000000 0.000000 0.000000 0.000000 0.000000 0.000000 0.000000 0.000000 0.000000 0.000000 0.000000 0.000000 0.000000 0.000000 0.000000 0.000000 0.000000 0.000000 0.000000 0.000000 0.000000 0.000000 0.000000 0.000000 0.000000
0 0.108930 0.157393 0.079359 0.131074 0.103125 0.123047 2.000000 0.109375 0.119141 2.000000 0.098437 0.119141 2.000000 0.121875 0.123047 2.000000 0.000000 0.000000 0.000000 0.140625 0.162109 2.000000 0.076563 0.164062 2.000000 0.140625 0.208984 1.000000 0.071875 0.212891 1.000000 0.000000 0.000000 0.000000 0.000000 0.000000 0.000000 0.117188 0.236328 1.000000 0.078125 0.234375 1.000000 0.000000 0.000000 0.000000 0.000000 0.000000 0.000000 0.000000 0.000000 0.000000 0.000000 0.000000 0.000000
0 0.298039 0.149883 0.064391 0.163242 0.293750 0.097656 2.000000 0.300000 0.095703 2.000000 0.289062 0.093750 2.000000 0.310937 0.101562 1.000000 0.000000 0.000000 0.000000 0.318750 0.130859 2.000000 0.278125 0.128906 2.000000 0.317188 0.187500 2.000000 0.265625 0.166016 1.000000 0.284375 0.164062 2.000000 0.000000 0.000000 0.000000 0.309375 0.201172 2.000000 0.282813 0.199219 1.000000 0.285938 0.222656 1.000000 0.000000 0.000000 0.000000 0.000000 0.000000 0.000000 0.000000 0.000000 0.000000
