0 0.514890 0.793789 0.234858 0.398203 0.512618 0.689063 2.000000 0.528391 0.668750 2.000000 0.490536 0.673438 2.000000 0.000000 0.000000 0.000000 0.000000 0.000000 0.000000 0.575710 0.764062 2.000000 0.413249 0.757812 2.000000 0.591483 0.903125 2.000000 0.408517 0.909375 2.000000 0.000000 0.000000 0.000000 0.000000 0.000000 0.000000 0.522082 0.962500 2.000000 0.466877 0.965625 2.000000 0.000000 0.000000 0.000000 0.000000 0.000000 0.000000 0.000000 0.000000 0.000000 0.000000 0.000000 0.000000
0 0.513415 0.516203 0.135505 0.183281 0.536278 0.554688 2.000000 0.550473 0.531250 2.000000 0.514196 0.532813 2.000000 0.000000 0.000000 0.000000 0.477918 0.509375 2.000000 0.597792 0.568750 1.000000 0.405363 0.565625 1.000000 0.000000 0.000000 0.000000 0.000000 0.000000 0.000000 0.000000 0.000000 0.000000 0.000000 0.000000 0.000000 0.000000 0.000000 0.000000 0.000000 0.000000 0.000000 0.000000 0.000000 0.000000 0.000000 0.000000 0.000000 0.000000 0.000000 0.000000 0.000000 0.000000 0.000000
0 0.649038 0.788508 0.179085 0.422984 0.664038 0.648438 2.000000 0.660883 0.629687 2.000000 0.638801 0.640625 2.000000 0.000000 0.000000 0.000000 0.599369 0.659375 2.000000 0.687697 0.706250 2.000000 0.569401 0.746875 2.000000 0.727129 0.801562 2.000000 0.000000 0.000000 0.000000 0.684543 0.823438 2.000000 0.600946 0.840625 1.000000 0.689274 0.926562 2.000000 0.602524 0.950000 1.000000 0.000000 0.000000 0.000000 0.000000 0.000000 0.000000 0.000000 0.000000 0.000000 0.000000 0.000000 0.000000
0 0.904921 0.408992 0.190158 0.440453 0.876972 0.298438 2.000000 0.888013 0.284375 2.000000 0.859621 0.284375 2.000000 0.914826 0.270313 2.000000 0.000000 0.000000 0.000000 0.952681 0.332813 2.000000 0.824921 0.328125 1.000000 0.987382 0.431250 2.000000 0.000000 0.000000 0.000000 0.941640 0.451562 2.000000 0.000000 0.000000 0.000000 0.922713 0.537500 2.000000 0.834385 0.532813 1.000000 0.924290 0.684375 1.000000 0.837539 0.685937 1.000000 0.000000 0.000000 0.000000 0.000000 0.000000 0.000000
0 0.739716 0.278539 0.178391 0.252172 0.717666 0.221875 2.000000 0.731861 0.204687 2.000000 0.701893 0.204687 2.000000 0.750789 0.212500 2.000000 0.000000 0.000000 0.000000 0.782334 0.275000 2.000000 0.679811 0.285938 2.000000 0.799685 0.375000 2.000000 0.673502 0.379688 2.000000 0.000000 0.000000 0.000000 0.000000 0.000000 0.000000 0.763407 0.465625 1.000000 0.701893 0.468750 1.000000 0.000000 0.000000 0.000000 0.000000 0.000000 0.000000 0.000000 0.000000 0.000000 0.000000 0.000000 0.000000
0 0.563304 0.352680 0.162634 0.278734 0.544164 0.304688 2.000000 0.556782 0.287500 2.000000 0.531546 0.289062 2.000000 0.594637 0.281250 2.000000 0.000000 0.000000 0.000000 0.624606 0.371875 2.000000 0.504732 0.342187 1.000000 0.000000 0.000000 0.000000 0.000000 0.000000 0.000000 0.000000 0.000000 0.000000 0.000000 0.000000 0.000000 0.000000 0.000000 0.000000 0.000000 0.000000 0.000000 0.000000 0.000000 0.000000 0.000000 0.000000 0.000000 0.000000 0.000000 0.000000 0.000000 0.000000 0.000000
0 0.382240 0.482773 0.279022 0.364047 0.455836 0.387500 2.000000 0.000000 0.000000 0.000000 0.000000 0.000000 0.000000 0.485804 0.396875 2.000000 0.000000 0.000000 0.000000 0.454259 0.459375 2.000000 0.373817 0.400000 2.000000 0.397476 0.646875 1.000000 0.264984 0.500000 2.000000 0.332808 0.540625 2.000000 0.370662 0.548438 2.000000 0.364353 0.632812 2.000000 0.271293 0.598437 1.000000 0.000000 0.000000 0.000000 0.000000 0.000000 0.000000 0.000000 0.000000 0.000000 0.000000 0.000000 0.000000
0 0.345946 0.304492 0.279022 0.285391 0.305994 0.240625 2.000000 0.310726 0.226562 2.000000 0.282334 0.229687 2.000000 0.000000 0.000000 0.000000 0.242902 0.232813 2.000000 0.000000 0.000000 0.000000 0.223975 0.320312 1.000000 0.000000 0.000000 0.000000 0.291798 0.356250 2.000000 0.000000 0.000000 0.000000 0.397476 0.350000 2.000000 0.000000 0.000000 0.000000 0.000000 0.000000 0.000000 0.000000 0.000000 0.000000 0.000000 0.000000 0.000000 0.000000 0.000000 0.000000 0.000000 0.000000 0.000000
0 0.534448 0.255477 0.313659 0.169609 0.542587 0.301563 1.000000 0.555205 0.287500 1.000000 0.531546 0.289062 1.000000 0.588328 0.284375 1.000000 0.000000 0.000000 0.000000 0.619874 0.382812 1.000000 0.514196 0.339062 1.000000 0.000000 0.000000 0.000000 0.000000 0.000000 0.000000 0.000000 0.000000 0.000000 0.000000 0.000000 0.000000 0.000000 0.000000 0.000000 0.000000 0.000000 0.000000 0.000000 0.000000 0.000000 0.000000 0.000000 0.000000 0.000000 0.000000 0.000000 0.000000 0.000000 0.000000
0 0.141632 0.596805 0.283265 0.803422 0.220820 0.310937 2.000000 0.000000 0.000000 0.000000 0.212934 0.293750 2.000000 0.000000 0.000000 0.000000 0.140379 0.295312 2.000000 0.197161 0.378125 2.000000 0.053628 0.401562 2.000000 0.236593 0.504687 2.000000 0.020505 0.575000 2.000000 0.266562 0.589063 2.000000 0.118297 0.679688 2.000000 0.246057 0.635938 2.000000 0.129338 0.667188 2.000000 0.241325 0.857812 1.000000 0.145110 0.890625 2.000000 0.000000 0.000000 0.000000 0.000000 0.000000 0.000000
0 0.064614 0.278352 0.127208 0.326172 0.113565 0.212500 2.000000 0.000000 0.000000 0.000000 0.097792 0.200000 2.000000 0.000000 0.000000 0.000000 0.037855 0.209375 2.000000 0.086751 0.281250 2.000000 0.000000 0.000000 0.000000 0.000000 0.000000 0.000000 0.000000 0.000000 0.000000 0.000000 0.000000 0.000000 0.000000 0.000000 0.000000 0.000000 0.000000 0.000000 0.000000 0.000000 0.000000 0.000000 0.000000 0.000000 0.000000 0.000000 0.000000 0.000000 0.000000 0.000000 0.000000 0.000000 0.000000
0 0.300962 0.827844 0.245773 0.344313 0.397476 0.750000 2.000000 0.000000 0.000000 0.000000 0.375394 0.732812 2.000000 0.000000 0.000000 0.000000 0.347003 0.771875 2.000000 0.373817 0.825000 2.000000 0.225552 0.931250 2.000000 0.397476 0.959375 2.000000 0.000000 0.000000 0.000000 0.000000 0.000000 0.000000 0.000000 0.000000 0.000000 0.000000 0.000000 0.000000 0.000000 0.000000 0.000000 0.000000 0.000000 0.000000 0.000000 0.000000 0.000000 0.000000 0.000000 0.000000 0.000000 0.000000 0.000000
0 0.897437 0.829609 0.198975 0.332719 0.851735 0.723437 2.000000 0.867508 0.714063 2.000000 0.000000 0.000000 0.000000 0.000000 0.000000 0.000000 0.000000 0.000000 0.000000 0.960568 0.821875 2.000000 0.843849 0.775000 2.000000 0.873817 0.843750 2.000000 0.821767 0.842187 2.000000 0.938486 0.792188 2.000000 0.821767 0.892188 2.000000 0.925868 0.978125 2.000000 0.810726 0.956250 2.000000 0.000000 0.000000 0.000000 0.000000 0.000000 0.000000 0.000000 0.000000 0.000000 0.000000 0.000000 0.000000
