0 0.767550 0.676727 0.236980 0.551532 0.706000 0.501502 2.000000 0.722000 0.483483 2.000000 0.000000 0.000000 0.000000 0.766000 0.495495 2.000000 0.000000 0.000000 0.000000 0.782000 0.579580 2.000000 0.774000 0.555556 2.000000 0.768000 0.744745 2.000000 0.732000 0.714715 2.000000 0.744000 0.612613 2.000000 0.718000 0.570571 2.000000 0.866000 0.810811 1.000000 0.836000 0.783784 2.000000 0.726000 0.810811 2.000000 0.694000 0.738739 2.000000 0.776000 0.936937 1.000000 0.684000 0.942943 1.000000
0 0.444500 0.708979 0.206520 0.330330 0.374000 0.672673 2.000000 0.384000 0.651652 2.000000 0.366000 0.648649 2.000000 0.436000 0.642643 2.000000 0.000000 0.000000 0.000000 0.492000 0.759760 2.000000 0.396000 0.711712 2.000000 0.446000 0.930931 1.000000 0.372000 0.834835 2.000000 0.000000 0.000000 0.000000 0.308000 0.891892 1.000000 0.000000 0.000000 0.000000 0.000000 0.000000 0.000000 0.000000 0.000000 0.000000 0.000000 0.000000 0.000000 0.000000 0.000000 0.000000 0.000000 0.000000 0.000000
0 0.648670 0.563303 0.132380 0.341502 0.634000 0.522523 2.000000 0.646000 0.492492 2.000000 0.618000 0.507508 2.000000 0.674000 0.474474 2.000000 0.000000 0.000000 0.000000 0.682000 0.540541 2.000000 0.000000 0.000000 0.000000 0.682000 0.741742 1.000000 0.000000 0.000000 0.000000 0.638000 0.594595 2.000000 0.000000 0.000000 0.000000 0.000000 0.000000 0.000000 0.000000 0.000000 0.000000 0.000000 0.000000 0.000000 0.000000 0.000000 0.000000 0.000000 0.000000 0.000000 0.000000 0.000000 0.000000
0 0.517490 0.438198 0.131980 0.522042 0.504000 0.288288 1.000000 0.518000 0.270270 2.000000 0.492000 0.270270 2.000000 0.558000 0.267267 2.000000 0.000000 0.000000 0.000000 0.564000 0.375375 1.000000 0.486000 0.354354 1.000000 0.536000 0.567568 2.000000 0.476000 0.477477 1.000000 0.462000 0.618619 1.000000 0.426000 0.591592 1.000000 0.552000 0.609610 1.000000 0.502000 0.597598 2.000000 0.440000 0.645646 1.000000 0.000000 0.000000 0.000000 0.000000 0.000000 0.000000 0.000000 0.000000 0.000000
0 0.621300 0.805586 0.175800 0.331111 0.540000 0.747748 1.000000 0.554000 0.729730 2.000000 0.546000 0.729730 2.000000 0.602000 0.747748 2.000000 0.000000 0.000000 0.000000 0.644000 0.855856 2.000000 0.558000 0.834835 2.000000 0.000000 0.000000 0.000000 0.000000 0.000000 0.000000 0.000000 0.000000 0.000000 0.000000 0.000000 0.000000 0.000000 0.000000 0.000000 0.000000 0.000000 0.000000 0.000000 0.000000 0.000000 0.000000 0.000000 0.000000 0.000000 0.000000 0.000000 0.000000 0.000000 0.000000
0 0.300620 0.491321 0.170040 0.203483 0.242000 0.522523 1.000000 0.258000 0.498498 1.000000 0.240000 0.495495 1.000000 0.302000 0.507508 1.000000 0.000000 0.000000 0.000000 0.318000 0.633634 1.000000 0.254000 0.612613 1.000000 0.000000 0.000000 0.000000 0.000000 0.000000 0.000000 0.000000 0.000000 0.000000 0.000000 0.000000 0.000000 0.000000 0.000000 0.000000 0.000000 0.000000 0.000000 0.000000 0.000000 0.000000 0.000000 0.000000 0.000000 0.000000 0.000000 0.000000 0.000000 0.000000 0.000000
0 0.127220 0.591021 0.233480 0.404505 0.074000 0.462462 2.000000 0.084000 0.438438 2.000000 0.000000 0.000000 0.000000 0.126000 0.426426 2.000000 0.000000 0.000000 0.000000 0.146000 0.480480 2.000000 0.158000 0.465465 2.000000 0.098000 0.636637 2.000000 0.000000 0.000000 0.000000 0.032000 0.663664 2.000000 0.036000 0.636637 2.000000 0.112000 0.717718 2.000000 0.100000 0.699700 2.000000 0.000000 0.000000 0.000000 0.000000 0.000000 0.000000 0.000000 0.000000 0.000000 0.000000 0.000000 0.000000
0 0.502850 0.142913 0.082580 0.227688 0.512000 0.087087 2.000000 0.522000 0.075075 2.000000 0.500000 0.078078 2.000000 0.540000 0.087087 2.000000 0.488000 0.087087 2.000000 0.558000 0.156156 1.000000 0.488000 0.159159 2.000000 0.000000 0.000000 0.000000 0.468000 0.246246 1.000000 0.000000 0.000000 0.000000 0.466000 0.264264 1.000000 0.000000 0.000000 0.000000 0.000000 0.000000 0.000000 0.000000 0.000000 0.000000 0.000000 0.000000 0.000000 0.000000 0.000000 0.000000 0.000000 0.000000 0.000000
0 0.294710 0.130526 0.110180 0.261051 0.000000 0.000000 0.000000 0.000000 0.000000 0.000000 0.000000 0.000000 0.000000 0.000000 0.000000 0.000000 0.000000 0.000000 0.000000 0.334000 0.063063 2.000000 0.266000 0.063063 2.000000 0.324000 0.171171 2.000000 0.250000 0.141141 2.000000 0.252000 0.186186 1.000000 0.258000 0.171171 2.000000 0.334000 0.228228 1.000000 0.276000 0.219219 2.000000 0.242000 0.231231 1.000000 0.000000 0.000000 0.000000 0.000000 0.000000 0.000000 0.000000 0.000000 0.000000
0 0.161930 0.155360 0.073620 0.137928 0.154000 0.177177 2.000000 0.164000 0.153153 2.000000 0.144000 0.162162 2.000000 0.190000 0.153153 1.000000 0.000000 0.000000 0.000000 0.000000 0.000000 0.000000 0.000000 0.000000 0.000000 0.000000 0.000000 0.000000 0.000000 0.000000 0.000000 0.000000 0.000000 0.000000 0.000000 0.000000 0.000000 0.000000 0.000000 0.000000 0.000000 0.000000 0.000000 0.000000 0.000000 0.000000 0.000000 0.000000 0.000000 0.000000 0.000000 0.000000 0.000000 0.000000 0.000000
0 0.937250 0.219610 0.125500 0.418919 0.956000 0.120120 2.000000 0.966000 0.099099 2.000000 0.942000 0.102102 2.000000 0.000000 0.000000 0.000000 0.924000 0.120120 2.000000 0.000000 0.000000 0.000000 0.936000 0.219219 2.000000 0.966000 0.393393 2.000000 0.902000 0.381381 2.000000 0.936000 0.360360 2.000000 0.964000 0.351351 2.000000 0.000000 0.000000 0.000000 0.940000 0.420420 2.000000 0.000000 0.000000 0.000000 0.000000 0.000000 0.000000 0.000000 0.000000 0.000000 0.000000 0.000000 0.000000
0 0.349460 0.704489 0.064360 0.155045 0.316000 0.717718 1.000000 0.328000 0.705706 2.000000 0.322000 0.699700 2.000000 0.354000 0.723724 2.000000 0.000000 0.000000 0.000000 0.382000 0.795796 1.000000 0.306000 0.786787 1.000000 0.000000 0.000000 0.000000 0.000000 0.000000 0.000000 0.000000 0.000000 0.000000 0.000000 0.000000 0.000000 0.000000 0.000000 0.000000 0.000000 0.000000 0.000000 0.000000 0.000000 0.000000 0.000000 0.000000 0.000000 0.000000 0.000000 0.000000 0.000000 0.000000 0.000000
0 0.709480 0.113063 0.139200 0.226126 0.716000 0.090090 2.000000 0.732000 0.069069 2.000000 0.706000 0.069069 2.000000 0.756000 0.084084 2.000000 0.694000 0.084084 2.000000 0.780000 0.171171 1.000000 0.676000 0.165165 2.000000 0.000000 0.000000 0.000000 0.642000 0.258258 1.000000 0.000000 0.000000 0.000000 0.000000 0.000000 0.000000 0.000000 0.000000 0.000000 0.000000 0.000000 0.000000 0.000000 0.000000 0.000000 0.000000 0.000000 0.000000 0.000000 0.000000 0.000000 0.000000 0.000000 0.000000
