0 0.268508 0.611229 0.139359 0.620227 0.295312 0.376033 1.000000 0.000000 0.000000 0.000000 0.284375 0.363636 2.000000 0.000000 0.000000 0.000000 0.253125 0.355372 2.000000 0.285938 0.413223 2.000000 0.229687 0.429752 2.000000 0.000000 0.000000 0.000000 0.210938 0.530992 2.000000 0.000000 0.000000 0.000000 0.251563 0.586777 2.000000 0.295312 0.590909 2.000000 0.248438 0.597107 2.000000 0.309375 0.737603 1.000000 0.248438 0.737603 1.000000 0.307812 0.865702 2.000000 0.250000 0.857438 1.000000
0 0.126609 0.665176 0.249812 0.602252 0.156250 0.427686 2.000000 0.165625 0.419421 2.000000 0.143750 0.419421 2.000000 0.000000 0.000000 0.000000 0.128125 0.425620 1.000000 0.179688 0.500000 2.000000 0.106250 0.514463 2.000000 0.181250 0.580579 2.000000 0.087500 0.630165 2.000000 0.228125 0.551653 2.000000 0.079687 0.731405 2.000000 0.146875 0.665289 1.000000 0.109375 0.671488 1.000000 0.209375 0.752066 1.000000 0.053125 0.824380 2.000000 0.203125 0.927686 2.000000 0.010937 0.913223 2.000000
0 0.349406 0.626612 0.102313 0.574835 0.343750 0.411157 2.000000 0.348438 0.394628 2.000000 0.337500 0.398760 2.000000 0.000000 0.000000 0.000000 0.321875 0.394628 2.000000 0.346875 0.431818 1.000000 0.323437 0.456612 2.000000 0.000000 0.000000 0.000000 0.384375 0.522727 2.000000 0.000000 0.000000 0.000000 0.378125 0.456612 2.000000 0.381250 0.592975 1.000000 0.364063 0.599174 2.000000 0.357812 0.776860 2.000000 0.384375 0.754132 2.000000 0.343750 0.859504 2.000000 0.364063 0.871901 2.000000
0 0.449937 0.633471 0.162281 0.561157 0.445312 0.402893 2.000000 0.454688 0.392562 2.000000 0.437500 0.390496 2.000000 0.465625 0.400826 2.000000 0.421875 0.398760 1.000000 0.489063 0.466942 2.000000 0.401562 0.462810 2.000000 0.506250 0.533058 2.000000 0.384375 0.551653 2.000000 0.520312 0.586777 2.000000 0.385937 0.615702 2.000000 0.465625 0.640496 2.000000 0.410938 0.638430 2.000000 0.465625 0.762397 2.000000 0.410938 0.756198 2.000000 0.454688 0.878099 2.000000 0.410938 0.880165 2.000000
0 0.519031 0.535486 0.102906 0.434897 0.528125 0.373967 2.000000 0.537500 0.363636 2.000000 0.523438 0.361570 2.000000 0.546875 0.371901 2.000000 0.512500 0.365702 1.000000 0.560937 0.423554 2.000000 0.479687 0.419421 2.000000 0.000000 0.000000 0.000000 0.000000 0.000000 0.000000 0.000000 0.000000 0.000000 0.000000 0.000000 0.000000 0.542188 0.588843 2.000000 0.495312 0.586777 2.000000 0.539062 0.716942 2.000000 0.509375 0.712810 2.000000 0.539062 0.853306 1.000000 0.507812 0.853306 1.000000
0 0.573562 0.560671 0.066281 0.402252 0.576562 0.398760 2.000000 0.584375 0.392562 2.000000 0.568750 0.394628 2.000000 0.596875 0.402893 2.000000 0.559375 0.407025 2.000000 0.626563 0.452479 1.000000 0.560937 0.452479 2.000000 0.000000 0.000000 0.000000 0.000000 0.000000 0.000000 0.000000 0.000000 0.000000 0.000000 0.000000 0.000000 0.629687 0.603306 1.000000 0.587500 0.607438 2.000000 0.000000 0.000000 0.000000 0.584375 0.727273 2.000000 0.000000 0.000000 0.000000 0.571875 0.861570 1.000000
0 0.649547 0.636353 0.117844 0.544979 0.617188 0.413223 2.000000 0.621875 0.400826 2.000000 0.607812 0.409091 2.000000 0.639062 0.398760 2.000000 0.603125 0.423554 2.000000 0.670312 0.458678 2.000000 0.604688 0.493802 2.000000 0.000000 0.000000 0.000000 0.609375 0.572314 2.000000 0.000000 0.000000 0.000000 0.610938 0.657025 2.000000 0.684375 0.623967 1.000000 0.639062 0.630165 2.000000 0.684375 0.741736 1.000000 0.645312 0.756198 2.000000 0.684375 0.853306 2.000000 0.657813 0.865702 2.000000
0 0.719031 0.613192 0.118438 0.590599 0.695312 0.380165 2.000000 0.701562 0.369835 2.000000 0.689063 0.373967 2.000000 0.728125 0.371901 2.000000 0.000000 0.000000 0.000000 0.746875 0.442149 2.000000 0.689063 0.454545 2.000000 0.754687 0.539256 2.000000 0.676562 0.555785 2.000000 0.728125 0.621901 2.000000 0.671875 0.605372 2.000000 0.718750 0.621901 2.000000 0.684375 0.623967 2.000000 0.723437 0.721074 2.000000 0.692187 0.723140 2.000000 0.737500 0.869835 1.000000 0.709375 0.859504 1.000000
0 0.796180 0.520227 0.100266 0.429215 0.771875 0.369835 2.000000 0.779687 0.355372 2.000000 0.765625 0.359504 2.000000 0.803125 0.353306 2.000000 0.000000 0.000000 0.000000 0.815625 0.423554 2.000000 0.000000 0.000000 0.000000 0.821875 0.520661 2.000000 0.000000 0.000000 0.000000 0.801562 0.601240 2.000000 0.000000 0.000000 0.000000 0.790625 0.607438 2.000000 0.765625 0.605372 2.000000 0.800000 0.743802 1.000000 0.000000 0.000000 0.000000 0.000000 0.000000 0.000000 0.000000 0.000000 0.000000
0 0.921617 0.603409 0.145797 0.624256 0.915625 0.347107 2.000000 0.926562 0.336777 2.000000 0.909375 0.336777 2.000000 0.945312 0.342975 2.000000 0.000000 0.000000 0.000000 0.979688 0.423554 2.000000 0.878125 0.419421 2.000000 0.000000 0.000000 0.000000 0.853125 0.495868 2.000000 0.000000 0.000000 0.000000 0.895312 0.557851 2.000000 0.954688 0.595041 1.000000 0.906250 0.595041 1.000000 0.956250 0.745868 2.000000 0.907813 0.750000 1.000000 0.957812 0.863636 2.000000 0.934375 0.859504 2.000000
