0 0.231359 0.556616 0.119250 0.374918 0.192188 0.412178 2.000000 0.198437 0.405152 2.000000 0.187500 0.405152 2.000000 0.210938 0.402810 2.000000 0.000000 0.000000 0.000000 0.226562 0.433255 2.000000 0.185938 0.444965 2.000000 0.232813 0.480094 2.000000 0.175000 0.482436 1.000000 0.221875 0.512881 2.000000 0.168750 0.515222 1.000000 0.235937 0.533958 2.000000 0.200000 0.540984 1.000000 0.259375 0.629977 2.000000 0.184375 0.627635 1.000000 0.276562 0.700234 2.000000 0.171875 0.704918 1.000000
0 0.403883 0.614672 0.215422 0.580867 0.382812 0.384075 2.000000 0.393750 0.367681 2.000000 0.382812 0.367681 2.000000 0.417187 0.372365 2.000000 0.000000 0.000000 0.000000 0.446875 0.440281 2.000000 0.371875 0.456674 2.000000 0.446875 0.491803 2.000000 0.345313 0.522248 2.000000 0.443750 0.536300 2.000000 0.315625 0.545667 2.000000 0.442188 0.592506 2.000000 0.398438 0.594848 2.000000 0.460938 0.697892 2.000000 0.000000 0.000000 0.000000 0.501563 0.836066 2.000000 0.000000 0.000000 0.000000
0 0.516320 0.392424 0.090266 0.173513 0.503125 0.344262 2.000000 0.509375 0.337237 2.000000 0.501563 0.337237 2.000000 0.521875 0.337237 2.000000 0.000000 0.000000 0.000000 0.546875 0.374707 2.000000 0.498437 0.381733 2.000000 0.562500 0.421546 1.000000 0.492188 0.412178 2.000000 0.556250 0.461358 2.000000 0.475000 0.440281 2.000000 0.548438 0.466042 2.000000 0.517188 0.463700 1.000000 0.546875 0.505855 1.000000 0.000000 0.000000 0.000000 0.000000 0.000000 0.000000 0.000000 0.000000 0.000000
0 0.694180 0.442002 0.110953 0.355059 0.660937 0.299766 2.000000 0.665625 0.295082 2.000000 0.656250 0.295082 2.000000 0.676562 0.288056 1.000000 0.000000 0.000000 0.000000 0.685937 0.320843 2.000000 0.651563 0.330211 2.000000 0.693750 0.370023 2.000000 0.640625 0.374707 1.000000 0.682813 0.409836 1.000000 0.650000 0.407494 1.000000 0.689063 0.405152 1.000000 0.657813 0.412178 1.000000 0.709375 0.484778 2.000000 0.640625 0.489461 1.000000 0.732812 0.566745 2.000000 0.634375 0.566745 1.000000
0 0.634953 0.580902 0.205406 0.644941 0.614062 0.332553 2.000000 0.621875 0.316159 2.000000 0.607812 0.318501 2.000000 0.635938 0.316159 2.000000 0.595313 0.327869 1.000000 0.662500 0.381733 2.000000 0.587500 0.398126 2.000000 0.689063 0.459016 2.000000 0.576562 0.498829 2.000000 0.000000 0.000000 0.000000 0.000000 0.000000 0.000000 0.654687 0.524590 1.000000 0.598437 0.536300 1.000000 0.712500 0.587822 2.000000 0.578125 0.672131 2.000000 0.717187 0.737705 2.000000 0.560937 0.833724 2.000000
0 0.896109 0.526300 0.207781 0.578407 0.854688 0.302108 2.000000 0.864062 0.290398 2.000000 0.846875 0.290398 2.000000 0.879687 0.292740 2.000000 0.837500 0.295082 1.000000 0.898438 0.346604 2.000000 0.817187 0.367681 2.000000 0.923438 0.435597 2.000000 0.809375 0.435597 2.000000 0.882812 0.412178 2.000000 0.810937 0.463700 2.000000 0.901563 0.510539 1.000000 0.851562 0.524590 2.000000 0.951562 0.618267 2.000000 0.835938 0.613583 2.000000 0.973437 0.751756 2.000000 0.823438 0.674473 2.000000
0 0.465531 0.551429 0.082469 0.411241 0.000000 0.000000 0.000000 0.000000 0.000000 0.000000 0.000000 0.000000 0.000000 0.000000 0.000000 0.000000 0.000000 0.000000 0.000000 0.465625 0.444965 1.000000 0.407813 0.449649 1.000000 0.478125 0.524590 2.000000 0.000000 0.000000 0.000000 0.439063 0.543326 1.000000 0.000000 0.000000 0.000000 0.473438 0.562061 2.000000 0.428125 0.566745 1.000000 0.478125 0.608899 1.000000 0.000000 0.000000 0.000000 0.492188 0.718970 2.000000 0.000000 0.000000 0.000000
0 0.179227 0.671300 0.254203 0.570796 0.125000 0.447307 2.000000 0.129688 0.435597 2.000000 0.000000 0.000000 0.000000 0.154688 0.437939 2.000000 0.000000 0.000000 0.000000 0.195312 0.484778 2.000000 0.121875 0.494145 2.000000 0.200000 0.550351 1.000000 0.095312 0.571429 2.000000 0.193750 0.606557 2.000000 0.067187 0.622951 2.000000 0.200000 0.637002 2.000000 0.137500 0.639344 1.000000 0.235937 0.770492 2.000000 0.000000 0.000000 0.000000 0.270313 0.911007 2.000000 0.000000 0.000000 0.000000
0 0.963477 0.294707 0.073047 0.172740 0.970313 0.248244 2.000000 0.975000 0.241218 2.000000 0.965625 0.243560 2.000000 0.982812 0.243560 2.000000 0.954688 0.250585 2.000000 0.996875 0.283372 2.000000 0.943750 0.297424 2.000000 0.000000 0.000000 0.000000 0.939063 0.337237 1.000000 0.000000 0.000000 0.000000 0.937500 0.353630 2.000000 0.996875 0.391101 1.000000 0.959375 0.398126 1.000000 0.000000 0.000000 0.000000 0.000000 0.000000 0.000000 0.000000 0.000000 0.000000 0.000000 0.000000 0.000000
0 0.790898 0.333735 0.095734 0.202646 0.793750 0.274005 2.000000 0.800000 0.266979 2.000000 0.787500 0.266979 2.000000 0.814063 0.266979 2.000000 0.781250 0.271663 1.000000 0.837500 0.309133 1.000000 0.770312 0.309133 2.000000 0.000000 0.000000 0.000000 0.765625 0.360656 2.000000 0.000000 0.000000 0.000000 0.757812 0.400468 2.000000 0.000000 0.000000 0.000000 0.789062 0.426230 1.000000 0.000000 0.000000 0.000000 0.762500 0.480094 1.000000 0.000000 0.000000 0.000000 0.000000 0.000000 0.000000
0 0.345953 0.437201 0.092969 0.181194 0.350000 0.393443 2.000000 0.354687 0.386417 2.000000 0.346875 0.388759 2.000000 0.367188 0.384075 2.000000 0.000000 0.000000 0.000000 0.387500 0.437939 1.000000 0.340625 0.440281 2.000000 0.000000 0.000000 0.000000 0.323437 0.480094 2.000000 0.000000 0.000000 0.000000 0.310937 0.505855 2.000000 0.376563 0.522248 1.000000 0.339062 0.522248 1.000000 0.000000 0.000000 0.000000 0.000000 0.000000 0.000000 0.000000 0.000000 0.000000 0.000000 0.000000 0.000000
