0 0.594391 0.742939 0.108875 0.315621 0.579688 0.637002 2.000000 0.585938 0.627635 2.000000 0.576562 0.627635 2.000000 0.601562 0.632319 2.000000 0.000000 0.000000 0.000000 0.618750 0.681499 2.000000 0.557813 0.688525 2.000000 0.639062 0.763466 2.000000 0.548438 0.791569 2.000000 0.626563 0.822014 2.000000 0.576562 0.829040 2.000000 0.604688 0.831382 2.000000 0.567187 0.829040 2.000000 0.606250 0.934426 1.000000 0.562500 0.932084 1.000000 0.000000 0.000000 0.000000 0.000000 0.000000 0.000000
0 0.925062 0.775281 0.134031 0.449438 0.906250 0.608899 2.000000 0.915625 0.599532 2.000000 0.903125 0.597190 2.000000 0.932813 0.599532 2.000000 0.000000 0.000000 0.000000 0.954688 0.667447 2.000000 0.882812 0.660422 2.000000 0.979688 0.754098 2.000000 0.875000 0.763466 2.000000 0.935937 0.784543 2.000000 0.876563 0.843091 2.000000 0.939063 0.817330 2.000000 0.898438 0.817330 2.000000 0.940625 0.927400 2.000000 0.898438 0.925059 2.000000 0.000000 0.000000 0.000000 0.000000 0.000000 0.000000
0 0.817812 0.268337 0.077125 0.124824 0.798438 0.238876 2.000000 0.803125 0.231850 2.000000 0.793750 0.234192 2.000000 0.814063 0.238876 2.000000 0.000000 0.000000 0.000000 0.832812 0.276347 2.000000 0.787500 0.288056 2.000000 0.842187 0.337237 1.000000 0.000000 0.000000 0.000000 0.000000 0.000000 0.000000 0.000000 0.000000 0.000000 0.000000 0.000000 0.000000 0.000000 0.000000 0.000000 0.000000 0.000000 0.000000 0.000000 0.000000 0.000000 0.000000 0.000000 0.000000 0.000000 0.000000 0.000000
0 0.685430 0.747108 0.095672 0.359368 0.671875 0.604215 2.000000 0.676562 0.597190 2.000000 0.668750 0.597190 2.000000 0.687500 0.604215 2.000000 0.000000 0.000000 0.000000 0.701562 0.644028 2.000000 0.651563 0.646370 2.000000 0.710938 0.690867 2.000000 0.648438 0.707260 2.000000 0.721875 0.688525 2.000000 0.651563 0.756440 2.000000 0.692187 0.761124 2.000000 0.659375 0.758782 2.000000 0.690625 0.840749 2.000000 0.662500 0.840749 2.000000 0.689063 0.906323 2.000000 0.664062 0.903981 2.000000
0 0.186430 0.756183 0.092172 0.463653 0.171875 0.566745 2.000000 0.178125 0.564403 2.000000 0.168750 0.562061 1.000000 0.193750 0.571429 2.000000 0.000000 0.000000 0.000000 0.206250 0.620609 2.000000 0.156250 0.625293 2.000000 0.215625 0.700234 2.000000 0.151562 0.695550 2.000000 0.209375 0.770492 2.000000 0.143750 0.758782 1.000000 0.192188 0.756440 2.000000 0.164062 0.751756 2.000000 0.184375 0.843091 2.000000 0.190625 0.852459 2.000000 0.184375 0.950820 2.000000 0.209375 0.929742 2.000000
0 0.281648 0.717108 0.141734 0.354496 0.231250 0.578454 2.000000 0.235937 0.571429 2.000000 0.000000 0.000000 0.000000 0.251563 0.571429 2.000000 0.000000 0.000000 0.000000 0.273438 0.590164 2.000000 0.228125 0.613583 2.000000 0.309375 0.585480 2.000000 0.000000 0.000000 0.000000 0.337500 0.557377 2.000000 0.000000 0.000000 0.000000 0.271875 0.707260 2.000000 0.240625 0.711944 2.000000 0.268750 0.779859 2.000000 0.232813 0.782201 2.000000 0.273438 0.864169 1.000000 0.232813 0.861827 2.000000
0 0.263148 0.370422 0.073516 0.182529 0.253125 0.306792 2.000000 0.257812 0.299766 2.000000 0.250000 0.302108 2.000000 0.268750 0.304450 2.000000 0.000000 0.000000 0.000000 0.276562 0.334895 2.000000 0.240625 0.341920 2.000000 0.289062 0.386417 2.000000 0.000000 0.000000 0.000000 0.253125 0.400468 2.000000 0.000000 0.000000 0.000000 0.267188 0.409836 2.000000 0.245312 0.409836 1.000000 0.000000 0.000000 0.000000 0.000000 0.000000 0.000000 0.000000 0.000000 0.000000 0.000000 0.000000 0.000000
0 0.069938 0.667728 0.046094 0.224543 0.071875 0.583138 2.000000 0.070312 0.578454 2.000000 0.067187 0.578454 2.000000 0.000000 0.000000 0.000000 0.000000 0.000000 0.000000 0.070312 0.599532 2.000000 0.060937 0.601874 2.000000 0.000000 0.000000 0.000000 0.070312 0.632319 2.000000 0.000000 0.000000 0.000000 0.084375 0.629977 2.000000 0.082812 0.655738 2.000000 0.071875 0.658080 2.000000 0.073438 0.716628 2.000000 0.078125 0.714286 2.000000 0.070312 0.758782 2.000000 0.081250 0.763466 2.000000
0 0.973164 0.701265 0.053641 0.268899 0.970313 0.592506 2.000000 0.971875 0.587822 2.000000 0.965625 0.587822 2.000000 0.000000 0.000000 0.000000 0.000000 0.000000 0.000000 0.989062 0.622951 2.000000 0.953125 0.622951 2.000000 0.000000 0.000000 0.000000 0.000000 0.000000 0.000000 0.000000 0.000000 0.000000 0.000000 0.000000 0.000000 0.979688 0.683841 2.000000 0.957812 0.683841 1.000000 0.984375 0.754098 1.000000 0.000000 0.000000 0.000000 0.982812 0.810304 2.000000 0.000000 0.000000 0.000000
0 0.600781 0.640012 0.089531 0.180867 0.582812 0.634660 1.000000 0.590625 0.627635 1.000000 0.576562 0.627635 1.000000 0.601562 0.629977 1.000000 0.000000 0.000000 0.000000 0.621875 0.683841 1.000000 0.562500 0.688525 1.000000 0.643750 0.761124 1.000000 0.550000 0.782201 1.000000 0.625000 0.817330 1.000000 0.573438 0.819672 1.000000 0.610938 0.798595 1.000000 0.571875 0.798595 1.000000 0.000000 0.000000 0.000000 0.000000 0.000000 0.000000 0.000000 0.000000 0.000000 0.000000 0.000000 0.000000
0 0.034484 0.641136 0.038625 0.226112 0.050000 0.552693 1.000000 0.000000 0.000000 0.000000 0.046875 0.545667 1.000000 0.000000 0.000000 0.000000 0.037500 0.552693 2.000000 0.042188 0.580796 2.000000 0.028125 0.583138 2.000000 0.000000 0.000000 0.000000 0.026562 0.629977 2.000000 0.000000 0.000000 0.000000 0.048438 0.637002 1.000000 0.046875 0.658080 1.000000 0.032813 0.662763 2.000000 0.000000 0.000000 0.000000 0.034375 0.721311 2.000000 0.000000 0.000000 0.000000 0.029687 0.786885 1.000000
