0 0.151914 0.575228 0.206266 0.504687 0.229687 0.391827 2.000000 0.235937 0.379808 2.000000 0.221875 0.379808 2.000000 0.000000 0.000000 0.000000 0.195312 0.382212 2.000000 0.240625 0.427885 2.000000 0.143750 0.425481 2.000000 0.223438 0.524038 2.000000 0.107813 0.526442 2.000000 0.264062 0.574519 1.000000 0.114062 0.629808 2.000000 0.207813 0.581731 2.000000 0.150000 0.581731 2.000000 0.281250 0.620192 1.000000 0.125000 0.637019 2.000000 0.275000 0.757212 1.000000 0.065625 0.766827 2.000000
0 0.743070 0.519339 0.242203 0.629639 0.712500 0.286058 2.000000 0.714063 0.271635 2.000000 0.700000 0.278846 2.000000 0.725000 0.257212 2.000000 0.684375 0.271635 2.000000 0.754687 0.278846 2.000000 0.685937 0.350962 2.000000 0.759375 0.370192 2.000000 0.715625 0.480769 2.000000 0.698438 0.427885 2.000000 0.684375 0.463942 2.000000 0.784375 0.466346 2.000000 0.735938 0.478365 2.000000 0.815625 0.610577 2.000000 0.726562 0.670673 2.000000 0.835938 0.769231 2.000000 0.678125 0.762019 2.000000
0 0.192078 0.148317 0.170906 0.175288 0.190625 0.120192 2.000000 0.198437 0.110577 2.000000 0.181250 0.110577 2.000000 0.000000 0.000000 0.000000 0.000000 0.000000 0.000000 0.240625 0.170673 2.000000 0.148438 0.175481 2.000000 0.267188 0.221154 1.000000 0.120313 0.223558 2.000000 0.000000 0.000000 0.000000 0.000000 0.000000 0.000000 0.000000 0.000000 0.000000 0.000000 0.000000 0.000000 0.000000 0.000000 0.000000 0.000000 0.000000 0.000000 0.000000 0.000000 0.000000 0.000000 0.000000 0.000000
0 0.475930 0.145781 0.149797 0.199880 0.479687 0.096154 2.000000 0.487500 0.086538 2.000000 0.471875 0.084135 2.000000 0.000000 0.000000 0.000000 0.456250 0.091346 2.000000 0.520312 0.149038 2.000000 0.435937 0.168269 2.000000 0.000000 0.000000 0.000000 0.000000 0.000000 0.000000 0.000000 0.000000 0.000000 0.000000 0.000000 0.000000 0.000000 0.000000 0.000000 0.000000 0.000000 0.000000 0.000000 0.000000 0.000000 0.000000 0.000000 0.000000 0.000000 0.000000 0.000000 0.000000 0.000000 0.000000
0 0.664375 0.072019 0.103875 0.139567 0.665625 0.019231 2.000000 0.668750 0.009615 2.000000 0.657813 0.012019 2.000000 0.000000 0.000000 0.000000 0.645312 0.007212 2.000000 0.693750 0.057692 2.000000 0.625000 0.060096 2.000000 0.000000 0.000000 0.000000 0.595313 0.105769 1.000000 0.000000 0.000000 0.000000 0.628125 0.117788 1.000000 0.687500 0.168269 1.000000 0.631250 0.168269 1.000000 0.000000 0.000000 0.000000 0.000000 0.000000 0.000000 0.000000 0.000000 0.000000 0.000000 0.000000 0.000000
0 0.729187 0.139375 0.110719 0.156635 0.720313 0.105769 2.000000 0.728125 0.096154 2.000000 0.715625 0.096154 2.000000 0.735938 0.100962 2.000000 0.703125 0.103365 2.000000 0.754687 0.161058 2.000000 0.682813 0.158654 2.000000 0.000000 0.000000 0.000000 0.000000 0.000000 0.000000 0.000000 0.000000 0.000000 0.000000 0.000000 0.000000 0.000000 0.000000 0.000000 0.000000 0.000000 0.000000 0.000000 0.000000 0.000000 0.000000 0.000000 0.000000 0.000000 0.000000 0.000000 0.000000 0.000000 0.000000
0 0.819281 0.145829 0.085562 0.145841 0.812500 0.129808 2.000000 0.818750 0.122596 2.000000 0.806250 0.122596 2.000000 0.828125 0.129808 2.000000 0.795312 0.132212 2.000000 0.843750 0.175481 2.000000 0.773438 0.168269 1.000000 0.000000 0.000000 0.000000 0.000000 0.000000 0.000000 0.000000 0.000000 0.000000 0.000000 0.000000 0.000000 0.000000 0.000000 0.000000 0.000000 0.000000 0.000000 0.000000 0.000000 0.000000 0.000000 0.000000 0.000000 0.000000 0.000000 0.000000 0.000000 0.000000 0.000000
0 0.927922 0.150589 0.105125 0.142716 0.928125 0.127404 2.000000 0.935937 0.120192 2.000000 0.921875 0.120192 2.000000 0.000000 0.000000 0.000000 0.000000 0.000000 0.000000 0.957812 0.177885 2.000000 0.893750 0.180288 2.000000 0.967187 0.247596 1.000000 0.881250 0.245192 1.000000 0.000000 0.000000 0.000000 0.000000 0.000000 0.000000 0.946875 0.290865 1.000000 0.901563 0.290865 1.000000 0.000000 0.000000 0.000000 0.000000 0.000000 0.000000 0.000000 0.000000 0.000000 0.000000 0.000000 0.000000
0 0.322797 0.644147 0.267906 0.394159 0.000000 0.000000 0.000000 0.000000 0.000000 0.000000 0.000000 0.000000 0.000000 0.000000 0.000000 0.000000 0.000000 0.000000 0.000000 0.332813 0.538462 2.000000 0.264062 0.536058 2.000000 0.378125 0.560096 2.000000 0.264062 0.620192 2.000000 0.428125 0.596154 2.000000 0.325000 0.632212 2.000000 0.279687 0.677885 2.000000 0.214062 0.689904 2.000000 0.357812 0.658654 2.000000 0.267188 0.641827 2.000000 0.287500 0.776442 2.000000 0.215625 0.778846 2.000000
0 0.560172 0.070096 0.086188 0.137067 0.606250 0.110577 1.000000 0.610938 0.096154 1.000000 0.598437 0.098558 1.000000 0.618750 0.108173 1.000000 0.585938 0.108173 1.000000 0.629687 0.151442 1.000000 0.573438 0.149038 1.000000 0.000000 0.000000 0.000000 0.000000 0.000000 0.000000 0.000000 0.000000 0.000000 0.615625 0.175481 1.000000 0.000000 0.000000 0.000000 0.000000 0.000000 0.000000 0.000000 0.000000 0.000000 0.000000 0.000000 0.000000 0.000000 0.000000 0.000000 0.000000 0.000000 0.000000
0 0.454406 0.076322 0.137281 0.152644 0.473438 0.004808 2.000000 0.000000 0.000000 0.000000 0.000000 0.000000 0.000000 0.000000 0.000000 0.000000 0.448437 0.000000 2.000000 0.498437 0.040865 2.000000 0.425000 0.043269 2.000000 0.509375 0.110577 2.000000 0.404687 0.112981 2.000000 0.487500 0.163462 1.000000 0.417187 0.170673 1.000000 0.490625 0.180288 1.000000 0.440625 0.180288 1.000000 0.000000 0.000000 0.000000 0.000000 0.000000 0.000000 0.000000 0.000000 0.000000 0.000000 0.000000 0.000000
0 0.611414 0.143137 0.129109 0.165120 0.604688 0.105769 2.000000 0.610938 0.096154 2.000000 0.598437 0.096154 2.000000 0.618750 0.105769 2.000000 0.584375 0.105769 2.000000 0.635938 0.153846 2.000000 0.560937 0.156250 2.000000 0.664062 0.204327 2.000000 0.565625 0.197115 2.000000 0.612500 0.204327 2.000000 0.621875 0.173077 2.000000 0.000000 0.000000 0.000000 0.000000 0.000000 0.000000 0.000000 0.000000 0.000000 0.000000 0.000000 0.000000 0.000000 0.000000 0.000000 0.000000 0.000000 0.000000
