0 0.477641 0.587447 0.220719 0.442922 0.470313 0.420428 2.000000 0.000000 0.000000 0.000000 0.000000 0.000000 0.000000 0.501563 0.420428 2.000000 0.000000 0.000000 0.000000 0.503125 0.467933 2.000000 0.457813 0.410926 2.000000 0.459375 0.551069 2.000000 0.442188 0.453682 2.000000 0.420312 0.565321 2.000000 0.412500 0.529691 2.000000 0.478125 0.608076 2.000000 0.451562 0.586698 2.000000 0.496875 0.688836 2.000000 0.426563 0.669834 2.000000 0.559375 0.738717 2.000000 0.398438 0.769596 2.000000
0 0.885461 0.649430 0.133047 0.341568 0.834375 0.522565 2.000000 0.840625 0.515439 2.000000 0.000000 0.000000 0.000000 0.859375 0.520190 2.000000 0.000000 0.000000 0.000000 0.887500 0.555819 2.000000 0.851562 0.558195 2.000000 0.904687 0.636580 2.000000 0.862500 0.610451 2.000000 0.879687 0.650831 2.000000 0.862500 0.646081 2.000000 0.934375 0.646081 2.000000 0.900000 0.648456 2.000000 0.892188 0.676960 2.000000 0.848437 0.662708 2.000000 0.931250 0.786223 2.000000 0.873437 0.771971 2.000000
0 0.333547 0.372352 0.116094 0.395297 0.348438 0.216152 2.000000 0.354687 0.209026 2.000000 0.343750 0.209026 2.000000 0.362500 0.216152 2.000000 0.000000 0.000000 0.000000 0.368750 0.258907 2.000000 0.323437 0.247031 2.000000 0.370312 0.332542 2.000000 0.300000 0.294537 2.000000 0.357812 0.375297 2.000000 0.284375 0.339667 2.000000 0.350000 0.370546 2.000000 0.320312 0.368171 2.000000 0.351562 0.448931 2.000000 0.309375 0.448931 2.000000 0.351562 0.541568 2.000000 0.301563 0.536817 2.000000
0 0.938125 0.259347 0.078875 0.137458 0.925000 0.225653 2.000000 0.929688 0.218527 2.000000 0.925000 0.218527 2.000000 0.943750 0.225653 2.000000 0.000000 0.000000 0.000000 0.959375 0.258907 2.000000 0.917188 0.251781 2.000000 0.960938 0.311164 2.000000 0.906250 0.296912 2.000000 0.925000 0.304038 2.000000 0.915625 0.306413 2.000000 0.950000 0.323040 2.000000 0.926562 0.323040 1.000000 0.000000 0.000000 0.000000 0.000000 0.000000 0.000000 0.000000 0.000000 0.000000 0.000000 0.000000 0.000000
0 0.824773 0.283955 0.086234 0.116271 0.825000 0.258907 2.000000 0.828125 0.251781 2.000000 0.821875 0.251781 2.000000 0.839063 0.256532 2.000000 0.817187 0.256532 2.000000 0.851562 0.289786 2.000000 0.807813 0.289786 2.000000 0.000000 0.000000 0.000000 0.793750 0.330166 2.000000 0.000000 0.000000 0.000000 0.000000 0.000000 0.000000 0.846875 0.368171 1.000000 0.809375 0.365796 1.000000 0.000000 0.000000 0.000000 0.000000 0.000000 0.000000 0.000000 0.000000 0.000000 0.000000 0.000000 0.000000
0 0.719977 0.289786 0.072609 0.099335 0.714063 0.273159 2.000000 0.718750 0.266033 2.000000 0.710938 0.266033 2.000000 0.728125 0.270784 2.000000 0.000000 0.000000 0.000000 0.740625 0.299287 2.000000 0.706250 0.299287 2.000000 0.000000 0.000000 0.000000 0.000000 0.000000 0.000000 0.000000 0.000000 0.000000 0.000000 0.000000 0.000000 0.000000 0.000000 0.000000 0.000000 0.000000 0.000000 0.000000 0.000000 0.000000 0.000000 0.000000 0.000000 0.000000 0.000000 0.000000 0.000000 0.000000 0.000000
0 0.604047 0.283100 0.064344 0.095938 0.604688 0.268409 2.000000 0.607812 0.261283 2.000000 0.601562 0.261283 2.000000 0.614062 0.266033 2.000000 0.596875 0.263658 2.000000 0.623437 0.294537 2.000000 0.590625 0.292162 2.000000 0.625000 0.327791 2.000000 0.582812 0.327791 2.000000 0.000000 0.000000 0.000000 0.000000 0.000000 0.000000 0.000000 0.000000 0.000000 0.000000 0.000000 0.000000 0.000000 0.000000 0.000000 0.000000 0.000000 0.000000 0.000000 0.000000 0.000000 0.000000 0.000000 0.000000
0 0.558187 0.276140 0.061594 0.106960 0.559375 0.251781 2.000000 0.562500 0.247031 2.000000 0.554688 0.247031 2.000000 0.568750 0.251781 2.000000 0.550000 0.251781 2.000000 0.579688 0.277910 2.000000 0.542188 0.275534 2.000000 0.000000 0.000000 0.000000 0.000000 0.000000 0.000000 0.000000 0.000000 0.000000 0.000000 0.000000 0.000000 0.000000 0.000000 0.000000 0.000000 0.000000 0.000000 0.000000 0.000000 0.000000 0.000000 0.000000 0.000000 0.000000 0.000000 0.000000 0.000000 0.000000 0.000000
0 0.461367 0.278492 0.065672 0.097553 0.462500 0.261283 2.000000 0.467187 0.254157 2.000000 0.459375 0.254157 2.000000 0.475000 0.261283 2.000000 0.000000 0.000000 0.000000 0.487500 0.299287 2.000000 0.442188 0.292162 2.000000 0.000000 0.000000 0.000000 0.000000 0.000000 0.000000 0.000000 0.000000 0.000000 0.000000 0.000000 0.000000 0.000000 0.000000 0.000000 0.000000 0.000000 0.000000 0.000000 0.000000 0.000000 0.000000 0.000000 0.000000 0.000000 0.000000 0.000000 0.000000 0.000000 0.000000
0 0.754586 0.692470 0.199703 0.262518 0.746875 0.610451 1.000000 0.750000 0.605701 2.000000 0.000000 0.000000 0.000000 0.000000 0.000000 0.000000 0.000000 0.000000 0.000000 0.781250 0.629454 2.000000 0.784375 0.627078 2.000000 0.720313 0.686461 2.000000 0.000000 0.000000 0.000000 0.675000 0.703088 2.000000 0.000000 0.000000 0.000000 0.835938 0.722090 2.000000 0.837500 0.714964 2.000000 0.734375 0.695962 2.000000 0.000000 0.000000 0.000000 0.806250 0.790974 2.000000 0.000000 0.000000 0.000000
