0 0.609852 0.733972 0.187391 0.532056 0.000000 0.000000 0.000000 0.000000 0.000000 0.000000 0.000000 0.000000 0.000000 0.593750 0.537383 2.000000 0.000000 0.000000 0.000000 0.579688 0.633178 2.000000 0.667188 0.570093 2.000000 0.601562 0.714953 2.000000 0.000000 0.000000 0.000000 0.578125 0.619159 2.000000 0.000000 0.000000 0.000000 0.625000 0.789720 2.000000 0.668750 0.759346 2.000000 0.553125 0.864486 2.000000 0.593750 0.810748 2.000000 0.000000 0.000000 0.000000 0.635938 0.976636 2.000000
0 0.547023 0.270783 0.114203 0.285397 0.550000 0.165888 2.000000 0.556250 0.154206 2.000000 0.539062 0.158879 2.000000 0.000000 0.000000 0.000000 0.000000 0.000000 0.000000 0.584375 0.228972 2.000000 0.523438 0.231308 2.000000 0.596875 0.322430 2.000000 0.514062 0.329439 2.000000 0.000000 0.000000 0.000000 0.000000 0.000000 0.000000 0.581250 0.380841 2.000000 0.545312 0.385514 2.000000 0.000000 0.000000 0.000000 0.000000 0.000000 0.000000 0.000000 0.000000 0.000000 0.000000 0.000000 0.000000
0 0.952187 0.269229 0.095625 0.373692 0.000000 0.000000 0.000000 0.000000 0.000000 0.000000 0.000000 0.000000 0.000000 0.000000 0.000000 0.000000 0.000000 0.000000 0.000000 0.990625 0.191589 2.000000 0.935937 0.193925 2.000000 0.000000 0.000000 0.000000 0.929688 0.294393 2.000000 0.000000 0.000000 0.000000 0.946875 0.371495 1.000000 0.982812 0.343458 2.000000 0.935937 0.343458 2.000000 0.973437 0.460280 1.000000 0.932813 0.453271 1.000000 0.956250 0.570093 1.000000 0.912500 0.565421 1.000000
0 0.818477 0.196530 0.141734 0.250491 0.820312 0.116822 2.000000 0.826562 0.105140 2.000000 0.814063 0.105140 2.000000 0.000000 0.000000 0.000000 0.000000 0.000000 0.000000 0.845313 0.175234 2.000000 0.789062 0.170561 2.000000 0.857812 0.247664 2.000000 0.762500 0.242991 1.000000 0.875000 0.303738 2.000000 0.000000 0.000000 0.000000 0.000000 0.000000 0.000000 0.000000 0.000000 0.000000 0.000000 0.000000 0.000000 0.000000 0.000000 0.000000 0.000000 0.000000 0.000000 0.000000 0.000000 0.000000
0 0.661180 0.260993 0.089984 0.152921 0.665625 0.212617 2.000000 0.671875 0.205607 2.000000 0.660937 0.210280 2.000000 0.000000 0.000000 0.000000 0.000000 0.000000 0.000000 0.678125 0.242991 2.000000 0.000000 0.000000 0.000000 0.000000 0.000000 0.000000 0.000000 0.000000 0.000000 0.000000 0.000000 0.000000 0.000000 0.000000 0.000000 0.000000 0.000000 0.000000 0.000000 0.000000 0.000000 0.000000 0.000000 0.000000 0.000000 0.000000 0.000000 0.000000 0.000000 0.000000 0.000000 0.000000 0.000000
0 0.312609 0.427091 0.117000 0.375117 0.306250 0.324766 2.000000 0.309375 0.317757 2.000000 0.298438 0.320093 2.000000 0.325000 0.317757 2.000000 0.290625 0.329439 2.000000 0.334375 0.357477 2.000000 0.281250 0.369159 2.000000 0.364063 0.394860 1.000000 0.293750 0.453271 2.000000 0.342187 0.341121 2.000000 0.343750 0.497664 2.000000 0.325000 0.502336 2.000000 0.290625 0.500000 2.000000 0.351562 0.504673 2.000000 0.300000 0.488318 2.000000 0.307812 0.598131 2.000000 0.290625 0.586449 2.000000
0 0.406008 0.198680 0.163484 0.290210 0.393750 0.107477 2.000000 0.400000 0.095794 2.000000 0.387500 0.095794 2.000000 0.000000 0.000000 0.000000 0.375000 0.107477 1.000000 0.431250 0.177570 1.000000 0.359375 0.200935 2.000000 0.000000 0.000000 0.000000 0.000000 0.000000 0.000000 0.000000 0.000000 0.000000 0.000000 0.000000 0.000000 0.000000 0.000000 0.000000 0.000000 0.000000 0.000000 0.000000 0.000000 0.000000 0.000000 0.000000 0.000000 0.000000 0.000000 0.000000 0.000000 0.000000 0.000000
0 0.065375 0.195502 0.130750 0.346051 0.000000 0.000000 0.000000 0.000000 0.000000 0.000000 0.000000 0.000000 0.000000 0.000000 0.000000 0.000000 0.000000 0.000000 0.000000 0.075000 0.182243 2.000000 0.000000 0.000000 0.000000 0.114062 0.315421 2.000000 0.000000 0.000000 0.000000 0.000000 0.000000 0.000000 0.000000 0.000000 0.000000 0.035937 0.383178 1.000000 0.000000 0.000000 0.000000 0.034375 0.495327 1.000000 0.000000 0.000000 0.000000 0.000000 0.000000 0.000000 0.000000 0.000000 0.000000
0 0.186812 0.210607 0.140187 0.345888 0.000000 0.000000 0.000000 0.000000 0.000000 0.000000 0.000000 0.000000 0.000000 0.000000 0.000000 0.000000 0.000000 0.000000 0.000000 0.220312 0.144860 2.000000 0.150000 0.179907 2.000000 0.000000 0.000000 0.000000 0.131250 0.264019 2.000000 0.000000 0.000000 0.000000 0.000000 0.000000 0.000000 0.232813 0.334112 2.000000 0.190625 0.352804 2.000000 0.000000 0.000000 0.000000 0.000000 0.000000 0.000000 0.000000 0.000000 0.000000 0.000000 0.000000 0.000000
0 0.425242 0.281379 0.123547 0.278037 0.409375 0.198598 2.000000 0.415625 0.186916 2.000000 0.404687 0.191589 2.000000 0.437500 0.193925 2.000000 0.000000 0.000000 0.000000 0.446875 0.257009 2.000000 0.385937 0.252336 2.000000 0.409375 0.252336 2.000000 0.000000 0.000000 0.000000 0.385937 0.172897 1.000000 0.000000 0.000000 0.000000 0.439063 0.434579 1.000000 0.400000 0.425234 1.000000 0.437500 0.551402 1.000000 0.392188 0.544393 1.000000 0.000000 0.000000 0.000000 0.000000 0.000000 0.000000
0 0.781031 0.325923 0.184938 0.192593 0.782813 0.308411 2.000000 0.000000 0.000000 0.000000 0.775000 0.303738 2.000000 0.000000 0.000000 0.000000 0.760938 0.303738 2.000000 0.800000 0.345794 2.000000 0.731250 0.352804 2.000000 0.785937 0.420561 1.000000 0.700000 0.427570 1.000000 0.806250 0.411215 1.000000 0.728125 0.450935 1.000000 0.767188 0.478972 1.000000 0.725000 0.481308 1.000000 0.000000 0.000000 0.000000 0.000000 0.000000 0.000000 0.000000 0.000000 0.000000 0.000000 0.000000 0.000000
0 0.651305 0.375070 0.072484 0.097991 0.645312 0.380841 2.000000 0.656250 0.373832 2.000000 0.639062 0.376168 2.000000 0.000000 0.000000 0.000000 0.000000 0.000000 0.000000 0.000000 0.000000 0.000000 0.000000 0.000000 0.000000 0.000000 0.000000 0.000000 0.000000 0.000000 0.000000 0.000000 0.000000 0.000000 0.000000 0.000000 0.000000 0.000000 0.000000 0.000000 0.000000 0.000000 0.000000 0.000000 0.000000 0.000000 0.000000 0.000000 0.000000 0.000000 0.000000 0.000000 0.000000 0.000000 0.000000
0 0.290844 0.174089 0.072719 0.115421 0.285938 0.140187 2.000000 0.290625 0.135514 2.000000 0.282813 0.135514 2.000000 0.296875 0.135514 1.000000 0.000000 0.000000 0.000000 0.306250 0.158879 2.000000 0.271875 0.154206 2.000000 0.314063 0.186916 2.000000 0.265625 0.186916 1.000000 0.314063 0.217290 1.000000 0.268750 0.210280 2.000000 0.301563 0.226636 2.000000 0.281250 0.221963 1.000000 0.000000 0.000000 0.000000 0.000000 0.000000 0.000000 0.000000 0.000000 0.000000 0.000000 0.000000 0.000000
