0 0.676177 0.464125 0.308979 0.250875 0.660417 0.420312 2.000000 0.683333 0.407813 2.000000 0.647917 0.404687 2.000000 0.712500 0.403125 2.000000 0.000000 0.000000 0.000000 0.754167 0.453125 2.000000 0.604167 0.425000 2.000000 0.683333 0.539062 2.000000 0.554167 0.495312 2.000000 0.658333 0.481250 2.000000 0.560417 0.529687 2.000000 0.764583 0.573438 2.000000 0.656250 0.543750 1.000000 0.000000 0.000000 0.000000 0.000000 0.000000 0.000000 0.000000 0.000000 0.000000 0.000000 0.000000 0.000000
0 0.632771 0.283797 0.152083 0.135125 0.606250 0.259375 2.000000 0.618750 0.253125 2.000000 0.000000 0.000000 0.000000 0.652083 0.251563 2.000000 0.000000 0.000000 0.000000 0.691667 0.303125 1.000000 0.608333 0.289062 2.000000 0.647917 0.353125 1.000000 0.562500 0.331250 1.000000 0.612500 0.298438 2.000000 0.587500 0.296875 2.000000 0.670833 0.376563 1.000000 0.620833 0.368750 1.000000 0.000000 0.000000 0.000000 0.000000 0.000000 0.000000 0.000000 0.000000 0.000000 0.000000 0.000000 0.000000
0 0.216990 0.316984 0.137688 0.190156 0.270833 0.268750 2.000000 0.272917 0.260937 2.000000 0.260417 0.262500 2.000000 0.000000 0.000000 0.000000 0.229167 0.259375 2.000000 0.262500 0.287500 2.000000 0.179167 0.285938 2.000000 0.000000 0.000000 0.000000 0.164583 0.339062 2.000000 0.000000 0.000000 0.000000 0.239583 0.334375 2.000000 0.229167 0.362500 1.000000 0.183333 0.378125 2.000000 0.314583 0.373437 1.000000 0.304167 0.381250 1.000000 0.000000 0.000000 0.000000 0.000000 0.000000 0.000000
0 0.412385 0.236156 0.102146 0.166719 0.408333 0.182812 2.000000 0.412500 0.176563 2.000000 0.402083 0.178125 2.000000 0.000000 0.000000 0.000000 0.391667 0.176563 2.000000 0.437500 0.192188 2.000000 0.377083 0.190625 2.000000 0.450000 0.228125 2.000000 0.364583 0.214062 1.000000 0.429167 0.228125 2.000000 0.368750 0.223438 1.000000 0.416667 0.242188 1.000000 0.377083 0.242188 1.000000 0.404167 0.276562 2.000000 0.356250 0.275000 1.000000 0.431250 0.303125 2.000000 0.381250 0.301563 1.000000
0 0.552865 0.256711 0.144354 0.154797 0.581250 0.207813 1.000000 0.583333 0.201563 2.000000 0.000000 0.000000 0.000000 0.593750 0.203125 2.000000 0.000000 0.000000 0.000000 0.585417 0.235937 1.000000 0.614583 0.228125 1.000000 0.562500 0.260937 2.000000 0.581250 0.253125 2.000000 0.543750 0.243750 2.000000 0.566667 0.243750 1.000000 0.558333 0.290625 1.000000 0.577083 0.287500 1.000000 0.518750 0.273438 2.000000 0.000000 0.000000 0.000000 0.497917 0.320312 2.000000 0.000000 0.000000 0.000000
0 0.766667 0.658023 0.466667 0.506172 0.870833 0.537500 2.000000 0.908333 0.510938 2.000000 0.858333 0.503125 2.000000 0.983333 0.517188 2.000000 0.000000 0.000000 0.000000 0.947917 0.656250 2.000000 0.883333 0.550000 2.000000 0.810417 0.820312 2.000000 0.804167 0.675000 2.000000 0.652083 0.798438 1.000000 0.683333 0.765625 1.000000 0.785417 0.854688 2.000000 0.737500 0.760938 1.000000 0.537500 0.845313 1.000000 0.512500 0.743750 1.000000 0.000000 0.000000 0.000000 0.000000 0.000000 0.000000
0 0.839938 0.820234 0.313833 0.353938 0.000000 0.000000 0.000000 0.000000 0.000000 0.000000 0.000000 0.000000 0.000000 0.000000 0.000000 0.000000 0.000000 0.000000 0.000000 0.000000 0.000000 0.000000 0.000000 0.000000 0.000000 0.000000 0.000000 0.000000 0.920833 0.921875 2.000000 0.000000 0.000000 0.000000 0.000000 0.000000 0.000000 0.000000 0.000000 0.000000 0.000000 0.000000 0.000000 0.000000 0.000000 0.000000 0.543750 0.942187 1.000000 0.000000 0.000000 0.000000 0.000000 0.000000 0.000000
0 0.548260 0.203766 0.075354 0.081500 0.541667 0.181250 2.000000 0.547917 0.176563 2.000000 0.541667 0.175000 2.000000 0.564583 0.182812 2.000000 0.000000 0.000000 0.000000 0.572917 0.198437 2.000000 0.545833 0.196875 2.000000 0.556250 0.228125 2.000000 0.518750 0.214062 2.000000 0.543750 0.221875 2.000000 0.531250 0.221875 2.000000 0.000000 0.000000 0.000000 0.000000 0.000000 0.000000 0.000000 0.000000 0.000000 0.000000 0.000000 0.000000 0.000000 0.000000 0.000000 0.000000 0.000000 0.000000
0 0.349062 0.402617 0.234250 0.245734 0.000000 0.000000 0.000000 0.000000 0.000000 0.000000 0.000000 0.000000 0.000000 0.000000 0.000000 0.000000 0.000000 0.000000 0.000000 0.272917 0.390625 2.000000 0.387500 0.403125 2.000000 0.000000 0.000000 0.000000 0.435417 0.467187 2.000000 0.389583 0.396875 2.000000 0.447917 0.428125 2.000000 0.304167 0.515625 1.000000 0.362500 0.521875 1.000000 0.385417 0.451562 2.000000 0.406250 0.485938 2.000000 0.483333 0.503125 1.000000 0.381250 0.568750 1.000000
0 0.330417 0.217891 0.094458 0.099562 0.000000 0.000000 0.000000 0.000000 0.000000 0.000000 0.000000 0.000000 0.000000 0.354167 0.193750 2.000000 0.000000 0.000000 0.000000 0.356250 0.215625 2.000000 0.293750 0.212500 2.000000 0.366667 0.260937 2.000000 0.281250 0.251563 1.000000 0.000000 0.000000 0.000000 0.000000 0.000000 0.000000 0.335417 0.284375 1.000000 0.302083 0.284375 1.000000 0.000000 0.000000 0.000000 0.000000 0.000000 0.000000 0.000000 0.000000 0.000000 0.000000 0.000000 0.000000
