0 0.625578 0.788082 0.241156 0.373045 0.684375 0.717822 2.000000 0.000000 0.000000 0.000000 0.690625 0.693069 2.000000 0.000000 0.000000 0.000000 0.676562 0.665842 2.000000 0.621875 0.693069 2.000000 0.637500 0.732673 2.000000 0.000000 0.000000 0.000000 0.671875 0.863861 2.000000 0.000000 0.000000 0.000000 0.712500 0.863861 2.000000 0.568750 0.898515 1.000000 0.585938 0.915842 2.000000 0.000000 0.000000 0.000000 0.698438 0.920792 1.000000 0.000000 0.000000 0.000000 0.000000 0.000000 0.000000
0 0.213719 0.682995 0.334031 0.589703 0.301563 0.495050 2.000000 0.000000 0.000000 0.000000 0.289062 0.480198 2.000000 0.000000 0.000000 0.000000 0.251563 0.467822 2.000000 0.259375 0.559406 2.000000 0.206250 0.537129 2.000000 0.278125 0.663366 2.000000 0.229687 0.700495 1.000000 0.343750 0.626238 2.000000 0.304688 0.735149 1.000000 0.198437 0.757426 2.000000 0.123438 0.779703 2.000000 0.307812 0.757426 1.000000 0.251563 0.789604 2.000000 0.000000 0.000000 0.000000 0.000000 0.000000 0.000000
0 0.413695 0.721077 0.131359 0.405569 0.379688 0.564356 2.000000 0.387500 0.556931 2.000000 0.371875 0.554455 2.000000 0.400000 0.566832 2.000000 0.367188 0.561881 2.000000 0.392188 0.611386 2.000000 0.370312 0.628713 1.000000 0.000000 0.000000 0.000000 0.381250 0.695545 2.000000 0.000000 0.000000 0.000000 0.417187 0.762376 2.000000 0.409375 0.700495 2.000000 0.392188 0.717822 2.000000 0.470313 0.727723 2.000000 0.457813 0.742574 2.000000 0.440625 0.826733 1.000000 0.428125 0.846535 2.000000
0 0.836102 0.853849 0.101328 0.231708 0.000000 0.000000 0.000000 0.000000 0.000000 0.000000 0.870313 0.784653 2.000000 0.000000 0.000000 0.000000 0.864062 0.809406 2.000000 0.817187 0.841584 2.000000 0.846875 0.873762 2.000000 0.818750 0.918317 2.000000 0.854688 0.975248 1.000000 0.851562 0.930693 2.000000 0.000000 0.000000 0.000000 0.000000 0.000000 0.000000 0.000000 0.000000 0.000000 0.000000 0.000000 0.000000 0.000000 0.000000 0.000000 0.000000 0.000000 0.000000 0.000000 0.000000 0.000000
0 0.325258 0.504344 0.067047 0.161114 0.354687 0.475248 2.000000 0.000000 0.000000 0.000000 0.348438 0.465347 2.000000 0.000000 0.000000 0.000000 0.329688 0.470297 2.000000 0.000000 0.000000 0.000000 0.315625 0.519802 2.000000 0.000000 0.000000 0.000000 0.337500 0.601485 1.000000 0.000000 0.000000 0.000000 0.346875 0.539604 2.000000 0.000000 0.000000 0.000000 0.000000 0.000000 0.000000 0.000000 0.000000 0.000000 0.000000 0.000000 0.000000 0.000000 0.000000 0.000000 0.000000 0.000000 0.000000
0 0.116523 0.430656 0.102484 0.208490 0.117188 0.368812 2.000000 0.000000 0.000000 0.000000 0.114062 0.361386 2.000000 0.000000 0.000000 0.000000 0.096875 0.363861 2.000000 0.000000 0.000000 0.000000 0.076563 0.396040 2.000000 0.000000 0.000000 0.000000 0.090625 0.450495 2.000000 0.000000 0.000000 0.000000 0.110937 0.400990 2.000000 0.082812 0.500000 1.000000 0.067187 0.497525 1.000000 0.123438 0.532178 1.000000 0.085938 0.537129 1.000000 0.000000 0.000000 0.000000 0.000000 0.000000 0.000000
0 0.078727 0.456176 0.120578 0.287649 0.117188 0.371287 1.000000 0.000000 0.000000 0.000000 0.114062 0.361386 1.000000 0.000000 0.000000 0.000000 0.096875 0.361386 1.000000 0.000000 0.000000 0.000000 0.073438 0.393564 1.000000 0.000000 0.000000 0.000000 0.092188 0.448020 1.000000 0.000000 0.000000 0.000000 0.109375 0.408416 1.000000 0.000000 0.000000 0.000000 0.000000 0.000000 0.000000 0.000000 0.000000 0.000000 0.000000 0.000000 0.000000 0.000000 0.000000 0.000000 0.000000 0.000000 0.000000
0 0.724758 0.771064 0.064578 0.206089 0.746875 0.712871 2.000000 0.000000 0.000000 0.000000 0.742188 0.707921 2.000000 0.000000 0.000000 0.000000 0.726562 0.707921 2.000000 0.710938 0.725248 2.000000 0.732812 0.742574 2.000000 0.000000 0.000000 0.000000 0.000000 0.000000 0.000000 0.000000 0.000000 0.000000 0.000000 0.000000 0.000000 0.700000 0.801980 2.000000 0.715625 0.814356 2.000000 0.000000 0.000000 0.000000 0.000000 0.000000 0.000000 0.000000 0.000000 0.000000 0.000000 0.000000 0.000000
0 0.272555 0.361510 0.067797 0.131980 0.250000 0.331683 2.000000 0.251563 0.324257 2.000000 0.000000 0.000000 0.000000 0.260937 0.321782 2.000000 0.000000 0.000000 0.000000 0.271875 0.341584 2.000000 0.000000 0.000000 0.000000 0.276562 0.413366 1.000000 0.000000 0.000000 0.000000 0.000000 0.000000 0.000000 0.000000 0.000000 0.000000 0.300000 0.452970 1.000000 0.000000 0.000000 0.000000 0.000000 0.000000 0.000000 0.000000 0.000000 0.000000 0.000000 0.000000 0.000000 0.000000 0.000000 0.000000
0 0.828195 0.818255 0.103328 0.266460 0.879687 0.735149 1.000000 0.000000 0.000000 0.000000 0.876563 0.727723 2.000000 0.000000 0.000000 0.000000 0.860938 0.732673 2.000000 0.820312 0.769802 2.000000 0.851562 0.789604 1.000000 0.000000 0.000000 0.000000 0.895312 0.844059 1.000000 0.000000 0.000000 0.000000 0.000000 0.000000 0.000000 0.795312 0.938119 1.000000 0.828125 0.960396 1.000000 0.000000 0.000000 0.000000 0.000000 0.000000 0.000000 0.000000 0.000000 0.000000 0.000000 0.000000 0.000000
0 0.103086 0.332092 0.081047 0.239629 0.068750 0.242574 1.000000 0.071875 0.235149 2.000000 0.000000 0.000000 0.000000 0.082812 0.237624 2.000000 0.000000 0.000000 0.000000 0.089063 0.274752 2.000000 0.096875 0.274752 2.000000 0.103125 0.306931 2.000000 0.000000 0.000000 0.000000 0.104688 0.376238 1.000000 0.000000 0.000000 0.000000 0.103125 0.368812 1.000000 0.114062 0.368812 1.000000 0.000000 0.000000 0.000000 0.000000 0.000000 0.000000 0.000000 0.000000 0.000000 0.000000 0.000000 0.000000
