0 0.342586 0.676405 0.361328 0.552810 0.389062 0.468384 2.000000 0.387500 0.459016 2.000000 0.378125 0.459016 2.000000 0.000000 0.000000 0.000000 0.353125 0.484778 2.000000 0.414062 0.550351 2.000000 0.379688 0.529274 2.000000 0.434375 0.641686 2.000000 0.354687 0.540984 2.000000 0.478125 0.716628 2.000000 0.337500 0.517564 2.000000 0.412500 0.740047 2.000000 0.368750 0.730679 2.000000 0.454688 0.873536 2.000000 0.343750 0.843091 2.000000 0.376563 0.840749 2.000000 0.243750 0.892272 2.000000
0 0.737219 0.548595 0.209344 0.703044 0.753125 0.295082 2.000000 0.757812 0.285714 2.000000 0.746875 0.283372 2.000000 0.000000 0.000000 0.000000 0.721875 0.266979 2.000000 0.771875 0.325527 2.000000 0.679688 0.325527 2.000000 0.789062 0.402810 2.000000 0.656250 0.419204 2.000000 0.818750 0.475410 2.000000 0.643750 0.524590 2.000000 0.753125 0.519906 2.000000 0.703125 0.505855 2.000000 0.739062 0.690867 2.000000 0.710938 0.660422 2.000000 0.712500 0.864169 2.000000 0.698438 0.843091 2.000000
0 0.874055 0.262119 0.076891 0.141663 0.867188 0.234192 2.000000 0.870313 0.227166 2.000000 0.860938 0.227166 2.000000 0.878125 0.227166 2.000000 0.856250 0.236534 2.000000 0.896875 0.266979 2.000000 0.846875 0.276347 2.000000 0.906250 0.318501 1.000000 0.848437 0.327869 1.000000 0.000000 0.000000 0.000000 0.854688 0.372365 1.000000 0.901563 0.367681 1.000000 0.862500 0.370023 1.000000 0.000000 0.000000 0.000000 0.000000 0.000000 0.000000 0.000000 0.000000 0.000000 0.000000 0.000000 0.000000
0 0.217000 0.589836 0.197281 0.670164 0.262500 0.341920 2.000000 0.000000 0.000000 0.000000 0.254688 0.334895 2.000000 0.000000 0.000000 0.000000 0.226562 0.341920 2.000000 0.226562 0.379391 2.000000 0.217188 0.379391 2.000000 0.000000 0.000000 0.000000 0.265625 0.377049 2.000000 0.000000 0.000000 0.000000 0.298438 0.283372 2.000000 0.221875 0.601874 2.000000 0.215625 0.601874 2.000000 0.257812 0.733021 2.000000 0.192188 0.737705 2.000000 0.293750 0.880562 1.000000 0.150000 0.873536 2.000000
0 0.774156 0.122881 0.086813 0.162670 0.771875 0.072600 2.000000 0.776563 0.063232 2.000000 0.764062 0.065574 2.000000 0.781250 0.065574 2.000000 0.757812 0.070258 2.000000 0.800000 0.105386 2.000000 0.742188 0.114754 2.000000 0.809375 0.154567 2.000000 0.745313 0.161593 2.000000 0.806250 0.180328 2.000000 0.771875 0.185012 2.000000 0.798438 0.199063 1.000000 0.764062 0.206089 1.000000 0.000000 0.000000 0.000000 0.000000 0.000000 0.000000 0.000000 0.000000 0.000000 0.000000 0.000000 0.000000
0 0.311250 0.406171 0.090188 0.222506 0.306250 0.332553 2.000000 0.309375 0.325527 2.000000 0.300000 0.325527 1.000000 0.318750 0.327869 2.000000 0.000000 0.000000 0.000000 0.326562 0.370023 2.000000 0.284375 0.370023 1.000000 0.000000 0.000000 0.000000 0.000000 0.000000 0.000000 0.000000 0.000000 0.000000 0.000000 0.000000 0.000000 0.331250 0.487119 1.000000 0.290625 0.489461 2.000000 0.000000 0.000000 0.000000 0.000000 0.000000 0.000000 0.000000 0.000000 0.000000 0.000000 0.000000 0.000000
0 0.146750 0.404883 0.067594 0.176183 0.129688 0.353630 2.000000 0.132812 0.348946 2.000000 0.000000 0.000000 0.000000 0.145313 0.358314 2.000000 0.000000 0.000000 0.000000 0.164062 0.372365 2.000000 0.128125 0.379391 2.000000 0.171875 0.428571 2.000000 0.120313 0.428571 2.000000 0.175000 0.470726 2.000000 0.118750 0.468384 2.000000 0.162500 0.473068 2.000000 0.134375 0.477752 2.000000 0.000000 0.000000 0.000000 0.000000 0.000000 0.000000 0.000000 0.000000 0.000000 0.000000 0.000000 0.000000
0 0.451227 0.391721 0.071828 0.158384 0.439063 0.355972 2.000000 0.446875 0.344262 2.000000 0.432812 0.346604 2.000000 0.000000 0.000000 0.000000 0.425000 0.353630 2.000000 0.465625 0.386417 2.000000 0.412500 0.398126 1.000000 0.481250 0.430913 1.000000 0.000000 0.000000 0.000000 0.484375 0.451991 1.000000 0.000000 0.000000 0.000000 0.471875 0.501171 1.000000 0.435937 0.512881 1.000000 0.000000 0.000000 0.000000 0.000000 0.000000 0.000000 0.000000 0.000000 0.000000 0.000000 0.000000 0.000000
0 0.573008 0.445597 0.095203 0.126276 0.571875 0.426230 2.000000 0.576562 0.419204 2.000000 0.564063 0.419204 2.000000 0.000000 0.000000 0.000000 0.551562 0.421546 1.000000 0.593750 0.451991 2.000000 0.543750 0.468384 2.000000 0.000000 0.000000 0.000000 0.000000 0.000000 0.000000 0.000000 0.000000 0.000000 0.000000 0.000000 0.000000 0.595313 0.538642 1.000000 0.557813 0.545667 1.000000 0.000000 0.000000 0.000000 0.000000 0.000000 0.000000 0.000000 0.000000 0.000000 0.000000 0.000000 0.000000
0 0.577109 0.291581 0.066000 0.154403 0.573438 0.257611 2.000000 0.578125 0.252927 2.000000 0.568750 0.250585 2.000000 0.582812 0.259953 2.000000 0.557813 0.259953 2.000000 0.596875 0.299766 2.000000 0.545312 0.302108 2.000000 0.600000 0.344262 2.000000 0.000000 0.000000 0.000000 0.560937 0.337237 2.000000 0.000000 0.000000 0.000000 0.000000 0.000000 0.000000 0.000000 0.000000 0.000000 0.000000 0.000000 0.000000 0.000000 0.000000 0.000000 0.000000 0.000000 0.000000 0.000000 0.000000 0.000000
0 0.530266 0.378794 0.084031 0.193794 0.531250 0.325527 2.000000 0.537500 0.318501 2.000000 0.526563 0.318501 2.000000 0.000000 0.000000 0.000000 0.515625 0.320843 1.000000 0.564063 0.360656 2.000000 0.500000 0.370023 2.000000 0.571875 0.400468 1.000000 0.506250 0.419204 2.000000 0.550000 0.327869 2.000000 0.545312 0.388759 2.000000 0.000000 0.000000 0.000000 0.000000 0.000000 0.000000 0.000000 0.000000 0.000000 0.000000 0.000000 0.000000 0.000000 0.000000 0.000000 0.000000 0.000000 0.000000
0 0.917172 0.426183 0.079469 0.138970 0.906250 0.400468 2.000000 0.906250 0.391101 2.000000 0.898438 0.391101 2.000000 0.000000 0.000000 0.000000 0.879687 0.400468 2.000000 0.928125 0.444965 2.000000 0.876563 0.461358 1.000000 0.939063 0.487119 2.000000 0.000000 0.000000 0.000000 0.900000 0.489461 1.000000 0.000000 0.000000 0.000000 0.932813 0.562061 1.000000 0.000000 0.000000 0.000000 0.000000 0.000000 0.000000 0.000000 0.000000 0.000000 0.000000 0.000000 0.000000 0.000000 0.000000 0.000000
