0 0.418595 0.514633 0.283560 0.423422 0.000000 0.000000 0.000000 0.000000 0.000000 0.000000 0.000000 0.000000 0.000000 0.419204 0.331250 1.000000 0.475410 0.332813 2.000000 0.377049 0.375000 2.000000 0.501171 0.378125 2.000000 0.346604 0.440625 2.000000 0.531616 0.459375 2.000000 0.318501 0.493750 2.000000 0.543326 0.518750 2.000000 0.405152 0.478125 2.000000 0.482436 0.478125 2.000000 0.433255 0.600000 2.000000 0.489461 0.596875 2.000000 0.461358 0.707812 2.000000 0.475410 0.695312 2.000000
0 0.134286 0.537570 0.226979 0.299297 0.084309 0.428125 2.000000 0.096019 0.418750 2.000000 0.074941 0.420312 2.000000 0.131148 0.426563 2.000000 0.000000 0.000000 0.000000 0.177986 0.467187 2.000000 0.060890 0.468750 2.000000 0.213115 0.531250 2.000000 0.042155 0.535937 2.000000 0.210773 0.498437 2.000000 0.112412 0.509375 2.000000 0.154567 0.579688 2.000000 0.088993 0.579688 2.000000 0.189696 0.676562 2.000000 0.098361 0.676562 2.000000 0.000000 0.000000 0.000000 0.000000 0.000000 0.000000
0 0.395504 0.317078 0.205995 0.264219 0.398126 0.212500 2.000000 0.405152 0.207813 2.000000 0.386417 0.207813 2.000000 0.000000 0.000000 0.000000 0.372365 0.210938 2.000000 0.423888 0.231250 2.000000 0.348946 0.232813 2.000000 0.487119 0.259375 2.000000 0.306792 0.260937 2.000000 0.437939 0.259375 2.000000 0.372365 0.264062 2.000000 0.402810 0.325000 2.000000 0.337237 0.325000 2.000000 0.388759 0.395313 1.000000 0.339578 0.395313 2.000000 0.362998 0.468750 1.000000 0.332553 0.471875 1.000000
0 0.620199 0.316734 0.197869 0.276594 0.632319 0.207813 2.000000 0.639344 0.201563 2.000000 0.625293 0.203125 2.000000 0.000000 0.000000 0.000000 0.604215 0.204687 2.000000 0.655738 0.223438 2.000000 0.585480 0.225000 2.000000 0.702576 0.253125 2.000000 0.536300 0.253125 2.000000 0.653396 0.253125 2.000000 0.597190 0.257812 2.000000 0.625293 0.321875 2.000000 0.573770 0.321875 2.000000 0.637002 0.390625 2.000000 0.576112 0.403125 2.000000 0.594848 0.467187 1.000000 0.576112 0.471875 1.000000
0 0.843958 0.110047 0.145948 0.084906 0.819672 0.089063 2.000000 0.829040 0.082812 2.000000 0.000000 0.000000 0.000000 0.859485 0.087500 2.000000 0.000000 0.000000 0.000000 0.889930 0.117188 2.000000 0.803279 0.118750 2.000000 0.899297 0.150000 1.000000 0.763466 0.137500 1.000000 0.000000 0.000000 0.000000 0.798595 0.142187 1.000000 0.899297 0.182812 1.000000 0.822014 0.185938 1.000000 0.000000 0.000000 0.000000 0.859485 0.167187 1.000000 0.000000 0.000000 0.000000 0.000000 0.000000 0.000000
0 0.402389 0.084133 0.090820 0.091422 0.423888 0.067187 2.000000 0.000000 0.000000 0.000000 0.414520 0.064062 2.000000 0.000000 0.000000 0.000000 0.395785 0.062500 2.000000 0.400468 0.081250 2.000000 0.374707 0.090625 2.000000 0.000000 0.000000 0.000000 0.412178 0.118750 1.000000 0.000000 0.000000 0.000000 0.000000 0.000000 0.000000 0.000000 0.000000 0.000000 0.000000 0.000000 0.000000 0.000000 0.000000 0.000000 0.000000 0.000000 0.000000 0.000000 0.000000 0.000000 0.000000 0.000000 0.000000
0 0.877178 0.366672 0.193044 0.164625 0.875878 0.310937 2.000000 0.000000 0.000000 0.000000 0.864169 0.306250 2.000000 0.000000 0.000000 0.000000 0.847775 0.314063 2.000000 0.880562 0.339062 2.000000 0.817330 0.342187 1.000000 0.922717 0.368750 2.000000 0.786885 0.378125 1.000000 0.894614 0.337500 2.000000 0.000000 0.000000 0.000000 0.899297 0.401562 2.000000 0.843091 0.403125 2.000000 0.946136 0.423438 2.000000 0.864169 0.418750 2.000000 0.000000 0.000000 0.000000 0.871194 0.485938 1.000000
0 0.782904 0.309820 0.160703 0.280422 0.789227 0.203125 2.000000 0.798595 0.193750 2.000000 0.779859 0.193750 2.000000 0.000000 0.000000 0.000000 0.765808 0.193750 1.000000 0.817330 0.214062 2.000000 0.742389 0.214062 2.000000 0.850117 0.251563 2.000000 0.740047 0.253125 2.000000 0.772834 0.245312 2.000000 0.810304 0.254688 2.000000 0.784543 0.315625 2.000000 0.728337 0.309375 2.000000 0.768150 0.389062 2.000000 0.735363 0.378125 2.000000 0.749415 0.453125 1.000000 0.777518 0.429688 2.000000
0 0.957963 0.307039 0.084075 0.275016 0.000000 0.000000 0.000000 0.000000 0.000000 0.000000 0.000000 0.000000 0.000000 0.000000 0.000000 0.000000 0.000000 0.000000 0.000000 0.000000 0.000000 0.000000 0.974239 0.226562 2.000000 0.000000 0.000000 0.000000 0.962529 0.282813 1.000000 0.000000 0.000000 0.000000 0.000000 0.000000 0.000000 0.000000 0.000000 0.000000 0.974239 0.320312 2.000000 0.000000 0.000000 0.000000 0.946136 0.389062 2.000000 0.000000 0.000000 0.000000 0.920375 0.451562 1.000000
0 0.699988 0.408516 0.087658 0.087219 0.733021 0.382812 1.000000 0.000000 0.000000 0.000000 0.723653 0.381250 1.000000 0.000000 0.000000 0.000000 0.709602 0.387500 2.000000 0.758782 0.420312 1.000000 0.693208 0.423438 2.000000 0.000000 0.000000 0.000000 0.000000 0.000000 0.000000 0.000000 0.000000 0.000000 0.000000 0.000000 0.000000 0.000000 0.000000 0.000000 0.000000 0.000000 0.000000 0.000000 0.000000 0.000000 0.000000 0.000000 0.000000 0.000000 0.000000 0.000000 0.000000 0.000000 0.000000
