0 0.534453 0.704953 0.340313 0.569812 0.590625 0.488263 2.000000 0.590625 0.471831 2.000000 0.575000 0.471831 2.000000 0.000000 0.000000 0.000000 0.540625 0.488263 2.000000 0.570312 0.549296 2.000000 0.514062 0.575117 2.000000 0.000000 0.000000 0.000000 0.567187 0.723005 2.000000 0.000000 0.000000 0.000000 0.000000 0.000000 0.000000 0.500000 0.737089 2.000000 0.464062 0.734742 2.000000 0.521875 0.812207 1.000000 0.504687 0.884977 2.000000 0.500000 0.924883 2.000000 0.000000 0.000000 0.000000
0 0.671617 0.661033 0.128922 0.608122 0.695312 0.403756 2.000000 0.698438 0.396714 2.000000 0.689063 0.394366 2.000000 0.000000 0.000000 0.000000 0.665625 0.406103 2.000000 0.707812 0.474178 2.000000 0.640625 0.462441 2.000000 0.723437 0.553991 2.000000 0.614062 0.549296 1.000000 0.710938 0.565728 2.000000 0.671875 0.549296 2.000000 0.700000 0.619718 2.000000 0.643750 0.624413 2.000000 0.689063 0.786385 2.000000 0.639062 0.774648 1.000000 0.681250 0.894366 1.000000 0.620313 0.903756 2.000000
0 0.461891 0.503873 0.053375 0.194038 0.479687 0.429577 2.000000 0.481250 0.424883 2.000000 0.473438 0.422535 2.000000 0.000000 0.000000 0.000000 0.462500 0.431925 2.000000 0.489063 0.478873 1.000000 0.448437 0.478873 2.000000 0.000000 0.000000 0.000000 0.440625 0.525822 2.000000 0.000000 0.000000 0.000000 0.456250 0.572770 2.000000 0.484375 0.584507 1.000000 0.460938 0.582160 1.000000 0.000000 0.000000 0.000000 0.000000 0.000000 0.000000 0.000000 0.000000 0.000000 0.000000 0.000000 0.000000
0 0.167156 0.541667 0.223375 0.912160 0.235937 0.192488 2.000000 0.237500 0.178404 2.000000 0.221875 0.161972 2.000000 0.000000 0.000000 0.000000 0.175000 0.161972 2.000000 0.229687 0.286385 2.000000 0.156250 0.251174 2.000000 0.000000 0.000000 0.000000 0.206250 0.422535 2.000000 0.000000 0.000000 0.000000 0.235937 0.305164 2.000000 0.193750 0.687793 2.000000 0.120313 0.676056 2.000000 0.165625 0.946009 2.000000 0.120313 0.955399 2.000000 0.000000 0.000000 0.000000 0.000000 0.000000 0.000000
0 0.935617 0.544941 0.127141 0.420211 0.000000 0.000000 0.000000 0.000000 0.000000 0.000000 0.000000 0.000000 0.000000 0.926562 0.375587 2.000000 0.962500 0.380282 2.000000 0.896875 0.446009 2.000000 0.978125 0.448357 2.000000 0.879687 0.537559 2.000000 0.000000 0.000000 0.000000 0.000000 0.000000 0.000000 0.000000 0.000000 0.000000 0.912500 0.643192 2.000000 0.965625 0.643192 2.000000 0.915625 0.795775 1.000000 0.962500 0.800469 1.000000 0.000000 0.000000 0.000000 0.000000 0.000000 0.000000
0 0.753641 0.622289 0.081906 0.484812 0.784375 0.420188 2.000000 0.000000 0.000000 0.000000 0.776563 0.413146 2.000000 0.000000 0.000000 0.000000 0.759375 0.420188 2.000000 0.746875 0.462441 2.000000 0.751563 0.453052 2.000000 0.743750 0.542254 2.000000 0.000000 0.000000 0.000000 0.762500 0.603286 2.000000 0.000000 0.000000 0.000000 0.771875 0.584507 2.000000 0.776563 0.563380 2.000000 0.754687 0.701878 2.000000 0.760938 0.706573 2.000000 0.728125 0.798122 2.000000 0.728125 0.816901 2.000000
0 0.280305 0.531033 0.075109 0.203615 0.000000 0.000000 0.000000 0.268750 0.377934 1.000000 0.000000 0.000000 0.000000 0.000000 0.000000 0.000000 0.000000 0.000000 0.000000 0.287500 0.453052 2.000000 0.000000 0.000000 0.000000 0.304688 0.544601 2.000000 0.000000 0.000000 0.000000 0.304688 0.615023 2.000000 0.242188 0.516432 1.000000 0.290625 0.647887 1.000000 0.235937 0.645540 1.000000 0.000000 0.000000 0.000000 0.000000 0.000000 0.000000 0.000000 0.000000 0.000000 0.000000 0.000000 0.000000
0 0.047859 0.582019 0.089750 0.615728 0.090625 0.330986 2.000000 0.000000 0.000000 0.000000 0.084375 0.319249 2.000000 0.000000 0.000000 0.000000 0.062500 0.314554 2.000000 0.017188 0.382629 2.000000 0.042188 0.377934 2.000000 0.000000 0.000000 0.000000 0.000000 0.000000 0.000000 0.000000 0.000000 0.000000 0.000000 0.000000 0.000000 0.025000 0.612676 1.000000 0.045312 0.615023 2.000000 0.026562 0.727700 1.000000 0.048438 0.720657 2.000000 0.015625 0.856808 1.000000 0.051562 0.859155 2.000000
0 0.377023 0.637300 0.105422 0.485775 0.406250 0.434272 2.000000 0.000000 0.000000 0.000000 0.400000 0.429577 2.000000 0.000000 0.000000 0.000000 0.381250 0.436620 2.000000 0.400000 0.490610 2.000000 0.356250 0.488263 2.000000 0.000000 0.000000 0.000000 0.335938 0.553991 2.000000 0.000000 0.000000 0.000000 0.354687 0.626761 2.000000 0.392188 0.654930 2.000000 0.365625 0.657277 2.000000 0.375000 0.746479 2.000000 0.384375 0.746479 2.000000 0.368750 0.847418 2.000000 0.378125 0.852113 2.000000
0 0.503633 0.449977 0.077922 0.216056 0.532813 0.387324 2.000000 0.537500 0.380282 2.000000 0.528125 0.380282 2.000000 0.000000 0.000000 0.000000 0.506250 0.392019 2.000000 0.000000 0.000000 0.000000 0.482812 0.460094 2.000000 0.000000 0.000000 0.000000 0.478125 0.558685 1.000000 0.000000 0.000000 0.000000 0.000000 0.000000 0.000000 0.000000 0.000000 0.000000 0.482812 0.654930 1.000000 0.000000 0.000000 0.000000 0.000000 0.000000 0.000000 0.000000 0.000000 0.000000 0.000000 0.000000 0.000000
0 0.612648 0.526162 0.052234 0.354249 0.600000 0.392019 2.000000 0.607812 0.380282 2.000000 0.595313 0.382629 2.000000 0.625000 0.384977 2.000000 0.000000 0.000000 0.000000 0.643750 0.443662 1.000000 0.596875 0.450704 1.000000 0.000000 0.000000 0.000000 0.000000 0.000000 0.000000 0.000000 0.000000 0.000000 0.000000 0.000000 0.000000 0.634375 0.589202 1.000000 0.604688 0.591549 2.000000 0.639062 0.683099 1.000000 0.607812 0.680751 2.000000 0.000000 0.000000 0.000000 0.000000 0.000000 0.000000
0 0.839352 0.574765 0.077016 0.310329 0.000000 0.000000 0.000000 0.000000 0.000000 0.000000 0.000000 0.000000 0.000000 0.000000 0.000000 0.000000 0.000000 0.000000 0.000000 0.817187 0.511737 2.000000 0.848437 0.525822 2.000000 0.000000 0.000000 0.000000 0.857812 0.605634 2.000000 0.000000 0.000000 0.000000 0.867188 0.659624 2.000000 0.817187 0.626761 2.000000 0.839063 0.636150 2.000000 0.000000 0.000000 0.000000 0.000000 0.000000 0.000000 0.000000 0.000000 0.000000 0.000000 0.000000 0.000000
