0 0.050000 0.712781 0.100000 0.574438 0.053125 0.485417 2.000000 0.056250 0.477083 2.000000 0.040625 0.475000 2.000000 0.000000 0.000000 0.000000 0.023438 0.483333 2.000000 0.078125 0.541667 2.000000 0.001563 0.556250 2.000000 0.096875 0.614583 1.000000 0.000000 0.000000 0.000000 0.085938 0.654167 2.000000 0.042188 0.675000 2.000000 0.068750 0.722917 2.000000 0.026562 0.722917 2.000000 0.056250 0.839583 2.000000 0.029687 0.841667 2.000000 0.050000 0.958333 2.000000 0.028125 0.968750 2.000000
0 0.142133 0.714177 0.102703 0.562313 0.153125 0.487500 2.000000 0.157812 0.477083 2.000000 0.143750 0.479167 2.000000 0.000000 0.000000 0.000000 0.123438 0.481250 2.000000 0.171875 0.537500 2.000000 0.103125 0.547917 2.000000 0.185938 0.618750 2.000000 0.106250 0.645833 2.000000 0.175000 0.689583 2.000000 0.150000 0.700000 2.000000 0.164062 0.708333 2.000000 0.123438 0.714583 2.000000 0.156250 0.812500 2.000000 0.131250 0.818750 2.000000 0.153125 0.927083 2.000000 0.135937 0.933333 2.000000
0 0.223211 0.674177 0.118703 0.524438 0.228125 0.462500 2.000000 0.234375 0.454167 2.000000 0.220312 0.452083 2.000000 0.000000 0.000000 0.000000 0.201563 0.454167 2.000000 0.256250 0.512500 2.000000 0.179688 0.520833 2.000000 0.000000 0.000000 0.000000 0.000000 0.000000 0.000000 0.000000 0.000000 0.000000 0.000000 0.000000 0.000000 0.248438 0.670833 2.000000 0.204687 0.675000 2.000000 0.250000 0.770833 2.000000 0.207813 0.781250 2.000000 0.245312 0.887500 2.000000 0.209375 0.889583 2.000000
0 0.606023 0.436583 0.037859 0.122333 0.604688 0.414583 2.000000 0.609375 0.406250 2.000000 0.598437 0.408333 2.000000 0.618750 0.412500 2.000000 0.590625 0.412500 2.000000 0.625000 0.447917 1.000000 0.579688 0.447917 1.000000 0.000000 0.000000 0.000000 0.000000 0.000000 0.000000 0.000000 0.000000 0.000000 0.000000 0.000000 0.000000 0.000000 0.000000 0.000000 0.000000 0.000000 0.000000 0.000000 0.000000 0.000000 0.000000 0.000000 0.000000 0.000000 0.000000 0.000000 0.000000 0.000000 0.000000
0 0.384266 0.656740 0.101125 0.471896 0.385937 0.466667 2.000000 0.390625 0.456250 2.000000 0.378125 0.458333 2.000000 0.000000 0.000000 0.000000 0.357812 0.456250 1.000000 0.409375 0.508333 2.000000 0.343750 0.514583 2.000000 0.417187 0.564583 2.000000 0.350000 0.583333 2.000000 0.417187 0.637500 2.000000 0.375000 0.650000 2.000000 0.404687 0.670833 2.000000 0.365625 0.675000 2.000000 0.396875 0.756250 2.000000 0.373437 0.756250 2.000000 0.392188 0.837500 2.000000 0.378125 0.847917 2.000000
0 0.493711 0.631833 0.084422 0.458333 0.495312 0.443750 2.000000 0.503125 0.437500 2.000000 0.490625 0.437500 2.000000 0.000000 0.000000 0.000000 0.478125 0.437500 2.000000 0.521875 0.491667 2.000000 0.465625 0.495833 2.000000 0.518750 0.564583 2.000000 0.464062 0.566667 2.000000 0.498437 0.618750 2.000000 0.479687 0.625000 2.000000 0.517188 0.631250 2.000000 0.475000 0.631250 2.000000 0.510938 0.722917 2.000000 0.484375 0.722917 2.000000 0.509375 0.827083 2.000000 0.489063 0.822917 2.000000
0 0.640227 0.641906 0.096609 0.435604 0.637500 0.470833 2.000000 0.643750 0.462500 2.000000 0.631250 0.462500 2.000000 0.653125 0.464583 2.000000 0.621875 0.464583 1.000000 0.670312 0.512500 2.000000 0.607812 0.514583 2.000000 0.678125 0.577083 2.000000 0.598437 0.568750 2.000000 0.653125 0.631250 2.000000 0.623437 0.629167 2.000000 0.654687 0.654167 2.000000 0.614062 0.656250 2.000000 0.648438 0.737500 2.000000 0.617188 0.735417 2.000000 0.642188 0.808333 2.000000 0.623437 0.812500 2.000000
0 0.829250 0.639313 0.092281 0.437833 0.815625 0.462500 2.000000 0.821875 0.456250 2.000000 0.809375 0.456250 2.000000 0.834375 0.460417 2.000000 0.000000 0.000000 0.000000 0.853125 0.506250 2.000000 0.793750 0.514583 2.000000 0.860938 0.568750 2.000000 0.784375 0.572917 1.000000 0.832812 0.618750 2.000000 0.801562 0.620833 2.000000 0.843750 0.637500 2.000000 0.804688 0.633333 2.000000 0.840625 0.722917 2.000000 0.809375 0.725000 2.000000 0.839063 0.822917 2.000000 0.815625 0.822917 2.000000
0 0.430844 0.630333 0.064031 0.448125 0.423438 0.452083 2.000000 0.428125 0.443750 2.000000 0.415625 0.443750 2.000000 0.000000 0.000000 0.000000 0.404687 0.445833 2.000000 0.451562 0.485417 2.000000 0.392188 0.489583 1.000000 0.000000 0.000000 0.000000 0.000000 0.000000 0.000000 0.453125 0.610417 2.000000 0.000000 0.000000 0.000000 0.445312 0.608333 2.000000 0.409375 0.612500 1.000000 0.442188 0.720833 2.000000 0.409375 0.718750 1.000000 0.434375 0.814583 2.000000 0.415625 0.814583 2.000000
0 0.308703 0.675115 0.090781 0.479521 0.317188 0.483333 2.000000 0.321875 0.477083 2.000000 0.312500 0.477083 2.000000 0.000000 0.000000 0.000000 0.292187 0.475000 2.000000 0.334375 0.527083 2.000000 0.273438 0.533333 2.000000 0.000000 0.000000 0.000000 0.271875 0.622917 2.000000 0.000000 0.000000 0.000000 0.271875 0.693750 2.000000 0.334375 0.681250 2.000000 0.296875 0.681250 2.000000 0.325000 0.777083 2.000000 0.304688 0.772917 2.000000 0.312500 0.866667 2.000000 0.301563 0.883333 2.000000
0 0.569242 0.629885 0.074391 0.440271 0.565625 0.447917 2.000000 0.571875 0.441667 2.000000 0.560937 0.441667 2.000000 0.581250 0.445833 2.000000 0.553125 0.447917 2.000000 0.600000 0.497917 2.000000 0.534375 0.493750 1.000000 0.601562 0.564583 1.000000 0.534375 0.552083 2.000000 0.568750 0.612500 2.000000 0.554688 0.625000 2.000000 0.584375 0.625000 2.000000 0.545312 0.622917 2.000000 0.575000 0.727083 2.000000 0.550000 0.725000 2.000000 0.570312 0.816667 2.000000 0.554688 0.816667 2.000000
0 0.784953 0.472240 0.044344 0.175063 0.782813 0.431250 2.000000 0.787500 0.420833 2.000000 0.776563 0.420833 2.000000 0.801562 0.425000 2.000000 0.000000 0.000000 0.000000 0.810937 0.481250 1.000000 0.759375 0.477083 1.000000 0.000000 0.000000 0.000000 0.000000 0.000000 0.000000 0.000000 0.000000 0.000000 0.000000 0.000000 0.000000 0.000000 0.000000 0.000000 0.000000 0.000000 0.000000 0.000000 0.000000 0.000000 0.000000 0.000000 0.000000 0.000000 0.000000 0.000000 0.000000 0.000000 0.000000
0 0.693914 0.633260 0.069266 0.406104 0.690625 0.466667 2.000000 0.695312 0.460417 2.000000 0.681250 0.460417 2.000000 0.000000 0.000000 0.000000 0.000000 0.000000 0.000000 0.717187 0.510417 2.000000 0.662500 0.514583 1.000000 0.721875 0.566667 2.000000 0.000000 0.000000 0.000000 0.709375 0.618750 2.000000 0.676562 0.618750 1.000000 0.706250 0.629167 2.000000 0.678125 0.629167 1.000000 0.701562 0.729167 2.000000 0.678125 0.729167 1.000000 0.698438 0.802083 2.000000 0.679688 0.806250 2.000000
