0 0.893336 0.502527 0.113797 0.402079 0.857812 0.347921 2.000000 0.864062 0.339168 2.000000 0.851562 0.341357 2.000000 0.881250 0.334792 2.000000 0.000000 0.000000 0.000000 0.887500 0.385120 2.000000 0.878125 0.385120 2.000000 0.890625 0.459519 2.000000 0.884375 0.448578 2.000000 0.871875 0.466083 2.000000 0.864062 0.455142 2.000000 0.928125 0.487965 2.000000 0.907813 0.481400 2.000000 0.918750 0.584245 2.000000 0.901563 0.584245 2.000000 0.920312 0.669584 2.000000 0.904687 0.665208 2.000000
0 0.558398 0.340700 0.045172 0.126477 0.554688 0.301969 2.000000 0.556250 0.297593 2.000000 0.551562 0.301969 2.000000 0.000000 0.000000 0.000000 0.545312 0.304158 2.000000 0.559375 0.306346 2.000000 0.542188 0.308534 2.000000 0.573438 0.321663 2.000000 0.545312 0.328228 2.000000 0.576562 0.343545 2.000000 0.562500 0.332604 2.000000 0.556250 0.339168 2.000000 0.543750 0.354486 2.000000 0.567187 0.336980 2.000000 0.557813 0.339168 2.000000 0.565625 0.385120 2.000000 0.557813 0.387309 2.000000
0 0.624203 0.403359 0.054750 0.139147 0.621875 0.361050 2.000000 0.625000 0.356674 2.000000 0.618750 0.356674 2.000000 0.629687 0.358862 2.000000 0.614062 0.358862 2.000000 0.628125 0.376368 2.000000 0.609375 0.376368 2.000000 0.643750 0.400438 2.000000 0.604688 0.396061 2.000000 0.628125 0.415755 2.000000 0.603125 0.407002 2.000000 0.621875 0.422319 2.000000 0.609375 0.420131 2.000000 0.000000 0.000000 0.000000 0.000000 0.000000 0.000000 0.000000 0.000000 0.000000 0.000000 0.000000 0.000000
0 0.750188 0.563917 0.131312 0.258293 0.759375 0.468271 2.000000 0.765625 0.463895 2.000000 0.756250 0.463895 2.000000 0.000000 0.000000 0.000000 0.000000 0.000000 0.000000 0.782813 0.505470 2.000000 0.743750 0.503282 2.000000 0.810937 0.536105 2.000000 0.710938 0.547046 2.000000 0.776563 0.536105 2.000000 0.729688 0.527352 2.000000 0.770312 0.606127 2.000000 0.742188 0.601751 2.000000 0.754687 0.636761 2.000000 0.707812 0.566740 2.000000 0.000000 0.000000 0.000000 0.720313 0.652079 2.000000
0 0.767508 0.393818 0.103359 0.180941 0.778125 0.341357 2.000000 0.000000 0.000000 0.000000 0.776563 0.334792 2.000000 0.000000 0.000000 0.000000 0.768750 0.332604 2.000000 0.770312 0.350109 2.000000 0.748437 0.350109 2.000000 0.779687 0.387309 2.000000 0.721875 0.369803 2.000000 0.782813 0.413567 2.000000 0.734375 0.411379 2.000000 0.782813 0.424508 2.000000 0.765625 0.426696 2.000000 0.809375 0.439825 2.000000 0.000000 0.000000 0.000000 0.779687 0.477024 1.000000 0.000000 0.000000 0.000000
0 0.721875 0.293917 0.059875 0.136411 0.715625 0.251641 2.000000 0.718750 0.247265 2.000000 0.000000 0.000000 0.000000 0.725000 0.247265 2.000000 0.000000 0.000000 0.000000 0.732812 0.260394 2.000000 0.714063 0.262582 2.000000 0.732812 0.288840 2.000000 0.696875 0.273523 2.000000 0.712500 0.273523 2.000000 0.720313 0.277899 2.000000 0.726562 0.312910 2.000000 0.709375 0.315098 2.000000 0.725000 0.299781 2.000000 0.701562 0.291028 2.000000 0.717187 0.343545 2.000000 0.701562 0.339168 1.000000
0 0.950828 0.374814 0.048000 0.148096 0.950000 0.332604 2.000000 0.951562 0.326039 2.000000 0.945312 0.326039 2.000000 0.960938 0.326039 2.000000 0.000000 0.000000 0.000000 0.971875 0.354486 1.000000 0.931250 0.358862 1.000000 0.000000 0.000000 0.000000 0.000000 0.000000 0.000000 0.000000 0.000000 0.000000 0.000000 0.000000 0.000000 0.965625 0.428884 1.000000 0.934375 0.428884 1.000000 0.000000 0.000000 0.000000 0.000000 0.000000 0.000000 0.000000 0.000000 0.000000 0.000000 0.000000 0.000000
0 0.160820 0.577702 0.154391 0.752254 0.000000 0.000000 0.000000 0.000000 0.000000 0.000000 0.000000 0.000000 0.000000 0.000000 0.000000 0.000000 0.181250 0.339168 2.000000 0.000000 0.000000 0.000000 0.154688 0.382932 2.000000 0.000000 0.000000 0.000000 0.223438 0.347921 2.000000 0.207813 0.262582 2.000000 0.220312 0.266958 2.000000 0.000000 0.000000 0.000000 0.126562 0.617068 2.000000 0.000000 0.000000 0.000000 0.134375 0.759300 2.000000 0.000000 0.000000 0.000000 0.110937 0.940919 2.000000
0 0.115641 0.388982 0.060219 0.235646 0.125000 0.312910 2.000000 0.131250 0.299781 2.000000 0.121875 0.297593 2.000000 0.000000 0.000000 0.000000 0.117188 0.297593 2.000000 0.137500 0.336980 2.000000 0.096875 0.336980 2.000000 0.135937 0.363239 1.000000 0.096875 0.376368 2.000000 0.000000 0.000000 0.000000 0.000000 0.000000 0.000000 0.120313 0.415755 1.000000 0.103125 0.413567 2.000000 0.000000 0.000000 0.000000 0.000000 0.000000 0.000000 0.000000 0.000000 0.000000 0.000000 0.000000 0.000000
0 0.375750 0.486204 0.071750 0.157002 0.364063 0.437637 2.000000 0.367188 0.431072 2.000000 0.362500 0.431072 2.000000 0.378125 0.435449 2.000000 0.000000 0.000000 0.000000 0.387500 0.448578 2.000000 0.354687 0.452954 2.000000 0.395313 0.481400 2.000000 0.353125 0.483589 2.000000 0.385937 0.490153 2.000000 0.364063 0.490153 2.000000 0.382812 0.512035 2.000000 0.365625 0.512035 2.000000 0.400000 0.503282 2.000000 0.348438 0.505470 2.000000 0.396875 0.540481 2.000000 0.365625 0.544858 2.000000
0 0.473078 0.427965 0.091688 0.258468 0.478125 0.328228 2.000000 0.479687 0.323851 2.000000 0.475000 0.321663 2.000000 0.000000 0.000000 0.000000 0.467187 0.323851 2.000000 0.490625 0.350109 2.000000 0.456250 0.352298 2.000000 0.512500 0.376368 2.000000 0.446875 0.389497 2.000000 0.489063 0.393873 2.000000 0.457813 0.402626 2.000000 0.481250 0.409190 2.000000 0.459375 0.411379 2.000000 0.484375 0.479212 1.000000 0.446875 0.483589 2.000000 0.485938 0.540481 1.000000 0.446875 0.544858 2.000000
0 0.639469 0.488906 0.067437 0.147133 0.637500 0.446389 2.000000 0.639062 0.442013 2.000000 0.634375 0.439825 2.000000 0.650000 0.442013 2.000000 0.000000 0.000000 0.000000 0.659375 0.463895 2.000000 0.628125 0.468271 2.000000 0.650000 0.485777 2.000000 0.612500 0.485777 2.000000 0.639062 0.459519 2.000000 0.628125 0.459519 2.000000 0.654687 0.514223 2.000000 0.635938 0.514223 2.000000 0.651563 0.498906 2.000000 0.612500 0.498906 2.000000 0.657813 0.547046 2.000000 0.632812 0.542670 2.000000
0 0.819375 0.381586 0.059656 0.122341 0.817187 0.354486 2.000000 0.821875 0.350109 2.000000 0.814063 0.350109 2.000000 0.826562 0.354486 2.000000 0.807813 0.354486 2.000000 0.831250 0.367615 2.000000 0.803125 0.367615 1.000000 0.837500 0.407002 2.000000 0.796875 0.407002 2.000000 0.000000 0.000000 0.000000 0.821875 0.417943 2.000000 0.000000 0.000000 0.000000 0.000000 0.000000 0.000000 0.000000 0.000000 0.000000 0.000000 0.000000 0.000000 0.000000 0.000000 0.000000 0.000000 0.000000 0.000000
