0 0.074633 0.434227 0.149266 0.326628 0.107813 0.386417 1.000000 0.000000 0.000000 0.000000 0.114062 0.362998 2.000000 0.000000 0.000000 0.000000 0.106250 0.325527 2.000000 0.020313 0.309133 1.000000 0.076563 0.372365 2.000000 0.000000 0.000000 0.000000 0.035937 0.526932 2.000000 0.000000 0.000000 0.000000 0.006250 0.552693 2.000000 0.000000 0.000000 0.000000 0.000000 0.000000 0.000000 0.000000 0.000000 0.000000 0.000000 0.000000 0.000000 0.000000 0.000000 0.000000 0.000000 0.000000 0.000000
0 0.533328 0.588255 0.102688 0.606253 0.573438 0.355972 2.000000 0.573438 0.339578 2.000000 0.562500 0.341920 2.000000 0.000000 0.000000 0.000000 0.534375 0.346604 2.000000 0.545312 0.402810 2.000000 0.531250 0.419204 2.000000 0.000000 0.000000 0.000000 0.510938 0.498829 2.000000 0.000000 0.000000 0.000000 0.553125 0.531616 2.000000 0.529687 0.590164 2.000000 0.509375 0.587822 2.000000 0.567187 0.693208 1.000000 0.537500 0.702576 2.000000 0.543750 0.805621 2.000000 0.507812 0.840749 2.000000
0 0.743648 0.515726 0.161922 0.622459 0.771875 0.297424 2.000000 0.000000 0.000000 0.000000 0.764062 0.285714 2.000000 0.000000 0.000000 0.000000 0.737500 0.271663 2.000000 0.710938 0.341920 2.000000 0.753125 0.351288 2.000000 0.706250 0.444965 2.000000 0.764062 0.451991 2.000000 0.000000 0.000000 0.000000 0.809375 0.512881 2.000000 0.760938 0.524590 2.000000 0.746875 0.524590 2.000000 0.784375 0.637002 1.000000 0.714063 0.679157 1.000000 0.793750 0.768150 1.000000 0.673438 0.789227 2.000000
0 0.903312 0.535773 0.193375 0.928454 0.915625 0.196721 2.000000 0.917188 0.173302 2.000000 0.000000 0.000000 0.000000 0.943750 0.159251 2.000000 0.000000 0.000000 0.000000 0.939063 0.241218 2.000000 0.000000 0.000000 0.000000 0.884375 0.391101 2.000000 0.000000 0.000000 0.000000 0.828125 0.517564 2.000000 0.000000 0.000000 0.000000 0.951562 0.510539 2.000000 0.000000 0.000000 0.000000 0.914062 0.782201 2.000000 0.000000 0.000000 0.000000 0.000000 0.000000 0.000000 0.000000 0.000000 0.000000
0 0.168344 0.219637 0.129219 0.264098 0.157812 0.124122 2.000000 0.160938 0.119438 2.000000 0.151562 0.119438 2.000000 0.164062 0.126464 2.000000 0.137500 0.124122 2.000000 0.171875 0.168618 2.000000 0.123438 0.166276 2.000000 0.189062 0.231850 2.000000 0.118750 0.227166 2.000000 0.171875 0.259953 2.000000 0.150000 0.262295 2.000000 0.165625 0.276347 2.000000 0.139063 0.274005 2.000000 0.203125 0.274005 1.000000 0.131250 0.264637 2.000000 0.217188 0.351288 1.000000 0.132812 0.346604 1.000000
0 0.217656 0.210621 0.071469 0.199836 0.212500 0.142857 2.000000 0.215625 0.138173 2.000000 0.207813 0.138173 2.000000 0.000000 0.000000 0.000000 0.198437 0.145199 2.000000 0.229687 0.185012 2.000000 0.192188 0.187354 2.000000 0.243750 0.234192 2.000000 0.000000 0.000000 0.000000 0.237500 0.238876 2.000000 0.000000 0.000000 0.000000 0.226562 0.278689 2.000000 0.201563 0.278689 1.000000 0.250000 0.292740 1.000000 0.220312 0.299766 1.000000 0.251563 0.381733 1.000000 0.225000 0.384075 1.000000
0 0.321336 0.197400 0.066172 0.150398 0.323437 0.154567 2.000000 0.326562 0.149883 2.000000 0.314063 0.147541 2.000000 0.331250 0.154567 2.000000 0.309375 0.152225 2.000000 0.339062 0.199063 2.000000 0.296875 0.194379 2.000000 0.343750 0.245902 2.000000 0.298438 0.262295 1.000000 0.000000 0.000000 0.000000 0.000000 0.000000 0.000000 0.329688 0.283372 1.000000 0.310937 0.283372 1.000000 0.000000 0.000000 0.000000 0.000000 0.000000 0.000000 0.000000 0.000000 0.000000 0.000000 0.000000 0.000000
0 0.304359 0.585398 0.125937 0.658431 0.328125 0.318501 2.000000 0.000000 0.000000 0.000000 0.321875 0.313817 2.000000 0.000000 0.000000 0.000000 0.292187 0.320843 2.000000 0.318750 0.384075 2.000000 0.284375 0.409836 2.000000 0.000000 0.000000 0.000000 0.276562 0.517564 2.000000 0.000000 0.000000 0.000000 0.342187 0.508197 2.000000 0.000000 0.000000 0.000000 0.275000 0.566745 2.000000 0.317188 0.697892 2.000000 0.323437 0.704918 1.000000 0.276562 0.822014 2.000000 0.285938 0.864169 2.000000
0 0.614555 0.311956 0.073859 0.172248 0.600000 0.257611 2.000000 0.603125 0.250585 2.000000 0.596875 0.248244 2.000000 0.609375 0.250585 2.000000 0.000000 0.000000 0.000000 0.615625 0.276347 2.000000 0.593750 0.281030 2.000000 0.629687 0.299766 2.000000 0.598437 0.323185 2.000000 0.615625 0.309133 2.000000 0.615625 0.318501 2.000000 0.614062 0.327869 2.000000 0.595313 0.334895 2.000000 0.628125 0.337237 2.000000 0.628125 0.318501 2.000000 0.635938 0.377049 2.000000 0.610938 0.379391 2.000000
0 0.429492 0.179649 0.080516 0.182014 0.431250 0.117096 2.000000 0.000000 0.000000 0.000000 0.426563 0.112412 2.000000 0.000000 0.000000 0.000000 0.415625 0.119438 2.000000 0.435937 0.149883 2.000000 0.401562 0.154567 2.000000 0.445312 0.203747 2.000000 0.407813 0.203747 1.000000 0.448437 0.173302 2.000000 0.429688 0.175644 2.000000 0.434375 0.234192 2.000000 0.414062 0.236534 1.000000 0.460938 0.248244 2.000000 0.439063 0.252927 2.000000 0.454688 0.302108 1.000000 0.428125 0.306792 1.000000
