0 0.201101 0.299352 0.142924 0.130172 0.189531 0.276562 2.000000 0.200361 0.270313 2.000000 0.182310 0.270313 2.000000 0.216606 0.271875 2.000000 0.173285 0.273438 2.000000 0.254513 0.312500 2.000000 0.146209 0.314063 1.000000 0.000000 0.000000 0.000000 0.000000 0.000000 0.000000 0.000000 0.000000 0.000000 0.191336 0.351562 2.000000 0.000000 0.000000 0.000000 0.000000 0.000000 0.000000 0.000000 0.000000 0.000000 0.000000 0.000000 0.000000 0.000000 0.000000 0.000000 0.000000 0.000000 0.000000
0 0.067148 0.444805 0.134296 0.396172 0.061372 0.287500 2.000000 0.068592 0.281250 2.000000 0.054152 0.281250 2.000000 0.079422 0.287500 2.000000 0.041516 0.285938 2.000000 0.102888 0.321875 2.000000 0.012635 0.318750 2.000000 0.119134 0.392188 1.000000 0.000000 0.385937 2.000000 0.075812 0.432812 2.000000 0.000000 0.000000 0.000000 0.093863 0.425000 2.000000 0.034296 0.423438 2.000000 0.077617 0.504687 1.000000 0.025271 0.500000 1.000000 0.068592 0.576562 1.000000 0.021661 0.576562 1.000000
0 0.864323 0.677430 0.271354 0.446016 0.956679 0.501563 2.000000 0.967509 0.492188 2.000000 0.945848 0.490625 2.000000 0.980144 0.500000 2.000000 0.929603 0.495312 2.000000 0.962094 0.535937 2.000000 0.906137 0.528125 1.000000 0.000000 0.000000 0.000000 0.971119 0.548438 2.000000 0.000000 0.000000 0.000000 0.000000 0.000000 0.000000 0.873646 0.648438 2.000000 0.868231 0.653125 2.000000 0.832130 0.768750 2.000000 0.913357 0.770312 2.000000 0.774368 0.857812 2.000000 0.931408 0.881250 2.000000
0 0.607509 0.724664 0.181805 0.322297 0.000000 0.000000 0.000000 0.000000 0.000000 0.000000 0.000000 0.000000 0.000000 0.000000 0.000000 0.000000 0.000000 0.000000 0.000000 0.633574 0.557813 1.000000 0.550542 0.559375 1.000000 0.000000 0.000000 0.000000 0.523466 0.607812 1.000000 0.000000 0.000000 0.000000 0.532491 0.667188 2.000000 0.635379 0.668750 2.000000 0.564982 0.670312 2.000000 0.644404 0.748437 2.000000 0.568592 0.759375 2.000000 0.676895 0.848437 2.000000 0.579422 0.846875 2.000000
0 0.780659 0.655219 0.186300 0.472969 0.763538 0.471875 1.000000 0.770758 0.462500 2.000000 0.750903 0.462500 2.000000 0.792419 0.465625 2.000000 0.000000 0.000000 0.000000 0.821300 0.523438 2.000000 0.727437 0.517188 1.000000 0.855596 0.589063 2.000000 0.000000 0.000000 0.000000 0.842960 0.629687 1.000000 0.000000 0.000000 0.000000 0.797834 0.650000 2.000000 0.736462 0.650000 1.000000 0.790614 0.750000 2.000000 0.718412 0.753125 2.000000 0.777978 0.854688 1.000000 0.711191 0.848437 2.000000
0 0.796977 0.304492 0.155758 0.114609 0.797834 0.281250 2.000000 0.806859 0.276562 2.000000 0.785199 0.276562 2.000000 0.819495 0.281250 2.000000 0.772563 0.285938 2.000000 0.846570 0.326562 2.000000 0.741877 0.332813 2.000000 0.871841 0.359375 2.000000 0.709386 0.376563 1.000000 0.819495 0.354687 2.000000 0.000000 0.000000 0.000000 0.000000 0.000000 0.000000 0.000000 0.000000 0.000000 0.000000 0.000000 0.000000 0.000000 0.000000 0.000000 0.000000 0.000000 0.000000 0.000000 0.000000 0.000000
0 0.535722 0.275898 0.237004 0.244484 0.454874 0.214062 1.000000 0.463899 0.198437 2.000000 0.000000 0.000000 0.000000 0.492780 0.187500 2.000000 0.000000 0.000000 0.000000 0.501805 0.218750 2.000000 0.537906 0.234375 2.000000 0.494585 0.282813 2.000000 0.581227 0.218750 2.000000 0.449458 0.346875 2.000000 0.606498 0.190625 2.000000 0.527076 0.356250 2.000000 0.489170 0.350000 2.000000 0.481949 0.431250 1.000000 0.000000 0.000000 0.000000 0.449458 0.517188 1.000000 0.000000 0.000000 0.000000
0 0.615884 0.305320 0.090000 0.168172 0.000000 0.000000 0.000000 0.000000 0.000000 0.000000 0.000000 0.000000 0.000000 0.581227 0.264062 2.000000 0.000000 0.000000 0.000000 0.599278 0.303125 2.000000 0.000000 0.000000 0.000000 0.644404 0.248438 2.000000 0.000000 0.000000 0.000000 0.584838 0.229687 1.000000 0.000000 0.000000 0.000000 0.597473 0.406250 1.000000 0.000000 0.000000 0.000000 0.000000 0.000000 0.000000 0.000000 0.000000 0.000000 0.000000 0.000000 0.000000 0.000000 0.000000 0.000000
0 0.905848 0.316141 0.151336 0.116156 0.871841 0.304688 2.000000 0.880866 0.298438 2.000000 0.862816 0.298438 2.000000 0.893502 0.300000 2.000000 0.848375 0.300000 2.000000 0.911552 0.331250 2.000000 0.832130 0.328125 1.000000 0.965704 0.331250 2.000000 0.000000 0.000000 0.000000 0.953069 0.307812 2.000000 0.000000 0.000000 0.000000 0.888087 0.412500 1.000000 0.842960 0.412500 1.000000 0.000000 0.000000 0.000000 0.000000 0.000000 0.000000 0.000000 0.000000 0.000000 0.000000 0.000000 0.000000
0 0.386823 0.307906 0.092563 0.119438 0.380866 0.289062 2.000000 0.389892 0.281250 2.000000 0.375451 0.282813 2.000000 0.407942 0.285938 2.000000 0.362816 0.292187 2.000000 0.440433 0.326562 1.000000 0.357401 0.335938 2.000000 0.000000 0.000000 0.000000 0.000000 0.000000 0.000000 0.000000 0.000000 0.000000 0.000000 0.000000 0.000000 0.000000 0.000000 0.000000 0.000000 0.000000 0.000000 0.000000 0.000000 0.000000 0.000000 0.000000 0.000000 0.000000 0.000000 0.000000 0.000000 0.000000 0.000000
0 0.361995 0.765711 0.119585 0.220828 0.000000 0.000000 0.000000 0.000000 0.000000 0.000000 0.000000 0.000000 0.000000 0.000000 0.000000 0.000000 0.000000 0.000000 0.000000 0.000000 0.000000 0.000000 0.000000 0.000000 0.000000 0.000000 0.000000 0.000000 0.000000 0.000000 0.000000 0.000000 0.000000 0.000000 0.000000 0.000000 0.000000 0.411552 0.645312 1.000000 0.351986 0.643750 1.000000 0.382671 0.767188 2.000000 0.335740 0.762500 2.000000 0.371841 0.856250 2.000000 0.315884 0.854688 2.000000
0 0.657897 0.321633 0.096588 0.099422 0.651625 0.306250 2.000000 0.660650 0.301563 2.000000 0.644404 0.301563 2.000000 0.675090 0.309375 2.000000 0.637184 0.309375 2.000000 0.693141 0.350000 1.000000 0.622744 0.354687 2.000000 0.000000 0.000000 0.000000 0.000000 0.000000 0.000000 0.000000 0.000000 0.000000 0.000000 0.000000 0.000000 0.000000 0.000000 0.000000 0.000000 0.000000 0.000000 0.000000 0.000000 0.000000 0.000000 0.000000 0.000000 0.000000 0.000000 0.000000 0.000000 0.000000 0.000000
