0 0.521967 0.520180 0.404645 0.869953 0.000000 0.000000 0.000000 0.000000 0.000000 0.000000 0.000000 0.000000 0.000000 0.457346 0.164062 2.000000 0.549763 0.150000 2.000000 0.407583 0.254688 2.000000 0.661137 0.232813 2.000000 0.421801 0.403125 2.000000 0.658768 0.384375 2.000000 0.419431 0.514062 2.000000 0.672986 0.515625 2.000000 0.492891 0.412500 2.000000 0.630332 0.414062 2.000000 0.459716 0.659375 2.000000 0.649289 0.671875 2.000000 0.459716 0.884375 2.000000 0.642180 0.895312 2.000000
0 0.912891 0.189242 0.174218 0.164328 0.943128 0.154688 2.000000 0.952607 0.148438 2.000000 0.933649 0.148438 2.000000 0.983412 0.148438 2.000000 0.924171 0.148438 2.000000 0.995261 0.195312 2.000000 0.881517 0.190625 2.000000 0.966825 0.246875 1.000000 0.864929 0.231250 2.000000 0.888626 0.278125 1.000000 0.838863 0.273438 1.000000 0.919431 0.278125 1.000000 0.862559 0.275000 1.000000 0.000000 0.000000 0.000000 0.000000 0.000000 0.000000 0.000000 0.000000 0.000000 0.000000 0.000000 0.000000
0 0.799431 0.181242 0.135972 0.140641 0.803318 0.156250 2.000000 0.812796 0.148438 2.000000 0.791469 0.148438 2.000000 0.834123 0.150000 2.000000 0.000000 0.000000 0.000000 0.853081 0.193750 2.000000 0.748815 0.190625 2.000000 0.834123 0.239063 1.000000 0.000000 0.000000 0.000000 0.000000 0.000000 0.000000 0.000000 0.000000 0.000000 0.000000 0.000000 0.000000 0.000000 0.000000 0.000000 0.000000 0.000000 0.000000 0.000000 0.000000 0.000000 0.000000 0.000000 0.000000 0.000000 0.000000 0.000000
0 0.646860 0.103539 0.140403 0.108703 0.651659 0.078125 2.000000 0.661137 0.075000 2.000000 0.649289 0.073438 2.000000 0.677725 0.075000 2.000000 0.000000 0.000000 0.000000 0.694313 0.112500 1.000000 0.618483 0.106250 1.000000 0.654028 0.123438 2.000000 0.000000 0.000000 0.000000 0.646919 0.093750 2.000000 0.000000 0.000000 0.000000 0.684834 0.170313 1.000000 0.620853 0.162500 1.000000 0.000000 0.000000 0.000000 0.000000 0.000000 0.000000 0.000000 0.000000 0.000000 0.000000 0.000000 0.000000
0 0.215190 0.213961 0.198104 0.101359 0.213270 0.201563 2.000000 0.225118 0.196875 2.000000 0.203791 0.193750 2.000000 0.244076 0.193750 2.000000 0.000000 0.000000 0.000000 0.272512 0.226562 2.000000 0.154028 0.225000 2.000000 0.289100 0.260937 2.000000 0.132701 0.256250 2.000000 0.244076 0.212500 2.000000 0.180095 0.210938 2.000000 0.000000 0.000000 0.000000 0.149289 0.314063 1.000000 0.000000 0.000000 0.000000 0.000000 0.000000 0.000000 0.000000 0.000000 0.000000 0.000000 0.000000 0.000000
0 0.394100 0.173258 0.130616 0.176047 0.412322 0.120313 2.000000 0.424171 0.112500 2.000000 0.402844 0.112500 2.000000 0.438389 0.121875 2.000000 0.000000 0.000000 0.000000 0.469194 0.160938 1.000000 0.372038 0.160938 2.000000 0.431280 0.214062 2.000000 0.338863 0.206250 2.000000 0.367299 0.212500 2.000000 0.402844 0.210938 2.000000 0.424171 0.264062 1.000000 0.374408 0.264062 1.000000 0.000000 0.000000 0.000000 0.000000 0.000000 0.000000 0.000000 0.000000 0.000000 0.000000 0.000000 0.000000
0 0.112073 0.192305 0.100498 0.072891 0.116114 0.192188 2.000000 0.130332 0.185938 2.000000 0.106635 0.187500 2.000000 0.144550 0.190625 2.000000 0.097156 0.189062 2.000000 0.156398 0.231250 1.000000 0.087678 0.226562 1.000000 0.000000 0.000000 0.000000 0.000000 0.000000 0.000000 0.000000 0.000000 0.000000 0.000000 0.000000 0.000000 0.000000 0.000000 0.000000 0.000000 0.000000 0.000000 0.000000 0.000000 0.000000 0.000000 0.000000 0.000000 0.000000 0.000000 0.000000 0.000000 0.000000 0.000000
0 0.920829 0.268680 0.156588 0.087766 0.952607 0.262500 2.000000 0.962085 0.253125 2.000000 0.938389 0.253125 2.000000 0.983412 0.257812 2.000000 0.919431 0.257812 1.000000 0.997630 0.300000 2.000000 0.881517 0.284375 2.000000 0.000000 0.000000 0.000000 0.843602 0.325000 1.000000 0.000000 0.000000 0.000000 0.000000 0.000000 0.000000 0.000000 0.000000 0.000000 0.000000 0.000000 0.000000 0.000000 0.000000 0.000000 0.000000 0.000000 0.000000 0.000000 0.000000 0.000000 0.000000 0.000000 0.000000
0 0.269218 0.159055 0.121754 0.166578 0.248815 0.117188 2.000000 0.263033 0.107813 2.000000 0.236967 0.107813 2.000000 0.289100 0.112500 2.000000 0.000000 0.000000 0.000000 0.303318 0.159375 2.000000 0.234597 0.150000 2.000000 0.272512 0.214062 2.000000 0.000000 0.000000 0.000000 0.000000 0.000000 0.000000 0.000000 0.000000 0.000000 0.298578 0.257812 1.000000 0.000000 0.000000 0.000000 0.000000 0.000000 0.000000 0.000000 0.000000 0.000000 0.000000 0.000000 0.000000 0.000000 0.000000 0.000000
0 0.760213 0.249750 0.136967 0.088906 0.746445 0.242188 2.000000 0.758294 0.232813 2.000000 0.736967 0.232813 2.000000 0.774882 0.234375 2.000000 0.732227 0.228125 2.000000 0.798578 0.271875 2.000000 0.696682 0.268750 2.000000 0.000000 0.000000 0.000000 0.000000 0.000000 0.000000 0.000000 0.000000 0.000000 0.000000 0.000000 0.000000 0.000000 0.000000 0.000000 0.000000 0.000000 0.000000 0.000000 0.000000 0.000000 0.000000 0.000000 0.000000 0.000000 0.000000 0.000000 0.000000 0.000000 0.000000
0 0.780142 0.122875 0.142796 0.131937 0.763033 0.084375 2.000000 0.772512 0.076563 2.000000 0.755924 0.076563 2.000000 0.793839 0.079687 2.000000 0.000000 0.000000 0.000000 0.827014 0.118750 1.000000 0.739336 0.118750 2.000000 0.824645 0.175000 1.000000 0.725118 0.165625 2.000000 0.755924 0.168750 2.000000 0.760664 0.179688 1.000000 0.803318 0.200000 1.000000 0.755924 0.198437 1.000000 0.000000 0.000000 0.000000 0.000000 0.000000 0.000000 0.000000 0.000000 0.000000 0.000000 0.000000 0.000000
0 0.898045 0.101445 0.134336 0.157328 0.919431 0.075000 2.000000 0.931280 0.065625 2.000000 0.907583 0.065625 2.000000 0.954976 0.073438 2.000000 0.000000 0.000000 0.000000 0.969194 0.106250 1.000000 0.869668 0.104688 2.000000 0.940758 0.148438 1.000000 0.843602 0.157812 2.000000 0.864929 0.151562 2.000000 0.921801 0.168750 1.000000 0.917062 0.195312 1.000000 0.843602 0.187500 1.000000 0.000000 0.000000 0.000000 0.000000 0.000000 0.000000 0.000000 0.000000 0.000000 0.000000 0.000000 0.000000
0 0.146410 0.144516 0.121635 0.116219 0.154028 0.128125 2.000000 0.163507 0.120313 2.000000 0.144550 0.120313 2.000000 0.000000 0.000000 0.000000 0.000000 0.000000 0.000000 0.203791 0.154688 2.000000 0.106635 0.146875 2.000000 0.000000 0.000000 0.000000 0.078199 0.200000 1.000000 0.000000 0.000000 0.000000 0.135071 0.160938 1.000000 0.000000 0.000000 0.000000 0.000000 0.000000 0.000000 0.000000 0.000000 0.000000 0.000000 0.000000 0.000000 0.000000 0.000000 0.000000 0.000000 0.000000 0.000000
