0 0.137047 0.319438 0.096312 0.325167 0.125000 0.195833 2.000000 0.132812 0.187500 2.000000 0.120313 0.187500 2.000000 0.146875 0.200000 2.000000 0.000000 0.000000 0.000000 0.160938 0.247917 2.000000 0.104688 0.250000 2.000000 0.157812 0.337500 2.000000 0.093750 0.327083 1.000000 0.146875 0.410417 1.000000 0.110937 0.314583 2.000000 0.156250 0.372917 2.000000 0.117188 0.372917 1.000000 0.150000 0.464583 1.000000 0.117188 0.464583 1.000000 0.000000 0.000000 0.000000 0.000000 0.000000 0.000000
0 0.942133 0.411677 0.094391 0.146063 0.929688 0.377083 2.000000 0.940625 0.372917 2.000000 0.921875 0.370833 2.000000 0.950000 0.381250 2.000000 0.000000 0.000000 0.000000 0.964063 0.433333 2.000000 0.901563 0.420833 2.000000 0.982812 0.475000 2.000000 0.000000 0.000000 0.000000 0.000000 0.000000 0.000000 0.000000 0.000000 0.000000 0.000000 0.000000 0.000000 0.000000 0.000000 0.000000 0.000000 0.000000 0.000000 0.000000 0.000000 0.000000 0.000000 0.000000 0.000000 0.000000 0.000000 0.000000
0 0.334102 0.419021 0.105641 0.502583 0.309375 0.218750 2.000000 0.315625 0.210417 2.000000 0.000000 0.000000 0.000000 0.337500 0.210417 2.000000 0.000000 0.000000 0.000000 0.365625 0.262500 2.000000 0.298438 0.258333 2.000000 0.364063 0.356250 2.000000 0.290625 0.335417 2.000000 0.325000 0.391667 2.000000 0.317188 0.377083 2.000000 0.350000 0.418750 2.000000 0.309375 0.420833 2.000000 0.345313 0.522917 2.000000 0.309375 0.522917 2.000000 0.342187 0.631250 2.000000 0.310937 0.625000 1.000000
0 0.437023 0.353969 0.091453 0.310854 0.428125 0.243750 2.000000 0.434375 0.233333 2.000000 0.423438 0.235417 2.000000 0.450000 0.235417 2.000000 0.000000 0.000000 0.000000 0.471875 0.300000 2.000000 0.407813 0.293750 2.000000 0.453125 0.364583 1.000000 0.409375 0.368750 1.000000 0.437500 0.287500 2.000000 0.000000 0.000000 0.000000 0.453125 0.435417 1.000000 0.412500 0.433333 1.000000 0.000000 0.000000 0.000000 0.400000 0.533333 1.000000 0.000000 0.000000 0.000000 0.390625 0.625000 1.000000
0 0.655773 0.475000 0.114703 0.199417 0.642188 0.427083 2.000000 0.653125 0.416667 2.000000 0.635938 0.416667 2.000000 0.665625 0.420833 2.000000 0.000000 0.000000 0.000000 0.698438 0.485417 2.000000 0.615625 0.489583 2.000000 0.696875 0.564583 2.000000 0.610938 0.562500 2.000000 0.000000 0.000000 0.000000 0.000000 0.000000 0.000000 0.690625 0.612500 1.000000 0.625000 0.614583 1.000000 0.000000 0.000000 0.000000 0.000000 0.000000 0.000000 0.000000 0.000000 0.000000 0.000000 0.000000 0.000000
0 0.700727 0.335240 0.169391 0.330937 0.693750 0.212500 2.000000 0.701562 0.204167 2.000000 0.685937 0.204167 2.000000 0.712500 0.206250 2.000000 0.679688 0.208333 2.000000 0.737500 0.252083 2.000000 0.657813 0.254167 2.000000 0.778125 0.289583 2.000000 0.626563 0.304167 2.000000 0.781250 0.350000 1.000000 0.632812 0.387500 1.000000 0.725000 0.414583 2.000000 0.673438 0.410417 1.000000 0.720313 0.522917 1.000000 0.673438 0.508333 1.000000 0.000000 0.000000 0.000000 0.000000 0.000000 0.000000
0 0.892695 0.627708 0.214609 0.361792 0.887500 0.518750 2.000000 0.907813 0.506250 2.000000 0.884375 0.502083 2.000000 0.946875 0.531250 2.000000 0.000000 0.000000 0.000000 0.971875 0.602083 2.000000 0.857812 0.583333 2.000000 0.939063 0.783333 2.000000 0.807813 0.722917 2.000000 0.842187 0.779167 2.000000 0.818750 0.616667 2.000000 0.901563 0.812500 1.000000 0.835938 0.800000 2.000000 0.000000 0.000000 0.000000 0.000000 0.000000 0.000000 0.000000 0.000000 0.000000 0.000000 0.000000 0.000000
0 0.664969 0.933219 0.130500 0.133563 0.635938 0.987500 2.000000 0.659375 0.977083 2.000000 0.629687 0.960417 2.000000 0.701562 0.981250 2.000000 0.000000 0.000000 0.000000 0.000000 0.000000 0.000000 0.000000 0.000000 0.000000 0.000000 0.000000 0.000000 0.000000 0.000000 0.000000 0.000000 0.000000 0.000000 0.000000 0.000000 0.000000 0.000000 0.000000 0.000000 0.000000 0.000000 0.000000 0.000000 0.000000 0.000000 0.000000 0.000000 0.000000 0.000000 0.000000 0.000000 0.000000 0.000000 0.000000
0 0.827461 0.293625 0.090984 0.198417 0.821875 0.243750 2.000000 0.828125 0.231250 2.000000 0.817187 0.231250 2.000000 0.842187 0.237500 2.000000 0.810937 0.235417 2.000000 0.857812 0.295833 2.000000 0.790625 0.295833 2.000000 0.857812 0.358333 2.000000 0.792188 0.354167 1.000000 0.814063 0.345833 2.000000 0.840625 0.362500 1.000000 0.000000 0.000000 0.000000 0.000000 0.000000 0.000000 0.000000 0.000000 0.000000 0.000000 0.000000 0.000000 0.000000 0.000000 0.000000 0.000000 0.000000 0.000000
0 0.833422 0.534833 0.153375 0.265167 0.857812 0.472917 2.000000 0.871875 0.462500 2.000000 0.848437 0.458333 2.000000 0.890625 0.468750 1.000000 0.835938 0.458333 2.000000 0.898438 0.537500 1.000000 0.803125 0.525000 2.000000 0.000000 0.000000 0.000000 0.773438 0.625000 2.000000 0.000000 0.000000 0.000000 0.832812 0.647917 1.000000 0.876563 0.708333 1.000000 0.806250 0.704167 1.000000 0.000000 0.000000 0.000000 0.000000 0.000000 0.000000 0.000000 0.000000 0.000000 0.000000 0.000000 0.000000
0 0.231016 0.421667 0.102219 0.479125 0.246875 0.233333 2.000000 0.251563 0.220833 2.000000 0.239063 0.222917 2.000000 0.257812 0.229167 2.000000 0.000000 0.000000 0.000000 0.259375 0.272917 2.000000 0.210938 0.262500 2.000000 0.264062 0.337500 2.000000 0.190625 0.322917 2.000000 0.239063 0.281250 2.000000 0.210938 0.272917 2.000000 0.245312 0.420833 2.000000 0.209375 0.416667 2.000000 0.239063 0.520833 2.000000 0.209375 0.520833 2.000000 0.221875 0.633333 2.000000 0.231250 0.645833 1.000000
0 0.489672 0.579781 0.235969 0.418104 0.471875 0.454167 1.000000 0.490625 0.445833 1.000000 0.000000 0.000000 0.000000 0.528125 0.460417 2.000000 0.000000 0.000000 0.000000 0.571875 0.558333 2.000000 0.423438 0.541667 1.000000 0.576562 0.716667 2.000000 0.382812 0.683333 1.000000 0.531250 0.731250 2.000000 0.448437 0.710417 2.000000 0.529687 0.793750 1.000000 0.432812 0.785417 1.000000 0.000000 0.000000 0.000000 0.000000 0.000000 0.000000 0.000000 0.000000 0.000000 0.000000 0.000000 0.000000
0 0.099391 0.407323 0.150781 0.209646 0.070312 0.358333 2.000000 0.079687 0.345833 2.000000 0.067187 0.347917 2.000000 0.104688 0.343750 2.000000 0.000000 0.000000 0.000000 0.132812 0.393750 2.000000 0.050000 0.395833 2.000000 0.159375 0.452083 2.000000 0.028125 0.462500 1.000000 0.146875 0.485417 2.000000 0.000000 0.000000 0.000000 0.128125 0.518750 1.000000 0.078125 0.518750 1.000000 0.000000 0.000000 0.000000 0.000000 0.000000 0.000000 0.000000 0.000000 0.000000 0.000000 0.000000 0.000000
