0 0.232414 0.708770 0.188172 0.232951 0.237500 0.632319 2.000000 0.000000 0.000000 0.000000 0.229687 0.622951 2.000000 0.000000 0.000000 0.000000 0.214062 0.634660 2.000000 0.234375 0.667447 2.000000 0.181250 0.667447 2.000000 0.270313 0.690867 2.000000 0.146875 0.702576 2.000000 0.301563 0.697892 2.000000 0.156250 0.730679 2.000000 0.198437 0.740047 2.000000 0.164062 0.747073 2.000000 0.254688 0.728337 2.000000 0.232813 0.735363 2.000000 0.220312 0.791569 2.000000 0.173437 0.800937 2.000000
0 0.127438 0.658431 0.131937 0.310117 0.182812 0.543326 2.000000 0.000000 0.000000 0.000000 0.176563 0.540984 2.000000 0.000000 0.000000 0.000000 0.160938 0.543326 2.000000 0.151562 0.573770 2.000000 0.137500 0.578454 2.000000 0.153125 0.634660 2.000000 0.128125 0.648712 2.000000 0.000000 0.000000 0.000000 0.162500 0.660422 1.000000 0.106250 0.637002 2.000000 0.090625 0.639344 2.000000 0.160938 0.672131 1.000000 0.112500 0.693208 2.000000 0.151562 0.777518 1.000000 0.087500 0.786885 2.000000
0 0.531336 0.643068 0.182016 0.342482 0.529687 0.531616 2.000000 0.000000 0.000000 0.000000 0.000000 0.000000 0.000000 0.000000 0.000000 0.000000 0.000000 0.000000 0.000000 0.548438 0.543326 2.000000 0.496875 0.573770 2.000000 0.579688 0.555035 2.000000 0.525000 0.641686 2.000000 0.592187 0.585480 2.000000 0.539062 0.613583 2.000000 0.553125 0.622951 2.000000 0.515625 0.632319 2.000000 0.570312 0.681499 2.000000 0.479687 0.714286 2.000000 0.598437 0.768150 2.000000 0.473438 0.772834 2.000000
0 0.589570 0.458056 0.049141 0.226838 0.595313 0.367681 2.000000 0.596875 0.362998 2.000000 0.592187 0.362998 2.000000 0.000000 0.000000 0.000000 0.582812 0.362998 2.000000 0.587500 0.393443 2.000000 0.581250 0.393443 2.000000 0.595313 0.426230 2.000000 0.578125 0.433255 2.000000 0.604688 0.444965 2.000000 0.601562 0.433255 2.000000 0.587500 0.470726 2.000000 0.579688 0.470726 2.000000 0.595313 0.540984 2.000000 0.585938 0.540984 2.000000 0.000000 0.000000 0.000000 0.000000 0.000000 0.000000
0 0.541859 0.422400 0.072469 0.209063 0.545312 0.346604 2.000000 0.548438 0.339578 2.000000 0.542188 0.339578 2.000000 0.000000 0.000000 0.000000 0.535937 0.344262 2.000000 0.562500 0.374707 2.000000 0.526563 0.377049 2.000000 0.571875 0.409836 2.000000 0.514062 0.414520 2.000000 0.564063 0.416862 2.000000 0.535937 0.419204 2.000000 0.554688 0.466042 2.000000 0.529687 0.468384 2.000000 0.556250 0.529274 1.000000 0.523438 0.526932 1.000000 0.557813 0.583138 1.000000 0.000000 0.000000 0.000000
0 0.733031 0.467752 0.062719 0.247916 0.739062 0.367681 2.000000 0.740625 0.362998 2.000000 0.735938 0.362998 2.000000 0.746875 0.367681 2.000000 0.729688 0.365340 1.000000 0.753125 0.407494 2.000000 0.718750 0.402810 2.000000 0.754687 0.451991 2.000000 0.704688 0.430913 2.000000 0.750000 0.477752 2.000000 0.707812 0.463700 2.000000 0.745313 0.477752 2.000000 0.718750 0.475410 2.000000 0.742188 0.533958 2.000000 0.714063 0.531616 2.000000 0.739062 0.585480 2.000000 0.709375 0.583138 2.000000
0 0.916273 0.453888 0.060078 0.254005 0.929688 0.353630 2.000000 0.932813 0.348946 2.000000 0.923438 0.348946 2.000000 0.935937 0.348946 2.000000 0.918750 0.351288 2.000000 0.937500 0.379391 2.000000 0.912500 0.381733 2.000000 0.942187 0.405152 1.000000 0.890625 0.416862 2.000000 0.932813 0.421546 2.000000 0.917188 0.428571 2.000000 0.928125 0.449649 2.000000 0.912500 0.449649 2.000000 0.923438 0.510539 2.000000 0.914062 0.512881 2.000000 0.918750 0.569087 2.000000 0.903125 0.573770 2.000000
0 0.970531 0.458009 0.058844 0.243934 0.975000 0.365340 2.000000 0.978125 0.360656 2.000000 0.970313 0.358314 2.000000 0.982812 0.360656 1.000000 0.964063 0.360656 2.000000 0.987500 0.374707 2.000000 0.956250 0.374707 2.000000 0.000000 0.000000 0.000000 0.951562 0.395785 2.000000 0.000000 0.000000 0.000000 0.960938 0.430913 2.000000 0.971875 0.459016 2.000000 0.951562 0.459016 2.000000 0.967187 0.515222 2.000000 0.951562 0.517564 2.000000 0.965625 0.569087 2.000000 0.953125 0.569087 2.000000
0 0.856867 0.454789 0.082828 0.260585 0.851562 0.344262 2.000000 0.856250 0.334895 2.000000 0.848437 0.332553 2.000000 0.000000 0.000000 0.000000 0.842187 0.344262 2.000000 0.867188 0.370023 2.000000 0.834375 0.377049 2.000000 0.887500 0.367681 2.000000 0.826562 0.414520 2.000000 0.868750 0.339578 2.000000 0.823438 0.437939 2.000000 0.864062 0.440281 1.000000 0.843750 0.440281 2.000000 0.865625 0.494145 2.000000 0.842187 0.491803 2.000000 0.864062 0.536300 2.000000 0.843750 0.538642 2.000000
0 0.285609 0.501124 0.064469 0.193255 0.282813 0.426230 2.000000 0.282813 0.421546 2.000000 0.279687 0.421546 2.000000 0.000000 0.000000 0.000000 0.273438 0.426230 2.000000 0.289062 0.459016 2.000000 0.264062 0.454333 2.000000 0.293750 0.484778 2.000000 0.262500 0.487119 2.000000 0.290625 0.510539 2.000000 0.278125 0.510539 2.000000 0.284375 0.505855 2.000000 0.268750 0.510539 2.000000 0.303125 0.526932 2.000000 0.282813 0.526932 2.000000 0.304688 0.580796 1.000000 0.285938 0.578454 2.000000
0 0.659703 0.504778 0.064656 0.183044 0.651563 0.442623 2.000000 0.654687 0.435597 2.000000 0.648438 0.437939 2.000000 0.659375 0.437939 2.000000 0.643750 0.437939 2.000000 0.667188 0.447307 2.000000 0.634375 0.459016 2.000000 0.687500 0.470726 2.000000 0.635938 0.501171 2.000000 0.687500 0.503513 2.000000 0.660937 0.510539 2.000000 0.665625 0.515222 2.000000 0.645312 0.515222 2.000000 0.684375 0.512881 1.000000 0.637500 0.512881 2.000000 0.685937 0.566745 2.000000 0.637500 0.571429 2.000000
0 0.046008 0.170878 0.070672 0.137260 0.045312 0.128806 2.000000 0.048438 0.124122 2.000000 0.040625 0.124122 2.000000 0.050000 0.128806 2.000000 0.034375 0.126464 2.000000 0.057813 0.152225 2.000000 0.025000 0.149883 2.000000 0.068750 0.189696 2.000000 0.017188 0.175644 2.000000 0.060937 0.199063 2.000000 0.037500 0.192037 2.000000 0.059375 0.189696 2.000000 0.037500 0.189696 2.000000 0.076563 0.206089 2.000000 0.050000 0.206089 2.000000 0.000000 0.000000 0.000000 0.000000 0.000000 0.000000
