0 0.357344 0.493646 0.153031 0.213000 0.362500 0.452083 2.000000 0.000000 0.000000 0.000000 0.350000 0.447917 2.000000 0.000000 0.000000 0.000000 0.321875 0.452083 2.000000 0.351562 0.470833 2.000000 0.292187 0.489583 2.000000 0.379688 0.522917 2.000000 0.303125 0.589583 1.000000 0.414062 0.512500 2.000000 0.390625 0.564583 1.000000 0.000000 0.000000 0.000000 0.000000 0.000000 0.000000 0.000000 0.000000 0.000000 0.000000 0.000000 0.000000 0.000000 0.000000 0.000000 0.000000 0.000000 0.000000
0 0.741055 0.365146 0.102234 0.124750 0.703125 0.339583 2.000000 0.710938 0.331250 2.000000 0.696875 0.331250 2.000000 0.723437 0.339583 2.000000 0.000000 0.000000 0.000000 0.731250 0.379167 2.000000 0.000000 0.000000 0.000000 0.785937 0.416667 2.000000 0.000000 0.000000 0.000000 0.737500 0.404167 2.000000 0.000000 0.000000 0.000000 0.000000 0.000000 0.000000 0.000000 0.000000 0.000000 0.000000 0.000000 0.000000 0.000000 0.000000 0.000000 0.000000 0.000000 0.000000 0.000000 0.000000 0.000000
0 0.191039 0.443063 0.075016 0.183792 0.195312 0.397917 2.000000 0.201563 0.389583 2.000000 0.185938 0.389583 2.000000 0.212500 0.391667 1.000000 0.173437 0.395833 2.000000 0.218750 0.437500 2.000000 0.168750 0.450000 2.000000 0.000000 0.000000 0.000000 0.167187 0.495833 1.000000 0.000000 0.000000 0.000000 0.173437 0.535417 1.000000 0.226562 0.550000 1.000000 0.190625 0.554167 1.000000 0.000000 0.000000 0.000000 0.000000 0.000000 0.000000 0.000000 0.000000 0.000000 0.000000 0.000000 0.000000
0 0.636234 0.447188 0.096062 0.296625 0.621875 0.356250 2.000000 0.631250 0.343750 2.000000 0.617188 0.343750 2.000000 0.646875 0.350000 2.000000 0.000000 0.000000 0.000000 0.654687 0.397917 2.000000 0.623437 0.395833 2.000000 0.662500 0.493750 2.000000 0.000000 0.000000 0.000000 0.615625 0.522917 2.000000 0.000000 0.000000 0.000000 0.651563 0.541667 1.000000 0.629687 0.527083 2.000000 0.557813 0.558333 1.000000 0.557813 0.543750 1.000000 0.000000 0.000000 0.000000 0.000000 0.000000 0.000000
0 0.681352 0.488219 0.124109 0.254479 0.685937 0.425000 2.000000 0.701562 0.412500 2.000000 0.678125 0.412500 2.000000 0.714063 0.420833 2.000000 0.000000 0.000000 0.000000 0.704688 0.481250 2.000000 0.690625 0.472917 2.000000 0.700000 0.593750 1.000000 0.654687 0.529167 2.000000 0.642188 0.600000 2.000000 0.642188 0.560417 2.000000 0.664062 0.597917 1.000000 0.650000 0.575000 2.000000 0.000000 0.000000 0.000000 0.000000 0.000000 0.000000 0.000000 0.000000 0.000000 0.000000 0.000000 0.000000
0 0.628336 0.664760 0.175922 0.266479 0.671875 0.587500 2.000000 0.684375 0.583333 2.000000 0.667188 0.575000 2.000000 0.704688 0.600000 2.000000 0.000000 0.000000 0.000000 0.690625 0.631250 2.000000 0.667188 0.604167 2.000000 0.679688 0.689583 2.000000 0.000000 0.000000 0.000000 0.632812 0.704167 2.000000 0.642188 0.625000 1.000000 0.646875 0.700000 2.000000 0.637500 0.668750 1.000000 0.600000 0.718750 2.000000 0.603125 0.681250 1.000000 0.559375 0.770833 2.000000 0.568750 0.718750 2.000000
0 0.293148 0.389583 0.105516 0.165208 0.298438 0.352083 2.000000 0.304688 0.341667 2.000000 0.290625 0.341667 2.000000 0.315625 0.345833 2.000000 0.279687 0.345833 2.000000 0.328125 0.404167 1.000000 0.264062 0.397917 2.000000 0.000000 0.000000 0.000000 0.239063 0.456250 1.000000 0.000000 0.000000 0.000000 0.267188 0.452083 2.000000 0.318750 0.535417 1.000000 0.268750 0.533333 1.000000 0.000000 0.000000 0.000000 0.000000 0.000000 0.000000 0.000000 0.000000 0.000000 0.000000 0.000000 0.000000
0 0.250078 0.577521 0.125844 0.281042 0.228125 0.514583 2.000000 0.235937 0.506250 2.000000 0.218750 0.506250 2.000000 0.000000 0.000000 0.000000 0.204687 0.510417 2.000000 0.245312 0.543750 2.000000 0.203125 0.560417 2.000000 0.246875 0.566667 2.000000 0.193750 0.602083 2.000000 0.260937 0.577083 2.000000 0.225000 0.606250 2.000000 0.262500 0.620833 1.000000 0.234375 0.637500 1.000000 0.298438 0.637500 1.000000 0.262500 0.656250 2.000000 0.310937 0.691667 1.000000 0.284375 0.704167 2.000000
0 0.278938 0.294677 0.120281 0.248396 0.303125 0.214583 2.000000 0.312500 0.208333 2.000000 0.298438 0.206250 2.000000 0.318750 0.216667 2.000000 0.284375 0.210417 2.000000 0.323437 0.279167 2.000000 0.251563 0.260417 2.000000 0.328125 0.339583 2.000000 0.226562 0.337500 2.000000 0.331250 0.372917 1.000000 0.278125 0.381250 1.000000 0.304688 0.418750 1.000000 0.254688 0.414583 1.000000 0.000000 0.000000 0.000000 0.000000 0.000000 0.000000 0.000000 0.000000 0.000000 0.000000 0.000000 0.000000
0 0.443430 0.407458 0.099328 0.183042 0.445312 0.345833 2.000000 0.450000 0.337500 2.000000 0.439063 0.339583 2.000000 0.000000 0.000000 0.000000 0.428125 0.343750 2.000000 0.465625 0.383333 2.000000 0.414062 0.391667 2.000000 0.484375 0.441667 2.000000 0.401562 0.462500 2.000000 0.000000 0.000000 0.000000 0.410938 0.481250 2.000000 0.454688 0.491667 1.000000 0.420312 0.495833 1.000000 0.000000 0.000000 0.000000 0.000000 0.000000 0.000000 0.000000 0.000000 0.000000 0.000000 0.000000 0.000000
