0 0.266210 0.573133 0.512138 0.751109 0.454064 0.307812 2.000000 0.475265 0.290625 2.000000 0.438163 0.282813 2.000000 0.000000 0.000000 0.000000 0.388693 0.285938 2.000000 0.457597 0.384375 2.000000 0.340989 0.359375 2.000000 0.000000 0.000000 0.000000 0.270318 0.373437 2.000000 0.000000 0.000000 0.000000 0.192580 0.375000 2.000000 0.385159 0.579688 2.000000 0.261484 0.560937 2.000000 0.356890 0.785937 2.000000 0.189046 0.757812 2.000000 0.383392 0.775000 2.000000 0.100707 0.909375 2.000000
0 0.611113 0.513484 0.393852 0.743812 0.747350 0.315625 2.000000 0.754417 0.292187 2.000000 0.726148 0.295312 2.000000 0.000000 0.000000 0.000000 0.683746 0.287500 2.000000 0.773852 0.321875 2.000000 0.673145 0.354687 2.000000 0.757951 0.246875 2.000000 0.570671 0.451562 2.000000 0.696113 0.193750 2.000000 0.471731 0.503125 2.000000 0.697880 0.529687 2.000000 0.632509 0.537500 2.000000 0.740283 0.717187 2.000000 0.733216 0.668750 2.000000 0.556537 0.801562 2.000000 0.627208 0.789062 2.000000
0 0.795062 0.221188 0.071502 0.135531 0.775618 0.170313 2.000000 0.780919 0.164062 2.000000 0.770318 0.164062 2.000000 0.789753 0.168750 2.000000 0.763251 0.171875 2.000000 0.798587 0.203125 2.000000 0.757951 0.203125 1.000000 0.809187 0.234375 2.000000 0.000000 0.000000 0.000000 0.000000 0.000000 0.000000 0.000000 0.000000 0.000000 0.796820 0.264062 2.000000 0.761484 0.264062 1.000000 0.000000 0.000000 0.000000 0.000000 0.000000 0.000000 0.000000 0.000000 0.000000 0.000000 0.000000 0.000000
0 0.919726 0.255625 0.068746 0.151344 0.920495 0.201563 2.000000 0.925795 0.196875 2.000000 0.916961 0.198437 2.000000 0.934629 0.203125 2.000000 0.908127 0.201563 2.000000 0.938163 0.214062 1.000000 0.897527 0.218750 2.000000 0.932862 0.243750 2.000000 0.892226 0.245312 2.000000 0.925795 0.278125 2.000000 0.941696 0.273438 2.000000 0.915194 0.275000 2.000000 0.890459 0.270313 1.000000 0.941696 0.278125 2.000000 0.911661 0.271875 2.000000 0.934629 0.321875 1.000000 0.909894 0.320312 1.000000
0 0.341767 0.106188 0.062686 0.145594 0.318021 0.067187 2.000000 0.319788 0.060937 2.000000 0.000000 0.000000 0.000000 0.328622 0.064062 2.000000 0.000000 0.000000 0.000000 0.328622 0.093750 2.000000 0.363958 0.090625 2.000000 0.333922 0.154688 2.000000 0.000000 0.000000 0.000000 0.000000 0.000000 0.000000 0.000000 0.000000 0.000000 0.328622 0.171875 2.000000 0.360424 0.165625 2.000000 0.000000 0.000000 0.000000 0.000000 0.000000 0.000000 0.000000 0.000000 0.000000 0.000000 0.000000 0.000000
0 0.707394 0.113984 0.057155 0.107344 0.689046 0.082812 2.000000 0.697880 0.078125 2.000000 0.000000 0.000000 0.000000 0.713781 0.082812 2.000000 0.000000 0.000000 0.000000 0.719081 0.106250 2.000000 0.694346 0.114062 2.000000 0.724382 0.150000 2.000000 0.000000 0.000000 0.000000 0.690813 0.151562 1.000000 0.000000 0.000000 0.000000 0.712014 0.170313 1.000000 0.696113 0.168750 1.000000 0.000000 0.000000 0.000000 0.000000 0.000000 0.000000 0.000000 0.000000 0.000000 0.000000 0.000000 0.000000
0 0.858701 0.238875 0.103481 0.152938 0.865724 0.192188 2.000000 0.869258 0.187500 2.000000 0.858657 0.185938 2.000000 0.878092 0.190625 2.000000 0.851590 0.187500 2.000000 0.872792 0.215625 2.000000 0.835689 0.214062 2.000000 0.885159 0.242188 2.000000 0.825088 0.242188 2.000000 0.000000 0.000000 0.000000 0.000000 0.000000 0.000000 0.874558 0.264062 2.000000 0.840989 0.265625 1.000000 0.901060 0.273438 1.000000 0.876325 0.282813 2.000000 0.000000 0.000000 0.000000 0.000000 0.000000 0.000000
0 0.956608 0.243266 0.064240 0.169719 0.945230 0.184375 2.000000 0.950530 0.178125 2.000000 0.939929 0.178125 2.000000 0.959364 0.182812 2.000000 0.931095 0.179688 2.000000 0.961131 0.212500 2.000000 0.924028 0.214062 1.000000 0.978799 0.246875 2.000000 0.920495 0.248438 1.000000 0.975265 0.271875 2.000000 0.952297 0.268750 2.000000 0.964664 0.265625 2.000000 0.932862 0.264062 1.000000 0.000000 0.000000 0.000000 0.000000 0.000000 0.000000 0.000000 0.000000 0.000000 0.000000 0.000000 0.000000
0 0.430698 0.120789 0.083869 0.119109 0.432862 0.092188 2.000000 0.434629 0.085938 2.000000 0.000000 0.000000 0.000000 0.443463 0.085938 2.000000 0.000000 0.000000 0.000000 0.452297 0.106250 2.000000 0.000000 0.000000 0.000000 0.438163 0.153125 2.000000 0.000000 0.000000 0.000000 0.408127 0.143750 2.000000 0.000000 0.000000 0.000000 0.457597 0.173437 2.000000 0.000000 0.000000 0.000000 0.000000 0.000000 0.000000 0.000000 0.000000 0.000000 0.000000 0.000000 0.000000 0.000000 0.000000 0.000000
0 0.062580 0.151656 0.109505 0.243562 0.049470 0.089063 2.000000 0.060071 0.084375 2.000000 0.000000 0.000000 0.000000 0.070671 0.087500 2.000000 0.000000 0.000000 0.000000 0.065371 0.128125 2.000000 0.097173 0.112500 2.000000 0.000000 0.000000 0.000000 0.000000 0.000000 0.000000 0.000000 0.000000 0.000000 0.000000 0.000000 0.000000 0.081272 0.204687 2.000000 0.102473 0.195312 1.000000 0.000000 0.000000 0.000000 0.000000 0.000000 0.000000 0.000000 0.000000 0.000000 0.000000 0.000000 0.000000
0 0.623604 0.116172 0.070177 0.107688 0.593640 0.090625 2.000000 0.595406 0.085938 2.000000 0.000000 0.000000 0.000000 0.607774 0.084375 1.000000 0.000000 0.000000 0.000000 0.616608 0.114062 2.000000 0.621908 0.109375 2.000000 0.630742 0.148438 2.000000 0.000000 0.000000 0.000000 0.604240 0.167187 1.000000 0.000000 0.000000 0.000000 0.639576 0.170313 1.000000 0.646643 0.165625 2.000000 0.628975 0.223438 1.000000 0.639576 0.218750 1.000000 0.000000 0.000000 0.000000 0.000000 0.000000 0.000000
0 0.159903 0.443086 0.271784 0.683641 0.169611 0.162500 2.000000 0.180212 0.153125 2.000000 0.148410 0.154688 2.000000 0.000000 0.000000 0.000000 0.114841 0.173437 2.000000 0.220848 0.253125 2.000000 0.086572 0.257812 2.000000 0.268551 0.320312 2.000000 0.037102 0.342187 2.000000 0.272085 0.382812 1.000000 0.056537 0.410938 2.000000 0.204947 0.425000 2.000000 0.107774 0.426563 2.000000 0.183746 0.620313 2.000000 0.148410 0.595313 2.000000 0.091873 0.615625 2.000000 0.151943 0.760938 1.000000
0 0.271599 0.126852 0.105459 0.113828 0.000000 0.000000 0.000000 0.000000 0.000000 0.000000 0.000000 0.000000 0.000000 0.275618 0.096875 2.000000 0.295053 0.093750 2.000000 0.282686 0.118750 2.000000 0.307420 0.120313 2.000000 0.257951 0.156250 2.000000 0.000000 0.000000 0.000000 0.234982 0.134375 2.000000 0.000000 0.000000 0.000000 0.293286 0.185938 1.000000 0.312721 0.184375 1.000000 0.284452 0.231250 1.000000 0.310954 0.229687 1.000000 0.000000 0.000000 0.000000 0.000000 0.000000 0.000000
