0 0.196078 0.702104 0.155656 0.419958 0.220312 0.529167 2.000000 0.000000 0.000000 0.000000 0.218750 0.522917 2.000000 0.000000 0.000000 0.000000 0.203125 0.531250 2.000000 0.201563 0.568750 2.000000 0.173437 0.577083 2.000000 0.184375 0.643750 2.000000 0.160938 0.647917 2.000000 0.210938 0.656250 2.000000 0.162500 0.716667 2.000000 0.198437 0.704167 2.000000 0.190625 0.710417 2.000000 0.176563 0.779167 2.000000 0.210938 0.797917 2.000000 0.135937 0.858333 2.000000 0.234375 0.885417 2.000000
0 0.335742 0.540823 0.047078 0.201187 0.337500 0.460417 2.000000 0.000000 0.000000 0.000000 0.334375 0.458333 2.000000 0.000000 0.000000 0.000000 0.326562 0.460417 2.000000 0.325000 0.481250 2.000000 0.325000 0.475000 2.000000 0.340625 0.502083 2.000000 0.000000 0.000000 0.000000 0.345313 0.481250 1.000000 0.348438 0.495833 1.000000 0.328125 0.535417 2.000000 0.331250 0.537500 2.000000 0.328125 0.581250 2.000000 0.332813 0.581250 2.000000 0.325000 0.625000 2.000000 0.328125 0.625000 2.000000
0 0.436852 0.627021 0.126766 0.313583 0.456250 0.500000 2.000000 0.000000 0.000000 0.000000 0.453125 0.495833 2.000000 0.000000 0.000000 0.000000 0.439063 0.497917 2.000000 0.448437 0.525000 2.000000 0.425000 0.531250 2.000000 0.000000 0.000000 0.000000 0.406250 0.579167 2.000000 0.000000 0.000000 0.000000 0.434375 0.608333 2.000000 0.450000 0.627083 2.000000 0.432812 0.631250 2.000000 0.423438 0.679167 2.000000 0.459375 0.685417 2.000000 0.387500 0.725000 2.000000 0.467187 0.756250 2.000000
0 0.486000 0.589625 0.058531 0.245458 0.479687 0.483333 2.000000 0.484375 0.479167 2.000000 0.479687 0.479167 2.000000 0.495312 0.479167 2.000000 0.000000 0.000000 0.000000 0.506250 0.510417 2.000000 0.471875 0.506250 1.000000 0.512500 0.556250 1.000000 0.468750 0.537500 2.000000 0.503125 0.539583 2.000000 0.467187 0.554167 2.000000 0.493750 0.579167 2.000000 0.476562 0.579167 2.000000 0.498437 0.631250 2.000000 0.478125 0.629167 2.000000 0.500000 0.675000 2.000000 0.481250 0.685417 2.000000
0 0.627719 0.554969 0.063094 0.186229 0.000000 0.000000 0.000000 0.000000 0.000000 0.000000 0.000000 0.000000 0.000000 0.000000 0.000000 0.000000 0.000000 0.000000 0.000000 0.629687 0.479167 2.000000 0.640625 0.475000 2.000000 0.617188 0.510417 2.000000 0.000000 0.000000 0.000000 0.607812 0.535417 2.000000 0.000000 0.000000 0.000000 0.625000 0.539583 2.000000 0.631250 0.537500 2.000000 0.626563 0.575000 2.000000 0.628125 0.583333 2.000000 0.621875 0.627083 2.000000 0.650000 0.627083 2.000000
0 0.905016 0.509052 0.036531 0.168063 0.000000 0.000000 0.000000 0.000000 0.000000 0.000000 0.000000 0.000000 0.000000 0.906250 0.437500 2.000000 0.000000 0.000000 0.000000 0.904687 0.462500 2.000000 0.914062 0.458333 2.000000 0.901563 0.487500 2.000000 0.000000 0.000000 0.000000 0.889062 0.506250 2.000000 0.000000 0.000000 0.000000 0.903125 0.510417 2.000000 0.910937 0.508333 2.000000 0.901563 0.550000 2.000000 0.907813 0.547917 2.000000 0.903125 0.583333 2.000000 0.909375 0.581250 2.000000
0 0.857906 0.504646 0.043031 0.168292 0.000000 0.000000 0.000000 0.000000 0.000000 0.000000 0.000000 0.000000 0.000000 0.000000 0.000000 0.000000 0.000000 0.000000 0.000000 0.851562 0.454167 2.000000 0.868750 0.454167 2.000000 0.845313 0.481250 2.000000 0.000000 0.000000 0.000000 0.842187 0.497917 2.000000 0.000000 0.000000 0.000000 0.850000 0.506250 2.000000 0.867188 0.508333 2.000000 0.853125 0.537500 2.000000 0.864062 0.537500 2.000000 0.851562 0.570833 2.000000 0.862500 0.570833 2.000000
0 0.390250 0.605979 0.100094 0.274875 0.404687 0.504167 2.000000 0.000000 0.000000 0.000000 0.401562 0.500000 2.000000 0.000000 0.000000 0.000000 0.392188 0.497917 2.000000 0.400000 0.520833 2.000000 0.378125 0.527083 2.000000 0.000000 0.000000 0.000000 0.364063 0.570833 2.000000 0.000000 0.000000 0.000000 0.382812 0.591667 2.000000 0.395313 0.597917 2.000000 0.381250 0.600000 2.000000 0.382812 0.658333 2.000000 0.403125 0.664583 2.000000 0.351562 0.697917 2.000000 0.409375 0.727083 2.000000
0 0.249891 0.576250 0.039906 0.196458 0.000000 0.000000 0.000000 0.000000 0.000000 0.000000 0.000000 0.000000 0.000000 0.235937 0.481250 2.000000 0.000000 0.000000 0.000000 0.234375 0.504167 2.000000 0.257812 0.500000 2.000000 0.000000 0.000000 0.000000 0.262500 0.527083 2.000000 0.000000 0.000000 0.000000 0.265625 0.552083 2.000000 0.239063 0.560417 2.000000 0.257812 0.558333 2.000000 0.240625 0.608333 2.000000 0.254688 0.604167 2.000000 0.248438 0.645833 2.000000 0.256250 0.643750 2.000000
0 0.050523 0.542396 0.047328 0.160958 0.000000 0.000000 0.000000 0.000000 0.000000 0.000000 0.000000 0.000000 0.000000 0.000000 0.000000 0.000000 0.042188 0.472917 2.000000 0.029687 0.491667 2.000000 0.039062 0.493750 2.000000 0.000000 0.000000 0.000000 0.048438 0.518750 2.000000 0.000000 0.000000 0.000000 0.054688 0.516667 2.000000 0.034375 0.537500 2.000000 0.043750 0.537500 2.000000 0.037500 0.581250 2.000000 0.054688 0.575000 2.000000 0.040625 0.612500 2.000000 0.054688 0.610417 2.000000
0 0.977602 0.537875 0.038141 0.132375 0.000000 0.000000 0.000000 0.000000 0.000000 0.000000 0.000000 0.000000 0.000000 0.970313 0.489583 2.000000 0.000000 0.000000 0.000000 0.971875 0.504167 2.000000 0.985938 0.502083 2.000000 0.965625 0.531250 2.000000 0.000000 0.000000 0.000000 0.000000 0.000000 0.000000 0.000000 0.000000 0.000000 0.970313 0.545833 2.000000 0.982812 0.545833 2.000000 0.970313 0.568750 2.000000 0.979688 0.566667 2.000000 0.973437 0.593750 2.000000 0.979688 0.587500 2.000000
