0 0.503461 0.609163 0.322984 0.723939 0.465625 0.316038 2.000000 0.476562 0.301887 2.000000 0.460938 0.301887 2.000000 0.504687 0.313679 2.000000 0.000000 0.000000 0.000000 0.521875 0.360849 2.000000 0.440625 0.363208 2.000000 0.567187 0.419811 2.000000 0.423438 0.400943 2.000000 0.610938 0.438679 2.000000 0.406250 0.426887 2.000000 0.507812 0.580189 1.000000 0.454688 0.577830 1.000000 0.576562 0.709906 1.000000 0.425000 0.679245 2.000000 0.614062 0.910377 2.000000 0.381250 0.905660 2.000000
0 0.358312 0.233550 0.075625 0.214976 0.000000 0.000000 0.000000 0.000000 0.000000 0.000000 0.000000 0.000000 0.000000 0.345313 0.158019 2.000000 0.368750 0.155660 1.000000 0.331250 0.195755 2.000000 0.389062 0.193396 2.000000 0.325000 0.242925 2.000000 0.381250 0.250000 2.000000 0.000000 0.000000 0.000000 0.000000 0.000000 0.000000 0.350000 0.299528 1.000000 0.376563 0.297170 2.000000 0.000000 0.000000 0.000000 0.000000 0.000000 0.000000 0.000000 0.000000 0.000000 0.000000 0.000000 0.000000
0 0.451945 0.296851 0.158453 0.213656 0.457813 0.257075 2.000000 0.467187 0.245283 2.000000 0.446875 0.245283 2.000000 0.000000 0.000000 0.000000 0.434375 0.261792 2.000000 0.498437 0.320755 1.000000 0.420312 0.323113 2.000000 0.532813 0.419811 1.000000 0.000000 0.000000 0.000000 0.000000 0.000000 0.000000 0.000000 0.000000 0.000000 0.000000 0.000000 0.000000 0.000000 0.000000 0.000000 0.000000 0.000000 0.000000 0.000000 0.000000 0.000000 0.000000 0.000000 0.000000 0.000000 0.000000 0.000000
0 0.618297 0.236297 0.079906 0.254717 0.585938 0.174528 1.000000 0.590625 0.162736 2.000000 0.000000 0.000000 0.000000 0.607812 0.153302 2.000000 0.000000 0.000000 0.000000 0.615625 0.224057 2.000000 0.628125 0.221698 2.000000 0.600000 0.325472 1.000000 0.000000 0.000000 0.000000 0.000000 0.000000 0.000000 0.000000 0.000000 0.000000 0.623437 0.365566 1.000000 0.628125 0.360849 1.000000 0.000000 0.000000 0.000000 0.000000 0.000000 0.000000 0.000000 0.000000 0.000000 0.000000 0.000000 0.000000
0 0.603641 0.355778 0.145063 0.254009 0.587500 0.301887 2.000000 0.592187 0.290094 2.000000 0.578125 0.290094 2.000000 0.000000 0.000000 0.000000 0.550000 0.297170 2.000000 0.614062 0.379717 1.000000 0.525000 0.377358 1.000000 0.650000 0.448113 2.000000 0.000000 0.000000 0.000000 0.000000 0.000000 0.000000 0.000000 0.000000 0.000000 0.000000 0.000000 0.000000 0.000000 0.000000 0.000000 0.000000 0.000000 0.000000 0.000000 0.000000 0.000000 0.000000 0.000000 0.000000 0.000000 0.000000 0.000000
0 0.114891 0.528149 0.229781 0.621627 0.054688 0.278302 2.000000 0.062500 0.266509 2.000000 0.043750 0.264151 2.000000 0.084375 0.271226 2.000000 0.032813 0.273585 1.000000 0.090625 0.330189 2.000000 0.004687 0.334906 1.000000 0.120313 0.405660 2.000000 0.000000 0.000000 0.000000 0.146875 0.410377 2.000000 0.000000 0.000000 0.000000 0.085938 0.518868 1.000000 0.015625 0.518868 1.000000 0.156250 0.608491 2.000000 0.000000 0.000000 0.000000 0.185938 0.790094 2.000000 0.000000 0.000000 0.000000
0 0.718773 0.404988 0.106953 0.519458 0.000000 0.000000 0.000000 0.000000 0.000000 0.000000 0.000000 0.000000 0.000000 0.703125 0.207547 2.000000 0.000000 0.000000 0.000000 0.704688 0.261792 2.000000 0.729688 0.242925 2.000000 0.693750 0.370283 2.000000 0.759375 0.367925 2.000000 0.664062 0.466981 1.000000 0.000000 0.000000 0.000000 0.706250 0.429245 2.000000 0.735938 0.412736 1.000000 0.671875 0.584906 1.000000 0.717187 0.584906 2.000000 0.000000 0.000000 0.000000 0.000000 0.000000 0.000000
0 0.867547 0.564281 0.264906 0.643042 0.801562 0.306604 2.000000 0.812500 0.294811 2.000000 0.800000 0.292453 2.000000 0.839063 0.311321 2.000000 0.000000 0.000000 0.000000 0.865625 0.370283 2.000000 0.782813 0.360849 2.000000 0.909375 0.410377 2.000000 0.785937 0.412736 2.000000 0.954688 0.441038 2.000000 0.801562 0.450472 2.000000 0.832812 0.544811 2.000000 0.781250 0.540094 2.000000 0.000000 0.000000 0.000000 0.779687 0.660377 2.000000 0.000000 0.000000 0.000000 0.764062 0.834906 2.000000
0 0.518039 0.252712 0.064141 0.194245 0.543750 0.209906 2.000000 0.543750 0.198113 2.000000 0.531250 0.202830 2.000000 0.000000 0.000000 0.000000 0.512500 0.212264 2.000000 0.565625 0.287736 1.000000 0.476562 0.285377 1.000000 0.000000 0.000000 0.000000 0.000000 0.000000 0.000000 0.000000 0.000000 0.000000 0.000000 0.000000 0.000000 0.000000 0.000000 0.000000 0.000000 0.000000 0.000000 0.000000 0.000000 0.000000 0.000000 0.000000 0.000000 0.000000 0.000000 0.000000 0.000000 0.000000 0.000000
0 0.257563 0.403432 0.194531 0.432807 0.237500 0.245283 2.000000 0.243750 0.235849 2.000000 0.229687 0.238208 2.000000 0.264062 0.238208 2.000000 0.000000 0.000000 0.000000 0.293750 0.308962 2.000000 0.207813 0.311321 2.000000 0.331250 0.356132 2.000000 0.190625 0.365566 2.000000 0.371875 0.370283 1.000000 0.181250 0.384434 2.000000 0.293750 0.466981 1.000000 0.210938 0.474057 2.000000 0.000000 0.000000 0.000000 0.000000 0.000000 0.000000 0.000000 0.000000 0.000000 0.000000 0.000000 0.000000
0 0.561492 0.236392 0.091922 0.235660 0.000000 0.000000 0.000000 0.000000 0.000000 0.000000 0.000000 0.000000 0.000000 0.525000 0.162736 1.000000 0.000000 0.000000 0.000000 0.520312 0.242925 1.000000 0.589063 0.235849 2.000000 0.000000 0.000000 0.000000 0.000000 0.000000 0.000000 0.000000 0.000000 0.000000 0.000000 0.000000 0.000000 0.000000 0.000000 0.000000 0.000000 0.000000 0.000000 0.000000 0.000000 0.000000 0.000000 0.000000 0.000000 0.000000 0.000000 0.000000 0.000000 0.000000 0.000000
0 0.194578 0.258101 0.107656 0.197382 0.204687 0.207547 2.000000 0.212500 0.200472 2.000000 0.203125 0.198113 2.000000 0.235937 0.202830 1.000000 0.000000 0.000000 0.000000 0.242188 0.261792 1.000000 0.178125 0.264151 2.000000 0.000000 0.000000 0.000000 0.150000 0.327830 2.000000 0.000000 0.000000 0.000000 0.170313 0.400943 1.000000 0.237500 0.393868 1.000000 0.182812 0.396226 1.000000 0.000000 0.000000 0.000000 0.000000 0.000000 0.000000 0.000000 0.000000 0.000000 0.000000 0.000000 0.000000
