0 0.085922 0.543722 0.162375 0.858733 0.101562 0.200000 2.000000 0.103125 0.175556 2.000000 0.084375 0.175556 2.000000 0.000000 0.000000 0.000000 0.039062 0.184444 2.000000 0.125000 0.322222 2.000000 0.000000 0.000000 0.000000 0.168750 0.451111 1.000000 0.031250 0.473333 2.000000 0.093750 0.422222 2.000000 0.114062 0.446667 2.000000 0.142187 0.660000 2.000000 0.057813 0.657778 2.000000 0.128125 0.882222 2.000000 0.075000 0.886667 2.000000 0.000000 0.000000 0.000000 0.000000 0.000000 0.000000
0 0.434516 0.579400 0.199094 0.822489 0.467187 0.275556 2.000000 0.462500 0.260000 2.000000 0.446875 0.260000 2.000000 0.000000 0.000000 0.000000 0.406250 0.264444 2.000000 0.467187 0.380000 2.000000 0.356250 0.388889 2.000000 0.512500 0.544444 2.000000 0.370312 0.571111 2.000000 0.467187 0.568889 2.000000 0.462500 0.646667 2.000000 0.465625 0.680000 2.000000 0.401562 0.677778 2.000000 0.446875 0.922222 2.000000 0.385937 0.917778 2.000000 0.000000 0.000000 0.000000 0.000000 0.000000 0.000000
0 0.579602 0.592089 0.167547 0.815822 0.598437 0.266667 2.000000 0.000000 0.000000 0.000000 0.582812 0.260000 2.000000 0.000000 0.000000 0.000000 0.540625 0.277778 2.000000 0.609375 0.382222 2.000000 0.526563 0.384444 2.000000 0.631250 0.520000 1.000000 0.534375 0.544444 2.000000 0.650000 0.646667 1.000000 0.578125 0.662222 2.000000 0.601562 0.633333 1.000000 0.542188 0.640000 2.000000 0.592187 0.855556 2.000000 0.553125 0.864444 2.000000 0.000000 0.000000 0.000000 0.000000 0.000000 0.000000
0 0.688117 0.576400 0.159578 0.815733 0.725000 0.257778 2.000000 0.726562 0.242222 2.000000 0.703125 0.244444 2.000000 0.000000 0.000000 0.000000 0.671875 0.255556 2.000000 0.737500 0.342222 2.000000 0.654687 0.360000 2.000000 0.726562 0.464444 2.000000 0.639062 0.504444 1.000000 0.000000 0.000000 0.000000 0.000000 0.000000 0.000000 0.731250 0.602222 2.000000 0.660937 0.611111 2.000000 0.709375 0.817778 2.000000 0.665625 0.820000 2.000000 0.000000 0.000000 0.000000 0.000000 0.000000 0.000000
0 0.229109 0.589889 0.180125 0.820222 0.250000 0.266667 2.000000 0.246875 0.246667 2.000000 0.231250 0.248889 2.000000 0.000000 0.000000 0.000000 0.187500 0.277778 2.000000 0.220312 0.382222 2.000000 0.178125 0.417778 2.000000 0.264062 0.553333 2.000000 0.210938 0.604444 2.000000 0.306250 0.675556 2.000000 0.282813 0.695556 2.000000 0.245312 0.668889 2.000000 0.195312 0.688889 2.000000 0.240625 0.971111 2.000000 0.204687 0.975556 2.000000 0.000000 0.000000 0.000000 0.000000 0.000000 0.000000
0 0.916930 0.558811 0.166141 0.878822 0.918750 0.220000 2.000000 0.923438 0.204444 2.000000 0.906250 0.204444 2.000000 0.000000 0.000000 0.000000 0.871875 0.224444 2.000000 0.948438 0.302222 2.000000 0.850000 0.313333 2.000000 0.971875 0.442222 2.000000 0.842187 0.453333 1.000000 0.975000 0.564444 2.000000 0.850000 0.566667 1.000000 0.939063 0.564444 2.000000 0.864062 0.571111 1.000000 0.975000 0.777778 2.000000 0.870313 0.793333 1.000000 0.987500 0.986667 2.000000 0.871875 0.984444 1.000000
0 0.761672 0.170633 0.083719 0.242022 0.784375 0.137778 2.000000 0.789062 0.124444 2.000000 0.771875 0.124444 2.000000 0.000000 0.000000 0.000000 0.798438 0.117778 2.000000 0.806250 0.215556 1.000000 0.714063 0.237778 1.000000 0.000000 0.000000 0.000000 0.000000 0.000000 0.000000 0.000000 0.000000 0.000000 0.000000 0.000000 0.000000 0.000000 0.000000 0.000000 0.000000 0.000000 0.000000 0.000000 0.000000 0.000000 0.000000 0.000000 0.000000 0.000000 0.000000 0.000000 0.000000 0.000000 0.000000
0 0.360867 0.560556 0.121328 0.878889 0.417187 0.193333 1.000000 0.417187 0.184444 2.000000 0.398438 0.186667 2.000000 0.000000 0.000000 0.000000 0.356250 0.197778 2.000000 0.000000 0.000000 0.000000 0.351562 0.302222 2.000000 0.000000 0.000000 0.000000 0.323437 0.466667 2.000000 0.000000 0.000000 0.000000 0.345313 0.597778 2.000000 0.000000 0.000000 0.000000 0.365625 0.568889 1.000000 0.000000 0.000000 0.000000 0.345313 0.833333 2.000000 0.000000 0.000000 0.000000 0.000000 0.000000 0.000000
0 0.507281 0.257789 0.085375 0.320644 0.531250 0.188889 2.000000 0.539062 0.171111 2.000000 0.518750 0.173333 2.000000 0.000000 0.000000 0.000000 0.487500 0.184444 2.000000 0.573438 0.271111 1.000000 0.456250 0.280000 1.000000 0.000000 0.000000 0.000000 0.462500 0.395556 1.000000 0.000000 0.000000 0.000000 0.529687 0.388889 1.000000 0.556250 0.562222 1.000000 0.482812 0.568889 1.000000 0.000000 0.000000 0.000000 0.000000 0.000000 0.000000 0.000000 0.000000 0.000000 0.000000 0.000000 0.000000
0 0.825578 0.593256 0.150094 0.786511 0.829688 0.284444 2.000000 0.834375 0.264444 2.000000 0.814063 0.275556 2.000000 0.000000 0.000000 0.000000 0.787500 0.300000 2.000000 0.857812 0.380000 2.000000 0.771875 0.406667 2.000000 0.878125 0.526667 2.000000 0.781250 0.546667 2.000000 0.876563 0.624444 2.000000 0.823438 0.664444 2.000000 0.000000 0.000000 0.000000 0.806250 0.668889 2.000000 0.000000 0.000000 0.000000 0.826562 0.842222 2.000000 0.815625 0.991111 1.000000 0.775000 0.991111 1.000000
0 0.224375 0.310111 0.180125 0.391022 0.245312 0.195556 2.000000 0.251563 0.177778 2.000000 0.229687 0.184444 2.000000 0.000000 0.000000 0.000000 0.195312 0.193333 1.000000 0.271875 0.308889 2.000000 0.165625 0.311111 1.000000 0.312500 0.446667 1.000000 0.215625 0.451111 1.000000 0.243750 0.526667 1.000000 0.282813 0.511111 1.000000 0.278125 0.577778 1.000000 0.228125 0.577778 1.000000 0.000000 0.000000 0.000000 0.000000 0.000000 0.000000 0.000000 0.000000 0.000000 0.000000 0.000000 0.000000
0 0.702836 0.214200 0.112078 0.264800 0.714063 0.177778 2.000000 0.717187 0.166667 2.000000 0.701562 0.168889 2.000000 0.000000 0.000000 0.000000 0.000000 0.000000 0.000000 0.739062 0.288889 2.000000 0.645312 0.291111 1.000000 0.000000 0.000000 0.000000 0.000000 0.000000 0.000000 0.000000 0.000000 0.000000 0.000000 0.000000 0.000000 0.000000 0.000000 0.000000 0.000000 0.000000 0.000000 0.000000 0.000000 0.000000 0.000000 0.000000 0.000000 0.000000 0.000000 0.000000 0.000000 0.000000 0.000000
