0 0.668484 0.619823 0.086906 0.366729 0.000000 0.000000 0.000000 0.000000 0.000000 0.000000 0.000000 0.000000 0.000000 0.646875 0.487500 2.000000 0.671875 0.487500 2.000000 0.632812 0.512500 2.000000 0.684375 0.531250 2.000000 0.635938 0.491667 2.000000 0.700000 0.587500 2.000000 0.653125 0.462500 2.000000 0.704688 0.568750 2.000000 0.639062 0.639583 2.000000 0.671875 0.639583 2.000000 0.642188 0.687500 2.000000 0.660937 0.689583 2.000000 0.662500 0.752083 2.000000 0.656250 0.722917 2.000000
0 0.406250 0.380635 0.106406 0.263521 0.417187 0.279167 2.000000 0.000000 0.000000 0.000000 0.412500 0.277083 2.000000 0.000000 0.000000 0.000000 0.395313 0.281250 2.000000 0.421875 0.291667 2.000000 0.379688 0.306250 2.000000 0.435937 0.325000 2.000000 0.371875 0.345833 2.000000 0.445312 0.356250 2.000000 0.396875 0.354167 2.000000 0.428125 0.368750 2.000000 0.398438 0.377083 2.000000 0.431250 0.422917 2.000000 0.403125 0.420833 2.000000 0.435937 0.475000 2.000000 0.406250 0.466667 2.000000
0 0.323594 0.596625 0.094375 0.271917 0.000000 0.000000 0.000000 0.000000 0.000000 0.000000 0.000000 0.000000 0.000000 0.000000 0.000000 0.000000 0.000000 0.000000 0.000000 0.293750 0.504167 2.000000 0.312500 0.525000 2.000000 0.000000 0.000000 0.000000 0.350000 0.547917 1.000000 0.000000 0.000000 0.000000 0.335938 0.520833 1.000000 0.307812 0.600000 2.000000 0.321875 0.608333 2.000000 0.315625 0.627083 2.000000 0.335938 0.654167 2.000000 0.323437 0.672917 2.000000 0.342187 0.712500 2.000000
0 0.220680 0.351219 0.090234 0.194646 0.209375 0.283333 2.000000 0.000000 0.000000 0.000000 0.204687 0.281250 2.000000 0.000000 0.000000 0.000000 0.190625 0.279167 2.000000 0.220312 0.279167 2.000000 0.179688 0.312500 2.000000 0.235937 0.310417 2.000000 0.000000 0.000000 0.000000 0.242188 0.347917 2.000000 0.000000 0.000000 0.000000 0.234375 0.375000 2.000000 0.209375 0.391667 2.000000 0.251563 0.416667 2.000000 0.000000 0.000000 0.000000 0.000000 0.000000 0.000000 0.000000 0.000000 0.000000
0 0.262187 0.286219 0.073469 0.261063 0.265625 0.183333 2.000000 0.000000 0.000000 0.000000 0.262500 0.181250 2.000000 0.000000 0.000000 0.000000 0.000000 0.000000 0.000000 0.270313 0.197917 2.000000 0.235937 0.216667 2.000000 0.289062 0.229167 2.000000 0.237500 0.262500 2.000000 0.292187 0.262500 2.000000 0.256250 0.287500 2.000000 0.285938 0.289583 2.000000 0.264062 0.302083 2.000000 0.292187 0.327083 1.000000 0.270313 0.345833 2.000000 0.000000 0.000000 0.000000 0.273438 0.389583 1.000000
0 0.324438 0.393250 0.116281 0.233708 0.317188 0.314583 2.000000 0.318750 0.308333 2.000000 0.310937 0.312500 2.000000 0.000000 0.000000 0.000000 0.300000 0.310417 2.000000 0.331250 0.306250 2.000000 0.285938 0.331250 2.000000 0.353125 0.341667 2.000000 0.281250 0.385417 2.000000 0.356250 0.379167 2.000000 0.303125 0.418750 2.000000 0.340625 0.402083 2.000000 0.317188 0.414583 2.000000 0.351562 0.456250 2.000000 0.329688 0.470833 2.000000 0.357812 0.489583 2.000000 0.335938 0.504167 2.000000
0 0.182680 0.235333 0.059547 0.126500 0.165625 0.204167 2.000000 0.170313 0.197917 2.000000 0.162500 0.197917 2.000000 0.176563 0.193750 2.000000 0.000000 0.000000 0.000000 0.187500 0.218750 2.000000 0.154688 0.216667 1.000000 0.201563 0.256250 1.000000 0.000000 0.000000 0.000000 0.000000 0.000000 0.000000 0.000000 0.000000 0.000000 0.000000 0.000000 0.000000 0.000000 0.000000 0.000000 0.000000 0.000000 0.000000 0.000000 0.000000 0.000000 0.000000 0.000000 0.000000 0.000000 0.000000 0.000000
0 0.064344 0.301052 0.061500 0.125896 0.040625 0.264583 2.000000 0.042188 0.258333 2.000000 0.000000 0.000000 0.000000 0.057813 0.256250 2.000000 0.000000 0.000000 0.000000 0.073438 0.277083 2.000000 0.046875 0.279167 1.000000 0.078125 0.322917 2.000000 0.048438 0.316667 1.000000 0.064062 0.341667 2.000000 0.053125 0.333333 2.000000 0.084375 0.356250 1.000000 0.067187 0.356250 1.000000 0.000000 0.000000 0.000000 0.000000 0.000000 0.000000 0.000000 0.000000 0.000000 0.000000 0.000000 0.000000
0 0.264578 0.529229 0.061469 0.172958 0.000000 0.000000 0.000000 0.000000 0.000000 0.000000 0.000000 0.000000 0.000000 0.000000 0.000000 0.000000 0.000000 0.000000 0.000000 0.260937 0.468750 2.000000 0.267188 0.506250 2.000000 0.000000 0.000000 0.000000 0.275000 0.550000 2.000000 0.000000 0.000000 0.000000 0.293750 0.531250 1.000000 0.000000 0.000000 0.000000 0.251563 0.552083 1.000000 0.000000 0.000000 0.000000 0.000000 0.000000 0.000000 0.000000 0.000000 0.000000 0.000000 0.000000 0.000000
0 0.271758 0.711688 0.130516 0.332458 0.000000 0.000000 0.000000 0.000000 0.000000 0.000000 0.262500 0.568750 2.000000 0.000000 0.000000 0.000000 0.253125 0.587500 2.000000 0.229687 0.637500 2.000000 0.271875 0.647917 2.000000 0.000000 0.000000 0.000000 0.290625 0.704167 2.000000 0.000000 0.000000 0.000000 0.307812 0.725000 2.000000 0.243750 0.716667 2.000000 0.275000 0.722917 2.000000 0.273438 0.777083 2.000000 0.306250 0.768750 2.000000 0.285938 0.835417 2.000000 0.310937 0.835417 2.000000
