0 0.082844 0.654672 0.165688 0.552677 0.000000 0.000000 0.000000 0.000000 0.000000 0.000000 0.100000 0.434343 2.000000 0.000000 0.000000 0.000000 0.078125 0.439394 2.000000 0.037500 0.472222 2.000000 0.060937 0.505051 2.000000 0.000000 0.000000 0.000000 0.084375 0.601010 2.000000 0.000000 0.000000 0.000000 0.134375 0.611111 2.000000 0.000000 0.000000 0.000000 0.000000 0.000000 0.000000 0.000000 0.000000 0.000000 0.045312 0.729798 2.000000 0.000000 0.000000 0.000000 0.025000 0.896465 2.000000
0 0.774578 0.106515 0.090031 0.112121 0.000000 0.000000 0.000000 0.000000 0.000000 0.000000 0.790625 0.085859 2.000000 0.000000 0.000000 0.000000 0.782813 0.073232 2.000000 0.798438 0.095960 2.000000 0.750000 0.090909 2.000000 0.807813 0.138889 2.000000 0.734375 0.146465 2.000000 0.000000 0.000000 0.000000 0.771875 0.146465 2.000000 0.000000 0.000000 0.000000 0.000000 0.000000 0.000000 0.000000 0.000000 0.000000 0.000000 0.000000 0.000000 0.000000 0.000000 0.000000 0.000000 0.000000 0.000000
0 0.232203 0.183144 0.086219 0.137096 0.248438 0.151515 2.000000 0.251563 0.143939 2.000000 0.245312 0.143939 2.000000 0.000000 0.000000 0.000000 0.232813 0.143939 2.000000 0.257812 0.179293 2.000000 0.220312 0.179293 2.000000 0.265625 0.234848 2.000000 0.223438 0.239899 2.000000 0.000000 0.000000 0.000000 0.000000 0.000000 0.000000 0.000000 0.000000 0.000000 0.000000 0.000000 0.000000 0.000000 0.000000 0.000000 0.000000 0.000000 0.000000 0.000000 0.000000 0.000000 0.000000 0.000000 0.000000
0 0.646234 0.115013 0.058062 0.125682 0.653125 0.083333 2.000000 0.656250 0.078283 2.000000 0.650000 0.080808 2.000000 0.000000 0.000000 0.000000 0.640625 0.080808 2.000000 0.664062 0.121212 2.000000 0.632812 0.123737 2.000000 0.667188 0.164141 2.000000 0.631250 0.174242 2.000000 0.660937 0.184343 1.000000 0.651563 0.184343 1.000000 0.000000 0.000000 0.000000 0.000000 0.000000 0.000000 0.000000 0.000000 0.000000 0.000000 0.000000 0.000000 0.000000 0.000000 0.000000 0.000000 0.000000 0.000000
0 0.393227 0.120896 0.091391 0.190732 0.401562 0.060606 2.000000 0.404687 0.053030 2.000000 0.396875 0.053030 2.000000 0.000000 0.000000 0.000000 0.000000 0.000000 0.000000 0.409375 0.080808 2.000000 0.376563 0.083333 2.000000 0.414062 0.131313 2.000000 0.376563 0.136364 2.000000 0.000000 0.000000 0.000000 0.409375 0.151515 2.000000 0.396875 0.138889 2.000000 0.370312 0.141414 2.000000 0.428125 0.151515 2.000000 0.382812 0.161616 2.000000 0.404687 0.219697 1.000000 0.357812 0.224747 1.000000
0 0.326305 0.129217 0.096797 0.210101 0.317188 0.053030 2.000000 0.318750 0.045455 2.000000 0.310937 0.047980 2.000000 0.000000 0.000000 0.000000 0.000000 0.000000 0.000000 0.323437 0.080808 1.000000 0.287500 0.088384 2.000000 0.000000 0.000000 0.000000 0.273438 0.148990 1.000000 0.000000 0.000000 0.000000 0.312500 0.143939 2.000000 0.318750 0.156566 2.000000 0.292187 0.159091 2.000000 0.362500 0.138889 2.000000 0.307812 0.151515 2.000000 0.360938 0.229798 1.000000 0.317188 0.234848 1.000000
0 0.702875 0.108990 0.059781 0.132576 0.714063 0.073232 2.000000 0.718750 0.068182 2.000000 0.710938 0.068182 2.000000 0.000000 0.000000 0.000000 0.000000 0.000000 0.000000 0.720313 0.106061 2.000000 0.690625 0.111111 2.000000 0.721875 0.146465 2.000000 0.690625 0.159091 2.000000 0.000000 0.000000 0.000000 0.714063 0.179293 1.000000 0.000000 0.000000 0.000000 0.000000 0.000000 0.000000 0.000000 0.000000 0.000000 0.000000 0.000000 0.000000 0.000000 0.000000 0.000000 0.000000 0.000000 0.000000
0 0.548625 0.135101 0.074031 0.122475 0.565625 0.103535 2.000000 0.568750 0.098485 2.000000 0.562500 0.098485 2.000000 0.000000 0.000000 0.000000 0.554688 0.098485 2.000000 0.575000 0.128788 2.000000 0.540625 0.128788 2.000000 0.581250 0.181818 2.000000 0.546875 0.186869 2.000000 0.000000 0.000000 0.000000 0.568750 0.196970 1.000000 0.000000 0.000000 0.000000 0.521875 0.196970 1.000000 0.000000 0.000000 0.000000 0.000000 0.000000 0.000000 0.000000 0.000000 0.000000 0.000000 0.000000 0.000000
0 0.247516 0.139710 0.077687 0.200581 0.246875 0.073232 2.000000 0.251563 0.065657 2.000000 0.243750 0.065657 2.000000 0.000000 0.000000 0.000000 0.000000 0.000000 0.000000 0.257812 0.101010 2.000000 0.229687 0.101010 2.000000 0.000000 0.000000 0.000000 0.229687 0.148990 1.000000 0.000000 0.000000 0.000000 0.264062 0.148990 2.000000 0.000000 0.000000 0.000000 0.000000 0.000000 0.000000 0.000000 0.000000 0.000000 0.000000 0.000000 0.000000 0.000000 0.000000 0.000000 0.000000 0.000000 0.000000
0 0.169531 0.178068 0.047063 0.152146 0.179688 0.138889 2.000000 0.181250 0.131313 2.000000 0.173437 0.131313 2.000000 0.000000 0.000000 0.000000 0.165625 0.136364 2.000000 0.178125 0.169192 2.000000 0.153125 0.171717 2.000000 0.179688 0.227273 2.000000 0.000000 0.000000 0.000000 0.000000 0.000000 0.000000 0.000000 0.000000 0.000000 0.176563 0.244949 2.000000 0.156250 0.247475 1.000000 0.000000 0.000000 0.000000 0.000000 0.000000 0.000000 0.000000 0.000000 0.000000 0.000000 0.000000 0.000000
0 0.498086 0.571427 0.286234 0.571439 0.517188 0.348485 2.000000 0.000000 0.000000 0.000000 0.000000 0.000000 0.000000 0.000000 0.000000 0.000000 0.000000 0.000000 0.000000 0.467187 0.330808 2.000000 0.496875 0.391414 2.000000 0.518750 0.323232 2.000000 0.576562 0.388889 2.000000 0.570312 0.348485 2.000000 0.596875 0.345960 2.000000 0.523438 0.527778 2.000000 0.495312 0.532828 2.000000 0.568750 0.659091 2.000000 0.454688 0.686869 2.000000 0.603125 0.808081 2.000000 0.378125 0.775253 2.000000
0 0.122984 0.197538 0.080969 0.123460 0.135937 0.174242 2.000000 0.140625 0.166667 2.000000 0.132812 0.164141 2.000000 0.143750 0.166667 2.000000 0.125000 0.166667 2.000000 0.150000 0.196970 2.000000 0.107813 0.199495 2.000000 0.156250 0.252525 2.000000 0.112500 0.255051 2.000000 0.132812 0.255051 2.000000 0.000000 0.000000 0.000000 0.000000 0.000000 0.000000 0.000000 0.000000 0.000000 0.000000 0.000000 0.000000 0.000000 0.000000 0.000000 0.000000 0.000000 0.000000 0.000000 0.000000 0.000000
0 0.042812 0.195492 0.085625 0.168914 0.035937 0.151515 2.000000 0.039062 0.146465 2.000000 0.031250 0.146465 2.000000 0.000000 0.000000 0.000000 0.021875 0.151515 2.000000 0.045312 0.191919 2.000000 0.014063 0.202020 2.000000 0.054688 0.217172 2.000000 0.025000 0.250000 2.000000 0.081250 0.217172 2.000000 0.056250 0.275253 2.000000 0.000000 0.000000 0.000000 0.000000 0.000000 0.000000 0.000000 0.000000 0.000000 0.000000 0.000000 0.000000 0.000000 0.000000 0.000000 0.000000 0.000000 0.000000
