0 0.429101 0.396442 0.230677 0.518217 0.465116 0.178333 2.000000 0.475687 0.171667 2.000000 0.454545 0.171667 2.000000 0.000000 0.000000 0.000000 0.433404 0.180000 2.000000 0.503171 0.250000 2.000000 0.393235 0.240000 2.000000 0.520085 0.323333 2.000000 0.363636 0.271667 2.000000 0.520085 0.398333 2.000000 0.424947 0.213333 2.000000 0.488372 0.403333 2.000000 0.403805 0.401667 2.000000 0.475687 0.523333 2.000000 0.389006 0.518333 2.000000 0.465116 0.616667 2.000000 0.382664 0.620000 2.000000
0 0.675603 0.362375 0.063932 0.228317 0.691332 0.271667 2.000000 0.000000 0.000000 0.000000 0.684989 0.268333 2.000000 0.000000 0.000000 0.000000 0.674419 0.270000 2.000000 0.680761 0.293333 2.000000 0.670190 0.295000 2.000000 0.000000 0.000000 0.000000 0.680761 0.326667 2.000000 0.000000 0.000000 0.000000 0.693446 0.325000 2.000000 0.682875 0.356667 2.000000 0.668076 0.355000 2.000000 0.682875 0.401667 2.000000 0.672304 0.403333 2.000000 0.674419 0.448333 2.000000 0.663848 0.453333 2.000000
0 0.920222 0.373583 0.082135 0.230767 0.940803 0.273333 2.000000 0.000000 0.000000 0.000000 0.934461 0.270000 2.000000 0.000000 0.000000 0.000000 0.917548 0.280000 2.000000 0.904863 0.298333 2.000000 0.913319 0.298333 2.000000 0.000000 0.000000 0.000000 0.000000 0.000000 0.000000 0.000000 0.000000 0.000000 0.000000 0.000000 0.000000 0.904863 0.360000 2.000000 0.923890 0.360000 2.000000 0.000000 0.000000 0.000000 0.915433 0.418333 2.000000 0.000000 0.000000 0.000000 0.911205 0.468333 2.000000
0 0.818108 0.393258 0.182431 0.413483 0.000000 0.000000 0.000000 0.000000 0.000000 0.000000 0.000000 0.000000 0.000000 0.803383 0.216667 1.000000 0.856237 0.225000 2.000000 0.771670 0.266667 2.000000 0.858351 0.270000 2.000000 0.746300 0.338333 2.000000 0.883721 0.356667 2.000000 0.756871 0.388333 2.000000 0.000000 0.000000 0.000000 0.773784 0.390000 2.000000 0.835095 0.393333 1.000000 0.782241 0.481667 2.000000 0.811839 0.481667 2.000000 0.790698 0.571667 2.000000 0.782241 0.578333 2.000000
0 0.168214 0.378258 0.126025 0.351183 0.000000 0.000000 0.000000 0.000000 0.000000 0.000000 0.000000 0.000000 0.000000 0.000000 0.000000 0.000000 0.000000 0.000000 0.000000 0.122622 0.271667 1.000000 0.198732 0.271667 2.000000 0.105708 0.318333 1.000000 0.209302 0.321667 2.000000 0.000000 0.000000 0.000000 0.000000 0.000000 0.000000 0.139535 0.373333 2.000000 0.183932 0.375000 2.000000 0.141649 0.441667 2.000000 0.186047 0.443333 2.000000 0.133192 0.525000 2.000000 0.192389 0.525000 2.000000
0 0.104704 0.290117 0.073467 0.145567 0.135307 0.245000 2.000000 0.137421 0.240000 1.000000 0.128964 0.240000 2.000000 0.000000 0.000000 0.000000 0.109937 0.243333 1.000000 0.000000 0.000000 0.000000 0.099366 0.278333 2.000000 0.000000 0.000000 0.000000 0.080338 0.325000 2.000000 0.000000 0.000000 0.000000 0.128964 0.315000 1.000000 0.000000 0.000000 0.000000 0.112051 0.360000 1.000000 0.000000 0.000000 0.000000 0.116279 0.426667 1.000000 0.000000 0.000000 0.000000 0.000000 0.000000 0.000000
0 0.060074 0.387658 0.084461 0.212350 0.000000 0.000000 0.000000 0.057082 0.293333 1.000000 0.000000 0.000000 0.000000 0.065539 0.291667 1.000000 0.000000 0.000000 0.000000 0.061311 0.315000 2.000000 0.084567 0.313333 1.000000 0.042283 0.346667 2.000000 0.000000 0.000000 0.000000 0.035941 0.373333 2.000000 0.000000 0.000000 0.000000 0.063425 0.381667 2.000000 0.082452 0.376667 2.000000 0.065539 0.431667 2.000000 0.084567 0.433333 2.000000 0.071882 0.481667 2.000000 0.086681 0.481667 2.000000
0 0.300053 0.378025 0.145053 0.311650 0.327696 0.250000 2.000000 0.000000 0.000000 0.000000 0.323467 0.243333 2.000000 0.000000 0.000000 0.000000 0.304440 0.245000 2.000000 0.262156 0.280000 1.000000 0.327696 0.278333 2.000000 0.243129 0.321667 2.000000 0.348837 0.316667 2.000000 0.000000 0.000000 0.000000 0.000000 0.000000 0.000000 0.276956 0.356667 2.000000 0.317125 0.356667 2.000000 0.281184 0.448333 1.000000 0.325581 0.441667 2.000000 0.276956 0.505000 1.000000 0.319239 0.506667 2.000000
0 0.735359 0.375075 0.079006 0.244183 0.710359 0.275000 2.000000 0.714588 0.271667 2.000000 0.706131 0.273333 2.000000 0.725159 0.271667 2.000000 0.000000 0.000000 0.000000 0.727273 0.303333 2.000000 0.697674 0.303333 2.000000 0.000000 0.000000 0.000000 0.000000 0.000000 0.000000 0.000000 0.000000 0.000000 0.000000 0.000000 0.000000 0.723044 0.366667 2.000000 0.701903 0.368333 1.000000 0.727273 0.410000 2.000000 0.712474 0.408333 2.000000 0.739958 0.453333 1.000000 0.720930 0.453333 2.000000
0 0.615613 0.365600 0.078795 0.206233 0.640592 0.273333 2.000000 0.000000 0.000000 0.000000 0.630021 0.270000 2.000000 0.000000 0.000000 0.000000 0.617336 0.278333 2.000000 0.636364 0.298333 2.000000 0.602537 0.298333 2.000000 0.000000 0.000000 0.000000 0.604651 0.331667 2.000000 0.000000 0.000000 0.000000 0.638478 0.318333 2.000000 0.640592 0.356667 2.000000 0.615222 0.353333 2.000000 0.640592 0.408333 2.000000 0.615222 0.403333 2.000000 0.636364 0.448333 2.000000 0.619450 0.446667 2.000000
0 0.577791 0.361100 0.085518 0.207367 0.000000 0.000000 0.000000 0.000000 0.000000 0.000000 0.000000 0.000000 0.000000 0.000000 0.000000 0.000000 0.000000 0.000000 0.000000 0.553911 0.318333 2.000000 0.568710 0.318333 2.000000 0.000000 0.000000 0.000000 0.000000 0.000000 0.000000 0.000000 0.000000 0.000000 0.000000 0.000000 0.000000 0.556025 0.365000 2.000000 0.568710 0.365000 2.000000 0.000000 0.000000 0.000000 0.570825 0.401667 2.000000 0.000000 0.000000 0.000000 0.566596 0.435000 2.000000
0 0.356110 0.298150 0.056110 0.212567 0.357294 0.228333 2.000000 0.365751 0.221667 2.000000 0.350951 0.221667 2.000000 0.000000 0.000000 0.000000 0.342495 0.226667 2.000000 0.000000 0.000000 0.000000 0.327696 0.256667 1.000000 0.000000 0.000000 0.000000 0.000000 0.000000 0.000000 0.000000 0.000000 0.000000 0.000000 0.000000 0.000000 0.000000 0.000000 0.000000 0.000000 0.000000 0.000000 0.000000 0.000000 0.000000 0.000000 0.000000 0.000000 0.000000 0.000000 0.000000 0.000000 0.000000 0.000000
