0 0.841820 0.346063 0.091484 0.163917 0.000000 0.000000 0.000000 0.798438 0.285417 1.000000 0.000000 0.000000 0.000000 0.810937 0.281250 2.000000 0.000000 0.000000 0.000000 0.834375 0.314583 2.000000 0.789062 0.327083 1.000000 0.853125 0.341667 2.000000 0.000000 0.000000 0.000000 0.864062 0.360417 2.000000 0.000000 0.000000 0.000000 0.837500 0.410417 1.000000 0.000000 0.000000 0.000000 0.000000 0.000000 0.000000 0.000000 0.000000 0.000000 0.000000 0.000000 0.000000 0.000000 0.000000 0.000000
0 0.784992 0.399469 0.142328 0.269729 0.782813 0.329167 2.000000 0.789062 0.322917 2.000000 0.771875 0.327083 2.000000 0.000000 0.000000 0.000000 0.000000 0.000000 0.000000 0.806250 0.377083 2.000000 0.740625 0.385417 2.000000 0.832812 0.452083 2.000000 0.712500 0.464583 1.000000 0.826562 0.543750 1.000000 0.000000 0.000000 0.000000 0.803125 0.527083 1.000000 0.748437 0.537500 1.000000 0.798438 0.627083 1.000000 0.759375 0.629167 1.000000 0.000000 0.000000 0.000000 0.000000 0.000000 0.000000
0 0.930617 0.594385 0.138766 0.685396 0.932813 0.337500 2.000000 0.939063 0.325000 2.000000 0.000000 0.000000 0.000000 0.973437 0.322917 2.000000 0.000000 0.000000 0.000000 0.987500 0.391667 2.000000 0.000000 0.000000 0.000000 0.981250 0.520833 2.000000 0.000000 0.000000 0.000000 0.926562 0.470833 2.000000 0.901563 0.477083 2.000000 0.978125 0.585417 2.000000 0.945312 0.585417 2.000000 0.971875 0.737500 2.000000 0.940625 0.714583 2.000000 0.979688 0.875000 2.000000 0.957812 0.833333 2.000000
0 0.631344 0.338469 0.134750 0.171438 0.610938 0.289583 1.000000 0.000000 0.000000 0.000000 0.000000 0.000000 0.000000 0.618750 0.281250 2.000000 0.000000 0.000000 0.000000 0.623437 0.304167 2.000000 0.640625 0.322917 2.000000 0.590625 0.318750 2.000000 0.601562 0.341667 2.000000 0.556250 0.316667 1.000000 0.562500 0.343750 1.000000 0.659375 0.402083 2.000000 0.684375 0.395833 2.000000 0.000000 0.000000 0.000000 0.000000 0.000000 0.000000 0.000000 0.000000 0.000000 0.000000 0.000000 0.000000
0 0.533805 0.600990 0.201609 0.686521 0.492188 0.325000 1.000000 0.495312 0.306250 2.000000 0.000000 0.000000 0.000000 0.000000 0.000000 0.000000 0.000000 0.000000 0.000000 0.531250 0.397917 2.000000 0.542188 0.387500 2.000000 0.526563 0.510417 2.000000 0.531250 0.475000 2.000000 0.468750 0.472917 2.000000 0.490625 0.433333 1.000000 0.534375 0.627083 2.000000 0.543750 0.618750 2.000000 0.518750 0.747917 2.000000 0.565625 0.727083 2.000000 0.510938 0.891667 2.000000 0.601562 0.852083 2.000000
0 0.400328 0.551802 0.164031 0.562396 0.000000 0.000000 0.000000 0.000000 0.000000 0.000000 0.000000 0.000000 0.000000 0.367188 0.316667 2.000000 0.000000 0.000000 0.000000 0.368750 0.372917 2.000000 0.414062 0.362500 2.000000 0.373437 0.462500 2.000000 0.000000 0.000000 0.000000 0.351562 0.479167 2.000000 0.000000 0.000000 0.000000 0.406250 0.525000 2.000000 0.428125 0.520833 2.000000 0.429688 0.662500 2.000000 0.412500 0.643750 2.000000 0.459375 0.795833 2.000000 0.409375 0.766667 2.000000
0 0.328969 0.521021 0.135594 0.503417 0.317188 0.320833 2.000000 0.320312 0.308333 2.000000 0.000000 0.000000 0.000000 0.335938 0.308333 2.000000 0.000000 0.000000 0.000000 0.328125 0.350000 2.000000 0.371875 0.354167 2.000000 0.306250 0.435417 2.000000 0.000000 0.000000 0.000000 0.279687 0.491667 2.000000 0.000000 0.000000 0.000000 0.332813 0.500000 2.000000 0.364063 0.500000 2.000000 0.315625 0.633333 2.000000 0.373437 0.622917 2.000000 0.307812 0.745833 2.000000 0.378125 0.725000 2.000000
0 0.243352 0.499385 0.122797 0.463104 0.000000 0.000000 0.000000 0.000000 0.000000 0.000000 0.000000 0.000000 0.000000 0.000000 0.000000 0.000000 0.000000 0.000000 0.000000 0.189062 0.345833 1.000000 0.246875 0.335417 2.000000 0.000000 0.000000 0.000000 0.298438 0.358333 2.000000 0.000000 0.000000 0.000000 0.000000 0.000000 0.000000 0.218750 0.487500 1.000000 0.256250 0.485417 2.000000 0.209375 0.606250 1.000000 0.256250 0.587500 2.000000 0.215625 0.697917 1.000000 0.265625 0.695833 2.000000
0 0.172687 0.593552 0.148688 0.559354 0.000000 0.000000 0.000000 0.000000 0.000000 0.000000 0.000000 0.000000 0.000000 0.146875 0.364583 2.000000 0.185938 0.360417 2.000000 0.126562 0.418750 2.000000 0.207813 0.414583 2.000000 0.106250 0.510417 2.000000 0.215625 0.491667 2.000000 0.000000 0.000000 0.000000 0.000000 0.000000 0.000000 0.148438 0.566667 2.000000 0.196875 0.562500 2.000000 0.154688 0.704167 2.000000 0.210938 0.697917 2.000000 0.154688 0.822917 2.000000 0.220312 0.816667 2.000000
0 0.118578 0.429833 0.068875 0.272292 0.000000 0.000000 0.000000 0.000000 0.000000 0.000000 0.000000 0.000000 0.000000 0.107813 0.329167 2.000000 0.000000 0.000000 0.000000 0.109375 0.364583 2.000000 0.143750 0.358333 2.000000 0.098437 0.431250 2.000000 0.000000 0.000000 0.000000 0.000000 0.000000 0.000000 0.000000 0.000000 0.000000 0.118750 0.456250 1.000000 0.145313 0.452083 1.000000 0.126562 0.558333 1.000000 0.000000 0.000000 0.000000 0.000000 0.000000 0.000000 0.000000 0.000000 0.000000
0 0.076703 0.351979 0.056781 0.121917 0.000000 0.000000 0.000000 0.000000 0.000000 0.000000 0.000000 0.000000 0.000000 0.065625 0.322917 2.000000 0.089063 0.320833 2.000000 0.060937 0.358333 2.000000 0.101562 0.354167 2.000000 0.000000 0.000000 0.000000 0.000000 0.000000 0.000000 0.000000 0.000000 0.000000 0.000000 0.000000 0.000000 0.000000 0.000000 0.000000 0.000000 0.000000 0.000000 0.000000 0.000000 0.000000 0.000000 0.000000 0.000000 0.000000 0.000000 0.000000 0.000000 0.000000 0.000000
