0 0.428648 0.242518 0.106766 0.480037 0.432812 0.121324 2.000000 0.437500 0.099265 2.000000 0.420312 0.106618 2.000000 0.448437 0.095588 2.000000 0.398438 0.110294 2.000000 0.464062 0.220588 2.000000 0.400000 0.257353 2.000000 0.468750 0.378676 2.000000 0.435937 0.408088 2.000000 0.000000 0.000000 0.000000 0.000000 0.000000 0.000000 0.445312 0.422794 1.000000 0.406250 0.452206 2.000000 0.000000 0.000000 0.000000 0.000000 0.000000 0.000000 0.000000 0.000000 0.000000 0.000000 0.000000 0.000000
0 0.297039 0.530478 0.205078 0.939044 0.300000 0.261029 2.000000 0.303125 0.224265 2.000000 0.282813 0.235294 2.000000 0.000000 0.000000 0.000000 0.246875 0.238971 2.000000 0.295312 0.323529 2.000000 0.235937 0.371324 2.000000 0.350000 0.308824 2.000000 0.209375 0.540441 2.000000 0.296875 0.242647 2.000000 0.210938 0.422794 2.000000 0.323437 0.595588 1.000000 0.282813 0.647059 1.000000 0.381250 0.724265 1.000000 0.356250 0.738971 1.000000 0.360938 0.904412 1.000000 0.328125 0.955882 2.000000
0 0.170000 0.375276 0.141344 0.741581 0.000000 0.000000 0.000000 0.000000 0.000000 0.000000 0.000000 0.000000 0.000000 0.000000 0.000000 0.000000 0.000000 0.000000 0.000000 0.000000 0.000000 0.000000 0.000000 0.000000 0.000000 0.000000 0.000000 0.000000 0.000000 0.000000 0.000000 0.000000 0.000000 0.000000 0.000000 0.000000 0.000000 0.221875 0.080882 1.000000 0.160938 0.091912 2.000000 0.215625 0.360294 2.000000 0.175000 0.382353 2.000000 0.210938 0.606618 2.000000 0.189062 0.639706 2.000000
0 0.554852 0.174779 0.151266 0.339632 0.573438 0.007353 2.000000 0.000000 0.000000 0.000000 0.000000 0.000000 0.000000 0.000000 0.000000 0.000000 0.545312 0.029412 2.000000 0.565625 0.106618 2.000000 0.526563 0.136029 2.000000 0.623437 0.213235 2.000000 0.570312 0.250000 2.000000 0.590625 0.150735 2.000000 0.576562 0.128676 2.000000 0.543750 0.323529 1.000000 0.514062 0.345588 1.000000 0.000000 0.000000 0.000000 0.000000 0.000000 0.000000 0.000000 0.000000 0.000000 0.000000 0.000000 0.000000
0 0.377250 0.229210 0.061125 0.458419 0.000000 0.000000 0.000000 0.000000 0.000000 0.000000 0.000000 0.000000 0.000000 0.000000 0.000000 0.000000 0.000000 0.000000 0.000000 0.000000 0.000000 0.000000 0.000000 0.000000 0.000000 0.000000 0.000000 0.000000 0.000000 0.000000 0.000000 0.000000 0.000000 0.000000 0.000000 0.000000 0.000000 0.000000 0.000000 0.000000 0.375000 0.011029 2.000000 0.403125 0.180147 1.000000 0.373437 0.191176 2.000000 0.000000 0.000000 0.000000 0.365625 0.393382 2.000000
0 0.624211 0.101710 0.088359 0.197096 0.607812 0.062500 2.000000 0.612500 0.047794 2.000000 0.598437 0.051471 2.000000 0.000000 0.000000 0.000000 0.581250 0.062500 2.000000 0.612500 0.128676 2.000000 0.000000 0.000000 0.000000 0.615625 0.187500 1.000000 0.578125 0.220588 1.000000 0.650000 0.180147 2.000000 0.618750 0.224265 1.000000 0.000000 0.000000 0.000000 0.000000 0.000000 0.000000 0.000000 0.000000 0.000000 0.000000 0.000000 0.000000 0.000000 0.000000 0.000000 0.000000 0.000000 0.000000
0 0.657555 0.084265 0.079266 0.164044 0.664062 0.036765 2.000000 0.673438 0.025735 2.000000 0.659375 0.022059 2.000000 0.681250 0.033088 2.000000 0.648438 0.029412 2.000000 0.687500 0.110294 2.000000 0.635938 0.102941 2.000000 0.689063 0.180147 1.000000 0.618750 0.172794 1.000000 0.676562 0.172794 1.000000 0.632812 0.139706 2.000000 0.000000 0.000000 0.000000 0.000000 0.000000 0.000000 0.000000 0.000000 0.000000 0.000000 0.000000 0.000000 0.000000 0.000000 0.000000 0.000000 0.000000 0.000000
0 0.892234 0.117261 0.092312 0.227243 0.879687 0.121324 2.000000 0.884375 0.099265 2.000000 0.875000 0.110294 2.000000 0.915625 0.099265 2.000000 0.000000 0.000000 0.000000 0.907813 0.176471 1.000000 0.000000 0.000000 0.000000 0.853125 0.242647 1.000000 0.000000 0.000000 0.000000 0.870313 0.136029 2.000000 0.000000 0.000000 0.000000 0.000000 0.000000 0.000000 0.000000 0.000000 0.000000 0.000000 0.000000 0.000000 0.000000 0.000000 0.000000 0.000000 0.000000 0.000000 0.000000 0.000000 0.000000
0 0.937383 0.188768 0.079266 0.157316 0.895312 0.198529 1.000000 0.904687 0.187500 2.000000 0.000000 0.000000 0.000000 0.932813 0.216912 2.000000 0.000000 0.000000 0.000000 0.000000 0.000000 0.000000 0.000000 0.000000 0.000000 0.000000 0.000000 0.000000 0.000000 0.000000 0.000000 0.000000 0.000000 0.000000 0.000000 0.000000 0.000000 0.000000 0.000000 0.000000 0.000000 0.000000 0.000000 0.000000 0.000000 0.000000 0.000000 0.000000 0.000000 0.000000 0.000000 0.000000 0.000000 0.000000 0.000000
0 0.809883 0.617978 0.238766 0.764044 0.765625 0.477941 2.000000 0.778125 0.470588 2.000000 0.000000 0.000000 0.000000 0.818750 0.514706 2.000000 0.000000 0.000000 0.000000 0.831250 0.698529 2.000000 0.796875 0.610294 2.000000 0.851562 0.952206 2.000000 0.779687 0.764706 2.000000 0.000000 0.000000 0.000000 0.723437 0.871324 2.000000 0.815625 0.944853 2.000000 0.798438 0.889706 2.000000 0.696875 0.988971 1.000000 0.701562 0.933824 2.000000 0.000000 0.000000 0.000000 0.000000 0.000000 0.000000
0 0.899438 0.544963 0.089375 0.668897 0.000000 0.000000 0.000000 0.906250 0.378676 2.000000 0.000000 0.000000 0.000000 0.000000 0.000000 0.000000 0.000000 0.000000 0.000000 0.879687 0.551471 1.000000 0.000000 0.000000 0.000000 0.000000 0.000000 0.000000 0.000000 0.000000 0.000000 0.000000 0.000000 0.000000 0.000000 0.000000 0.000000 0.870313 0.827206 1.000000 0.000000 0.000000 0.000000 0.000000 0.000000 0.000000 0.000000 0.000000 0.000000 0.000000 0.000000 0.000000 0.000000 0.000000 0.000000
0 0.929445 0.465974 0.053297 0.516066 0.000000 0.000000 0.000000 0.000000 0.000000 0.000000 0.000000 0.000000 0.000000 0.939063 0.352941 2.000000 0.000000 0.000000 0.000000 0.923438 0.485294 2.000000 0.000000 0.000000 0.000000 0.929688 0.643382 2.000000 0.000000 0.000000 0.000000 0.000000 0.000000 0.000000 0.000000 0.000000 0.000000 0.000000 0.000000 0.000000 0.000000 0.000000 0.000000 0.000000 0.000000 0.000000 0.000000 0.000000 0.000000 0.000000 0.000000 0.000000 0.000000 0.000000 0.000000
