0 0.469586 0.692564 0.229922 0.432436 0.378125 0.566745 2.000000 0.379688 0.550351 2.000000 0.000000 0.000000 0.000000 0.406250 0.529274 2.000000 0.000000 0.000000 0.000000 0.404687 0.611241 2.000000 0.000000 0.000000 0.000000 0.417187 0.702576 2.000000 0.000000 0.000000 0.000000 0.000000 0.000000 0.000000 0.000000 0.000000 0.000000 0.515625 0.735363 2.000000 0.550000 0.749415 2.000000 0.387500 0.704918 2.000000 0.456250 0.697892 2.000000 0.429688 0.847775 2.000000 0.546875 0.857143 2.000000
0 0.766500 0.596358 0.209063 0.546862 0.778125 0.428571 2.000000 0.785937 0.419204 2.000000 0.000000 0.000000 0.000000 0.812500 0.430913 2.000000 0.000000 0.000000 0.000000 0.821875 0.508197 2.000000 0.767188 0.505855 2.000000 0.776563 0.517564 2.000000 0.745313 0.611241 2.000000 0.743750 0.456674 2.000000 0.703125 0.597190 2.000000 0.834375 0.709602 2.000000 0.785937 0.693208 2.000000 0.768750 0.728337 2.000000 0.690625 0.683841 2.000000 0.834375 0.807963 2.000000 0.765625 0.810304 2.000000
0 0.579477 0.378653 0.154422 0.478665 0.584375 0.196721 2.000000 0.592187 0.182670 2.000000 0.575000 0.182670 2.000000 0.603125 0.192037 2.000000 0.565625 0.192037 1.000000 0.625000 0.248244 2.000000 0.542188 0.243560 2.000000 0.643750 0.346604 2.000000 0.526563 0.337237 2.000000 0.645312 0.447307 2.000000 0.520312 0.437939 2.000000 0.614062 0.433255 2.000000 0.553125 0.430913 2.000000 0.610938 0.550351 1.000000 0.525000 0.489461 1.000000 0.620313 0.662763 1.000000 0.559375 0.599532 2.000000
0 0.075469 0.402447 0.140187 0.518384 0.090625 0.210773 2.000000 0.095312 0.196721 2.000000 0.079687 0.196721 2.000000 0.112500 0.210773 2.000000 0.071875 0.203747 2.000000 0.126562 0.259953 2.000000 0.050000 0.271663 2.000000 0.118750 0.374707 2.000000 0.050000 0.374707 2.000000 0.064062 0.393443 2.000000 0.121875 0.365340 2.000000 0.106250 0.412178 2.000000 0.067187 0.409836 2.000000 0.076563 0.477752 2.000000 0.035937 0.477752 2.000000 0.110937 0.629977 2.000000 0.012500 0.590164 2.000000
0 0.536039 0.180035 0.116297 0.330047 0.531250 0.072600 2.000000 0.542188 0.060890 2.000000 0.525000 0.063232 2.000000 0.557813 0.065574 2.000000 0.517188 0.067916 2.000000 0.570312 0.105386 2.000000 0.510938 0.112412 2.000000 0.537500 0.192037 2.000000 0.495312 0.206089 2.000000 0.531250 0.121780 2.000000 0.487500 0.290398 2.000000 0.542188 0.222482 2.000000 0.507812 0.222482 2.000000 0.518750 0.222482 2.000000 0.000000 0.000000 0.000000 0.517188 0.337237 1.000000 0.000000 0.000000 0.000000
0 0.274867 0.258501 0.198547 0.411241 0.293750 0.128806 2.000000 0.292187 0.112412 2.000000 0.284375 0.112412 2.000000 0.000000 0.000000 0.000000 0.262500 0.119438 2.000000 0.282813 0.173302 2.000000 0.229687 0.177986 2.000000 0.298438 0.252927 2.000000 0.254688 0.269321 2.000000 0.328125 0.241218 1.000000 0.287500 0.250585 2.000000 0.279687 0.311475 2.000000 0.232813 0.316159 2.000000 0.293750 0.278689 2.000000 0.259375 0.311475 2.000000 0.293750 0.437939 2.000000 0.206250 0.435597 2.000000
0 0.141469 0.191183 0.128594 0.380304 0.135937 0.037471 2.000000 0.142187 0.023419 2.000000 0.126562 0.023419 2.000000 0.156250 0.037471 2.000000 0.120313 0.037471 2.000000 0.171875 0.084309 2.000000 0.109375 0.084309 2.000000 0.187500 0.168618 2.000000 0.000000 0.000000 0.000000 0.135937 0.196721 2.000000 0.000000 0.000000 0.000000 0.164062 0.217799 2.000000 0.115625 0.220141 2.000000 0.184375 0.206089 2.000000 0.000000 0.000000 0.000000 0.168750 0.346604 2.000000 0.000000 0.000000 0.000000
0 0.035422 0.188888 0.070844 0.353091 0.015625 0.067916 2.000000 0.025000 0.060890 2.000000 0.006250 0.058548 2.000000 0.039062 0.063232 2.000000 0.000000 0.000000 0.000000 0.059375 0.110070 2.000000 0.000000 0.000000 0.000000 0.057813 0.182670 2.000000 0.000000 0.000000 0.000000 0.000000 0.000000 0.000000 0.018750 0.110070 2.000000 0.042188 0.213115 2.000000 0.000000 0.000000 0.000000 0.032813 0.201405 2.000000 0.000000 0.000000 0.000000 0.018750 0.339578 1.000000 0.000000 0.000000 0.000000
0 0.738922 0.371487 0.160125 0.442225 0.729688 0.217799 2.000000 0.740625 0.208431 2.000000 0.721875 0.206089 2.000000 0.753125 0.208431 2.000000 0.712500 0.213115 1.000000 0.773438 0.269321 2.000000 0.700000 0.264637 2.000000 0.678125 0.456674 2.000000 0.675000 0.381733 2.000000 0.000000 0.000000 0.000000 0.000000 0.000000 0.000000 0.753125 0.447307 2.000000 0.726562 0.447307 2.000000 0.000000 0.000000 0.000000 0.704688 0.496487 2.000000 0.000000 0.000000 0.000000 0.000000 0.000000 0.000000
0 0.419258 0.324696 0.126859 0.387658 0.429688 0.192037 2.000000 0.439063 0.182670 2.000000 0.420312 0.182670 2.000000 0.450000 0.199063 2.000000 0.409375 0.192037 2.000000 0.464062 0.259953 2.000000 0.378125 0.245902 2.000000 0.456250 0.358314 2.000000 0.357812 0.346604 2.000000 0.390625 0.325527 2.000000 0.434375 0.351288 2.000000 0.432812 0.395785 2.000000 0.376563 0.391101 2.000000 0.417187 0.454333 2.000000 0.329688 0.482436 1.000000 0.395313 0.625293 1.000000 0.371875 0.604215 1.000000
