0 0.900000 0.376406 0.185406 0.316854 0.895312 0.258333 2.000000 0.906250 0.254167 2.000000 0.890625 0.252083 2.000000 0.000000 0.000000 0.000000 0.000000 0.000000 0.000000 0.929688 0.318750 2.000000 0.848437 0.308333 2.000000 0.976562 0.370833 2.000000 0.817187 0.377083 2.000000 0.921875 0.402083 2.000000 0.817187 0.443750 2.000000 0.901563 0.477083 2.000000 0.853125 0.468750 2.000000 0.898438 0.581250 1.000000 0.848437 0.575000 1.000000 0.000000 0.000000 0.000000 0.000000 0.000000 0.000000
0 0.076125 0.463521 0.091938 0.448917 0.087500 0.281250 2.000000 0.093750 0.275000 2.000000 0.081250 0.272917 2.000000 0.000000 0.000000 0.000000 0.000000 0.000000 0.000000 0.114062 0.333333 2.000000 0.056250 0.331250 2.000000 0.101562 0.379167 2.000000 0.026562 0.395833 1.000000 0.071875 0.337500 2.000000 0.050000 0.387500 2.000000 0.103125 0.460417 2.000000 0.067187 0.468750 2.000000 0.131250 0.531250 1.000000 0.079687 0.550000 2.000000 0.145313 0.633333 1.000000 0.093750 0.652083 2.000000
0 0.147219 0.386677 0.066469 0.218646 0.000000 0.000000 0.000000 0.000000 0.000000 0.000000 0.000000 0.000000 0.000000 0.000000 0.000000 0.000000 0.146875 0.312500 2.000000 0.126562 0.337500 2.000000 0.153125 0.341667 1.000000 0.000000 0.000000 0.000000 0.154688 0.389583 1.000000 0.000000 0.000000 0.000000 0.000000 0.000000 0.000000 0.126562 0.420833 2.000000 0.145313 0.425000 2.000000 0.134375 0.491667 1.000000 0.146875 0.489583 1.000000 0.000000 0.000000 0.000000 0.000000 0.000000 0.000000
0 0.691953 0.540375 0.152531 0.638333 0.675000 0.270833 2.000000 0.684375 0.262500 2.000000 0.665625 0.264583 2.000000 0.000000 0.000000 0.000000 0.651563 0.275000 2.000000 0.731250 0.343750 2.000000 0.637500 0.356250 2.000000 0.753125 0.422917 2.000000 0.631250 0.431250 2.000000 0.737500 0.443750 2.000000 0.632812 0.450000 2.000000 0.721875 0.531250 2.000000 0.665625 0.533333 2.000000 0.725000 0.654167 2.000000 0.665625 0.652083 2.000000 0.729688 0.781250 2.000000 0.660937 0.770833 2.000000
0 0.233430 0.652813 0.261234 0.671917 0.229687 0.391667 2.000000 0.229687 0.372917 2.000000 0.204687 0.381250 2.000000 0.000000 0.000000 0.000000 0.160938 0.408333 2.000000 0.270313 0.454167 2.000000 0.170313 0.525000 2.000000 0.326562 0.572917 2.000000 0.128125 0.664583 2.000000 0.334375 0.679167 2.000000 0.167187 0.677083 2.000000 0.298438 0.743750 2.000000 0.248438 0.766667 2.000000 0.000000 0.000000 0.000000 0.278125 0.972917 2.000000 0.000000 0.000000 0.000000 0.000000 0.000000 0.000000
0 0.545406 0.522823 0.132250 0.584354 0.550000 0.283333 2.000000 0.556250 0.268750 2.000000 0.539062 0.270833 2.000000 0.000000 0.000000 0.000000 0.525000 0.281250 2.000000 0.584375 0.350000 2.000000 0.506250 0.352083 2.000000 0.600000 0.435417 2.000000 0.523438 0.441667 1.000000 0.606250 0.366667 2.000000 0.570312 0.437500 1.000000 0.570312 0.527083 2.000000 0.518750 0.529167 2.000000 0.554688 0.654167 2.000000 0.521875 0.647917 2.000000 0.548438 0.760417 2.000000 0.492188 0.777083 2.000000
0 0.029953 0.302812 0.059906 0.131000 0.012500 0.268750 2.000000 0.017188 0.262500 2.000000 0.007812 0.262500 2.000000 0.028125 0.264583 2.000000 0.000000 0.000000 0.000000 0.040625 0.289583 2.000000 0.000000 0.000000 0.000000 0.000000 0.000000 0.000000 0.000000 0.000000 0.000000 0.000000 0.000000 0.000000 0.000000 0.000000 0.000000 0.000000 0.000000 0.000000 0.000000 0.000000 0.000000 0.000000 0.000000 0.000000 0.000000 0.000000 0.000000 0.000000 0.000000 0.000000 0.000000 0.000000 0.000000
0 0.476125 0.601125 0.244375 0.739333 0.462500 0.287500 2.000000 0.464062 0.275000 2.000000 0.448437 0.277083 2.000000 0.000000 0.000000 0.000000 0.000000 0.000000 0.000000 0.468750 0.362500 2.000000 0.392188 0.364583 2.000000 0.514062 0.470833 2.000000 0.429688 0.479167 2.000000 0.556250 0.425000 2.000000 0.473438 0.397917 2.000000 0.446875 0.589583 2.000000 0.385937 0.608333 2.000000 0.442188 0.729167 2.000000 0.412500 0.731250 2.000000 0.442188 0.879167 2.000000 0.403125 0.902083 2.000000
0 0.033625 0.522167 0.067250 0.392167 0.012500 0.270833 1.000000 0.017188 0.260417 1.000000 0.009375 0.260417 1.000000 0.028125 0.264583 1.000000 0.000000 0.000000 0.000000 0.048438 0.300000 1.000000 0.000000 0.000000 0.000000 0.000000 0.000000 0.000000 0.000000 0.000000 0.000000 0.000000 0.000000 0.000000 0.000000 0.000000 0.000000 0.000000 0.000000 0.000000 0.000000 0.000000 0.000000 0.000000 0.000000 0.000000 0.000000 0.000000 0.000000 0.000000 0.000000 0.000000 0.000000 0.000000 0.000000
0 0.253758 0.352073 0.066141 0.157146 0.234375 0.302083 2.000000 0.239063 0.295833 2.000000 0.231250 0.295833 2.000000 0.246875 0.300000 2.000000 0.000000 0.000000 0.000000 0.262500 0.325000 2.000000 0.225000 0.329167 2.000000 0.278125 0.372917 2.000000 0.000000 0.000000 0.000000 0.278125 0.410417 2.000000 0.000000 0.000000 0.000000 0.250000 0.397917 2.000000 0.232813 0.397917 1.000000 0.000000 0.000000 0.000000 0.000000 0.000000 0.000000 0.000000 0.000000 0.000000 0.000000 0.000000 0.000000
