0 0.381516 0.518645 0.158625 0.943411 0.453125 0.149533 2.000000 0.000000 0.000000 0.000000 0.442188 0.133178 2.000000 0.000000 0.000000 0.000000 0.404687 0.133178 2.000000 0.379688 0.189252 2.000000 0.357812 0.231308 2.000000 0.000000 0.000000 0.000000 0.353125 0.406542 2.000000 0.000000 0.000000 0.000000 0.389062 0.553738 2.000000 0.417187 0.539720 2.000000 0.367188 0.570093 2.000000 0.417187 0.735981 2.000000 0.365625 0.742991 2.000000 0.367188 0.906542 2.000000 0.346875 0.922897 2.000000
0 0.234078 0.557547 0.157000 0.817056 0.000000 0.000000 0.000000 0.000000 0.000000 0.000000 0.000000 0.000000 0.000000 0.231250 0.240654 2.000000 0.281250 0.231308 2.000000 0.206250 0.341121 2.000000 0.304688 0.338785 2.000000 0.190625 0.469626 2.000000 0.000000 0.000000 0.000000 0.000000 0.000000 0.000000 0.000000 0.000000 0.000000 0.218750 0.549065 2.000000 0.276562 0.553738 2.000000 0.200000 0.677570 2.000000 0.260937 0.726636 2.000000 0.187500 0.857477 2.000000 0.239063 0.908879 2.000000
0 0.614648 0.171916 0.081141 0.173037 0.643750 0.147196 2.000000 0.639062 0.135514 2.000000 0.000000 0.000000 0.000000 0.618750 0.133178 2.000000 0.000000 0.000000 0.000000 0.607812 0.196262 2.000000 0.614062 0.191589 2.000000 0.000000 0.000000 0.000000 0.000000 0.000000 0.000000 0.000000 0.000000 0.000000 0.000000 0.000000 0.000000 0.000000 0.000000 0.000000 0.000000 0.000000 0.000000 0.000000 0.000000 0.000000 0.000000 0.000000 0.000000 0.000000 0.000000 0.000000 0.000000 0.000000 0.000000
0 0.155969 0.120631 0.072375 0.195280 0.171875 0.086449 2.000000 0.173437 0.077103 2.000000 0.164062 0.077103 2.000000 0.000000 0.000000 0.000000 0.000000 0.000000 0.000000 0.173437 0.133178 2.000000 0.114062 0.135514 1.000000 0.000000 0.000000 0.000000 0.000000 0.000000 0.000000 0.000000 0.000000 0.000000 0.000000 0.000000 0.000000 0.000000 0.000000 0.000000 0.000000 0.000000 0.000000 0.000000 0.000000 0.000000 0.000000 0.000000 0.000000 0.000000 0.000000 0.000000 0.000000 0.000000 0.000000
0 0.261125 0.177453 0.079375 0.244206 0.296875 0.119159 2.000000 0.000000 0.000000 0.000000 0.287500 0.105140 2.000000 0.000000 0.000000 0.000000 0.265625 0.100467 2.000000 0.000000 0.000000 0.000000 0.232813 0.168224 1.000000 0.000000 0.000000 0.000000 0.000000 0.000000 0.000000 0.000000 0.000000 0.000000 0.000000 0.000000 0.000000 0.000000 0.000000 0.000000 0.271875 0.154206 2.000000 0.000000 0.000000 0.000000 0.000000 0.000000 0.000000 0.000000 0.000000 0.000000 0.000000 0.000000 0.000000
0 0.644758 0.571752 0.176922 0.739907 0.640625 0.285047 2.000000 0.656250 0.271028 2.000000 0.635938 0.266355 2.000000 0.675000 0.287383 2.000000 0.000000 0.000000 0.000000 0.675000 0.329439 2.000000 0.604688 0.336449 2.000000 0.714063 0.254673 2.000000 0.570312 0.404206 2.000000 0.676562 0.247664 2.000000 0.585938 0.481308 2.000000 0.668750 0.586449 2.000000 0.625000 0.593458 2.000000 0.681250 0.750000 2.000000 0.607812 0.747664 2.000000 0.678125 0.871495 2.000000 0.600000 0.859813 2.000000
0 0.700070 0.111624 0.091328 0.222360 0.000000 0.000000 0.000000 0.000000 0.000000 0.000000 0.000000 0.000000 0.000000 0.000000 0.000000 0.000000 0.000000 0.000000 0.000000 0.720313 0.035047 2.000000 0.668750 0.030374 2.000000 0.737500 0.065421 2.000000 0.660937 0.049065 2.000000 0.731250 0.014019 2.000000 0.682813 0.011682 2.000000 0.712500 0.154206 1.000000 0.676562 0.151869 2.000000 0.000000 0.000000 0.000000 0.000000 0.000000 0.000000 0.000000 0.000000 0.000000 0.000000 0.000000 0.000000
0 0.102711 0.382290 0.199422 0.656963 0.109375 0.119159 2.000000 0.117188 0.107477 2.000000 0.098437 0.107477 2.000000 0.129688 0.114486 2.000000 0.082812 0.109813 1.000000 0.146875 0.182243 2.000000 0.062500 0.186916 2.000000 0.182812 0.278037 2.000000 0.028125 0.289720 2.000000 0.173437 0.285047 2.000000 0.012500 0.371495 2.000000 0.131250 0.394860 2.000000 0.075000 0.394860 2.000000 0.109375 0.539720 2.000000 0.085938 0.516355 2.000000 0.089063 0.651869 2.000000 0.082812 0.654206 2.000000
0 0.924438 0.406741 0.149250 0.762360 0.995313 0.107477 2.000000 0.000000 0.000000 0.000000 0.989062 0.098131 2.000000 0.000000 0.000000 0.000000 0.956250 0.098131 2.000000 0.964063 0.191589 2.000000 0.914062 0.182243 2.000000 0.000000 0.000000 0.000000 0.925000 0.322430 2.000000 0.000000 0.000000 0.000000 0.964063 0.429907 2.000000 0.959375 0.422897 2.000000 0.937500 0.427570 2.000000 0.903125 0.605140 2.000000 0.918750 0.614486 2.000000 0.854688 0.787383 1.000000 0.915625 0.817757 1.000000
0 0.755492 0.285958 0.130391 0.490935 0.000000 0.000000 0.000000 0.000000 0.000000 0.000000 0.000000 0.000000 0.000000 0.000000 0.000000 0.000000 0.782813 0.100467 2.000000 0.810937 0.186916 2.000000 0.720313 0.191589 2.000000 0.000000 0.000000 0.000000 0.706250 0.294393 1.000000 0.000000 0.000000 0.000000 0.703125 0.390187 1.000000 0.000000 0.000000 0.000000 0.743750 0.418224 2.000000 0.000000 0.000000 0.000000 0.754687 0.579439 1.000000 0.000000 0.000000 0.000000 0.000000 0.000000 0.000000
0 0.801336 0.374112 0.140984 0.575421 0.815625 0.163551 1.000000 0.817187 0.147196 1.000000 0.000000 0.000000 0.000000 0.834375 0.142523 2.000000 0.000000 0.000000 0.000000 0.795312 0.219626 2.000000 0.876563 0.231308 1.000000 0.757812 0.357477 2.000000 0.000000 0.000000 0.000000 0.759375 0.425234 2.000000 0.000000 0.000000 0.000000 0.798438 0.476636 1.000000 0.842187 0.488318 1.000000 0.775000 0.642523 1.000000 0.831250 0.642523 1.000000 0.764062 0.780374 1.000000 0.818750 0.773364 1.000000
0 0.345148 0.180444 0.073859 0.162710 0.000000 0.000000 0.000000 0.000000 0.000000 0.000000 0.000000 0.000000 0.000000 0.000000 0.000000 0.000000 0.364063 0.163551 2.000000 0.328125 0.207944 2.000000 0.000000 0.000000 0.000000 0.321875 0.177570 2.000000 0.000000 0.000000 0.000000 0.000000 0.000000 0.000000 0.000000 0.000000 0.000000 0.000000 0.000000 0.000000 0.000000 0.000000 0.000000 0.000000 0.000000 0.000000 0.000000 0.000000 0.000000 0.000000 0.000000 0.000000 0.000000 0.000000 0.000000
0 0.485453 0.485794 0.136875 0.912617 0.467187 0.135514 2.000000 0.470313 0.119159 2.000000 0.456250 0.116822 1.000000 0.000000 0.000000 0.000000 0.000000 0.000000 0.000000 0.476562 0.214953 2.000000 0.000000 0.000000 0.000000 0.535937 0.287383 2.000000 0.000000 0.000000 0.000000 0.496875 0.175234 2.000000 0.426563 0.443925 1.000000 0.489063 0.530374 2.000000 0.442188 0.530374 2.000000 0.489063 0.686916 2.000000 0.445312 0.693925 1.000000 0.473438 0.887850 1.000000 0.432812 0.885514 1.000000
