0 0.509836 0.597913 0.394109 0.804174 0.507812 0.337662 2.000000 0.534375 0.315399 2.000000 0.498437 0.306122 2.000000 0.579688 0.335807 2.000000 0.481250 0.311688 2.000000 0.629687 0.397032 2.000000 0.446875 0.447124 2.000000 0.673438 0.530612 2.000000 0.490625 0.638219 2.000000 0.670312 0.641929 2.000000 0.585938 0.695733 2.000000 0.607812 0.838590 2.000000 0.460938 0.812616 2.000000 0.000000 0.000000 0.000000 0.000000 0.000000 0.000000 0.000000 0.000000 0.000000 0.000000 0.000000 0.000000
0 0.311320 0.510111 0.187359 0.242709 0.331250 0.480519 2.000000 0.345313 0.463822 2.000000 0.318750 0.463822 2.000000 0.375000 0.474954 2.000000 0.307812 0.469388 2.000000 0.414062 0.552876 1.000000 0.259375 0.560297 2.000000 0.000000 0.000000 0.000000 0.000000 0.000000 0.000000 0.000000 0.000000 0.000000 0.000000 0.000000 0.000000 0.000000 0.000000 0.000000 0.000000 0.000000 0.000000 0.000000 0.000000 0.000000 0.000000 0.000000 0.000000 0.000000 0.000000 0.000000 0.000000 0.000000 0.000000
0 0.135320 0.491447 0.213859 0.269647 0.210938 0.480519 2.000000 0.212500 0.463822 2.000000 0.193750 0.463822 2.000000 0.000000 0.000000 0.000000 0.153125 0.469388 2.000000 0.226562 0.552876 2.000000 0.103125 0.545455 2.000000 0.000000 0.000000 0.000000 0.045312 0.614100 1.000000 0.000000 0.000000 0.000000 0.000000 0.000000 0.000000 0.000000 0.000000 0.000000 0.000000 0.000000 0.000000 0.000000 0.000000 0.000000 0.000000 0.000000 0.000000 0.000000 0.000000 0.000000 0.000000 0.000000 0.000000
0 0.365266 0.392143 0.177906 0.289889 0.364063 0.324675 2.000000 0.379688 0.307978 2.000000 0.359375 0.304267 2.000000 0.410938 0.326531 2.000000 0.000000 0.000000 0.000000 0.435937 0.430427 1.000000 0.290625 0.410019 2.000000 0.000000 0.000000 0.000000 0.000000 0.000000 0.000000 0.000000 0.000000 0.000000 0.000000 0.000000 0.000000 0.000000 0.000000 0.000000 0.000000 0.000000 0.000000 0.000000 0.000000 0.000000 0.000000 0.000000 0.000000 0.000000 0.000000 0.000000 0.000000 0.000000 0.000000
0 0.433391 0.267857 0.121125 0.253933 0.445312 0.211503 1.000000 0.440625 0.196660 2.000000 0.428125 0.202226 2.000000 0.000000 0.000000 0.000000 0.390625 0.213358 2.000000 0.462500 0.272727 2.000000 0.354687 0.287570 1.000000 0.468750 0.376623 2.000000 0.356250 0.371058 1.000000 0.396875 0.372913 1.000000 0.451562 0.363636 2.000000 0.000000 0.000000 0.000000 0.000000 0.000000 0.000000 0.000000 0.000000 0.000000 0.000000 0.000000 0.000000 0.000000 0.000000 0.000000 0.000000 0.000000 0.000000
0 0.745359 0.459212 0.147344 0.349889 0.717187 0.359926 2.000000 0.728125 0.343228 2.000000 0.709375 0.339518 2.000000 0.756250 0.361781 2.000000 0.692187 0.350649 2.000000 0.793750 0.441558 2.000000 0.675000 0.428571 1.000000 0.793750 0.591837 2.000000 0.000000 0.000000 0.000000 0.000000 0.000000 0.000000 0.000000 0.000000 0.000000 0.000000 0.000000 0.000000 0.000000 0.000000 0.000000 0.000000 0.000000 0.000000 0.000000 0.000000 0.000000 0.000000 0.000000 0.000000 0.000000 0.000000 0.000000
0 0.098680 0.298942 0.194484 0.376252 0.117188 0.194805 2.000000 0.139063 0.181818 2.000000 0.109375 0.176252 2.000000 0.160938 0.194805 2.000000 0.000000 0.000000 0.000000 0.173437 0.272727 2.000000 0.035937 0.257885 2.000000 0.000000 0.000000 0.000000 0.000000 0.000000 0.000000 0.000000 0.000000 0.000000 0.000000 0.000000 0.000000 0.000000 0.000000 0.000000 0.000000 0.000000 0.000000 0.000000 0.000000 0.000000 0.000000 0.000000 0.000000 0.000000 0.000000 0.000000 0.000000 0.000000 0.000000
0 0.265719 0.275946 0.138969 0.224657 0.254688 0.231911 2.000000 0.271875 0.224490 2.000000 0.253125 0.211503 2.000000 0.290625 0.243043 2.000000 0.000000 0.000000 0.000000 0.309375 0.309833 2.000000 0.196875 0.263451 1.000000 0.276562 0.393321 1.000000 0.000000 0.000000 0.000000 0.000000 0.000000 0.000000 0.000000 0.000000 0.000000 0.000000 0.000000 0.000000 0.000000 0.000000 0.000000 0.000000 0.000000 0.000000 0.000000 0.000000 0.000000 0.000000 0.000000 0.000000 0.000000 0.000000 0.000000
0 0.575313 0.218182 0.096250 0.103896 0.604688 0.228200 2.000000 0.000000 0.000000 0.000000 0.592187 0.215213 2.000000 0.000000 0.000000 0.000000 0.000000 0.000000 0.000000 0.000000 0.000000 0.000000 0.606250 0.306122 1.000000 0.000000 0.000000 0.000000 0.000000 0.000000 0.000000 0.000000 0.000000 0.000000 0.000000 0.000000 0.000000 0.000000 0.000000 0.000000 0.000000 0.000000 0.000000 0.000000 0.000000 0.000000 0.000000 0.000000 0.000000 0.000000 0.000000 0.000000 0.000000 0.000000 0.000000
0 0.188258 0.409712 0.215422 0.290186 0.200000 0.337662 2.000000 0.215625 0.332096 2.000000 0.190625 0.328386 2.000000 0.239063 0.352505 2.000000 0.170313 0.339518 2.000000 0.264062 0.435993 2.000000 0.132812 0.411874 2.000000 0.267188 0.562152 1.000000 0.107813 0.519481 1.000000 0.000000 0.000000 0.000000 0.000000 0.000000 0.000000 0.217188 0.589981 1.000000 0.132812 0.584416 1.000000 0.000000 0.000000 0.000000 0.000000 0.000000 0.000000 0.000000 0.000000 0.000000 0.000000 0.000000 0.000000
0 0.662312 0.162959 0.251625 0.325918 0.673438 0.016698 2.000000 0.693750 0.005566 2.000000 0.664062 0.003711 2.000000 0.707812 0.011132 2.000000 0.639062 0.001855 1.000000 0.748437 0.113173 2.000000 0.598437 0.087199 2.000000 0.765625 0.213358 2.000000 0.556250 0.192950 1.000000 0.687500 0.230056 2.000000 0.000000 0.000000 0.000000 0.679688 0.317254 1.000000 0.590625 0.298701 1.000000 0.000000 0.000000 0.000000 0.000000 0.000000 0.000000 0.000000 0.000000 0.000000 0.000000 0.000000 0.000000
0 0.910805 0.540742 0.174672 0.182709 0.895312 0.543599 2.000000 0.910937 0.523191 2.000000 0.885938 0.521336 2.000000 0.934375 0.521336 2.000000 0.000000 0.000000 0.000000 0.964063 0.588126 2.000000 0.851562 0.584416 2.000000 0.000000 0.000000 0.000000 0.000000 0.000000 0.000000 0.000000 0.000000 0.000000 0.000000 0.000000 0.000000 0.000000 0.000000 0.000000 0.000000 0.000000 0.000000 0.000000 0.000000 0.000000 0.000000 0.000000 0.000000 0.000000 0.000000 0.000000 0.000000 0.000000 0.000000
0 0.044695 0.465223 0.089391 0.276642 0.028125 0.382189 2.000000 0.039062 0.371058 2.000000 0.015625 0.371058 2.000000 0.064062 0.389610 2.000000 0.000000 0.000000 0.000000 0.089063 0.450835 1.000000 0.000000 0.000000 0.000000 0.000000 0.000000 0.000000 0.000000 0.000000 0.000000 0.000000 0.000000 0.000000 0.000000 0.000000 0.000000 0.068750 0.610390 1.000000 0.009375 0.610390 1.000000 0.000000 0.000000 0.000000 0.000000 0.000000 0.000000 0.000000 0.000000 0.000000 0.000000 0.000000 0.000000
