0 0.464867 0.654806 0.163516 0.670997 0.471875 0.351801 2.000000 0.476562 0.343490 2.000000 0.462500 0.343490 2.000000 0.000000 0.000000 0.000000 0.446875 0.340720 1.000000 0.489063 0.445983 1.000000 0.425000 0.432133 2.000000 0.493750 0.554017 2.000000 0.400000 0.534626 2.000000 0.501563 0.614958 2.000000 0.406250 0.645429 2.000000 0.489063 0.642659 2.000000 0.437500 0.637119 2.000000 0.503125 0.775623 2.000000 0.420312 0.767313 2.000000 0.500000 0.944598 2.000000 0.398438 0.886427 2.000000
0 0.555203 0.632493 0.083437 0.517008 0.562500 0.415512 2.000000 0.000000 0.000000 0.000000 0.559375 0.404432 2.000000 0.000000 0.000000 0.000000 0.548438 0.409972 2.000000 0.550000 0.468144 2.000000 0.534375 0.473684 2.000000 0.000000 0.000000 0.000000 0.532813 0.556787 2.000000 0.000000 0.000000 0.000000 0.573438 0.529086 2.000000 0.554688 0.606648 2.000000 0.534375 0.606648 2.000000 0.542188 0.722992 2.000000 0.553125 0.731302 2.000000 0.534375 0.825485 2.000000 0.557813 0.842105 2.000000
0 0.632352 0.583338 0.108766 0.526898 0.606250 0.379501 2.000000 0.610938 0.368421 2.000000 0.604688 0.371191 2.000000 0.629687 0.365651 2.000000 0.000000 0.000000 0.000000 0.656250 0.432133 2.000000 0.596875 0.432133 2.000000 0.665625 0.509695 1.000000 0.590625 0.520776 1.000000 0.660937 0.590028 1.000000 0.610938 0.573407 2.000000 0.651563 0.581717 1.000000 0.612500 0.590028 2.000000 0.664062 0.684211 2.000000 0.612500 0.678670 2.000000 0.689063 0.814404 1.000000 0.607812 0.803324 2.000000
0 0.230695 0.668546 0.240828 0.662909 0.000000 0.000000 0.000000 0.000000 0.000000 0.000000 0.000000 0.000000 0.000000 0.176563 0.432133 2.000000 0.250000 0.423823 2.000000 0.125000 0.637119 2.000000 0.301563 0.628809 2.000000 0.120313 0.880886 2.000000 0.335938 0.847645 2.000000 0.000000 0.000000 0.000000 0.000000 0.000000 0.000000 0.160938 0.941828 2.000000 0.270313 0.950139 2.000000 0.000000 0.000000 0.000000 0.000000 0.000000 0.000000 0.000000 0.000000 0.000000 0.000000 0.000000 0.000000
0 0.327758 0.480956 0.085828 0.321690 0.325000 0.340720 2.000000 0.328125 0.335180 2.000000 0.320312 0.335180 2.000000 0.000000 0.000000 0.000000 0.000000 0.000000 0.000000 0.339062 0.401662 2.000000 0.303125 0.393352 1.000000 0.346875 0.465374 2.000000 0.292187 0.470914 2.000000 0.364063 0.529086 2.000000 0.301563 0.415512 2.000000 0.343750 0.531856 2.000000 0.312500 0.529086 2.000000 0.331250 0.639889 1.000000 0.304688 0.634349 1.000000 0.323437 0.722992 1.000000 0.000000 0.000000 0.000000
0 0.366023 0.393089 0.041141 0.228449 0.367188 0.307479 2.000000 0.370312 0.299169 2.000000 0.364063 0.301939 2.000000 0.000000 0.000000 0.000000 0.000000 0.000000 0.000000 0.376563 0.349030 1.000000 0.353125 0.346260 2.000000 0.390625 0.373961 1.000000 0.342187 0.385042 1.000000 0.000000 0.000000 0.000000 0.354687 0.379501 2.000000 0.000000 0.000000 0.000000 0.362500 0.423823 2.000000 0.000000 0.000000 0.000000 0.357812 0.476454 2.000000 0.000000 0.000000 0.000000 0.000000 0.000000 0.000000
0 0.588195 0.321427 0.086828 0.143573 0.000000 0.000000 0.000000 0.000000 0.000000 0.000000 0.000000 0.000000 0.000000 0.000000 0.000000 0.000000 0.000000 0.000000 0.000000 0.571875 0.357341 2.000000 0.607812 0.354571 1.000000 0.551562 0.324100 2.000000 0.626563 0.313019 1.000000 0.571875 0.290859 2.000000 0.612500 0.282548 2.000000 0.575000 0.454294 1.000000 0.000000 0.000000 0.000000 0.000000 0.000000 0.000000 0.000000 0.000000 0.000000 0.000000 0.000000 0.000000 0.000000 0.000000 0.000000
0 0.870695 0.674127 0.217047 0.651745 0.950000 0.398892 2.000000 0.946875 0.368421 2.000000 0.935937 0.365651 2.000000 0.000000 0.000000 0.000000 0.000000 0.000000 0.000000 0.926562 0.520776 2.000000 0.865625 0.520776 2.000000 0.920312 0.711911 2.000000 0.796875 0.695291 2.000000 0.948438 0.620499 2.000000 0.893750 0.753463 2.000000 0.934375 0.927978 2.000000 0.878125 0.952909 2.000000 0.000000 0.000000 0.000000 0.000000 0.000000 0.000000 0.000000 0.000000 0.000000 0.000000 0.000000 0.000000
0 0.129148 0.468089 0.054078 0.284654 0.129688 0.351801 2.000000 0.132812 0.346260 2.000000 0.126562 0.346260 2.000000 0.140625 0.349030 2.000000 0.000000 0.000000 0.000000 0.153125 0.382271 2.000000 0.117188 0.390582 2.000000 0.000000 0.000000 0.000000 0.109375 0.429363 2.000000 0.000000 0.000000 0.000000 0.109375 0.457064 2.000000 0.143750 0.465374 2.000000 0.123438 0.465374 2.000000 0.137500 0.523546 2.000000 0.126562 0.526316 2.000000 0.135937 0.570637 2.000000 0.129688 0.573407 2.000000
0 0.067180 0.496620 0.045641 0.296620 0.000000 0.000000 0.000000 0.000000 0.000000 0.000000 0.000000 0.000000 0.000000 0.000000 0.000000 0.000000 0.000000 0.000000 0.000000 0.068750 0.390582 2.000000 0.051562 0.404432 2.000000 0.071875 0.432133 2.000000 0.048438 0.445983 2.000000 0.081250 0.448753 1.000000 0.050000 0.476454 2.000000 0.073438 0.479224 2.000000 0.060937 0.481994 2.000000 0.084375 0.534626 2.000000 0.064062 0.551247 2.000000 0.070312 0.595568 2.000000 0.065625 0.614958 2.000000
0 0.035750 0.677271 0.070469 0.645457 0.000000 0.000000 0.000000 0.000000 0.000000 0.000000 0.000000 0.000000 0.000000 0.000000 0.000000 0.000000 0.000000 0.000000 0.000000 0.000000 0.000000 0.000000 0.000000 0.000000 0.000000 0.000000 0.000000 0.000000 0.045312 0.772853 2.000000 0.000000 0.000000 0.000000 0.035937 0.662050 2.000000 0.000000 0.000000 0.000000 0.000000 0.000000 0.000000 0.000000 0.000000 0.000000 0.000000 0.000000 0.000000 0.000000 0.000000 0.000000 0.000000 0.000000 0.000000
