0 0.399313 0.734521 0.064406 0.353750 0.000000 0.000000 0.000000 0.000000 0.000000 0.000000 0.000000 0.000000 0.000000 0.000000 0.000000 0.000000 0.409375 0.585417 2.000000 0.375000 0.625000 2.000000 0.418750 0.629167 2.000000 0.375000 0.670833 2.000000 0.410938 0.689583 2.000000 0.379688 0.716667 2.000000 0.403125 0.720833 2.000000 0.387500 0.718750 2.000000 0.409375 0.718750 2.000000 0.385937 0.795833 1.000000 0.401562 0.795833 2.000000 0.390625 0.854167 2.000000 0.400000 0.881250 2.000000
0 0.210859 0.646094 0.069156 0.260854 0.000000 0.000000 0.000000 0.000000 0.000000 0.000000 0.000000 0.000000 0.000000 0.206250 0.545833 2.000000 0.223438 0.547917 2.000000 0.187500 0.581250 2.000000 0.232813 0.585417 2.000000 0.182812 0.641667 2.000000 0.231250 0.643750 2.000000 0.195312 0.681250 2.000000 0.212500 0.685417 2.000000 0.195312 0.681250 2.000000 0.221875 0.683333 2.000000 0.196875 0.756250 2.000000 0.228125 0.752083 1.000000 0.190625 0.841667 1.000000 0.234375 0.818750 1.000000
0 0.460188 0.544677 0.074719 0.369396 0.476562 0.400000 2.000000 0.000000 0.000000 0.000000 0.475000 0.393750 2.000000 0.000000 0.000000 0.000000 0.465625 0.393750 2.000000 0.432812 0.425000 2.000000 0.454688 0.433333 2.000000 0.428125 0.462500 2.000000 0.454688 0.487500 2.000000 0.431250 0.508333 2.000000 0.484375 0.470833 2.000000 0.457813 0.543750 2.000000 0.446875 0.543750 2.000000 0.470313 0.602083 2.000000 0.453125 0.612500 2.000000 0.465625 0.700000 2.000000 0.440625 0.708333 2.000000
0 0.537555 0.578833 0.090922 0.308042 0.523438 0.443750 1.000000 0.526563 0.437500 2.000000 0.000000 0.000000 0.000000 0.534375 0.443750 2.000000 0.000000 0.000000 0.000000 0.548438 0.481250 2.000000 0.532813 0.477083 2.000000 0.559375 0.522917 2.000000 0.510938 0.495833 2.000000 0.560937 0.572917 2.000000 0.495312 0.475000 2.000000 0.550000 0.579167 2.000000 0.537500 0.579167 2.000000 0.551562 0.650000 2.000000 0.537500 0.650000 2.000000 0.568750 0.708333 2.000000 0.539062 0.706250 2.000000
0 0.551367 0.373333 0.060984 0.103250 0.553125 0.356250 2.000000 0.556250 0.350000 2.000000 0.550000 0.350000 2.000000 0.000000 0.000000 0.000000 0.542188 0.345833 2.000000 0.570312 0.372917 2.000000 0.532813 0.375000 2.000000 0.579688 0.418750 1.000000 0.528125 0.420833 2.000000 0.565625 0.416667 2.000000 0.546875 0.418750 2.000000 0.565625 0.431250 1.000000 0.537500 0.431250 1.000000 0.000000 0.000000 0.000000 0.000000 0.000000 0.000000 0.000000 0.000000 0.000000 0.000000 0.000000 0.000000
0 0.496250 0.459031 0.063969 0.319271 0.487500 0.331250 2.000000 0.492188 0.325000 2.000000 0.481250 0.325000 2.000000 0.498437 0.329167 2.000000 0.476562 0.327083 2.000000 0.506250 0.362500 2.000000 0.468750 0.360417 1.000000 0.515625 0.406250 2.000000 0.446875 0.397917 1.000000 0.520312 0.445833 2.000000 0.446875 0.358333 1.000000 0.495312 0.447917 2.000000 0.471875 0.450000 2.000000 0.501563 0.525000 2.000000 0.464062 0.529167 1.000000 0.507812 0.593750 2.000000 0.475000 0.591667 1.000000
0 0.408766 0.371740 0.056469 0.201771 0.392188 0.293750 2.000000 0.395313 0.289583 2.000000 0.000000 0.000000 0.000000 0.406250 0.293750 2.000000 0.000000 0.000000 0.000000 0.423438 0.322917 2.000000 0.390625 0.320833 2.000000 0.415625 0.362500 2.000000 0.000000 0.000000 0.000000 0.396875 0.341667 2.000000 0.382812 0.341667 2.000000 0.412500 0.410417 2.000000 0.387500 0.400000 1.000000 0.000000 0.000000 0.000000 0.000000 0.000000 0.000000 0.000000 0.000000 0.000000 0.000000 0.000000 0.000000
0 0.280117 0.381302 0.109609 0.108354 0.287500 0.347917 2.000000 0.292187 0.343750 2.000000 0.000000 0.000000 0.000000 0.303125 0.354167 2.000000 0.000000 0.000000 0.000000 0.315625 0.381250 2.000000 0.284375 0.366667 2.000000 0.321875 0.427083 2.000000 0.250000 0.379167 2.000000 0.000000 0.000000 0.000000 0.232813 0.358333 2.000000 0.315625 0.439583 1.000000 0.292187 0.435417 1.000000 0.000000 0.000000 0.000000 0.000000 0.000000 0.000000 0.000000 0.000000 0.000000 0.000000 0.000000 0.000000
0 0.370523 0.486302 0.077266 0.329104 0.376563 0.350000 2.000000 0.378125 0.345833 2.000000 0.368750 0.345833 2.000000 0.000000 0.000000 0.000000 0.359375 0.347917 2.000000 0.392188 0.385417 2.000000 0.346875 0.391667 2.000000 0.403125 0.433333 2.000000 0.339062 0.441667 2.000000 0.403125 0.468750 2.000000 0.345313 0.483333 2.000000 0.389062 0.497917 2.000000 0.359375 0.497917 2.000000 0.396875 0.568750 1.000000 0.356250 0.570833 2.000000 0.398438 0.620833 1.000000 0.354687 0.635417 2.000000
0 0.431445 0.214031 0.062453 0.147271 0.445312 0.170833 2.000000 0.446875 0.166667 2.000000 0.442188 0.166667 2.000000 0.000000 0.000000 0.000000 0.432812 0.160417 2.000000 0.454688 0.181250 2.000000 0.417187 0.177083 2.000000 0.459375 0.206250 2.000000 0.403125 0.197917 2.000000 0.454688 0.225000 2.000000 0.406250 0.225000 2.000000 0.445312 0.245833 2.000000 0.423438 0.243750 2.000000 0.443750 0.302083 1.000000 0.425000 0.300000 1.000000 0.000000 0.000000 0.000000 0.000000 0.000000 0.000000
0 0.683234 0.442771 0.059250 0.226958 0.000000 0.000000 0.000000 0.000000 0.000000 0.000000 0.000000 0.000000 0.000000 0.682813 0.352083 2.000000 0.690625 0.339583 2.000000 0.681250 0.385417 1.000000 0.704688 0.375000 2.000000 0.000000 0.000000 0.000000 0.000000 0.000000 0.000000 0.000000 0.000000 0.000000 0.000000 0.000000 0.000000 0.690625 0.443750 1.000000 0.706250 0.435417 2.000000 0.000000 0.000000 0.000000 0.000000 0.000000 0.000000 0.000000 0.000000 0.000000 0.000000 0.000000 0.000000
0 0.950570 0.533177 0.067641 0.351604 0.929688 0.393750 2.000000 0.935937 0.383333 2.000000 0.000000 0.000000 0.000000 0.950000 0.383333 2.000000 0.000000 0.000000 0.000000 0.967187 0.429167 2.000000 0.929688 0.425000 2.000000 0.968750 0.495833 2.000000 0.000000 0.000000 0.000000 0.956250 0.527083 2.000000 0.000000 0.000000 0.000000 0.950000 0.525000 2.000000 0.926562 0.520833 2.000000 0.937500 0.595833 2.000000 0.934375 0.593750 2.000000 0.945312 0.668750 2.000000 0.951562 0.668750 2.000000
