0 0.425523 0.585240 0.118953 0.497729 0.470313 0.381250 2.000000 0.000000 0.000000 0.000000 0.464062 0.372917 2.000000 0.000000 0.000000 0.000000 0.450000 0.381250 2.000000 0.470313 0.425000 2.000000 0.404687 0.429167 2.000000 0.479687 0.487500 2.000000 0.373437 0.506250 2.000000 0.473438 0.516667 2.000000 0.393750 0.539583 2.000000 0.456250 0.579167 2.000000 0.421875 0.577083 2.000000 0.456250 0.700000 2.000000 0.439063 0.685417 2.000000 0.417187 0.675000 2.000000 0.439063 0.787500 2.000000
0 0.505445 0.246083 0.066328 0.288708 0.482812 0.131250 2.000000 0.482812 0.127083 2.000000 0.000000 0.000000 0.000000 0.498437 0.125000 2.000000 0.000000 0.000000 0.000000 0.498437 0.152083 2.000000 0.523438 0.154167 2.000000 0.493750 0.202083 2.000000 0.000000 0.000000 0.000000 0.478125 0.233333 2.000000 0.000000 0.000000 0.000000 0.503125 0.241667 2.000000 0.526563 0.241667 2.000000 0.489063 0.300000 2.000000 0.515625 0.297917 2.000000 0.523438 0.350000 2.000000 0.520312 0.366667 2.000000
0 0.663094 0.162927 0.068812 0.281646 0.660937 0.045833 2.000000 0.662500 0.039583 2.000000 0.656250 0.039583 2.000000 0.000000 0.000000 0.000000 0.648438 0.043750 2.000000 0.665625 0.072917 2.000000 0.643750 0.070833 2.000000 0.662500 0.114583 2.000000 0.632812 0.118750 1.000000 0.673438 0.137500 2.000000 0.653125 0.135417 2.000000 0.664062 0.145833 2.000000 0.646875 0.147917 2.000000 0.643750 0.214583 2.000000 0.664062 0.206250 2.000000 0.626563 0.287500 1.000000 0.678125 0.289583 2.000000
0 0.721227 0.144073 0.103703 0.266687 0.709375 0.033333 2.000000 0.710938 0.027083 2.000000 0.704688 0.027083 2.000000 0.000000 0.000000 0.000000 0.698438 0.029167 2.000000 0.725000 0.056250 2.000000 0.685937 0.056250 2.000000 0.742188 0.085417 2.000000 0.664062 0.089583 1.000000 0.734375 0.114583 2.000000 0.684375 0.114583 2.000000 0.720313 0.139583 2.000000 0.700000 0.139583 2.000000 0.734375 0.191667 2.000000 0.700000 0.195833 2.000000 0.746875 0.254167 2.000000 0.704688 0.256250 2.000000
0 0.354141 0.212385 0.058062 0.300812 0.376563 0.093750 2.000000 0.378125 0.085417 2.000000 0.373437 0.087500 2.000000 0.000000 0.000000 0.000000 0.360938 0.089583 2.000000 0.375000 0.116667 2.000000 0.340625 0.118750 2.000000 0.000000 0.000000 0.000000 0.331250 0.166667 2.000000 0.000000 0.000000 0.000000 0.337500 0.210417 2.000000 0.367188 0.204167 2.000000 0.350000 0.200000 2.000000 0.368750 0.270833 2.000000 0.354687 0.270833 2.000000 0.357812 0.347917 2.000000 0.346875 0.347917 2.000000
0 0.892211 0.139177 0.039828 0.273979 0.875000 0.025000 1.000000 0.878125 0.020833 2.000000 0.873437 0.020833 1.000000 0.000000 0.000000 0.000000 0.000000 0.000000 0.000000 0.885938 0.052083 2.000000 0.854688 0.056250 1.000000 0.895312 0.081250 2.000000 0.000000 0.000000 0.000000 0.903125 0.114583 2.000000 0.000000 0.000000 0.000000 0.890625 0.131250 2.000000 0.870313 0.137500 1.000000 0.895312 0.189583 2.000000 0.868750 0.197917 1.000000 0.898438 0.243750 2.000000 0.867188 0.245833 1.000000
0 0.450672 0.173479 0.063875 0.275042 0.000000 0.000000 0.000000 0.000000 0.000000 0.000000 0.000000 0.000000 0.000000 0.000000 0.000000 0.000000 0.000000 0.000000 0.000000 0.464062 0.097917 2.000000 0.440625 0.081250 2.000000 0.464062 0.131250 2.000000 0.429688 0.116667 2.000000 0.467187 0.168750 2.000000 0.429688 0.154167 2.000000 0.451562 0.164583 2.000000 0.440625 0.166667 2.000000 0.453125 0.218750 2.000000 0.432812 0.225000 2.000000 0.448437 0.279167 2.000000 0.426563 0.285417 2.000000
0 0.857977 0.146167 0.062734 0.290708 0.868750 0.025000 2.000000 0.870313 0.018750 2.000000 0.864062 0.018750 2.000000 0.000000 0.000000 0.000000 0.856250 0.025000 2.000000 0.873437 0.058333 2.000000 0.845313 0.058333 2.000000 0.876563 0.110417 2.000000 0.834375 0.095833 2.000000 0.882812 0.133333 2.000000 0.839063 0.131250 2.000000 0.868750 0.137500 2.000000 0.856250 0.135417 2.000000 0.859375 0.206250 2.000000 0.879687 0.202083 2.000000 0.850000 0.270833 2.000000 0.860938 0.264583 2.000000
0 0.232516 0.174323 0.114437 0.299312 0.232813 0.047917 2.000000 0.000000 0.000000 0.000000 0.231250 0.041667 2.000000 0.000000 0.000000 0.000000 0.220312 0.047917 2.000000 0.228125 0.072917 2.000000 0.204687 0.077083 2.000000 0.243750 0.091667 2.000000 0.189062 0.116667 2.000000 0.260937 0.077083 2.000000 0.184375 0.156250 2.000000 0.237500 0.154167 2.000000 0.218750 0.158333 2.000000 0.237500 0.229167 2.000000 0.214062 0.233333 2.000000 0.237500 0.302083 2.000000 0.184375 0.300000 2.000000
0 0.611109 0.193760 0.064250 0.326062 0.606250 0.062500 2.000000 0.607812 0.058333 2.000000 0.601562 0.056250 2.000000 0.000000 0.000000 0.000000 0.000000 0.000000 0.000000 0.618750 0.089583 2.000000 0.607812 0.095833 2.000000 0.621875 0.147917 2.000000 0.000000 0.000000 0.000000 0.600000 0.166667 2.000000 0.000000 0.000000 0.000000 0.618750 0.181250 2.000000 0.609375 0.183333 2.000000 0.610938 0.243750 2.000000 0.596875 0.245833 2.000000 0.625000 0.331250 2.000000 0.618750 0.327083 2.000000
