0 0.534328 0.468244 0.063250 0.130351 0.521875 0.447307 2.000000 0.528125 0.435597 2.000000 0.517188 0.435597 2.000000 0.535937 0.437939 2.000000 0.510938 0.437939 2.000000 0.550000 0.480094 2.000000 0.498437 0.477752 1.000000 0.000000 0.000000 0.000000 0.000000 0.000000 0.000000 0.000000 0.000000 0.000000 0.000000 0.000000 0.000000 0.000000 0.000000 0.000000 0.000000 0.000000 0.000000 0.000000 0.000000 0.000000 0.000000 0.000000 0.000000 0.000000 0.000000 0.000000 0.000000 0.000000 0.000000
0 0.438320 0.547260 0.092766 0.188525 0.478125 0.498829 2.000000 0.000000 0.000000 0.000000 0.468750 0.489461 2.000000 0.000000 0.000000 0.000000 0.445312 0.498829 2.000000 0.495312 0.571429 1.000000 0.417187 0.580796 2.000000 0.000000 0.000000 0.000000 0.403125 0.660422 1.000000 0.000000 0.000000 0.000000 0.000000 0.000000 0.000000 0.000000 0.000000 0.000000 0.000000 0.000000 0.000000 0.000000 0.000000 0.000000 0.000000 0.000000 0.000000 0.000000 0.000000 0.000000 0.000000 0.000000 0.000000
0 0.617289 0.557728 0.120172 0.227447 0.640625 0.508197 2.000000 0.640625 0.496487 2.000000 0.631250 0.498829 2.000000 0.000000 0.000000 0.000000 0.607812 0.505855 2.000000 0.654687 0.569087 2.000000 0.581250 0.578454 2.000000 0.667188 0.653396 2.000000 0.568750 0.660422 2.000000 0.000000 0.000000 0.000000 0.000000 0.000000 0.000000 0.650000 0.693208 1.000000 0.601562 0.697892 1.000000 0.000000 0.000000 0.000000 0.000000 0.000000 0.000000 0.000000 0.000000 0.000000 0.000000 0.000000 0.000000
0 0.775938 0.544262 0.104438 0.204731 0.823438 0.496487 2.000000 0.000000 0.000000 0.000000 0.817187 0.487119 2.000000 0.000000 0.000000 0.000000 0.792188 0.508197 2.000000 0.810937 0.552693 1.000000 0.746875 0.573770 2.000000 0.000000 0.000000 0.000000 0.000000 0.000000 0.000000 0.000000 0.000000 0.000000 0.000000 0.000000 0.000000 0.000000 0.000000 0.000000 0.000000 0.000000 0.000000 0.000000 0.000000 0.000000 0.000000 0.000000 0.000000 0.000000 0.000000 0.000000 0.000000 0.000000 0.000000
0 0.558867 0.754555 0.217609 0.475902 0.564063 0.608899 2.000000 0.000000 0.000000 0.000000 0.559375 0.587822 2.000000 0.000000 0.000000 0.000000 0.528125 0.597190 2.000000 0.457813 0.676815 1.000000 0.578125 0.707260 1.000000 0.000000 0.000000 0.000000 0.640625 0.850117 2.000000 0.000000 0.000000 0.000000 0.607812 0.925059 2.000000 0.000000 0.000000 0.000000 0.000000 0.000000 0.000000 0.000000 0.000000 0.000000 0.000000 0.000000 0.000000 0.000000 0.000000 0.000000 0.000000 0.000000 0.000000
0 0.278125 0.699602 0.215219 0.400094 0.340625 0.599532 2.000000 0.000000 0.000000 0.000000 0.335938 0.580796 2.000000 0.000000 0.000000 0.000000 0.303125 0.592506 2.000000 0.223438 0.697892 1.000000 0.340625 0.700234 2.000000 0.000000 0.000000 0.000000 0.364063 0.864169 2.000000 0.000000 0.000000 0.000000 0.000000 0.000000 0.000000 0.000000 0.000000 0.000000 0.000000 0.000000 0.000000 0.000000 0.000000 0.000000 0.000000 0.000000 0.000000 0.000000 0.000000 0.000000 0.000000 0.000000 0.000000
0 0.824273 0.750843 0.321234 0.449742 0.000000 0.000000 0.000000 0.000000 0.000000 0.000000 0.000000 0.000000 0.000000 0.000000 0.000000 0.000000 0.879687 0.672131 2.000000 0.734375 0.775176 2.000000 0.935937 0.779859 2.000000 0.709375 0.967213 2.000000 0.000000 0.000000 0.000000 0.000000 0.000000 0.000000 0.000000 0.000000 0.000000 0.000000 0.000000 0.000000 0.000000 0.000000 0.000000 0.000000 0.000000 0.000000 0.000000 0.000000 0.000000 0.000000 0.000000 0.000000 0.000000 0.000000 0.000000
0 0.952305 0.588923 0.093859 0.162342 0.978125 0.552693 2.000000 0.000000 0.000000 0.000000 0.973437 0.550351 2.000000 0.000000 0.000000 0.000000 0.948438 0.564403 2.000000 0.971875 0.601874 2.000000 0.914062 0.629977 1.000000 0.000000 0.000000 0.000000 0.000000 0.000000 0.000000 0.000000 0.000000 0.000000 0.000000 0.000000 0.000000 0.000000 0.000000 0.000000 0.000000 0.000000 0.000000 0.000000 0.000000 0.000000 0.000000 0.000000 0.000000 0.000000 0.000000 0.000000 0.000000 0.000000 0.000000
0 0.890234 0.513232 0.063344 0.170820 0.000000 0.000000 0.000000 0.000000 0.000000 0.000000 0.917188 0.466042 2.000000 0.000000 0.000000 0.000000 0.904687 0.482436 2.000000 0.873437 0.519906 2.000000 0.907813 0.526932 1.000000 0.000000 0.000000 0.000000 0.000000 0.000000 0.000000 0.000000 0.000000 0.000000 0.000000 0.000000 0.000000 0.882812 0.613583 1.000000 0.912500 0.620609 1.000000 0.000000 0.000000 0.000000 0.000000 0.000000 0.000000 0.000000 0.000000 0.000000 0.000000 0.000000 0.000000
0 0.396695 0.504766 0.071797 0.147939 0.415625 0.468384 2.000000 0.000000 0.000000 0.000000 0.410938 0.459016 2.000000 0.000000 0.000000 0.000000 0.395313 0.461358 2.000000 0.356250 0.510539 1.000000 0.412500 0.517564 2.000000 0.000000 0.000000 0.000000 0.000000 0.000000 0.000000 0.000000 0.000000 0.000000 0.000000 0.000000 0.000000 0.000000 0.000000 0.000000 0.000000 0.000000 0.000000 0.000000 0.000000 0.000000 0.000000 0.000000 0.000000 0.000000 0.000000 0.000000 0.000000 0.000000 0.000000
0 0.126187 0.524871 0.095312 0.133162 0.096875 0.510539 2.000000 0.098437 0.496487 2.000000 0.087500 0.503513 2.000000 0.109375 0.489461 1.000000 0.000000 0.000000 0.000000 0.142187 0.524590 2.000000 0.076563 0.543326 1.000000 0.168750 0.597190 1.000000 0.070312 0.594848 1.000000 0.132812 0.557377 2.000000 0.084375 0.552693 2.000000 0.000000 0.000000 0.000000 0.000000 0.000000 0.000000 0.000000 0.000000 0.000000 0.000000 0.000000 0.000000 0.000000 0.000000 0.000000 0.000000 0.000000 0.000000
