0 0.698937 0.497375 0.573281 0.974450 0.620313 0.142500 2.000000 0.635938 0.110000 2.000000 0.595313 0.120000 2.000000 0.000000 0.000000 0.000000 0.556250 0.152500 2.000000 0.712500 0.302500 2.000000 0.523438 0.295000 2.000000 0.857812 0.317500 2.000000 0.484375 0.472500 2.000000 0.907813 0.240000 2.000000 0.476562 0.440000 2.000000 0.642188 0.872500 2.000000 0.525000 0.867500 2.000000 0.000000 0.000000 0.000000 0.000000 0.000000 0.000000 0.000000 0.000000 0.000000 0.000000 0.000000 0.000000
0 0.076203 0.461075 0.135625 0.331100 0.090625 0.395000 2.000000 0.100000 0.362500 2.000000 0.073438 0.365000 2.000000 0.000000 0.000000 0.000000 0.043750 0.382500 2.000000 0.132812 0.455000 2.000000 0.015625 0.480000 2.000000 0.000000 0.000000 0.000000 0.000000 0.000000 0.000000 0.000000 0.000000 0.000000 0.000000 0.000000 0.000000 0.132812 0.752500 1.000000 0.035937 0.757500 1.000000 0.000000 0.000000 0.000000 0.000000 0.000000 0.000000 0.000000 0.000000 0.000000 0.000000 0.000000 0.000000
0 0.196367 0.317563 0.122453 0.231975 0.234375 0.275000 2.000000 0.245312 0.265000 2.000000 0.218750 0.265000 2.000000 0.000000 0.000000 0.000000 0.192188 0.287500 1.000000 0.267188 0.402500 1.000000 0.151562 0.410000 1.000000 0.000000 0.000000 0.000000 0.000000 0.000000 0.000000 0.000000 0.000000 0.000000 0.000000 0.000000 0.000000 0.000000 0.000000 0.000000 0.000000 0.000000 0.000000 0.000000 0.000000 0.000000 0.000000 0.000000 0.000000 0.000000 0.000000 0.000000 0.000000 0.000000 0.000000
0 0.263344 0.491450 0.127812 0.368550 0.279687 0.382500 2.000000 0.290625 0.365000 2.000000 0.268750 0.370000 2.000000 0.310937 0.370000 2.000000 0.250000 0.392500 2.000000 0.329688 0.497500 1.000000 0.221875 0.500000 2.000000 0.000000 0.000000 0.000000 0.000000 0.000000 0.000000 0.000000 0.000000 0.000000 0.000000 0.000000 0.000000 0.000000 0.000000 0.000000 0.000000 0.000000 0.000000 0.000000 0.000000 0.000000 0.000000 0.000000 0.000000 0.000000 0.000000 0.000000 0.000000 0.000000 0.000000
0 0.789359 0.857487 0.136844 0.196375 0.789062 0.847500 2.000000 0.795312 0.820000 2.000000 0.768750 0.822500 2.000000 0.000000 0.000000 0.000000 0.750000 0.840000 2.000000 0.839063 0.937500 2.000000 0.726562 0.937500 2.000000 0.000000 0.000000 0.000000 0.000000 0.000000 0.000000 0.000000 0.000000 0.000000 0.000000 0.000000 0.000000 0.000000 0.000000 0.000000 0.000000 0.000000 0.000000 0.000000 0.000000 0.000000 0.000000 0.000000 0.000000 0.000000 0.000000 0.000000 0.000000 0.000000 0.000000
0 0.315922 0.181938 0.129750 0.246625 0.320312 0.135000 2.000000 0.328125 0.112500 2.000000 0.307812 0.112500 2.000000 0.343750 0.125000 2.000000 0.281250 0.132500 2.000000 0.370312 0.205000 2.000000 0.267188 0.215000 2.000000 0.000000 0.000000 0.000000 0.000000 0.000000 0.000000 0.000000 0.000000 0.000000 0.000000 0.000000 0.000000 0.000000 0.000000 0.000000 0.000000 0.000000 0.000000 0.000000 0.000000 0.000000 0.000000 0.000000 0.000000 0.000000 0.000000 0.000000 0.000000 0.000000 0.000000
0 0.438023 0.487113 0.129609 0.349325 0.468750 0.395000 2.000000 0.478125 0.375000 1.000000 0.456250 0.375000 2.000000 0.000000 0.000000 0.000000 0.432812 0.400000 2.000000 0.529687 0.482500 1.000000 0.410938 0.495000 1.000000 0.000000 0.000000 0.000000 0.000000 0.000000 0.000000 0.000000 0.000000 0.000000 0.000000 0.000000 0.000000 0.000000 0.000000 0.000000 0.000000 0.000000 0.000000 0.000000 0.000000 0.000000 0.000000 0.000000 0.000000 0.000000 0.000000 0.000000 0.000000 0.000000 0.000000
0 0.828437 0.513637 0.208344 0.284125 0.814063 0.370000 1.000000 0.000000 0.000000 0.000000 0.000000 0.000000 0.000000 0.000000 0.000000 0.000000 0.770312 0.362500 1.000000 0.873437 0.450000 2.000000 0.740625 0.477500 2.000000 0.875000 0.552500 2.000000 0.000000 0.000000 0.000000 0.814063 0.572500 2.000000 0.000000 0.000000 0.000000 0.850000 0.745000 1.000000 0.754687 0.745000 1.000000 0.000000 0.000000 0.000000 0.000000 0.000000 0.000000 0.000000 0.000000 0.000000 0.000000 0.000000 0.000000
0 0.375734 0.337738 0.111344 0.267825 0.400000 0.275000 2.000000 0.407813 0.250000 2.000000 0.385937 0.257500 2.000000 0.423438 0.265000 2.000000 0.368750 0.275000 2.000000 0.440625 0.355000 1.000000 0.351562 0.375000 2.000000 0.000000 0.000000 0.000000 0.339062 0.455000 1.000000 0.000000 0.000000 0.000000 0.000000 0.000000 0.000000 0.000000 0.000000 0.000000 0.000000 0.000000 0.000000 0.000000 0.000000 0.000000 0.000000 0.000000 0.000000 0.000000 0.000000 0.000000 0.000000 0.000000 0.000000
0 0.091500 0.143238 0.180531 0.196575 0.000000 0.000000 0.000000 0.000000 0.000000 0.000000 0.000000 0.000000 0.000000 0.000000 0.000000 0.000000 0.000000 0.000000 0.000000 0.134375 0.017500 1.000000 0.000000 0.000000 0.000000 0.142187 0.087500 1.000000 0.000000 0.000000 0.000000 0.092188 0.195000 2.000000 0.000000 0.000000 0.000000 0.000000 0.000000 0.000000 0.000000 0.000000 0.000000 0.000000 0.000000 0.000000 0.000000 0.000000 0.000000 0.000000 0.000000 0.000000 0.000000 0.000000 0.000000
