0 0.172086 0.851375 0.062891 0.144583 0.000000 0.000000 0.000000 0.000000 0.000000 0.000000 0.000000 0.000000 0.000000 0.000000 0.000000 0.000000 0.000000 0.000000 0.000000 0.146875 0.810417 2.000000 0.165625 0.806250 2.000000 0.146875 0.829167 2.000000 0.176563 0.816667 2.000000 0.150000 0.850000 2.000000 0.193750 0.820833 2.000000 0.153125 0.854167 2.000000 0.165625 0.850000 2.000000 0.151562 0.879167 2.000000 0.165625 0.881250 2.000000 0.151562 0.902083 1.000000 0.167187 0.908333 2.000000
0 0.241297 0.842823 0.045906 0.177604 0.000000 0.000000 0.000000 0.000000 0.000000 0.000000 0.000000 0.000000 0.000000 0.000000 0.000000 0.000000 0.000000 0.000000 0.000000 0.226562 0.789583 2.000000 0.250000 0.789583 2.000000 0.226562 0.814583 2.000000 0.259375 0.810417 2.000000 0.232813 0.831250 2.000000 0.253125 0.825000 2.000000 0.231250 0.841667 2.000000 0.245312 0.839583 2.000000 0.228125 0.877083 2.000000 0.245312 0.872917 2.000000 0.229687 0.908333 2.000000 0.246875 0.912500 2.000000
0 0.336875 0.838771 0.039906 0.199417 0.000000 0.000000 0.000000 0.000000 0.000000 0.000000 0.000000 0.000000 0.000000 0.000000 0.000000 0.000000 0.339062 0.754167 2.000000 0.325000 0.775000 2.000000 0.334375 0.775000 2.000000 0.000000 0.000000 0.000000 0.342187 0.804167 2.000000 0.000000 0.000000 0.000000 0.350000 0.825000 2.000000 0.326562 0.822917 2.000000 0.334375 0.822917 2.000000 0.328125 0.879167 2.000000 0.337500 0.877083 2.000000 0.325000 0.920833 2.000000 0.334375 0.925000 2.000000
0 0.476227 0.833833 0.033359 0.173458 0.000000 0.000000 0.000000 0.000000 0.000000 0.000000 0.000000 0.000000 0.000000 0.471875 0.762500 2.000000 0.482812 0.756250 1.000000 0.467187 0.781250 2.000000 0.484375 0.779167 2.000000 0.464062 0.797917 2.000000 0.490625 0.804167 2.000000 0.464062 0.820833 2.000000 0.498437 0.829167 1.000000 0.467187 0.839583 2.000000 0.484375 0.837500 2.000000 0.471875 0.868750 2.000000 0.485938 0.864583 2.000000 0.470313 0.902083 2.000000 0.479687 0.902083 2.000000
0 0.635414 0.830010 0.046734 0.159354 0.000000 0.000000 0.000000 0.000000 0.000000 0.000000 0.000000 0.000000 0.000000 0.000000 0.000000 0.000000 0.637500 0.762500 2.000000 0.623437 0.783333 2.000000 0.642188 0.779167 2.000000 0.615625 0.808333 2.000000 0.648438 0.810417 2.000000 0.000000 0.000000 0.000000 0.000000 0.000000 0.000000 0.628125 0.837500 2.000000 0.640625 0.837500 2.000000 0.629687 0.872917 2.000000 0.642188 0.872917 2.000000 0.629687 0.900000 2.000000 0.640625 0.900000 2.000000
0 0.528352 0.829354 0.055172 0.161042 0.000000 0.000000 0.000000 0.000000 0.000000 0.000000 0.000000 0.000000 0.000000 0.000000 0.000000 0.000000 0.000000 0.000000 0.000000 0.540625 0.777083 2.000000 0.517188 0.772917 1.000000 0.543750 0.804167 2.000000 0.507812 0.793750 2.000000 0.535937 0.806250 2.000000 0.512500 0.810417 2.000000 0.529687 0.816667 2.000000 0.517188 0.816667 2.000000 0.525000 0.852083 2.000000 0.514062 0.850000 2.000000 0.525000 0.891667 2.000000 0.512500 0.889583 2.000000
0 0.594609 0.835385 0.036125 0.141979 0.000000 0.000000 0.000000 0.000000 0.000000 0.000000 0.000000 0.000000 0.000000 0.000000 0.000000 0.000000 0.600000 0.775000 2.000000 0.584375 0.789583 2.000000 0.601562 0.785417 2.000000 0.581250 0.814583 2.000000 0.000000 0.000000 0.000000 0.000000 0.000000 0.000000 0.000000 0.000000 0.000000 0.587500 0.827083 2.000000 0.598437 0.827083 2.000000 0.590625 0.862500 2.000000 0.601562 0.860417 2.000000 0.592187 0.893750 2.000000 0.603125 0.893750 2.000000
0 0.728055 0.827094 0.042203 0.158479 0.000000 0.000000 0.000000 0.000000 0.000000 0.000000 0.000000 0.000000 0.000000 0.723437 0.760417 2.000000 0.000000 0.000000 0.000000 0.717187 0.777083 2.000000 0.739062 0.777083 2.000000 0.712500 0.797917 2.000000 0.745313 0.808333 2.000000 0.000000 0.000000 0.000000 0.000000 0.000000 0.000000 0.721875 0.818750 2.000000 0.734375 0.818750 2.000000 0.718750 0.856250 2.000000 0.732812 0.858333 2.000000 0.718750 0.887500 2.000000 0.734375 0.889583 2.000000
0 0.839508 0.828896 0.051359 0.150833 0.000000 0.000000 0.000000 0.000000 0.000000 0.000000 0.000000 0.000000 0.000000 0.000000 0.000000 0.000000 0.000000 0.000000 0.000000 0.826562 0.785417 2.000000 0.848437 0.789583 2.000000 0.820312 0.810417 2.000000 0.854688 0.810417 2.000000 0.817187 0.829167 2.000000 0.857812 0.829167 2.000000 0.826562 0.833333 2.000000 0.846875 0.833333 2.000000 0.828125 0.872917 2.000000 0.846875 0.872917 2.000000 0.826562 0.900000 2.000000 0.846875 0.902083 2.000000
0 0.401820 0.854010 0.039234 0.163312 0.000000 0.000000 0.000000 0.000000 0.000000 0.000000 0.000000 0.000000 0.000000 0.000000 0.000000 0.000000 0.407813 0.783333 2.000000 0.389062 0.802083 2.000000 0.410938 0.804167 2.000000 0.389062 0.825000 2.000000 0.414062 0.825000 2.000000 0.000000 0.000000 0.000000 0.000000 0.000000 0.000000 0.393750 0.845833 2.000000 0.407813 0.850000 2.000000 0.392188 0.895833 2.000000 0.404687 0.897917 2.000000 0.390625 0.929167 2.000000 0.403125 0.927083 2.000000
