0 0.120594 0.510106 0.139937 0.395495 0.142187 0.367925 2.000000 0.148438 0.358491 2.000000 0.134375 0.358491 2.000000 0.000000 0.000000 0.000000 0.123438 0.367925 2.000000 0.173437 0.422170 2.000000 0.104688 0.426887 2.000000 0.190625 0.490566 1.000000 0.101562 0.488208 2.000000 0.000000 0.000000 0.000000 0.120313 0.521226 2.000000 0.162500 0.544811 1.000000 0.115625 0.544811 2.000000 0.000000 0.000000 0.000000 0.081250 0.608491 2.000000 0.000000 0.000000 0.000000 0.068750 0.676887 2.000000
0 0.399289 0.557866 0.197109 0.452807 0.404687 0.382075 2.000000 0.409375 0.372642 2.000000 0.400000 0.375000 2.000000 0.000000 0.000000 0.000000 0.384375 0.375000 2.000000 0.435937 0.429245 2.000000 0.362500 0.417453 2.000000 0.000000 0.000000 0.000000 0.339062 0.469340 2.000000 0.000000 0.000000 0.000000 0.321875 0.436321 2.000000 0.409375 0.544811 1.000000 0.371875 0.537736 2.000000 0.467187 0.615566 2.000000 0.337500 0.622642 2.000000 0.471875 0.705189 2.000000 0.328125 0.669811 2.000000
0 0.800461 0.553149 0.087484 0.395165 0.806250 0.405660 2.000000 0.810937 0.398585 2.000000 0.800000 0.398585 2.000000 0.000000 0.000000 0.000000 0.785937 0.400943 2.000000 0.823438 0.452830 2.000000 0.773438 0.455189 2.000000 0.831250 0.516509 2.000000 0.765625 0.525943 2.000000 0.834375 0.551887 2.000000 0.792188 0.558962 2.000000 0.817187 0.575472 2.000000 0.778125 0.580189 2.000000 0.000000 0.000000 0.000000 0.778125 0.639151 2.000000 0.000000 0.000000 0.000000 0.767188 0.724057 2.000000
0 0.274688 0.639469 0.047063 0.210920 0.271875 0.556604 2.000000 0.271875 0.551887 2.000000 0.267188 0.551887 2.000000 0.278125 0.551887 2.000000 0.265625 0.554245 2.000000 0.289062 0.575472 1.000000 0.257812 0.575472 1.000000 0.293750 0.608491 2.000000 0.253125 0.608491 1.000000 0.293750 0.636792 2.000000 0.253125 0.641509 2.000000 0.284375 0.639151 2.000000 0.262500 0.639151 2.000000 0.281250 0.683962 2.000000 0.267188 0.688679 2.000000 0.278125 0.726415 2.000000 0.270313 0.726415 2.000000
0 0.232719 0.690743 0.055031 0.253750 0.000000 0.000000 0.000000 0.000000 0.000000 0.000000 0.000000 0.000000 0.000000 0.000000 0.000000 0.000000 0.000000 0.000000 0.000000 0.240625 0.608491 2.000000 0.212500 0.613208 1.000000 0.250000 0.625000 2.000000 0.000000 0.000000 0.000000 0.243750 0.601415 2.000000 0.215625 0.601415 2.000000 0.237500 0.681604 2.000000 0.220312 0.681604 2.000000 0.243750 0.742925 2.000000 0.217188 0.740566 1.000000 0.246875 0.787736 2.000000 0.215625 0.785377 2.000000
0 0.967078 0.677606 0.054625 0.315731 0.970313 0.542453 2.000000 0.973437 0.537736 2.000000 0.965625 0.537736 2.000000 0.000000 0.000000 0.000000 0.000000 0.000000 0.000000 0.984375 0.587264 2.000000 0.948438 0.584906 1.000000 0.000000 0.000000 0.000000 0.000000 0.000000 0.000000 0.000000 0.000000 0.000000 0.000000 0.000000 0.000000 0.975000 0.669811 2.000000 0.957812 0.672170 2.000000 0.978125 0.728774 2.000000 0.954688 0.726415 2.000000 0.982812 0.804245 2.000000 0.953125 0.792453 2.000000
0 0.750961 0.726439 0.065734 0.395330 0.739062 0.573113 2.000000 0.745313 0.563679 2.000000 0.735938 0.563679 2.000000 0.762500 0.570755 1.000000 0.000000 0.000000 0.000000 0.768750 0.617925 1.000000 0.729688 0.615566 1.000000 0.000000 0.000000 0.000000 0.000000 0.000000 0.000000 0.000000 0.000000 0.000000 0.000000 0.000000 0.000000 0.764062 0.721698 1.000000 0.731250 0.721698 1.000000 0.762500 0.806604 2.000000 0.726562 0.801887 1.000000 0.764062 0.891509 2.000000 0.723437 0.886792 2.000000
0 0.554477 0.538691 0.131297 0.509127 0.581250 0.337264 2.000000 0.587500 0.327830 2.000000 0.573438 0.325472 2.000000 0.000000 0.000000 0.000000 0.000000 0.000000 0.000000 0.598437 0.398585 2.000000 0.542188 0.386792 1.000000 0.000000 0.000000 0.000000 0.498437 0.452830 2.000000 0.000000 0.000000 0.000000 0.509375 0.403302 2.000000 0.582812 0.528302 1.000000 0.548438 0.525943 2.000000 0.645312 0.627358 1.000000 0.514062 0.627358 2.000000 0.648438 0.740566 1.000000 0.507812 0.709906 2.000000
0 0.140898 0.683208 0.207703 0.148868 0.000000 0.000000 0.000000 0.000000 0.000000 0.000000 0.000000 0.000000 0.000000 0.000000 0.000000 0.000000 0.000000 0.000000 0.000000 0.000000 0.000000 0.000000 0.000000 0.000000 0.000000 0.000000 0.000000 0.000000 0.000000 0.000000 0.000000 0.000000 0.000000 0.000000 0.000000 0.000000 0.000000 0.000000 0.000000 0.000000 0.000000 0.000000 0.000000 0.203125 0.615566 1.000000 0.079687 0.615566 1.000000 0.206250 0.674528 2.000000 0.068750 0.676887 1.000000
0 0.987180 0.766745 0.025641 0.425991 0.995313 0.582547 2.000000 0.000000 0.000000 0.000000 0.992188 0.573113 1.000000 0.000000 0.000000 0.000000 0.000000 0.000000 0.000000 0.000000 0.000000 0.000000 0.989062 0.655660 1.000000 0.000000 0.000000 0.000000 0.000000 0.000000 0.000000 0.000000 0.000000 0.000000 0.000000 0.000000 0.000000 0.000000 0.000000 0.000000 0.981250 0.771226 2.000000 0.000000 0.000000 0.000000 0.000000 0.000000 0.000000 0.000000 0.000000 0.000000 0.000000 0.000000 0.000000
