0 0.242898 0.542795 0.298234 0.819812 0.248438 0.198874 2.000000 0.259375 0.187617 2.000000 0.235937 0.185741 2.000000 0.281250 0.208255 2.000000 0.220312 0.202627 2.000000 0.320312 0.300188 2.000000 0.181250 0.294559 2.000000 0.359375 0.446529 2.000000 0.148438 0.425891 2.000000 0.359375 0.515947 2.000000 0.114062 0.515947 2.000000 0.290625 0.506567 2.000000 0.200000 0.504690 2.000000 0.285938 0.709193 2.000000 0.189062 0.707317 2.000000 0.287500 0.863039 2.000000 0.189062 0.876173 2.000000
0 0.076727 0.166295 0.138484 0.287636 0.089063 0.045028 2.000000 0.092188 0.041276 2.000000 0.085938 0.041276 2.000000 0.000000 0.000000 0.000000 0.071875 0.046904 2.000000 0.114062 0.090056 2.000000 0.051562 0.091932 2.000000 0.131250 0.174484 1.000000 0.023438 0.151970 2.000000 0.000000 0.000000 0.000000 0.045312 0.185741 2.000000 0.107813 0.195122 1.000000 0.062500 0.196998 1.000000 0.101562 0.273921 2.000000 0.065625 0.279550 2.000000 0.000000 0.000000 0.000000 0.000000 0.000000 0.000000
0 0.848422 0.170863 0.121562 0.185553 0.000000 0.000000 0.000000 0.000000 0.000000 0.000000 0.000000 0.000000 0.000000 0.000000 0.000000 0.000000 0.000000 0.000000 0.000000 0.878125 0.144465 2.000000 0.817187 0.136961 2.000000 0.895312 0.202627 2.000000 0.784375 0.178236 1.000000 0.846875 0.202627 2.000000 0.814063 0.196998 2.000000 0.000000 0.000000 0.000000 0.000000 0.000000 0.000000 0.000000 0.000000 0.000000 0.000000 0.000000 0.000000 0.000000 0.000000 0.000000 0.000000 0.000000 0.000000
0 0.957227 0.164756 0.085547 0.138330 0.000000 0.000000 0.000000 0.000000 0.000000 0.000000 0.000000 0.000000 0.000000 0.000000 0.000000 0.000000 0.000000 0.000000 0.000000 0.992188 0.176360 2.000000 0.945312 0.163227 2.000000 0.000000 0.000000 0.000000 0.000000 0.000000 0.000000 0.000000 0.000000 0.000000 0.000000 0.000000 0.000000 0.000000 0.000000 0.000000 0.000000 0.000000 0.000000 0.000000 0.000000 0.000000 0.000000 0.000000 0.000000 0.000000 0.000000 0.000000 0.000000 0.000000 0.000000
0 0.898031 0.487749 0.109469 0.149006 0.000000 0.000000 0.000000 0.000000 0.000000 0.000000 0.000000 0.000000 0.000000 0.915625 0.459662 2.000000 0.875000 0.457786 2.000000 0.917188 0.515947 2.000000 0.856250 0.502814 1.000000 0.937500 0.574109 1.000000 0.000000 0.000000 0.000000 0.000000 0.000000 0.000000 0.000000 0.000000 0.000000 0.000000 0.000000 0.000000 0.000000 0.000000 0.000000 0.000000 0.000000 0.000000 0.000000 0.000000 0.000000 0.000000 0.000000 0.000000 0.000000 0.000000 0.000000
0 0.103500 0.334053 0.099031 0.181914 0.132812 0.273921 2.000000 0.135937 0.268293 2.000000 0.126562 0.268293 2.000000 0.000000 0.000000 0.000000 0.112500 0.270169 2.000000 0.140625 0.311445 2.000000 0.081250 0.307692 2.000000 0.145313 0.365854 2.000000 0.071875 0.363977 2.000000 0.125000 0.324578 2.000000 0.103125 0.395872 2.000000 0.120313 0.409006 1.000000 0.084375 0.403377 2.000000 0.000000 0.000000 0.000000 0.000000 0.000000 0.000000 0.000000 0.000000 0.000000 0.000000 0.000000 0.000000
0 0.972258 0.424400 0.055484 0.162758 0.000000 0.000000 0.000000 0.000000 0.000000 0.000000 0.000000 0.000000 0.000000 0.000000 0.000000 0.000000 0.981250 0.377111 2.000000 0.000000 0.000000 0.000000 0.967187 0.390244 2.000000 0.000000 0.000000 0.000000 0.978125 0.435272 2.000000 0.000000 0.000000 0.000000 0.992188 0.410882 2.000000 0.000000 0.000000 0.000000 0.967187 0.459662 2.000000 0.000000 0.000000 0.000000 0.000000 0.000000 0.000000 0.000000 0.000000 0.000000 0.000000 0.000000 0.000000
0 0.798187 0.500000 0.129125 0.114597 0.000000 0.000000 0.000000 0.000000 0.000000 0.000000 0.000000 0.000000 0.000000 0.000000 0.000000 0.000000 0.000000 0.000000 0.000000 0.810937 0.497186 2.000000 0.764062 0.499062 2.000000 0.000000 0.000000 0.000000 0.000000 0.000000 0.000000 0.000000 0.000000 0.000000 0.000000 0.000000 0.000000 0.000000 0.000000 0.000000 0.000000 0.000000 0.000000 0.000000 0.000000 0.000000 0.000000 0.000000 0.000000 0.000000 0.000000 0.000000 0.000000 0.000000 0.000000
0 0.660203 0.534972 0.630000 0.883415 0.445312 0.166979 2.000000 0.456250 0.146341 2.000000 0.428125 0.153846 2.000000 0.489063 0.161351 2.000000 0.000000 0.000000 0.000000 0.562500 0.230769 2.000000 0.420312 0.273921 2.000000 0.632812 0.317073 2.000000 0.470313 0.307692 2.000000 0.682813 0.324578 2.000000 0.537500 0.243902 2.000000 0.584375 0.452158 2.000000 0.554688 0.463415 2.000000 0.504687 0.690432 2.000000 0.681250 0.705441 2.000000 0.437500 0.893058 2.000000 0.854688 0.639775 2.000000
0 0.439914 0.448480 0.093547 0.141914 0.000000 0.000000 0.000000 0.000000 0.000000 0.000000 0.000000 0.000000 0.000000 0.000000 0.000000 0.000000 0.000000 0.000000 0.000000 0.467187 0.470919 2.000000 0.425000 0.472795 2.000000 0.000000 0.000000 0.000000 0.404687 0.506567 2.000000 0.000000 0.000000 0.000000 0.000000 0.000000 0.000000 0.000000 0.000000 0.000000 0.000000 0.000000 0.000000 0.000000 0.000000 0.000000 0.000000 0.000000 0.000000 0.000000 0.000000 0.000000 0.000000 0.000000 0.000000
