0 0.405178 0.614602 0.245787 0.361797 0.487310 0.501563 2.000000 0.495770 0.490625 2.000000 0.480541 0.484375 2.000000 0.000000 0.000000 0.000000 0.450085 0.470313 2.000000 0.453469 0.523438 2.000000 0.411168 0.476562 2.000000 0.439932 0.579688 2.000000 0.394247 0.535937 2.000000 0.431472 0.632812 2.000000 0.390863 0.595313 2.000000 0.358714 0.568750 2.000000 0.299492 0.548438 2.000000 0.385787 0.650000 2.000000 0.343486 0.642188 2.000000 0.329949 0.692187 2.000000 0.346870 0.748437 2.000000
0 0.385144 0.330969 0.210761 0.151562 0.438240 0.289062 2.000000 0.445008 0.284375 2.000000 0.429780 0.284375 2.000000 0.460237 0.285938 1.000000 0.414552 0.287500 2.000000 0.470389 0.332813 2.000000 0.395939 0.317188 2.000000 0.453469 0.396875 2.000000 0.367174 0.359375 2.000000 0.395939 0.393750 2.000000 0.331641 0.393750 2.000000 0.455161 0.434375 1.000000 0.389171 0.428125 1.000000 0.000000 0.000000 0.000000 0.000000 0.000000 0.000000 0.000000 0.000000 0.000000 0.000000 0.000000 0.000000
0 0.602758 0.338844 0.136684 0.134250 0.605753 0.317188 2.000000 0.614213 0.306250 2.000000 0.597293 0.306250 2.000000 0.626058 0.304688 2.000000 0.583756 0.304688 2.000000 0.639594 0.329688 2.000000 0.563452 0.325000 2.000000 0.653130 0.398438 2.000000 0.561760 0.396875 2.000000 0.614213 0.387500 2.000000 0.620981 0.398438 2.000000 0.000000 0.000000 0.000000 0.000000 0.000000 0.000000 0.000000 0.000000 0.000000 0.000000 0.000000 0.000000 0.000000 0.000000 0.000000 0.000000 0.000000 0.000000
0 0.741684 0.341594 0.103604 0.123313 0.747885 0.314063 2.000000 0.756345 0.307812 2.000000 0.741117 0.309375 2.000000 0.766497 0.315625 2.000000 0.725888 0.312500 2.000000 0.778342 0.362500 2.000000 0.707276 0.345313 2.000000 0.736041 0.395313 2.000000 0.693739 0.398438 2.000000 0.727580 0.348438 2.000000 0.000000 0.000000 0.000000 0.741117 0.450000 1.000000 0.702200 0.435937 1.000000 0.000000 0.000000 0.000000 0.000000 0.000000 0.000000 0.000000 0.000000 0.000000 0.000000 0.000000 0.000000
0 0.946083 0.355016 0.107834 0.128375 0.932318 0.325000 2.000000 0.940778 0.315625 2.000000 0.927242 0.318750 2.000000 0.954315 0.320312 2.000000 0.922166 0.320312 2.000000 0.966159 0.353125 2.000000 0.918782 0.354687 1.000000 0.934010 0.395313 2.000000 0.900169 0.395313 2.000000 0.927242 0.356250 2.000000 0.908629 0.400000 2.000000 0.000000 0.000000 0.000000 0.000000 0.000000 0.000000 0.000000 0.000000 0.000000 0.000000 0.000000 0.000000 0.000000 0.000000 0.000000 0.000000 0.000000 0.000000
0 0.326912 0.325398 0.069729 0.132641 0.329949 0.300000 2.000000 0.335025 0.295312 2.000000 0.324873 0.293750 2.000000 0.000000 0.000000 0.000000 0.301184 0.296875 2.000000 0.355330 0.337500 2.000000 0.282572 0.337500 1.000000 0.000000 0.000000 0.000000 0.000000 0.000000 0.000000 0.000000 0.000000 0.000000 0.000000 0.000000 0.000000 0.000000 0.000000 0.000000 0.000000 0.000000 0.000000 0.000000 0.000000 0.000000 0.000000 0.000000 0.000000 0.000000 0.000000 0.000000 0.000000 0.000000 0.000000
0 0.119679 0.334187 0.056751 0.116781 0.133672 0.306250 2.000000 0.137056 0.303125 2.000000 0.126904 0.304688 2.000000 0.000000 0.000000 0.000000 0.108291 0.306250 2.000000 0.131980 0.328125 2.000000 0.108291 0.329688 2.000000 0.000000 0.000000 0.000000 0.113367 0.370312 2.000000 0.000000 0.000000 0.000000 0.123519 0.398438 1.000000 0.130288 0.385937 2.000000 0.106599 0.390625 2.000000 0.000000 0.000000 0.000000 0.000000 0.000000 0.000000 0.000000 0.000000 0.000000 0.000000 0.000000 0.000000
0 0.501514 0.340109 0.085059 0.136313 0.472081 0.301563 2.000000 0.480541 0.296875 2.000000 0.465313 0.296875 2.000000 0.494078 0.306250 2.000000 0.453469 0.300000 1.000000 0.509306 0.345313 2.000000 0.439932 0.340625 1.000000 0.538071 0.395313 2.000000 0.000000 0.000000 0.000000 0.519459 0.437500 1.000000 0.000000 0.000000 0.000000 0.502538 0.434375 1.000000 0.000000 0.000000 0.000000 0.000000 0.000000 0.000000 0.000000 0.000000 0.000000 0.000000 0.000000 0.000000 0.000000 0.000000 0.000000
0 0.687445 0.332289 0.074822 0.144078 0.668359 0.296875 2.000000 0.676819 0.290625 2.000000 0.666667 0.290625 2.000000 0.703892 0.293750 2.000000 0.000000 0.000000 0.000000 0.708968 0.332813 2.000000 0.000000 0.000000 0.000000 0.693739 0.385937 1.000000 0.000000 0.000000 0.000000 0.000000 0.000000 0.000000 0.000000 0.000000 0.000000 0.000000 0.000000 0.000000 0.000000 0.000000 0.000000 0.000000 0.000000 0.000000 0.000000 0.000000 0.000000 0.000000 0.000000 0.000000 0.000000 0.000000 0.000000
0 0.039230 0.327508 0.057208 0.144766 0.021997 0.281250 2.000000 0.027073 0.276562 2.000000 0.020305 0.276562 2.000000 0.038917 0.279687 2.000000 0.000000 0.000000 0.000000 0.049069 0.309375 2.000000 0.006768 0.304688 1.000000 0.054146 0.346875 2.000000 0.000000 0.000000 0.000000 0.060914 0.375000 2.000000 0.000000 0.000000 0.000000 0.000000 0.000000 0.000000 0.000000 0.000000 0.000000 0.000000 0.000000 0.000000 0.000000 0.000000 0.000000 0.000000 0.000000 0.000000 0.000000 0.000000 0.000000
0 0.255888 0.336477 0.107580 0.137641 0.260575 0.300000 2.000000 0.269036 0.295312 2.000000 0.255499 0.293750 2.000000 0.279188 0.301563 2.000000 0.241963 0.296875 2.000000 0.296108 0.332813 2.000000 0.221658 0.334375 2.000000 0.297800 0.385937 2.000000 0.218274 0.392188 2.000000 0.233503 0.379688 2.000000 0.285956 0.396875 2.000000 0.000000 0.000000 0.000000 0.000000 0.000000 0.000000 0.000000 0.000000 0.000000 0.000000 0.000000 0.000000 0.000000 0.000000 0.000000 0.000000 0.000000 0.000000
