0 0.196820 0.513934 0.194859 0.542623 0.164062 0.297424 2.000000 0.170313 0.290398 1.000000 0.157812 0.290398 2.000000 0.000000 0.000000 0.000000 0.135937 0.302108 2.000000 0.159375 0.362998 2.000000 0.139063 0.367681 2.000000 0.000000 0.000000 0.000000 0.150000 0.501171 2.000000 0.000000 0.000000 0.000000 0.209375 0.536300 2.000000 0.171875 0.536300 2.000000 0.150000 0.576112 1.000000 0.176563 0.740047 1.000000 0.235937 0.613583 2.000000 0.176563 0.882904 1.000000 0.239063 0.798595 1.000000
0 0.111297 0.274415 0.057000 0.138665 0.126562 0.266979 1.000000 0.128125 0.255269 2.000000 0.114062 0.255269 2.000000 0.000000 0.000000 0.000000 0.095312 0.271663 1.000000 0.156250 0.327869 1.000000 0.070312 0.337237 1.000000 0.000000 0.000000 0.000000 0.000000 0.000000 0.000000 0.000000 0.000000 0.000000 0.000000 0.000000 0.000000 0.000000 0.000000 0.000000 0.000000 0.000000 0.000000 0.000000 0.000000 0.000000 0.000000 0.000000 0.000000 0.000000 0.000000 0.000000 0.000000 0.000000 0.000000
0 0.247055 0.442927 0.122672 0.333864 0.225000 0.344262 2.000000 0.231250 0.337237 2.000000 0.215625 0.339578 2.000000 0.242188 0.346604 2.000000 0.204687 0.348946 2.000000 0.273438 0.419204 2.000000 0.179688 0.419204 1.000000 0.282813 0.524590 2.000000 0.000000 0.000000 0.000000 0.285938 0.622951 1.000000 0.000000 0.000000 0.000000 0.259375 0.573770 2.000000 0.209375 0.578454 1.000000 0.000000 0.000000 0.000000 0.000000 0.000000 0.000000 0.000000 0.000000 0.000000 0.000000 0.000000 0.000000
0 0.693422 0.483583 0.325344 0.752787 0.635938 0.245902 2.000000 0.635938 0.217799 2.000000 0.621875 0.234192 2.000000 0.664062 0.201405 2.000000 0.000000 0.000000 0.000000 0.734375 0.257611 2.000000 0.643750 0.278689 2.000000 0.698438 0.377049 2.000000 0.590625 0.302108 2.000000 0.665625 0.451991 2.000000 0.546875 0.318501 2.000000 0.770312 0.498829 2.000000 0.706250 0.505855 2.000000 0.717187 0.608899 2.000000 0.642188 0.620609 2.000000 0.748437 0.779859 2.000000 0.585938 0.770492 2.000000
0 0.295336 0.535960 0.069828 0.537073 0.306250 0.330211 2.000000 0.312500 0.318501 2.000000 0.298438 0.318501 2.000000 0.000000 0.000000 0.000000 0.000000 0.000000 0.000000 0.290625 0.393443 2.000000 0.281250 0.400468 2.000000 0.000000 0.000000 0.000000 0.298438 0.512881 2.000000 0.000000 0.000000 0.000000 0.320312 0.590164 2.000000 0.306250 0.590164 2.000000 0.298438 0.590164 1.000000 0.000000 0.000000 0.000000 0.303125 0.679157 2.000000 0.000000 0.000000 0.000000 0.304688 0.789227 2.000000
0 0.554211 0.524965 0.070859 0.349415 0.557813 0.391101 2.000000 0.564063 0.381733 2.000000 0.550000 0.377049 2.000000 0.570312 0.398126 2.000000 0.542188 0.388759 2.000000 0.581250 0.447307 2.000000 0.523438 0.430913 1.000000 0.000000 0.000000 0.000000 0.000000 0.000000 0.000000 0.000000 0.000000 0.000000 0.000000 0.000000 0.000000 0.568750 0.615925 2.000000 0.531250 0.613583 2.000000 0.000000 0.000000 0.000000 0.000000 0.000000 0.000000 0.000000 0.000000 0.000000 0.000000 0.000000 0.000000
0 0.332172 0.486698 0.064219 0.467307 0.345313 0.320843 2.000000 0.346875 0.309133 2.000000 0.337500 0.311475 2.000000 0.000000 0.000000 0.000000 0.320312 0.327869 2.000000 0.343750 0.386417 2.000000 0.315625 0.388759 2.000000 0.000000 0.000000 0.000000 0.359375 0.461358 2.000000 0.000000 0.000000 0.000000 0.000000 0.000000 0.000000 0.348438 0.540984 2.000000 0.329688 0.545667 1.000000 0.364063 0.674473 1.000000 0.340625 0.676815 2.000000 0.000000 0.000000 0.000000 0.000000 0.000000 0.000000
0 0.186445 0.324567 0.040266 0.149649 0.185938 0.299766 2.000000 0.192188 0.285714 2.000000 0.178125 0.290398 2.000000 0.000000 0.000000 0.000000 0.000000 0.000000 0.000000 0.212500 0.362998 1.000000 0.167187 0.384075 2.000000 0.000000 0.000000 0.000000 0.000000 0.000000 0.000000 0.000000 0.000000 0.000000 0.000000 0.000000 0.000000 0.000000 0.000000 0.000000 0.000000 0.000000 0.000000 0.000000 0.000000 0.000000 0.000000 0.000000 0.000000 0.000000 0.000000 0.000000 0.000000 0.000000 0.000000
0 0.434406 0.671487 0.073156 0.148407 0.442188 0.641686 2.000000 0.443750 0.632319 2.000000 0.435937 0.634660 2.000000 0.000000 0.000000 0.000000 0.420312 0.634660 2.000000 0.456250 0.667447 1.000000 0.414062 0.660422 2.000000 0.000000 0.000000 0.000000 0.000000 0.000000 0.000000 0.000000 0.000000 0.000000 0.000000 0.000000 0.000000 0.000000 0.000000 0.000000 0.000000 0.000000 0.000000 0.000000 0.000000 0.000000 0.000000 0.000000 0.000000 0.000000 0.000000 0.000000 0.000000 0.000000 0.000000
0 0.374039 0.510902 0.054328 0.481101 0.359375 0.337237 2.000000 0.362500 0.323185 2.000000 0.356250 0.323185 2.000000 0.000000 0.000000 0.000000 0.000000 0.000000 0.000000 0.362500 0.393443 2.000000 0.340625 0.393443 1.000000 0.000000 0.000000 0.000000 0.000000 0.000000 0.000000 0.000000 0.000000 0.000000 0.000000 0.000000 0.000000 0.367188 0.562061 2.000000 0.348438 0.562061 1.000000 0.370312 0.672131 2.000000 0.348438 0.667447 1.000000 0.000000 0.000000 0.000000 0.000000 0.000000 0.000000
0 0.068211 0.412600 0.136422 0.390867 0.082812 0.297424 2.000000 0.000000 0.000000 0.000000 0.073438 0.281030 2.000000 0.000000 0.000000 0.000000 0.056250 0.278689 2.000000 0.015625 0.358314 2.000000 0.048438 0.358314 2.000000 0.064062 0.463700 2.000000 0.093750 0.470726 2.000000 0.106250 0.480094 2.000000 0.125000 0.416862 2.000000 0.017188 0.583138 2.000000 0.043750 0.590164 2.000000 0.000000 0.000000 0.000000 0.000000 0.000000 0.000000 0.000000 0.000000 0.000000 0.000000 0.000000 0.000000
0 0.480945 0.480410 0.060734 0.328735 0.506250 0.365340 2.000000 0.000000 0.000000 0.000000 0.498437 0.358314 2.000000 0.000000 0.000000 0.000000 0.000000 0.000000 0.000000 0.503125 0.416862 2.000000 0.475000 0.433255 2.000000 0.000000 0.000000 0.000000 0.493750 0.505855 2.000000 0.000000 0.000000 0.000000 0.523438 0.557377 1.000000 0.504687 0.578454 1.000000 0.482812 0.601874 2.000000 0.514062 0.718970 1.000000 0.492188 0.737705 1.000000 0.000000 0.000000 0.000000 0.000000 0.000000 0.000000
