0 0.496234 0.641925 0.308937 0.716150 0.448437 0.401408 2.000000 0.445312 0.368545 2.000000 0.428125 0.392019 2.000000 0.000000 0.000000 0.000000 0.379688 0.410798 2.000000 0.478125 0.413146 2.000000 0.371875 0.575117 2.000000 0.542188 0.556338 2.000000 0.484375 0.687793 2.000000 0.585938 0.535211 2.000000 0.565625 0.598592 2.000000 0.542188 0.788732 2.000000 0.465625 0.814554 2.000000 0.000000 0.000000 0.000000 0.000000 0.000000 0.000000 0.000000 0.000000 0.000000 0.000000 0.000000 0.000000
0 0.560172 0.376397 0.109187 0.294390 0.506250 0.309859 2.000000 0.512500 0.293427 2.000000 0.000000 0.000000 0.000000 0.532813 0.302817 2.000000 0.000000 0.000000 0.000000 0.539062 0.389671 2.000000 0.584375 0.363850 2.000000 0.000000 0.000000 0.000000 0.000000 0.000000 0.000000 0.000000 0.000000 0.000000 0.000000 0.000000 0.000000 0.551562 0.624413 1.000000 0.593750 0.600939 1.000000 0.000000 0.000000 0.000000 0.000000 0.000000 0.000000 0.000000 0.000000 0.000000 0.000000 0.000000 0.000000
0 0.184398 0.505622 0.239859 0.619366 0.162500 0.307512 2.000000 0.171875 0.286385 2.000000 0.142187 0.288732 2.000000 0.189062 0.291080 2.000000 0.112500 0.298122 2.000000 0.232813 0.413146 2.000000 0.085938 0.455399 2.000000 0.275000 0.570423 2.000000 0.129688 0.650235 2.000000 0.173437 0.610329 2.000000 0.259375 0.605634 2.000000 0.248438 0.751174 2.000000 0.164062 0.779343 1.000000 0.000000 0.000000 0.000000 0.000000 0.000000 0.000000 0.000000 0.000000 0.000000 0.000000 0.000000 0.000000
0 0.444055 0.271561 0.104641 0.257629 0.395313 0.223005 2.000000 0.400000 0.211268 2.000000 0.000000 0.000000 0.000000 0.426563 0.206573 2.000000 0.000000 0.000000 0.000000 0.451562 0.276995 2.000000 0.410938 0.269953 2.000000 0.443750 0.406103 1.000000 0.000000 0.000000 0.000000 0.000000 0.000000 0.000000 0.000000 0.000000 0.000000 0.417187 0.450704 1.000000 0.403125 0.436620 1.000000 0.000000 0.000000 0.000000 0.000000 0.000000 0.000000 0.000000 0.000000 0.000000 0.000000 0.000000 0.000000
0 0.370523 0.354930 0.083328 0.383427 0.359375 0.215962 2.000000 0.365625 0.206573 2.000000 0.351562 0.208920 2.000000 0.381250 0.208920 2.000000 0.000000 0.000000 0.000000 0.392188 0.267606 2.000000 0.342187 0.269953 2.000000 0.000000 0.000000 0.000000 0.000000 0.000000 0.000000 0.000000 0.000000 0.000000 0.000000 0.000000 0.000000 0.387500 0.431925 1.000000 0.359375 0.429577 2.000000 0.379688 0.535211 1.000000 0.354687 0.528169 1.000000 0.393750 0.643192 1.000000 0.365625 0.612676 1.000000
0 0.317312 0.404331 0.066594 0.455563 0.325000 0.223005 2.000000 0.331250 0.213615 2.000000 0.320312 0.213615 2.000000 0.340625 0.215962 2.000000 0.310937 0.215962 2.000000 0.350000 0.265258 1.000000 0.296875 0.269953 2.000000 0.368750 0.314554 1.000000 0.298438 0.330986 2.000000 0.351562 0.330986 1.000000 0.332813 0.330986 1.000000 0.353125 0.413146 1.000000 0.314063 0.415493 2.000000 0.364063 0.500000 1.000000 0.317188 0.504695 2.000000 0.364063 0.584507 1.000000 0.318750 0.593897 2.000000
0 0.277945 0.544354 0.215016 0.800587 0.000000 0.000000 0.000000 0.000000 0.000000 0.000000 0.000000 0.000000 0.000000 0.000000 0.000000 0.000000 0.226562 0.213615 2.000000 0.162500 0.300469 1.000000 0.253125 0.321596 2.000000 0.000000 0.000000 0.000000 0.293750 0.462441 2.000000 0.000000 0.000000 0.000000 0.000000 0.000000 0.000000 0.178125 0.535211 1.000000 0.253125 0.556338 1.000000 0.207813 0.713615 1.000000 0.290625 0.706573 2.000000 0.226562 0.859155 1.000000 0.328125 0.882629 2.000000
0 0.068055 0.761796 0.136109 0.440446 0.095312 0.704225 2.000000 0.000000 0.000000 0.000000 0.081250 0.687793 2.000000 0.000000 0.000000 0.000000 0.032813 0.741784 2.000000 0.000000 0.000000 0.000000 0.000000 0.000000 0.000000 0.000000 0.000000 0.000000 0.000000 0.000000 0.000000 0.000000 0.000000 0.000000 0.000000 0.000000 0.000000 0.000000 0.000000 0.000000 0.000000 0.000000 0.000000 0.000000 0.000000 0.000000 0.000000 0.000000 0.000000 0.000000 0.000000 0.000000 0.000000 0.000000 0.000000
0 0.546859 0.263897 0.099187 0.298028 0.529687 0.187793 2.000000 0.537500 0.173709 2.000000 0.526563 0.173709 2.000000 0.565625 0.169014 2.000000 0.000000 0.000000 0.000000 0.556250 0.251174 1.000000 0.000000 0.000000 0.000000 0.000000 0.000000 0.000000 0.000000 0.000000 0.000000 0.000000 0.000000 0.000000 0.000000 0.000000 0.000000 0.000000 0.000000 0.000000 0.000000 0.000000 0.000000 0.000000 0.000000 0.000000 0.000000 0.000000 0.000000 0.000000 0.000000 0.000000 0.000000 0.000000 0.000000
0 0.886109 0.760739 0.227781 0.478521 0.000000 0.000000 0.000000 0.000000 0.000000 0.000000 0.000000 0.000000 0.000000 0.785937 0.795775 2.000000 0.000000 0.000000 0.000000 0.000000 0.000000 0.000000 0.000000 0.000000 0.000000 0.000000 0.000000 0.000000 0.000000 0.000000 0.000000 0.000000 0.000000 0.000000 0.000000 0.000000 0.000000 0.000000 0.000000 0.000000 0.000000 0.000000 0.000000 0.000000 0.000000 0.000000 0.000000 0.000000 0.000000 0.000000 0.000000 0.000000 0.000000 0.000000 0.000000
0 0.461273 0.258251 0.094672 0.234765 0.000000 0.000000 0.000000 0.000000 0.000000 0.000000 0.000000 0.000000 0.000000 0.443750 0.183099 2.000000 0.000000 0.000000 0.000000 0.475000 0.248826 2.000000 0.000000 0.000000 0.000000 0.000000 0.000000 0.000000 0.000000 0.000000 0.000000 0.000000 0.000000 0.000000 0.000000 0.000000 0.000000 0.000000 0.000000 0.000000 0.000000 0.000000 0.000000 0.000000 0.000000 0.000000 0.000000 0.000000 0.000000 0.000000 0.000000 0.000000 0.000000 0.000000 0.000000
0 0.083453 0.645986 0.164531 0.503756 0.076563 0.537559 2.000000 0.000000 0.000000 0.000000 0.050000 0.514085 2.000000 0.000000 0.000000 0.000000 0.004687 0.537559 2.000000 0.081250 0.650235 1.000000 0.014063 0.697183 1.000000 0.157812 0.739437 2.000000 0.000000 0.000000 0.000000 0.100000 0.816901 2.000000 0.110937 0.791080 2.000000 0.082812 0.992958 1.000000 0.000000 0.000000 0.000000 0.000000 0.000000 0.000000 0.000000 0.000000 0.000000 0.000000 0.000000 0.000000 0.000000 0.000000 0.000000
