0 0.585805 0.783148 0.399902 0.411234 0.726829 0.668750 2.000000 0.000000 0.000000 0.000000 0.700000 0.653125 2.000000 0.000000 0.000000 0.000000 0.612195 0.662500 2.000000 0.658537 0.735938 2.000000 0.526829 0.760938 2.000000 0.000000 0.000000 0.000000 0.460976 0.939063 2.000000 0.000000 0.000000 0.000000 0.000000 0.000000 0.000000 0.000000 0.000000 0.000000 0.000000 0.000000 0.000000 0.000000 0.000000 0.000000 0.000000 0.000000 0.000000 0.000000 0.000000 0.000000 0.000000 0.000000 0.000000
0 0.494183 0.468672 0.280024 0.458125 0.463415 0.304688 2.000000 0.487805 0.293750 2.000000 0.460976 0.293750 2.000000 0.536585 0.309375 2.000000 0.000000 0.000000 0.000000 0.580488 0.376563 2.000000 0.451220 0.367188 2.000000 0.568293 0.481250 2.000000 0.448780 0.448437 2.000000 0.446341 0.520312 2.000000 0.409756 0.471875 2.000000 0.529268 0.556250 2.000000 0.482927 0.557813 1.000000 0.000000 0.000000 0.000000 0.000000 0.000000 0.000000 0.000000 0.000000 0.000000 0.000000 0.000000 0.000000
0 0.164366 0.524531 0.274341 0.700500 0.258537 0.242188 2.000000 0.000000 0.000000 0.000000 0.246341 0.229687 2.000000 0.000000 0.000000 0.000000 0.202439 0.240625 2.000000 0.114634 0.295312 2.000000 0.231707 0.326562 2.000000 0.000000 0.000000 0.000000 0.236585 0.426563 2.000000 0.000000 0.000000 0.000000 0.236585 0.525000 2.000000 0.107317 0.496875 2.000000 0.214634 0.515625 2.000000 0.160976 0.657813 1.000000 0.136585 0.653125 2.000000 0.156098 0.796875 2.000000 0.080488 0.825000 2.000000
0 0.323268 0.262516 0.228683 0.402969 0.000000 0.000000 0.000000 0.000000 0.000000 0.000000 0.000000 0.000000 0.000000 0.302439 0.092188 2.000000 0.356098 0.092188 2.000000 0.273171 0.129688 2.000000 0.395122 0.135937 2.000000 0.236585 0.182812 1.000000 0.400000 0.200000 2.000000 0.000000 0.000000 0.000000 0.000000 0.000000 0.000000 0.290244 0.212500 2.000000 0.356098 0.215625 2.000000 0.285366 0.342187 1.000000 0.339024 0.345313 2.000000 0.297561 0.437500 1.000000 0.324390 0.434375 2.000000
0 0.866427 0.741570 0.259585 0.507859 0.963415 0.581250 2.000000 0.975610 0.565625 2.000000 0.926829 0.571875 2.000000 0.000000 0.000000 0.000000 0.882927 0.584375 2.000000 0.000000 0.000000 0.000000 0.807317 0.703125 2.000000 0.000000 0.000000 0.000000 0.870732 0.851562 2.000000 0.000000 0.000000 0.000000 0.000000 0.000000 0.000000 0.000000 0.000000 0.000000 0.909756 0.943750 2.000000 0.000000 0.000000 0.000000 0.000000 0.000000 0.000000 0.000000 0.000000 0.000000 0.000000 0.000000 0.000000
0 0.748927 0.549438 0.270098 0.564031 0.717073 0.370312 2.000000 0.739024 0.353125 2.000000 0.692683 0.356250 2.000000 0.782927 0.348438 2.000000 0.000000 0.000000 0.000000 0.873171 0.426563 2.000000 0.651220 0.443750 2.000000 0.000000 0.000000 0.000000 0.617073 0.539062 1.000000 0.000000 0.000000 0.000000 0.643902 0.543750 2.000000 0.824390 0.642188 2.000000 0.687805 0.640625 1.000000 0.848780 0.810937 1.000000 0.660976 0.809375 1.000000 0.000000 0.000000 0.000000 0.000000 0.000000 0.000000
0 0.943037 0.379266 0.113927 0.254094 0.975610 0.337500 2.000000 0.990244 0.320312 2.000000 0.960976 0.323437 2.000000 0.000000 0.000000 0.000000 0.941463 0.325000 1.000000 0.985366 0.392188 2.000000 0.912195 0.387500 1.000000 0.000000 0.000000 0.000000 0.000000 0.000000 0.000000 0.000000 0.000000 0.000000 0.000000 0.000000 0.000000 0.000000 0.000000 0.000000 0.000000 0.000000 0.000000 0.000000 0.000000 0.000000 0.000000 0.000000 0.000000 0.000000 0.000000 0.000000 0.000000 0.000000 0.000000
0 0.544634 0.325953 0.282488 0.243781 0.000000 0.000000 0.000000 0.000000 0.000000 0.000000 0.000000 0.000000 0.000000 0.526829 0.239063 2.000000 0.614634 0.245312 2.000000 0.482927 0.292187 1.000000 0.636585 0.312500 2.000000 0.439024 0.375000 1.000000 0.648780 0.415625 2.000000 0.000000 0.000000 0.000000 0.000000 0.000000 0.000000 0.000000 0.000000 0.000000 0.000000 0.000000 0.000000 0.000000 0.000000 0.000000 0.000000 0.000000 0.000000 0.000000 0.000000 0.000000 0.000000 0.000000 0.000000
0 0.818329 0.171180 0.132854 0.154547 0.000000 0.000000 0.000000 0.000000 0.000000 0.000000 0.000000 0.000000 0.000000 0.000000 0.000000 0.000000 0.000000 0.000000 0.000000 0.765854 0.164062 1.000000 0.856098 0.160938 1.000000 0.000000 0.000000 0.000000 0.000000 0.000000 0.000000 0.000000 0.000000 0.000000 0.000000 0.000000 0.000000 0.000000 0.000000 0.000000 0.000000 0.000000 0.000000 0.000000 0.000000 0.000000 0.000000 0.000000 0.000000 0.000000 0.000000 0.000000 0.000000 0.000000 0.000000
0 0.755927 0.266297 0.228000 0.276406 0.000000 0.000000 0.000000 0.000000 0.000000 0.000000 0.000000 0.000000 0.000000 0.721951 0.164062 2.000000 0.000000 0.000000 0.000000 0.685366 0.214062 2.000000 0.817073 0.204687 1.000000 0.658537 0.270313 2.000000 0.829268 0.267188 2.000000 0.000000 0.000000 0.000000 0.000000 0.000000 0.000000 0.704878 0.331250 1.000000 0.812195 0.332813 2.000000 0.000000 0.000000 0.000000 0.000000 0.000000 0.000000 0.000000 0.000000 0.000000 0.000000 0.000000 0.000000
0 0.893805 0.216609 0.109707 0.212750 0.865854 0.148438 2.000000 0.875610 0.140625 2.000000 0.000000 0.000000 0.000000 0.912195 0.145313 2.000000 0.000000 0.000000 0.000000 0.929268 0.192188 1.000000 0.885366 0.185938 2.000000 0.890244 0.254688 1.000000 0.000000 0.000000 0.000000 0.843902 0.275000 2.000000 0.856098 0.256250 2.000000 0.900000 0.328125 1.000000 0.863415 0.314063 2.000000 0.000000 0.000000 0.000000 0.000000 0.000000 0.000000 0.000000 0.000000 0.000000 0.000000 0.000000 0.000000
0 0.972988 0.177922 0.054024 0.119438 0.968293 0.175000 2.000000 0.987805 0.165625 2.000000 0.960976 0.165625 2.000000 0.000000 0.000000 0.000000 0.000000 0.000000 0.000000 0.000000 0.000000 0.000000 0.000000 0.000000 0.000000 0.000000 0.000000 0.000000 0.000000 0.000000 0.000000 0.000000 0.000000 0.000000 0.000000 0.000000 0.000000 0.000000 0.000000 0.000000 0.000000 0.000000 0.000000 0.000000 0.000000 0.000000 0.000000 0.000000 0.000000 0.000000 0.000000 0.000000 0.000000 0.000000 0.000000
0 0.929012 0.226383 0.115537 0.152953 0.912195 0.193750 2.000000 0.914634 0.185938 2.000000 0.000000 0.000000 0.000000 0.934146 0.190625 2.000000 0.000000 0.000000 0.000000 0.931707 0.223438 2.000000 0.982927 0.214062 1.000000 0.882927 0.293750 2.000000 0.000000 0.000000 0.000000 0.000000 0.000000 0.000000 0.000000 0.000000 0.000000 0.000000 0.000000 0.000000 0.000000 0.000000 0.000000 0.000000 0.000000 0.000000 0.000000 0.000000 0.000000 0.000000 0.000000 0.000000 0.000000 0.000000 0.000000
