0 0.815445 0.495468 0.078672 0.238103 0.810937 0.405152 2.000000 0.815625 0.402810 2.000000 0.810937 0.398126 2.000000 0.826562 0.407494 2.000000 0.000000 0.000000 0.000000 0.828125 0.426230 2.000000 0.806250 0.428571 2.000000 0.846875 0.454333 2.000000 0.782813 0.440281 1.000000 0.829688 0.468384 2.000000 0.798438 0.426230 2.000000 0.828125 0.501171 2.000000 0.804688 0.501171 2.000000 0.000000 0.000000 0.000000 0.000000 0.000000 0.000000 0.000000 0.000000 0.000000 0.000000 0.000000 0.000000
0 0.851695 0.385667 0.054297 0.124169 0.834375 0.348946 2.000000 0.840625 0.346604 2.000000 0.832812 0.344262 2.000000 0.846875 0.353630 2.000000 0.000000 0.000000 0.000000 0.860938 0.381733 2.000000 0.832812 0.374707 2.000000 0.000000 0.000000 0.000000 0.000000 0.000000 0.000000 0.000000 0.000000 0.000000 0.000000 0.000000 0.000000 0.000000 0.000000 0.000000 0.000000 0.000000 0.000000 0.000000 0.000000 0.000000 0.000000 0.000000 0.000000 0.000000 0.000000 0.000000 0.000000 0.000000 0.000000
0 0.765336 0.374637 0.068234 0.148244 0.759375 0.327869 2.000000 0.760938 0.318501 2.000000 0.757812 0.320843 2.000000 0.767188 0.316159 2.000000 0.753125 0.316159 1.000000 0.773438 0.348946 2.000000 0.745313 0.351288 2.000000 0.795312 0.386417 2.000000 0.745313 0.388759 2.000000 0.773438 0.400468 2.000000 0.751563 0.419204 2.000000 0.770312 0.386417 2.000000 0.754687 0.386417 2.000000 0.000000 0.000000 0.000000 0.000000 0.000000 0.000000 0.000000 0.000000 0.000000 0.000000 0.000000 0.000000
0 0.470484 0.513888 0.179719 0.459016 0.456250 0.346604 2.000000 0.000000 0.000000 0.000000 0.451562 0.337237 2.000000 0.000000 0.000000 0.000000 0.434375 0.339578 2.000000 0.445312 0.398126 2.000000 0.423438 0.398126 2.000000 0.471875 0.433255 2.000000 0.429688 0.435597 2.000000 0.528125 0.444965 2.000000 0.495312 0.451991 2.000000 0.456250 0.533958 2.000000 0.431250 0.531616 2.000000 0.000000 0.000000 0.000000 0.467187 0.576112 2.000000 0.000000 0.000000 0.000000 0.493750 0.679157 2.000000
0 0.654687 0.445199 0.081250 0.271663 0.642188 0.332553 2.000000 0.646875 0.327869 2.000000 0.640625 0.327869 2.000000 0.657813 0.330211 2.000000 0.000000 0.000000 0.000000 0.667188 0.353630 2.000000 0.632812 0.348946 1.000000 0.684375 0.402810 2.000000 0.629687 0.384075 2.000000 0.660937 0.430913 2.000000 0.629687 0.407494 1.000000 0.653125 0.466042 2.000000 0.634375 0.463700 2.000000 0.653125 0.533958 2.000000 0.634375 0.531616 1.000000 0.653125 0.597190 1.000000 0.637500 0.597190 1.000000
0 0.049094 0.433220 0.098188 0.091593 0.059375 0.414520 2.000000 0.067187 0.409836 2.000000 0.060937 0.409836 2.000000 0.075000 0.412178 2.000000 0.000000 0.000000 0.000000 0.078125 0.423888 2.000000 0.056250 0.428571 2.000000 0.093750 0.430913 2.000000 0.048438 0.435597 2.000000 0.078125 0.433255 2.000000 0.040625 0.433255 2.000000 0.071875 0.477752 1.000000 0.056250 0.477752 1.000000 0.068750 0.512881 1.000000 0.056250 0.512881 1.000000 0.000000 0.000000 0.000000 0.000000 0.000000 0.000000
0 0.707336 0.380995 0.043516 0.133419 0.000000 0.000000 0.000000 0.000000 0.000000 0.000000 0.000000 0.000000 0.000000 0.714063 0.339578 2.000000 0.000000 0.000000 0.000000 0.726562 0.370023 1.000000 0.690625 0.370023 2.000000 0.000000 0.000000 0.000000 0.000000 0.000000 0.000000 0.000000 0.000000 0.000000 0.000000 0.000000 0.000000 0.720313 0.437939 2.000000 0.698438 0.437939 2.000000 0.000000 0.000000 0.000000 0.000000 0.000000 0.000000 0.000000 0.000000 0.000000 0.000000 0.000000 0.000000
0 0.913633 0.483103 0.078141 0.324333 0.906250 0.351288 2.000000 0.909375 0.346604 2.000000 0.901563 0.346604 2.000000 0.917188 0.351288 2.000000 0.896875 0.348946 1.000000 0.929688 0.381733 2.000000 0.889062 0.381733 2.000000 0.939063 0.433255 2.000000 0.878125 0.426230 1.000000 0.921875 0.428571 2.000000 0.903125 0.426230 2.000000 0.917188 0.466042 2.000000 0.895312 0.468384 2.000000 0.000000 0.000000 0.000000 0.000000 0.000000 0.000000 0.000000 0.000000 0.000000 0.000000 0.000000 0.000000
0 0.302789 0.378033 0.051547 0.116393 0.300000 0.351288 2.000000 0.306250 0.346604 2.000000 0.296875 0.346604 2.000000 0.312500 0.353630 2.000000 0.293750 0.351288 2.000000 0.320312 0.377049 2.000000 0.285938 0.377049 2.000000 0.314063 0.409836 2.000000 0.281250 0.421546 2.000000 0.293750 0.384075 2.000000 0.287500 0.391101 2.000000 0.307812 0.430913 2.000000 0.289062 0.428571 2.000000 0.000000 0.000000 0.000000 0.000000 0.000000 0.000000 0.000000 0.000000 0.000000 0.000000 0.000000 0.000000
0 0.587828 0.354133 0.069656 0.187518 0.000000 0.000000 0.000000 0.000000 0.000000 0.000000 0.000000 0.000000 0.000000 0.000000 0.000000 0.000000 0.000000 0.000000 0.000000 0.604688 0.346604 2.000000 0.604688 0.344262 2.000000 0.593750 0.372365 2.000000 0.590625 0.360656 2.000000 0.579688 0.367681 2.000000 0.570312 0.355972 2.000000 0.598437 0.402810 2.000000 0.598437 0.400468 2.000000 0.000000 0.000000 0.000000 0.000000 0.000000 0.000000 0.000000 0.000000 0.000000 0.000000 0.000000 0.000000
0 0.978820 0.480152 0.042359 0.319368 0.990625 0.344262 2.000000 0.992188 0.337237 2.000000 0.985938 0.339578 2.000000 0.000000 0.000000 0.000000 0.000000 0.000000 0.000000 0.000000 0.000000 0.000000 0.976562 0.377049 2.000000 0.000000 0.000000 0.000000 0.968750 0.419204 2.000000 0.996875 0.433255 2.000000 0.975000 0.426230 2.000000 0.996875 0.470726 2.000000 0.976562 0.470726 2.000000 0.992188 0.536300 2.000000 0.978125 0.536300 2.000000 0.990625 0.606557 2.000000 0.976562 0.601874 2.000000
