0 0.433411 0.491539 0.591383 0.916484 0.000000 0.000000 0.000000 0.000000 0.000000 0.000000 0.000000 0.000000 0.000000 0.000000 0.000000 0.000000 0.385047 0.195312 2.000000 0.282243 0.271875 2.000000 0.439252 0.262500 2.000000 0.216822 0.207813 2.000000 0.482243 0.171875 2.000000 0.198131 0.110937 2.000000 0.422430 0.079687 2.000000 0.403738 0.489063 2.000000 0.514019 0.493750 2.000000 0.299065 0.646875 2.000000 0.564486 0.692187 2.000000 0.179439 0.792188 2.000000 0.616822 0.840625 2.000000
0 0.761561 0.169672 0.231009 0.339344 0.000000 0.000000 0.000000 0.000000 0.000000 0.000000 0.000000 0.000000 0.000000 0.000000 0.000000 0.000000 0.000000 0.000000 0.000000 0.831776 0.009375 2.000000 0.751402 0.004687 2.000000 0.854206 0.076563 2.000000 0.727103 0.059375 2.000000 0.794393 0.109375 2.000000 0.732710 0.101562 2.000000 0.803738 0.142187 2.000000 0.743925 0.135937 2.000000 0.792523 0.220312 2.000000 0.728972 0.214062 2.000000 0.777570 0.318750 2.000000 0.714019 0.307812 2.000000
0 0.908776 0.043844 0.075196 0.087688 0.000000 0.000000 0.000000 0.000000 0.000000 0.000000 0.000000 0.000000 0.000000 0.000000 0.000000 0.000000 0.000000 0.000000 0.000000 0.000000 0.000000 0.000000 0.000000 0.000000 0.000000 0.893458 0.028125 2.000000 0.000000 0.000000 0.000000 0.867290 0.062500 1.000000 0.000000 0.000000 0.000000 0.906542 0.081250 2.000000 0.934579 0.081250 2.000000 0.000000 0.000000 0.000000 0.000000 0.000000 0.000000 0.000000 0.000000 0.000000 0.000000 0.000000 0.000000
0 0.439234 0.050547 0.134617 0.100250 0.000000 0.000000 0.000000 0.000000 0.000000 0.000000 0.000000 0.000000 0.000000 0.000000 0.000000 0.000000 0.000000 0.000000 0.000000 0.478505 0.029687 2.000000 0.000000 0.000000 0.000000 0.457944 0.079687 2.000000 0.000000 0.000000 0.000000 0.422430 0.025000 2.000000 0.000000 0.000000 0.000000 0.000000 0.000000 0.000000 0.000000 0.000000 0.000000 0.000000 0.000000 0.000000 0.000000 0.000000 0.000000 0.000000 0.000000 0.000000 0.000000 0.000000 0.000000
0 0.295009 0.074156 0.096897 0.148313 0.000000 0.000000 0.000000 0.000000 0.000000 0.000000 0.000000 0.000000 0.000000 0.000000 0.000000 0.000000 0.000000 0.000000 0.000000 0.000000 0.000000 0.000000 0.000000 0.000000 0.000000 0.000000 0.000000 0.000000 0.000000 0.000000 0.000000 0.000000 0.000000 0.000000 0.000000 0.000000 0.000000 0.000000 0.000000 0.000000 0.000000 0.000000 0.000000 0.351402 0.056250 1.000000 0.287850 0.059375 2.000000 0.000000 0.000000 0.000000 0.269159 0.134375 2.000000
0 0.072916 0.081812 0.061121 0.163219 0.000000 0.000000 0.000000 0.000000 0.000000 0.000000 0.000000 0.000000 0.000000 0.000000 0.000000 0.000000 0.000000 0.000000 0.000000 0.000000 0.000000 0.000000 0.000000 0.000000 0.000000 0.000000 0.000000 0.000000 0.000000 0.000000 0.000000 0.000000 0.000000 0.000000 0.095327 0.035937 2.000000 0.063551 0.020313 1.000000 0.000000 0.000000 0.000000 0.061682 0.098437 2.000000 0.000000 0.000000 0.000000 0.054206 0.160938 1.000000 0.000000 0.000000 0.000000
0 0.047907 0.081883 0.095813 0.158828 0.000000 0.000000 0.000000 0.000000 0.000000 0.000000 0.000000 0.000000 0.000000 0.000000 0.000000 0.000000 0.000000 0.000000 0.000000 0.000000 0.000000 0.000000 0.000000 0.000000 0.000000 0.000000 0.000000 0.000000 0.000000 0.000000 0.000000 0.000000 0.000000 0.000000 0.067290 0.023438 2.000000 0.009346 0.037500 2.000000 0.042991 0.039062 2.000000 0.003738 0.129688 2.000000 0.037383 0.123438 2.000000 0.001869 0.196875 1.000000 0.041121 0.201563 1.000000
0 0.349467 0.071242 0.102150 0.112359 0.000000 0.000000 0.000000 0.000000 0.000000 0.000000 0.355140 0.043750 2.000000 0.000000 0.000000 0.000000 0.340187 0.045312 2.000000 0.386916 0.090625 1.000000 0.317757 0.095312 2.000000 0.386916 0.143750 1.000000 0.000000 0.000000 0.000000 0.349533 0.112500 2.000000 0.000000 0.000000 0.000000 0.000000 0.000000 0.000000 0.000000 0.000000 0.000000 0.000000 0.000000 0.000000 0.000000 0.000000 0.000000 0.000000 0.000000 0.000000 0.000000 0.000000 0.000000
0 0.639822 0.134125 0.144280 0.268250 0.000000 0.000000 0.000000 0.000000 0.000000 0.000000 0.000000 0.000000 0.000000 0.000000 0.000000 0.000000 0.000000 0.000000 0.000000 0.678505 0.003125 2.000000 0.601869 0.004687 2.000000 0.695327 0.050000 2.000000 0.581308 0.035937 2.000000 0.685981 0.104688 2.000000 0.601869 0.071875 2.000000 0.665421 0.100000 2.000000 0.616822 0.096875 2.000000 0.654206 0.175000 2.000000 0.605607 0.154688 1.000000 0.661682 0.229687 2.000000 0.613084 0.210938 1.000000
0 0.172935 0.088281 0.199215 0.176563 0.000000 0.000000 0.000000 0.000000 0.000000 0.000000 0.000000 0.000000 0.000000 0.000000 0.000000 0.000000 0.000000 0.000000 0.000000 0.209346 0.026562 2.000000 0.132710 0.025000 2.000000 0.207477 0.085938 1.000000 0.136449 0.079687 2.000000 0.207477 0.139063 1.000000 0.168224 0.026562 2.000000 0.186916 0.146875 1.000000 0.128972 0.145313 2.000000 0.196262 0.243750 1.000000 0.132710 0.242188 1.000000 0.000000 0.000000 0.000000 0.000000 0.000000 0.000000
