0 0.246633 0.711241 0.217391 0.573021 0.260937 0.536300 2.000000 0.264062 0.505855 2.000000 0.235937 0.519906 2.000000 0.000000 0.000000 0.000000 0.200000 0.545667 2.000000 0.254688 0.611241 2.000000 0.217188 0.662763 2.000000 0.000000 0.000000 0.000000 0.207813 0.861827 2.000000 0.000000 0.000000 0.000000 0.295312 0.850117 2.000000 0.229687 0.939110 2.000000 0.190625 0.976581 2.000000 0.000000 0.000000 0.000000 0.000000 0.000000 0.000000 0.000000 0.000000 0.000000 0.000000 0.000000 0.000000
0 0.346344 0.544567 0.128937 0.379766 0.343750 0.459016 2.000000 0.354687 0.437939 2.000000 0.328125 0.444965 2.000000 0.375000 0.435597 2.000000 0.307812 0.461358 2.000000 0.371875 0.515222 2.000000 0.312500 0.562061 2.000000 0.000000 0.000000 0.000000 0.281250 0.716628 1.000000 0.000000 0.000000 0.000000 0.348438 0.709602 2.000000 0.000000 0.000000 0.000000 0.000000 0.000000 0.000000 0.000000 0.000000 0.000000 0.000000 0.000000 0.000000 0.000000 0.000000 0.000000 0.000000 0.000000 0.000000
0 0.399984 0.457822 0.072031 0.274941 0.410938 0.384075 2.000000 0.417187 0.372365 2.000000 0.400000 0.374707 2.000000 0.000000 0.000000 0.000000 0.376563 0.388759 2.000000 0.404687 0.466042 2.000000 0.373437 0.487119 1.000000 0.000000 0.000000 0.000000 0.000000 0.000000 0.000000 0.000000 0.000000 0.000000 0.000000 0.000000 0.000000 0.000000 0.000000 0.000000 0.000000 0.000000 0.000000 0.000000 0.000000 0.000000 0.000000 0.000000 0.000000 0.000000 0.000000 0.000000 0.000000 0.000000 0.000000
0 0.967781 0.513478 0.064438 0.550562 0.000000 0.000000 0.000000 0.000000 0.000000 0.000000 0.000000 0.000000 0.000000 0.000000 0.000000 0.000000 0.000000 0.000000 0.000000 0.000000 0.000000 0.000000 0.987500 0.274005 2.000000 0.000000 0.000000 0.000000 0.954688 0.421546 2.000000 0.000000 0.000000 0.000000 0.943750 0.548009 2.000000 0.000000 0.000000 0.000000 0.000000 0.000000 0.000000 0.000000 0.000000 0.000000 0.000000 0.000000 0.000000 0.000000 0.000000 0.000000 0.000000 0.000000 0.000000
0 0.770453 0.331124 0.189250 0.383466 0.673438 0.215457 1.000000 0.681250 0.196721 2.000000 0.000000 0.000000 0.000000 0.698438 0.201405 2.000000 0.000000 0.000000 0.000000 0.729688 0.264637 2.000000 0.737500 0.252927 2.000000 0.706250 0.377049 1.000000 0.000000 0.000000 0.000000 0.000000 0.000000 0.000000 0.000000 0.000000 0.000000 0.829688 0.416862 2.000000 0.837500 0.400468 2.000000 0.787500 0.580796 1.000000 0.837500 0.583138 1.000000 0.000000 0.000000 0.000000 0.000000 0.000000 0.000000
0 0.787133 0.616850 0.149922 0.564052 0.739062 0.447307 2.000000 0.754687 0.423888 2.000000 0.731250 0.428571 2.000000 0.792188 0.428571 2.000000 0.000000 0.000000 0.000000 0.817187 0.529274 2.000000 0.800000 0.515222 2.000000 0.782813 0.725995 2.000000 0.767188 0.662763 2.000000 0.718750 0.761124 1.000000 0.714063 0.742389 1.000000 0.814063 0.807963 2.000000 0.800000 0.782201 2.000000 0.000000 0.000000 0.000000 0.000000 0.000000 0.000000 0.000000 0.000000 0.000000 0.000000 0.000000 0.000000
0 0.681281 0.502201 0.153562 0.426370 0.679688 0.381733 2.000000 0.693750 0.365340 2.000000 0.676562 0.360656 2.000000 0.718750 0.377049 2.000000 0.000000 0.000000 0.000000 0.735938 0.484778 1.000000 0.695312 0.447307 2.000000 0.725000 0.641686 2.000000 0.000000 0.000000 0.000000 0.643750 0.569087 2.000000 0.000000 0.000000 0.000000 0.735938 0.707260 1.000000 0.701562 0.669789 1.000000 0.000000 0.000000 0.000000 0.000000 0.000000 0.000000 0.000000 0.000000 0.000000 0.000000 0.000000 0.000000
0 0.659406 0.404450 0.054969 0.220000 0.653125 0.370023 2.000000 0.665625 0.353630 2.000000 0.646875 0.355972 2.000000 0.685937 0.360656 1.000000 0.000000 0.000000 0.000000 0.698438 0.447307 1.000000 0.671875 0.447307 2.000000 0.681250 0.538642 1.000000 0.000000 0.000000 0.000000 0.623437 0.512881 1.000000 0.000000 0.000000 0.000000 0.000000 0.000000 0.000000 0.000000 0.000000 0.000000 0.000000 0.000000 0.000000 0.000000 0.000000 0.000000 0.000000 0.000000 0.000000 0.000000 0.000000 0.000000
0 0.428023 0.380363 0.084797 0.230422 0.440625 0.316159 2.000000 0.439063 0.306792 2.000000 0.431250 0.309133 2.000000 0.000000 0.000000 0.000000 0.409375 0.323185 1.000000 0.000000 0.000000 0.000000 0.393750 0.372365 1.000000 0.000000 0.000000 0.000000 0.428125 0.449649 1.000000 0.000000 0.000000 0.000000 0.467187 0.421546 1.000000 0.000000 0.000000 0.000000 0.000000 0.000000 0.000000 0.000000 0.000000 0.000000 0.000000 0.000000 0.000000 0.000000 0.000000 0.000000 0.000000 0.000000 0.000000
0 0.488406 0.333595 0.082063 0.162834 0.000000 0.000000 0.000000 0.000000 0.000000 0.000000 0.000000 0.000000 0.000000 0.000000 0.000000 0.000000 0.479687 0.290398 2.000000 0.471875 0.323185 2.000000 0.459375 0.332553 2.000000 0.500000 0.351288 2.000000 0.460938 0.423888 1.000000 0.528125 0.351288 2.000000 0.000000 0.000000 0.000000 0.475000 0.433255 1.000000 0.462500 0.437939 1.000000 0.000000 0.000000 0.000000 0.000000 0.000000 0.000000 0.000000 0.000000 0.000000 0.000000 0.000000 0.000000
