0 0.407490 0.512359 0.425479 0.575281 0.508333 0.271875 2.000000 0.000000 0.000000 0.000000 0.493750 0.262500 2.000000 0.000000 0.000000 0.000000 0.460417 0.278125 2.000000 0.443750 0.335938 2.000000 0.404167 0.343750 2.000000 0.470833 0.420312 2.000000 0.412500 0.446875 2.000000 0.539583 0.439063 2.000000 0.500000 0.489063 2.000000 0.308333 0.462500 2.000000 0.245833 0.468750 2.000000 0.418750 0.579688 2.000000 0.289583 0.603125 2.000000 0.441667 0.712500 2.000000 0.245833 0.748437 2.000000
0 0.280812 0.238883 0.150792 0.128453 0.302083 0.206250 2.000000 0.304167 0.198437 2.000000 0.289583 0.198437 2.000000 0.000000 0.000000 0.000000 0.262500 0.203125 2.000000 0.329167 0.226562 2.000000 0.237500 0.229687 2.000000 0.343750 0.273438 2.000000 0.243750 0.278125 2.000000 0.268750 0.270313 2.000000 0.304167 0.265625 2.000000 0.337500 0.317188 1.000000 0.262500 0.318750 1.000000 0.000000 0.000000 0.000000 0.000000 0.000000 0.000000 0.000000 0.000000 0.000000 0.000000 0.000000 0.000000
0 0.246198 0.164141 0.137937 0.139562 0.245833 0.126562 2.000000 0.250000 0.120313 2.000000 0.235417 0.121875 2.000000 0.000000 0.000000 0.000000 0.212500 0.128125 2.000000 0.256250 0.150000 2.000000 0.197917 0.164062 2.000000 0.306250 0.189062 1.000000 0.239583 0.201563 2.000000 0.266667 0.154688 2.000000 0.291667 0.195312 1.000000 0.279167 0.228125 1.000000 0.235417 0.237500 1.000000 0.000000 0.000000 0.000000 0.000000 0.000000 0.000000 0.000000 0.000000 0.000000 0.000000 0.000000 0.000000
0 0.193073 0.116617 0.084062 0.116953 0.227083 0.087500 2.000000 0.229167 0.081250 2.000000 0.216667 0.082812 2.000000 0.000000 0.000000 0.000000 0.189583 0.085938 2.000000 0.245833 0.112500 1.000000 0.170833 0.120313 2.000000 0.000000 0.000000 0.000000 0.200000 0.165625 1.000000 0.000000 0.000000 0.000000 0.000000 0.000000 0.000000 0.256250 0.181250 1.000000 0.210417 0.190625 1.000000 0.000000 0.000000 0.000000 0.000000 0.000000 0.000000 0.000000 0.000000 0.000000 0.000000 0.000000 0.000000
0 0.739000 0.095883 0.140375 0.189328 0.739583 0.034375 2.000000 0.743750 0.028125 2.000000 0.729167 0.029687 2.000000 0.000000 0.000000 0.000000 0.706250 0.034375 2.000000 0.770833 0.064062 2.000000 0.689583 0.071875 2.000000 0.795833 0.106250 2.000000 0.700000 0.120313 2.000000 0.727083 0.100000 2.000000 0.766667 0.100000 2.000000 0.775000 0.142187 2.000000 0.714583 0.146875 2.000000 0.814583 0.170313 1.000000 0.764583 0.185938 1.000000 0.000000 0.000000 0.000000 0.000000 0.000000 0.000000
0 0.863875 0.083742 0.128000 0.124203 0.841667 0.050000 2.000000 0.845833 0.042188 2.000000 0.829167 0.046875 2.000000 0.000000 0.000000 0.000000 0.814583 0.056250 2.000000 0.877083 0.071875 2.000000 0.810417 0.079687 2.000000 0.902083 0.098437 2.000000 0.833333 0.120313 2.000000 0.879167 0.107813 2.000000 0.883333 0.114062 2.000000 0.891667 0.128125 2.000000 0.856250 0.139063 2.000000 0.935417 0.114062 1.000000 0.908333 0.131250 2.000000 0.000000 0.000000 0.000000 0.000000 0.000000 0.000000
0 0.808688 0.200477 0.121917 0.192891 0.806250 0.139063 2.000000 0.812500 0.131250 2.000000 0.793750 0.132812 2.000000 0.822917 0.134375 2.000000 0.781250 0.139063 2.000000 0.852083 0.154688 2.000000 0.756250 0.165625 2.000000 0.856250 0.201563 2.000000 0.760417 0.207813 2.000000 0.829167 0.221875 2.000000 0.800000 0.237500 1.000000 0.839583 0.218750 2.000000 0.781250 0.223438 2.000000 0.856250 0.221875 1.000000 0.752083 0.229687 2.000000 0.835417 0.289062 1.000000 0.787500 0.292187 1.000000
0 0.169813 0.257523 0.137000 0.163641 0.156250 0.210938 2.000000 0.164583 0.203125 2.000000 0.145833 0.204687 2.000000 0.175000 0.210938 2.000000 0.131250 0.210938 2.000000 0.191667 0.248438 2.000000 0.112500 0.246875 2.000000 0.210417 0.290625 2.000000 0.150000 0.296875 2.000000 0.189583 0.246875 2.000000 0.181250 0.295312 2.000000 0.187500 0.334375 2.000000 0.131250 0.334375 2.000000 0.000000 0.000000 0.000000 0.000000 0.000000 0.000000 0.000000 0.000000 0.000000 0.000000 0.000000 0.000000
0 0.944250 0.055687 0.111500 0.110656 0.000000 0.000000 0.000000 0.000000 0.000000 0.000000 0.000000 0.000000 0.000000 0.000000 0.000000 0.000000 0.925000 0.000000 1.000000 0.991667 0.026562 2.000000 0.906250 0.034375 2.000000 0.000000 0.000000 0.000000 0.906250 0.073438 2.000000 0.000000 0.000000 0.000000 0.935417 0.093750 2.000000 0.985417 0.092188 2.000000 0.927083 0.098437 2.000000 0.000000 0.000000 0.000000 0.952083 0.115625 1.000000 0.000000 0.000000 0.000000 0.000000 0.000000 0.000000
0 0.956938 0.194297 0.086125 0.134438 0.970833 0.151562 2.000000 0.975000 0.146875 2.000000 0.958333 0.148438 2.000000 0.000000 0.000000 0.000000 0.937500 0.159375 2.000000 0.000000 0.000000 0.000000 0.922917 0.195312 2.000000 0.000000 0.000000 0.000000 0.000000 0.000000 0.000000 0.000000 0.000000 0.000000 0.000000 0.000000 0.000000 0.000000 0.000000 0.000000 0.000000 0.000000 0.000000 0.000000 0.000000 0.000000 0.000000 0.000000 0.000000 0.000000 0.000000 0.000000 0.000000 0.000000 0.000000
0 0.891990 0.251648 0.158354 0.154391 0.897917 0.220312 2.000000 0.906250 0.210938 2.000000 0.887500 0.212500 2.000000 0.000000 0.000000 0.000000 0.866667 0.212500 2.000000 0.927083 0.231250 2.000000 0.850000 0.239063 2.000000 0.000000 0.000000 0.000000 0.833333 0.290625 2.000000 0.000000 0.000000 0.000000 0.000000 0.000000 0.000000 0.935417 0.310937 1.000000 0.881250 0.317188 1.000000 0.000000 0.000000 0.000000 0.000000 0.000000 0.000000 0.000000 0.000000 0.000000 0.000000 0.000000 0.000000
0 0.086208 0.161430 0.135583 0.251766 0.112500 0.068750 2.000000 0.000000 0.000000 0.000000 0.108333 0.062500 2.000000 0.000000 0.000000 0.000000 0.077083 0.065625 2.000000 0.118750 0.096875 2.000000 0.041667 0.100000 2.000000 0.139583 0.132812 2.000000 0.031250 0.139063 2.000000 0.110417 0.159375 1.000000 0.095833 0.164062 2.000000 0.129167 0.157812 1.000000 0.064583 0.160938 2.000000 0.131250 0.175000 1.000000 0.077083 0.175000 2.000000 0.000000 0.000000 0.000000 0.000000 0.000000 0.000000
0 0.301198 0.391172 0.247979 0.247562 0.314583 0.309375 2.000000 0.000000 0.000000 0.000000 0.297917 0.303125 2.000000 0.000000 0.000000 0.000000 0.268750 0.309375 2.000000 0.316667 0.335938 2.000000 0.239583 0.337500 2.000000 0.000000 0.000000 0.000000 0.218750 0.398438 2.000000 0.366667 0.442188 1.000000 0.247917 0.451562 1.000000 0.000000 0.000000 0.000000 0.000000 0.000000 0.000000 0.000000 0.000000 0.000000 0.000000 0.000000 0.000000 0.000000 0.000000 0.000000 0.000000 0.000000 0.000000
