0 0.509844 0.617114 0.191281 0.646379 0.000000 0.000000 0.000000 0.000000 0.000000 0.000000 0.000000 0.000000 0.000000 0.514062 0.383178 2.000000 0.567187 0.383178 2.000000 0.503125 0.434579 2.000000 0.570312 0.441589 2.000000 0.437500 0.422897 2.000000 0.000000 0.000000 0.000000 0.431250 0.378505 2.000000 0.000000 0.000000 0.000000 0.542188 0.609813 2.000000 0.590625 0.607477 2.000000 0.540625 0.766355 2.000000 0.585938 0.759346 2.000000 0.542188 0.899533 2.000000 0.584375 0.852804 2.000000
0 0.133297 0.542792 0.263594 0.891893 0.028125 0.317757 2.000000 0.053125 0.278037 2.000000 0.012500 0.280374 2.000000 0.095312 0.294393 2.000000 0.000000 0.000000 0.000000 0.132812 0.514019 2.000000 0.000000 0.000000 0.000000 0.193750 0.721963 2.000000 0.000000 0.000000 0.000000 0.207813 0.920561 2.000000 0.000000 0.000000 0.000000 0.000000 0.000000 0.000000 0.000000 0.000000 0.000000 0.000000 0.000000 0.000000 0.000000 0.000000 0.000000 0.000000 0.000000 0.000000 0.000000 0.000000 0.000000
0 0.283500 0.366449 0.118844 0.588879 0.000000 0.000000 0.000000 0.000000 0.000000 0.000000 0.000000 0.000000 0.000000 0.000000 0.000000 0.000000 0.000000 0.000000 0.000000 0.221875 0.179907 1.000000 0.292187 0.177570 2.000000 0.000000 0.000000 0.000000 0.000000 0.000000 0.000000 0.000000 0.000000 0.000000 0.000000 0.000000 0.000000 0.000000 0.000000 0.000000 0.281250 0.359813 2.000000 0.000000 0.000000 0.000000 0.287500 0.478972 2.000000 0.000000 0.000000 0.000000 0.273438 0.635514 2.000000
0 0.529750 0.218002 0.095594 0.231939 0.501563 0.156542 2.000000 0.000000 0.000000 0.000000 0.000000 0.000000 0.000000 0.518750 0.168224 2.000000 0.000000 0.000000 0.000000 0.501563 0.217290 2.000000 0.559375 0.205607 2.000000 0.504687 0.292056 2.000000 0.000000 0.000000 0.000000 0.000000 0.000000 0.000000 0.000000 0.000000 0.000000 0.510938 0.357477 1.000000 0.559375 0.348131 1.000000 0.000000 0.000000 0.000000 0.000000 0.000000 0.000000 0.000000 0.000000 0.000000 0.000000 0.000000 0.000000
0 0.640742 0.468341 0.098516 0.482290 0.000000 0.000000 0.000000 0.000000 0.000000 0.000000 0.000000 0.000000 0.000000 0.632812 0.280374 1.000000 0.000000 0.000000 0.000000 0.626563 0.315421 2.000000 0.685937 0.315421 1.000000 0.596875 0.369159 1.000000 0.000000 0.000000 0.000000 0.606250 0.317757 2.000000 0.000000 0.000000 0.000000 0.637500 0.415888 2.000000 0.673438 0.413551 2.000000 0.645312 0.549065 2.000000 0.678125 0.516355 2.000000 0.645312 0.677570 2.000000 0.676562 0.574766 2.000000
0 0.742250 0.420911 0.163250 0.769579 0.000000 0.000000 0.000000 0.000000 0.000000 0.000000 0.000000 0.000000 0.000000 0.715625 0.121495 2.000000 0.000000 0.000000 0.000000 0.704688 0.184579 2.000000 0.787500 0.177570 2.000000 0.679688 0.327103 2.000000 0.814063 0.296729 2.000000 0.000000 0.000000 0.000000 0.000000 0.000000 0.000000 0.726562 0.390187 2.000000 0.778125 0.390187 2.000000 0.731250 0.579439 2.000000 0.770312 0.579439 2.000000 0.757812 0.724299 2.000000 0.775000 0.717290 2.000000
0 0.187102 0.364042 0.181828 0.651682 0.000000 0.000000 0.000000 0.000000 0.000000 0.000000 0.000000 0.000000 0.000000 0.178125 0.112150 2.000000 0.220312 0.109813 2.000000 0.143750 0.191589 2.000000 0.220312 0.186916 2.000000 0.115625 0.317757 2.000000 0.270313 0.282710 2.000000 0.000000 0.000000 0.000000 0.000000 0.000000 0.000000 0.168750 0.399533 2.000000 0.215625 0.397196 2.000000 0.000000 0.000000 0.000000 0.251563 0.570093 2.000000 0.000000 0.000000 0.000000 0.232813 0.689252 1.000000
0 0.459109 0.602243 0.112719 0.669673 0.000000 0.000000 0.000000 0.000000 0.000000 0.000000 0.000000 0.000000 0.000000 0.439063 0.348131 2.000000 0.492188 0.343458 2.000000 0.428125 0.432243 1.000000 0.514062 0.411215 1.000000 0.414062 0.516355 2.000000 0.000000 0.000000 0.000000 0.450000 0.523364 2.000000 0.000000 0.000000 0.000000 0.451562 0.602804 2.000000 0.495312 0.600467 2.000000 0.459375 0.742991 2.000000 0.496875 0.733645 2.000000 0.464062 0.883178 2.000000 0.495312 0.845794 2.000000
0 0.908922 0.540572 0.182156 0.918855 0.000000 0.000000 0.000000 0.000000 0.000000 0.000000 0.000000 0.000000 0.000000 0.000000 0.000000 0.000000 0.000000 0.000000 0.000000 0.879687 0.289720 2.000000 0.000000 0.000000 0.000000 0.821875 0.462617 2.000000 0.000000 0.000000 0.000000 0.000000 0.000000 0.000000 0.000000 0.000000 0.000000 0.895312 0.626168 2.000000 0.965625 0.626168 2.000000 0.876563 0.915888 2.000000 0.981250 0.920561 2.000000 0.000000 0.000000 0.000000 0.000000 0.000000 0.000000
0 0.894742 0.236554 0.134672 0.301332 0.000000 0.000000 0.000000 0.000000 0.000000 0.000000 0.000000 0.000000 0.000000 0.896875 0.123832 1.000000 0.000000 0.000000 0.000000 0.842187 0.240654 2.000000 0.000000 0.000000 0.000000 0.834375 0.378505 1.000000 0.000000 0.000000 0.000000 0.000000 0.000000 0.000000 0.000000 0.000000 0.000000 0.000000 0.000000 0.000000 0.000000 0.000000 0.000000 0.000000 0.000000 0.000000 0.000000 0.000000 0.000000 0.000000 0.000000 0.000000 0.000000 0.000000 0.000000
