0 0.833555 0.728160 0.056547 0.208396 0.843750 0.700472 2.000000 0.848437 0.691038 2.000000 0.845313 0.688679 2.000000 0.000000 0.000000 0.000000 0.834375 0.674528 2.000000 0.000000 0.000000 0.000000 0.826562 0.721698 2.000000 0.000000 0.000000 0.000000 0.835938 0.804245 2.000000 0.000000 0.000000 0.000000 0.000000 0.000000 0.000000 0.000000 0.000000 0.000000 0.000000 0.000000 0.000000 0.000000 0.000000 0.000000 0.000000 0.000000 0.000000 0.000000 0.000000 0.000000 0.000000 0.000000 0.000000
0 0.438437 0.779776 0.144406 0.426958 0.000000 0.000000 0.000000 0.000000 0.000000 0.000000 0.000000 0.000000 0.000000 0.421875 0.620283 2.000000 0.460938 0.622642 2.000000 0.401562 0.676887 2.000000 0.478125 0.681604 2.000000 0.385937 0.766509 2.000000 0.496875 0.764151 2.000000 0.385937 0.832547 2.000000 0.000000 0.000000 0.000000 0.410938 0.839623 2.000000 0.465625 0.841981 2.000000 0.412500 0.978774 2.000000 0.464062 0.974057 2.000000 0.000000 0.000000 0.000000 0.000000 0.000000 0.000000
0 0.233695 0.743078 0.129016 0.206344 0.212500 0.676887 2.000000 0.217188 0.669811 2.000000 0.000000 0.000000 0.000000 0.234375 0.674528 2.000000 0.000000 0.000000 0.000000 0.250000 0.705189 2.000000 0.226562 0.705189 2.000000 0.265625 0.752358 2.000000 0.207813 0.742925 2.000000 0.229687 0.757075 2.000000 0.184375 0.740566 2.000000 0.275000 0.806604 1.000000 0.253125 0.808962 1.000000 0.000000 0.000000 0.000000 0.000000 0.000000 0.000000 0.000000 0.000000 0.000000 0.000000 0.000000 0.000000
0 0.615422 0.734811 0.097062 0.237877 0.626563 0.665094 2.000000 0.000000 0.000000 0.000000 0.623437 0.653302 2.000000 0.000000 0.000000 0.000000 0.615625 0.653302 2.000000 0.000000 0.000000 0.000000 0.592187 0.691038 2.000000 0.000000 0.000000 0.000000 0.623437 0.761792 2.000000 0.000000 0.000000 0.000000 0.656250 0.773585 1.000000 0.000000 0.000000 0.000000 0.585938 0.853774 1.000000 0.000000 0.000000 0.000000 0.000000 0.000000 0.000000 0.000000 0.000000 0.000000 0.000000 0.000000 0.000000
0 0.691805 0.714434 0.073547 0.165849 0.693750 0.665094 2.000000 0.703125 0.660377 2.000000 0.690625 0.655660 2.000000 0.714063 0.662736 2.000000 0.000000 0.000000 0.000000 0.721875 0.686321 1.000000 0.671875 0.683962 2.000000 0.000000 0.000000 0.000000 0.667188 0.747642 2.000000 0.000000 0.000000 0.000000 0.707812 0.752358 1.000000 0.709375 0.780660 1.000000 0.670312 0.783019 2.000000 0.000000 0.000000 0.000000 0.000000 0.000000 0.000000 0.000000 0.000000 0.000000 0.000000 0.000000 0.000000
0 0.088578 0.821344 0.129531 0.357311 0.000000 0.000000 0.000000 0.000000 0.000000 0.000000 0.000000 0.000000 0.000000 0.000000 0.000000 0.000000 0.104688 0.693396 2.000000 0.054688 0.731132 2.000000 0.100000 0.733491 2.000000 0.000000 0.000000 0.000000 0.134375 0.778302 2.000000 0.000000 0.000000 0.000000 0.000000 0.000000 0.000000 0.059375 0.858491 1.000000 0.090625 0.858491 2.000000 0.096875 0.832547 2.000000 0.128125 0.837264 2.000000 0.087500 0.929245 2.000000 0.117188 0.936321 2.000000
0 0.356586 0.776250 0.102266 0.417830 0.000000 0.000000 0.000000 0.000000 0.000000 0.000000 0.000000 0.000000 0.000000 0.337500 0.599057 2.000000 0.360938 0.601415 2.000000 0.318750 0.643868 2.000000 0.364063 0.641509 2.000000 0.000000 0.000000 0.000000 0.385937 0.709906 1.000000 0.000000 0.000000 0.000000 0.000000 0.000000 0.000000 0.320312 0.771226 1.000000 0.354687 0.773585 2.000000 0.321875 0.865566 2.000000 0.359375 0.865566 2.000000 0.323437 0.950472 2.000000 0.353125 0.948113 2.000000
0 0.496414 0.780130 0.085078 0.439741 0.462500 0.608491 1.000000 0.465625 0.599057 2.000000 0.000000 0.000000 0.000000 0.482812 0.594340 2.000000 0.000000 0.000000 0.000000 0.509375 0.650943 2.000000 0.464062 0.650943 1.000000 0.523438 0.742925 2.000000 0.000000 0.000000 0.000000 0.506250 0.801887 2.000000 0.000000 0.000000 0.000000 0.495312 0.797170 2.000000 0.464062 0.794811 1.000000 0.496875 0.922170 2.000000 0.000000 0.000000 0.000000 0.000000 0.000000 0.000000 0.000000 0.000000 0.000000
0 0.552617 0.753927 0.074172 0.234080 0.564063 0.674528 2.000000 0.571875 0.669811 2.000000 0.000000 0.000000 0.000000 0.000000 0.000000 0.000000 0.000000 0.000000 0.000000 0.590625 0.705189 1.000000 0.559375 0.702830 2.000000 0.000000 0.000000 0.000000 0.539062 0.745283 2.000000 0.000000 0.000000 0.000000 0.553125 0.738208 2.000000 0.582812 0.804245 1.000000 0.556250 0.797170 1.000000 0.579688 0.865566 1.000000 0.548438 0.865566 1.000000 0.000000 0.000000 0.000000 0.000000 0.000000 0.000000
0 0.803539 0.742300 0.105797 0.268278 0.806250 0.686321 2.000000 0.807813 0.669811 2.000000 0.798438 0.672170 2.000000 0.000000 0.000000 0.000000 0.773438 0.665094 2.000000 0.798438 0.724057 2.000000 0.731250 0.716981 1.000000 0.796875 0.806604 2.000000 0.717187 0.827830 1.000000 0.829688 0.820755 2.000000 0.792188 0.830189 2.000000 0.779687 0.886792 1.000000 0.743750 0.889151 1.000000 0.000000 0.000000 0.000000 0.000000 0.000000 0.000000 0.000000 0.000000 0.000000 0.000000 0.000000 0.000000
0 0.743453 0.836238 0.202844 0.327524 0.000000 0.000000 0.000000 0.000000 0.000000 0.000000 0.000000 0.000000 0.000000 0.000000 0.000000 0.000000 0.759375 0.759434 2.000000 0.671875 0.813679 1.000000 0.739062 0.801887 2.000000 0.653125 0.917453 2.000000 0.785937 0.908019 2.000000 0.000000 0.000000 0.000000 0.000000 0.000000 0.000000 0.703125 0.988208 1.000000 0.760938 0.990566 2.000000 0.000000 0.000000 0.000000 0.000000 0.000000 0.000000 0.000000 0.000000 0.000000 0.000000 0.000000 0.000000
0 0.887500 0.732370 0.080250 0.187288 0.918750 0.681604 2.000000 0.918750 0.674528 2.000000 0.912500 0.672170 2.000000 0.000000 0.000000 0.000000 0.893750 0.674528 2.000000 0.926562 0.728774 1.000000 0.864062 0.721698 2.000000 0.000000 0.000000 0.000000 0.846875 0.790094 1.000000 0.000000 0.000000 0.000000 0.000000 0.000000 0.000000 0.901563 0.841981 1.000000 0.862500 0.839623 1.000000 0.000000 0.000000 0.000000 0.000000 0.000000 0.000000 0.000000 0.000000 0.000000 0.000000 0.000000 0.000000
