0 0.128836 0.717802 0.257672 0.560256 0.062500 0.576744 2.000000 0.059375 0.555814 2.000000 0.000000 0.000000 0.000000 0.112500 0.534884 2.000000 0.000000 0.000000 0.000000 0.167187 0.597674 2.000000 0.165625 0.576744 2.000000 0.120313 0.806977 2.000000 0.000000 0.000000 0.000000 0.026562 0.762791 2.000000 0.078125 0.755814 2.000000 0.179688 0.890698 2.000000 0.168750 0.851163 2.000000 0.037500 0.981395 1.000000 0.023438 0.925581 1.000000 0.000000 0.000000 0.000000 0.000000 0.000000 0.000000
0 0.210297 0.611605 0.143437 0.407721 0.157812 0.488372 2.000000 0.167187 0.469767 2.000000 0.154688 0.472093 2.000000 0.201563 0.462791 2.000000 0.000000 0.000000 0.000000 0.242188 0.551163 2.000000 0.171875 0.532558 2.000000 0.231250 0.644186 1.000000 0.000000 0.000000 0.000000 0.000000 0.000000 0.000000 0.000000 0.000000 0.000000 0.000000 0.000000 0.000000 0.000000 0.000000 0.000000 0.000000 0.000000 0.000000 0.000000 0.000000 0.000000 0.000000 0.000000 0.000000 0.000000 0.000000 0.000000
0 0.335992 0.539477 0.093641 0.339512 0.000000 0.000000 0.000000 0.000000 0.000000 0.000000 0.354687 0.439535 2.000000 0.000000 0.000000 0.000000 0.335938 0.441860 2.000000 0.310937 0.490698 2.000000 0.317188 0.509302 2.000000 0.000000 0.000000 0.000000 0.328125 0.595349 2.000000 0.000000 0.000000 0.000000 0.370312 0.551163 2.000000 0.335938 0.660465 2.000000 0.342187 0.674419 2.000000 0.000000 0.000000 0.000000 0.000000 0.000000 0.000000 0.000000 0.000000 0.000000 0.000000 0.000000 0.000000
0 0.566188 0.701128 0.232500 0.575279 0.598437 0.527907 2.000000 0.000000 0.000000 0.000000 0.595313 0.502326 2.000000 0.000000 0.000000 0.000000 0.564063 0.495349 2.000000 0.473438 0.572093 2.000000 0.535937 0.597674 2.000000 0.495312 0.674419 2.000000 0.548438 0.781395 2.000000 0.559375 0.672093 2.000000 0.593750 0.702326 2.000000 0.468750 0.855814 1.000000 0.520312 0.886047 2.000000 0.621875 0.839535 2.000000 0.667188 0.874419 2.000000 0.000000 0.000000 0.000000 0.000000 0.000000 0.000000
0 0.627617 0.484314 0.082953 0.171465 0.000000 0.000000 0.000000 0.000000 0.000000 0.000000 0.000000 0.000000 0.000000 0.612500 0.441860 2.000000 0.000000 0.000000 0.000000 0.639062 0.490698 2.000000 0.589063 0.479070 1.000000 0.642188 0.565116 2.000000 0.000000 0.000000 0.000000 0.000000 0.000000 0.000000 0.000000 0.000000 0.000000 0.000000 0.000000 0.000000 0.000000 0.000000 0.000000 0.000000 0.000000 0.000000 0.000000 0.000000 0.000000 0.000000 0.000000 0.000000 0.000000 0.000000 0.000000
0 0.753117 0.520535 0.165422 0.260837 0.740625 0.483721 2.000000 0.750000 0.469767 2.000000 0.739062 0.469767 2.000000 0.778125 0.462791 2.000000 0.000000 0.000000 0.000000 0.810937 0.520930 2.000000 0.742188 0.513953 2.000000 0.800000 0.618605 1.000000 0.729688 0.593023 2.000000 0.740625 0.613953 2.000000 0.698438 0.588372 2.000000 0.000000 0.000000 0.000000 0.000000 0.000000 0.000000 0.000000 0.000000 0.000000 0.000000 0.000000 0.000000 0.000000 0.000000 0.000000 0.000000 0.000000 0.000000
0 0.872836 0.568709 0.168891 0.267279 0.839063 0.532558 2.000000 0.846875 0.513953 2.000000 0.835938 0.513953 2.000000 0.000000 0.000000 0.000000 0.000000 0.000000 0.000000 0.921875 0.565116 2.000000 0.832812 0.562791 1.000000 0.942187 0.676744 1.000000 0.821875 0.613953 2.000000 0.892188 0.658140 2.000000 0.804688 0.634884 2.000000 0.000000 0.000000 0.000000 0.000000 0.000000 0.000000 0.842187 0.827907 1.000000 0.796875 0.823256 1.000000 0.000000 0.000000 0.000000 0.000000 0.000000 0.000000
0 0.426422 0.558814 0.106969 0.383302 0.473438 0.472093 2.000000 0.000000 0.000000 0.000000 0.465625 0.460465 2.000000 0.000000 0.000000 0.000000 0.443750 0.455814 2.000000 0.409375 0.516279 2.000000 0.421875 0.527907 2.000000 0.000000 0.000000 0.000000 0.456250 0.648837 1.000000 0.000000 0.000000 0.000000 0.000000 0.000000 0.000000 0.415625 0.746512 1.000000 0.431250 0.762791 1.000000 0.000000 0.000000 0.000000 0.000000 0.000000 0.000000 0.000000 0.000000 0.000000 0.000000 0.000000 0.000000
0 0.896086 0.694384 0.203828 0.579791 0.953125 0.520930 2.000000 0.953125 0.500000 2.000000 0.000000 0.000000 0.000000 0.989062 0.495349 2.000000 0.000000 0.000000 0.000000 0.959375 0.641860 2.000000 0.000000 0.000000 0.000000 0.937500 0.809302 2.000000 0.000000 0.000000 0.000000 0.864062 0.713953 2.000000 0.000000 0.000000 0.000000 0.951562 0.944186 2.000000 0.000000 0.000000 0.000000 0.823438 0.944186 2.000000 0.859375 0.851163 2.000000 0.000000 0.000000 0.000000 0.000000 0.000000 0.000000
0 0.686906 0.497791 0.088719 0.197581 0.668750 0.476744 2.000000 0.675000 0.469767 2.000000 0.000000 0.000000 0.000000 0.696875 0.462791 2.000000 0.000000 0.000000 0.000000 0.718750 0.511628 2.000000 0.665625 0.506977 2.000000 0.720313 0.600000 1.000000 0.000000 0.000000 0.000000 0.675000 0.565116 2.000000 0.000000 0.000000 0.000000 0.000000 0.000000 0.000000 0.000000 0.000000 0.000000 0.000000 0.000000 0.000000 0.000000 0.000000 0.000000 0.000000 0.000000 0.000000 0.000000 0.000000 0.000000
