0 0.106867 0.771659 0.213734 0.456682 0.000000 0.000000 0.000000 0.000000 0.000000 0.000000 0.098437 0.752941 2.000000 0.000000 0.000000 0.000000 0.045312 0.832941 2.000000 0.000000 0.000000 0.000000 0.000000 0.000000 0.000000 0.000000 0.000000 0.000000 0.000000 0.000000 0.000000 0.165625 0.974118 2.000000 0.000000 0.000000 0.000000 0.000000 0.000000 0.000000 0.000000 0.000000 0.000000 0.000000 0.000000 0.000000 0.000000 0.000000 0.000000 0.000000 0.000000 0.000000 0.000000 0.000000 0.000000
0 0.070969 0.591200 0.141937 0.407906 0.100000 0.651765 2.000000 0.000000 0.000000 0.000000 0.084375 0.625882 1.000000 0.000000 0.000000 0.000000 0.000000 0.000000 0.000000 0.000000 0.000000 0.000000 0.000000 0.000000 0.000000 0.000000 0.000000 0.000000 0.000000 0.000000 0.000000 0.000000 0.000000 0.000000 0.000000 0.000000 0.000000 0.000000 0.000000 0.000000 0.000000 0.000000 0.000000 0.000000 0.000000 0.000000 0.000000 0.000000 0.000000 0.000000 0.000000 0.000000 0.000000 0.000000 0.000000
0 0.230273 0.543835 0.356547 0.568235 0.000000 0.000000 0.000000 0.000000 0.000000 0.000000 0.189062 0.385882 2.000000 0.000000 0.000000 0.000000 0.156250 0.411765 2.000000 0.128125 0.543529 2.000000 0.101562 0.571765 1.000000 0.193750 0.743529 2.000000 0.196875 0.783529 2.000000 0.332813 0.696471 2.000000 0.276562 0.644706 2.000000 0.000000 0.000000 0.000000 0.000000 0.000000 0.000000 0.000000 0.000000 0.000000 0.000000 0.000000 0.000000 0.000000 0.000000 0.000000 0.000000 0.000000 0.000000
0 0.130836 0.199071 0.204047 0.398141 0.112500 0.051765 2.000000 0.118750 0.025882 2.000000 0.098437 0.035294 2.000000 0.137500 0.030588 2.000000 0.084375 0.056471 2.000000 0.184375 0.145882 2.000000 0.059375 0.157647 2.000000 0.204687 0.263529 2.000000 0.035937 0.268235 1.000000 0.214062 0.374118 2.000000 0.067187 0.275294 2.000000 0.181250 0.378824 1.000000 0.089063 0.378824 1.000000 0.000000 0.000000 0.000000 0.000000 0.000000 0.000000 0.000000 0.000000 0.000000 0.000000 0.000000 0.000000
0 0.336508 0.213482 0.207422 0.426965 0.337500 0.049412 2.000000 0.351562 0.035294 2.000000 0.328125 0.032941 2.000000 0.371875 0.042353 2.000000 0.310937 0.028235 2.000000 0.407813 0.127059 2.000000 0.271875 0.143529 2.000000 0.000000 0.000000 0.000000 0.245312 0.287059 2.000000 0.000000 0.000000 0.000000 0.268750 0.235294 2.000000 0.390625 0.411765 1.000000 0.292187 0.411765 2.000000 0.000000 0.000000 0.000000 0.000000 0.000000 0.000000 0.000000 0.000000 0.000000 0.000000 0.000000 0.000000
0 0.322586 0.446365 0.206828 0.412447 0.332813 0.352941 2.000000 0.348438 0.331765 2.000000 0.318750 0.327059 2.000000 0.370312 0.345882 2.000000 0.301563 0.336471 2.000000 0.395313 0.487059 2.000000 0.246875 0.475294 2.000000 0.000000 0.000000 0.000000 0.000000 0.000000 0.000000 0.000000 0.000000 0.000000 0.000000 0.000000 0.000000 0.389062 0.712941 1.000000 0.289062 0.724706 1.000000 0.000000 0.000000 0.000000 0.000000 0.000000 0.000000 0.000000 0.000000 0.000000 0.000000 0.000000 0.000000
0 0.434563 0.419471 0.149281 0.435741 0.434375 0.341176 2.000000 0.446875 0.320000 2.000000 0.421875 0.312941 2.000000 0.000000 0.000000 0.000000 0.393750 0.298824 2.000000 0.479687 0.444706 2.000000 0.359375 0.435294 1.000000 0.000000 0.000000 0.000000 0.000000 0.000000 0.000000 0.000000 0.000000 0.000000 0.000000 0.000000 0.000000 0.000000 0.000000 0.000000 0.000000 0.000000 0.000000 0.000000 0.000000 0.000000 0.000000 0.000000 0.000000 0.000000 0.000000 0.000000 0.000000 0.000000 0.000000
0 0.508117 0.202247 0.177578 0.404494 0.512500 0.018824 2.000000 0.517188 0.004706 2.000000 0.498437 0.004706 2.000000 0.000000 0.000000 0.000000 0.475000 0.007059 2.000000 0.539062 0.103529 2.000000 0.443750 0.101176 2.000000 0.568750 0.216471 2.000000 0.445312 0.247059 1.000000 0.537500 0.327059 1.000000 0.531250 0.287059 2.000000 0.532813 0.275294 2.000000 0.464062 0.282353 1.000000 0.000000 0.000000 0.000000 0.000000 0.000000 0.000000 0.000000 0.000000 0.000000 0.000000 0.000000 0.000000
0 0.693586 0.178424 0.185484 0.356847 0.000000 0.000000 0.000000 0.000000 0.000000 0.000000 0.000000 0.000000 0.000000 0.000000 0.000000 0.000000 0.000000 0.000000 0.000000 0.750000 0.047059 2.000000 0.620313 0.040000 2.000000 0.768750 0.171765 2.000000 0.620313 0.178824 2.000000 0.731250 0.268235 1.000000 0.651563 0.270588 1.000000 0.000000 0.000000 0.000000 0.000000 0.000000 0.000000 0.000000 0.000000 0.000000 0.000000 0.000000 0.000000 0.000000 0.000000 0.000000 0.000000 0.000000 0.000000
0 0.699875 0.420659 0.283531 0.447200 0.679688 0.336471 2.000000 0.698438 0.305882 2.000000 0.667188 0.303529 2.000000 0.732812 0.310588 2.000000 0.646875 0.301176 2.000000 0.785937 0.416471 2.000000 0.600000 0.428235 2.000000 0.820312 0.564706 2.000000 0.575000 0.611765 1.000000 0.703125 0.602353 2.000000 0.654687 0.602353 1.000000 0.000000 0.000000 0.000000 0.000000 0.000000 0.000000 0.000000 0.000000 0.000000 0.000000 0.000000 0.000000 0.000000 0.000000 0.000000 0.000000 0.000000 0.000000
0 0.565711 0.442141 0.129891 0.402494 0.585938 0.343529 2.000000 0.595313 0.324706 2.000000 0.568750 0.334118 2.000000 0.609375 0.322353 2.000000 0.551562 0.352941 2.000000 0.643750 0.437647 1.000000 0.531250 0.461176 2.000000 0.000000 0.000000 0.000000 0.000000 0.000000 0.000000 0.000000 0.000000 0.000000 0.000000 0.000000 0.000000 0.645312 0.632941 1.000000 0.551562 0.647059 1.000000 0.000000 0.000000 0.000000 0.000000 0.000000 0.000000 0.000000 0.000000 0.000000 0.000000 0.000000 0.000000
0 0.925531 0.516494 0.148094 0.219106 0.000000 0.000000 0.000000 0.000000 0.000000 0.000000 0.000000 0.000000 0.000000 0.000000 0.000000 0.000000 0.000000 0.000000 0.000000 0.000000 0.000000 0.000000 0.970313 0.451765 2.000000 0.000000 0.000000 0.000000 0.868750 0.583529 2.000000 0.000000 0.000000 0.000000 0.954688 0.595294 2.000000 0.000000 0.000000 0.000000 0.000000 0.000000 0.000000 0.000000 0.000000 0.000000 0.000000 0.000000 0.000000 0.000000 0.000000 0.000000 0.000000 0.000000 0.000000
0 0.205258 0.567529 0.110391 0.231153 0.000000 0.000000 0.000000 0.000000 0.000000 0.000000 0.000000 0.000000 0.000000 0.000000 0.000000 0.000000 0.000000 0.000000 0.000000 0.000000 0.000000 0.000000 0.000000 0.000000 0.000000 0.195312 0.635294 2.000000 0.209375 0.684706 1.000000 0.000000 0.000000 0.000000 0.204687 0.489412 2.000000 0.000000 0.000000 0.000000 0.000000 0.000000 0.000000 0.000000 0.000000 0.000000 0.000000 0.000000 0.000000 0.000000 0.000000 0.000000 0.000000 0.000000 0.000000
