0 0.524966 0.443875 0.349832 0.364250 0.543771 0.376563 2.000000 0.560606 0.367188 2.000000 0.533670 0.365625 2.000000 0.602694 0.357812 2.000000 0.000000 0.000000 0.000000 0.643098 0.415625 2.000000 0.493266 0.396875 2.000000 0.664983 0.535937 2.000000 0.430976 0.464062 2.000000 0.594276 0.598437 2.000000 0.388889 0.531250 1.000000 0.611111 0.604688 1.000000 0.542088 0.598437 2.000000 0.602694 0.709375 1.000000 0.000000 0.000000 0.000000 0.000000 0.000000 0.000000 0.000000 0.000000 0.000000
0 0.475699 0.308289 0.170791 0.288047 0.484848 0.245312 2.000000 0.489899 0.235937 2.000000 0.478114 0.234375 2.000000 0.518519 0.228125 2.000000 0.000000 0.000000 0.000000 0.537037 0.278125 1.000000 0.446128 0.268750 2.000000 0.000000 0.000000 0.000000 0.434343 0.339062 2.000000 0.000000 0.000000 0.000000 0.410774 0.403125 2.000000 0.525253 0.429688 1.000000 0.459596 0.415625 1.000000 0.523569 0.542188 1.000000 0.468013 0.526563 1.000000 0.000000 0.000000 0.000000 0.000000 0.000000 0.000000
0 0.849630 0.475805 0.300741 0.448328 0.757576 0.385937 2.000000 0.764310 0.365625 2.000000 0.000000 0.000000 0.000000 0.818182 0.348438 2.000000 0.865320 0.325000 2.000000 0.833333 0.493750 1.000000 0.951178 0.398438 2.000000 0.730640 0.620313 2.000000 0.000000 0.000000 0.000000 0.764310 0.476562 1.000000 0.000000 0.000000 0.000000 0.757576 0.698438 1.000000 0.851852 0.651563 1.000000 0.000000 0.000000 0.000000 0.000000 0.000000 0.000000 0.000000 0.000000 0.000000 0.000000 0.000000 0.000000
0 0.950581 0.280664 0.069714 0.182422 0.000000 0.000000 0.000000 0.000000 0.000000 0.000000 0.000000 0.000000 0.000000 0.927609 0.235937 2.000000 0.000000 0.000000 0.000000 0.937710 0.303125 1.000000 0.988215 0.262500 1.000000 0.000000 0.000000 0.000000 0.000000 0.000000 0.000000 0.000000 0.000000 0.000000 0.000000 0.000000 0.000000 0.000000 0.000000 0.000000 0.000000 0.000000 0.000000 0.000000 0.000000 0.000000 0.000000 0.000000 0.000000 0.000000 0.000000 0.000000 0.000000 0.000000 0.000000
0 0.829285 0.650000 0.341431 0.422469 0.000000 0.000000 0.000000 0.000000 0.000000 0.000000 0.000000 0.000000 0.000000 0.772727 0.582812 2.000000 0.000000 0.000000 0.000000 0.786195 0.729688 2.000000 0.952862 0.592187 2.000000 0.814815 0.943750 1.000000 0.988215 0.789062 1.000000 0.956229 0.859375 1.000000 0.882155 0.910937 1.000000 0.797980 0.979688 1.000000 0.941077 0.907813 1.000000 0.000000 0.000000 0.000000 0.000000 0.000000 0.000000 0.000000 0.000000 0.000000 0.000000 0.000000 0.000000
0 0.745758 0.793258 0.508485 0.386516 0.000000 0.000000 0.000000 0.000000 0.000000 0.000000 0.000000 0.000000 0.000000 0.599327 0.760938 2.000000 0.712121 0.717187 2.000000 0.555556 0.948438 2.000000 0.870370 0.843750 2.000000 0.000000 0.000000 0.000000 0.000000 0.000000 0.000000 0.000000 0.000000 0.000000 0.000000 0.000000 0.000000 0.000000 0.000000 0.000000 0.000000 0.000000 0.000000 0.000000 0.000000 0.000000 0.000000 0.000000 0.000000 0.000000 0.000000 0.000000 0.000000 0.000000 0.000000
0 0.980446 0.316273 0.039108 0.157359 0.962963 0.309375 1.000000 0.983165 0.301563 2.000000 0.000000 0.000000 0.000000 0.000000 0.000000 0.000000 0.000000 0.000000 0.000000 0.000000 0.000000 0.000000 0.986532 0.362500 2.000000 0.000000 0.000000 0.000000 0.000000 0.000000 0.000000 0.000000 0.000000 0.000000 0.000000 0.000000 0.000000 0.000000 0.000000 0.000000 0.000000 0.000000 0.000000 0.000000 0.000000 0.000000 0.000000 0.000000 0.000000 0.000000 0.000000 0.000000 0.000000 0.000000 0.000000
0 0.321490 0.193477 0.057088 0.080109 0.319865 0.181250 2.000000 0.324916 0.176563 2.000000 0.316498 0.176563 2.000000 0.000000 0.000000 0.000000 0.000000 0.000000 0.000000 0.329966 0.203125 2.000000 0.291246 0.193750 1.000000 0.000000 0.000000 0.000000 0.000000 0.000000 0.000000 0.000000 0.000000 0.000000 0.000000 0.000000 0.000000 0.000000 0.000000 0.000000 0.000000 0.000000 0.000000 0.000000 0.000000 0.000000 0.000000 0.000000 0.000000 0.000000 0.000000 0.000000 0.000000 0.000000 0.000000
0 0.911902 0.315070 0.094276 0.113484 0.000000 0.000000 0.000000 0.000000 0.000000 0.000000 0.000000 0.000000 0.000000 0.915825 0.340625 2.000000 0.000000 0.000000 0.000000 0.000000 0.000000 0.000000 0.000000 0.000000 0.000000 0.000000 0.000000 0.000000 0.000000 0.000000 0.000000 0.000000 0.000000 0.000000 0.000000 0.000000 0.000000 0.000000 0.000000 0.000000 0.000000 0.000000 0.000000 0.000000 0.000000 0.000000 0.000000 0.000000 0.000000 0.000000 0.000000 0.000000 0.000000 0.000000 0.000000
0 0.787769 0.319062 0.156616 0.270375 0.789562 0.256250 2.000000 0.799663 0.248438 2.000000 0.789562 0.243750 2.000000 0.845118 0.248438 2.000000 0.000000 0.000000 0.000000 0.000000 0.000000 0.000000 0.762626 0.340625 1.000000 0.000000 0.000000 0.000000 0.000000 0.000000 0.000000 0.000000 0.000000 0.000000 0.000000 0.000000 0.000000 0.000000 0.000000 0.000000 0.000000 0.000000 0.000000 0.000000 0.000000 0.000000 0.000000 0.000000 0.000000 0.000000 0.000000 0.000000 0.000000 0.000000 0.000000
