0 0.575164 0.554586 0.346808 0.782422 0.528169 0.232813 2.000000 0.544601 0.223438 2.000000 0.509390 0.226562 2.000000 0.582160 0.231250 2.000000 0.492958 0.240625 2.000000 0.657277 0.335938 2.000000 0.467136 0.340625 2.000000 0.711268 0.445312 2.000000 0.441315 0.446875 2.000000 0.605634 0.523438 2.000000 0.460094 0.507812 2.000000 0.640845 0.571875 2.000000 0.502347 0.571875 2.000000 0.676056 0.714063 2.000000 0.516432 0.712500 2.000000 0.723005 0.900000 1.000000 0.518779 0.909375 1.000000
0 0.149096 0.791359 0.131338 0.120844 0.164319 0.778125 2.000000 0.178404 0.768750 2.000000 0.147887 0.768750 2.000000 0.000000 0.000000 0.000000 0.119718 0.775000 1.000000 0.190141 0.821875 2.000000 0.098592 0.823438 2.000000 0.000000 0.000000 0.000000 0.000000 0.000000 0.000000 0.000000 0.000000 0.000000 0.000000 0.000000 0.000000 0.000000 0.000000 0.000000 0.000000 0.000000 0.000000 0.000000 0.000000 0.000000 0.000000 0.000000 0.000000 0.000000 0.000000 0.000000 0.000000 0.000000 0.000000
0 0.075845 0.800227 0.130469 0.191984 0.122066 0.768750 2.000000 0.000000 0.000000 0.000000 0.115023 0.757812 2.000000 0.000000 0.000000 0.000000 0.065728 0.753125 2.000000 0.000000 0.000000 0.000000 0.030516 0.807813 2.000000 0.000000 0.000000 0.000000 0.000000 0.000000 0.000000 0.000000 0.000000 0.000000 0.000000 0.000000 0.000000 0.000000 0.000000 0.000000 0.000000 0.000000 0.000000 0.000000 0.000000 0.000000 0.000000 0.000000 0.000000 0.000000 0.000000 0.000000 0.000000 0.000000 0.000000
0 0.312500 0.770648 0.166455 0.169703 0.295775 0.721875 2.000000 0.300469 0.714063 2.000000 0.281690 0.715625 2.000000 0.000000 0.000000 0.000000 0.241784 0.726562 1.000000 0.000000 0.000000 0.000000 0.246479 0.771875 2.000000 0.000000 0.000000 0.000000 0.288732 0.843750 2.000000 0.000000 0.000000 0.000000 0.349765 0.834375 2.000000 0.000000 0.000000 0.000000 0.000000 0.000000 0.000000 0.000000 0.000000 0.000000 0.000000 0.000000 0.000000 0.000000 0.000000 0.000000 0.000000 0.000000 0.000000
0 0.766702 0.665648 0.152934 0.148328 0.000000 0.000000 0.000000 0.000000 0.000000 0.000000 0.748826 0.626563 2.000000 0.000000 0.000000 0.000000 0.000000 0.000000 0.000000 0.000000 0.000000 0.000000 0.713615 0.676562 2.000000 0.000000 0.000000 0.000000 0.744131 0.729688 2.000000 0.000000 0.000000 0.000000 0.823944 0.710938 2.000000 0.000000 0.000000 0.000000 0.000000 0.000000 0.000000 0.000000 0.000000 0.000000 0.000000 0.000000 0.000000 0.000000 0.000000 0.000000 0.000000 0.000000 0.000000
0 0.350681 0.764875 0.107042 0.142969 0.375587 0.729688 2.000000 0.382629 0.721875 2.000000 0.356808 0.721875 2.000000 0.000000 0.000000 0.000000 0.333333 0.728125 2.000000 0.375587 0.771875 2.000000 0.323944 0.776563 2.000000 0.000000 0.000000 0.000000 0.330986 0.840625 1.000000 0.000000 0.000000 0.000000 0.000000 0.000000 0.000000 0.000000 0.000000 0.000000 0.000000 0.000000 0.000000 0.000000 0.000000 0.000000 0.000000 0.000000 0.000000 0.000000 0.000000 0.000000 0.000000 0.000000 0.000000
0 0.218486 0.777141 0.132183 0.166719 0.223005 0.739062 2.000000 0.230047 0.729688 2.000000 0.201878 0.732812 2.000000 0.000000 0.000000 0.000000 0.173709 0.735938 2.000000 0.000000 0.000000 0.000000 0.000000 0.000000 0.000000 0.000000 0.000000 0.000000 0.000000 0.000000 0.000000 0.000000 0.000000 0.000000 0.000000 0.000000 0.000000 0.000000 0.000000 0.000000 0.000000 0.000000 0.000000 0.000000 0.000000 0.000000 0.000000 0.000000 0.000000 0.000000 0.000000 0.000000 0.000000 0.000000 0.000000
0 0.262700 0.640961 0.088873 0.086984 0.305164 0.631250 2.000000 0.000000 0.000000 0.000000 0.300469 0.625000 2.000000 0.000000 0.000000 0.000000 0.284038 0.637500 2.000000 0.000000 0.000000 0.000000 0.000000 0.000000 0.000000 0.000000 0.000000 0.000000 0.000000 0.000000 0.000000 0.000000 0.000000 0.000000 0.000000 0.000000 0.000000 0.000000 0.000000 0.000000 0.000000 0.000000 0.000000 0.000000 0.000000 0.000000 0.000000 0.000000 0.000000 0.000000 0.000000 0.000000 0.000000 0.000000 0.000000
0 0.504883 0.911234 0.227183 0.164563 0.000000 0.000000 0.000000 0.000000 0.000000 0.000000 0.000000 0.000000 0.000000 0.488263 0.895312 1.000000 0.607981 0.896875 1.000000 0.455399 0.945312 1.000000 0.584507 0.942187 1.000000 0.000000 0.000000 0.000000 0.000000 0.000000 0.000000 0.000000 0.000000 0.000000 0.000000 0.000000 0.000000 0.000000 0.000000 0.000000 0.000000 0.000000 0.000000 0.000000 0.000000 0.000000 0.000000 0.000000 0.000000 0.000000 0.000000 0.000000 0.000000 0.000000 0.000000
0 0.856174 0.894375 0.287653 0.175281 0.000000 0.000000 0.000000 0.000000 0.000000 0.000000 0.000000 0.000000 0.000000 0.000000 0.000000 0.000000 0.000000 0.000000 0.000000 0.000000 0.000000 0.000000 0.000000 0.000000 0.000000 0.000000 0.000000 0.000000 0.000000 0.000000 0.000000 0.744131 0.867188 2.000000 0.924883 0.859375 2.000000 0.000000 0.000000 0.000000 0.000000 0.000000 0.000000 0.000000 0.000000 0.000000 0.000000 0.000000 0.000000 0.000000 0.000000 0.000000 0.000000 0.000000 0.000000
0 0.786972 0.645422 0.078451 0.118594 0.000000 0.000000 0.000000 0.000000 0.000000 0.000000 0.000000 0.000000 0.000000 0.000000 0.000000 0.000000 0.807512 0.620313 2.000000 0.000000 0.000000 0.000000 0.779343 0.650000 2.000000 0.000000 0.000000 0.000000 0.809859 0.712500 1.000000 0.000000 0.000000 0.000000 0.000000 0.000000 0.000000 0.000000 0.000000 0.000000 0.000000 0.000000 0.000000 0.000000 0.000000 0.000000 0.000000 0.000000 0.000000 0.000000 0.000000 0.000000 0.000000 0.000000 0.000000
0 0.927265 0.625687 0.144906 0.156438 0.948357 0.581250 2.000000 0.943662 0.573438 2.000000 0.000000 0.000000 0.000000 0.924883 0.581250 2.000000 0.000000 0.000000 0.000000 0.882629 0.606250 2.000000 0.924883 0.628125 2.000000 0.000000 0.000000 0.000000 0.976526 0.670312 2.000000 0.000000 0.000000 0.000000 0.988263 0.634375 2.000000 0.899061 0.706250 1.000000 0.941315 0.710938 1.000000 0.000000 0.000000 0.000000 0.000000 0.000000 0.000000 0.000000 0.000000 0.000000 0.000000 0.000000 0.000000
