0 0.215898 0.762916 0.311859 0.474169 0.309375 0.637002 2.000000 0.306250 0.615925 2.000000 0.285938 0.620609 2.000000 0.000000 0.000000 0.000000 0.250000 0.637002 2.000000 0.173437 0.702576 2.000000 0.328125 0.728337 2.000000 0.285938 0.782201 2.000000 0.076563 0.758782 2.000000 0.156250 0.735363 2.000000 0.139063 0.679157 2.000000 0.157812 0.971897 2.000000 0.318750 0.971897 2.000000 0.000000 0.000000 0.000000 0.000000 0.000000 0.000000 0.000000 0.000000 0.000000 0.000000 0.000000 0.000000
0 0.267391 0.442482 0.084375 0.208806 0.000000 0.000000 0.000000 0.000000 0.000000 0.000000 0.000000 0.000000 0.000000 0.262500 0.365340 2.000000 0.000000 0.000000 0.000000 0.000000 0.000000 0.000000 0.240625 0.414520 2.000000 0.292187 0.484778 2.000000 0.242188 0.484778 2.000000 0.260937 0.475410 2.000000 0.281250 0.501171 2.000000 0.000000 0.000000 0.000000 0.000000 0.000000 0.000000 0.000000 0.000000 0.000000 0.000000 0.000000 0.000000 0.000000 0.000000 0.000000 0.000000 0.000000 0.000000
0 0.632703 0.710117 0.173906 0.570773 0.673438 0.519906 2.000000 0.000000 0.000000 0.000000 0.659375 0.503513 2.000000 0.000000 0.000000 0.000000 0.620313 0.512881 2.000000 0.665625 0.632319 2.000000 0.603125 0.646370 2.000000 0.000000 0.000000 0.000000 0.603125 0.810304 2.000000 0.000000 0.000000 0.000000 0.640625 0.969555 2.000000 0.675000 0.960187 2.000000 0.623437 0.971897 2.000000 0.000000 0.000000 0.000000 0.000000 0.000000 0.000000 0.000000 0.000000 0.000000 0.000000 0.000000 0.000000
0 0.859102 0.702248 0.236891 0.591007 0.912500 0.515222 2.000000 0.920312 0.496487 2.000000 0.896875 0.496487 2.000000 0.000000 0.000000 0.000000 0.875000 0.498829 2.000000 0.920312 0.625293 2.000000 0.818750 0.585480 2.000000 0.946875 0.833724 2.000000 0.773438 0.747073 2.000000 0.959375 0.969555 1.000000 0.792188 0.903981 2.000000 0.879687 0.929742 2.000000 0.818750 0.913349 2.000000 0.000000 0.000000 0.000000 0.000000 0.000000 0.000000 0.000000 0.000000 0.000000 0.000000 0.000000 0.000000
0 0.755719 0.588372 0.097281 0.244801 0.796875 0.510539 2.000000 0.000000 0.000000 0.000000 0.792188 0.503513 2.000000 0.000000 0.000000 0.000000 0.775000 0.503513 2.000000 0.787500 0.538642 2.000000 0.748437 0.524590 2.000000 0.000000 0.000000 0.000000 0.732812 0.611241 2.000000 0.000000 0.000000 0.000000 0.739062 0.681499 2.000000 0.000000 0.000000 0.000000 0.000000 0.000000 0.000000 0.000000 0.000000 0.000000 0.000000 0.000000 0.000000 0.000000 0.000000 0.000000 0.000000 0.000000 0.000000
0 0.964648 0.448009 0.070703 0.196674 0.964063 0.391101 2.000000 0.970313 0.381733 2.000000 0.959375 0.379391 2.000000 0.000000 0.000000 0.000000 0.950000 0.388759 2.000000 0.987500 0.440281 2.000000 0.940625 0.435597 2.000000 0.000000 0.000000 0.000000 0.970313 0.468384 2.000000 0.000000 0.000000 0.000000 0.965625 0.412178 2.000000 0.996875 0.524590 2.000000 0.960938 0.526932 1.000000 0.000000 0.000000 0.000000 0.000000 0.000000 0.000000 0.000000 0.000000 0.000000 0.000000 0.000000 0.000000
0 0.952039 0.746066 0.095922 0.476393 0.000000 0.000000 0.000000 0.982812 0.592506 2.000000 0.975000 0.597190 2.000000 0.000000 0.000000 0.000000 0.953125 0.583138 2.000000 0.978125 0.667447 2.000000 0.945312 0.672131 1.000000 0.000000 0.000000 0.000000 0.000000 0.000000 0.000000 0.000000 0.000000 0.000000 0.000000 0.000000 0.000000 0.989062 0.868852 2.000000 0.959375 0.866511 1.000000 0.000000 0.000000 0.000000 0.000000 0.000000 0.000000 0.000000 0.000000 0.000000 0.000000 0.000000 0.000000
0 0.378617 0.562916 0.112766 0.359789 0.000000 0.000000 0.000000 0.000000 0.000000 0.000000 0.000000 0.000000 0.000000 0.000000 0.000000 0.000000 0.000000 0.000000 0.000000 0.390625 0.468384 2.000000 0.329688 0.473068 1.000000 0.421875 0.552693 2.000000 0.000000 0.000000 0.000000 0.375000 0.597190 1.000000 0.000000 0.000000 0.000000 0.379688 0.669789 2.000000 0.331250 0.672131 1.000000 0.000000 0.000000 0.000000 0.000000 0.000000 0.000000 0.000000 0.000000 0.000000 0.000000 0.000000 0.000000
0 0.349672 0.374719 0.086750 0.158197 0.000000 0.000000 0.000000 0.000000 0.000000 0.000000 0.000000 0.000000 0.000000 0.329688 0.344262 2.000000 0.000000 0.000000 0.000000 0.364063 0.393443 2.000000 0.301563 0.379391 1.000000 0.000000 0.000000 0.000000 0.000000 0.000000 0.000000 0.000000 0.000000 0.000000 0.000000 0.000000 0.000000 0.000000 0.000000 0.000000 0.000000 0.000000 0.000000 0.000000 0.000000 0.000000 0.000000 0.000000 0.000000 0.000000 0.000000 0.000000 0.000000 0.000000 0.000000
0 0.321758 0.577201 0.061859 0.214215 0.315625 0.494145 2.000000 0.318750 0.484778 1.000000 0.307812 0.484778 2.000000 0.000000 0.000000 0.000000 0.295312 0.496487 1.000000 0.331250 0.543326 1.000000 0.290625 0.543326 1.000000 0.350000 0.618267 1.000000 0.312500 0.618267 1.000000 0.329688 0.611241 2.000000 0.000000 0.000000 0.000000 0.343750 0.655738 2.000000 0.310937 0.653396 1.000000 0.351562 0.721311 1.000000 0.325000 0.718970 1.000000 0.000000 0.000000 0.000000 0.000000 0.000000 0.000000
0 0.818031 0.496616 0.046094 0.119133 0.834375 0.491803 2.000000 0.834375 0.477752 2.000000 0.825000 0.480094 2.000000 0.000000 0.000000 0.000000 0.803125 0.489461 1.000000 0.000000 0.000000 0.000000 0.000000 0.000000 0.000000 0.000000 0.000000 0.000000 0.000000 0.000000 0.000000 0.000000 0.000000 0.000000 0.000000 0.000000 0.000000 0.000000 0.000000 0.000000 0.000000 0.000000 0.000000 0.000000 0.000000 0.000000 0.000000 0.000000 0.000000 0.000000 0.000000 0.000000 0.000000 0.000000 0.000000
0 0.511539 0.621792 0.093922 0.183770 0.000000 0.000000 0.000000 0.000000 0.000000 0.000000 0.000000 0.000000 0.000000 0.000000 0.000000 0.000000 0.000000 0.000000 0.000000 0.537500 0.566745 1.000000 0.489063 0.555035 2.000000 0.539062 0.644028 2.000000 0.470313 0.639344 2.000000 0.000000 0.000000 0.000000 0.517188 0.669789 2.000000 0.535937 0.704918 2.000000 0.496875 0.707260 1.000000 0.000000 0.000000 0.000000 0.000000 0.000000 0.000000 0.000000 0.000000 0.000000 0.000000 0.000000 0.000000
