0 0.517535 0.556180 0.426747 0.707880 0.573737 0.354000 2.000000 0.573737 0.348000 2.000000 0.559596 0.348000 1.000000 0.000000 0.000000 0.000000 0.535354 0.368000 1.000000 0.589899 0.404000 2.000000 0.523232 0.422000 2.000000 0.646465 0.332000 2.000000 0.422222 0.428000 2.000000 0.686869 0.254000 2.000000 0.335354 0.420000 2.000000 0.583838 0.598000 2.000000 0.537374 0.602000 2.000000 0.604040 0.730000 2.000000 0.513131 0.742000 2.000000 0.632323 0.866000 2.000000 0.507071 0.846000 2.000000
0 0.243030 0.205070 0.187192 0.167540 0.260606 0.162000 2.000000 0.268687 0.154000 2.000000 0.252525 0.156000 2.000000 0.278788 0.152000 2.000000 0.244444 0.160000 2.000000 0.301010 0.192000 2.000000 0.234343 0.196000 2.000000 0.321212 0.248000 2.000000 0.200000 0.250000 2.000000 0.272727 0.266000 2.000000 0.226263 0.260000 2.000000 0.254545 0.284000 2.000000 0.236364 0.282000 2.000000 0.288889 0.264000 2.000000 0.161616 0.244000 2.000000 0.000000 0.000000 0.000000 0.000000 0.000000 0.000000
0 0.539828 0.202970 0.137354 0.162700 0.527273 0.160000 2.000000 0.531313 0.152000 2.000000 0.517172 0.154000 2.000000 0.537374 0.154000 2.000000 0.501010 0.156000 2.000000 0.557576 0.186000 2.000000 0.492929 0.194000 2.000000 0.602020 0.212000 2.000000 0.474747 0.246000 2.000000 0.579798 0.202000 2.000000 0.498990 0.262000 1.000000 0.547475 0.270000 2.000000 0.505051 0.270000 2.000000 0.541414 0.300000 1.000000 0.468687 0.294000 1.000000 0.000000 0.000000 0.000000 0.000000 0.000000 0.000000
0 0.471404 0.121410 0.124222 0.208780 0.494949 0.030000 2.000000 0.498990 0.024000 2.000000 0.484848 0.024000 2.000000 0.507071 0.030000 2.000000 0.478788 0.026000 1.000000 0.519192 0.058000 2.000000 0.448485 0.058000 2.000000 0.525253 0.114000 2.000000 0.438384 0.116000 2.000000 0.507071 0.064000 2.000000 0.460606 0.138000 2.000000 0.494949 0.136000 2.000000 0.450505 0.136000 2.000000 0.468687 0.146000 2.000000 0.446465 0.146000 2.000000 0.000000 0.000000 0.000000 0.000000 0.000000 0.000000
0 0.384152 0.210890 0.130768 0.156140 0.389899 0.170000 2.000000 0.397980 0.164000 2.000000 0.383838 0.164000 2.000000 0.410101 0.168000 2.000000 0.375758 0.170000 2.000000 0.422222 0.188000 2.000000 0.359596 0.204000 2.000000 0.412121 0.220000 2.000000 0.341414 0.242000 2.000000 0.365657 0.228000 2.000000 0.387879 0.234000 2.000000 0.414141 0.288000 1.000000 0.361616 0.284000 2.000000 0.408081 0.238000 2.000000 0.000000 0.000000 0.000000 0.333333 0.286000 2.000000 0.000000 0.000000 0.000000
0 0.737818 0.106810 0.120040 0.210060 0.747475 0.026000 2.000000 0.753535 0.018000 2.000000 0.741414 0.020000 2.000000 0.759596 0.024000 2.000000 0.731313 0.022000 2.000000 0.777778 0.056000 2.000000 0.715152 0.054000 2.000000 0.795960 0.104000 1.000000 0.690909 0.100000 2.000000 0.761616 0.056000 2.000000 0.000000 0.000000 0.000000 0.769697 0.150000 1.000000 0.719192 0.150000 2.000000 0.000000 0.000000 0.000000 0.000000 0.000000 0.000000 0.000000 0.000000 0.000000 0.000000 0.000000 0.000000
0 0.327152 0.113380 0.118949 0.203760 0.321212 0.046000 2.000000 0.325253 0.038000 2.000000 0.315152 0.040000 2.000000 0.333333 0.038000 2.000000 0.298990 0.044000 2.000000 0.347475 0.076000 2.000000 0.286869 0.072000 2.000000 0.371717 0.128000 2.000000 0.276768 0.122000 2.000000 0.355556 0.144000 2.000000 0.307071 0.070000 2.000000 0.335354 0.154000 2.000000 0.298990 0.156000 2.000000 0.373737 0.158000 2.000000 0.347475 0.160000 2.000000 0.353535 0.218000 1.000000 0.317172 0.226000 1.000000
0 0.599929 0.096450 0.121030 0.189460 0.597980 0.022000 2.000000 0.604040 0.014000 2.000000 0.591919 0.016000 2.000000 0.618182 0.018000 2.000000 0.581818 0.022000 2.000000 0.636364 0.054000 2.000000 0.575758 0.054000 2.000000 0.654545 0.100000 2.000000 0.557576 0.096000 2.000000 0.628283 0.118000 2.000000 0.539394 0.128000 1.000000 0.616162 0.134000 2.000000 0.561616 0.136000 2.000000 0.557576 0.148000 2.000000 0.581818 0.116000 2.000000 0.561616 0.208000 1.000000 0.581818 0.200000 1.000000
0 0.394677 0.048760 0.097677 0.097520 0.000000 0.000000 0.000000 0.000000 0.000000 0.000000 0.000000 0.000000 0.000000 0.000000 0.000000 0.000000 0.000000 0.000000 0.000000 0.000000 0.000000 0.000000 0.000000 0.000000 0.000000 0.000000 0.000000 0.000000 0.000000 0.000000 0.000000 0.000000 0.000000 0.000000 0.000000 0.000000 0.000000 0.410101 0.004000 2.000000 0.375758 0.004000 1.000000 0.424242 0.028000 2.000000 0.363636 0.030000 2.000000 0.391919 0.078000 2.000000 0.383838 0.070000 2.000000
0 0.632960 0.179710 0.064303 0.156460 0.650505 0.150000 2.000000 0.654545 0.144000 2.000000 0.644444 0.142000 2.000000 0.000000 0.000000 0.000000 0.626263 0.148000 2.000000 0.652525 0.176000 2.000000 0.620202 0.176000 2.000000 0.000000 0.000000 0.000000 0.610101 0.220000 2.000000 0.000000 0.000000 0.000000 0.000000 0.000000 0.000000 0.646465 0.250000 1.000000 0.616162 0.250000 2.000000 0.000000 0.000000 0.000000 0.000000 0.000000 0.000000 0.000000 0.000000 0.000000 0.000000 0.000000 0.000000
0 0.682576 0.191080 0.107737 0.133520 0.694949 0.160000 2.000000 0.694949 0.152000 2.000000 0.684848 0.152000 2.000000 0.000000 0.000000 0.000000 0.660606 0.156000 1.000000 0.698990 0.194000 2.000000 0.636364 0.200000 2.000000 0.729293 0.246000 2.000000 0.636364 0.258000 1.000000 0.707071 0.194000 2.000000 0.670707 0.308000 1.000000 0.692929 0.316000 1.000000 0.646465 0.314000 1.000000 0.000000 0.000000 0.000000 0.000000 0.000000 0.000000 0.000000 0.000000 0.000000 0.000000 0.000000 0.000000
