0 0.256648 0.493243 0.122359 0.511250 0.000000 0.000000 0.000000 0.000000 0.000000 0.000000 0.000000 0.000000 0.000000 0.000000 0.000000 0.000000 0.000000 0.000000 0.000000 0.257812 0.334906 2.000000 0.200000 0.341981 2.000000 0.284375 0.412736 2.000000 0.207813 0.417453 2.000000 0.303125 0.448113 2.000000 0.000000 0.000000 0.000000 0.251563 0.455189 2.000000 0.212500 0.452830 2.000000 0.256250 0.601415 2.000000 0.221875 0.599057 2.000000 0.253125 0.702830 2.000000 0.223438 0.702830 2.000000
0 0.661484 0.592842 0.403844 0.301486 0.000000 0.000000 0.000000 0.000000 0.000000 0.000000 0.000000 0.000000 0.000000 0.000000 0.000000 0.000000 0.675000 0.478774 2.000000 0.643750 0.530660 2.000000 0.692187 0.523585 2.000000 0.000000 0.000000 0.000000 0.712500 0.596698 2.000000 0.000000 0.000000 0.000000 0.712500 0.660377 2.000000 0.621875 0.672170 2.000000 0.665625 0.674528 2.000000 0.557813 0.705189 2.000000 0.745313 0.693396 2.000000 0.487500 0.735849 2.000000 0.814063 0.709906 2.000000
0 0.092508 0.468467 0.086547 0.412170 0.085938 0.308962 2.000000 0.090625 0.301887 2.000000 0.079687 0.304245 2.000000 0.000000 0.000000 0.000000 0.065625 0.311321 2.000000 0.098437 0.360849 2.000000 0.060937 0.351415 2.000000 0.123438 0.393868 1.000000 0.081250 0.334906 2.000000 0.123438 0.372642 1.000000 0.093750 0.301887 2.000000 0.100000 0.478774 2.000000 0.071875 0.474057 2.000000 0.123438 0.561321 2.000000 0.092188 0.575472 2.000000 0.109375 0.622642 2.000000 0.081250 0.655660 2.000000
0 0.152391 0.465318 0.061906 0.367335 0.000000 0.000000 0.000000 0.000000 0.000000 0.000000 0.000000 0.000000 0.000000 0.142187 0.327830 2.000000 0.000000 0.000000 0.000000 0.150000 0.358491 2.000000 0.000000 0.000000 0.000000 0.164062 0.403302 2.000000 0.000000 0.000000 0.000000 0.143750 0.408019 2.000000 0.000000 0.000000 0.000000 0.150000 0.445755 2.000000 0.126562 0.448113 1.000000 0.154688 0.542453 2.000000 0.000000 0.000000 0.000000 0.159375 0.608491 2.000000 0.000000 0.000000 0.000000
0 0.358109 0.450448 0.122344 0.398632 0.328125 0.287736 2.000000 0.334375 0.280660 2.000000 0.328125 0.280660 2.000000 0.350000 0.280660 2.000000 0.000000 0.000000 0.000000 0.370312 0.323113 2.000000 0.328125 0.332547 2.000000 0.389062 0.375000 2.000000 0.309375 0.377358 2.000000 0.404687 0.422170 2.000000 0.285938 0.412736 1.000000 0.365625 0.443396 2.000000 0.332813 0.441038 2.000000 0.364063 0.544811 2.000000 0.323437 0.523585 2.000000 0.359375 0.617925 2.000000 0.328125 0.603774 2.000000
0 0.494898 0.454693 0.108047 0.358774 0.471875 0.308962 2.000000 0.476562 0.304245 2.000000 0.467187 0.306604 2.000000 0.484375 0.306604 2.000000 0.000000 0.000000 0.000000 0.501563 0.346698 2.000000 0.456250 0.356132 2.000000 0.510938 0.386792 2.000000 0.453125 0.405660 2.000000 0.482812 0.360849 2.000000 0.470313 0.367925 2.000000 0.501563 0.457547 2.000000 0.465625 0.459906 2.000000 0.512500 0.525943 2.000000 0.473438 0.525943 2.000000 0.518750 0.613208 2.000000 0.481250 0.608491 2.000000
0 0.548031 0.452547 0.074344 0.364009 0.539062 0.311321 2.000000 0.540625 0.304245 2.000000 0.534375 0.304245 2.000000 0.554688 0.301887 2.000000 0.000000 0.000000 0.000000 0.570312 0.349057 2.000000 0.526563 0.351415 2.000000 0.578125 0.389151 2.000000 0.523438 0.393868 2.000000 0.551562 0.386792 2.000000 0.520312 0.410377 2.000000 0.565625 0.457547 2.000000 0.534375 0.457547 2.000000 0.565625 0.537736 2.000000 0.539062 0.537736 2.000000 0.567187 0.608491 1.000000 0.542188 0.608491 2.000000
0 0.615625 0.420778 0.087031 0.416651 0.620313 0.250000 2.000000 0.625000 0.242925 2.000000 0.614062 0.242925 2.000000 0.000000 0.000000 0.000000 0.000000 0.000000 0.000000 0.645312 0.294811 1.000000 0.592187 0.287736 2.000000 0.654687 0.344340 2.000000 0.584375 0.334906 1.000000 0.640625 0.294811 2.000000 0.604688 0.285377 2.000000 0.628125 0.422170 2.000000 0.593750 0.422170 2.000000 0.632812 0.525943 1.000000 0.585938 0.509434 2.000000 0.623437 0.603774 2.000000 0.584375 0.599057 2.000000
0 0.712672 0.362028 0.109469 0.333396 0.687500 0.238208 2.000000 0.690625 0.231132 2.000000 0.681250 0.233491 2.000000 0.703125 0.235849 2.000000 0.673438 0.242925 2.000000 0.720313 0.275943 2.000000 0.673438 0.306604 2.000000 0.760938 0.316038 2.000000 0.678125 0.363208 2.000000 0.740625 0.344340 2.000000 0.678125 0.384434 2.000000 0.734375 0.403302 1.000000 0.701562 0.415094 1.000000 0.000000 0.000000 0.000000 0.000000 0.000000 0.000000 0.000000 0.000000 0.000000 0.000000 0.000000 0.000000
0 0.018844 0.490849 0.037687 0.316038 0.000000 0.000000 0.000000 0.000000 0.000000 0.000000 0.000000 0.000000 0.000000 0.000000 0.000000 0.000000 0.000000 0.000000 0.000000 0.010937 0.351415 2.000000 0.000000 0.000000 0.000000 0.015625 0.391509 2.000000 0.000000 0.000000 0.000000 0.000000 0.000000 0.000000 0.000000 0.000000 0.000000 0.004687 0.459906 2.000000 0.000000 0.000000 0.000000 0.015625 0.537736 2.000000 0.000000 0.000000 0.000000 0.025000 0.629717 2.000000 0.000000 0.000000 0.000000
0 0.779984 0.388514 0.052656 0.346509 0.778125 0.261792 2.000000 0.784375 0.254717 2.000000 0.775000 0.252358 2.000000 0.000000 0.000000 0.000000 0.000000 0.000000 0.000000 0.803125 0.301887 2.000000 0.756250 0.297170 1.000000 0.000000 0.000000 0.000000 0.000000 0.000000 0.000000 0.000000 0.000000 0.000000 0.000000 0.000000 0.000000 0.793750 0.400943 1.000000 0.764062 0.396226 2.000000 0.796875 0.490566 1.000000 0.765625 0.500000 2.000000 0.798438 0.589623 1.000000 0.768750 0.599057 1.000000
0 0.395461 0.451851 0.063672 0.383278 0.390625 0.306604 2.000000 0.000000 0.000000 0.000000 0.384375 0.301887 2.000000 0.000000 0.000000 0.000000 0.000000 0.000000 0.000000 0.410938 0.346698 2.000000 0.370312 0.349057 1.000000 0.421875 0.396226 2.000000 0.000000 0.000000 0.000000 0.406250 0.412736 1.000000 0.000000 0.000000 0.000000 0.409375 0.443396 1.000000 0.376563 0.443396 1.000000 0.403125 0.521226 2.000000 0.376563 0.516509 2.000000 0.406250 0.606132 2.000000 0.376563 0.603774 2.000000
