0 0.818150 0.615013 0.363700 0.769973 0.750000 0.394667 2.000000 0.762000 0.352000 2.000000 0.000000 0.000000 0.000000 0.838000 0.384000 2.000000 0.000000 0.000000 0.000000 0.928000 0.586667 2.000000 0.842000 0.544000 2.000000 0.738000 0.834667 2.000000 0.772000 0.749333 2.000000 0.790000 0.528000 2.000000 0.750000 0.581333 2.000000 0.000000 0.000000 0.000000 0.000000 0.000000 0.000000 0.000000 0.000000 0.000000 0.000000 0.000000 0.000000 0.000000 0.000000 0.000000 0.000000 0.000000 0.000000
0 0.646960 0.575453 0.168920 0.527013 0.658000 0.421333 2.000000 0.684000 0.389333 2.000000 0.642000 0.392000 2.000000 0.720000 0.410667 2.000000 0.000000 0.000000 0.000000 0.750000 0.520000 1.000000 0.632000 0.552000 2.000000 0.766000 0.792000 1.000000 0.624000 0.746667 2.000000 0.648000 0.816000 2.000000 0.594000 0.816000 2.000000 0.736000 0.842667 1.000000 0.638000 0.840000 1.000000 0.000000 0.000000 0.000000 0.000000 0.000000 0.000000 0.000000 0.000000 0.000000 0.000000 0.000000 0.000000
0 0.477200 0.546973 0.266040 0.527973 0.472000 0.397333 2.000000 0.492000 0.378667 2.000000 0.456000 0.373333 2.000000 0.000000 0.000000 0.000000 0.420000 0.370667 2.000000 0.548000 0.490667 2.000000 0.374000 0.509333 2.000000 0.596000 0.658667 2.000000 0.354000 0.666667 1.000000 0.544000 0.621333 2.000000 0.000000 0.000000 0.000000 0.542000 0.805333 1.000000 0.414000 0.816000 1.000000 0.000000 0.000000 0.000000 0.000000 0.000000 0.000000 0.000000 0.000000 0.000000 0.000000 0.000000 0.000000
0 0.696370 0.263973 0.151500 0.239413 0.000000 0.000000 0.000000 0.000000 0.000000 0.000000 0.000000 0.000000 0.000000 0.648000 0.213333 2.000000 0.724000 0.216000 2.000000 0.000000 0.000000 0.000000 0.756000 0.288000 2.000000 0.000000 0.000000 0.000000 0.000000 0.000000 0.000000 0.000000 0.000000 0.000000 0.000000 0.000000 0.000000 0.000000 0.000000 0.000000 0.000000 0.000000 0.000000 0.000000 0.000000 0.000000 0.000000 0.000000 0.000000 0.000000 0.000000 0.000000 0.000000 0.000000 0.000000
0 0.486240 0.226720 0.116480 0.193013 0.538000 0.213333 2.000000 0.000000 0.000000 0.000000 0.530000 0.192000 2.000000 0.000000 0.000000 0.000000 0.000000 0.000000 0.000000 0.452000 0.280000 2.000000 0.486000 0.304000 1.000000 0.000000 0.000000 0.000000 0.000000 0.000000 0.000000 0.000000 0.000000 0.000000 0.000000 0.000000 0.000000 0.000000 0.000000 0.000000 0.000000 0.000000 0.000000 0.000000 0.000000 0.000000 0.000000 0.000000 0.000000 0.000000 0.000000 0.000000 0.000000 0.000000 0.000000
0 0.166850 0.528093 0.333700 0.426960 0.186000 0.429333 2.000000 0.194000 0.408000 2.000000 0.166000 0.408000 2.000000 0.000000 0.000000 0.000000 0.128000 0.421333 2.000000 0.248000 0.544000 2.000000 0.064000 0.538667 1.000000 0.314000 0.637333 2.000000 0.016000 0.680000 2.000000 0.268000 0.522667 2.000000 0.054000 0.538667 1.000000 0.000000 0.000000 0.000000 0.000000 0.000000 0.000000 0.000000 0.000000 0.000000 0.000000 0.000000 0.000000 0.000000 0.000000 0.000000 0.000000 0.000000 0.000000
0 0.032270 0.473373 0.064540 0.286267 0.058000 0.397333 2.000000 0.000000 0.000000 0.000000 0.048000 0.386667 2.000000 0.000000 0.000000 0.000000 0.020000 0.386667 2.000000 0.000000 0.000000 0.000000 0.000000 0.000000 0.000000 0.000000 0.000000 0.000000 0.000000 0.000000 0.000000 0.000000 0.000000 0.000000 0.000000 0.000000 0.000000 0.000000 0.000000 0.000000 0.000000 0.000000 0.000000 0.000000 0.000000 0.000000 0.000000 0.000000 0.000000 0.000000 0.000000 0.000000 0.000000 0.000000 0.000000
0 0.333010 0.457293 0.138140 0.301520 0.282000 0.378667 1.000000 0.292000 0.362667 2.000000 0.000000 0.000000 0.000000 0.314000 0.365333 2.000000 0.000000 0.000000 0.000000 0.316000 0.421333 2.000000 0.360000 0.413333 2.000000 0.306000 0.538667 2.000000 0.300000 0.528000 2.000000 0.000000 0.000000 0.000000 0.286000 0.445333 2.000000 0.350000 0.618667 1.000000 0.374000 0.621333 1.000000 0.000000 0.000000 0.000000 0.000000 0.000000 0.000000 0.000000 0.000000 0.000000 0.000000 0.000000 0.000000
0 0.927360 0.246627 0.145280 0.466213 0.876000 0.120000 2.000000 0.882000 0.098667 2.000000 0.000000 0.000000 0.000000 0.928000 0.106667 2.000000 0.000000 0.000000 0.000000 0.988000 0.234667 2.000000 0.876000 0.234667 1.000000 0.000000 0.000000 0.000000 0.000000 0.000000 0.000000 0.000000 0.000000 0.000000 0.000000 0.000000 0.000000 0.988000 0.469333 1.000000 0.886000 0.450667 1.000000 0.000000 0.000000 0.000000 0.000000 0.000000 0.000000 0.000000 0.000000 0.000000 0.000000 0.000000 0.000000
0 0.089330 0.628533 0.178660 0.620213 0.012000 0.354667 2.000000 0.000000 0.000000 0.000000 0.000000 0.000000 0.000000 0.000000 0.000000 0.000000 0.000000 0.000000 0.000000 0.000000 0.000000 0.000000 0.000000 0.000000 0.000000 0.000000 0.000000 0.000000 0.050000 0.890667 1.000000 0.000000 0.000000 0.000000 0.060000 0.578667 2.000000 0.000000 0.000000 0.000000 0.000000 0.000000 0.000000 0.000000 0.000000 0.000000 0.000000 0.000000 0.000000 0.000000 0.000000 0.000000 0.000000 0.000000 0.000000
