0 0.200528 0.652813 0.392873 0.550565 0.268293 0.502976 2.000000 0.000000 0.000000 0.000000 0.254743 0.479167 2.000000 0.000000 0.000000 0.000000 0.203252 0.452381 2.000000 0.230352 0.497024 2.000000 0.119241 0.526786 2.000000 0.268293 0.654762 2.000000 0.195122 0.699405 2.000000 0.262873 0.550595 2.000000 0.327913 0.687500 2.000000 0.176152 0.717262 2.000000 0.094851 0.767857 1.000000 0.341463 0.687500 2.000000 0.298103 0.755952 2.000000 0.000000 0.000000 0.000000 0.295393 0.961310 1.000000
0 0.732547 0.562932 0.163686 0.568542 0.704607 0.351190 1.000000 0.715447 0.339286 2.000000 0.691057 0.339286 1.000000 0.000000 0.000000 0.000000 0.000000 0.000000 0.000000 0.747967 0.398810 2.000000 0.631436 0.401786 1.000000 0.775068 0.520833 2.000000 0.598916 0.520833 1.000000 0.704607 0.568452 2.000000 0.653117 0.574405 1.000000 0.715447 0.559524 2.000000 0.642276 0.556548 1.000000 0.777778 0.589286 2.000000 0.000000 0.000000 0.000000 0.742547 0.776786 2.000000 0.000000 0.000000 0.000000
0 0.346829 0.553943 0.231220 0.568542 0.000000 0.000000 0.000000 0.000000 0.000000 0.000000 0.390244 0.336310 1.000000 0.000000 0.000000 0.000000 0.365854 0.318452 2.000000 0.000000 0.000000 0.000000 0.314363 0.363095 2.000000 0.373984 0.497024 2.000000 0.322493 0.532738 2.000000 0.373984 0.375000 2.000000 0.000000 0.000000 0.000000 0.000000 0.000000 0.000000 0.262873 0.574405 1.000000 0.417344 0.508929 1.000000 0.403794 0.571429 2.000000 0.000000 0.000000 0.000000 0.401084 0.761905 2.000000
0 0.116640 0.373036 0.159621 0.251667 0.078591 0.330357 2.000000 0.100271 0.318452 2.000000 0.065041 0.315476 2.000000 0.130081 0.330357 2.000000 0.000000 0.000000 0.000000 0.168022 0.428571 2.000000 0.067751 0.398810 2.000000 0.000000 0.000000 0.000000 0.000000 0.000000 0.000000 0.000000 0.000000 0.000000 0.000000 0.000000 0.000000 0.000000 0.000000 0.000000 0.000000 0.000000 0.000000 0.000000 0.000000 0.000000 0.000000 0.000000 0.000000 0.000000 0.000000 0.000000 0.000000 0.000000 0.000000
0 0.107791 0.851235 0.215583 0.297530 0.065041 0.830357 2.000000 0.000000 0.000000 0.000000 0.048780 0.824405 2.000000 0.000000 0.000000 0.000000 0.000000 0.000000 0.000000 0.000000 0.000000 0.000000 0.000000 0.000000 0.000000 0.051491 0.943452 2.000000 0.000000 0.000000 0.000000 0.165312 0.994048 2.000000 0.000000 0.000000 0.000000 0.000000 0.000000 0.000000 0.000000 0.000000 0.000000 0.000000 0.000000 0.000000 0.000000 0.000000 0.000000 0.000000 0.000000 0.000000 0.000000 0.000000 0.000000
0 0.197453 0.317976 0.108455 0.191012 0.219512 0.279762 2.000000 0.224932 0.267857 2.000000 0.205962 0.270833 2.000000 0.000000 0.000000 0.000000 0.168022 0.282738 2.000000 0.224932 0.348214 2.000000 0.154472 0.369048 1.000000 0.000000 0.000000 0.000000 0.000000 0.000000 0.000000 0.000000 0.000000 0.000000 0.000000 0.000000 0.000000 0.000000 0.000000 0.000000 0.000000 0.000000 0.000000 0.000000 0.000000 0.000000 0.000000 0.000000 0.000000 0.000000 0.000000 0.000000 0.000000 0.000000 0.000000
0 0.741762 0.215729 0.092087 0.188780 0.756098 0.184524 2.000000 0.761518 0.172619 2.000000 0.745257 0.172619 2.000000 0.777778 0.175595 2.000000 0.734417 0.178571 2.000000 0.804878 0.220238 1.000000 0.712737 0.229167 2.000000 0.000000 0.000000 0.000000 0.723577 0.303571 1.000000 0.000000 0.000000 0.000000 0.000000 0.000000 0.000000 0.000000 0.000000 0.000000 0.000000 0.000000 0.000000 0.000000 0.000000 0.000000 0.000000 0.000000 0.000000 0.000000 0.000000 0.000000 0.000000 0.000000 0.000000
0 0.948008 0.338750 0.103984 0.198929 0.929539 0.297619 2.000000 0.943089 0.291667 2.000000 0.921409 0.282738 2.000000 0.959350 0.306548 2.000000 0.902439 0.285714 2.000000 0.981030 0.366071 2.000000 0.880759 0.348214 1.000000 0.989160 0.494048 1.000000 0.000000 0.000000 0.000000 0.000000 0.000000 0.000000 0.000000 0.000000 0.000000 0.000000 0.000000 0.000000 0.000000 0.000000 0.000000 0.000000 0.000000 0.000000 0.000000 0.000000 0.000000 0.000000 0.000000 0.000000 0.000000 0.000000 0.000000
0 0.870759 0.501845 0.258482 0.676190 0.810298 0.264881 2.000000 0.826558 0.250000 2.000000 0.804878 0.250000 2.000000 0.864499 0.258929 2.000000 0.000000 0.000000 0.000000 0.918699 0.327381 2.000000 0.777778 0.336310 2.000000 0.972900 0.419643 2.000000 0.734417 0.464286 1.000000 0.000000 0.000000 0.000000 0.802168 0.479167 1.000000 0.953930 0.482143 2.000000 0.840108 0.505952 2.000000 0.000000 0.000000 0.000000 0.894309 0.598214 2.000000 0.937669 0.809524 2.000000 0.951220 0.797619 2.000000
0 0.556734 0.505327 0.344472 0.989345 0.566396 0.110119 2.000000 0.582656 0.086310 2.000000 0.539295 0.092262 2.000000 0.601626 0.092262 2.000000 0.498645 0.104167 2.000000 0.639566 0.190476 2.000000 0.430894 0.217262 2.000000 0.642276 0.309524 2.000000 0.395664 0.461310 2.000000 0.672087 0.369048 2.000000 0.425474 0.440476 2.000000 0.623306 0.535714 2.000000 0.487805 0.550595 2.000000 0.623306 0.767857 2.000000 0.498645 0.761905 2.000000 0.577236 0.925595 2.000000 0.504065 0.955357 1.000000
0 0.067954 0.133601 0.135908 0.267202 0.097561 0.062500 2.000000 0.102981 0.050595 2.000000 0.084011 0.050595 2.000000 0.000000 0.000000 0.000000 0.043360 0.050595 2.000000 0.100271 0.107143 2.000000 0.002710 0.104167 2.000000 0.119241 0.226190 2.000000 0.000000 0.000000 0.000000 0.100271 0.145833 2.000000 0.000000 0.000000 0.000000 0.092141 0.297619 1.000000 0.010840 0.297619 1.000000 0.000000 0.000000 0.000000 0.000000 0.000000 0.000000 0.000000 0.000000 0.000000 0.000000 0.000000 0.000000
