0 0.631906 0.491604 0.115219 0.117833 0.631250 0.493750 2.000000 0.642188 0.483333 2.000000 0.623437 0.485417 2.000000 0.654687 0.487500 2.000000 0.610938 0.487500 2.000000 0.679688 0.550000 2.000000 0.585938 0.550000 1.000000 0.000000 0.000000 0.000000 0.000000 0.000000 0.000000 0.000000 0.000000 0.000000 0.000000 0.000000 0.000000 0.000000 0.000000 0.000000 0.000000 0.000000 0.000000 0.000000 0.000000 0.000000 0.000000 0.000000 0.000000 0.000000 0.000000 0.000000 0.000000 0.000000 0.000000
0 0.091852 0.662917 0.183703 0.530333 0.139063 0.477083 2.000000 0.145313 0.462500 2.000000 0.123438 0.460417 2.000000 0.000000 0.000000 0.000000 0.100000 0.462500 2.000000 0.153125 0.518750 2.000000 0.037500 0.500000 2.000000 0.121875 0.654167 2.000000 0.000000 0.000000 0.000000 0.062500 0.660417 2.000000 0.012500 0.618750 2.000000 0.076563 0.641667 2.000000 0.000000 0.000000 0.000000 0.164062 0.695833 2.000000 0.031250 0.693750 2.000000 0.125000 0.870833 2.000000 0.007812 0.870833 2.000000
0 0.775570 0.221615 0.125172 0.285396 0.765625 0.116667 2.000000 0.773438 0.108333 2.000000 0.759375 0.108333 2.000000 0.787500 0.125000 2.000000 0.746875 0.127083 2.000000 0.810937 0.193750 2.000000 0.731250 0.202083 2.000000 0.820312 0.272917 1.000000 0.731250 0.283333 1.000000 0.000000 0.000000 0.000000 0.000000 0.000000 0.000000 0.806250 0.304167 1.000000 0.750000 0.308333 1.000000 0.000000 0.000000 0.000000 0.000000 0.000000 0.000000 0.000000 0.000000 0.000000 0.000000 0.000000 0.000000
0 0.364039 0.566292 0.185391 0.566292 0.426563 0.366667 2.000000 0.000000 0.000000 0.000000 0.426563 0.354167 2.000000 0.000000 0.000000 0.000000 0.406250 0.341667 2.000000 0.345313 0.383333 2.000000 0.401562 0.393750 2.000000 0.000000 0.000000 0.000000 0.425000 0.493750 2.000000 0.000000 0.000000 0.000000 0.401562 0.547917 1.000000 0.295312 0.597917 2.000000 0.343750 0.602083 2.000000 0.335938 0.775000 2.000000 0.417187 0.739583 2.000000 0.267188 0.904167 1.000000 0.439063 0.904167 1.000000
0 0.482023 0.496635 0.141578 0.143813 0.476562 0.495833 2.000000 0.485938 0.485417 2.000000 0.473438 0.485417 2.000000 0.503125 0.485417 2.000000 0.000000 0.000000 0.000000 0.532813 0.562500 1.000000 0.440625 0.558333 2.000000 0.000000 0.000000 0.000000 0.000000 0.000000 0.000000 0.000000 0.000000 0.000000 0.000000 0.000000 0.000000 0.000000 0.000000 0.000000 0.000000 0.000000 0.000000 0.000000 0.000000 0.000000 0.000000 0.000000 0.000000 0.000000 0.000000 0.000000 0.000000 0.000000 0.000000
0 0.799297 0.505281 0.103125 0.088479 0.793750 0.516667 2.000000 0.801562 0.510417 2.000000 0.785937 0.510417 2.000000 0.814063 0.516667 2.000000 0.771875 0.516667 2.000000 0.000000 0.000000 0.000000 0.000000 0.000000 0.000000 0.000000 0.000000 0.000000 0.000000 0.000000 0.000000 0.000000 0.000000 0.000000 0.000000 0.000000 0.000000 0.000000 0.000000 0.000000 0.000000 0.000000 0.000000 0.000000 0.000000 0.000000 0.000000 0.000000 0.000000 0.000000 0.000000 0.000000 0.000000 0.000000 0.000000
0 0.804945 0.477740 0.117047 0.143604 0.814063 0.462500 2.000000 0.821875 0.452083 2.000000 0.806250 0.452083 2.000000 0.000000 0.000000 0.000000 0.000000 0.000000 0.000000 0.850000 0.529167 2.000000 0.767188 0.512500 2.000000 0.856250 0.593750 1.000000 0.750000 0.579167 1.000000 0.000000 0.000000 0.000000 0.000000 0.000000 0.000000 0.000000 0.000000 0.000000 0.000000 0.000000 0.000000 0.000000 0.000000 0.000000 0.000000 0.000000 0.000000 0.000000 0.000000 0.000000 0.000000 0.000000 0.000000
0 0.937250 0.470198 0.118406 0.155271 0.943750 0.441667 2.000000 0.953125 0.433333 2.000000 0.932813 0.433333 2.000000 0.000000 0.000000 0.000000 0.000000 0.000000 0.000000 0.978125 0.497917 2.000000 0.900000 0.497917 2.000000 0.000000 0.000000 0.000000 0.000000 0.000000 0.000000 0.000000 0.000000 0.000000 0.000000 0.000000 0.000000 0.000000 0.000000 0.000000 0.000000 0.000000 0.000000 0.000000 0.000000 0.000000 0.000000 0.000000 0.000000 0.000000 0.000000 0.000000 0.000000 0.000000 0.000000
0 0.878961 0.432969 0.073297 0.208146 0.884375 0.379167 2.000000 0.890625 0.370833 2.000000 0.878125 0.372917 2.000000 0.906250 0.381250 2.000000 0.864062 0.391667 2.000000 0.000000 0.000000 0.000000 0.862500 0.458333 2.000000 0.000000 0.000000 0.000000 0.000000 0.000000 0.000000 0.000000 0.000000 0.000000 0.000000 0.000000 0.000000 0.000000 0.000000 0.000000 0.000000 0.000000 0.000000 0.000000 0.000000 0.000000 0.000000 0.000000 0.000000 0.000000 0.000000 0.000000 0.000000 0.000000 0.000000
0 0.796211 0.409156 0.134547 0.243313 0.801562 0.347917 2.000000 0.809375 0.337500 2.000000 0.792188 0.337500 2.000000 0.000000 0.000000 0.000000 0.778125 0.345833 2.000000 0.831250 0.422917 1.000000 0.756250 0.427083 2.000000 0.000000 0.000000 0.000000 0.743750 0.491667 2.000000 0.000000 0.000000 0.000000 0.759375 0.547917 1.000000 0.000000 0.000000 0.000000 0.000000 0.000000 0.000000 0.000000 0.000000 0.000000 0.000000 0.000000 0.000000 0.000000 0.000000 0.000000 0.000000 0.000000 0.000000
0 0.258094 0.727146 0.331813 0.391208 0.000000 0.000000 0.000000 0.000000 0.000000 0.000000 0.000000 0.000000 0.000000 0.000000 0.000000 0.000000 0.248438 0.587500 2.000000 0.325000 0.631250 1.000000 0.228125 0.631250 2.000000 0.000000 0.000000 0.000000 0.000000 0.000000 0.000000 0.000000 0.000000 0.000000 0.000000 0.000000 0.000000 0.310937 0.835417 1.000000 0.215625 0.827083 2.000000 0.367188 0.752083 1.000000 0.204687 0.729167 2.000000 0.356250 0.889583 2.000000 0.148438 0.870833 2.000000
0 0.129703 0.403531 0.150000 0.209396 0.132812 0.358333 2.000000 0.140625 0.347917 2.000000 0.123438 0.350000 2.000000 0.151562 0.354167 2.000000 0.115625 0.358333 2.000000 0.176563 0.412500 2.000000 0.081250 0.412500 2.000000 0.189062 0.508333 1.000000 0.000000 0.000000 0.000000 0.000000 0.000000 0.000000 0.000000 0.000000 0.000000 0.000000 0.000000 0.000000 0.000000 0.000000 0.000000 0.000000 0.000000 0.000000 0.000000 0.000000 0.000000 0.000000 0.000000 0.000000 0.000000 0.000000 0.000000
0 0.545852 0.348531 0.108828 0.194437 0.526563 0.297917 2.000000 0.534375 0.287500 2.000000 0.518750 0.287500 2.000000 0.550000 0.300000 2.000000 0.503125 0.302083 2.000000 0.579688 0.366667 2.000000 0.489063 0.370833 1.000000 0.000000 0.000000 0.000000 0.000000 0.000000 0.000000 0.000000 0.000000 0.000000 0.000000 0.000000 0.000000 0.000000 0.000000 0.000000 0.000000 0.000000 0.000000 0.000000 0.000000 0.000000 0.000000 0.000000 0.000000 0.000000 0.000000 0.000000 0.000000 0.000000 0.000000
