0 0.806742 0.660667 0.386516 0.669667 0.846875 0.508333 2.000000 0.851562 0.466667 2.000000 0.000000 0.000000 0.000000 0.910937 0.454167 2.000000 0.000000 0.000000 0.000000 0.962500 0.675000 2.000000 0.889062 0.591667 2.000000 0.889062 0.912500 2.000000 0.825000 0.810417 2.000000 0.696875 0.814583 2.000000 0.756250 0.647917 2.000000 0.000000 0.000000 0.000000 0.000000 0.000000 0.000000 0.000000 0.000000 0.000000 0.000000 0.000000 0.000000 0.000000 0.000000 0.000000 0.000000 0.000000 0.000000
0 0.649586 0.548500 0.275516 0.443083 0.660937 0.433333 2.000000 0.673438 0.416667 2.000000 0.635938 0.420833 2.000000 0.000000 0.000000 0.000000 0.598437 0.433333 2.000000 0.750000 0.531250 2.000000 0.543750 0.527083 2.000000 0.776563 0.735417 1.000000 0.000000 0.000000 0.000000 0.689063 0.722917 2.000000 0.000000 0.000000 0.000000 0.704688 0.895833 1.000000 0.571875 0.893750 1.000000 0.000000 0.000000 0.000000 0.000000 0.000000 0.000000 0.000000 0.000000 0.000000 0.000000 0.000000 0.000000
0 0.515508 0.354927 0.062516 0.166688 0.518750 0.331250 2.000000 0.520312 0.318750 2.000000 0.507812 0.320833 2.000000 0.528125 0.322917 2.000000 0.496875 0.325000 1.000000 0.525000 0.370833 2.000000 0.495312 0.377083 1.000000 0.000000 0.000000 0.000000 0.000000 0.000000 0.000000 0.000000 0.000000 0.000000 0.000000 0.000000 0.000000 0.000000 0.000000 0.000000 0.000000 0.000000 0.000000 0.000000 0.000000 0.000000 0.000000 0.000000 0.000000 0.000000 0.000000 0.000000 0.000000 0.000000 0.000000
0 0.412984 0.309594 0.109156 0.261063 0.437500 0.239583 2.000000 0.445312 0.227083 2.000000 0.429688 0.229167 2.000000 0.000000 0.000000 0.000000 0.417187 0.237500 2.000000 0.465625 0.289583 1.000000 0.379688 0.293750 2.000000 0.000000 0.000000 0.000000 0.367188 0.370833 2.000000 0.000000 0.000000 0.000000 0.382812 0.431250 1.000000 0.457813 0.427083 1.000000 0.395313 0.420833 1.000000 0.000000 0.000000 0.000000 0.000000 0.000000 0.000000 0.000000 0.000000 0.000000 0.000000 0.000000 0.000000
0 0.679977 0.334729 0.109359 0.258333 0.628125 0.335417 1.000000 0.637500 0.325000 1.000000 0.617188 0.318750 1.000000 0.000000 0.000000 0.000000 0.598437 0.312500 1.000000 0.696875 0.443750 1.000000 0.000000 0.000000 0.000000 0.000000 0.000000 0.000000 0.000000 0.000000 0.000000 0.000000 0.000000 0.000000 0.000000 0.000000 0.000000 0.000000 0.000000 0.000000 0.000000 0.000000 0.000000 0.000000 0.000000 0.000000 0.000000 0.000000 0.000000 0.000000 0.000000 0.000000 0.000000 0.000000 0.000000
0 0.789094 0.452500 0.164938 0.382625 0.765625 0.358333 2.000000 0.781250 0.343750 2.000000 0.753125 0.339583 2.000000 0.807813 0.354167 2.000000 0.000000 0.000000 0.000000 0.821875 0.493750 2.000000 0.732812 0.439583 2.000000 0.814063 0.647917 1.000000 0.000000 0.000000 0.000000 0.000000 0.000000 0.000000 0.000000 0.000000 0.000000 0.000000 0.000000 0.000000 0.000000 0.000000 0.000000 0.000000 0.000000 0.000000 0.000000 0.000000 0.000000 0.000000 0.000000 0.000000 0.000000 0.000000 0.000000
0 0.826969 0.323521 0.075781 0.181375 0.000000 0.000000 0.000000 0.000000 0.000000 0.000000 0.000000 0.000000 0.000000 0.800000 0.302083 1.000000 0.000000 0.000000 0.000000 0.793750 0.364583 1.000000 0.859375 0.356250 2.000000 0.000000 0.000000 0.000000 0.000000 0.000000 0.000000 0.000000 0.000000 0.000000 0.000000 0.000000 0.000000 0.000000 0.000000 0.000000 0.000000 0.000000 0.000000 0.000000 0.000000 0.000000 0.000000 0.000000 0.000000 0.000000 0.000000 0.000000 0.000000 0.000000 0.000000
0 0.452172 0.431219 0.191875 0.330104 0.501563 0.358333 2.000000 0.000000 0.000000 0.000000 0.492188 0.341667 2.000000 0.000000 0.000000 0.000000 0.456250 0.360417 2.000000 0.515625 0.452083 2.000000 0.389062 0.466667 2.000000 0.565625 0.577083 1.000000 0.385937 0.620833 1.000000 0.000000 0.000000 0.000000 0.000000 0.000000 0.000000 0.000000 0.000000 0.000000 0.000000 0.000000 0.000000 0.000000 0.000000 0.000000 0.000000 0.000000 0.000000 0.000000 0.000000 0.000000 0.000000 0.000000 0.000000
0 0.598164 0.391656 0.119297 0.211729 0.628125 0.335417 1.000000 0.640625 0.318750 2.000000 0.614062 0.314583 2.000000 0.000000 0.000000 0.000000 0.596875 0.322917 2.000000 0.704688 0.439583 1.000000 0.546875 0.400000 2.000000 0.000000 0.000000 0.000000 0.000000 0.000000 0.000000 0.000000 0.000000 0.000000 0.000000 0.000000 0.000000 0.000000 0.000000 0.000000 0.000000 0.000000 0.000000 0.000000 0.000000 0.000000 0.000000 0.000000 0.000000 0.000000 0.000000 0.000000 0.000000 0.000000 0.000000
0 0.978508 0.368875 0.040953 0.285250 0.000000 0.000000 0.000000 0.000000 0.000000 0.000000 0.000000 0.000000 0.000000 0.000000 0.000000 0.000000 0.000000 0.000000 0.000000 0.000000 0.000000 0.000000 0.956250 0.377083 1.000000 0.000000 0.000000 0.000000 0.000000 0.000000 0.000000 0.000000 0.000000 0.000000 0.000000 0.000000 0.000000 0.000000 0.000000 0.000000 0.000000 0.000000 0.000000 0.000000 0.000000 0.000000 0.000000 0.000000 0.000000 0.000000 0.000000 0.000000 0.000000 0.000000 0.000000
