0 0.332813 0.554510 0.119438 0.345729 0.323437 0.400000 2.000000 0.326562 0.393750 2.000000 0.000000 0.000000 0.000000 0.342187 0.397917 2.000000 0.000000 0.000000 0.000000 0.359375 0.441667 2.000000 0.317188 0.441667 2.000000 0.385937 0.493750 2.000000 0.298438 0.491667 2.000000 0.360938 0.522917 2.000000 0.285938 0.529167 2.000000 0.354687 0.547917 2.000000 0.320312 0.550000 2.000000 0.365625 0.620833 2.000000 0.317188 0.618750 2.000000 0.360938 0.691667 2.000000 0.315625 0.695833 2.000000
0 0.280922 0.503281 0.060875 0.272479 0.285938 0.402083 2.000000 0.000000 0.000000 0.000000 0.282813 0.395833 2.000000 0.000000 0.000000 0.000000 0.275000 0.400000 2.000000 0.000000 0.000000 0.000000 0.265625 0.422917 2.000000 0.000000 0.000000 0.000000 0.292187 0.464583 2.000000 0.000000 0.000000 0.000000 0.303125 0.441667 2.000000 0.260937 0.508333 2.000000 0.276562 0.504167 2.000000 0.273438 0.572917 2.000000 0.295312 0.577083 2.000000 0.260937 0.625000 2.000000 0.296875 0.622917 2.000000
0 0.453844 0.504135 0.086844 0.322271 0.460938 0.370833 2.000000 0.465625 0.366667 2.000000 0.457813 0.364583 2.000000 0.000000 0.000000 0.000000 0.448437 0.362500 2.000000 0.476562 0.408333 2.000000 0.431250 0.404167 2.000000 0.485938 0.456250 2.000000 0.420312 0.452083 2.000000 0.487500 0.495833 2.000000 0.420312 0.489583 2.000000 0.471875 0.493750 2.000000 0.442188 0.489583 2.000000 0.465625 0.575000 2.000000 0.437500 0.577083 2.000000 0.459375 0.639583 2.000000 0.428125 0.641667 2.000000
0 0.565234 0.496292 0.077844 0.279833 0.571875 0.387500 2.000000 0.575000 0.383333 2.000000 0.568750 0.383333 2.000000 0.000000 0.000000 0.000000 0.559375 0.379167 2.000000 0.582812 0.404167 2.000000 0.540625 0.408333 2.000000 0.596875 0.445833 2.000000 0.529687 0.441667 2.000000 0.582812 0.452083 2.000000 0.535937 0.468750 2.000000 0.576562 0.466667 2.000000 0.554688 0.472917 2.000000 0.000000 0.000000 0.000000 0.556250 0.545833 2.000000 0.000000 0.000000 0.000000 0.560937 0.597917 2.000000
0 0.166141 0.529875 0.096781 0.372292 0.165625 0.385417 2.000000 0.170313 0.379167 2.000000 0.160938 0.379167 2.000000 0.179688 0.377083 2.000000 0.154688 0.377083 2.000000 0.193750 0.406250 2.000000 0.142187 0.408333 2.000000 0.209375 0.458333 2.000000 0.128125 0.458333 2.000000 0.182812 0.433333 2.000000 0.148438 0.420833 2.000000 0.192188 0.510417 2.000000 0.153125 0.510417 2.000000 0.184375 0.595833 2.000000 0.164062 0.587500 2.000000 0.178125 0.683333 2.000000 0.189062 0.670833 2.000000
0 0.516164 0.478156 0.059984 0.230646 0.515625 0.387500 2.000000 0.518750 0.383333 2.000000 0.514062 0.381250 2.000000 0.528125 0.385417 2.000000 0.000000 0.000000 0.000000 0.539062 0.406250 2.000000 0.496875 0.408333 2.000000 0.000000 0.000000 0.000000 0.489063 0.425000 2.000000 0.000000 0.000000 0.000000 0.493750 0.439583 2.000000 0.529687 0.464583 1.000000 0.507812 0.462500 2.000000 0.531250 0.516667 2.000000 0.506250 0.516667 2.000000 0.531250 0.568750 2.000000 0.506250 0.568750 2.000000
0 0.701148 0.571615 0.170828 0.418646 0.000000 0.000000 0.000000 0.000000 0.000000 0.000000 0.000000 0.000000 0.000000 0.650000 0.402083 1.000000 0.687500 0.406250 2.000000 0.628125 0.447917 2.000000 0.700000 0.447917 2.000000 0.000000 0.000000 0.000000 0.735938 0.516667 2.000000 0.000000 0.000000 0.000000 0.000000 0.000000 0.000000 0.629687 0.554167 1.000000 0.678125 0.554167 2.000000 0.000000 0.000000 0.000000 0.726562 0.647917 2.000000 0.000000 0.000000 0.000000 0.757812 0.741667 2.000000
0 0.950719 0.529146 0.098562 0.467083 0.000000 0.000000 0.000000 0.000000 0.000000 0.000000 0.000000 0.000000 0.000000 0.943750 0.337500 2.000000 0.978125 0.333333 2.000000 0.960938 0.381250 2.000000 0.000000 0.000000 0.000000 0.939063 0.460417 2.000000 0.000000 0.000000 0.000000 0.914062 0.437500 2.000000 0.000000 0.000000 0.000000 0.956250 0.527083 2.000000 0.992188 0.527083 2.000000 0.954688 0.631250 2.000000 0.985938 0.631250 2.000000 0.960938 0.731250 2.000000 0.995313 0.725000 2.000000
0 0.790039 0.484031 0.056484 0.236396 0.787500 0.385417 2.000000 0.790625 0.383333 2.000000 0.000000 0.000000 0.000000 0.798438 0.385417 2.000000 0.000000 0.000000 0.000000 0.801562 0.408333 2.000000 0.804688 0.406250 2.000000 0.800000 0.443750 2.000000 0.779687 0.422917 2.000000 0.779687 0.435417 2.000000 0.770312 0.404167 2.000000 0.793750 0.477083 2.000000 0.798438 0.475000 2.000000 0.793750 0.529167 2.000000 0.798438 0.527083 2.000000 0.795312 0.583333 2.000000 0.801562 0.583333 2.000000
0 0.832187 0.443958 0.036906 0.154500 0.832812 0.383333 2.000000 0.832812 0.379167 2.000000 0.829688 0.379167 2.000000 0.837500 0.381250 2.000000 0.825000 0.381250 2.000000 0.842187 0.400000 2.000000 0.821875 0.397917 1.000000 0.000000 0.000000 0.000000 0.000000 0.000000 0.000000 0.000000 0.000000 0.000000 0.000000 0.000000 0.000000 0.832812 0.441667 2.000000 0.821875 0.441667 2.000000 0.837500 0.475000 2.000000 0.821875 0.479167 1.000000 0.839063 0.512500 2.000000 0.821875 0.512500 2.000000
