0 0.726229 0.298523 0.122958 0.199453 0.700000 0.220312 2.000000 0.706250 0.215625 2.000000 0.693750 0.217188 2.000000 0.714583 0.217188 2.000000 0.000000 0.000000 0.000000 0.737500 0.237500 2.000000 0.695833 0.237500 2.000000 0.750000 0.267188 2.000000 0.689583 0.267188 2.000000 0.760417 0.300000 2.000000 0.670833 0.287500 2.000000 0.756250 0.282813 2.000000 0.720833 0.287500 2.000000 0.729167 0.329688 1.000000 0.712500 0.326562 1.000000 0.747917 0.371875 1.000000 0.729167 0.359375 1.000000
0 0.771469 0.148000 0.077937 0.172719 0.785417 0.079687 2.000000 0.789583 0.073438 2.000000 0.779167 0.076563 2.000000 0.000000 0.000000 0.000000 0.000000 0.000000 0.000000 0.822917 0.095312 1.000000 0.764583 0.103125 2.000000 0.000000 0.000000 0.000000 0.762500 0.140625 2.000000 0.000000 0.000000 0.000000 0.000000 0.000000 0.000000 0.808333 0.162500 1.000000 0.777083 0.160938 2.000000 0.000000 0.000000 0.000000 0.752083 0.209375 2.000000 0.000000 0.000000 0.000000 0.000000 0.000000 0.000000
0 0.873854 0.157523 0.140250 0.188172 0.875000 0.085938 2.000000 0.000000 0.000000 0.000000 0.870833 0.084375 2.000000 0.000000 0.000000 0.000000 0.858333 0.085938 2.000000 0.885417 0.103125 2.000000 0.831250 0.109375 2.000000 0.900000 0.129688 2.000000 0.818750 0.129688 2.000000 0.908333 0.154688 2.000000 0.812500 0.142187 2.000000 0.891667 0.154688 2.000000 0.841667 0.162500 2.000000 0.912500 0.214062 2.000000 0.847917 0.220312 2.000000 0.927083 0.251563 1.000000 0.845833 0.257812 1.000000
0 0.644094 0.160453 0.091854 0.188563 0.652083 0.089063 2.000000 0.654167 0.084375 2.000000 0.645833 0.084375 2.000000 0.000000 0.000000 0.000000 0.000000 0.000000 0.000000 0.662500 0.107813 2.000000 0.608333 0.107813 2.000000 0.677083 0.135937 2.000000 0.602083 0.137500 2.000000 0.681250 0.154688 2.000000 0.602083 0.164062 2.000000 0.660417 0.179688 2.000000 0.622917 0.179688 2.000000 0.670833 0.220312 2.000000 0.604167 0.223438 2.000000 0.000000 0.000000 0.000000 0.000000 0.000000 0.000000
0 0.488885 0.166297 0.100687 0.183500 0.481250 0.095312 2.000000 0.485417 0.092188 2.000000 0.475000 0.092188 2.000000 0.000000 0.000000 0.000000 0.000000 0.000000 0.000000 0.489583 0.117188 2.000000 0.458333 0.112500 2.000000 0.502083 0.143750 2.000000 0.447917 0.140625 2.000000 0.504167 0.167187 2.000000 0.475000 0.129688 2.000000 0.489583 0.176563 2.000000 0.466667 0.175000 2.000000 0.497917 0.207813 2.000000 0.464583 0.201563 1.000000 0.508333 0.248438 2.000000 0.462500 0.246875 1.000000
0 0.641760 0.383656 0.404312 0.370719 0.562500 0.260937 2.000000 0.572917 0.250000 2.000000 0.550000 0.251563 2.000000 0.591667 0.253125 2.000000 0.000000 0.000000 0.000000 0.614583 0.276562 2.000000 0.533333 0.270313 2.000000 0.681250 0.320312 2.000000 0.475000 0.262500 2.000000 0.779167 0.356250 2.000000 0.454167 0.223438 2.000000 0.610417 0.362500 2.000000 0.547917 0.367188 2.000000 0.572917 0.417187 2.000000 0.462500 0.431250 2.000000 0.645833 0.514062 2.000000 0.516667 0.526563 2.000000
0 0.298698 0.191078 0.060062 0.136656 0.000000 0.000000 0.000000 0.000000 0.000000 0.000000 0.000000 0.000000 0.000000 0.000000 0.000000 0.000000 0.000000 0.000000 0.000000 0.277083 0.157812 2.000000 0.293750 0.159375 2.000000 0.302083 0.185938 2.000000 0.000000 0.000000 0.000000 0.318750 0.195312 2.000000 0.000000 0.000000 0.000000 0.000000 0.000000 0.000000 0.000000 0.000000 0.000000 0.000000 0.000000 0.000000 0.000000 0.000000 0.000000 0.000000 0.000000 0.000000 0.000000 0.000000 0.000000
0 0.725271 0.159844 0.075042 0.109281 0.712500 0.126562 2.000000 0.714583 0.125000 2.000000 0.708333 0.125000 2.000000 0.727083 0.123438 2.000000 0.000000 0.000000 0.000000 0.752083 0.140625 2.000000 0.702083 0.145313 2.000000 0.752083 0.162500 2.000000 0.689583 0.170313 1.000000 0.737500 0.171875 2.000000 0.708333 0.153125 2.000000 0.731250 0.187500 2.000000 0.704167 0.187500 2.000000 0.727083 0.218750 1.000000 0.691667 0.218750 1.000000 0.000000 0.000000 0.000000 0.691667 0.260937 1.000000
0 0.350771 0.191156 0.080292 0.141000 0.322917 0.135937 2.000000 0.327083 0.132812 2.000000 0.322917 0.132812 2.000000 0.000000 0.000000 0.000000 0.000000 0.000000 0.000000 0.356250 0.154688 2.000000 0.314583 0.156250 2.000000 0.383333 0.176563 2.000000 0.000000 0.000000 0.000000 0.364583 0.184375 2.000000 0.000000 0.000000 0.000000 0.343750 0.203125 2.000000 0.322917 0.203125 1.000000 0.341667 0.245312 2.000000 0.327083 0.242188 2.000000 0.000000 0.000000 0.000000 0.000000 0.000000 0.000000
0 0.093552 0.183578 0.099604 0.172812 0.095833 0.125000 2.000000 0.102083 0.121875 2.000000 0.000000 0.000000 0.000000 0.000000 0.000000 0.000000 0.000000 0.000000 0.000000 0.116667 0.139063 2.000000 0.064583 0.142187 2.000000 0.125000 0.160938 2.000000 0.047917 0.170313 2.000000 0.093750 0.150000 2.000000 0.062500 0.148438 2.000000 0.110417 0.210938 2.000000 0.072917 0.212500 2.000000 0.118750 0.259375 2.000000 0.064583 0.257812 2.000000 0.000000 0.000000 0.000000 0.000000 0.000000 0.000000
0 0.225531 0.193562 0.093104 0.139937 0.222917 0.143750 2.000000 0.227083 0.140625 2.000000 0.220833 0.140625 2.000000 0.000000 0.000000 0.000000 0.000000 0.000000 0.000000 0.245833 0.159375 2.000000 0.195833 0.157812 2.000000 0.264583 0.159375 2.000000 0.187500 0.187500 2.000000 0.243750 0.146875 2.000000 0.187500 0.214062 2.000000 0.237500 0.225000 2.000000 0.206250 0.226562 2.000000 0.000000 0.000000 0.000000 0.000000 0.000000 0.000000 0.000000 0.000000 0.000000 0.000000 0.000000 0.000000
