0 0.332844 0.628091 0.335844 0.644941 0.368750 0.370023 2.000000 0.370312 0.358314 2.000000 0.359375 0.360656 2.000000 0.000000 0.000000 0.000000 0.337500 0.367681 2.000000 0.385937 0.409836 2.000000 0.309375 0.409836 2.000000 0.437500 0.473068 2.000000 0.257812 0.437939 2.000000 0.479687 0.515222 2.000000 0.200000 0.437939 2.000000 0.376563 0.627635 2.000000 0.332813 0.627635 2.000000 0.384375 0.737705 2.000000 0.329688 0.737705 2.000000 0.395313 0.873536 2.000000 0.342187 0.735363 2.000000
0 0.673352 0.338501 0.077828 0.144075 0.671875 0.304450 2.000000 0.678125 0.295082 2.000000 0.667188 0.295082 2.000000 0.682813 0.299766 2.000000 0.656250 0.302108 2.000000 0.698438 0.344262 2.000000 0.643750 0.348946 2.000000 0.704688 0.405152 2.000000 0.643750 0.409836 1.000000 0.671875 0.428571 1.000000 0.000000 0.000000 0.000000 0.000000 0.000000 0.000000 0.000000 0.000000 0.000000 0.000000 0.000000 0.000000 0.000000 0.000000 0.000000 0.000000 0.000000 0.000000 0.000000 0.000000 0.000000
0 0.598750 0.339403 0.071656 0.139883 0.598437 0.309133 2.000000 0.601562 0.304450 2.000000 0.592187 0.304450 2.000000 0.607812 0.306792 2.000000 0.584375 0.309133 2.000000 0.623437 0.346604 2.000000 0.571875 0.348946 2.000000 0.631250 0.409836 1.000000 0.573438 0.400468 2.000000 0.000000 0.000000 0.000000 0.587500 0.346604 2.000000 0.621875 0.433255 1.000000 0.582812 0.433255 1.000000 0.000000 0.000000 0.000000 0.000000 0.000000 0.000000 0.000000 0.000000 0.000000 0.000000 0.000000 0.000000
0 0.529773 0.342026 0.065953 0.130047 0.540625 0.318501 2.000000 0.543750 0.309133 2.000000 0.532813 0.309133 2.000000 0.000000 0.000000 0.000000 0.521875 0.311475 2.000000 0.548438 0.351288 2.000000 0.515625 0.344262 2.000000 0.554688 0.405152 2.000000 0.514062 0.393443 2.000000 0.557813 0.360656 2.000000 0.534375 0.405152 2.000000 0.000000 0.000000 0.000000 0.000000 0.000000 0.000000 0.000000 0.000000 0.000000 0.000000 0.000000 0.000000 0.000000 0.000000 0.000000 0.000000 0.000000 0.000000
0 0.396242 0.225176 0.102266 0.202763 0.410938 0.159251 2.000000 0.415625 0.154567 2.000000 0.406250 0.154567 2.000000 0.421875 0.168618 2.000000 0.396875 0.168618 2.000000 0.423438 0.215457 2.000000 0.389062 0.203747 2.000000 0.420312 0.262295 2.000000 0.348438 0.215457 2.000000 0.421875 0.297424 2.000000 0.378125 0.231850 2.000000 0.406250 0.306792 2.000000 0.379688 0.304450 1.000000 0.000000 0.000000 0.000000 0.000000 0.000000 0.000000 0.000000 0.000000 0.000000 0.000000 0.000000 0.000000
0 0.241875 0.178091 0.079625 0.163349 0.235937 0.135831 2.000000 0.239063 0.128806 2.000000 0.231250 0.128806 2.000000 0.246875 0.131148 2.000000 0.221875 0.135831 2.000000 0.265625 0.168618 2.000000 0.214062 0.177986 2.000000 0.276562 0.222482 1.000000 0.206250 0.238876 1.000000 0.000000 0.000000 0.000000 0.000000 0.000000 0.000000 0.260937 0.271663 1.000000 0.225000 0.274005 1.000000 0.000000 0.000000 0.000000 0.000000 0.000000 0.000000 0.000000 0.000000 0.000000 0.000000 0.000000 0.000000
0 0.743719 0.074520 0.050781 0.137611 0.737500 0.032787 2.000000 0.742188 0.028103 2.000000 0.734375 0.028103 2.000000 0.000000 0.000000 0.000000 0.725000 0.030445 2.000000 0.753125 0.067916 2.000000 0.717187 0.067916 1.000000 0.757812 0.119438 2.000000 0.000000 0.000000 0.000000 0.753125 0.138173 2.000000 0.000000 0.000000 0.000000 0.000000 0.000000 0.000000 0.000000 0.000000 0.000000 0.000000 0.000000 0.000000 0.000000 0.000000 0.000000 0.000000 0.000000 0.000000 0.000000 0.000000 0.000000
0 0.856906 0.271534 0.051781 0.278290 0.867188 0.163934 2.000000 0.871875 0.159251 2.000000 0.862500 0.159251 2.000000 0.876563 0.166276 2.000000 0.856250 0.168618 2.000000 0.887500 0.215457 1.000000 0.843750 0.215457 2.000000 0.000000 0.000000 0.000000 0.846875 0.271663 2.000000 0.000000 0.000000 0.000000 0.878125 0.264637 1.000000 0.884375 0.299766 1.000000 0.853125 0.302108 2.000000 0.000000 0.000000 0.000000 0.859375 0.337237 1.000000 0.000000 0.000000 0.000000 0.873437 0.393443 2.000000
0 0.888320 0.301628 0.064453 0.220070 0.889062 0.222482 2.000000 0.892188 0.217799 2.000000 0.884375 0.217799 2.000000 0.900000 0.220141 2.000000 0.876563 0.222482 2.000000 0.909375 0.255269 2.000000 0.867188 0.262295 2.000000 0.000000 0.000000 0.000000 0.867188 0.316159 2.000000 0.000000 0.000000 0.000000 0.882812 0.344262 2.000000 0.912500 0.339578 1.000000 0.885938 0.341920 2.000000 0.000000 0.000000 0.000000 0.895312 0.372365 1.000000 0.000000 0.000000 0.000000 0.000000 0.000000 0.000000
0 0.489922 0.260515 0.061594 0.152927 0.500000 0.215457 2.000000 0.000000 0.000000 0.000000 0.495312 0.208431 2.000000 0.000000 0.000000 0.000000 0.482812 0.215457 2.000000 0.506250 0.255269 2.000000 0.465625 0.259953 2.000000 0.512500 0.288056 2.000000 0.000000 0.000000 0.000000 0.514062 0.297424 2.000000 0.000000 0.000000 0.000000 0.503125 0.334895 1.000000 0.470313 0.334895 1.000000 0.000000 0.000000 0.000000 0.000000 0.000000 0.000000 0.000000 0.000000 0.000000 0.000000 0.000000 0.000000
0 0.334953 0.261616 0.081625 0.168571 0.326562 0.215457 2.000000 0.329688 0.208431 2.000000 0.321875 0.208431 2.000000 0.335938 0.210773 2.000000 0.310937 0.210773 2.000000 0.343750 0.231850 2.000000 0.304688 0.252927 2.000000 0.373437 0.264637 2.000000 0.306250 0.299766 1.000000 0.342187 0.236534 2.000000 0.321875 0.252927 2.000000 0.346875 0.334895 1.000000 0.317188 0.339578 2.000000 0.000000 0.000000 0.000000 0.000000 0.000000 0.000000 0.000000 0.000000 0.000000 0.000000 0.000000 0.000000
