0 0.184550 0.249436 0.061267 0.166291 0.191667 0.228070 2.000000 0.198333 0.215539 2.000000 0.183333 0.213033 2.000000 0.208333 0.228070 2.000000 0.168333 0.225564 2.000000 0.000000 0.000000 0.000000 0.000000 0.000000 0.000000 0.000000 0.000000 0.000000 0.000000 0.000000 0.000000 0.000000 0.000000 0.000000 0.000000 0.000000 0.000000 0.000000 0.000000 0.000000 0.000000 0.000000 0.000000 0.000000 0.000000 0.000000 0.000000 0.000000 0.000000 0.000000 0.000000 0.000000 0.000000 0.000000 0.000000
0 0.699550 0.559825 0.157733 0.878997 0.676667 0.213033 2.000000 0.693333 0.190476 2.000000 0.668333 0.190476 2.000000 0.725000 0.197995 2.000000 0.000000 0.000000 0.000000 0.740000 0.303258 2.000000 0.675000 0.300752 2.000000 0.733333 0.491228 2.000000 0.000000 0.000000 0.000000 0.693333 0.611529 2.000000 0.000000 0.000000 0.000000 0.710000 0.631579 2.000000 0.675000 0.639098 2.000000 0.703333 0.819549 2.000000 0.675000 0.781955 2.000000 0.000000 0.000000 0.000000 0.678333 0.979950 2.000000
0 0.590033 0.589474 0.120800 0.795288 0.566667 0.275689 2.000000 0.580000 0.255639 2.000000 0.560000 0.258145 2.000000 0.610000 0.260652 2.000000 0.000000 0.000000 0.000000 0.621667 0.355890 2.000000 0.565000 0.345865 2.000000 0.616667 0.496241 2.000000 0.000000 0.000000 0.000000 0.591667 0.616541 2.000000 0.000000 0.000000 0.000000 0.605000 0.614035 2.000000 0.565000 0.619048 2.000000 0.600000 0.774436 2.000000 0.000000 0.000000 0.000000 0.600000 0.917293 2.000000 0.000000 0.000000 0.000000
0 0.513000 0.546316 0.093667 0.781654 0.506667 0.218045 2.000000 0.515000 0.205514 2.000000 0.496667 0.205514 2.000000 0.535000 0.218045 2.000000 0.000000 0.000000 0.000000 0.540000 0.290727 2.000000 0.498333 0.308271 2.000000 0.531667 0.428571 2.000000 0.000000 0.000000 0.000000 0.503333 0.551378 2.000000 0.000000 0.000000 0.000000 0.513333 0.531328 2.000000 0.488333 0.538847 2.000000 0.513333 0.719298 2.000000 0.483333 0.714286 2.000000 0.513333 0.894737 2.000000 0.478333 0.842105 1.000000
0 0.429417 0.518321 0.155067 0.733183 0.438333 0.210526 2.000000 0.448333 0.197995 2.000000 0.428333 0.200501 2.000000 0.465000 0.210526 2.000000 0.000000 0.000000 0.000000 0.495000 0.305764 2.000000 0.398333 0.303258 2.000000 0.000000 0.000000 0.000000 0.000000 0.000000 0.000000 0.000000 0.000000 0.000000 0.000000 0.000000 0.000000 0.478333 0.531328 1.000000 0.418333 0.528822 2.000000 0.475000 0.694236 1.000000 0.423333 0.676692 2.000000 0.476667 0.829574 2.000000 0.423333 0.812030 2.000000
0 0.275717 0.266291 0.070233 0.195489 0.276667 0.228070 2.000000 0.285000 0.220551 2.000000 0.266667 0.220551 2.000000 0.298333 0.225564 2.000000 0.258333 0.230576 1.000000 0.331667 0.283208 1.000000 0.246667 0.293233 2.000000 0.000000 0.000000 0.000000 0.000000 0.000000 0.000000 0.000000 0.000000 0.000000 0.000000 0.000000 0.000000 0.000000 0.000000 0.000000 0.000000 0.000000 0.000000 0.000000 0.000000 0.000000 0.000000 0.000000 0.000000 0.000000 0.000000 0.000000 0.000000 0.000000 0.000000
0 0.330817 0.554799 0.160967 0.671153 0.330000 0.278195 2.000000 0.341667 0.268170 2.000000 0.321667 0.268170 2.000000 0.355000 0.285714 2.000000 0.306667 0.280702 1.000000 0.383333 0.370927 2.000000 0.286667 0.370927 2.000000 0.391667 0.466165 2.000000 0.271667 0.468672 2.000000 0.395000 0.573935 2.000000 0.263333 0.568922 2.000000 0.360000 0.573935 2.000000 0.301667 0.573935 2.000000 0.360000 0.704261 2.000000 0.301667 0.709273 2.000000 0.363333 0.824561 2.000000 0.306667 0.837093 2.000000
0 0.908833 0.541566 0.178967 0.881479 0.925000 0.250627 2.000000 0.946667 0.215539 2.000000 0.911667 0.218045 2.000000 0.991667 0.238095 2.000000 0.000000 0.000000 0.000000 0.983333 0.385965 2.000000 0.923333 0.378446 2.000000 0.985000 0.606516 2.000000 0.920000 0.578947 2.000000 0.883333 0.729323 2.000000 0.846667 0.676692 2.000000 0.968333 0.817043 2.000000 0.928333 0.769424 2.000000 0.000000 0.000000 0.000000 0.000000 0.000000 0.000000 0.000000 0.000000 0.000000 0.000000 0.000000 0.000000
0 0.839525 0.549411 0.167950 0.899574 0.808333 0.218045 2.000000 0.826667 0.185464 2.000000 0.798333 0.192982 2.000000 0.858333 0.192982 2.000000 0.000000 0.000000 0.000000 0.903333 0.335840 2.000000 0.780000 0.323308 2.000000 0.000000 0.000000 0.000000 0.000000 0.000000 0.000000 0.000000 0.000000 0.000000 0.000000 0.000000 0.000000 0.838333 0.651629 1.000000 0.766667 0.639098 2.000000 0.850000 0.932331 2.000000 0.790000 0.892231 2.000000 0.000000 0.000000 0.000000 0.000000 0.000000 0.000000
0 0.392842 0.237444 0.066417 0.120652 0.395000 0.233083 2.000000 0.405000 0.220551 2.000000 0.388333 0.220551 2.000000 0.000000 0.000000 0.000000 0.000000 0.000000 0.000000 0.430000 0.280702 1.000000 0.366667 0.290727 2.000000 0.000000 0.000000 0.000000 0.000000 0.000000 0.000000 0.000000 0.000000 0.000000 0.000000 0.000000 0.000000 0.000000 0.000000 0.000000 0.000000 0.000000 0.000000 0.000000 0.000000 0.000000 0.000000 0.000000 0.000000 0.000000 0.000000 0.000000 0.000000 0.000000 0.000000
0 0.217767 0.562444 0.129567 0.640827 0.220000 0.310777 2.000000 0.226667 0.300752 2.000000 0.210000 0.300752 2.000000 0.243333 0.308271 2.000000 0.198333 0.308271 2.000000 0.256667 0.365915 2.000000 0.180000 0.373434 2.000000 0.000000 0.000000 0.000000 0.168333 0.491228 2.000000 0.000000 0.000000 0.000000 0.175000 0.581454 2.000000 0.253333 0.571429 1.000000 0.201667 0.573935 2.000000 0.256667 0.726817 2.000000 0.213333 0.724311 2.000000 0.255000 0.837093 2.000000 0.220000 0.847118 2.000000
0 0.126000 0.554110 0.156900 0.698396 0.133333 0.258145 2.000000 0.140000 0.243108 2.000000 0.121667 0.248120 2.000000 0.153333 0.245614 2.000000 0.111667 0.265664 2.000000 0.183333 0.348371 2.000000 0.093333 0.345865 2.000000 0.196667 0.453634 1.000000 0.095000 0.456140 2.000000 0.168333 0.538847 1.000000 0.130000 0.533835 2.000000 0.171667 0.551378 1.000000 0.103333 0.546366 2.000000 0.168333 0.684211 2.000000 0.091667 0.694236 2.000000 0.165000 0.799499 2.000000 0.085000 0.829574 2.000000
0 0.043667 0.534662 0.087333 0.669624 0.038333 0.260652 2.000000 0.048333 0.250627 2.000000 0.028333 0.250627 2.000000 0.060000 0.258145 2.000000 0.013333 0.255639 2.000000 0.090000 0.328321 1.000000 0.000000 0.000000 0.000000 0.120000 0.441103 1.000000 0.000000 0.000000 0.000000 0.091667 0.513784 1.000000 0.033333 0.516291 2.000000 0.083333 0.543860 2.000000 0.023333 0.548872 2.000000 0.000000 0.000000 0.000000 0.030000 0.674185 2.000000 0.000000 0.000000 0.000000 0.036667 0.827068 2.000000
