0 0.538484 0.611240 0.382594 0.755062 0.403125 0.435417 2.000000 0.423438 0.410417 2.000000 0.403125 0.406250 2.000000 0.510938 0.402083 2.000000 0.000000 0.000000 0.000000 0.596875 0.627083 2.000000 0.432812 0.560417 2.000000 0.689063 0.927083 2.000000 0.457813 0.737500 2.000000 0.000000 0.000000 0.000000 0.409375 0.745833 2.000000 0.554688 0.991667 1.000000 0.453125 0.983333 1.000000 0.000000 0.000000 0.000000 0.000000 0.000000 0.000000 0.000000 0.000000 0.000000 0.000000 0.000000 0.000000
0 0.326969 0.584708 0.171906 0.658417 0.000000 0.000000 0.000000 0.000000 0.000000 0.000000 0.000000 0.000000 0.000000 0.000000 0.000000 0.000000 0.350000 0.322917 2.000000 0.285938 0.379167 2.000000 0.348438 0.383333 2.000000 0.278125 0.477083 2.000000 0.367188 0.495833 2.000000 0.284375 0.556250 2.000000 0.393750 0.422917 2.000000 0.289062 0.558333 2.000000 0.339062 0.560417 2.000000 0.321875 0.691667 2.000000 0.348438 0.708333 2.000000 0.312500 0.825000 2.000000 0.337500 0.872917 2.000000
0 0.229125 0.384292 0.065375 0.319958 0.203125 0.270833 2.000000 0.206250 0.266667 2.000000 0.000000 0.000000 0.000000 0.223438 0.260417 2.000000 0.000000 0.000000 0.000000 0.235937 0.302083 2.000000 0.223438 0.297917 2.000000 0.246875 0.362500 2.000000 0.000000 0.000000 0.000000 0.232813 0.418750 2.000000 0.000000 0.000000 0.000000 0.242188 0.425000 2.000000 0.220312 0.410417 2.000000 0.240625 0.527083 2.000000 0.212500 0.493750 2.000000 0.000000 0.000000 0.000000 0.000000 0.000000 0.000000
0 0.749625 0.500823 0.164187 0.411438 0.767188 0.329167 2.000000 0.000000 0.000000 0.000000 0.760938 0.325000 2.000000 0.000000 0.000000 0.000000 0.746875 0.333333 2.000000 0.718750 0.379167 2.000000 0.757812 0.387500 2.000000 0.707812 0.416667 2.000000 0.773438 0.450000 2.000000 0.695312 0.439583 2.000000 0.798438 0.418750 2.000000 0.729688 0.487500 2.000000 0.753125 0.493750 2.000000 0.754687 0.566667 2.000000 0.739062 0.566667 2.000000 0.764062 0.641667 2.000000 0.715625 0.677083 2.000000
0 0.858250 0.473042 0.142625 0.338250 0.000000 0.000000 0.000000 0.000000 0.000000 0.000000 0.000000 0.000000 0.000000 0.843750 0.331250 2.000000 0.868750 0.337500 2.000000 0.832812 0.368750 2.000000 0.867188 0.381250 2.000000 0.828125 0.416667 2.000000 0.885938 0.437500 2.000000 0.000000 0.000000 0.000000 0.901563 0.389583 2.000000 0.835938 0.470833 2.000000 0.860938 0.475000 2.000000 0.817187 0.550000 1.000000 0.876563 0.537500 2.000000 0.803125 0.625000 2.000000 0.879687 0.610417 2.000000
0 0.919281 0.395365 0.040656 0.120021 0.000000 0.000000 0.000000 0.000000 0.000000 0.000000 0.000000 0.000000 0.000000 0.000000 0.000000 0.000000 0.000000 0.000000 0.000000 0.900000 0.372917 2.000000 0.929688 0.368750 2.000000 0.896875 0.410417 1.000000 0.000000 0.000000 0.000000 0.889062 0.439583 1.000000 0.000000 0.000000 0.000000 0.918750 0.414583 2.000000 0.931250 0.414583 2.000000 0.901563 0.395833 1.000000 0.000000 0.000000 0.000000 0.904687 0.441667 2.000000 0.926562 0.439583 2.000000
0 0.917727 0.709219 0.164547 0.581562 0.000000 0.000000 0.000000 0.000000 0.000000 0.000000 0.000000 0.000000 0.000000 0.000000 0.000000 0.000000 0.000000 0.000000 0.000000 0.000000 0.000000 0.000000 0.959375 0.606250 2.000000 0.000000 0.000000 0.000000 0.912500 0.756250 2.000000 0.000000 0.000000 0.000000 0.868750 0.866667 2.000000 0.000000 0.000000 0.000000 0.945312 0.954167 2.000000 0.000000 0.000000 0.000000 0.000000 0.000000 0.000000 0.000000 0.000000 0.000000 0.000000 0.000000 0.000000
0 0.591664 0.397146 0.117984 0.208333 0.000000 0.000000 0.000000 0.000000 0.000000 0.000000 0.000000 0.000000 0.000000 0.000000 0.000000 0.000000 0.556250 0.322917 2.000000 0.000000 0.000000 0.000000 0.551562 0.370833 2.000000 0.000000 0.000000 0.000000 0.618750 0.385417 2.000000 0.000000 0.000000 0.000000 0.631250 0.331250 2.000000 0.000000 0.000000 0.000000 0.550000 0.466667 2.000000 0.000000 0.000000 0.000000 0.000000 0.000000 0.000000 0.000000 0.000000 0.000000 0.000000 0.000000 0.000000
0 0.105945 0.632062 0.208516 0.734958 0.087500 0.325000 2.000000 0.000000 0.000000 0.000000 0.076563 0.318750 2.000000 0.000000 0.000000 0.000000 0.048438 0.337500 2.000000 0.039062 0.416667 2.000000 0.046875 0.433333 2.000000 0.000000 0.000000 0.000000 0.067187 0.535417 2.000000 0.000000 0.000000 0.000000 0.115625 0.493750 2.000000 0.057813 0.593750 2.000000 0.043750 0.608333 2.000000 0.114062 0.714583 2.000000 0.018750 0.770833 2.000000 0.137500 0.877083 2.000000 0.000000 0.000000 0.000000
0 0.971531 0.385375 0.056937 0.231458 0.000000 0.000000 0.000000 0.984375 0.250000 1.000000 0.000000 0.000000 0.000000 0.990625 0.250000 1.000000 0.000000 0.000000 0.000000 0.993750 0.266667 1.000000 0.000000 0.000000 0.000000 0.000000 0.000000 0.000000 0.000000 0.000000 0.000000 0.987500 0.306250 1.000000 0.990625 0.308333 1.000000 0.000000 0.000000 0.000000 0.000000 0.000000 0.000000 0.000000 0.000000 0.000000 0.000000 0.000000 0.000000 0.000000 0.000000 0.000000 0.000000 0.000000 0.000000
