0 0.593391 0.485890 0.358438 0.846487 0.595313 0.156909 2.000000 0.610938 0.138173 2.000000 0.587500 0.138173 2.000000 0.639062 0.152225 2.000000 0.000000 0.000000 0.000000 0.675000 0.227166 2.000000 0.560937 0.245902 2.000000 0.754687 0.302108 2.000000 0.535937 0.334895 2.000000 0.682813 0.262295 2.000000 0.429688 0.358314 1.000000 0.635938 0.473068 2.000000 0.559375 0.461358 2.000000 0.632812 0.737705 2.000000 0.489063 0.632319 2.000000 0.685937 0.833724 2.000000 0.471875 0.840749 1.000000
0 0.265070 0.562635 0.518078 0.805878 0.000000 0.000000 0.000000 0.000000 0.000000 0.000000 0.000000 0.000000 0.000000 0.000000 0.000000 0.000000 0.000000 0.000000 0.000000 0.181250 0.341920 2.000000 0.301563 0.323185 2.000000 0.087500 0.384075 2.000000 0.403125 0.351288 2.000000 0.006250 0.337237 2.000000 0.482812 0.266979 1.000000 0.228125 0.599532 2.000000 0.312500 0.592506 2.000000 0.189062 0.782201 2.000000 0.360938 0.742389 2.000000 0.160938 0.882904 2.000000 0.371875 0.894614 2.000000
0 0.154719 0.278255 0.068687 0.153138 0.142187 0.257611 2.000000 0.146875 0.248244 2.000000 0.137500 0.248244 2.000000 0.159375 0.250585 2.000000 0.000000 0.000000 0.000000 0.178125 0.302108 2.000000 0.128125 0.299766 1.000000 0.000000 0.000000 0.000000 0.000000 0.000000 0.000000 0.000000 0.000000 0.000000 0.000000 0.000000 0.000000 0.000000 0.000000 0.000000 0.000000 0.000000 0.000000 0.000000 0.000000 0.000000 0.000000 0.000000 0.000000 0.000000 0.000000 0.000000 0.000000 0.000000 0.000000
0 0.485891 0.148162 0.083719 0.130000 0.482812 0.114754 2.000000 0.485938 0.107728 2.000000 0.479687 0.110070 2.000000 0.000000 0.000000 0.000000 0.000000 0.000000 0.000000 0.503125 0.159251 2.000000 0.460938 0.161593 2.000000 0.000000 0.000000 0.000000 0.000000 0.000000 0.000000 0.000000 0.000000 0.000000 0.000000 0.000000 0.000000 0.000000 0.000000 0.000000 0.000000 0.000000 0.000000 0.000000 0.000000 0.000000 0.000000 0.000000 0.000000 0.000000 0.000000 0.000000 0.000000 0.000000 0.000000
0 0.673719 0.047775 0.094937 0.095035 0.000000 0.000000 0.000000 0.000000 0.000000 0.000000 0.000000 0.000000 0.000000 0.000000 0.000000 0.000000 0.000000 0.000000 0.000000 0.689063 0.014052 2.000000 0.642188 0.018735 2.000000 0.712500 0.067916 2.000000 0.631250 0.074941 1.000000 0.000000 0.000000 0.000000 0.675000 0.084309 2.000000 0.000000 0.000000 0.000000 0.000000 0.000000 0.000000 0.000000 0.000000 0.000000 0.000000 0.000000 0.000000 0.000000 0.000000 0.000000 0.000000 0.000000 0.000000
0 0.085047 0.150340 0.096906 0.118009 0.073438 0.145199 2.000000 0.076563 0.138173 2.000000 0.068750 0.138173 2.000000 0.085938 0.133489 2.000000 0.057813 0.135831 2.000000 0.096875 0.173302 2.000000 0.053125 0.175644 2.000000 0.000000 0.000000 0.000000 0.000000 0.000000 0.000000 0.000000 0.000000 0.000000 0.000000 0.000000 0.000000 0.000000 0.000000 0.000000 0.000000 0.000000 0.000000 0.000000 0.000000 0.000000 0.000000 0.000000 0.000000 0.000000 0.000000 0.000000 0.000000 0.000000 0.000000
0 0.728852 0.143208 0.076859 0.091897 0.000000 0.000000 0.000000 0.000000 0.000000 0.000000 0.000000 0.000000 0.000000 0.000000 0.000000 0.000000 0.000000 0.000000 0.000000 0.000000 0.000000 0.000000 0.698438 0.154567 2.000000 0.000000 0.000000 0.000000 0.000000 0.000000 0.000000 0.000000 0.000000 0.000000 0.000000 0.000000 0.000000 0.000000 0.000000 0.000000 0.751563 0.159251 2.000000 0.000000 0.000000 0.000000 0.000000 0.000000 0.000000 0.000000 0.000000 0.000000 0.000000 0.000000 0.000000
0 0.838633 0.100621 0.116922 0.184286 0.000000 0.000000 0.000000 0.810937 0.051522 2.000000 0.804688 0.051522 2.000000 0.000000 0.000000 0.000000 0.000000 0.000000 0.000000 0.825000 0.093677 2.000000 0.792188 0.093677 2.000000 0.000000 0.000000 0.000000 0.793750 0.135831 2.000000 0.000000 0.000000 0.000000 0.821875 0.168618 2.000000 0.000000 0.000000 0.000000 0.800000 0.187354 2.000000 0.000000 0.000000 0.000000 0.000000 0.000000 0.000000 0.000000 0.000000 0.000000 0.000000 0.000000 0.000000
0 0.931930 0.105913 0.065047 0.160960 0.000000 0.000000 0.000000 0.000000 0.000000 0.000000 0.000000 0.000000 0.000000 0.000000 0.000000 0.000000 0.000000 0.000000 0.000000 0.959375 0.096019 2.000000 0.917188 0.098361 2.000000 0.000000 0.000000 0.000000 0.000000 0.000000 0.000000 0.000000 0.000000 0.000000 0.000000 0.000000 0.000000 0.954688 0.170960 1.000000 0.926562 0.173302 2.000000 0.000000 0.000000 0.000000 0.000000 0.000000 0.000000 0.000000 0.000000 0.000000 0.000000 0.000000 0.000000
0 0.479406 0.107342 0.093563 0.146956 0.000000 0.000000 0.000000 0.000000 0.000000 0.000000 0.000000 0.000000 0.000000 0.000000 0.000000 0.000000 0.000000 0.000000 0.000000 0.501563 0.098361 2.000000 0.451562 0.096019 2.000000 0.000000 0.000000 0.000000 0.000000 0.000000 0.000000 0.000000 0.000000 0.000000 0.000000 0.000000 0.000000 0.000000 0.000000 0.000000 0.000000 0.000000 0.000000 0.000000 0.000000 0.000000 0.000000 0.000000 0.000000 0.000000 0.000000 0.000000 0.000000 0.000000 0.000000
