0 0.313484 0.555063 0.252812 0.597750 0.340625 0.341667 2.000000 0.348438 0.329167 2.000000 0.325000 0.327083 2.000000 0.000000 0.000000 0.000000 0.292187 0.341667 2.000000 0.000000 0.000000 0.000000 0.317188 0.412500 2.000000 0.000000 0.000000 0.000000 0.407813 0.508333 2.000000 0.000000 0.000000 0.000000 0.000000 0.000000 0.000000 0.262500 0.643750 2.000000 0.268750 0.641667 2.000000 0.373437 0.545833 2.000000 0.390625 0.610417 2.000000 0.437500 0.733333 2.000000 0.326562 0.787500 2.000000
0 0.138055 0.441104 0.165703 0.370333 0.107813 0.327083 2.000000 0.110937 0.308333 2.000000 0.090625 0.312500 2.000000 0.000000 0.000000 0.000000 0.060937 0.327083 1.000000 0.112500 0.387500 2.000000 0.100000 0.422917 2.000000 0.000000 0.000000 0.000000 0.173437 0.489583 2.000000 0.000000 0.000000 0.000000 0.210938 0.470833 2.000000 0.196875 0.547917 2.000000 0.195312 0.587500 1.000000 0.000000 0.000000 0.000000 0.000000 0.000000 0.000000 0.000000 0.000000 0.000000 0.000000 0.000000 0.000000
0 0.778586 0.553812 0.299328 0.551583 0.853125 0.366667 2.000000 0.871875 0.356250 2.000000 0.850000 0.345833 2.000000 0.896875 0.370833 2.000000 0.000000 0.000000 0.000000 0.851562 0.445833 2.000000 0.895312 0.427083 2.000000 0.762500 0.562500 2.000000 0.000000 0.000000 0.000000 0.726562 0.552083 2.000000 0.000000 0.000000 0.000000 0.775000 0.635417 2.000000 0.828125 0.618750 1.000000 0.676562 0.554167 2.000000 0.678125 0.618750 2.000000 0.651563 0.637500 2.000000 0.682813 0.777083 2.000000
0 0.777359 0.365667 0.126500 0.263375 0.787500 0.300000 2.000000 0.798438 0.283333 2.000000 0.781250 0.285417 2.000000 0.825000 0.285417 2.000000 0.771875 0.291667 2.000000 0.829688 0.368750 1.000000 0.792188 0.364583 2.000000 0.823438 0.460417 1.000000 0.000000 0.000000 0.000000 0.757812 0.433333 2.000000 0.000000 0.000000 0.000000 0.815625 0.525000 1.000000 0.792188 0.512500 1.000000 0.710938 0.537500 1.000000 0.710938 0.518750 1.000000 0.000000 0.000000 0.000000 0.000000 0.000000 0.000000
0 0.869031 0.187219 0.085938 0.147354 0.864062 0.139583 2.000000 0.868750 0.133333 2.000000 0.860938 0.133333 2.000000 0.881250 0.137500 2.000000 0.000000 0.000000 0.000000 0.892188 0.156250 2.000000 0.851562 0.154167 2.000000 0.882812 0.206250 2.000000 0.846875 0.206250 2.000000 0.885938 0.250000 2.000000 0.837500 0.241667 2.000000 0.882812 0.250000 2.000000 0.857812 0.252083 2.000000 0.000000 0.000000 0.000000 0.000000 0.000000 0.000000 0.000000 0.000000 0.000000 0.000000 0.000000 0.000000
0 0.705180 0.328302 0.100859 0.187021 0.695312 0.281250 2.000000 0.704688 0.275000 2.000000 0.690625 0.275000 2.000000 0.720313 0.275000 2.000000 0.000000 0.000000 0.000000 0.745313 0.329167 2.000000 0.678125 0.335417 2.000000 0.704688 0.420833 1.000000 0.659375 0.402083 1.000000 0.000000 0.000000 0.000000 0.000000 0.000000 0.000000 0.729688 0.454167 1.000000 0.684375 0.450000 1.000000 0.000000 0.000000 0.000000 0.000000 0.000000 0.000000 0.000000 0.000000 0.000000 0.000000 0.000000 0.000000
0 0.625234 0.204229 0.072688 0.221750 0.606250 0.118750 2.000000 0.610938 0.110417 2.000000 0.000000 0.000000 0.000000 0.625000 0.114583 2.000000 0.000000 0.000000 0.000000 0.645312 0.154167 2.000000 0.601562 0.156250 2.000000 0.657813 0.202083 2.000000 0.598437 0.197917 2.000000 0.615625 0.220833 2.000000 0.598437 0.210417 2.000000 0.634375 0.260417 2.000000 0.610938 0.260417 2.000000 0.000000 0.000000 0.000000 0.000000 0.000000 0.000000 0.000000 0.000000 0.000000 0.000000 0.000000 0.000000
0 0.551844 0.189292 0.055906 0.168958 0.553125 0.133333 2.000000 0.554688 0.125000 2.000000 0.546875 0.127083 2.000000 0.559375 0.127083 2.000000 0.535937 0.131250 2.000000 0.567187 0.164583 2.000000 0.531250 0.166667 2.000000 0.573438 0.206250 2.000000 0.529687 0.208333 1.000000 0.545312 0.195833 2.000000 0.560937 0.195833 2.000000 0.564063 0.252083 2.000000 0.543750 0.254167 2.000000 0.000000 0.000000 0.000000 0.000000 0.000000 0.000000 0.000000 0.000000 0.000000 0.000000 0.000000 0.000000
0 0.512750 0.198490 0.078906 0.171646 0.000000 0.000000 0.000000 0.000000 0.000000 0.000000 0.000000 0.000000 0.000000 0.501563 0.139583 2.000000 0.521875 0.143750 2.000000 0.489063 0.179167 2.000000 0.521875 0.181250 2.000000 0.000000 0.000000 0.000000 0.532813 0.231250 2.000000 0.000000 0.000000 0.000000 0.539062 0.270833 2.000000 0.000000 0.000000 0.000000 0.000000 0.000000 0.000000 0.000000 0.000000 0.000000 0.000000 0.000000 0.000000 0.000000 0.000000 0.000000 0.000000 0.000000 0.000000
0 0.499250 0.295698 0.123562 0.173271 0.514062 0.254167 2.000000 0.521875 0.250000 2.000000 0.504687 0.243750 2.000000 0.529687 0.245833 2.000000 0.492188 0.241667 2.000000 0.543750 0.308333 2.000000 0.462500 0.314583 2.000000 0.542188 0.366667 1.000000 0.451562 0.379167 2.000000 0.534375 0.302083 2.000000 0.471875 0.306250 2.000000 0.000000 0.000000 0.000000 0.000000 0.000000 0.000000 0.000000 0.000000 0.000000 0.000000 0.000000 0.000000 0.000000 0.000000 0.000000 0.000000 0.000000 0.000000
0 0.076852 0.393823 0.124078 0.604938 0.064062 0.143750 2.000000 0.068750 0.131250 2.000000 0.053125 0.131250 2.000000 0.000000 0.000000 0.000000 0.028125 0.139583 2.000000 0.065625 0.206250 2.000000 0.035937 0.212500 2.000000 0.073438 0.277083 1.000000 0.048438 0.322917 2.000000 0.101562 0.258333 1.000000 0.101562 0.266667 1.000000 0.070312 0.362500 1.000000 0.050000 0.377083 2.000000 0.131250 0.472917 1.000000 0.084375 0.510417 2.000000 0.076563 0.616667 2.000000 0.082812 0.629167 2.000000
0 0.273492 0.321490 0.073078 0.175146 0.292187 0.279167 1.000000 0.300000 0.270833 1.000000 0.290625 0.266667 2.000000 0.000000 0.000000 0.000000 0.282813 0.256250 2.000000 0.000000 0.000000 0.000000 0.000000 0.000000 0.000000 0.000000 0.000000 0.000000 0.246875 0.372917 2.000000 0.000000 0.000000 0.000000 0.273438 0.297917 2.000000 0.000000 0.000000 0.000000 0.000000 0.000000 0.000000 0.000000 0.000000 0.000000 0.000000 0.000000 0.000000 0.000000 0.000000 0.000000 0.000000 0.000000 0.000000
