0 0.058047 0.436060 0.116094 0.327332 0.000000 0.000000 0.000000 0.000000 0.000000 0.000000 0.000000 0.000000 0.000000 0.003125 0.334165 2.000000 0.000000 0.000000 0.000000 0.050000 0.389027 2.000000 0.000000 0.000000 0.000000 0.000000 0.000000 0.000000 0.000000 0.000000 0.000000 0.000000 0.000000 0.000000 0.000000 0.000000 0.000000 0.000000 0.000000 0.000000 0.000000 0.000000 0.000000 0.000000 0.000000 0.000000 0.000000 0.000000 0.000000 0.000000 0.000000 0.000000 0.000000 0.000000 0.000000
0 0.535539 0.615998 0.272359 0.504514 0.559375 0.513716 2.000000 0.570312 0.476309 2.000000 0.542188 0.481297 2.000000 0.000000 0.000000 0.000000 0.498437 0.493766 2.000000 0.635938 0.613466 2.000000 0.440625 0.603491 2.000000 0.664062 0.815461 1.000000 0.417187 0.820449 2.000000 0.651563 0.798005 2.000000 0.457813 0.817955 1.000000 0.620313 0.902743 1.000000 0.487500 0.912718 1.000000 0.000000 0.000000 0.000000 0.000000 0.000000 0.000000 0.000000 0.000000 0.000000 0.000000 0.000000 0.000000
0 0.921227 0.276995 0.099297 0.154539 0.000000 0.000000 0.000000 0.000000 0.000000 0.000000 0.000000 0.000000 0.000000 0.939063 0.231920 2.000000 0.000000 0.000000 0.000000 0.918750 0.291771 2.000000 0.968750 0.289277 2.000000 0.876563 0.316708 2.000000 0.000000 0.000000 0.000000 0.903125 0.286783 2.000000 0.000000 0.000000 0.000000 0.921875 0.408978 1.000000 0.968750 0.408978 1.000000 0.000000 0.000000 0.000000 0.000000 0.000000 0.000000 0.000000 0.000000 0.000000 0.000000 0.000000 0.000000
0 0.805336 0.187693 0.082266 0.172693 0.815625 0.144638 2.000000 0.820312 0.139651 2.000000 0.812500 0.137157 2.000000 0.826562 0.139651 2.000000 0.803125 0.134663 1.000000 0.837500 0.179551 2.000000 0.790625 0.174564 2.000000 0.839063 0.231920 1.000000 0.776563 0.219451 2.000000 0.000000 0.000000 0.000000 0.768750 0.249377 2.000000 0.821875 0.284289 1.000000 0.790625 0.279302 1.000000 0.000000 0.000000 0.000000 0.000000 0.000000 0.000000 0.000000 0.000000 0.000000 0.000000 0.000000 0.000000
0 0.731445 0.214913 0.080828 0.227531 0.000000 0.000000 0.000000 0.000000 0.000000 0.000000 0.000000 0.000000 0.000000 0.000000 0.000000 0.000000 0.739062 0.139651 2.000000 0.704688 0.169576 2.000000 0.742188 0.179551 2.000000 0.693750 0.229426 2.000000 0.750000 0.239401 2.000000 0.704688 0.264339 2.000000 0.775000 0.256858 1.000000 0.712500 0.266833 2.000000 0.737500 0.276808 2.000000 0.000000 0.000000 0.000000 0.000000 0.000000 0.000000 0.000000 0.000000 0.000000 0.000000 0.000000 0.000000
0 0.507508 0.286633 0.061984 0.164439 0.000000 0.000000 0.000000 0.000000 0.000000 0.000000 0.000000 0.000000 0.000000 0.500000 0.244389 2.000000 0.000000 0.000000 0.000000 0.509375 0.294264 2.000000 0.501563 0.276808 2.000000 0.000000 0.000000 0.000000 0.000000 0.000000 0.000000 0.000000 0.000000 0.000000 0.000000 0.000000 0.000000 0.000000 0.000000 0.000000 0.000000 0.000000 0.000000 0.000000 0.000000 0.000000 0.000000 0.000000 0.000000 0.000000 0.000000 0.000000 0.000000 0.000000 0.000000
0 0.447063 0.410125 0.140656 0.406733 0.000000 0.000000 0.000000 0.453125 0.254364 2.000000 0.000000 0.000000 0.000000 0.464062 0.256858 2.000000 0.000000 0.000000 0.000000 0.451562 0.314214 2.000000 0.501563 0.311721 2.000000 0.421875 0.386534 2.000000 0.000000 0.000000 0.000000 0.406250 0.371571 2.000000 0.000000 0.000000 0.000000 0.443750 0.443890 2.000000 0.482812 0.436409 1.000000 0.382812 0.458853 2.000000 0.000000 0.000000 0.000000 0.404687 0.573566 1.000000 0.000000 0.000000 0.000000
0 0.337492 0.369177 0.115078 0.258753 0.000000 0.000000 0.000000 0.000000 0.000000 0.000000 0.353125 0.276808 2.000000 0.000000 0.000000 0.000000 0.343750 0.276808 2.000000 0.306250 0.321696 2.000000 0.359375 0.321696 2.000000 0.284375 0.401496 2.000000 0.392188 0.406484 2.000000 0.000000 0.000000 0.000000 0.000000 0.000000 0.000000 0.321875 0.451372 1.000000 0.350000 0.451372 1.000000 0.000000 0.000000 0.000000 0.000000 0.000000 0.000000 0.000000 0.000000 0.000000 0.000000 0.000000 0.000000
0 0.849414 0.621945 0.278984 0.509925 0.748437 0.531172 1.000000 0.767188 0.496259 2.000000 0.000000 0.000000 0.000000 0.828125 0.508728 2.000000 0.000000 0.000000 0.000000 0.946875 0.638404 2.000000 0.765625 0.591022 2.000000 0.925000 0.855362 1.000000 0.773438 0.825436 2.000000 0.837500 0.825436 2.000000 0.746875 0.773067 2.000000 0.000000 0.000000 0.000000 0.000000 0.000000 0.000000 0.000000 0.000000 0.000000 0.000000 0.000000 0.000000 0.000000 0.000000 0.000000 0.000000 0.000000 0.000000
0 0.513656 0.225249 0.115625 0.272294 0.464062 0.129676 2.000000 0.465625 0.124688 2.000000 0.000000 0.000000 0.000000 0.479687 0.124688 2.000000 0.000000 0.000000 0.000000 0.510938 0.164589 2.000000 0.465625 0.179551 2.000000 0.539062 0.226933 2.000000 0.464062 0.236908 1.000000 0.559375 0.274314 2.000000 0.000000 0.000000 0.000000 0.515625 0.269327 1.000000 0.482812 0.279302 1.000000 0.000000 0.000000 0.000000 0.000000 0.000000 0.000000 0.000000 0.000000 0.000000 0.000000 0.000000 0.000000
0 0.864648 0.175287 0.049266 0.196509 0.842187 0.122195 2.000000 0.843750 0.114713 2.000000 0.000000 0.000000 0.000000 0.856250 0.117207 2.000000 0.000000 0.000000 0.000000 0.870313 0.154613 2.000000 0.875000 0.139651 2.000000 0.871875 0.226933 2.000000 0.000000 0.000000 0.000000 0.851562 0.276808 1.000000 0.000000 0.000000 0.000000 0.870313 0.279302 1.000000 0.850000 0.264339 2.000000 0.000000 0.000000 0.000000 0.000000 0.000000 0.000000 0.000000 0.000000 0.000000 0.000000 0.000000 0.000000
0 0.161109 0.667531 0.312469 0.664938 0.232813 0.473815 2.000000 0.218750 0.446384 2.000000 0.206250 0.451372 2.000000 0.000000 0.000000 0.000000 0.139063 0.481297 2.000000 0.260937 0.588529 2.000000 0.048438 0.608479 2.000000 0.296875 0.855362 2.000000 0.084375 0.857855 2.000000 0.000000 0.000000 0.000000 0.196875 0.902743 1.000000 0.000000 0.000000 0.000000 0.000000 0.000000 0.000000 0.000000 0.000000 0.000000 0.000000 0.000000 0.000000 0.000000 0.000000 0.000000 0.000000 0.000000 0.000000
0 0.808180 0.295000 0.102984 0.164364 0.842187 0.279302 2.000000 0.000000 0.000000 0.000000 0.837500 0.266833 2.000000 0.000000 0.000000 0.000000 0.812500 0.266833 2.000000 0.835938 0.314214 2.000000 0.771875 0.324190 2.000000 0.857812 0.386534 1.000000 0.784375 0.403990 1.000000 0.000000 0.000000 0.000000 0.000000 0.000000 0.000000 0.000000 0.000000 0.000000 0.000000 0.000000 0.000000 0.000000 0.000000 0.000000 0.000000 0.000000 0.000000 0.000000 0.000000 0.000000 0.000000 0.000000 0.000000
