0 0.435547 0.554426 0.547250 0.880890 0.396875 0.213115 2.000000 0.406250 0.194379 2.000000 0.000000 0.000000 0.000000 0.423438 0.213115 2.000000 0.000000 0.000000 0.000000 0.400000 0.309133 2.000000 0.506250 0.297424 2.000000 0.310937 0.388759 2.000000 0.560937 0.433255 2.000000 0.218750 0.388759 2.000000 0.484375 0.510539 2.000000 0.439063 0.576112 2.000000 0.517188 0.566745 2.000000 0.351562 0.754098 2.000000 0.587500 0.765808 2.000000 0.285938 0.960187 2.000000 0.684375 0.955504 2.000000
0 0.753133 0.413021 0.114203 0.147681 0.732812 0.379391 2.000000 0.739062 0.370023 2.000000 0.731250 0.370023 2.000000 0.760938 0.377049 2.000000 0.000000 0.000000 0.000000 0.782813 0.423888 2.000000 0.725000 0.428571 2.000000 0.800000 0.484778 2.000000 0.703125 0.489461 1.000000 0.771875 0.442623 2.000000 0.000000 0.000000 0.000000 0.000000 0.000000 0.000000 0.000000 0.000000 0.000000 0.000000 0.000000 0.000000 0.000000 0.000000 0.000000 0.000000 0.000000 0.000000 0.000000 0.000000 0.000000
0 0.847289 0.442096 0.072609 0.093841 0.837500 0.435597 2.000000 0.842187 0.426230 2.000000 0.837500 0.426230 2.000000 0.856250 0.435597 2.000000 0.000000 0.000000 0.000000 0.867188 0.459016 2.000000 0.835938 0.463700 2.000000 0.000000 0.000000 0.000000 0.818750 0.482436 2.000000 0.000000 0.000000 0.000000 0.826562 0.442623 2.000000 0.000000 0.000000 0.000000 0.000000 0.000000 0.000000 0.000000 0.000000 0.000000 0.000000 0.000000 0.000000 0.000000 0.000000 0.000000 0.000000 0.000000 0.000000
0 0.653305 0.808314 0.142422 0.345105 0.639062 0.693208 2.000000 0.642188 0.683841 2.000000 0.000000 0.000000 0.000000 0.665625 0.688525 2.000000 0.000000 0.000000 0.000000 0.695312 0.730679 2.000000 0.639062 0.742389 2.000000 0.700000 0.819672 2.000000 0.000000 0.000000 0.000000 0.656250 0.847775 2.000000 0.000000 0.000000 0.000000 0.692187 0.845433 2.000000 0.642188 0.843091 1.000000 0.682813 0.852459 2.000000 0.595313 0.864169 1.000000 0.687500 0.960187 1.000000 0.626563 0.960187 2.000000
0 0.073977 0.918583 0.140203 0.092155 0.023438 0.936768 2.000000 0.025000 0.932084 2.000000 0.000000 0.000000 0.000000 0.037500 0.906323 2.000000 0.000000 0.000000 0.000000 0.062500 0.908665 2.000000 0.021875 0.903981 2.000000 0.000000 0.000000 0.000000 0.000000 0.000000 0.000000 0.000000 0.000000 0.000000 0.000000 0.000000 0.000000 0.107813 0.950820 2.000000 0.073438 0.953162 2.000000 0.000000 0.000000 0.000000 0.000000 0.000000 0.000000 0.000000 0.000000 0.000000 0.000000 0.000000 0.000000
0 0.045156 0.219567 0.071781 0.154543 0.056250 0.177986 2.000000 0.060937 0.170960 2.000000 0.050000 0.170960 2.000000 0.065625 0.177986 2.000000 0.040625 0.177986 2.000000 0.071875 0.208431 2.000000 0.029687 0.220141 2.000000 0.064062 0.266979 2.000000 0.015625 0.252927 2.000000 0.042188 0.269321 2.000000 0.021875 0.269321 2.000000 0.057813 0.281030 2.000000 0.025000 0.281030 2.000000 0.000000 0.000000 0.000000 0.000000 0.000000 0.000000 0.000000 0.000000 0.000000 0.000000 0.000000 0.000000
0 0.907195 0.703852 0.182953 0.567518 0.909375 0.508197 2.000000 0.920312 0.494145 2.000000 0.000000 0.000000 0.000000 0.956250 0.498829 2.000000 0.000000 0.000000 0.000000 0.987500 0.569087 2.000000 0.928125 0.580796 2.000000 0.967187 0.728337 2.000000 0.000000 0.000000 0.000000 0.884375 0.765808 2.000000 0.000000 0.000000 0.000000 0.000000 0.000000 0.000000 0.000000 0.000000 0.000000 0.903125 0.812646 2.000000 0.865625 0.824356 2.000000 0.000000 0.000000 0.000000 0.987500 0.927400 2.000000
0 0.519766 0.859578 0.129031 0.227026 0.000000 0.000000 0.000000 0.000000 0.000000 0.000000 0.000000 0.000000 0.000000 0.000000 0.000000 0.000000 0.000000 0.000000 0.000000 0.557813 0.751756 1.000000 0.514062 0.754098 2.000000 0.567187 0.822014 2.000000 0.498437 0.805621 2.000000 0.000000 0.000000 0.000000 0.517188 0.836066 2.000000 0.551562 0.861827 2.000000 0.517188 0.864169 2.000000 0.564063 0.843091 2.000000 0.465625 0.850117 2.000000 0.567187 0.978923 1.000000 0.492188 0.981265 1.000000
0 0.784813 0.681042 0.188625 0.115808 0.776563 0.672131 2.000000 0.784375 0.662763 2.000000 0.771875 0.662763 2.000000 0.798438 0.672131 2.000000 0.762500 0.669789 2.000000 0.817187 0.716628 2.000000 0.759375 0.711944 2.000000 0.868750 0.702576 2.000000 0.695312 0.695550 2.000000 0.814063 0.695550 2.000000 0.721875 0.695550 2.000000 0.000000 0.000000 0.000000 0.000000 0.000000 0.000000 0.000000 0.000000 0.000000 0.000000 0.000000 0.000000 0.000000 0.000000 0.000000 0.000000 0.000000 0.000000
0 0.381375 0.855468 0.109469 0.239602 0.000000 0.000000 0.000000 0.000000 0.000000 0.000000 0.000000 0.000000 0.000000 0.000000 0.000000 0.000000 0.000000 0.000000 0.000000 0.000000 0.000000 0.000000 0.000000 0.000000 0.000000 0.000000 0.000000 0.000000 0.000000 0.000000 0.000000 0.000000 0.000000 0.000000 0.000000 0.000000 0.000000 0.384375 0.833724 2.000000 0.332813 0.833724 1.000000 0.376563 0.845433 2.000000 0.290625 0.838407 1.000000 0.378125 0.974239 2.000000 0.275000 0.932084 1.000000
0 0.109555 0.217541 0.093797 0.199672 0.000000 0.000000 0.000000 0.126562 0.138173 2.000000 0.000000 0.000000 0.000000 0.137500 0.149883 2.000000 0.000000 0.000000 0.000000 0.150000 0.187354 2.000000 0.095312 0.177986 2.000000 0.134375 0.222482 1.000000 0.079687 0.222482 2.000000 0.098437 0.199063 2.000000 0.121875 0.208431 2.000000 0.118750 0.281030 2.000000 0.084375 0.281030 2.000000 0.110937 0.288056 2.000000 0.050000 0.295082 1.000000 0.114062 0.346604 1.000000 0.075000 0.353630 1.000000
