0 0.445773 0.512646 0.341078 0.955208 0.501563 0.091667 2.000000 0.509375 0.077083 1.000000 0.481250 0.075000 2.000000 0.523438 0.104167 1.000000 0.454688 0.097917 1.000000 0.542188 0.225000 2.000000 0.460938 0.237500 1.000000 0.592187 0.368750 2.000000 0.454688 0.385417 2.000000 0.565625 0.537500 2.000000 0.421875 0.454167 2.000000 0.529687 0.508333 2.000000 0.464062 0.495833 1.000000 0.448437 0.733333 2.000000 0.520312 0.725000 2.000000 0.517188 0.929167 2.000000 0.537500 0.920833 2.000000
0 0.233547 0.318562 0.100000 0.437250 0.242188 0.137500 2.000000 0.000000 0.000000 0.000000 0.235937 0.131250 2.000000 0.000000 0.000000 0.000000 0.212500 0.137500 2.000000 0.248438 0.185417 2.000000 0.196875 0.195833 2.000000 0.264062 0.245833 2.000000 0.196875 0.272917 1.000000 0.268750 0.266667 2.000000 0.228125 0.275000 2.000000 0.253125 0.306250 2.000000 0.209375 0.314583 2.000000 0.270313 0.400000 2.000000 0.217188 0.412500 2.000000 0.209375 0.479167 2.000000 0.223438 0.512500 2.000000
0 0.717914 0.245031 0.072484 0.189896 0.717187 0.197917 2.000000 0.723437 0.193750 2.000000 0.714063 0.191667 2.000000 0.000000 0.000000 0.000000 0.700000 0.183333 2.000000 0.712500 0.212500 2.000000 0.693750 0.216667 2.000000 0.721875 0.239583 2.000000 0.703125 0.268750 2.000000 0.734375 0.237500 2.000000 0.735938 0.245833 2.000000 0.718750 0.333333 2.000000 0.707812 0.337500 1.000000 0.712500 0.418750 1.000000 0.700000 0.418750 1.000000 0.000000 0.000000 0.000000 0.000000 0.000000 0.000000
0 0.771195 0.224448 0.078109 0.199854 0.796875 0.170833 2.000000 0.000000 0.000000 0.000000 0.000000 0.000000 0.000000 0.000000 0.000000 0.000000 0.776563 0.162500 2.000000 0.796875 0.193750 1.000000 0.751563 0.193750 2.000000 0.000000 0.000000 0.000000 0.735938 0.233333 1.000000 0.000000 0.000000 0.000000 0.764062 0.235417 2.000000 0.792188 0.297917 1.000000 0.756250 0.302083 2.000000 0.000000 0.000000 0.000000 0.753125 0.383333 1.000000 0.000000 0.000000 0.000000 0.000000 0.000000 0.000000
0 0.925109 0.341812 0.142313 0.619000 0.926562 0.083333 2.000000 0.937500 0.075000 2.000000 0.921875 0.075000 2.000000 0.957812 0.081250 2.000000 0.000000 0.000000 0.000000 0.979688 0.145833 2.000000 0.931250 0.152083 1.000000 0.000000 0.000000 0.000000 0.937500 0.262500 2.000000 0.000000 0.000000 0.000000 0.900000 0.285417 1.000000 0.971875 0.327083 1.000000 0.929688 0.325000 1.000000 0.976562 0.481250 1.000000 0.898438 0.456250 2.000000 0.987500 0.620833 1.000000 0.906250 0.616667 2.000000
0 0.802289 0.343760 0.097297 0.318146 0.831250 0.214583 2.000000 0.000000 0.000000 0.000000 0.825000 0.210417 2.000000 0.000000 0.000000 0.000000 0.809375 0.218750 2.000000 0.823438 0.233333 2.000000 0.790625 0.239583 2.000000 0.843750 0.268750 2.000000 0.762500 0.270833 2.000000 0.815625 0.270833 2.000000 0.796875 0.272917 2.000000 0.812500 0.320833 1.000000 0.781250 0.320833 2.000000 0.804688 0.402083 2.000000 0.784375 0.400000 2.000000 0.803125 0.481250 2.000000 0.784375 0.475000 2.000000
0 0.608812 0.333667 0.052187 0.348625 0.621875 0.195833 2.000000 0.625000 0.187500 2.000000 0.618750 0.187500 2.000000 0.000000 0.000000 0.000000 0.000000 0.000000 0.000000 0.623437 0.237500 2.000000 0.589063 0.233333 2.000000 0.000000 0.000000 0.000000 0.584375 0.272917 1.000000 0.000000 0.000000 0.000000 0.603125 0.260417 2.000000 0.632812 0.343750 1.000000 0.610938 0.345833 1.000000 0.000000 0.000000 0.000000 0.595313 0.412500 1.000000 0.000000 0.000000 0.000000 0.000000 0.000000 0.000000
0 0.481180 0.457302 0.298328 0.874146 0.500000 0.097917 1.000000 0.514062 0.079167 2.000000 0.485938 0.079167 1.000000 0.526563 0.104167 2.000000 0.457813 0.097917 2.000000 0.556250 0.231250 1.000000 0.460938 0.239583 2.000000 0.590625 0.385417 1.000000 0.459375 0.391667 1.000000 0.571875 0.535417 1.000000 0.423438 0.456250 1.000000 0.525000 0.525000 1.000000 0.467187 0.516667 1.000000 0.471875 0.764583 1.000000 0.525000 0.747917 1.000000 0.534375 0.960417 1.000000 0.553125 0.943750 1.000000
0 0.661492 0.351344 0.100141 0.252354 0.657813 0.260417 2.000000 0.662500 0.256250 2.000000 0.653125 0.256250 2.000000 0.675000 0.262500 2.000000 0.000000 0.000000 0.000000 0.681250 0.293750 2.000000 0.637500 0.291667 2.000000 0.698438 0.335417 2.000000 0.618750 0.325000 2.000000 0.675000 0.337500 2.000000 0.637500 0.337500 2.000000 0.662500 0.377083 2.000000 0.645312 0.379167 2.000000 0.650000 0.431250 2.000000 0.645312 0.437500 2.000000 0.639062 0.485417 1.000000 0.628125 0.487500 1.000000
0 0.928758 0.441708 0.141109 0.585083 0.000000 0.000000 0.000000 0.000000 0.000000 0.000000 0.000000 0.000000 0.000000 0.000000 0.000000 0.000000 0.000000 0.000000 0.000000 0.000000 0.000000 0.000000 0.971875 0.181250 2.000000 0.000000 0.000000 0.000000 0.904687 0.272917 2.000000 0.000000 0.000000 0.000000 0.885938 0.212500 2.000000 0.000000 0.000000 0.000000 0.978125 0.360417 2.000000 0.000000 0.000000 0.000000 0.000000 0.000000 0.000000 0.000000 0.000000 0.000000 0.000000 0.000000 0.000000
