0 0.531992 0.454239 0.409516 0.514473 0.448437 0.318501 2.000000 0.451562 0.281030 2.000000 0.429688 0.309133 2.000000 0.481250 0.259953 2.000000 0.000000 0.000000 0.000000 0.557813 0.320843 2.000000 0.481250 0.414520 2.000000 0.653125 0.491803 2.000000 0.440625 0.517564 2.000000 0.632812 0.676815 2.000000 0.346875 0.562061 2.000000 0.685937 0.611241 1.000000 0.620313 0.606557 1.000000 0.623437 0.868852 1.000000 0.000000 0.000000 0.000000 0.000000 0.000000 0.000000 0.000000 0.000000 0.000000
0 0.109445 0.710105 0.215891 0.557307 0.085938 0.627635 2.000000 0.000000 0.000000 0.000000 0.046875 0.592506 2.000000 0.000000 0.000000 0.000000 0.000000 0.000000 0.000000 0.046875 0.721311 2.000000 0.000000 0.000000 0.000000 0.085938 0.805621 2.000000 0.000000 0.000000 0.000000 0.140625 0.737705 2.000000 0.000000 0.000000 0.000000 0.000000 0.000000 0.000000 0.000000 0.000000 0.000000 0.000000 0.000000 0.000000 0.000000 0.000000 0.000000 0.000000 0.000000 0.000000 0.000000 0.000000 0.000000
0 0.052555 0.313747 0.105109 0.227260 0.037500 0.245902 2.000000 0.000000 0.000000 0.000000 0.032813 0.238876 2.000000 0.000000 0.000000 0.000000 0.012500 0.236534 2.000000 0.018750 0.271663 2.000000 0.000000 0.278689 1.000000 0.051562 0.316159 2.000000 0.034375 0.332553 2.000000 0.085938 0.330211 2.000000 0.078125 0.325527 2.000000 0.018750 0.398126 2.000000 0.004687 0.409836 1.000000 0.000000 0.000000 0.000000 0.000000 0.000000 0.000000 0.000000 0.000000 0.000000 0.000000 0.000000 0.000000
0 0.087023 0.317857 0.087453 0.198571 0.100000 0.259953 2.000000 0.103125 0.255269 2.000000 0.096875 0.252927 2.000000 0.000000 0.000000 0.000000 0.084375 0.250585 2.000000 0.103125 0.285714 2.000000 0.065625 0.283372 2.000000 0.115625 0.337237 1.000000 0.054688 0.334895 1.000000 0.000000 0.000000 0.000000 0.082812 0.353630 2.000000 0.087500 0.395785 1.000000 0.059375 0.400468 2.000000 0.000000 0.000000 0.000000 0.000000 0.000000 0.000000 0.000000 0.000000 0.000000 0.000000 0.000000 0.000000
0 0.294211 0.402073 0.298203 0.434075 0.320312 0.274005 2.000000 0.000000 0.000000 0.000000 0.318750 0.252927 2.000000 0.000000 0.000000 0.000000 0.292187 0.241218 2.000000 0.242188 0.281030 2.000000 0.273438 0.304450 2.000000 0.000000 0.000000 0.000000 0.359375 0.377049 2.000000 0.000000 0.000000 0.000000 0.407813 0.407494 2.000000 0.181250 0.466042 2.000000 0.198437 0.512881 2.000000 0.226562 0.644028 1.000000 0.220312 0.655738 1.000000 0.000000 0.000000 0.000000 0.000000 0.000000 0.000000
0 0.750758 0.498314 0.498484 0.943560 0.782813 0.391101 2.000000 0.793750 0.346604 2.000000 0.000000 0.000000 0.000000 0.873437 0.332553 2.000000 0.000000 0.000000 0.000000 0.000000 0.000000 0.000000 0.853125 0.517564 2.000000 0.000000 0.000000 0.000000 0.773438 0.733021 2.000000 0.957812 0.838407 2.000000 0.596875 0.751756 2.000000 0.000000 0.000000 0.000000 0.993750 0.864169 2.000000 0.000000 0.000000 0.000000 0.000000 0.000000 0.000000 0.000000 0.000000 0.000000 0.000000 0.000000 0.000000
0 0.223070 0.655948 0.205953 0.553911 0.289062 0.491803 2.000000 0.296875 0.475410 2.000000 0.271875 0.475410 2.000000 0.314063 0.489461 2.000000 0.248438 0.482436 2.000000 0.295312 0.599532 2.000000 0.221875 0.559719 2.000000 0.000000 0.000000 0.000000 0.162500 0.721311 1.000000 0.000000 0.000000 0.000000 0.256250 0.735363 2.000000 0.250000 0.805621 2.000000 0.171875 0.819672 2.000000 0.000000 0.000000 0.000000 0.292187 0.901639 1.000000 0.000000 0.000000 0.000000 0.000000 0.000000 0.000000
0 0.688930 0.563068 0.313359 0.285386 0.773438 0.545667 2.000000 0.801562 0.515222 2.000000 0.773438 0.510539 2.000000 0.000000 0.000000 0.000000 0.000000 0.000000 0.000000 0.912500 0.747073 1.000000 0.771875 0.592506 2.000000 0.000000 0.000000 0.000000 0.682813 0.576112 2.000000 0.000000 0.000000 0.000000 0.606250 0.576112 2.000000 0.000000 0.000000 0.000000 0.000000 0.000000 0.000000 0.000000 0.000000 0.000000 0.000000 0.000000 0.000000 0.000000 0.000000 0.000000 0.000000 0.000000 0.000000
0 0.546281 0.214707 0.097875 0.136300 0.503125 0.201405 2.000000 0.507812 0.189696 2.000000 0.000000 0.000000 0.000000 0.531250 0.182670 2.000000 0.000000 0.000000 0.000000 0.564063 0.245902 2.000000 0.518750 0.266979 2.000000 0.000000 0.000000 0.000000 0.000000 0.000000 0.000000 0.000000 0.000000 0.000000 0.000000 0.000000 0.000000 0.000000 0.000000 0.000000 0.000000 0.000000 0.000000 0.000000 0.000000 0.000000 0.000000 0.000000 0.000000 0.000000 0.000000 0.000000 0.000000 0.000000 0.000000
0 0.742547 0.389555 0.066406 0.179157 0.000000 0.000000 0.000000 0.000000 0.000000 0.000000 0.000000 0.000000 0.000000 0.000000 0.000000 0.000000 0.000000 0.000000 0.000000 0.000000 0.000000 0.000000 0.000000 0.000000 0.000000 0.000000 0.000000 0.000000 0.000000 0.000000 0.000000 0.000000 0.000000 0.000000 0.000000 0.000000 0.000000 0.728125 0.351288 2.000000 0.731250 0.351288 2.000000 0.753125 0.494145 1.000000 0.000000 0.000000 0.000000 0.000000 0.000000 0.000000 0.000000 0.000000 0.000000
0 0.685445 0.336909 0.070859 0.140703 0.712500 0.316159 2.000000 0.000000 0.000000 0.000000 0.712500 0.309133 2.000000 0.000000 0.000000 0.000000 0.701562 0.302108 2.000000 0.678125 0.325527 2.000000 0.673438 0.327869 2.000000 0.000000 0.000000 0.000000 0.687500 0.402810 1.000000 0.000000 0.000000 0.000000 0.000000 0.000000 0.000000 0.000000 0.000000 0.000000 0.000000 0.000000 0.000000 0.000000 0.000000 0.000000 0.000000 0.000000 0.000000 0.000000 0.000000 0.000000 0.000000 0.000000 0.000000
