0 0.671352 0.330542 0.186234 0.296042 0.000000 0.000000 0.000000 0.000000 0.000000 0.000000 0.000000 0.000000 0.000000 0.684375 0.216667 2.000000 0.000000 0.000000 0.000000 0.675000 0.254167 2.000000 0.731250 0.275000 2.000000 0.625000 0.308333 2.000000 0.751563 0.339583 2.000000 0.604688 0.331250 2.000000 0.732812 0.381250 2.000000 0.651563 0.385417 2.000000 0.690625 0.391667 2.000000 0.595313 0.427083 2.000000 0.000000 0.000000 0.000000 0.634375 0.470833 1.000000 0.000000 0.000000 0.000000
0 0.483617 0.347146 0.141922 0.453417 0.000000 0.000000 0.000000 0.000000 0.000000 0.000000 0.000000 0.000000 0.000000 0.482812 0.179167 2.000000 0.000000 0.000000 0.000000 0.478125 0.212500 2.000000 0.532813 0.214583 2.000000 0.440625 0.291667 2.000000 0.000000 0.000000 0.000000 0.420312 0.350000 2.000000 0.000000 0.000000 0.000000 0.498437 0.354167 2.000000 0.534375 0.356250 1.000000 0.451562 0.435417 2.000000 0.496875 0.416667 2.000000 0.475000 0.527083 2.000000 0.507812 0.510417 2.000000
0 0.707188 0.556302 0.079687 0.351146 0.709375 0.406250 2.000000 0.714063 0.397917 2.000000 0.704688 0.397917 1.000000 0.723437 0.402083 2.000000 0.000000 0.000000 0.000000 0.725000 0.445833 2.000000 0.687500 0.443750 1.000000 0.740625 0.491667 2.000000 0.000000 0.000000 0.000000 0.729688 0.512500 2.000000 0.000000 0.000000 0.000000 0.718750 0.543750 2.000000 0.682813 0.541667 2.000000 0.707812 0.639583 2.000000 0.690625 0.618750 2.000000 0.696875 0.704167 2.000000 0.692187 0.691667 2.000000
0 0.279672 0.358417 0.130969 0.502167 0.000000 0.000000 0.000000 0.000000 0.000000 0.000000 0.000000 0.000000 0.000000 0.242188 0.158333 2.000000 0.000000 0.000000 0.000000 0.239063 0.202083 2.000000 0.303125 0.208333 2.000000 0.239063 0.300000 2.000000 0.000000 0.000000 0.000000 0.243750 0.370833 2.000000 0.000000 0.000000 0.000000 0.267188 0.341667 2.000000 0.312500 0.341667 2.000000 0.253125 0.435417 2.000000 0.293750 0.460417 2.000000 0.250000 0.518750 2.000000 0.315625 0.554167 2.000000
0 0.958258 0.519615 0.054328 0.347313 0.932813 0.383333 2.000000 0.935937 0.377083 2.000000 0.000000 0.000000 0.000000 0.950000 0.375000 2.000000 0.000000 0.000000 0.000000 0.965625 0.418750 2.000000 0.926562 0.412500 1.000000 0.975000 0.472917 2.000000 0.000000 0.000000 0.000000 0.967187 0.525000 2.000000 0.000000 0.000000 0.000000 0.950000 0.522917 1.000000 0.000000 0.000000 0.000000 0.953125 0.591667 2.000000 0.934375 0.589583 1.000000 0.954688 0.662500 2.000000 0.935937 0.660417 1.000000
0 0.750328 0.507917 0.066000 0.285167 0.731250 0.387500 1.000000 0.000000 0.000000 0.000000 0.000000 0.000000 0.000000 0.746875 0.379167 2.000000 0.000000 0.000000 0.000000 0.764062 0.416667 2.000000 0.729688 0.408333 2.000000 0.776563 0.462500 2.000000 0.000000 0.000000 0.000000 0.753125 0.447917 2.000000 0.000000 0.000000 0.000000 0.753125 0.500000 2.000000 0.731250 0.495833 1.000000 0.753125 0.560417 2.000000 0.735938 0.562500 2.000000 0.753125 0.627083 2.000000 0.735938 0.625000 2.000000
0 0.221516 0.585333 0.137281 0.348042 0.000000 0.000000 0.000000 0.000000 0.000000 0.000000 0.000000 0.000000 0.000000 0.000000 0.000000 0.000000 0.000000 0.000000 0.000000 0.212500 0.433333 2.000000 0.271875 0.433333 2.000000 0.182812 0.487500 2.000000 0.000000 0.000000 0.000000 0.168750 0.529167 2.000000 0.000000 0.000000 0.000000 0.218750 0.556250 2.000000 0.265625 0.556250 1.000000 0.210938 0.629167 2.000000 0.260937 0.631250 2.000000 0.215625 0.700000 2.000000 0.264062 0.702083 2.000000
0 0.570312 0.512375 0.108375 0.288125 0.000000 0.000000 0.000000 0.000000 0.000000 0.000000 0.000000 0.000000 0.000000 0.000000 0.000000 0.000000 0.000000 0.000000 0.000000 0.553125 0.443750 2.000000 0.595313 0.433333 1.000000 0.523438 0.481250 2.000000 0.000000 0.000000 0.000000 0.000000 0.000000 0.000000 0.531250 0.497917 1.000000 0.576562 0.514583 2.000000 0.603125 0.514583 2.000000 0.542188 0.597917 1.000000 0.579688 0.572917 2.000000 0.546875 0.675000 1.000000 0.600000 0.629167 2.000000
0 0.913008 0.561938 0.109797 0.414417 0.895312 0.389583 2.000000 0.901563 0.383333 2.000000 0.000000 0.000000 0.000000 0.921875 0.387500 2.000000 0.000000 0.000000 0.000000 0.943750 0.433333 2.000000 0.890625 0.431250 1.000000 0.954688 0.512500 2.000000 0.873437 0.489583 2.000000 0.910937 0.520833 2.000000 0.870313 0.504167 2.000000 0.925000 0.568750 2.000000 0.885938 0.562500 2.000000 0.925000 0.666667 2.000000 0.893750 0.664583 2.000000 0.925000 0.745833 2.000000 0.895312 0.737500 2.000000
0 0.843445 0.538250 0.067859 0.292375 0.832812 0.414583 2.000000 0.000000 0.000000 0.000000 0.000000 0.000000 0.000000 0.000000 0.000000 0.000000 0.000000 0.000000 0.000000 0.860938 0.445833 2.000000 0.837500 0.443750 2.000000 0.860938 0.497917 2.000000 0.000000 0.000000 0.000000 0.839063 0.527083 2.000000 0.000000 0.000000 0.000000 0.853125 0.545833 2.000000 0.832812 0.543750 2.000000 0.851562 0.606250 2.000000 0.832812 0.602083 2.000000 0.851562 0.658333 2.000000 0.834375 0.654167 2.000000
0 0.168633 0.456729 0.048391 0.160000 0.000000 0.000000 0.000000 0.000000 0.000000 0.000000 0.000000 0.000000 0.000000 0.000000 0.000000 0.000000 0.000000 0.000000 0.000000 0.156250 0.406250 2.000000 0.179688 0.408333 2.000000 0.000000 0.000000 0.000000 0.000000 0.000000 0.000000 0.000000 0.000000 0.000000 0.000000 0.000000 0.000000 0.156250 0.450000 2.000000 0.173437 0.450000 2.000000 0.156250 0.491667 2.000000 0.167187 0.489583 2.000000 0.000000 0.000000 0.000000 0.000000 0.000000 0.000000
0 0.785914 0.478656 0.045516 0.215729 0.782813 0.397917 2.000000 0.787500 0.393750 2.000000 0.779687 0.391667 2.000000 0.795312 0.393750 2.000000 0.000000 0.000000 0.000000 0.803125 0.416667 2.000000 0.787500 0.416667 2.000000 0.790625 0.435417 2.000000 0.000000 0.000000 0.000000 0.778125 0.414583 2.000000 0.000000 0.000000 0.000000 0.789062 0.466667 2.000000 0.778125 0.464583 2.000000 0.782813 0.514583 2.000000 0.775000 0.512500 2.000000 0.787500 0.566667 2.000000 0.778125 0.560417 2.000000
