0 0.496273 0.552810 0.233891 0.804496 0.478125 0.227166 2.000000 0.490625 0.210773 2.000000 0.467187 0.213115 2.000000 0.501563 0.224824 2.000000 0.457813 0.227166 2.000000 0.540625 0.309133 2.000000 0.429688 0.330211 2.000000 0.584375 0.377049 2.000000 0.425000 0.437939 2.000000 0.564063 0.421546 2.000000 0.475000 0.519906 2.000000 0.526563 0.501171 2.000000 0.459375 0.505855 2.000000 0.556250 0.704918 2.000000 0.431250 0.697892 2.000000 0.581250 0.887588 2.000000 0.409375 0.875878 2.000000
0 0.366703 0.450258 0.128062 0.503653 0.359375 0.245902 2.000000 0.367188 0.241218 2.000000 0.357812 0.238876 2.000000 0.384375 0.241218 2.000000 0.000000 0.000000 0.000000 0.400000 0.290398 2.000000 0.381250 0.281030 2.000000 0.395313 0.391101 2.000000 0.000000 0.000000 0.000000 0.375000 0.447307 2.000000 0.000000 0.000000 0.000000 0.376563 0.482436 2.000000 0.359375 0.480094 2.000000 0.423438 0.578454 2.000000 0.357812 0.562061 2.000000 0.454688 0.667447 1.000000 0.348438 0.665105 2.000000
0 0.680117 0.390703 0.110391 0.432740 0.662500 0.215457 2.000000 0.670312 0.208431 2.000000 0.664062 0.208431 2.000000 0.687500 0.208431 2.000000 0.000000 0.000000 0.000000 0.701562 0.255269 2.000000 0.653125 0.259953 2.000000 0.723437 0.316159 2.000000 0.637500 0.327869 2.000000 0.723437 0.384075 2.000000 0.642188 0.395785 2.000000 0.695312 0.395785 2.000000 0.659375 0.393443 2.000000 0.706250 0.484778 2.000000 0.665625 0.482436 2.000000 0.709375 0.578454 2.000000 0.679688 0.573770 2.000000
0 0.871305 0.347037 0.094578 0.272857 0.878125 0.245902 2.000000 0.879687 0.238876 2.000000 0.873437 0.238876 2.000000 0.000000 0.000000 0.000000 0.860938 0.245902 2.000000 0.890625 0.281030 2.000000 0.851562 0.278689 2.000000 0.901563 0.330211 1.000000 0.840625 0.334895 1.000000 0.910937 0.381733 2.000000 0.835938 0.391101 2.000000 0.889062 0.372365 1.000000 0.868750 0.377049 2.000000 0.890625 0.454333 1.000000 0.875000 0.456674 2.000000 0.892188 0.517564 1.000000 0.876563 0.522248 1.000000
0 0.860016 0.207658 0.083531 0.154895 0.848437 0.154567 2.000000 0.853125 0.149883 2.000000 0.843750 0.149883 2.000000 0.860938 0.149883 2.000000 0.000000 0.000000 0.000000 0.875000 0.177986 2.000000 0.831250 0.177986 2.000000 0.893750 0.215457 2.000000 0.821875 0.220141 2.000000 0.893750 0.238876 2.000000 0.834375 0.185012 2.000000 0.000000 0.000000 0.000000 0.000000 0.000000 0.000000 0.000000 0.000000 0.000000 0.000000 0.000000 0.000000 0.000000 0.000000 0.000000 0.000000 0.000000 0.000000
0 0.744352 0.164075 0.115484 0.133349 0.725000 0.128806 2.000000 0.725000 0.121780 2.000000 0.720313 0.124122 2.000000 0.000000 0.000000 0.000000 0.704688 0.133489 2.000000 0.729688 0.161593 2.000000 0.700000 0.170960 2.000000 0.754687 0.175644 2.000000 0.000000 0.000000 0.000000 0.779687 0.187354 2.000000 0.695312 0.217799 2.000000 0.735938 0.245902 1.000000 0.715625 0.248244 1.000000 0.000000 0.000000 0.000000 0.000000 0.000000 0.000000 0.000000 0.000000 0.000000 0.000000 0.000000 0.000000
0 0.191617 0.172037 0.063078 0.109180 0.187500 0.142857 2.000000 0.192188 0.138173 2.000000 0.184375 0.138173 2.000000 0.198437 0.140515 2.000000 0.176563 0.140515 2.000000 0.207813 0.173302 2.000000 0.168750 0.173302 2.000000 0.212500 0.217799 2.000000 0.160938 0.206089 1.000000 0.196875 0.227166 1.000000 0.000000 0.000000 0.000000 0.000000 0.000000 0.000000 0.000000 0.000000 0.000000 0.000000 0.000000 0.000000 0.000000 0.000000 0.000000 0.000000 0.000000 0.000000 0.000000 0.000000 0.000000
0 0.153125 0.282845 0.074281 0.227564 0.150000 0.196721 2.000000 0.153125 0.185012 2.000000 0.145313 0.185012 2.000000 0.160938 0.187354 2.000000 0.000000 0.000000 0.000000 0.175000 0.215457 2.000000 0.131250 0.224824 2.000000 0.182812 0.252927 2.000000 0.123438 0.264637 2.000000 0.184375 0.276347 1.000000 0.125000 0.299766 1.000000 0.164062 0.302108 1.000000 0.135937 0.299766 1.000000 0.175000 0.271663 2.000000 0.098437 0.311475 1.000000 0.153125 0.362998 2.000000 0.109375 0.370023 1.000000
0 0.096867 0.282084 0.075609 0.229555 0.100000 0.192037 2.000000 0.103125 0.187354 2.000000 0.096875 0.189696 2.000000 0.000000 0.000000 0.000000 0.000000 0.000000 0.000000 0.117188 0.224824 1.000000 0.087500 0.217799 2.000000 0.121875 0.259953 1.000000 0.075000 0.245902 2.000000 0.103125 0.271663 2.000000 0.073438 0.262295 2.000000 0.000000 0.000000 0.000000 0.000000 0.000000 0.000000 0.000000 0.000000 0.000000 0.000000 0.000000 0.000000 0.000000 0.000000 0.000000 0.000000 0.000000 0.000000
0 0.312336 0.229965 0.058172 0.126112 0.298438 0.194379 2.000000 0.304688 0.189696 2.000000 0.000000 0.000000 0.000000 0.315625 0.194379 2.000000 0.000000 0.000000 0.000000 0.329688 0.229508 2.000000 0.293750 0.229508 2.000000 0.332813 0.283372 2.000000 0.293750 0.283372 2.000000 0.000000 0.000000 0.000000 0.000000 0.000000 0.000000 0.000000 0.000000 0.000000 0.000000 0.000000 0.000000 0.000000 0.000000 0.000000 0.000000 0.000000 0.000000 0.000000 0.000000 0.000000 0.000000 0.000000 0.000000
0 0.241969 0.273138 0.104094 0.253396 0.259375 0.180328 2.000000 0.264062 0.170960 2.000000 0.256250 0.170960 2.000000 0.271875 0.177986 2.000000 0.000000 0.000000 0.000000 0.289062 0.213115 2.000000 0.245312 0.213115 2.000000 0.295312 0.259953 1.000000 0.228125 0.257611 2.000000 0.281250 0.274005 2.000000 0.243750 0.276347 2.000000 0.262500 0.290398 1.000000 0.234375 0.290398 1.000000 0.256250 0.295082 1.000000 0.204687 0.288056 1.000000 0.259375 0.370023 2.000000 0.214062 0.367681 2.000000
