0 0.709070 0.450164 0.107547 0.281690 0.675000 0.413146 2.000000 0.679688 0.399061 2.000000 0.662500 0.408451 2.000000 0.690625 0.382629 2.000000 0.000000 0.000000 0.000000 0.726562 0.457746 2.000000 0.631250 0.462441 1.000000 0.753125 0.556338 2.000000 0.000000 0.000000 0.000000 0.750000 0.568075 2.000000 0.000000 0.000000 0.000000 0.717187 0.645540 1.000000 0.659375 0.647887 1.000000 0.000000 0.000000 0.000000 0.000000 0.000000 0.000000 0.000000 0.000000 0.000000 0.000000 0.000000 0.000000
0 0.849445 0.697019 0.301109 0.605962 0.909375 0.504695 2.000000 0.000000 0.000000 0.000000 0.000000 0.000000 0.000000 0.000000 0.000000 0.000000 0.000000 0.000000 0.000000 0.934375 0.558685 2.000000 0.000000 0.000000 0.000000 0.846875 0.727700 2.000000 0.000000 0.000000 0.000000 0.746875 0.701878 2.000000 0.000000 0.000000 0.000000 0.942187 0.861502 2.000000 0.000000 0.000000 0.000000 0.771875 0.833333 2.000000 0.860938 0.779343 1.000000 0.000000 0.000000 0.000000 0.000000 0.000000 0.000000
0 0.850000 0.315587 0.128219 0.211502 0.000000 0.000000 0.000000 0.000000 0.000000 0.000000 0.000000 0.000000 0.000000 0.000000 0.000000 0.000000 0.000000 0.000000 0.000000 0.796875 0.305164 2.000000 0.873437 0.293427 2.000000 0.800000 0.401408 2.000000 0.907813 0.340376 2.000000 0.000000 0.000000 0.000000 0.873437 0.340376 2.000000 0.817187 0.434272 1.000000 0.862500 0.438967 1.000000 0.798438 0.469484 1.000000 0.792188 0.450704 1.000000 0.000000 0.000000 0.000000 0.000000 0.000000 0.000000
0 0.723344 0.325493 0.127438 0.288357 0.750000 0.237089 2.000000 0.000000 0.000000 0.000000 0.746875 0.227700 2.000000 0.000000 0.000000 0.000000 0.726562 0.225352 2.000000 0.671875 0.265258 2.000000 0.748437 0.272300 2.000000 0.000000 0.000000 0.000000 0.768750 0.347418 1.000000 0.000000 0.000000 0.000000 0.762500 0.269953 2.000000 0.678125 0.417840 1.000000 0.731250 0.417840 2.000000 0.000000 0.000000 0.000000 0.760938 0.448357 2.000000 0.000000 0.000000 0.000000 0.000000 0.000000 0.000000
0 0.331328 0.665657 0.281438 0.668685 0.350000 0.457746 1.000000 0.365625 0.443662 2.000000 0.000000 0.000000 0.000000 0.414062 0.441315 2.000000 0.000000 0.000000 0.000000 0.464062 0.544601 2.000000 0.381250 0.504695 2.000000 0.467187 0.765258 2.000000 0.364063 0.624413 2.000000 0.376563 0.762911 2.000000 0.340625 0.666667 2.000000 0.418750 0.873239 2.000000 0.335938 0.830986 1.000000 0.254688 0.967136 2.000000 0.204687 0.922535 1.000000 0.000000 0.000000 0.000000 0.000000 0.000000 0.000000
0 0.284273 0.406596 0.071797 0.173239 0.270313 0.368545 2.000000 0.275000 0.359155 2.000000 0.262500 0.359155 2.000000 0.000000 0.000000 0.000000 0.000000 0.000000 0.000000 0.301563 0.413146 2.000000 0.000000 0.000000 0.000000 0.000000 0.000000 0.000000 0.000000 0.000000 0.000000 0.000000 0.000000 0.000000 0.000000 0.000000 0.000000 0.000000 0.000000 0.000000 0.000000 0.000000 0.000000 0.000000 0.000000 0.000000 0.000000 0.000000 0.000000 0.000000 0.000000 0.000000 0.000000 0.000000 0.000000
0 0.225047 0.506080 0.157625 0.377746 0.000000 0.000000 0.000000 0.000000 0.000000 0.000000 0.000000 0.000000 0.000000 0.000000 0.000000 0.000000 0.251563 0.370892 2.000000 0.171875 0.438967 2.000000 0.268750 0.443662 2.000000 0.000000 0.000000 0.000000 0.285938 0.530516 2.000000 0.000000 0.000000 0.000000 0.268750 0.427230 2.000000 0.157812 0.666667 1.000000 0.232813 0.673709 2.000000 0.000000 0.000000 0.000000 0.273438 0.615023 2.000000 0.000000 0.000000 0.000000 0.276562 0.760563 1.000000
0 0.121156 0.520235 0.065812 0.249437 0.146875 0.434272 2.000000 0.000000 0.000000 0.000000 0.137500 0.431925 2.000000 0.000000 0.000000 0.000000 0.115625 0.443662 2.000000 0.140625 0.485915 2.000000 0.109375 0.492958 2.000000 0.000000 0.000000 0.000000 0.142187 0.518779 2.000000 0.000000 0.000000 0.000000 0.153125 0.485915 1.000000 0.000000 0.000000 0.000000 0.120313 0.622066 2.000000 0.000000 0.000000 0.000000 0.164062 0.584507 1.000000 0.000000 0.000000 0.000000 0.000000 0.000000 0.000000
0 0.100969 0.369883 0.059844 0.164272 0.120313 0.323944 2.000000 0.000000 0.000000 0.000000 0.117188 0.316901 2.000000 0.000000 0.000000 0.000000 0.104688 0.316901 2.000000 0.121875 0.349765 2.000000 0.084375 0.347418 2.000000 0.126562 0.384977 1.000000 0.082812 0.399061 1.000000 0.000000 0.000000 0.000000 0.106250 0.424883 1.000000 0.115625 0.424883 1.000000 0.089063 0.427230 2.000000 0.135937 0.443662 1.000000 0.128125 0.446009 1.000000 0.142187 0.502347 1.000000 0.129688 0.509390 1.000000
0 0.038187 0.707653 0.076094 0.148357 0.000000 0.000000 0.000000 0.000000 0.000000 0.000000 0.000000 0.000000 0.000000 0.000000 0.000000 0.000000 0.000000 0.000000 0.000000 0.000000 0.000000 0.000000 0.000000 0.000000 0.000000 0.000000 0.000000 0.000000 0.000000 0.000000 0.000000 0.000000 0.000000 0.000000 0.028125 0.657277 2.000000 0.000000 0.000000 0.000000 0.000000 0.000000 0.000000 0.000000 0.000000 0.000000 0.000000 0.000000 0.000000 0.000000 0.000000 0.000000 0.000000 0.000000 0.000000
