0 0.550938 0.684894 0.112469 0.276455 0.551562 0.598592 2.000000 0.556250 0.589202 2.000000 0.548438 0.586854 2.000000 0.567187 0.579812 2.000000 0.545312 0.579812 2.000000 0.584375 0.593897 2.000000 0.534375 0.575117 2.000000 0.598437 0.626761 2.000000 0.528125 0.615023 2.000000 0.595313 0.669014 2.000000 0.510938 0.640845 2.000000 0.571875 0.669014 2.000000 0.545312 0.659624 2.000000 0.568750 0.730047 2.000000 0.551562 0.690141 2.000000 0.568750 0.791080 2.000000 0.554688 0.706573 2.000000
0 0.498695 0.454589 0.088766 0.173545 0.000000 0.000000 0.000000 0.000000 0.000000 0.000000 0.000000 0.000000 0.000000 0.498437 0.408451 2.000000 0.475000 0.396714 2.000000 0.525000 0.413146 2.000000 0.475000 0.403756 2.000000 0.534375 0.448357 2.000000 0.476562 0.429577 2.000000 0.515625 0.474178 2.000000 0.485938 0.455399 2.000000 0.515625 0.455399 2.000000 0.490625 0.453052 2.000000 0.525000 0.525822 2.000000 0.457813 0.502347 2.000000 0.000000 0.000000 0.000000 0.000000 0.000000 0.000000
0 0.651195 0.549308 0.073453 0.216925 0.653125 0.485915 2.000000 0.656250 0.478873 2.000000 0.651563 0.478873 2.000000 0.000000 0.000000 0.000000 0.000000 0.000000 0.000000 0.678125 0.488263 2.000000 0.621875 0.485915 2.000000 0.678125 0.516432 2.000000 0.618750 0.518779 2.000000 0.670312 0.539906 2.000000 0.623437 0.537559 2.000000 0.653125 0.558685 2.000000 0.634375 0.558685 2.000000 0.643750 0.600939 2.000000 0.631250 0.572770 2.000000 0.634375 0.640845 2.000000 0.628125 0.561033 2.000000
0 0.114719 0.862077 0.087531 0.172183 0.121875 0.795775 2.000000 0.000000 0.000000 0.000000 0.117188 0.800469 2.000000 0.000000 0.000000 0.000000 0.106250 0.816901 2.000000 0.096875 0.849765 2.000000 0.131250 0.845070 2.000000 0.000000 0.000000 0.000000 0.000000 0.000000 0.000000 0.000000 0.000000 0.000000 0.000000 0.000000 0.000000 0.120313 0.927230 2.000000 0.139063 0.917840 1.000000 0.000000 0.000000 0.000000 0.000000 0.000000 0.000000 0.000000 0.000000 0.000000 0.000000 0.000000 0.000000
0 0.152266 0.202664 0.082156 0.227817 0.000000 0.000000 0.000000 0.000000 0.000000 0.000000 0.000000 0.000000 0.000000 0.000000 0.000000 0.000000 0.000000 0.000000 0.000000 0.150000 0.138498 2.000000 0.118750 0.138498 2.000000 0.164062 0.171362 2.000000 0.120313 0.169014 2.000000 0.170313 0.206573 2.000000 0.126562 0.204225 2.000000 0.164062 0.204225 2.000000 0.142187 0.204225 2.000000 0.178125 0.234742 2.000000 0.150000 0.251174 2.000000 0.187500 0.258216 2.000000 0.157812 0.293427 2.000000
0 0.262445 0.207523 0.064641 0.210915 0.251563 0.136150 2.000000 0.251563 0.129108 2.000000 0.246875 0.133803 2.000000 0.000000 0.000000 0.000000 0.240625 0.133803 2.000000 0.254688 0.140845 2.000000 0.242188 0.164319 2.000000 0.000000 0.000000 0.000000 0.250000 0.199531 2.000000 0.000000 0.000000 0.000000 0.256250 0.230047 2.000000 0.265625 0.206573 2.000000 0.254688 0.223005 2.000000 0.268750 0.253521 2.000000 0.262500 0.262911 2.000000 0.273438 0.281690 2.000000 0.268750 0.300469 2.000000
0 0.566367 0.095387 0.049422 0.190775 0.000000 0.000000 0.000000 0.000000 0.000000 0.000000 0.000000 0.000000 0.000000 0.000000 0.000000 0.000000 0.000000 0.000000 0.000000 0.578125 0.018779 2.000000 0.556250 0.016432 2.000000 0.582812 0.042254 2.000000 0.548438 0.039906 2.000000 0.573438 0.056338 2.000000 0.557813 0.053991 2.000000 0.568750 0.077465 2.000000 0.551562 0.079812 2.000000 0.568750 0.105634 2.000000 0.556250 0.110329 2.000000 0.568750 0.138498 2.000000 0.556250 0.161972 2.000000
0 0.610500 0.110681 0.055344 0.221362 0.000000 0.000000 0.000000 0.000000 0.000000 0.000000 0.000000 0.000000 0.000000 0.000000 0.000000 0.000000 0.000000 0.000000 0.000000 0.628125 0.030516 2.000000 0.601562 0.023474 2.000000 0.629687 0.063380 2.000000 0.600000 0.061033 2.000000 0.615625 0.072770 2.000000 0.612500 0.072770 2.000000 0.617188 0.082160 2.000000 0.604688 0.082160 2.000000 0.615625 0.140845 2.000000 0.607812 0.140845 2.000000 0.607812 0.208920 2.000000 0.604688 0.206573 2.000000
0 0.211781 0.498439 0.092000 0.244718 0.201563 0.410798 2.000000 0.200000 0.403756 2.000000 0.195312 0.408451 2.000000 0.000000 0.000000 0.000000 0.181250 0.406103 2.000000 0.204687 0.399061 2.000000 0.176563 0.441315 2.000000 0.220312 0.417840 2.000000 0.187500 0.488263 2.000000 0.225000 0.436620 2.000000 0.215625 0.462441 2.000000 0.220312 0.485915 2.000000 0.206250 0.507042 2.000000 0.226562 0.525822 1.000000 0.214062 0.556338 2.000000 0.232813 0.561033 2.000000 0.221875 0.600939 2.000000
0 0.837016 0.345939 0.072688 0.263615 0.000000 0.000000 0.000000 0.000000 0.000000 0.000000 0.000000 0.000000 0.000000 0.835938 0.253521 2.000000 0.000000 0.000000 0.000000 0.818750 0.288732 2.000000 0.860938 0.279343 2.000000 0.804688 0.321596 2.000000 0.000000 0.000000 0.000000 0.810937 0.281690 1.000000 0.000000 0.000000 0.000000 0.814063 0.356808 2.000000 0.835938 0.359155 2.000000 0.809375 0.396714 1.000000 0.829688 0.396714 2.000000 0.806250 0.431925 1.000000 0.823438 0.448357 2.000000
0 0.464602 0.069812 0.059234 0.134977 0.000000 0.000000 0.000000 0.000000 0.000000 0.000000 0.000000 0.000000 0.000000 0.000000 0.000000 0.000000 0.000000 0.000000 0.000000 0.000000 0.000000 0.000000 0.000000 0.000000 0.000000 0.000000 0.000000 0.000000 0.000000 0.000000 0.000000 0.000000 0.000000 0.000000 0.443750 0.018779 2.000000 0.475000 0.023474 2.000000 0.459375 0.025822 2.000000 0.475000 0.068075 2.000000 0.457813 0.075117 2.000000 0.475000 0.112676 2.000000 0.462500 0.112676 2.000000
0 0.057266 0.226737 0.107219 0.240563 0.000000 0.000000 0.000000 0.000000 0.000000 0.000000 0.000000 0.000000 0.000000 0.020313 0.136150 2.000000 0.000000 0.000000 0.000000 0.040625 0.154930 2.000000 0.018750 0.169014 2.000000 0.059375 0.180751 2.000000 0.000000 0.000000 0.000000 0.060937 0.220657 2.000000 0.000000 0.000000 0.000000 0.064062 0.218310 2.000000 0.040625 0.227700 2.000000 0.078125 0.246479 2.000000 0.059375 0.274648 2.000000 0.103125 0.258216 2.000000 0.071875 0.321596 2.000000
0 0.975273 0.402606 0.049453 0.210329 0.000000 0.000000 0.000000 0.000000 0.000000 0.000000 0.000000 0.000000 0.000000 0.000000 0.000000 0.000000 0.000000 0.000000 0.000000 0.000000 0.000000 0.000000 0.000000 0.000000 0.000000 0.000000 0.000000 0.000000 0.000000 0.000000 0.000000 0.000000 0.000000 0.000000 0.000000 0.000000 0.000000 0.985938 0.333333 2.000000 0.000000 0.000000 0.000000 0.967187 0.434272 2.000000 0.000000 0.000000 0.000000 0.956250 0.495305 2.000000 0.000000 0.000000 0.000000
