0 0.762391 0.620222 0.133438 0.417963 0.779687 0.456674 2.000000 0.784375 0.444965 2.000000 0.775000 0.447307 2.000000 0.801562 0.440281 1.000000 0.000000 0.000000 0.000000 0.820312 0.489461 2.000000 0.771875 0.494145 2.000000 0.810937 0.571429 2.000000 0.762500 0.555035 2.000000 0.801562 0.625293 2.000000 0.751563 0.601874 1.000000 0.814063 0.601874 2.000000 0.778125 0.597190 2.000000 0.818750 0.702576 1.000000 0.764062 0.695550 2.000000 0.818750 0.786885 1.000000 0.750000 0.791569 2.000000
0 0.904898 0.608817 0.094609 0.498993 0.000000 0.000000 0.000000 0.000000 0.000000 0.000000 0.000000 0.000000 0.000000 0.000000 0.000000 0.000000 0.912500 0.400468 2.000000 0.876563 0.466042 2.000000 0.923438 0.454333 2.000000 0.000000 0.000000 0.000000 0.939063 0.517564 2.000000 0.000000 0.000000 0.000000 0.942187 0.484778 2.000000 0.882812 0.611241 2.000000 0.929688 0.613583 2.000000 0.879687 0.716628 2.000000 0.934375 0.714286 2.000000 0.876563 0.814988 2.000000 0.935937 0.819672 2.000000
0 0.290758 0.531335 0.071234 0.342482 0.289062 0.405152 2.000000 0.292187 0.398126 2.000000 0.284375 0.398126 2.000000 0.300000 0.402810 2.000000 0.276562 0.405152 2.000000 0.309375 0.437939 2.000000 0.268750 0.433255 2.000000 0.315625 0.491803 2.000000 0.000000 0.000000 0.000000 0.315625 0.526932 2.000000 0.000000 0.000000 0.000000 0.303125 0.536300 2.000000 0.271875 0.529274 2.000000 0.300000 0.604215 2.000000 0.278125 0.590164 2.000000 0.303125 0.660422 2.000000 0.284375 0.644028 2.000000
0 0.219898 0.520796 0.067578 0.349789 0.232813 0.391101 2.000000 0.000000 0.000000 0.000000 0.231250 0.381733 2.000000 0.000000 0.000000 0.000000 0.215625 0.377049 2.000000 0.228125 0.416862 2.000000 0.196875 0.423888 2.000000 0.000000 0.000000 0.000000 0.000000 0.000000 0.000000 0.000000 0.000000 0.000000 0.000000 0.000000 0.000000 0.225000 0.515222 2.000000 0.200000 0.517564 2.000000 0.228125 0.587822 2.000000 0.212500 0.599532 2.000000 0.220312 0.653396 2.000000 0.212500 0.672131 2.000000
0 0.169062 0.567752 0.156406 0.487963 0.168750 0.374707 2.000000 0.000000 0.000000 0.000000 0.164062 0.365340 2.000000 0.000000 0.000000 0.000000 0.143750 0.374707 2.000000 0.164062 0.423888 2.000000 0.115625 0.433255 2.000000 0.189062 0.454333 2.000000 0.107813 0.503513 2.000000 0.217188 0.480094 2.000000 0.148438 0.510539 2.000000 0.165625 0.571429 2.000000 0.135937 0.576112 2.000000 0.181250 0.655738 2.000000 0.142187 0.674473 2.000000 0.171875 0.737705 2.000000 0.137500 0.777518 2.000000
0 0.037852 0.582225 0.061578 0.440749 0.043750 0.409836 2.000000 0.051562 0.400468 2.000000 0.037500 0.400468 2.000000 0.000000 0.000000 0.000000 0.025000 0.407494 2.000000 0.053125 0.451991 2.000000 0.012500 0.444965 2.000000 0.000000 0.000000 0.000000 0.000000 0.000000 0.000000 0.000000 0.000000 0.000000 0.000000 0.000000 0.000000 0.059375 0.564403 2.000000 0.040625 0.566745 2.000000 0.000000 0.000000 0.000000 0.000000 0.000000 0.000000 0.000000 0.000000 0.000000 0.000000 0.000000 0.000000
0 0.828711 0.624438 0.095391 0.494075 0.806250 0.442623 1.000000 0.807813 0.428571 2.000000 0.000000 0.000000 0.000000 0.825000 0.426230 2.000000 0.000000 0.000000 0.000000 0.848437 0.484778 2.000000 0.000000 0.000000 0.000000 0.848437 0.576112 2.000000 0.000000 0.000000 0.000000 0.825000 0.639344 2.000000 0.000000 0.000000 0.000000 0.839063 0.646370 2.000000 0.000000 0.000000 0.000000 0.831250 0.744731 2.000000 0.000000 0.000000 0.000000 0.832812 0.831382 2.000000 0.000000 0.000000 0.000000
0 0.473023 0.491007 0.040484 0.177518 0.475000 0.421546 2.000000 0.476562 0.419204 2.000000 0.471875 0.419204 2.000000 0.000000 0.000000 0.000000 0.467187 0.419204 2.000000 0.479687 0.440281 2.000000 0.464062 0.440281 2.000000 0.485938 0.461358 2.000000 0.468750 0.461358 2.000000 0.475000 0.459016 2.000000 0.481250 0.456674 2.000000 0.476562 0.489461 2.000000 0.464062 0.491803 2.000000 0.475000 0.526932 2.000000 0.462500 0.526932 2.000000 0.473438 0.562061 2.000000 0.462500 0.562061 2.000000
0 0.586352 0.506358 0.040953 0.205644 0.000000 0.000000 0.000000 0.000000 0.000000 0.000000 0.000000 0.000000 0.000000 0.000000 0.000000 0.000000 0.000000 0.000000 0.000000 0.592187 0.442623 2.000000 0.573438 0.435597 2.000000 0.000000 0.000000 0.000000 0.584375 0.433255 2.000000 0.000000 0.000000 0.000000 0.601562 0.414520 1.000000 0.589063 0.496487 1.000000 0.578125 0.496487 2.000000 0.587500 0.548009 2.000000 0.578125 0.545667 2.000000 0.579688 0.585480 2.000000 0.576562 0.583138 2.000000
0 0.370156 0.502951 0.043062 0.204450 0.375000 0.421546 2.000000 0.378125 0.419204 2.000000 0.371875 0.416862 2.000000 0.000000 0.000000 0.000000 0.367188 0.421546 2.000000 0.381250 0.444965 2.000000 0.357812 0.442623 2.000000 0.387500 0.470726 2.000000 0.354687 0.475410 2.000000 0.385937 0.484778 2.000000 0.360938 0.491803 2.000000 0.381250 0.503513 2.000000 0.362500 0.501171 2.000000 0.375000 0.552693 2.000000 0.360938 0.550351 2.000000 0.376563 0.590164 2.000000 0.357812 0.594848 2.000000
