0 0.254492 0.565604 0.482016 0.840458 0.203125 0.333333 2.000000 0.217188 0.306250 2.000000 0.168750 0.304167 2.000000 0.000000 0.000000 0.000000 0.000000 0.000000 0.000000 0.059375 0.493750 2.000000 0.115625 0.554167 2.000000 0.000000 0.000000 0.000000 0.195312 0.931250 2.000000 0.000000 0.000000 0.000000 0.000000 0.000000 0.000000 0.089063 0.904167 2.000000 0.145313 0.952083 2.000000 0.000000 0.000000 0.000000 0.467187 0.854167 2.000000 0.000000 0.000000 0.000000 0.000000 0.000000 0.000000
0 0.846063 0.851688 0.273031 0.274167 0.787500 0.891667 2.000000 0.835938 0.889583 2.000000 0.790625 0.843750 2.000000 0.901563 0.960417 2.000000 0.000000 0.000000 0.000000 0.000000 0.000000 0.000000 0.000000 0.000000 0.000000 0.000000 0.000000 0.000000 0.000000 0.000000 0.000000 0.000000 0.000000 0.000000 0.000000 0.000000 0.000000 0.000000 0.000000 0.000000 0.000000 0.000000 0.000000 0.000000 0.000000 0.000000 0.000000 0.000000 0.000000 0.000000 0.000000 0.000000 0.000000 0.000000 0.000000
0 0.499164 0.256385 0.230172 0.391396 0.498437 0.166667 2.000000 0.509375 0.150000 2.000000 0.481250 0.152083 2.000000 0.000000 0.000000 0.000000 0.454688 0.162500 2.000000 0.498437 0.241667 2.000000 0.428125 0.266667 2.000000 0.532813 0.337500 2.000000 0.435937 0.425000 1.000000 0.579688 0.337500 2.000000 0.548438 0.389583 2.000000 0.495312 0.458333 1.000000 0.431250 0.504167 1.000000 0.000000 0.000000 0.000000 0.000000 0.000000 0.000000 0.000000 0.000000 0.000000 0.000000 0.000000 0.000000
0 0.700820 0.278281 0.123828 0.175354 0.687500 0.270833 2.000000 0.701562 0.262500 2.000000 0.678125 0.258333 2.000000 0.717187 0.275000 2.000000 0.664062 0.266667 2.000000 0.725000 0.304167 2.000000 0.660937 0.308333 2.000000 0.740625 0.329167 2.000000 0.634375 0.325000 1.000000 0.704688 0.347917 2.000000 0.653125 0.343750 1.000000 0.718750 0.400000 1.000000 0.668750 0.400000 1.000000 0.000000 0.000000 0.000000 0.000000 0.000000 0.000000 0.000000 0.000000 0.000000 0.000000 0.000000 0.000000
0 0.875563 0.241573 0.244375 0.397771 0.785937 0.168750 2.000000 0.800000 0.125000 2.000000 0.771875 0.145833 2.000000 0.845313 0.110417 2.000000 0.000000 0.000000 0.000000 0.882812 0.183333 2.000000 0.809375 0.189583 2.000000 0.871875 0.397917 2.000000 0.845313 0.347917 2.000000 0.823438 0.350000 2.000000 0.876563 0.383333 2.000000 0.957812 0.443750 1.000000 0.906250 0.429167 1.000000 0.000000 0.000000 0.000000 0.000000 0.000000 0.000000 0.000000 0.000000 0.000000 0.000000 0.000000 0.000000
0 0.917227 0.525896 0.148641 0.373875 0.906250 0.450000 2.000000 0.929688 0.437500 2.000000 0.903125 0.425000 2.000000 0.962500 0.450000 2.000000 0.000000 0.000000 0.000000 0.942187 0.500000 2.000000 0.934375 0.460417 2.000000 0.940625 0.531250 2.000000 0.901563 0.489583 2.000000 0.918750 0.543750 2.000000 0.878125 0.452083 2.000000 0.000000 0.000000 0.000000 0.909375 0.650000 2.000000 0.000000 0.000000 0.000000 0.820312 0.627083 1.000000 0.000000 0.000000 0.000000 0.000000 0.000000 0.000000
0 0.704164 0.109990 0.107109 0.215188 0.000000 0.000000 0.000000 0.000000 0.000000 0.000000 0.000000 0.000000 0.000000 0.000000 0.000000 0.000000 0.000000 0.000000 0.000000 0.671875 0.002083 1.000000 0.000000 0.000000 0.000000 0.685937 0.083333 2.000000 0.735938 0.062500 2.000000 0.709375 0.133333 2.000000 0.729688 0.131250 2.000000 0.690625 0.156250 2.000000 0.725000 0.152083 2.000000 0.673438 0.254167 1.000000 0.000000 0.000000 0.000000 0.000000 0.000000 0.000000 0.000000 0.000000 0.000000
0 0.534437 0.160865 0.150250 0.319312 0.000000 0.000000 0.000000 0.000000 0.000000 0.000000 0.000000 0.000000 0.000000 0.000000 0.000000 0.000000 0.000000 0.000000 0.000000 0.000000 0.000000 0.000000 0.000000 0.000000 0.000000 0.000000 0.000000 0.000000 0.560937 0.041667 2.000000 0.000000 0.000000 0.000000 0.581250 0.058333 2.000000 0.485938 0.087500 1.000000 0.529687 0.085417 2.000000 0.000000 0.000000 0.000000 0.539062 0.206250 2.000000 0.000000 0.000000 0.000000 0.543750 0.316667 1.000000
0 0.069352 0.121896 0.131828 0.239875 0.000000 0.000000 0.000000 0.000000 0.000000 0.000000 0.000000 0.000000 0.000000 0.000000 0.000000 0.000000 0.000000 0.000000 0.000000 0.000000 0.000000 0.000000 0.000000 0.000000 0.000000 0.000000 0.000000 0.000000 0.028125 0.116667 2.000000 0.026562 0.083333 2.000000 0.053125 0.104167 2.000000 0.000000 0.000000 0.000000 0.034375 0.202083 2.000000 0.000000 0.000000 0.000000 0.068750 0.316667 1.000000 0.000000 0.000000 0.000000 0.000000 0.000000 0.000000
0 0.304211 0.428083 0.281453 0.671917 0.271875 0.237500 2.000000 0.284375 0.204167 2.000000 0.245312 0.214583 2.000000 0.000000 0.000000 0.000000 0.207813 0.222917 1.000000 0.290625 0.316667 2.000000 0.200000 0.387500 1.000000 0.321875 0.479167 2.000000 0.226562 0.575000 2.000000 0.400000 0.454167 2.000000 0.354687 0.568750 2.000000 0.337500 0.622917 1.000000 0.259375 0.691667 2.000000 0.000000 0.000000 0.000000 0.000000 0.000000 0.000000 0.000000 0.000000 0.000000 0.000000 0.000000 0.000000
