0 0.353195 0.609918 0.240547 0.735808 0.371875 0.334895 2.000000 0.379688 0.320843 2.000000 0.360938 0.318501 2.000000 0.000000 0.000000 0.000000 0.339062 0.304450 2.000000 0.415625 0.344262 2.000000 0.320312 0.320843 2.000000 0.453125 0.435597 2.000000 0.268750 0.421546 2.000000 0.462500 0.440281 2.000000 0.240625 0.412178 1.000000 0.384375 0.540984 2.000000 0.326562 0.529274 2.000000 0.359375 0.669789 2.000000 0.320312 0.683841 2.000000 0.340625 0.847775 2.000000 0.300000 0.852459 2.000000
0 0.568227 0.565164 0.233891 0.658431 0.514062 0.320843 2.000000 0.520312 0.306792 2.000000 0.504687 0.309133 2.000000 0.535937 0.297424 2.000000 0.000000 0.000000 0.000000 0.560937 0.355972 2.000000 0.485938 0.358314 2.000000 0.628125 0.419204 2.000000 0.431250 0.409836 1.000000 0.604688 0.433255 1.000000 0.425000 0.435597 1.000000 0.562500 0.545667 2.000000 0.517188 0.548009 2.000000 0.593750 0.688525 2.000000 0.509375 0.700234 2.000000 0.643750 0.812646 2.000000 0.509375 0.845433 2.000000
0 0.635516 0.370316 0.091188 0.121335 0.000000 0.000000 0.000000 0.604688 0.358314 2.000000 0.000000 0.000000 0.000000 0.615625 0.348946 2.000000 0.000000 0.000000 0.000000 0.635938 0.370023 2.000000 0.581250 0.379391 1.000000 0.690625 0.395785 1.000000 0.000000 0.000000 0.000000 0.676562 0.367681 2.000000 0.000000 0.000000 0.000000 0.000000 0.000000 0.000000 0.000000 0.000000 0.000000 0.000000 0.000000 0.000000 0.000000 0.000000 0.000000 0.000000 0.000000 0.000000 0.000000 0.000000 0.000000
0 0.827594 0.498501 0.344813 0.970773 0.885938 0.152225 2.000000 0.900000 0.124122 2.000000 0.882812 0.119438 2.000000 0.000000 0.000000 0.000000 0.840625 0.088993 2.000000 0.923438 0.154567 2.000000 0.800000 0.140515 2.000000 0.982812 0.255269 2.000000 0.709375 0.257611 2.000000 0.995313 0.138173 2.000000 0.778125 0.163934 2.000000 0.834375 0.440281 2.000000 0.753125 0.419204 2.000000 0.837500 0.644028 2.000000 0.746875 0.641686 2.000000 0.793750 0.850117 2.000000 0.701562 0.854801 2.000000
0 0.156203 0.520550 0.312406 0.898103 0.165625 0.199063 2.000000 0.182812 0.180328 2.000000 0.151562 0.170960 2.000000 0.200000 0.177986 2.000000 0.129688 0.147541 2.000000 0.221875 0.227166 2.000000 0.096875 0.203747 2.000000 0.287500 0.332553 2.000000 0.000000 0.306792 2.000000 0.268750 0.236534 2.000000 0.039062 0.231850 2.000000 0.168750 0.498829 2.000000 0.090625 0.480094 2.000000 0.132812 0.669789 2.000000 0.073438 0.674473 2.000000 0.100000 0.847775 2.000000 0.026562 0.871194 2.000000
0 0.241391 0.546066 0.116937 0.494379 0.198437 0.372365 1.000000 0.204687 0.358314 2.000000 0.000000 0.000000 0.000000 0.000000 0.000000 0.000000 0.000000 0.000000 0.000000 0.225000 0.365340 2.000000 0.182812 0.377049 1.000000 0.251563 0.374707 2.000000 0.000000 0.000000 0.000000 0.250000 0.377049 2.000000 0.000000 0.000000 0.000000 0.239063 0.489461 2.000000 0.204687 0.496487 2.000000 0.256250 0.611241 2.000000 0.201563 0.608899 2.000000 0.275000 0.690867 2.000000 0.204687 0.733021 2.000000
0 0.899398 0.528747 0.081016 0.294684 0.876563 0.419204 2.000000 0.879687 0.414520 2.000000 0.873437 0.414520 2.000000 0.887500 0.412178 2.000000 0.000000 0.000000 0.000000 0.900000 0.430913 2.000000 0.862500 0.423888 2.000000 0.921875 0.444965 2.000000 0.840625 0.440281 1.000000 0.934375 0.468384 2.000000 0.000000 0.000000 0.000000 0.892188 0.501171 2.000000 0.871875 0.503513 2.000000 0.892188 0.564403 2.000000 0.881250 0.585480 2.000000 0.901563 0.632319 2.000000 0.884375 0.639344 2.000000
0 0.632297 0.580445 0.138656 0.523607 0.000000 0.000000 0.000000 0.000000 0.000000 0.000000 0.000000 0.000000 0.000000 0.000000 0.000000 0.000000 0.000000 0.000000 0.000000 0.628125 0.426230 1.000000 0.567187 0.423888 1.000000 0.657813 0.473068 1.000000 0.000000 0.000000 0.000000 0.659375 0.533958 1.000000 0.000000 0.000000 0.000000 0.621875 0.538642 2.000000 0.581250 0.540984 1.000000 0.664062 0.690867 2.000000 0.582812 0.658080 1.000000 0.700000 0.744731 1.000000 0.589063 0.758782 2.000000
0 0.703430 0.533080 0.051766 0.277447 0.715625 0.454333 2.000000 0.720313 0.442623 2.000000 0.709375 0.440281 2.000000 0.732812 0.440281 1.000000 0.701562 0.435597 2.000000 0.745313 0.461358 1.000000 0.689063 0.456674 1.000000 0.000000 0.000000 0.000000 0.670312 0.505855 1.000000 0.000000 0.000000 0.000000 0.671875 0.548009 1.000000 0.728125 0.552693 1.000000 0.703125 0.552693 2.000000 0.734375 0.625293 1.000000 0.695312 0.622951 2.000000 0.734375 0.718970 1.000000 0.682813 0.707260 1.000000
0 0.420914 0.578033 0.076641 0.314520 0.000000 0.000000 0.000000 0.000000 0.000000 0.000000 0.000000 0.000000 0.000000 0.000000 0.000000 0.000000 0.000000 0.000000 0.000000 0.440625 0.456674 2.000000 0.404687 0.459016 1.000000 0.000000 0.000000 0.000000 0.000000 0.000000 0.000000 0.000000 0.000000 0.000000 0.000000 0.000000 0.000000 0.437500 0.531616 2.000000 0.418750 0.531616 2.000000 0.439063 0.620609 1.000000 0.410938 0.627635 2.000000 0.439063 0.686183 1.000000 0.401562 0.690867 2.000000
