0 0.825000 0.611487 0.241562 0.648655 0.000000 0.000000 0.000000 0.000000 0.000000 0.000000 0.000000 0.000000 0.000000 0.785937 0.342803 2.000000 0.000000 0.000000 0.000000 0.859375 0.392045 2.000000 0.743750 0.401515 2.000000 0.925000 0.454545 2.000000 0.729688 0.469697 2.000000 0.895312 0.551136 2.000000 0.743750 0.517045 2.000000 0.871875 0.568182 2.000000 0.798438 0.573864 2.000000 0.818750 0.704545 2.000000 0.857812 0.738636 2.000000 0.796875 0.897727 2.000000 0.906250 0.888258 2.000000
0 0.381125 0.515871 0.252844 0.883674 0.395313 0.155303 2.000000 0.404687 0.142045 2.000000 0.379688 0.134470 2.000000 0.000000 0.000000 0.000000 0.342187 0.138258 2.000000 0.428125 0.272727 2.000000 0.281250 0.231061 2.000000 0.457813 0.388258 2.000000 0.193750 0.255682 1.000000 0.475000 0.517045 2.000000 0.137500 0.289773 1.000000 0.375000 0.509470 2.000000 0.271875 0.505682 1.000000 0.357812 0.717803 2.000000 0.234375 0.700758 1.000000 0.325000 0.892045 2.000000 0.171875 0.888258 1.000000
0 0.778438 0.220909 0.101156 0.232462 0.757812 0.136364 2.000000 0.762500 0.128788 2.000000 0.754687 0.128788 2.000000 0.784375 0.138258 2.000000 0.000000 0.000000 0.000000 0.806250 0.193182 2.000000 0.739062 0.187500 2.000000 0.812500 0.268939 2.000000 0.000000 0.000000 0.000000 0.751563 0.261364 2.000000 0.000000 0.000000 0.000000 0.804688 0.329545 1.000000 0.743750 0.320076 1.000000 0.000000 0.000000 0.000000 0.000000 0.000000 0.000000 0.000000 0.000000 0.000000 0.000000 0.000000 0.000000
0 0.504266 0.247339 0.096406 0.260663 0.000000 0.000000 0.000000 0.000000 0.000000 0.000000 0.000000 0.000000 0.000000 0.000000 0.000000 0.000000 0.525000 0.147727 2.000000 0.528125 0.200758 2.000000 0.492188 0.183712 2.000000 0.000000 0.000000 0.000000 0.473438 0.242424 2.000000 0.000000 0.000000 0.000000 0.515625 0.261364 2.000000 0.509375 0.325758 2.000000 0.476562 0.321970 1.000000 0.000000 0.000000 0.000000 0.000000 0.000000 0.000000 0.000000 0.000000 0.000000 0.000000 0.000000 0.000000
0 0.680992 0.286922 0.096016 0.315284 0.673438 0.160985 2.000000 0.681250 0.155303 2.000000 0.673438 0.153409 2.000000 0.695312 0.168561 2.000000 0.000000 0.000000 0.000000 0.707812 0.212121 2.000000 0.650000 0.193182 2.000000 0.715625 0.276515 2.000000 0.000000 0.000000 0.000000 0.698438 0.285985 2.000000 0.000000 0.000000 0.000000 0.685937 0.342803 2.000000 0.643750 0.333333 2.000000 0.000000 0.000000 0.000000 0.000000 0.000000 0.000000 0.000000 0.000000 0.000000 0.000000 0.000000 0.000000
0 0.228953 0.508987 0.250281 0.892140 0.285938 0.147727 2.000000 0.000000 0.000000 0.000000 0.284375 0.138258 2.000000 0.000000 0.000000 0.000000 0.246875 0.138258 2.000000 0.204687 0.202652 2.000000 0.225000 0.212121 2.000000 0.000000 0.000000 0.000000 0.209375 0.356061 2.000000 0.000000 0.000000 0.000000 0.306250 0.388258 2.000000 0.170313 0.414773 2.000000 0.185938 0.431818 2.000000 0.253125 0.691288 2.000000 0.198437 0.696970 2.000000 0.079687 0.812500 1.000000 0.160938 0.882576 2.000000
0 0.574492 0.397765 0.110078 0.250568 0.000000 0.000000 0.000000 0.000000 0.000000 0.000000 0.000000 0.000000 0.000000 0.553125 0.308712 2.000000 0.000000 0.000000 0.000000 0.578125 0.354167 2.000000 0.550000 0.356061 2.000000 0.571875 0.433712 2.000000 0.000000 0.000000 0.000000 0.556250 0.500000 1.000000 0.000000 0.000000 0.000000 0.576562 0.494318 2.000000 0.546875 0.486742 1.000000 0.571875 0.583333 1.000000 0.539062 0.568182 1.000000 0.000000 0.000000 0.000000 0.000000 0.000000 0.000000
0 0.150172 0.151686 0.114937 0.285379 0.000000 0.000000 0.000000 0.000000 0.000000 0.000000 0.000000 0.000000 0.000000 0.000000 0.000000 0.000000 0.000000 0.000000 0.000000 0.201563 0.111742 2.000000 0.110937 0.123106 2.000000 0.000000 0.000000 0.000000 0.000000 0.000000 0.000000 0.000000 0.000000 0.000000 0.000000 0.000000 0.000000 0.190625 0.259470 1.000000 0.126562 0.259470 2.000000 0.000000 0.000000 0.000000 0.000000 0.000000 0.000000 0.000000 0.000000 0.000000 0.000000 0.000000 0.000000
0 0.889875 0.310445 0.103906 0.188163 0.000000 0.000000 0.000000 0.000000 0.000000 0.000000 0.000000 0.000000 0.000000 0.000000 0.000000 0.000000 0.000000 0.000000 0.000000 0.928125 0.312500 2.000000 0.882812 0.308712 2.000000 0.000000 0.000000 0.000000 0.000000 0.000000 0.000000 0.000000 0.000000 0.000000 0.000000 0.000000 0.000000 0.920312 0.409091 1.000000 0.887500 0.422348 1.000000 0.957812 0.433712 1.000000 0.000000 0.000000 0.000000 0.000000 0.000000 0.000000 0.000000 0.000000 0.000000
0 0.599461 0.223722 0.111203 0.286761 0.596875 0.134470 2.000000 0.606250 0.125000 2.000000 0.592187 0.125000 2.000000 0.000000 0.000000 0.000000 0.000000 0.000000 0.000000 0.625000 0.196970 2.000000 0.559375 0.189394 2.000000 0.631250 0.265152 2.000000 0.540625 0.255682 1.000000 0.626563 0.316288 2.000000 0.573438 0.268939 2.000000 0.601562 0.348485 1.000000 0.559375 0.344697 1.000000 0.000000 0.000000 0.000000 0.000000 0.000000 0.000000 0.000000 0.000000 0.000000 0.000000 0.000000 0.000000
0 0.491141 0.605938 0.120625 0.464527 0.525000 0.431818 2.000000 0.000000 0.000000 0.000000 0.515625 0.424242 2.000000 0.000000 0.000000 0.000000 0.485938 0.416667 2.000000 0.525000 0.465909 2.000000 0.465625 0.454545 1.000000 0.531250 0.494318 2.000000 0.446875 0.520833 1.000000 0.482812 0.458333 1.000000 0.000000 0.000000 0.000000 0.510938 0.626894 1.000000 0.492188 0.625000 1.000000 0.510938 0.715909 2.000000 0.471875 0.710227 2.000000 0.495312 0.850379 1.000000 0.453125 0.844697 1.000000
0 0.692273 0.441922 0.075516 0.183049 0.712500 0.414773 2.000000 0.721875 0.403409 1.000000 0.707812 0.403409 2.000000 0.000000 0.000000 0.000000 0.696875 0.395833 2.000000 0.000000 0.000000 0.000000 0.687500 0.441288 2.000000 0.000000 0.000000 0.000000 0.665625 0.467803 2.000000 0.000000 0.000000 0.000000 0.690625 0.482955 2.000000 0.000000 0.000000 0.000000 0.704688 0.509470 2.000000 0.000000 0.000000 0.000000 0.673438 0.500000 2.000000 0.000000 0.000000 0.000000 0.000000 0.000000 0.000000
