0 0.439891 0.561417 0.131469 0.696625 0.000000 0.000000 0.000000 0.000000 0.000000 0.000000 0.000000 0.000000 0.000000 0.000000 0.000000 0.000000 0.446875 0.275000 2.000000 0.381250 0.358333 2.000000 0.468750 0.362500 2.000000 0.000000 0.000000 0.000000 0.485938 0.456250 2.000000 0.000000 0.000000 0.000000 0.000000 0.000000 0.000000 0.389062 0.550000 2.000000 0.450000 0.554167 2.000000 0.404687 0.720833 2.000000 0.462500 0.735417 2.000000 0.421875 0.879167 2.000000 0.457813 0.885417 2.000000
0 0.936531 0.421406 0.126937 0.491687 0.915625 0.229167 2.000000 0.925000 0.218750 2.000000 0.000000 0.000000 0.000000 0.948438 0.210417 2.000000 0.000000 0.000000 0.000000 0.970313 0.266667 2.000000 0.940625 0.268750 2.000000 0.987500 0.339583 2.000000 0.000000 0.000000 0.000000 0.948438 0.370833 2.000000 0.000000 0.000000 0.000000 0.967187 0.441667 2.000000 0.939063 0.437500 2.000000 0.946875 0.522917 2.000000 0.976562 0.535417 2.000000 0.910937 0.629167 2.000000 0.000000 0.000000 0.000000
0 0.583219 0.309469 0.079750 0.288396 0.546875 0.204167 2.000000 0.556250 0.193750 2.000000 0.546875 0.195833 2.000000 0.578125 0.202083 2.000000 0.000000 0.000000 0.000000 0.607812 0.241667 2.000000 0.557813 0.245833 2.000000 0.612500 0.318750 1.000000 0.564063 0.306250 2.000000 0.000000 0.000000 0.000000 0.551562 0.372917 2.000000 0.576562 0.377083 2.000000 0.554688 0.375000 2.000000 0.581250 0.472917 1.000000 0.562500 0.468750 1.000000 0.000000 0.000000 0.000000 0.000000 0.000000 0.000000
0 0.524172 0.274771 0.056531 0.174542 0.506250 0.216667 2.000000 0.510938 0.210417 2.000000 0.501563 0.210417 2.000000 0.000000 0.000000 0.000000 0.000000 0.000000 0.000000 0.529687 0.241667 2.000000 0.000000 0.000000 0.000000 0.535937 0.293750 2.000000 0.000000 0.000000 0.000000 0.531250 0.331250 2.000000 0.000000 0.000000 0.000000 0.000000 0.000000 0.000000 0.000000 0.000000 0.000000 0.000000 0.000000 0.000000 0.000000 0.000000 0.000000 0.000000 0.000000 0.000000 0.000000 0.000000 0.000000
0 0.373094 0.279760 0.065594 0.157979 0.371875 0.229167 2.000000 0.378125 0.225000 2.000000 0.370312 0.225000 2.000000 0.392188 0.229167 2.000000 0.000000 0.000000 0.000000 0.409375 0.258333 1.000000 0.371875 0.258333 2.000000 0.000000 0.000000 0.000000 0.359375 0.300000 2.000000 0.000000 0.000000 0.000000 0.348438 0.335417 2.000000 0.410938 0.335417 1.000000 0.384375 0.333333 1.000000 0.000000 0.000000 0.000000 0.000000 0.000000 0.000000 0.000000 0.000000 0.000000 0.000000 0.000000 0.000000
0 0.304070 0.280896 0.061141 0.155583 0.290625 0.231250 1.000000 0.292187 0.225000 2.000000 0.000000 0.000000 0.000000 0.000000 0.000000 0.000000 0.000000 0.000000 0.000000 0.314063 0.247917 2.000000 0.293750 0.247917 1.000000 0.328125 0.287500 2.000000 0.285938 0.287500 1.000000 0.300000 0.285417 1.000000 0.296875 0.277083 1.000000 0.317188 0.322917 2.000000 0.296875 0.322917 2.000000 0.000000 0.000000 0.000000 0.000000 0.000000 0.000000 0.000000 0.000000 0.000000 0.000000 0.000000 0.000000
0 0.047844 0.365875 0.095688 0.303875 0.018750 0.239583 2.000000 0.021875 0.233333 2.000000 0.000000 0.000000 0.000000 0.000000 0.000000 0.000000 0.000000 0.000000 0.000000 0.056250 0.268750 2.000000 0.017188 0.275000 2.000000 0.073438 0.316667 2.000000 0.006250 0.320833 1.000000 0.040625 0.343750 2.000000 0.017188 0.333333 2.000000 0.054688 0.368750 1.000000 0.028125 0.368750 1.000000 0.068750 0.441667 2.000000 0.018750 0.441667 2.000000 0.084375 0.493750 2.000000 0.018750 0.502083 2.000000
0 0.184117 0.348917 0.120328 0.345208 0.196875 0.225000 2.000000 0.203125 0.212500 2.000000 0.189062 0.212500 2.000000 0.000000 0.000000 0.000000 0.171875 0.212500 2.000000 0.218750 0.281250 2.000000 0.168750 0.277083 2.000000 0.234375 0.372917 2.000000 0.159375 0.368750 2.000000 0.000000 0.000000 0.000000 0.137500 0.414583 2.000000 0.212500 0.435417 1.000000 0.171875 0.414583 2.000000 0.209375 0.562500 1.000000 0.170313 0.535417 1.000000 0.000000 0.000000 0.000000 0.000000 0.000000 0.000000
0 0.101859 0.348708 0.063781 0.269083 0.089063 0.245833 2.000000 0.093750 0.241667 2.000000 0.089063 0.241667 2.000000 0.000000 0.000000 0.000000 0.000000 0.000000 0.000000 0.114062 0.270833 2.000000 0.084375 0.272917 2.000000 0.129688 0.308333 2.000000 0.000000 0.000000 0.000000 0.107813 0.331250 2.000000 0.000000 0.000000 0.000000 0.115625 0.354167 2.000000 0.092188 0.356250 2.000000 0.110937 0.418750 2.000000 0.098437 0.425000 2.000000 0.110937 0.472917 2.000000 0.115625 0.464583 2.000000
0 0.348195 0.288177 0.045859 0.155146 0.350000 0.233333 2.000000 0.353125 0.227083 2.000000 0.345313 0.227083 2.000000 0.000000 0.000000 0.000000 0.000000 0.000000 0.000000 0.373437 0.266667 1.000000 0.343750 0.266667 2.000000 0.000000 0.000000 0.000000 0.337500 0.306250 2.000000 0.000000 0.000000 0.000000 0.335938 0.354167 2.000000 0.373437 0.343750 1.000000 0.350000 0.341667 1.000000 0.000000 0.000000 0.000000 0.000000 0.000000 0.000000 0.000000 0.000000 0.000000 0.000000 0.000000 0.000000
