0 0.831555 0.545896 0.232141 0.595125 0.760938 0.341667 1.000000 0.776563 0.322917 2.000000 0.760938 0.322917 2.000000 0.812500 0.322917 2.000000 0.000000 0.000000 0.000000 0.882812 0.402083 2.000000 0.754687 0.406250 2.000000 0.923438 0.518750 2.000000 0.735938 0.537500 2.000000 0.848437 0.500000 2.000000 0.743750 0.489583 2.000000 0.862500 0.672917 2.000000 0.784375 0.668750 2.000000 0.867188 0.850000 1.000000 0.806250 0.852083 1.000000 0.000000 0.000000 0.000000 0.000000 0.000000 0.000000
0 0.641875 0.658323 0.195094 0.326729 0.604688 0.572917 2.000000 0.617188 0.556250 2.000000 0.590625 0.558333 2.000000 0.635938 0.564583 2.000000 0.573438 0.570833 2.000000 0.676562 0.625000 2.000000 0.556250 0.650000 2.000000 0.698438 0.752083 2.000000 0.571875 0.772917 2.000000 0.651563 0.681250 2.000000 0.643750 0.781250 2.000000 0.696875 0.822917 1.000000 0.620313 0.827083 1.000000 0.000000 0.000000 0.000000 0.000000 0.000000 0.000000 0.000000 0.000000 0.000000 0.000000 0.000000 0.000000
0 0.224164 0.631469 0.212359 0.647187 0.212500 0.433333 2.000000 0.221875 0.410417 2.000000 0.195312 0.410417 2.000000 0.000000 0.000000 0.000000 0.160938 0.410417 2.000000 0.253125 0.508333 2.000000 0.156250 0.531250 2.000000 0.292187 0.641667 2.000000 0.165625 0.685417 2.000000 0.248438 0.679167 2.000000 0.273438 0.643750 2.000000 0.256250 0.770833 2.000000 0.182812 0.772917 2.000000 0.259375 0.991667 1.000000 0.000000 0.000000 0.000000 0.000000 0.000000 0.000000 0.000000 0.000000 0.000000
0 0.585227 0.532573 0.162891 0.431813 0.564063 0.385417 2.000000 0.576562 0.372917 2.000000 0.559375 0.372917 2.000000 0.601562 0.383333 2.000000 0.000000 0.000000 0.000000 0.642188 0.452083 2.000000 0.546875 0.456250 2.000000 0.000000 0.000000 0.000000 0.537500 0.560417 2.000000 0.000000 0.000000 0.000000 0.517188 0.662500 2.000000 0.000000 0.000000 0.000000 0.000000 0.000000 0.000000 0.000000 0.000000 0.000000 0.000000 0.000000 0.000000 0.000000 0.000000 0.000000 0.000000 0.000000 0.000000
0 0.357305 0.608615 0.178641 0.552813 0.000000 0.000000 0.000000 0.000000 0.000000 0.000000 0.000000 0.000000 0.000000 0.000000 0.000000 0.000000 0.000000 0.000000 0.000000 0.314063 0.491667 2.000000 0.321875 0.508333 2.000000 0.351562 0.589583 2.000000 0.351562 0.618750 2.000000 0.393750 0.550000 2.000000 0.412500 0.566667 2.000000 0.000000 0.000000 0.000000 0.331250 0.727083 2.000000 0.000000 0.000000 0.000000 0.340625 0.877083 1.000000 0.000000 0.000000 0.000000 0.000000 0.000000 0.000000
0 0.417367 0.410594 0.085797 0.220729 0.417187 0.350000 2.000000 0.426563 0.339583 2.000000 0.409375 0.339583 2.000000 0.437500 0.352083 2.000000 0.396875 0.350000 2.000000 0.454688 0.408333 1.000000 0.379688 0.412500 2.000000 0.000000 0.000000 0.000000 0.000000 0.000000 0.000000 0.000000 0.000000 0.000000 0.000000 0.000000 0.000000 0.000000 0.000000 0.000000 0.000000 0.000000 0.000000 0.000000 0.000000 0.000000 0.000000 0.000000 0.000000 0.000000 0.000000 0.000000 0.000000 0.000000 0.000000
0 0.080930 0.662146 0.157891 0.675708 0.167187 0.391667 1.000000 0.000000 0.000000 0.000000 0.154688 0.375000 1.000000 0.000000 0.000000 0.000000 0.121875 0.375000 2.000000 0.146875 0.462500 1.000000 0.060937 0.458333 2.000000 0.000000 0.000000 0.000000 0.012500 0.585417 1.000000 0.000000 0.000000 0.000000 0.034375 0.687500 2.000000 0.156250 0.656250 1.000000 0.078125 0.664583 2.000000 0.139063 0.847917 2.000000 0.101562 0.872917 2.000000 0.000000 0.000000 0.000000 0.000000 0.000000 0.000000
0 0.024641 0.574698 0.049281 0.135229 0.000000 0.000000 0.000000 0.000000 0.000000 0.000000 0.000000 0.000000 0.000000 0.000000 0.000000 0.000000 0.000000 0.000000 0.000000 0.000000 0.000000 0.000000 0.000000 0.000000 0.000000 0.000000 0.000000 0.000000 0.032813 0.608333 2.000000 0.000000 0.000000 0.000000 0.000000 0.000000 0.000000 0.000000 0.000000 0.000000 0.000000 0.000000 0.000000 0.000000 0.000000 0.000000 0.000000 0.000000 0.000000 0.000000 0.000000 0.000000 0.000000 0.000000 0.000000
0 0.252180 0.402219 0.069359 0.259354 0.257812 0.335417 2.000000 0.264062 0.325000 2.000000 0.248438 0.322917 2.000000 0.000000 0.000000 0.000000 0.223438 0.329167 1.000000 0.268750 0.377083 2.000000 0.212500 0.395833 1.000000 0.000000 0.000000 0.000000 0.000000 0.000000 0.000000 0.279687 0.412500 2.000000 0.000000 0.000000 0.000000 0.000000 0.000000 0.000000 0.000000 0.000000 0.000000 0.000000 0.000000 0.000000 0.000000 0.000000 0.000000 0.000000 0.000000 0.000000 0.000000 0.000000 0.000000
0 0.487406 0.533281 0.140969 0.493229 0.475000 0.352083 2.000000 0.484375 0.337500 2.000000 0.465625 0.339583 2.000000 0.507812 0.343750 2.000000 0.000000 0.000000 0.000000 0.545312 0.416667 2.000000 0.443750 0.418750 2.000000 0.000000 0.000000 0.000000 0.434375 0.541667 1.000000 0.000000 0.000000 0.000000 0.442188 0.487500 2.000000 0.540625 0.647917 1.000000 0.467187 0.650000 2.000000 0.000000 0.000000 0.000000 0.000000 0.000000 0.000000 0.000000 0.000000 0.000000 0.000000 0.000000 0.000000
