0 0.748391 0.467026 0.080812 0.351373 0.757812 0.333333 2.000000 0.762500 0.326797 2.000000 0.754687 0.326797 2.000000 0.000000 0.000000 0.000000 0.745313 0.333333 2.000000 0.771875 0.369281 2.000000 0.742188 0.366013 2.000000 0.767188 0.450980 2.000000 0.729688 0.415033 2.000000 0.000000 0.000000 0.000000 0.714063 0.434641 2.000000 0.773438 0.483660 2.000000 0.000000 0.000000 0.000000 0.742188 0.483660 2.000000 0.000000 0.000000 0.000000 0.742188 0.601307 2.000000 0.000000 0.000000 0.000000
0 0.379281 0.575278 0.073063 0.269641 0.000000 0.000000 0.000000 0.000000 0.000000 0.000000 0.000000 0.000000 0.000000 0.000000 0.000000 0.000000 0.000000 0.000000 0.000000 0.359375 0.522876 2.000000 0.379688 0.539216 2.000000 0.400000 0.571895 2.000000 0.378125 0.607843 2.000000 0.432812 0.588235 1.000000 0.393750 0.660131 2.000000 0.350000 0.653595 2.000000 0.367188 0.666667 1.000000 0.418750 0.650327 1.000000 0.421875 0.666667 1.000000 0.000000 0.000000 0.000000 0.000000 0.000000 0.000000
0 0.286852 0.586667 0.113609 0.265294 0.285938 0.503268 2.000000 0.000000 0.000000 0.000000 0.282813 0.493464 2.000000 0.000000 0.000000 0.000000 0.273438 0.500000 2.000000 0.257812 0.526144 2.000000 0.267188 0.542484 2.000000 0.290625 0.607843 2.000000 0.265625 0.627451 2.000000 0.326562 0.607843 2.000000 0.292187 0.683007 2.000000 0.000000 0.000000 0.000000 0.000000 0.000000 0.000000 0.000000 0.000000 0.000000 0.000000 0.000000 0.000000 0.000000 0.000000 0.000000 0.000000 0.000000 0.000000
0 0.247250 0.553252 0.130094 0.253039 0.000000 0.000000 0.000000 0.000000 0.000000 0.000000 0.000000 0.000000 0.000000 0.000000 0.000000 0.000000 0.237500 0.477124 2.000000 0.200000 0.519608 2.000000 0.234375 0.532680 2.000000 0.000000 0.000000 0.000000 0.000000 0.000000 0.000000 0.000000 0.000000 0.000000 0.000000 0.000000 0.000000 0.198437 0.640523 2.000000 0.225000 0.650327 2.000000 0.000000 0.000000 0.000000 0.000000 0.000000 0.000000 0.000000 0.000000 0.000000 0.000000 0.000000 0.000000
0 0.179008 0.570703 0.108266 0.240752 0.000000 0.000000 0.000000 0.000000 0.000000 0.000000 0.176563 0.490196 2.000000 0.000000 0.000000 0.000000 0.170313 0.493464 2.000000 0.143750 0.539216 2.000000 0.160938 0.549020 2.000000 0.175000 0.578431 2.000000 0.157812 0.624183 2.000000 0.207813 0.588235 2.000000 0.182812 0.656863 2.000000 0.135937 0.679739 2.000000 0.154688 0.679739 2.000000 0.000000 0.000000 0.000000 0.000000 0.000000 0.000000 0.000000 0.000000 0.000000 0.000000 0.000000 0.000000
0 0.113297 0.554281 0.065344 0.276667 0.143750 0.470588 1.000000 0.000000 0.000000 0.000000 0.142187 0.464052 2.000000 0.000000 0.000000 0.000000 0.129688 0.467320 2.000000 0.098437 0.509804 2.000000 0.126562 0.529412 2.000000 0.087500 0.568627 2.000000 0.000000 0.000000 0.000000 0.000000 0.000000 0.000000 0.000000 0.000000 0.000000 0.093750 0.643791 2.000000 0.110937 0.653595 1.000000 0.000000 0.000000 0.000000 0.000000 0.000000 0.000000 0.000000 0.000000 0.000000 0.000000 0.000000 0.000000
0 0.499609 0.553938 0.118188 0.285392 0.498437 0.460784 2.000000 0.000000 0.000000 0.000000 0.496875 0.450980 2.000000 0.000000 0.000000 0.000000 0.487500 0.454248 2.000000 0.000000 0.000000 0.000000 0.490625 0.526144 2.000000 0.000000 0.000000 0.000000 0.492188 0.614379 2.000000 0.000000 0.000000 0.000000 0.525000 0.663399 2.000000 0.000000 0.000000 0.000000 0.482812 0.643791 2.000000 0.000000 0.000000 0.000000 0.000000 0.000000 0.000000 0.000000 0.000000 0.000000 0.000000 0.000000 0.000000
0 0.018031 0.567827 0.036062 0.271405 0.000000 0.000000 0.000000 0.000000 0.000000 0.000000 0.000000 0.000000 0.000000 0.000000 0.000000 0.000000 0.023438 0.486928 2.000000 0.000000 0.000000 0.000000 0.025000 0.542484 2.000000 0.000000 0.000000 0.000000 0.000000 0.000000 0.000000 0.000000 0.000000 0.000000 0.000000 0.000000 0.000000 0.000000 0.000000 0.000000 0.000000 0.000000 0.000000 0.000000 0.000000 0.000000 0.000000 0.000000 0.000000 0.000000 0.000000 0.000000 0.000000 0.000000 0.000000
0 0.074133 0.594379 0.105297 0.253922 0.090625 0.522876 2.000000 0.000000 0.000000 0.000000 0.089063 0.506536 2.000000 0.000000 0.000000 0.000000 0.081250 0.506536 2.000000 0.057813 0.539216 2.000000 0.071875 0.558824 2.000000 0.075000 0.604575 2.000000 0.059375 0.630719 2.000000 0.104688 0.620915 2.000000 0.089063 0.689542 2.000000 0.045312 0.686275 2.000000 0.057813 0.696078 2.000000 0.078125 0.660131 2.000000 0.115625 0.679739 1.000000 0.000000 0.000000 0.000000 0.000000 0.000000 0.000000
0 0.443328 0.529428 0.063562 0.256176 0.473438 0.450980 1.000000 0.000000 0.000000 0.000000 0.468750 0.437908 1.000000 0.000000 0.000000 0.000000 0.454688 0.444444 2.000000 0.428125 0.493464 2.000000 0.462500 0.490196 1.000000 0.000000 0.000000 0.000000 0.501563 0.539216 1.000000 0.000000 0.000000 0.000000 0.000000 0.000000 0.000000 0.418750 0.637255 2.000000 0.443750 0.640523 2.000000 0.000000 0.000000 0.000000 0.000000 0.000000 0.000000 0.000000 0.000000 0.000000 0.000000 0.000000 0.000000
0 0.335437 0.538399 0.074000 0.241830 0.000000 0.000000 0.000000 0.000000 0.000000 0.000000 0.000000 0.000000 0.000000 0.000000 0.000000 0.000000 0.000000 0.000000 0.000000 0.331250 0.486928 2.000000 0.356250 0.496732 2.000000 0.314063 0.549020 2.000000 0.000000 0.000000 0.000000 0.306250 0.578431 1.000000 0.000000 0.000000 0.000000 0.318750 0.630719 2.000000 0.337500 0.633987 2.000000 0.000000 0.000000 0.000000 0.000000 0.000000 0.000000 0.000000 0.000000 0.000000 0.000000 0.000000 0.000000
