0 0.577984 0.115738 0.076469 0.114614 0.556250 0.114754 2.000000 0.562500 0.105386 2.000000 0.551562 0.107728 2.000000 0.581250 0.098361 2.000000 0.000000 0.000000 0.000000 0.590625 0.159251 2.000000 0.545312 0.163934 2.000000 0.000000 0.000000 0.000000 0.000000 0.000000 0.000000 0.000000 0.000000 0.000000 0.000000 0.000000 0.000000 0.000000 0.000000 0.000000 0.000000 0.000000 0.000000 0.000000 0.000000 0.000000 0.000000 0.000000 0.000000 0.000000 0.000000 0.000000 0.000000 0.000000 0.000000
0 0.328836 0.078653 0.101859 0.153560 0.343750 0.028103 2.000000 0.353125 0.018735 2.000000 0.337500 0.018735 2.000000 0.360938 0.023419 2.000000 0.332813 0.021077 2.000000 0.376563 0.086651 2.000000 0.312500 0.063232 2.000000 0.360938 0.147541 1.000000 0.292187 0.128806 2.000000 0.343750 0.070258 2.000000 0.289062 0.147541 2.000000 0.351562 0.187354 1.000000 0.312500 0.182670 1.000000 0.000000 0.000000 0.000000 0.000000 0.000000 0.000000 0.000000 0.000000 0.000000 0.000000 0.000000 0.000000
0 0.244758 0.075515 0.079391 0.151030 0.254688 0.035129 2.000000 0.260937 0.028103 2.000000 0.248438 0.028103 2.000000 0.267188 0.035129 2.000000 0.237500 0.032787 2.000000 0.267188 0.096019 2.000000 0.218750 0.081967 2.000000 0.265625 0.163934 1.000000 0.207813 0.124122 1.000000 0.257812 0.126464 2.000000 0.000000 0.000000 0.000000 0.000000 0.000000 0.000000 0.000000 0.000000 0.000000 0.000000 0.000000 0.000000 0.000000 0.000000 0.000000 0.000000 0.000000 0.000000 0.000000 0.000000 0.000000
0 0.393805 0.588454 0.279297 0.433817 0.514062 0.456674 2.000000 0.000000 0.000000 0.000000 0.510938 0.440281 2.000000 0.000000 0.000000 0.000000 0.489063 0.421546 2.000000 0.471875 0.437939 2.000000 0.443750 0.470726 2.000000 0.000000 0.000000 0.000000 0.484375 0.571429 2.000000 0.443750 0.447307 2.000000 0.515625 0.653396 2.000000 0.434375 0.564403 2.000000 0.390625 0.576112 2.000000 0.490625 0.606557 2.000000 0.370312 0.718970 2.000000 0.467187 0.763466 2.000000 0.300000 0.709602 2.000000
0 0.960203 0.474098 0.072125 0.533770 0.984375 0.257611 2.000000 0.989062 0.248244 2.000000 0.981250 0.248244 2.000000 0.000000 0.000000 0.000000 0.975000 0.255269 1.000000 0.000000 0.000000 0.000000 0.957812 0.318501 2.000000 0.000000 0.000000 0.000000 0.948438 0.381733 2.000000 0.000000 0.000000 0.000000 0.957812 0.428571 2.000000 0.000000 0.000000 0.000000 0.960938 0.466042 2.000000 0.000000 0.000000 0.000000 0.957812 0.587822 2.000000 0.000000 0.000000 0.000000 0.953125 0.690867 2.000000
0 0.901078 0.148314 0.089969 0.094379 0.884375 0.159251 2.000000 0.890625 0.152225 2.000000 0.878125 0.152225 2.000000 0.907813 0.154567 2.000000 0.000000 0.000000 0.000000 0.925000 0.199063 1.000000 0.865625 0.196721 1.000000 0.000000 0.000000 0.000000 0.000000 0.000000 0.000000 0.000000 0.000000 0.000000 0.000000 0.000000 0.000000 0.000000 0.000000 0.000000 0.000000 0.000000 0.000000 0.000000 0.000000 0.000000 0.000000 0.000000 0.000000 0.000000 0.000000 0.000000 0.000000 0.000000 0.000000
0 0.649609 0.065129 0.111531 0.130258 0.656250 0.004684 2.000000 0.000000 0.000000 0.000000 0.000000 0.000000 0.000000 0.676562 0.000000 1.000000 0.645312 0.000000 1.000000 0.685937 0.030445 2.000000 0.639062 0.028103 2.000000 0.696875 0.103044 1.000000 0.612500 0.100703 2.000000 0.654687 0.114754 2.000000 0.656250 0.124122 2.000000 0.678125 0.124122 2.000000 0.639062 0.126464 1.000000 0.695312 0.126464 1.000000 0.600000 0.121780 2.000000 0.000000 0.000000 0.000000 0.000000 0.000000 0.000000
0 0.479805 0.063724 0.100047 0.127447 0.481250 0.002342 2.000000 0.000000 0.000000 0.000000 0.000000 0.000000 0.000000 0.000000 0.000000 0.000000 0.000000 0.000000 0.000000 0.504687 0.021077 2.000000 0.460938 0.018735 2.000000 0.514062 0.100703 2.000000 0.440625 0.088993 2.000000 0.467187 0.103044 2.000000 0.487500 0.086651 2.000000 0.495312 0.105386 2.000000 0.460938 0.103044 2.000000 0.507812 0.114754 2.000000 0.439063 0.110070 2.000000 0.000000 0.000000 0.000000 0.000000 0.000000 0.000000
0 0.613539 0.514578 0.231766 0.441522 0.634375 0.355972 2.000000 0.643750 0.346604 2.000000 0.631250 0.344262 2.000000 0.657813 0.341920 2.000000 0.000000 0.000000 0.000000 0.679688 0.386417 2.000000 0.614062 0.384075 2.000000 0.703125 0.449649 2.000000 0.590625 0.456674 2.000000 0.695312 0.526932 2.000000 0.589063 0.524590 2.000000 0.667188 0.494145 2.000000 0.618750 0.489461 2.000000 0.696875 0.569087 2.000000 0.571875 0.566745 2.000000 0.710938 0.683841 2.000000 0.532813 0.679157 2.000000
0 0.395750 0.110234 0.111187 0.103326 0.389062 0.119438 2.000000 0.395313 0.112412 2.000000 0.382812 0.110070 2.000000 0.409375 0.112412 2.000000 0.376563 0.110070 2.000000 0.429688 0.154567 2.000000 0.356250 0.152225 2.000000 0.000000 0.000000 0.000000 0.000000 0.000000 0.000000 0.000000 0.000000 0.000000 0.000000 0.000000 0.000000 0.000000 0.000000 0.000000 0.000000 0.000000 0.000000 0.000000 0.000000 0.000000 0.000000 0.000000 0.000000 0.000000 0.000000 0.000000 0.000000 0.000000 0.000000
0 0.949047 0.108501 0.073344 0.156815 0.939063 0.079625 2.000000 0.943750 0.067916 2.000000 0.935937 0.070258 2.000000 0.959375 0.074941 2.000000 0.000000 0.000000 0.000000 0.970313 0.128806 2.000000 0.926562 0.128806 2.000000 0.962500 0.189696 1.000000 0.000000 0.000000 0.000000 0.940625 0.140515 2.000000 0.000000 0.000000 0.000000 0.962500 0.220141 1.000000 0.929688 0.217799 1.000000 0.000000 0.000000 0.000000 0.000000 0.000000 0.000000 0.000000 0.000000 0.000000 0.000000 0.000000 0.000000
0 0.191180 0.092881 0.092891 0.111007 0.189062 0.081967 2.000000 0.193750 0.070258 2.000000 0.181250 0.070258 2.000000 0.204687 0.077283 1.000000 0.175000 0.079625 2.000000 0.214062 0.128806 2.000000 0.159375 0.131148 2.000000 0.000000 0.000000 0.000000 0.000000 0.000000 0.000000 0.000000 0.000000 0.000000 0.000000 0.000000 0.000000 0.000000 0.000000 0.000000 0.000000 0.000000 0.000000 0.000000 0.000000 0.000000 0.000000 0.000000 0.000000 0.000000 0.000000 0.000000 0.000000 0.000000 0.000000
0 0.094125 0.091475 0.088031 0.104871 0.093750 0.086651 2.000000 0.098437 0.077283 2.000000 0.089063 0.077283 2.000000 0.109375 0.081967 2.000000 0.079687 0.081967 2.000000 0.121875 0.133489 2.000000 0.064062 0.131148 2.000000 0.000000 0.000000 0.000000 0.000000 0.000000 0.000000 0.000000 0.000000 0.000000 0.000000 0.000000 0.000000 0.000000 0.000000 0.000000 0.000000 0.000000 0.000000 0.000000 0.000000 0.000000 0.000000 0.000000 0.000000 0.000000 0.000000 0.000000 0.000000 0.000000 0.000000
