0 0.777383 0.573033 0.157422 0.575293 0.000000 0.000000 0.000000 0.000000 0.000000 0.000000 0.806250 0.323185 2.000000 0.000000 0.000000 0.000000 0.800000 0.327869 2.000000 0.742188 0.384075 2.000000 0.823438 0.391101 2.000000 0.717187 0.470726 2.000000 0.840625 0.468384 2.000000 0.714063 0.540984 2.000000 0.000000 0.000000 0.000000 0.750000 0.587822 2.000000 0.806250 0.590164 2.000000 0.760938 0.707260 2.000000 0.812500 0.693208 2.000000 0.765625 0.814988 2.000000 0.807813 0.793911 2.000000
0 0.534859 0.579215 0.135719 0.585410 0.523438 0.341920 2.000000 0.532813 0.325527 2.000000 0.518750 0.327869 2.000000 0.546875 0.337237 2.000000 0.000000 0.000000 0.000000 0.579688 0.407494 1.000000 0.507812 0.409836 1.000000 0.000000 0.000000 0.000000 0.473438 0.449649 2.000000 0.000000 0.000000 0.000000 0.478125 0.381733 2.000000 0.568750 0.578454 1.000000 0.521875 0.576112 1.000000 0.575000 0.697892 2.000000 0.523438 0.683841 2.000000 0.568750 0.824356 2.000000 0.528125 0.800937 2.000000
0 0.690211 0.498513 0.068453 0.368735 0.000000 0.000000 0.000000 0.000000 0.000000 0.000000 0.000000 0.000000 0.000000 0.000000 0.000000 0.000000 0.709375 0.339578 2.000000 0.673438 0.379391 2.000000 0.709375 0.374707 2.000000 0.660937 0.433255 2.000000 0.717187 0.433255 1.000000 0.000000 0.000000 0.000000 0.000000 0.000000 0.000000 0.667188 0.466042 2.000000 0.689063 0.466042 2.000000 0.684375 0.564403 2.000000 0.698438 0.562061 2.000000 0.679688 0.641686 2.000000 0.687500 0.648712 2.000000
0 0.907859 0.552576 0.106219 0.380796 0.000000 0.000000 0.000000 0.000000 0.000000 0.000000 0.000000 0.000000 0.000000 0.892188 0.398126 2.000000 0.000000 0.000000 0.000000 0.878125 0.444965 2.000000 0.934375 0.435597 2.000000 0.865625 0.501171 2.000000 0.954688 0.494145 2.000000 0.862500 0.533958 2.000000 0.000000 0.000000 0.000000 0.881250 0.550351 2.000000 0.928125 0.550351 2.000000 0.885938 0.622951 2.000000 0.918750 0.625293 2.000000 0.893750 0.714286 2.000000 0.917188 0.709602 2.000000
0 0.034484 0.587635 0.068969 0.820234 0.000000 0.000000 0.000000 0.000000 0.000000 0.000000 0.000000 0.000000 0.000000 0.000000 0.000000 0.000000 0.000000 0.000000 0.000000 0.000000 0.000000 0.000000 0.043750 0.421546 2.000000 0.000000 0.000000 0.000000 0.000000 0.000000 0.000000 0.000000 0.000000 0.000000 0.000000 0.000000 0.000000 0.000000 0.000000 0.000000 0.034375 0.742389 2.000000 0.000000 0.000000 0.000000 0.000000 0.000000 0.000000 0.000000 0.000000 0.000000 0.000000 0.000000 0.000000
0 0.217047 0.488009 0.074938 0.320422 0.000000 0.000000 0.000000 0.000000 0.000000 0.000000 0.000000 0.000000 0.000000 0.000000 0.000000 0.000000 0.237500 0.365340 1.000000 0.195312 0.384075 2.000000 0.246875 0.398126 1.000000 0.185938 0.447307 2.000000 0.251563 0.463700 2.000000 0.000000 0.000000 0.000000 0.000000 0.000000 0.000000 0.203125 0.482436 2.000000 0.232813 0.489461 2.000000 0.206250 0.562061 2.000000 0.235937 0.569087 2.000000 0.210938 0.620609 2.000000 0.231250 0.625293 2.000000
0 0.095336 0.573700 0.070734 0.232740 0.000000 0.000000 0.000000 0.000000 0.000000 0.000000 0.000000 0.000000 0.000000 0.000000 0.000000 0.000000 0.000000 0.000000 0.000000 0.118750 0.512881 2.000000 0.087500 0.512881 2.000000 0.126562 0.569087 2.000000 0.084375 0.557377 2.000000 0.106250 0.529274 2.000000 0.071875 0.538642 2.000000 0.110937 0.571429 2.000000 0.090625 0.564403 2.000000 0.087500 0.604215 2.000000 0.070312 0.576112 2.000000 0.101562 0.665105 2.000000 0.090625 0.594848 2.000000
0 0.396961 0.618700 0.197391 0.684239 0.398438 0.337237 2.000000 0.404687 0.325527 2.000000 0.389062 0.325527 2.000000 0.000000 0.000000 0.000000 0.375000 0.327869 2.000000 0.420312 0.402810 1.000000 0.354687 0.400468 1.000000 0.460938 0.489461 1.000000 0.312500 0.491803 2.000000 0.475000 0.569087 2.000000 0.310937 0.590164 2.000000 0.000000 0.000000 0.000000 0.000000 0.000000 0.000000 0.412500 0.754098 1.000000 0.000000 0.000000 0.000000 0.398438 0.873536 2.000000 0.371875 0.866511 2.000000
0 0.975344 0.490773 0.049312 0.253255 0.000000 0.000000 0.000000 0.000000 0.000000 0.000000 0.000000 0.000000 0.000000 0.000000 0.000000 0.000000 0.000000 0.000000 0.000000 0.962500 0.402810 2.000000 0.992188 0.398126 2.000000 0.956250 0.433255 2.000000 0.000000 0.000000 0.000000 0.957812 0.463700 1.000000 0.000000 0.000000 0.000000 0.973437 0.473068 2.000000 0.995313 0.468384 2.000000 0.976562 0.529274 2.000000 0.995313 0.524590 2.000000 0.981250 0.594848 2.000000 0.995313 0.590164 2.000000
0 0.271898 0.477131 0.065766 0.311827 0.268750 0.362998 2.000000 0.270313 0.355972 2.000000 0.264062 0.353630 2.000000 0.000000 0.000000 0.000000 0.254688 0.344262 2.000000 0.282813 0.374707 2.000000 0.246875 0.372365 2.000000 0.295312 0.419204 2.000000 0.246875 0.414520 2.000000 0.292187 0.449649 2.000000 0.260937 0.421546 2.000000 0.281250 0.477752 2.000000 0.254688 0.480094 2.000000 0.282813 0.545667 2.000000 0.256250 0.545667 2.000000 0.281250 0.606557 2.000000 0.257812 0.604215 2.000000
