0 0.267156 0.230625 0.168479 0.331656 0.264583 0.098437 2.000000 0.000000 0.000000 0.000000 0.260417 0.090625 2.000000 0.000000 0.000000 0.000000 0.243750 0.096875 2.000000 0.204167 0.134375 2.000000 0.252083 0.139063 2.000000 0.000000 0.000000 0.000000 0.268750 0.192188 2.000000 0.000000 0.000000 0.000000 0.293750 0.178125 1.000000 0.220833 0.220312 2.000000 0.262500 0.221875 2.000000 0.231250 0.301563 2.000000 0.293750 0.300000 2.000000 0.241667 0.371875 2.000000 0.310417 0.373437 2.000000
0 0.380823 0.209578 0.065979 0.198500 0.379167 0.139063 2.000000 0.387500 0.132812 2.000000 0.372917 0.132812 2.000000 0.393750 0.134375 2.000000 0.364583 0.134375 2.000000 0.400000 0.162500 2.000000 0.358333 0.159375 2.000000 0.408333 0.190625 2.000000 0.352083 0.184375 2.000000 0.387500 0.189062 2.000000 0.000000 0.000000 0.000000 0.387500 0.204687 2.000000 0.360417 0.204687 2.000000 0.387500 0.251563 2.000000 0.368750 0.253125 2.000000 0.385417 0.292187 2.000000 0.393750 0.275000 2.000000
0 0.493271 0.154938 0.131542 0.221969 0.552083 0.093750 2.000000 0.000000 0.000000 0.000000 0.541667 0.084375 2.000000 0.000000 0.000000 0.000000 0.518750 0.095312 2.000000 0.489583 0.132812 2.000000 0.516667 0.139063 2.000000 0.000000 0.000000 0.000000 0.535417 0.221875 1.000000 0.000000 0.000000 0.000000 0.000000 0.000000 0.000000 0.485417 0.264062 1.000000 0.508333 0.264062 1.000000 0.000000 0.000000 0.000000 0.000000 0.000000 0.000000 0.000000 0.000000 0.000000 0.000000 0.000000 0.000000
0 0.757687 0.129250 0.100583 0.177437 0.720833 0.073438 2.000000 0.727083 0.068750 2.000000 0.712500 0.067187 2.000000 0.743750 0.064062 2.000000 0.000000 0.000000 0.000000 0.770833 0.098437 2.000000 0.704167 0.096875 1.000000 0.770833 0.135937 1.000000 0.000000 0.000000 0.000000 0.000000 0.000000 0.000000 0.000000 0.000000 0.000000 0.762500 0.171875 1.000000 0.720833 0.173437 1.000000 0.000000 0.000000 0.000000 0.000000 0.000000 0.000000 0.000000 0.000000 0.000000 0.000000 0.000000 0.000000
0 0.883000 0.277641 0.201625 0.450938 0.000000 0.000000 0.000000 0.000000 0.000000 0.000000 0.000000 0.000000 0.000000 0.872917 0.095312 2.000000 0.952083 0.095312 2.000000 0.879167 0.159375 2.000000 0.956250 0.157812 2.000000 0.843750 0.225000 2.000000 0.975000 0.215625 2.000000 0.000000 0.000000 0.000000 0.000000 0.000000 0.000000 0.883333 0.260937 2.000000 0.943750 0.259375 2.000000 0.866667 0.362500 2.000000 0.893750 0.360938 2.000000 0.891667 0.451562 2.000000 0.856250 0.445312 2.000000
0 0.044312 0.178344 0.088625 0.226656 0.037500 0.081250 2.000000 0.000000 0.000000 0.000000 0.029167 0.078125 2.000000 0.000000 0.000000 0.000000 0.018750 0.084375 2.000000 0.012500 0.107813 2.000000 0.018750 0.110937 2.000000 0.000000 0.000000 0.000000 0.043750 0.135937 2.000000 0.000000 0.000000 0.000000 0.079167 0.153125 2.000000 0.025000 0.173437 1.000000 0.033333 0.176563 2.000000 0.033333 0.221875 1.000000 0.037500 0.228125 2.000000 0.031250 0.270313 2.000000 0.047917 0.275000 2.000000
0 0.326969 0.216398 0.102104 0.246047 0.283333 0.121875 1.000000 0.000000 0.000000 0.000000 0.000000 0.000000 0.000000 0.297917 0.112500 2.000000 0.000000 0.000000 0.000000 0.289583 0.145313 2.000000 0.327083 0.140625 2.000000 0.264583 0.182812 1.000000 0.000000 0.000000 0.000000 0.000000 0.000000 0.000000 0.000000 0.000000 0.000000 0.297917 0.204687 2.000000 0.322917 0.203125 2.000000 0.327083 0.271875 2.000000 0.285417 0.262500 1.000000 0.362500 0.318750 2.000000 0.275000 0.304688 1.000000
0 0.812354 0.205617 0.097583 0.277734 0.854167 0.101562 1.000000 0.000000 0.000000 0.000000 0.845833 0.093750 2.000000 0.000000 0.000000 0.000000 0.831250 0.093750 2.000000 0.829167 0.118750 2.000000 0.802083 0.118750 2.000000 0.000000 0.000000 0.000000 0.766667 0.145313 1.000000 0.000000 0.000000 0.000000 0.789583 0.171875 1.000000 0.818750 0.196875 2.000000 0.800000 0.198437 1.000000 0.806250 0.248438 2.000000 0.787500 0.248438 2.000000 0.791667 0.314063 2.000000 0.775000 0.329688 2.000000
0 0.978323 0.225500 0.043354 0.387188 0.000000 0.000000 0.000000 0.000000 0.000000 0.000000 0.000000 0.000000 0.000000 0.000000 0.000000 0.000000 0.000000 0.000000 0.000000 0.000000 0.000000 0.000000 0.000000 0.000000 0.000000 0.000000 0.000000 0.000000 0.000000 0.000000 0.000000 0.000000 0.000000 0.000000 0.000000 0.000000 0.000000 0.972917 0.232813 1.000000 0.000000 0.000000 0.000000 0.968750 0.312500 2.000000 0.000000 0.000000 0.000000 0.981250 0.390625 2.000000 0.000000 0.000000 0.000000
0 0.668396 0.130375 0.207792 0.236375 0.000000 0.000000 0.000000 0.000000 0.000000 0.000000 0.000000 0.000000 0.000000 0.641667 0.062500 2.000000 0.700000 0.065625 2.000000 0.604167 0.126562 2.000000 0.733333 0.128125 2.000000 0.575000 0.214062 1.000000 0.735417 0.223438 2.000000 0.000000 0.000000 0.000000 0.693750 0.243750 1.000000 0.618750 0.273438 1.000000 0.716667 0.271875 1.000000 0.000000 0.000000 0.000000 0.000000 0.000000 0.000000 0.000000 0.000000 0.000000 0.000000 0.000000 0.000000
0 0.619792 0.598305 0.760417 0.803391 0.656250 0.445312 2.000000 0.687500 0.407813 2.000000 0.597917 0.407813 2.000000 0.000000 0.000000 0.000000 0.487500 0.403125 2.000000 0.689583 0.506250 2.000000 0.352083 0.531250 2.000000 0.752083 0.729688 2.000000 0.410417 0.831250 2.000000 0.881250 0.882812 2.000000 0.562500 0.570312 2.000000 0.650000 0.960938 2.000000 0.347917 0.978125 2.000000 0.000000 0.000000 0.000000 0.000000 0.000000 0.000000 0.000000 0.000000 0.000000 0.000000 0.000000 0.000000
0 0.131052 0.207539 0.108313 0.278328 0.093750 0.093750 1.000000 0.095833 0.087500 2.000000 0.000000 0.000000 0.000000 0.112500 0.087500 2.000000 0.000000 0.000000 0.000000 0.110417 0.118750 2.000000 0.139583 0.117188 2.000000 0.112500 0.173437 2.000000 0.000000 0.000000 0.000000 0.102083 0.214062 2.000000 0.000000 0.000000 0.000000 0.122917 0.204687 2.000000 0.147917 0.204687 2.000000 0.112500 0.273438 2.000000 0.156250 0.264062 2.000000 0.116667 0.331250 2.000000 0.168750 0.328125 2.000000
