0 0.341383 0.748193 0.068859 0.173235 0.359375 0.701681 2.000000 0.364063 0.697479 2.000000 0.353125 0.697479 2.000000 0.000000 0.000000 0.000000 0.340625 0.699580 2.000000 0.367188 0.739496 2.000000 0.328125 0.752101 2.000000 0.000000 0.000000 0.000000 0.317188 0.808824 2.000000 0.000000 0.000000 0.000000 0.000000 0.000000 0.000000 0.000000 0.000000 0.000000 0.000000 0.000000 0.000000 0.000000 0.000000 0.000000 0.000000 0.000000 0.000000 0.000000 0.000000 0.000000 0.000000 0.000000 0.000000
0 0.368531 0.838204 0.148750 0.278634 0.393750 0.760504 2.000000 0.401562 0.750000 2.000000 0.385937 0.745798 2.000000 0.410938 0.758403 2.000000 0.373437 0.750000 2.000000 0.412500 0.800420 2.000000 0.354687 0.796218 2.000000 0.415625 0.888655 2.000000 0.314063 0.873950 2.000000 0.418750 0.939076 2.000000 0.342187 0.934874 2.000000 0.395313 0.964286 2.000000 0.362500 0.962185 2.000000 0.000000 0.000000 0.000000 0.000000 0.000000 0.000000 0.000000 0.000000 0.000000 0.000000 0.000000 0.000000
0 0.451922 0.765924 0.060031 0.282521 0.470313 0.663866 2.000000 0.000000 0.000000 0.000000 0.465625 0.655462 2.000000 0.000000 0.000000 0.000000 0.454688 0.655462 2.000000 0.456250 0.684874 2.000000 0.432812 0.686975 2.000000 0.457813 0.722689 2.000000 0.456250 0.697479 2.000000 0.462500 0.745798 2.000000 0.450000 0.665966 2.000000 0.460938 0.779412 2.000000 0.440625 0.785714 2.000000 0.459375 0.861345 1.000000 0.440625 0.867647 2.000000 0.000000 0.000000 0.000000 0.000000 0.000000 0.000000
0 0.531047 0.717437 0.083812 0.192395 0.525000 0.659664 2.000000 0.528125 0.655462 2.000000 0.518750 0.657563 2.000000 0.534375 0.657563 2.000000 0.509375 0.659664 2.000000 0.551562 0.697479 2.000000 0.501563 0.703782 2.000000 0.000000 0.000000 0.000000 0.493750 0.758403 2.000000 0.000000 0.000000 0.000000 0.501563 0.796218 2.000000 0.543750 0.802521 1.000000 0.509375 0.804622 1.000000 0.000000 0.000000 0.000000 0.000000 0.000000 0.000000 0.000000 0.000000 0.000000 0.000000 0.000000 0.000000
0 0.239547 0.888508 0.127312 0.171176 0.214062 0.865546 2.000000 0.223438 0.857143 2.000000 0.209375 0.859244 2.000000 0.235937 0.857143 2.000000 0.198437 0.861345 2.000000 0.246875 0.886555 2.000000 0.185938 0.947479 2.000000 0.282813 0.894958 2.000000 0.000000 0.000000 0.000000 0.270313 0.966387 2.000000 0.000000 0.000000 0.000000 0.000000 0.000000 0.000000 0.000000 0.000000 0.000000 0.000000 0.000000 0.000000 0.000000 0.000000 0.000000 0.000000 0.000000 0.000000 0.000000 0.000000 0.000000
0 0.702719 0.817269 0.116875 0.315798 0.000000 0.000000 0.000000 0.000000 0.000000 0.000000 0.000000 0.000000 0.000000 0.693750 0.699580 2.000000 0.721875 0.703782 2.000000 0.673438 0.756303 2.000000 0.729688 0.792017 2.000000 0.657813 0.834034 2.000000 0.732812 0.899160 2.000000 0.695312 0.890756 2.000000 0.751563 0.918067 2.000000 0.687500 0.918067 2.000000 0.721875 0.926471 2.000000 0.000000 0.000000 0.000000 0.000000 0.000000 0.000000 0.000000 0.000000 0.000000 0.000000 0.000000 0.000000
0 0.530516 0.864737 0.157219 0.211408 0.000000 0.000000 0.000000 0.000000 0.000000 0.000000 0.000000 0.000000 0.000000 0.000000 0.000000 0.000000 0.000000 0.000000 0.000000 0.487500 0.907563 2.000000 0.581250 0.951681 2.000000 0.000000 0.000000 0.000000 0.000000 0.000000 0.000000 0.000000 0.000000 0.000000 0.000000 0.000000 0.000000 0.000000 0.000000 0.000000 0.000000 0.000000 0.000000 0.000000 0.000000 0.000000 0.000000 0.000000 0.000000 0.000000 0.000000 0.000000 0.000000 0.000000 0.000000
0 0.189906 0.729034 0.075781 0.211134 0.000000 0.000000 0.000000 0.000000 0.000000 0.000000 0.000000 0.000000 0.000000 0.184375 0.651261 2.000000 0.207813 0.653361 2.000000 0.170313 0.684874 2.000000 0.212500 0.686975 2.000000 0.157812 0.737395 2.000000 0.000000 0.000000 0.000000 0.000000 0.000000 0.000000 0.000000 0.000000 0.000000 0.171875 0.777311 1.000000 0.204687 0.783613 1.000000 0.000000 0.000000 0.000000 0.000000 0.000000 0.000000 0.000000 0.000000 0.000000 0.000000 0.000000 0.000000
0 0.244430 0.758761 0.085391 0.231723 0.256250 0.682773 2.000000 0.257812 0.672269 2.000000 0.251563 0.672269 2.000000 0.265625 0.674370 2.000000 0.243750 0.672269 2.000000 0.268750 0.710084 2.000000 0.214062 0.716387 2.000000 0.000000 0.000000 0.000000 0.210938 0.804622 2.000000 0.000000 0.000000 0.000000 0.000000 0.000000 0.000000 0.000000 0.000000 0.000000 0.000000 0.000000 0.000000 0.000000 0.000000 0.000000 0.000000 0.000000 0.000000 0.000000 0.000000 0.000000 0.000000 0.000000 0.000000
0 0.298328 0.745693 0.048469 0.260672 0.303125 0.649160 2.000000 0.306250 0.644958 2.000000 0.298438 0.644958 2.000000 0.000000 0.000000 0.000000 0.290625 0.649160 2.000000 0.300000 0.678571 2.000000 0.287500 0.684874 2.000000 0.000000 0.000000 0.000000 0.279687 0.726891 2.000000 0.000000 0.000000 0.000000 0.300000 0.750000 2.000000 0.301563 0.775210 2.000000 0.296875 0.775210 2.000000 0.301563 0.836134 2.000000 0.296875 0.836134 2.000000 0.000000 0.000000 0.000000 0.295312 0.890756 1.000000
