0 0.330281 0.360822 0.124281 0.419531 0.000000 0.000000 0.000000 0.000000 0.000000 0.000000 0.000000 0.000000 0.000000 0.000000 0.000000 0.000000 0.357812 0.197183 2.000000 0.323437 0.223005 2.000000 0.343750 0.225352 2.000000 0.342187 0.298122 2.000000 0.356250 0.295775 2.000000 0.364063 0.347418 2.000000 0.378125 0.354460 2.000000 0.279687 0.335681 2.000000 0.296875 0.342723 2.000000 0.281250 0.438967 2.000000 0.296875 0.441315 2.000000 0.282813 0.537559 2.000000 0.307812 0.544601 2.000000
0 0.063367 0.619096 0.126734 0.390869 0.000000 0.000000 0.000000 0.000000 0.000000 0.000000 0.112500 0.490610 2.000000 0.000000 0.000000 0.000000 0.095312 0.492958 2.000000 0.021875 0.514085 1.000000 0.092188 0.535211 2.000000 0.000000 0.000000 0.000000 0.112500 0.673709 2.000000 0.000000 0.000000 0.000000 0.000000 0.000000 0.000000 0.000000 0.000000 0.000000 0.015625 0.730047 2.000000 0.000000 0.000000 0.000000 0.135937 0.800469 1.000000 0.000000 0.000000 0.000000 0.000000 0.000000 0.000000
0 0.294664 0.786514 0.338047 0.404484 0.218750 0.680751 2.000000 0.000000 0.000000 0.000000 0.212500 0.669014 2.000000 0.000000 0.000000 0.000000 0.184375 0.680751 2.000000 0.000000 0.000000 0.000000 0.176563 0.751174 2.000000 0.000000 0.000000 0.000000 0.195312 0.863850 1.000000 0.000000 0.000000 0.000000 0.276562 0.852113 2.000000 0.232813 0.908451 1.000000 0.196875 0.920188 1.000000 0.342187 0.884977 2.000000 0.335938 0.826291 2.000000 0.000000 0.000000 0.000000 0.417187 0.988263 1.000000
0 0.643188 0.505622 0.086750 0.391009 0.640625 0.354460 2.000000 0.643750 0.349765 2.000000 0.000000 0.000000 0.000000 0.651563 0.361502 2.000000 0.000000 0.000000 0.000000 0.646875 0.396714 2.000000 0.670312 0.389671 2.000000 0.625000 0.441315 2.000000 0.645312 0.438967 2.000000 0.618750 0.406103 2.000000 0.618750 0.431925 2.000000 0.653125 0.492958 2.000000 0.668750 0.492958 2.000000 0.646875 0.577465 2.000000 0.671875 0.577465 2.000000 0.643750 0.680751 2.000000 0.675000 0.683099 2.000000
0 0.539758 0.453779 0.070047 0.254038 0.000000 0.000000 0.000000 0.000000 0.000000 0.000000 0.562500 0.354460 2.000000 0.000000 0.000000 0.000000 0.553125 0.354460 2.000000 0.532813 0.375587 2.000000 0.559375 0.377934 2.000000 0.529687 0.410798 2.000000 0.556250 0.413146 2.000000 0.551562 0.431925 2.000000 0.565625 0.429577 2.000000 0.526563 0.431925 2.000000 0.540625 0.438967 2.000000 0.521875 0.502347 2.000000 0.553125 0.485915 2.000000 0.512500 0.561033 2.000000 0.550000 0.549296 2.000000
0 0.716570 0.471080 0.064953 0.199624 0.704688 0.401408 2.000000 0.707812 0.399061 2.000000 0.701562 0.396714 2.000000 0.720313 0.396714 2.000000 0.000000 0.000000 0.000000 0.725000 0.410798 2.000000 0.701562 0.410798 2.000000 0.743750 0.413146 2.000000 0.689063 0.413146 2.000000 0.743750 0.431925 2.000000 0.689063 0.434272 2.000000 0.712500 0.467136 2.000000 0.700000 0.462441 2.000000 0.715625 0.511737 2.000000 0.692187 0.502347 2.000000 0.717187 0.546948 2.000000 0.693750 0.535211 2.000000
0 0.384883 0.384601 0.084859 0.406150 0.414062 0.234742 2.000000 0.000000 0.000000 0.000000 0.409375 0.225352 2.000000 0.000000 0.000000 0.000000 0.392188 0.220657 2.000000 0.395313 0.265258 2.000000 0.370312 0.265258 2.000000 0.393750 0.345070 2.000000 0.351562 0.347418 2.000000 0.414062 0.408451 2.000000 0.365625 0.408451 2.000000 0.389062 0.413146 2.000000 0.370312 0.413146 1.000000 0.384375 0.492958 2.000000 0.385937 0.492958 2.000000 0.371875 0.593897 1.000000 0.378125 0.591549 1.000000
0 0.201789 0.504613 0.072641 0.246925 0.229687 0.448357 1.000000 0.000000 0.000000 0.000000 0.223438 0.438967 2.000000 0.000000 0.000000 0.000000 0.201563 0.434272 2.000000 0.220312 0.483568 2.000000 0.184375 0.488263 2.000000 0.000000 0.000000 0.000000 0.173437 0.568075 2.000000 0.000000 0.000000 0.000000 0.000000 0.000000 0.000000 0.217188 0.607981 2.000000 0.195312 0.612676 1.000000 0.000000 0.000000 0.000000 0.000000 0.000000 0.000000 0.000000 0.000000 0.000000 0.000000 0.000000 0.000000
0 0.365727 0.792136 0.294672 0.388779 0.281250 0.671362 2.000000 0.284375 0.657277 2.000000 0.273438 0.661972 2.000000 0.000000 0.000000 0.000000 0.243750 0.669014 2.000000 0.282813 0.715962 2.000000 0.243750 0.730047 2.000000 0.331250 0.781690 2.000000 0.254688 0.812207 2.000000 0.398438 0.800469 1.000000 0.307812 0.819249 1.000000 0.356250 0.856808 1.000000 0.339062 0.906103 1.000000 0.470313 0.873239 2.000000 0.451562 0.901408 2.000000 0.000000 0.000000 0.000000 0.000000 0.000000 0.000000
0 0.419070 0.480951 0.047641 0.243545 0.000000 0.000000 0.000000 0.000000 0.000000 0.000000 0.000000 0.000000 0.000000 0.000000 0.000000 0.000000 0.000000 0.000000 0.000000 0.392188 0.424883 1.000000 0.414062 0.431925 2.000000 0.000000 0.000000 0.000000 0.418750 0.476526 2.000000 0.000000 0.000000 0.000000 0.426563 0.516432 2.000000 0.390625 0.495305 1.000000 0.407813 0.502347 1.000000 0.396875 0.568075 1.000000 0.414062 0.577465 1.000000 0.000000 0.000000 0.000000 0.000000 0.000000 0.000000
