0 0.950666 0.721847 0.098668 0.500000 0.957237 0.527704 2.000000 0.962171 0.517150 2.000000 0.952303 0.517150 2.000000 0.970395 0.519789 2.000000 0.944079 0.522427 2.000000 0.981908 0.583113 2.000000 0.925987 0.580475 2.000000 0.993421 0.659631 2.000000 0.911184 0.649077 2.000000 0.991776 0.630607 2.000000 0.911184 0.625330 2.000000 0.965461 0.707124 2.000000 0.932566 0.701847 2.000000 0.960526 0.783641 2.000000 0.927632 0.786280 2.000000 0.960526 0.883905 2.000000 0.934211 0.881266 2.000000
0 0.296242 0.585712 0.094260 0.510317 0.307566 0.382586 2.000000 0.315789 0.379947 2.000000 0.304276 0.374670 2.000000 0.320724 0.385224 2.000000 0.292763 0.374670 2.000000 0.328947 0.443272 2.000000 0.273026 0.430079 2.000000 0.338816 0.509235 2.000000 0.256579 0.498681 2.000000 0.000000 0.000000 0.000000 0.251645 0.488127 1.000000 0.317434 0.562005 2.000000 0.276316 0.556728 2.000000 0.320724 0.656992 2.000000 0.281250 0.662269 2.000000 0.325658 0.794195 2.000000 0.277961 0.791557 2.000000
0 0.424745 0.578430 0.076299 0.523720 0.417763 0.364116 2.000000 0.419408 0.353562 2.000000 0.409539 0.356201 2.000000 0.000000 0.000000 0.000000 0.394737 0.358839 2.000000 0.429276 0.422164 2.000000 0.378289 0.430079 1.000000 0.000000 0.000000 0.000000 0.000000 0.000000 0.000000 0.000000 0.000000 0.000000 0.000000 0.000000 0.000000 0.430921 0.551451 1.000000 0.393092 0.551451 1.000000 0.435855 0.678100 2.000000 0.401316 0.672823 1.000000 0.424342 0.775726 2.000000 0.398026 0.767810 1.000000
0 0.458199 0.413443 0.055773 0.167784 0.455592 0.369393 2.000000 0.458882 0.361478 2.000000 0.452303 0.361478 2.000000 0.468750 0.372032 2.000000 0.439145 0.366755 1.000000 0.472039 0.416887 1.000000 0.429276 0.419525 1.000000 0.000000 0.000000 0.000000 0.000000 0.000000 0.000000 0.000000 0.000000 0.000000 0.000000 0.000000 0.000000 0.000000 0.000000 0.000000 0.000000 0.000000 0.000000 0.000000 0.000000 0.000000 0.000000 0.000000 0.000000 0.000000 0.000000 0.000000 0.000000 0.000000 0.000000
0 0.488462 0.630699 0.115641 0.451478 0.472039 0.453826 2.000000 0.475329 0.443272 2.000000 0.467105 0.453826 2.000000 0.486842 0.437995 2.000000 0.000000 0.000000 0.000000 0.511513 0.490765 2.000000 0.457237 0.496042 2.000000 0.537829 0.538259 2.000000 0.440789 0.551451 2.000000 0.506579 0.556728 2.000000 0.457237 0.577836 2.000000 0.500000 0.622691 2.000000 0.463816 0.620053 2.000000 0.500000 0.722955 2.000000 0.468750 0.717678 2.000000 0.500000 0.807388 2.000000 0.470395 0.820580 2.000000
0 0.591793 0.611873 0.089309 0.487230 0.574013 0.408971 2.000000 0.578947 0.401055 2.000000 0.569079 0.406332 2.000000 0.588816 0.401055 2.000000 0.564145 0.414248 2.000000 0.611842 0.464380 2.000000 0.550987 0.472296 2.000000 0.629934 0.532982 2.000000 0.542763 0.546174 1.000000 0.600329 0.511873 2.000000 0.559211 0.511873 2.000000 0.603618 0.598945 2.000000 0.560855 0.598945 2.000000 0.597039 0.712401 2.000000 0.560855 0.701847 2.000000 0.600329 0.828496 2.000000 0.562500 0.807388 2.000000
0 0.665378 0.633707 0.098059 0.485409 0.674342 0.440633 2.000000 0.677632 0.432718 2.000000 0.667763 0.432718 2.000000 0.000000 0.000000 0.000000 0.656250 0.440633 2.000000 0.699013 0.493404 2.000000 0.643092 0.493404 2.000000 0.000000 0.000000 0.000000 0.629934 0.554090 2.000000 0.000000 0.000000 0.000000 0.625000 0.620053 2.000000 0.684211 0.630607 2.000000 0.643092 0.627968 2.000000 0.682566 0.736148 2.000000 0.641447 0.738786 2.000000 0.671053 0.841689 2.000000 0.633224 0.841689 2.000000
0 0.786949 0.630699 0.063207 0.521293 0.773026 0.414248 2.000000 0.779605 0.406332 2.000000 0.766447 0.406332 2.000000 0.787829 0.408971 2.000000 0.759868 0.414248 2.000000 0.800987 0.472296 2.000000 0.741776 0.469657 1.000000 0.809211 0.559367 2.000000 0.738487 0.548813 1.000000 0.789474 0.548813 2.000000 0.771382 0.538259 2.000000 0.791118 0.591029 2.000000 0.750000 0.593668 1.000000 0.789474 0.699208 2.000000 0.751645 0.701847 1.000000 0.782895 0.823219 2.000000 0.758224 0.820580 1.000000
0 0.911571 0.626042 0.092944 0.522850 0.917763 0.424802 2.000000 0.924342 0.414248 2.000000 0.912829 0.414248 2.000000 0.934211 0.419525 2.000000 0.000000 0.000000 0.000000 0.953947 0.467018 2.000000 0.888158 0.464380 2.000000 0.000000 0.000000 0.000000 0.865132 0.532982 1.000000 0.000000 0.000000 0.000000 0.896382 0.532982 2.000000 0.937500 0.612137 1.000000 0.898026 0.609499 2.000000 0.000000 0.000000 0.000000 0.894737 0.704485 2.000000 0.000000 0.000000 0.000000 0.881579 0.820580 2.000000
0 0.194951 0.534525 0.118026 0.502929 0.180921 0.329815 2.000000 0.182566 0.319261 2.000000 0.172697 0.321900 2.000000 0.192434 0.316623 2.000000 0.000000 0.000000 0.000000 0.222039 0.374670 2.000000 0.162829 0.377309 2.000000 0.230263 0.445910 2.000000 0.156250 0.451187 2.000000 0.248355 0.477573 2.000000 0.148026 0.482850 2.000000 0.210526 0.514512 2.000000 0.174342 0.514512 2.000000 0.208882 0.620053 2.000000 0.182566 0.622691 2.000000 0.207237 0.730871 2.000000 0.184211 0.730871 2.000000
0 0.730683 0.667797 0.102813 0.436544 0.731908 0.519789 2.000000 0.738487 0.509235 2.000000 0.725329 0.509235 2.000000 0.748355 0.509235 2.000000 0.000000 0.000000 0.000000 0.750000 0.538259 2.000000 0.707237 0.538259 2.000000 0.764803 0.546174 2.000000 0.689145 0.562005 2.000000 0.766447 0.567282 2.000000 0.690789 0.583113 2.000000 0.745066 0.656992 2.000000 0.712171 0.659631 2.000000 0.745066 0.738786 2.000000 0.713816 0.733509 2.000000 0.746711 0.844327 2.000000 0.712171 0.841689 2.000000
0 0.849104 0.619538 0.093207 0.530369 0.850329 0.395778 2.000000 0.855263 0.387863 2.000000 0.843750 0.387863 2.000000 0.865132 0.390501 2.000000 0.832237 0.395778 2.000000 0.878289 0.448549 2.000000 0.820724 0.451187 2.000000 0.000000 0.000000 0.000000 0.000000 0.000000 0.000000 0.000000 0.000000 0.000000 0.000000 0.000000 0.000000 0.868421 0.596306 2.000000 0.825658 0.596306 2.000000 0.870066 0.722955 2.000000 0.820724 0.720317 2.000000 0.865132 0.831135 2.000000 0.819079 0.833773 2.000000
