0 0.101630 0.640448 0.149060 0.319104 0.130000 0.561194 2.000000 0.136000 0.549254 2.000000 0.120000 0.546269 2.000000 0.000000 0.000000 0.000000 0.092000 0.549254 2.000000 0.160000 0.638806 2.000000 0.050000 0.641791 2.000000 0.154000 0.797015 1.000000 0.058000 0.802985 1.000000 0.000000 0.000000 0.000000 0.000000 0.000000 0.000000 0.000000 0.000000 0.000000 0.000000 0.000000 0.000000 0.000000 0.000000 0.000000 0.000000 0.000000 0.000000 0.000000 0.000000 0.000000 0.000000 0.000000 0.000000
0 0.283060 0.816851 0.222840 0.366299 0.272000 0.719403 2.000000 0.278000 0.695522 2.000000 0.256000 0.704478 2.000000 0.292000 0.701493 2.000000 0.242000 0.728358 2.000000 0.346000 0.782090 2.000000 0.214000 0.814925 2.000000 0.346000 0.919403 2.000000 0.204000 0.922388 2.000000 0.268000 0.967164 2.000000 0.220000 0.976119 2.000000 0.346000 0.961194 2.000000 0.270000 0.958209 2.000000 0.320000 0.979104 2.000000 0.188000 0.991045 2.000000 0.000000 0.000000 0.000000 0.000000 0.000000 0.000000
0 0.126750 0.804060 0.184100 0.362627 0.122000 0.710448 2.000000 0.128000 0.692537 2.000000 0.108000 0.698507 2.000000 0.000000 0.000000 0.000000 0.088000 0.719403 2.000000 0.194000 0.794030 2.000000 0.058000 0.800000 2.000000 0.178000 0.943284 2.000000 0.052000 0.931343 2.000000 0.116000 0.964179 2.000000 0.056000 0.958209 2.000000 0.152000 0.985075 1.000000 0.078000 0.985075 1.000000 0.000000 0.000000 0.000000 0.000000 0.000000 0.000000 0.000000 0.000000 0.000000 0.000000 0.000000 0.000000
0 0.615800 0.652433 0.162600 0.667433 0.600000 0.402985 2.000000 0.612000 0.394030 2.000000 0.590000 0.394030 2.000000 0.622000 0.417910 2.000000 0.568000 0.414925 2.000000 0.658000 0.522388 2.000000 0.534000 0.522388 1.000000 0.688000 0.665672 2.000000 0.000000 0.000000 0.000000 0.660000 0.773134 2.000000 0.000000 0.000000 0.000000 0.624000 0.802985 2.000000 0.554000 0.805970 2.000000 0.000000 0.000000 0.000000 0.000000 0.000000 0.000000 0.000000 0.000000 0.000000 0.000000 0.000000 0.000000
0 0.831600 0.609821 0.184880 0.583403 0.790000 0.397015 2.000000 0.802000 0.382090 2.000000 0.782000 0.385075 2.000000 0.828000 0.400000 2.000000 0.000000 0.000000 0.000000 0.878000 0.507463 2.000000 0.768000 0.537313 2.000000 0.902000 0.665672 2.000000 0.756000 0.692537 2.000000 0.892000 0.782090 2.000000 0.770000 0.650746 2.000000 0.864000 0.817910 2.000000 0.788000 0.823881 2.000000 0.000000 0.000000 0.000000 0.000000 0.000000 0.000000 0.000000 0.000000 0.000000 0.000000 0.000000 0.000000
0 0.745650 0.649866 0.109860 0.700269 0.754000 0.394030 2.000000 0.768000 0.376119 2.000000 0.746000 0.379104 2.000000 0.000000 0.000000 0.000000 0.000000 0.000000 0.000000 0.826000 0.474627 1.000000 0.724000 0.480597 2.000000 0.000000 0.000000 0.000000 0.716000 0.629851 2.000000 0.000000 0.000000 0.000000 0.778000 0.594030 1.000000 0.000000 0.000000 0.000000 0.754000 0.820896 2.000000 0.000000 0.000000 0.000000 0.742000 0.982090 2.000000 0.000000 0.000000 0.000000 0.000000 0.000000 0.000000
0 0.944780 0.664045 0.109920 0.667433 0.932000 0.447761 2.000000 0.938000 0.432836 2.000000 0.000000 0.000000 0.000000 0.964000 0.414925 2.000000 0.000000 0.000000 0.000000 0.000000 0.000000 0.000000 0.946000 0.519403 2.000000 0.000000 0.000000 0.000000 0.940000 0.656716 2.000000 0.966000 0.617910 2.000000 0.908000 0.579104 2.000000 0.984000 0.808955 2.000000 0.928000 0.805970 2.000000 0.000000 0.000000 0.000000 0.000000 0.000000 0.000000 0.000000 0.000000 0.000000 0.000000 0.000000 0.000000
0 0.470060 0.617104 0.366680 0.745493 0.390000 0.388060 2.000000 0.398000 0.373134 2.000000 0.378000 0.382090 2.000000 0.408000 0.301493 2.000000 0.336000 0.349254 2.000000 0.436000 0.331343 2.000000 0.314000 0.408955 2.000000 0.522000 0.429851 2.000000 0.332000 0.564179 2.000000 0.566000 0.546269 2.000000 0.380000 0.704478 2.000000 0.508000 0.540299 2.000000 0.432000 0.608955 2.000000 0.644000 0.647761 2.000000 0.466000 0.853731 2.000000 0.540000 0.513433 2.000000 0.530000 0.991045 1.000000
0 0.240990 0.606791 0.137300 0.331075 0.220000 0.519403 2.000000 0.230000 0.504478 2.000000 0.208000 0.513433 2.000000 0.000000 0.000000 0.000000 0.000000 0.000000 0.000000 0.292000 0.585075 2.000000 0.182000 0.608955 1.000000 0.296000 0.698507 1.000000 0.182000 0.731343 2.000000 0.000000 0.000000 0.000000 0.000000 0.000000 0.000000 0.000000 0.000000 0.000000 0.000000 0.000000 0.000000 0.000000 0.000000 0.000000 0.000000 0.000000 0.000000 0.000000 0.000000 0.000000 0.000000 0.000000 0.000000
0 0.026930 0.883851 0.053860 0.232299 0.000000 0.000000 0.000000 0.000000 0.000000 0.000000 0.000000 0.000000 0.000000 0.000000 0.000000 0.000000 0.000000 0.000000 0.000000 0.000000 0.000000 0.000000 0.022000 0.829851 2.000000 0.000000 0.000000 0.000000 0.028000 0.931343 2.000000 0.000000 0.000000 0.000000 0.000000 0.000000 0.000000 0.000000 0.000000 0.000000 0.000000 0.000000 0.000000 0.000000 0.000000 0.000000 0.000000 0.000000 0.000000 0.000000 0.000000 0.000000 0.000000 0.000000 0.000000
