0 0.515352 0.537594 0.184516 0.537979 0.429688 0.339583 2.000000 0.431250 0.329167 2.000000 0.000000 0.000000 0.000000 0.453125 0.325000 2.000000 0.000000 0.000000 0.000000 0.467187 0.368750 2.000000 0.507812 0.345833 2.000000 0.479687 0.483333 2.000000 0.539062 0.420833 2.000000 0.457813 0.535417 2.000000 0.518750 0.481250 2.000000 0.556250 0.477083 2.000000 0.598437 0.460417 2.000000 0.503125 0.593750 2.000000 0.546875 0.612500 2.000000 0.529687 0.729167 2.000000 0.567187 0.741667 2.000000
0 0.387688 0.644531 0.083719 0.173271 0.351562 0.597917 2.000000 0.353125 0.593750 2.000000 0.000000 0.000000 0.000000 0.370312 0.593750 2.000000 0.000000 0.000000 0.000000 0.395313 0.622917 2.000000 0.362500 0.631250 2.000000 0.387500 0.662500 2.000000 0.365625 0.677083 2.000000 0.360938 0.689583 2.000000 0.343750 0.670833 1.000000 0.414062 0.693750 2.000000 0.384375 0.691667 2.000000 0.376563 0.714583 2.000000 0.371875 0.693750 2.000000 0.340625 0.720833 1.000000 0.364063 0.712500 2.000000
0 0.298977 0.650844 0.126234 0.180229 0.334375 0.593750 2.000000 0.337500 0.585417 2.000000 0.325000 0.591667 2.000000 0.000000 0.000000 0.000000 0.000000 0.000000 0.000000 0.364063 0.627083 1.000000 0.318750 0.627083 2.000000 0.000000 0.000000 0.000000 0.312500 0.656250 2.000000 0.000000 0.000000 0.000000 0.307812 0.681250 2.000000 0.350000 0.691667 2.000000 0.320312 0.689583 2.000000 0.320312 0.710417 1.000000 0.303125 0.689583 2.000000 0.276562 0.720833 2.000000 0.304688 0.714583 2.000000
0 0.225891 0.650719 0.135344 0.186271 0.267188 0.595833 2.000000 0.270313 0.589583 2.000000 0.264062 0.591667 2.000000 0.000000 0.000000 0.000000 0.246875 0.589583 2.000000 0.275000 0.622917 2.000000 0.228125 0.622917 2.000000 0.281250 0.679167 2.000000 0.221875 0.679167 2.000000 0.000000 0.000000 0.000000 0.229687 0.712500 2.000000 0.260937 0.697917 1.000000 0.232813 0.700000 2.000000 0.000000 0.000000 0.000000 0.167187 0.691667 2.000000 0.000000 0.000000 0.000000 0.217188 0.729167 2.000000
0 0.067141 0.675146 0.134281 0.190750 0.031250 0.618750 2.000000 0.040625 0.612500 2.000000 0.000000 0.000000 0.000000 0.059375 0.610417 2.000000 0.000000 0.000000 0.000000 0.079687 0.633333 2.000000 0.032813 0.637500 2.000000 0.096875 0.693750 2.000000 0.020313 0.689583 2.000000 0.103125 0.731250 2.000000 0.010937 0.731250 2.000000 0.053125 0.731250 2.000000 0.018750 0.727083 2.000000 0.051562 0.706250 2.000000 0.000000 0.000000 0.000000 0.017188 0.750000 2.000000 0.000000 0.000000 0.000000
0 0.123953 0.612646 0.067125 0.264208 0.000000 0.000000 0.000000 0.000000 0.000000 0.000000 0.000000 0.000000 0.000000 0.000000 0.000000 0.000000 0.000000 0.000000 0.000000 0.000000 0.000000 0.000000 0.000000 0.000000 0.000000 0.126562 0.529167 2.000000 0.000000 0.000000 0.000000 0.123438 0.570833 2.000000 0.000000 0.000000 0.000000 0.000000 0.000000 0.000000 0.000000 0.000000 0.000000 0.128125 0.643750 1.000000 0.098437 0.650000 2.000000 0.000000 0.000000 0.000000 0.109375 0.720833 1.000000
0 0.926969 0.537083 0.107875 0.332583 0.920312 0.400000 2.000000 0.925000 0.395833 2.000000 0.915625 0.395833 2.000000 0.940625 0.393750 2.000000 0.000000 0.000000 0.000000 0.954688 0.431250 2.000000 0.909375 0.433333 2.000000 0.956250 0.475000 2.000000 0.884375 0.468750 2.000000 0.937500 0.433333 2.000000 0.895312 0.510417 2.000000 0.948438 0.529167 2.000000 0.921875 0.529167 2.000000 0.946875 0.612500 2.000000 0.926562 0.606250 2.000000 0.946875 0.681250 2.000000 0.932813 0.683333 2.000000
0 0.358914 0.461510 0.053547 0.111521 0.340625 0.443750 2.000000 0.345313 0.433333 2.000000 0.337500 0.433333 2.000000 0.356250 0.425000 2.000000 0.000000 0.000000 0.000000 0.368750 0.458333 2.000000 0.346875 0.462500 2.000000 0.378125 0.514583 2.000000 0.000000 0.000000 0.000000 0.000000 0.000000 0.000000 0.000000 0.000000 0.000000 0.357812 0.545833 1.000000 0.339062 0.541667 1.000000 0.000000 0.000000 0.000000 0.000000 0.000000 0.000000 0.000000 0.000000 0.000000 0.000000 0.000000 0.000000
0 0.611531 0.476521 0.067250 0.216167 0.601562 0.397917 2.000000 0.607812 0.393750 2.000000 0.598437 0.393750 2.000000 0.620313 0.391667 1.000000 0.000000 0.000000 0.000000 0.642188 0.427083 1.000000 0.589063 0.431250 1.000000 0.640625 0.477083 2.000000 0.000000 0.000000 0.000000 0.610938 0.462500 2.000000 0.000000 0.000000 0.000000 0.623437 0.531250 2.000000 0.595313 0.531250 1.000000 0.629687 0.627083 1.000000 0.600000 0.629167 1.000000 0.000000 0.000000 0.000000 0.000000 0.000000 0.000000
0 0.092695 0.553937 0.128078 0.370792 0.068750 0.402083 2.000000 0.075000 0.395833 2.000000 0.067187 0.395833 2.000000 0.093750 0.393750 2.000000 0.000000 0.000000 0.000000 0.110937 0.425000 2.000000 0.062500 0.431250 2.000000 0.090625 0.485417 2.000000 0.035937 0.487500 2.000000 0.057813 0.479167 2.000000 0.059375 0.493750 2.000000 0.101562 0.520833 2.000000 0.068750 0.522917 2.000000 0.114062 0.631250 2.000000 0.053125 0.627083 1.000000 0.132812 0.716667 2.000000 0.000000 0.000000 0.000000
0 0.286523 0.475281 0.087641 0.105604 0.284375 0.395833 1.000000 0.284375 0.387500 1.000000 0.279687 0.387500 1.000000 0.292187 0.383333 1.000000 0.270313 0.385417 1.000000 0.307812 0.437500 2.000000 0.264062 0.441667 2.000000 0.306250 0.483333 2.000000 0.256250 0.491667 2.000000 0.273438 0.477083 2.000000 0.293750 0.477083 2.000000 0.303125 0.547917 1.000000 0.270313 0.547917 1.000000 0.000000 0.000000 0.000000 0.000000 0.000000 0.000000 0.000000 0.000000 0.000000 0.000000 0.000000 0.000000
0 0.463953 0.640396 0.078438 0.183458 0.454688 0.581250 2.000000 0.460938 0.570833 2.000000 0.451562 0.570833 2.000000 0.476562 0.570833 2.000000 0.000000 0.000000 0.000000 0.487500 0.600000 2.000000 0.443750 0.602083 2.000000 0.493750 0.672917 2.000000 0.445312 0.664583 2.000000 0.456250 0.672917 2.000000 0.442188 0.606250 2.000000 0.482812 0.670833 2.000000 0.456250 0.668750 2.000000 0.468750 0.695833 2.000000 0.000000 0.000000 0.000000 0.000000 0.000000 0.000000 0.000000 0.000000 0.000000
0 0.812953 0.503115 0.079438 0.288271 0.804688 0.391667 2.000000 0.809375 0.383333 2.000000 0.800000 0.385417 2.000000 0.000000 0.000000 0.000000 0.000000 0.000000 0.000000 0.832812 0.422917 2.000000 0.789062 0.422917 2.000000 0.846875 0.464583 2.000000 0.778125 0.466667 2.000000 0.839063 0.477083 2.000000 0.787500 0.485417 2.000000 0.829688 0.508333 1.000000 0.795312 0.508333 1.000000 0.829688 0.581250 2.000000 0.793750 0.581250 2.000000 0.837500 0.639583 2.000000 0.793750 0.637500 2.000000
