0 0.563734 0.540485 0.566750 0.892617 0.645312 0.202773 2.000000 0.000000 0.000000 0.000000 0.631250 0.192374 2.000000 0.000000 0.000000 0.000000 0.576562 0.206239 2.000000 0.623437 0.284229 2.000000 0.507812 0.298094 2.000000 0.676562 0.426343 2.000000 0.487500 0.492201 2.000000 0.756250 0.466205 2.000000 0.625000 0.538995 2.000000 0.500000 0.507799 2.000000 0.414062 0.512998 2.000000 0.607812 0.686308 2.000000 0.412500 0.724437 2.000000 0.603125 0.911612 2.000000 0.303125 0.960139 2.000000
0 0.176766 0.425347 0.282250 0.529272 0.221875 0.216638 2.000000 0.229687 0.207972 2.000000 0.210938 0.209705 2.000000 0.000000 0.000000 0.000000 0.182812 0.220104 2.000000 0.242188 0.280763 2.000000 0.146875 0.270364 2.000000 0.232813 0.367418 2.000000 0.104688 0.357019 2.000000 0.225000 0.398614 2.000000 0.157812 0.419411 2.000000 0.179688 0.384749 2.000000 0.131250 0.379549 2.000000 0.234375 0.511265 2.000000 0.090625 0.507799 2.000000 0.285938 0.637782 2.000000 0.056250 0.646447 2.000000
0 0.113305 0.219220 0.061078 0.163224 0.128125 0.178510 2.000000 0.132812 0.173310 2.000000 0.120313 0.173310 2.000000 0.140625 0.176776 2.000000 0.107813 0.175043 2.000000 0.154688 0.223570 1.000000 0.090625 0.225303 2.000000 0.000000 0.000000 0.000000 0.101562 0.289428 2.000000 0.000000 0.000000 0.000000 0.135937 0.249567 1.000000 0.142187 0.311958 1.000000 0.106250 0.311958 1.000000 0.000000 0.000000 0.000000 0.000000 0.000000 0.000000 0.000000 0.000000 0.000000 0.000000 0.000000 0.000000
0 0.097297 0.182470 0.101094 0.167158 0.128125 0.138648 2.000000 0.129688 0.128250 2.000000 0.117188 0.129983 2.000000 0.000000 0.000000 0.000000 0.093750 0.135182 2.000000 0.142187 0.173310 1.000000 0.067187 0.175043 2.000000 0.000000 0.000000 0.000000 0.053125 0.225303 1.000000 0.000000 0.000000 0.000000 0.095312 0.253033 1.000000 0.129688 0.275563 1.000000 0.090625 0.275563 1.000000 0.000000 0.000000 0.000000 0.000000 0.000000 0.000000 0.000000 0.000000 0.000000 0.000000 0.000000 0.000000
0 0.276945 0.199783 0.089016 0.169792 0.000000 0.000000 0.000000 0.000000 0.000000 0.000000 0.000000 0.000000 0.000000 0.290625 0.155979 2.000000 0.254688 0.152513 2.000000 0.301563 0.201040 2.000000 0.239063 0.194107 1.000000 0.309375 0.242634 2.000000 0.210938 0.221837 1.000000 0.293750 0.190641 2.000000 0.231250 0.181976 1.000000 0.292187 0.285962 1.000000 0.246875 0.284229 1.000000 0.000000 0.000000 0.000000 0.000000 0.000000 0.000000 0.000000 0.000000 0.000000 0.000000 0.000000 0.000000
0 0.390977 0.187955 0.145891 0.206863 0.000000 0.000000 0.000000 0.000000 0.000000 0.000000 0.000000 0.000000 0.000000 0.428125 0.121317 2.000000 0.000000 0.000000 0.000000 0.442188 0.159445 2.000000 0.368750 0.157712 2.000000 0.457813 0.204506 1.000000 0.323437 0.192374 2.000000 0.421875 0.147314 2.000000 0.357812 0.147314 2.000000 0.432812 0.289428 1.000000 0.373437 0.289428 1.000000 0.000000 0.000000 0.000000 0.000000 0.000000 0.000000 0.000000 0.000000 0.000000 0.000000 0.000000 0.000000
0 0.486250 0.209506 0.115531 0.177036 0.478125 0.159445 2.000000 0.484375 0.152513 2.000000 0.471875 0.154246 2.000000 0.500000 0.150780 2.000000 0.000000 0.000000 0.000000 0.518750 0.190641 2.000000 0.456250 0.199307 2.000000 0.528125 0.246101 1.000000 0.456250 0.256499 2.000000 0.479687 0.284229 1.000000 0.453125 0.289428 2.000000 0.509375 0.301560 1.000000 0.478125 0.308492 1.000000 0.000000 0.000000 0.000000 0.000000 0.000000 0.000000 0.000000 0.000000 0.000000 0.000000 0.000000 0.000000
0 0.788109 0.173033 0.109406 0.202253 0.789062 0.114385 2.000000 0.793750 0.109185 2.000000 0.781250 0.109185 2.000000 0.810937 0.109185 2.000000 0.771875 0.109185 2.000000 0.831250 0.157712 2.000000 0.748437 0.159445 1.000000 0.851562 0.221837 1.000000 0.746875 0.223570 2.000000 0.812500 0.171577 2.000000 0.762500 0.157712 2.000000 0.809375 0.258232 1.000000 0.765625 0.258232 1.000000 0.000000 0.000000 0.000000 0.000000 0.000000 0.000000 0.000000 0.000000 0.000000 0.000000 0.000000 0.000000
0 0.029703 0.207834 0.059406 0.178440 0.004687 0.152513 2.000000 0.010937 0.145581 2.000000 0.000000 0.145581 1.000000 0.000000 0.000000 0.000000 0.000000 0.000000 0.000000 0.026562 0.192374 2.000000 0.000000 0.000000 0.000000 0.050000 0.272097 2.000000 0.000000 0.000000 0.000000 0.020313 0.296360 2.000000 0.000000 0.000000 0.000000 0.026562 0.308492 1.000000 0.000000 0.000000 0.000000 0.000000 0.000000 0.000000 0.000000 0.000000 0.000000 0.000000 0.000000 0.000000 0.000000 0.000000 0.000000
0 0.195859 0.129480 0.103844 0.088180 0.000000 0.000000 0.000000 0.000000 0.000000 0.000000 0.000000 0.000000 0.000000 0.000000 0.000000 0.000000 0.000000 0.000000 0.000000 0.139063 0.154246 1.000000 0.200000 0.154246 2.000000 0.000000 0.000000 0.000000 0.235937 0.135182 2.000000 0.000000 0.000000 0.000000 0.192188 0.109185 2.000000 0.000000 0.000000 0.000000 0.000000 0.000000 0.000000 0.000000 0.000000 0.000000 0.000000 0.000000 0.000000 0.000000 0.000000 0.000000 0.000000 0.000000 0.000000
0 0.887641 0.188666 0.101250 0.183328 0.875000 0.131716 2.000000 0.876563 0.124783 2.000000 0.864062 0.126516 2.000000 0.000000 0.000000 0.000000 0.850000 0.136915 2.000000 0.914062 0.175043 2.000000 0.854688 0.195841 2.000000 0.000000 0.000000 0.000000 0.000000 0.000000 0.000000 0.000000 0.000000 0.000000 0.000000 0.000000 0.000000 0.923438 0.272097 1.000000 0.868750 0.279029 1.000000 0.000000 0.000000 0.000000 0.000000 0.000000 0.000000 0.000000 0.000000 0.000000 0.000000 0.000000 0.000000
