0 0.459969 0.494708 0.230844 0.483621 0.000000 0.000000 0.000000 0.000000 0.000000 0.000000 0.000000 0.000000 0.000000 0.506250 0.280374 2.000000 0.531250 0.294393 2.000000 0.503125 0.317757 2.000000 0.525000 0.324766 2.000000 0.462500 0.348131 2.000000 0.467187 0.380841 2.000000 0.418750 0.376168 2.000000 0.412500 0.394860 2.000000 0.471875 0.471963 2.000000 0.492188 0.469626 2.000000 0.443750 0.577103 2.000000 0.471875 0.588785 2.000000 0.401562 0.691589 2.000000 0.543750 0.656542 2.000000
0 0.785969 0.561799 0.189344 0.346075 0.776563 0.436916 2.000000 0.781250 0.432243 2.000000 0.000000 0.000000 0.000000 0.796875 0.439252 2.000000 0.000000 0.000000 0.000000 0.796875 0.485981 2.000000 0.820312 0.476636 2.000000 0.739062 0.537383 2.000000 0.860938 0.551402 2.000000 0.703125 0.551402 2.000000 0.850000 0.635514 2.000000 0.832812 0.614486 2.000000 0.851562 0.607477 2.000000 0.742188 0.600467 2.000000 0.784375 0.574766 2.000000 0.817187 0.686916 2.000000 0.835938 0.670561 2.000000
0 0.574820 0.868470 0.142234 0.263061 0.000000 0.000000 0.000000 0.000000 0.000000 0.000000 0.000000 0.000000 0.000000 0.559375 0.792056 2.000000 0.595313 0.792056 2.000000 0.523438 0.855140 2.000000 0.612500 0.864486 2.000000 0.510938 0.946262 2.000000 0.623437 0.964953 2.000000 0.000000 0.000000 0.000000 0.000000 0.000000 0.000000 0.000000 0.000000 0.000000 0.000000 0.000000 0.000000 0.000000 0.000000 0.000000 0.000000 0.000000 0.000000 0.000000 0.000000 0.000000 0.000000 0.000000 0.000000
0 0.685500 0.880374 0.129438 0.239252 0.000000 0.000000 0.000000 0.000000 0.000000 0.000000 0.000000 0.000000 0.000000 0.642188 0.815421 2.000000 0.679688 0.808411 2.000000 0.623437 0.878505 1.000000 0.717187 0.855140 2.000000 0.625000 0.988318 1.000000 0.742188 0.950935 1.000000 0.000000 0.000000 0.000000 0.000000 0.000000 0.000000 0.000000 0.000000 0.000000 0.000000 0.000000 0.000000 0.000000 0.000000 0.000000 0.000000 0.000000 0.000000 0.000000 0.000000 0.000000 0.000000 0.000000 0.000000
0 0.453844 0.878657 0.150281 0.242687 0.000000 0.000000 0.000000 0.000000 0.000000 0.000000 0.000000 0.000000 0.000000 0.425000 0.817757 2.000000 0.465625 0.810748 2.000000 0.406250 0.892523 2.000000 0.503125 0.885514 2.000000 0.000000 0.000000 0.000000 0.000000 0.000000 0.000000 0.000000 0.000000 0.000000 0.000000 0.000000 0.000000 0.000000 0.000000 0.000000 0.000000 0.000000 0.000000 0.000000 0.000000 0.000000 0.000000 0.000000 0.000000 0.000000 0.000000 0.000000 0.000000 0.000000 0.000000
0 0.343281 0.868914 0.139719 0.261285 0.000000 0.000000 0.000000 0.000000 0.000000 0.000000 0.000000 0.000000 0.000000 0.334375 0.789720 1.000000 0.371875 0.792056 2.000000 0.328125 0.838785 2.000000 0.395313 0.834112 2.000000 0.295312 0.950935 2.000000 0.000000 0.000000 0.000000 0.000000 0.000000 0.000000 0.000000 0.000000 0.000000 0.343750 0.974299 2.000000 0.392188 0.976636 1.000000 0.276562 0.953271 2.000000 0.000000 0.000000 0.000000 0.000000 0.000000 0.000000 0.000000 0.000000 0.000000
0 0.129242 0.937079 0.069141 0.103364 0.000000 0.000000 0.000000 0.000000 0.000000 0.000000 0.000000 0.000000 0.000000 0.120313 0.932243 2.000000 0.157812 0.929907 2.000000 0.096875 0.990654 1.000000 0.167187 0.990654 1.000000 0.000000 0.000000 0.000000 0.000000 0.000000 0.000000 0.000000 0.000000 0.000000 0.000000 0.000000 0.000000 0.000000 0.000000 0.000000 0.000000 0.000000 0.000000 0.000000 0.000000 0.000000 0.000000 0.000000 0.000000 0.000000 0.000000 0.000000 0.000000 0.000000 0.000000
0 0.746289 0.112757 0.086141 0.201215 0.750000 0.051402 2.000000 0.757812 0.044393 2.000000 0.746875 0.044393 2.000000 0.765625 0.046729 2.000000 0.737500 0.044393 1.000000 0.779687 0.081776 2.000000 0.720313 0.074766 2.000000 0.782813 0.147196 1.000000 0.704688 0.128505 1.000000 0.768750 0.175234 1.000000 0.000000 0.000000 0.000000 0.750000 0.163551 2.000000 0.720313 0.156542 1.000000 0.759375 0.191589 2.000000 0.000000 0.000000 0.000000 0.000000 0.000000 0.000000 0.000000 0.000000 0.000000
0 0.242758 0.934509 0.091797 0.130981 0.000000 0.000000 0.000000 0.000000 0.000000 0.000000 0.000000 0.000000 0.000000 0.207813 0.918224 2.000000 0.000000 0.000000 0.000000 0.201563 0.976636 1.000000 0.264062 0.948598 2.000000 0.000000 0.000000 0.000000 0.000000 0.000000 0.000000 0.000000 0.000000 0.000000 0.000000 0.000000 0.000000 0.000000 0.000000 0.000000 0.000000 0.000000 0.000000 0.000000 0.000000 0.000000 0.000000 0.000000 0.000000 0.000000 0.000000 0.000000 0.000000 0.000000 0.000000
0 0.902039 0.928493 0.088484 0.143014 0.000000 0.000000 0.000000 0.000000 0.000000 0.000000 0.000000 0.000000 0.000000 0.876563 0.911215 2.000000 0.000000 0.000000 0.000000 0.875000 0.948598 1.000000 0.921875 0.946262 2.000000 0.000000 0.000000 0.000000 0.000000 0.000000 0.000000 0.859375 0.946262 1.000000 0.000000 0.000000 0.000000 0.000000 0.000000 0.000000 0.000000 0.000000 0.000000 0.000000 0.000000 0.000000 0.000000 0.000000 0.000000 0.000000 0.000000 0.000000 0.000000 0.000000 0.000000
0 0.941070 0.100210 0.081703 0.200421 0.000000 0.000000 0.000000 0.000000 0.000000 0.000000 0.000000 0.000000 0.000000 0.000000 0.000000 0.000000 0.000000 0.000000 0.000000 0.000000 0.000000 0.000000 0.906250 0.004673 2.000000 0.957812 0.030374 2.000000 0.912500 0.053738 2.000000 0.946875 0.072430 2.000000 0.917188 0.091121 2.000000 0.964063 0.074766 2.000000 0.939063 0.086449 2.000000 0.970313 0.135514 1.000000 0.948438 0.135514 2.000000 0.970313 0.210280 1.000000 0.950000 0.207944 1.000000
0 0.514227 0.054054 0.068359 0.106799 0.000000 0.000000 0.000000 0.000000 0.000000 0.000000 0.000000 0.000000 0.000000 0.000000 0.000000 0.000000 0.000000 0.000000 0.000000 0.000000 0.000000 0.000000 0.000000 0.000000 0.000000 0.518750 0.000000 1.000000 0.000000 0.000000 0.000000 0.493750 0.039720 2.000000 0.000000 0.000000 0.000000 0.535937 0.037383 2.000000 0.000000 0.000000 0.000000 0.487500 0.046729 2.000000 0.000000 0.000000 0.000000 0.000000 0.000000 0.000000 0.000000 0.000000 0.000000
