0 0.478391 0.413499 0.100781 0.243340 0.485938 0.333996 2.000000 0.490625 0.328032 2.000000 0.478125 0.328032 2.000000 0.498437 0.330020 2.000000 0.467187 0.332008 2.000000 0.518750 0.385686 2.000000 0.450000 0.389662 2.000000 0.531250 0.459245 1.000000 0.442188 0.465209 1.000000 0.000000 0.000000 0.000000 0.000000 0.000000 0.000000 0.512500 0.516899 1.000000 0.470313 0.516899 2.000000 0.000000 0.000000 0.000000 0.000000 0.000000 0.000000 0.000000 0.000000 0.000000 0.000000 0.000000 0.000000
0 0.400867 0.436720 0.066734 0.227396 0.414062 0.359841 2.000000 0.418750 0.351889 2.000000 0.407813 0.353877 2.000000 0.000000 0.000000 0.000000 0.396875 0.357853 1.000000 0.435937 0.401590 1.000000 0.384375 0.401590 2.000000 0.000000 0.000000 0.000000 0.385937 0.469185 2.000000 0.000000 0.000000 0.000000 0.404687 0.536779 1.000000 0.000000 0.000000 0.000000 0.412500 0.516899 2.000000 0.000000 0.000000 0.000000 0.000000 0.000000 0.000000 0.000000 0.000000 0.000000 0.000000 0.000000 0.000000
0 0.336211 0.423787 0.081484 0.196759 0.350000 0.369781 2.000000 0.354687 0.363817 2.000000 0.343750 0.361829 2.000000 0.364063 0.365805 2.000000 0.329688 0.363817 2.000000 0.371875 0.411531 1.000000 0.323437 0.415507 2.000000 0.000000 0.000000 0.000000 0.317188 0.487078 1.000000 0.000000 0.000000 0.000000 0.000000 0.000000 0.000000 0.373437 0.544732 1.000000 0.339062 0.548708 1.000000 0.000000 0.000000 0.000000 0.000000 0.000000 0.000000 0.000000 0.000000 0.000000 0.000000 0.000000 0.000000
0 0.273336 0.430298 0.080266 0.203499 0.282813 0.365805 2.000000 0.287500 0.359841 2.000000 0.275000 0.359841 2.000000 0.000000 0.000000 0.000000 0.262500 0.369781 2.000000 0.293750 0.413519 2.000000 0.256250 0.409543 2.000000 0.000000 0.000000 0.000000 0.254688 0.481113 1.000000 0.000000 0.000000 0.000000 0.292187 0.522863 2.000000 0.298438 0.528827 1.000000 0.281250 0.526839 2.000000 0.000000 0.000000 0.000000 0.000000 0.000000 0.000000 0.000000 0.000000 0.000000 0.000000 0.000000 0.000000
0 0.197492 0.435378 0.078891 0.209563 0.201563 0.363817 2.000000 0.207813 0.357853 2.000000 0.195312 0.357853 2.000000 0.000000 0.000000 0.000000 0.182812 0.367793 1.000000 0.231250 0.423459 2.000000 0.167187 0.423459 2.000000 0.000000 0.000000 0.000000 0.000000 0.000000 0.000000 0.000000 0.000000 0.000000 0.000000 0.000000 0.000000 0.226562 0.554672 1.000000 0.179688 0.556660 1.000000 0.000000 0.000000 0.000000 0.000000 0.000000 0.000000 0.000000 0.000000 0.000000 0.000000 0.000000 0.000000
0 0.136875 0.583897 0.121875 0.435944 0.150000 0.409543 2.000000 0.153125 0.397614 2.000000 0.140625 0.397614 2.000000 0.000000 0.000000 0.000000 0.126562 0.405567 1.000000 0.179688 0.457256 2.000000 0.103125 0.463221 1.000000 0.185938 0.532803 2.000000 0.098437 0.534791 2.000000 0.190625 0.610338 1.000000 0.112500 0.604374 2.000000 0.170313 0.594433 2.000000 0.132812 0.594433 2.000000 0.168750 0.679920 2.000000 0.131250 0.681909 2.000000 0.165625 0.769384 1.000000 0.129688 0.783300 2.000000
0 0.663859 0.412087 0.092531 0.213320 0.646875 0.349901 2.000000 0.653125 0.339960 2.000000 0.642188 0.339960 2.000000 0.664062 0.339960 2.000000 0.634375 0.345924 1.000000 0.684375 0.385686 2.000000 0.623437 0.391650 2.000000 0.700000 0.463221 2.000000 0.618750 0.463221 1.000000 0.695312 0.502982 2.000000 0.000000 0.000000 0.000000 0.667188 0.500994 2.000000 0.640625 0.500994 1.000000 0.000000 0.000000 0.000000 0.000000 0.000000 0.000000 0.000000 0.000000 0.000000 0.000000 0.000000 0.000000
0 0.345961 0.642316 0.123516 0.341014 0.337500 0.514911 2.000000 0.343750 0.506958 2.000000 0.332813 0.508946 2.000000 0.354687 0.504970 2.000000 0.321875 0.508946 2.000000 0.376563 0.542744 2.000000 0.304688 0.556660 2.000000 0.379688 0.596421 2.000000 0.309375 0.614314 2.000000 0.359375 0.660040 2.000000 0.331250 0.650099 2.000000 0.367188 0.646123 2.000000 0.329688 0.646123 2.000000 0.392188 0.666004 2.000000 0.292187 0.675944 2.000000 0.373437 0.777336 2.000000 0.312500 0.781312 2.000000
0 0.852172 0.595507 0.153656 0.355070 0.820312 0.463221 2.000000 0.825000 0.455268 2.000000 0.814063 0.455268 2.000000 0.835938 0.451292 2.000000 0.809375 0.461233 2.000000 0.870313 0.495030 2.000000 0.787500 0.512922 2.000000 0.889062 0.560636 2.000000 0.000000 0.000000 0.000000 0.896875 0.594433 2.000000 0.000000 0.000000 0.000000 0.871875 0.600398 2.000000 0.826562 0.620278 2.000000 0.900000 0.628231 2.000000 0.843750 0.729622 2.000000 0.885938 0.719682 2.000000 0.000000 0.000000 0.000000
0 0.739734 0.399344 0.069969 0.195626 0.717187 0.345924 2.000000 0.725000 0.337972 2.000000 0.712500 0.335984 2.000000 0.742188 0.341948 2.000000 0.000000 0.000000 0.000000 0.753125 0.393638 2.000000 0.710938 0.393638 2.000000 0.760938 0.457256 2.000000 0.000000 0.000000 0.000000 0.760938 0.508946 1.000000 0.000000 0.000000 0.000000 0.000000 0.000000 0.000000 0.000000 0.000000 0.000000 0.000000 0.000000 0.000000 0.000000 0.000000 0.000000 0.000000 0.000000 0.000000 0.000000 0.000000 0.000000
0 0.755914 0.602247 0.127172 0.350577 0.732812 0.465209 2.000000 0.739062 0.455268 2.000000 0.723437 0.455268 2.000000 0.745313 0.455268 1.000000 0.714063 0.457256 2.000000 0.770312 0.512922 2.000000 0.696875 0.514911 1.000000 0.771875 0.578529 2.000000 0.701562 0.594433 2.000000 0.768750 0.610338 2.000000 0.735938 0.612326 2.000000 0.762500 0.620278 2.000000 0.715625 0.622266 2.000000 0.796875 0.626243 1.000000 0.728125 0.626243 2.000000 0.796875 0.737575 2.000000 0.729688 0.733598 2.000000
0 0.651375 0.604563 0.123000 0.341372 0.635938 0.481113 2.000000 0.642188 0.473161 2.000000 0.626563 0.475149 2.000000 0.651563 0.477137 2.000000 0.617188 0.481113 2.000000 0.675000 0.522863 2.000000 0.598437 0.530815 2.000000 0.678125 0.590457 2.000000 0.612500 0.604374 2.000000 0.668750 0.630219 2.000000 0.642188 0.636183 2.000000 0.664062 0.614314 2.000000 0.631250 0.618290 2.000000 0.700000 0.636183 2.000000 0.615625 0.656064 2.000000 0.700000 0.745527 2.000000 0.625000 0.757455 2.000000
0 0.444422 0.637028 0.107344 0.358986 0.435937 0.504970 2.000000 0.440625 0.495030 2.000000 0.428125 0.495030 2.000000 0.453125 0.495030 1.000000 0.418750 0.499006 2.000000 0.470313 0.530815 2.000000 0.410938 0.534791 2.000000 0.481250 0.610338 2.000000 0.406250 0.598410 2.000000 0.457813 0.632207 2.000000 0.443750 0.628231 2.000000 0.459375 0.638171 2.000000 0.431250 0.638171 2.000000 0.481250 0.658052 2.000000 0.414062 0.662028 2.000000 0.484375 0.769384 2.000000 0.421875 0.777336 2.000000
