0 0.491417 0.493195 0.259742 0.297422 0.470726 0.368750 2.000000 0.475410 0.365625 2.000000 0.459016 0.367188 2.000000 0.484778 0.368750 1.000000 0.437939 0.371875 2.000000 0.498829 0.401562 2.000000 0.421546 0.398438 2.000000 0.440281 0.440625 2.000000 0.384075 0.407813 2.000000 0.388759 0.418750 2.000000 0.372365 0.398438 2.000000 0.503513 0.492188 2.000000 0.437939 0.492188 2.000000 0.519906 0.560937 2.000000 0.391101 0.551562 2.000000 0.597190 0.614062 2.000000 0.419204 0.615625 2.000000
0 0.227131 0.052469 0.097728 0.087500 0.224824 0.037500 2.000000 0.234192 0.032813 2.000000 0.217799 0.034375 2.000000 0.248244 0.034375 2.000000 0.000000 0.000000 0.000000 0.264637 0.057813 2.000000 0.185012 0.065625 2.000000 0.000000 0.000000 0.000000 0.000000 0.000000 0.000000 0.000000 0.000000 0.000000 0.000000 0.000000 0.000000 0.000000 0.000000 0.000000 0.000000 0.000000 0.000000 0.000000 0.000000 0.000000 0.000000 0.000000 0.000000 0.000000 0.000000 0.000000 0.000000 0.000000 0.000000
0 0.493841 0.117164 0.125105 0.120672 0.444965 0.092188 2.000000 0.451991 0.089063 2.000000 0.000000 0.000000 0.000000 0.477752 0.090625 2.000000 0.000000 0.000000 0.000000 0.522248 0.104688 2.000000 0.447307 0.110937 2.000000 0.550351 0.137500 1.000000 0.000000 0.000000 0.000000 0.508197 0.137500 2.000000 0.000000 0.000000 0.000000 0.517564 0.157812 2.000000 0.463700 0.157812 1.000000 0.000000 0.000000 0.000000 0.000000 0.000000 0.000000 0.000000 0.000000 0.000000 0.000000 0.000000 0.000000
0 0.792892 0.083187 0.110609 0.163156 0.000000 0.000000 0.000000 0.000000 0.000000 0.000000 0.000000 0.000000 0.000000 0.000000 0.000000 0.000000 0.793911 0.000000 1.000000 0.847775 0.025000 1.000000 0.775176 0.028125 2.000000 0.000000 0.000000 0.000000 0.765808 0.060937 2.000000 0.000000 0.000000 0.000000 0.777518 0.076563 2.000000 0.833724 0.079687 1.000000 0.798595 0.081250 2.000000 0.000000 0.000000 0.000000 0.777518 0.095312 2.000000 0.000000 0.000000 0.000000 0.782201 0.151562 2.000000
0 0.211569 0.335078 0.222717 0.287219 0.217799 0.220312 2.000000 0.222482 0.214062 2.000000 0.208431 0.215625 2.000000 0.000000 0.000000 0.000000 0.192037 0.215625 2.000000 0.255269 0.243750 2.000000 0.182670 0.242188 2.000000 0.302108 0.260937 2.000000 0.229508 0.256250 2.000000 0.288056 0.228125 2.000000 0.274005 0.229687 2.000000 0.238876 0.339062 2.000000 0.182670 0.335938 2.000000 0.276347 0.396875 2.000000 0.170960 0.401562 2.000000 0.304450 0.462500 2.000000 0.110070 0.468750 2.000000
0 0.073735 0.522422 0.147471 0.214219 0.032787 0.453125 2.000000 0.039813 0.445312 2.000000 0.023419 0.446875 2.000000 0.000000 0.000000 0.000000 0.007026 0.446875 2.000000 0.056206 0.470313 2.000000 0.000000 0.000000 0.000000 0.088993 0.517188 2.000000 0.000000 0.000000 0.000000 0.081967 0.535937 2.000000 0.028103 0.542188 2.000000 0.051522 0.546875 2.000000 0.000000 0.000000 0.000000 0.119438 0.565625 2.000000 0.016393 0.562500 2.000000 0.039813 0.601562 2.000000 0.000000 0.000000 0.000000
0 0.923618 0.342969 0.152763 0.209031 0.000000 0.000000 0.000000 0.000000 0.000000 0.000000 0.000000 0.000000 0.000000 0.880562 0.262500 2.000000 0.913349 0.264062 2.000000 0.889930 0.292187 2.000000 0.882904 0.300000 2.000000 0.918033 0.331250 2.000000 0.918033 0.346875 2.000000 0.934426 0.335938 2.000000 0.962529 0.359375 2.000000 0.901639 0.354687 2.000000 0.887588 0.357812 2.000000 0.995316 0.364063 2.000000 0.953162 0.365625 2.000000 0.960187 0.420312 2.000000 0.948478 0.425000 2.000000
0 0.347553 0.257008 0.115340 0.084422 0.325527 0.245312 2.000000 0.334895 0.239063 2.000000 0.320843 0.239063 2.000000 0.358314 0.240625 2.000000 0.000000 0.000000 0.000000 0.379391 0.260937 2.000000 0.309133 0.260937 1.000000 0.395785 0.292187 2.000000 0.316159 0.298438 2.000000 0.365340 0.270313 2.000000 0.344262 0.268750 2.000000 0.374707 0.310937 1.000000 0.323185 0.310937 1.000000 0.000000 0.000000 0.000000 0.000000 0.000000 0.000000 0.000000 0.000000 0.000000 0.000000 0.000000 0.000000
0 0.096007 0.266273 0.151077 0.095766 0.088993 0.242188 2.000000 0.096019 0.239063 2.000000 0.079625 0.239063 2.000000 0.105386 0.240625 2.000000 0.065574 0.245312 2.000000 0.131148 0.267188 2.000000 0.046838 0.271875 2.000000 0.149883 0.296875 2.000000 0.039813 0.307812 1.000000 0.000000 0.000000 0.000000 0.000000 0.000000 0.000000 0.128806 0.317188 1.000000 0.070258 0.321875 1.000000 0.149883 0.282813 2.000000 0.000000 0.000000 0.000000 0.163934 0.339062 1.000000 0.000000 0.000000 0.000000
0 0.343782 0.072094 0.079133 0.102563 0.362998 0.048438 2.000000 0.370023 0.042188 2.000000 0.353630 0.043750 2.000000 0.000000 0.000000 0.000000 0.334895 0.046875 2.000000 0.388759 0.075000 1.000000 0.313817 0.078125 2.000000 0.000000 0.000000 0.000000 0.000000 0.000000 0.000000 0.000000 0.000000 0.000000 0.000000 0.000000 0.000000 0.386417 0.135937 1.000000 0.344262 0.137500 1.000000 0.000000 0.000000 0.000000 0.000000 0.000000 0.000000 0.000000 0.000000 0.000000 0.000000 0.000000 0.000000
0 0.473009 0.911687 0.253044 0.150656 0.000000 0.000000 0.000000 0.000000 0.000000 0.000000 0.000000 0.000000 0.000000 0.000000 0.000000 0.000000 0.531616 0.865625 2.000000 0.421546 0.882812 2.000000 0.548009 0.887500 2.000000 0.358314 0.932813 2.000000 0.571429 0.937500 2.000000 0.372365 0.989062 1.000000 0.597190 0.996875 1.000000 0.402810 0.979688 2.000000 0.501171 0.981250 2.000000 0.000000 0.000000 0.000000 0.000000 0.000000 0.000000 0.000000 0.000000 0.000000 0.000000 0.000000 0.000000
0 0.536370 0.271750 0.214286 0.113000 0.515222 0.239063 2.000000 0.000000 0.000000 0.000000 0.505855 0.234375 2.000000 0.000000 0.000000 0.000000 0.484778 0.239063 2.000000 0.512881 0.257812 2.000000 0.442623 0.268750 2.000000 0.545667 0.235937 2.000000 0.451991 0.306250 1.000000 0.604215 0.240625 2.000000 0.000000 0.000000 0.000000 0.510539 0.337500 1.000000 0.459016 0.340625 1.000000 0.000000 0.000000 0.000000 0.000000 0.000000 0.000000 0.000000 0.000000 0.000000 0.000000 0.000000 0.000000
