0 0.237360 0.676849 0.338040 0.617981 0.274000 0.474453 2.000000 0.292000 0.454988 2.000000 0.252000 0.457421 2.000000 0.312000 0.459854 2.000000 0.228000 0.467153 2.000000 0.356000 0.593674 2.000000 0.176000 0.564477 2.000000 0.358000 0.798054 2.000000 0.114000 0.678832 2.000000 0.272000 0.861314 2.000000 0.146000 0.817518 2.000000 0.326000 0.822384 2.000000 0.216000 0.824818 2.000000 0.308000 0.929440 1.000000 0.138000 0.909976 2.000000 0.000000 0.000000 0.000000 0.000000 0.000000 0.000000
0 0.585950 0.693686 0.420260 0.592336 0.578000 0.496350 2.000000 0.594000 0.476886 2.000000 0.564000 0.479319 2.000000 0.626000 0.481752 2.000000 0.546000 0.491484 2.000000 0.686000 0.596107 2.000000 0.534000 0.583942 2.000000 0.758000 0.742092 2.000000 0.502000 0.515815 1.000000 0.732000 0.861314 2.000000 0.424000 0.479319 1.000000 0.650000 0.875912 2.000000 0.562000 0.885645 2.000000 0.748000 0.980535 2.000000 0.000000 0.000000 0.000000 0.000000 0.000000 0.000000 0.000000 0.000000 0.000000
0 0.580020 0.342701 0.217960 0.321363 0.596000 0.262774 2.000000 0.608000 0.245742 2.000000 0.582000 0.245742 2.000000 0.630000 0.248175 2.000000 0.566000 0.253041 2.000000 0.654000 0.335766 2.000000 0.534000 0.323601 2.000000 0.660000 0.469586 2.000000 0.504000 0.445255 2.000000 0.582000 0.474453 1.000000 0.552000 0.501217 1.000000 0.632000 0.537713 1.000000 0.526000 0.535280 1.000000 0.000000 0.000000 0.000000 0.000000 0.000000 0.000000 0.000000 0.000000 0.000000 0.000000 0.000000 0.000000
0 0.749420 0.569477 0.204680 0.827080 0.712000 0.236010 2.000000 0.728000 0.218978 2.000000 0.696000 0.218978 2.000000 0.750000 0.233577 2.000000 0.000000 0.000000 0.000000 0.780000 0.306569 2.000000 0.680000 0.321168 2.000000 0.824000 0.457421 2.000000 0.000000 0.000000 0.000000 0.718000 0.445255 2.000000 0.000000 0.000000 0.000000 0.792000 0.569343 2.000000 0.698000 0.569343 1.000000 0.784000 0.761557 1.000000 0.700000 0.739659 1.000000 0.770000 0.929440 2.000000 0.000000 0.000000 0.000000
0 0.862820 0.496509 0.180320 0.857786 0.000000 0.000000 0.000000 0.826000 0.131387 2.000000 0.806000 0.133820 2.000000 0.854000 0.138686 2.000000 0.792000 0.148418 2.000000 0.912000 0.253041 2.000000 0.784000 0.253041 2.000000 0.926000 0.399027 2.000000 0.000000 0.000000 0.000000 0.896000 0.513382 2.000000 0.000000 0.000000 0.000000 0.864000 0.481752 2.000000 0.806000 0.486618 1.000000 0.870000 0.693431 2.000000 0.802000 0.678832 1.000000 0.876000 0.880779 2.000000 0.802000 0.832117 1.000000
0 0.111760 0.393260 0.223520 0.570803 0.122000 0.192214 2.000000 0.134000 0.175182 2.000000 0.108000 0.177616 2.000000 0.156000 0.182482 1.000000 0.082000 0.184915 2.000000 0.184000 0.216545 2.000000 0.028000 0.272506 2.000000 0.272000 0.201946 1.000000 0.008000 0.411192 2.000000 0.336000 0.228710 1.000000 0.078000 0.411192 2.000000 0.190000 0.496350 2.000000 0.082000 0.520681 2.000000 0.000000 0.000000 0.000000 0.102000 0.710462 1.000000 0.000000 0.000000 0.000000 0.126000 0.875912 1.000000
0 0.289720 0.282628 0.172480 0.353917 0.280000 0.184915 2.000000 0.282000 0.163017 2.000000 0.260000 0.163017 2.000000 0.306000 0.167883 2.000000 0.248000 0.172749 2.000000 0.338000 0.233577 1.000000 0.220000 0.233577 1.000000 0.352000 0.345499 2.000000 0.214000 0.340633 1.000000 0.352000 0.401460 2.000000 0.216000 0.457421 1.000000 0.334000 0.450122 1.000000 0.228000 0.450122 1.000000 0.000000 0.000000 0.000000 0.000000 0.000000 0.000000 0.000000 0.000000 0.000000 0.000000 0.000000 0.000000
0 0.659700 0.219672 0.077960 0.208491 0.646000 0.187348 2.000000 0.660000 0.172749 2.000000 0.636000 0.170316 2.000000 0.000000 0.000000 0.000000 0.000000 0.000000 0.000000 0.696000 0.260341 1.000000 0.610000 0.253041 1.000000 0.000000 0.000000 0.000000 0.000000 0.000000 0.000000 0.000000 0.000000 0.000000 0.000000 0.000000 0.000000 0.000000 0.000000 0.000000 0.000000 0.000000 0.000000 0.000000 0.000000 0.000000 0.000000 0.000000 0.000000 0.000000 0.000000 0.000000 0.000000 0.000000 0.000000
0 0.546940 0.154051 0.158160 0.211119 0.554000 0.119221 2.000000 0.566000 0.104623 2.000000 0.542000 0.104623 2.000000 0.580000 0.116788 2.000000 0.518000 0.111922 2.000000 0.608000 0.204380 1.000000 0.490000 0.209246 1.000000 0.000000 0.000000 0.000000 0.000000 0.000000 0.000000 0.000000 0.000000 0.000000 0.000000 0.000000 0.000000 0.000000 0.000000 0.000000 0.000000 0.000000 0.000000 0.000000 0.000000 0.000000 0.000000 0.000000 0.000000 0.000000 0.000000 0.000000 0.000000 0.000000 0.000000
0 0.426610 0.668540 0.506540 0.662920 0.446000 0.457421 2.000000 0.464000 0.430657 2.000000 0.428000 0.425791 2.000000 0.486000 0.435523 2.000000 0.402000 0.423358 2.000000 0.512000 0.503650 1.000000 0.368000 0.508516 2.000000 0.592000 0.513382 1.000000 0.290000 0.513382 1.000000 0.664000 0.540146 2.000000 0.212000 0.513382 2.000000 0.500000 0.798054 2.000000 0.390000 0.783455 1.000000 0.438000 0.997567 2.000000 0.304000 0.919708 2.000000 0.392000 0.927007 2.000000 0.000000 0.000000 0.000000
0 0.483230 0.295645 0.151740 0.261168 0.550000 0.240876 2.000000 0.554000 0.221411 2.000000 0.532000 0.221411 2.000000 0.000000 0.000000 0.000000 0.498000 0.228710 2.000000 0.560000 0.306569 1.000000 0.430000 0.299270 2.000000 0.000000 0.000000 0.000000 0.000000 0.000000 0.000000 0.000000 0.000000 0.000000 0.000000 0.000000 0.000000 0.514000 0.476886 1.000000 0.446000 0.472019 1.000000 0.000000 0.000000 0.000000 0.000000 0.000000 0.000000 0.000000 0.000000 0.000000 0.000000 0.000000 0.000000
