0 0.425797 0.304485 0.347844 0.555059 0.515625 0.149883 2.000000 0.525000 0.128806 2.000000 0.507812 0.128806 2.000000 0.539062 0.117096 2.000000 0.000000 0.000000 0.000000 0.562500 0.185012 2.000000 0.470313 0.170960 2.000000 0.575000 0.313817 2.000000 0.393750 0.201405 2.000000 0.571875 0.433255 2.000000 0.321875 0.194379 2.000000 0.542188 0.407494 2.000000 0.481250 0.400468 2.000000 0.546875 0.585480 1.000000 0.482812 0.580796 1.000000 0.000000 0.000000 0.000000 0.000000 0.000000 0.000000
0 0.596641 0.385527 0.081187 0.511382 0.000000 0.000000 0.000000 0.000000 0.000000 0.000000 0.000000 0.000000 0.000000 0.592187 0.177986 2.000000 0.000000 0.000000 0.000000 0.600000 0.227166 2.000000 0.000000 0.000000 0.000000 0.618750 0.297424 2.000000 0.000000 0.000000 0.000000 0.578125 0.243560 1.000000 0.000000 0.000000 0.000000 0.595313 0.370023 2.000000 0.000000 0.000000 0.000000 0.587500 0.482436 2.000000 0.000000 0.000000 0.000000 0.575000 0.597190 2.000000 0.000000 0.000000 0.000000
0 0.781578 0.434918 0.170719 0.390726 0.850000 0.309133 2.000000 0.000000 0.000000 0.000000 0.850000 0.302108 2.000000 0.000000 0.000000 0.000000 0.832812 0.288056 2.000000 0.815625 0.316159 2.000000 0.793750 0.304450 2.000000 0.792188 0.379391 2.000000 0.759375 0.374707 2.000000 0.776563 0.433255 2.000000 0.748437 0.442623 2.000000 0.750000 0.384075 2.000000 0.721875 0.374707 2.000000 0.767188 0.466042 2.000000 0.739062 0.477752 2.000000 0.754687 0.559719 2.000000 0.729688 0.580796 2.000000
0 0.302859 0.741569 0.221906 0.494379 0.000000 0.000000 0.000000 0.000000 0.000000 0.000000 0.000000 0.000000 0.000000 0.320312 0.550351 2.000000 0.376563 0.573770 2.000000 0.281250 0.620609 2.000000 0.395313 0.672131 2.000000 0.248438 0.606557 2.000000 0.000000 0.000000 0.000000 0.000000 0.000000 0.000000 0.000000 0.000000 0.000000 0.232813 0.925059 2.000000 0.309375 0.936768 2.000000 0.000000 0.000000 0.000000 0.389062 0.749415 2.000000 0.260937 0.957845 2.000000 0.360938 0.957845 2.000000
0 0.538992 0.686335 0.309203 0.552014 0.000000 0.000000 0.000000 0.000000 0.000000 0.000000 0.000000 0.000000 0.000000 0.450000 0.477752 2.000000 0.000000 0.000000 0.000000 0.476562 0.562061 2.000000 0.481250 0.512881 2.000000 0.475000 0.744731 2.000000 0.000000 0.000000 0.000000 0.412500 0.667447 1.000000 0.000000 0.000000 0.000000 0.582812 0.733021 2.000000 0.537500 0.704918 2.000000 0.506250 0.929742 2.000000 0.476562 0.693208 2.000000 0.642188 0.840749 2.000000 0.526563 0.789227 2.000000
0 0.847773 0.798876 0.304453 0.375831 0.765625 0.779859 2.000000 0.773438 0.758782 2.000000 0.000000 0.000000 0.000000 0.832812 0.791569 2.000000 0.000000 0.000000 0.000000 0.817187 0.978923 2.000000 0.942187 0.878220 2.000000 0.000000 0.000000 0.000000 0.000000 0.000000 0.000000 0.717187 0.932084 1.000000 0.789062 0.903981 2.000000 0.000000 0.000000 0.000000 0.000000 0.000000 0.000000 0.000000 0.000000 0.000000 0.000000 0.000000 0.000000 0.000000 0.000000 0.000000 0.000000 0.000000 0.000000
0 0.892914 0.421593 0.169547 0.355129 0.945312 0.302108 2.000000 0.951562 0.302108 2.000000 0.940625 0.292740 2.000000 0.000000 0.000000 0.000000 0.935937 0.276347 2.000000 0.931250 0.325527 2.000000 0.903125 0.304450 2.000000 0.000000 0.000000 0.000000 0.865625 0.330211 2.000000 0.000000 0.000000 0.000000 0.892188 0.386417 2.000000 0.887500 0.391101 2.000000 0.856250 0.379391 2.000000 0.871875 0.473068 2.000000 0.846875 0.475410 2.000000 0.862500 0.555035 2.000000 0.828125 0.557377 2.000000
0 0.906414 0.473923 0.081891 0.299087 0.901563 0.365340 2.000000 0.909375 0.358314 2.000000 0.903125 0.358314 2.000000 0.923438 0.372365 2.000000 0.000000 0.000000 0.000000 0.929688 0.409836 2.000000 0.893750 0.400468 2.000000 0.939063 0.447307 2.000000 0.889062 0.428571 2.000000 0.928125 0.477752 2.000000 0.000000 0.000000 0.000000 0.909375 0.491803 2.000000 0.889062 0.489461 2.000000 0.909375 0.548009 2.000000 0.889062 0.540984 2.000000 0.901563 0.597190 2.000000 0.887500 0.590164 2.000000
0 0.870461 0.245304 0.070016 0.189906 0.875000 0.187354 2.000000 0.878125 0.180328 2.000000 0.871875 0.180328 2.000000 0.000000 0.000000 0.000000 0.864062 0.177986 1.000000 0.892188 0.215457 2.000000 0.851562 0.215457 2.000000 0.895312 0.262295 2.000000 0.842187 0.255269 1.000000 0.881250 0.248244 2.000000 0.867188 0.248244 2.000000 0.887500 0.299766 1.000000 0.854688 0.299766 1.000000 0.000000 0.000000 0.000000 0.000000 0.000000 0.000000 0.000000 0.000000 0.000000 0.000000 0.000000 0.000000
0 0.430258 0.675796 0.088266 0.442600 0.409375 0.543326 2.000000 0.414062 0.531616 2.000000 0.000000 0.000000 0.000000 0.437500 0.538642 2.000000 0.000000 0.000000 0.000000 0.440625 0.585480 2.000000 0.432812 0.569087 2.000000 0.451562 0.653396 2.000000 0.000000 0.000000 0.000000 0.421875 0.669789 2.000000 0.000000 0.000000 0.000000 0.453125 0.704918 1.000000 0.434375 0.695550 1.000000 0.451562 0.791569 2.000000 0.437500 0.756440 2.000000 0.446875 0.866511 2.000000 0.431250 0.829040 2.000000
0 0.986648 0.643126 0.026703 0.292857 0.982812 0.562061 2.000000 0.993750 0.548009 2.000000 0.990625 0.536300 2.000000 0.000000 0.000000 0.000000 0.000000 0.000000 0.000000 0.000000 0.000000 0.000000 0.000000 0.000000 0.000000 0.000000 0.000000 0.000000 0.000000 0.000000 0.000000 0.000000 0.000000 0.000000 0.000000 0.000000 0.000000 0.000000 0.000000 0.000000 0.000000 0.000000 0.000000 0.000000 0.000000 0.000000 0.000000 0.000000 0.000000 0.000000 0.000000 0.000000 0.000000 0.000000 0.000000
0 0.975070 0.330187 0.049859 0.319953 0.000000 0.000000 0.000000 0.000000 0.000000 0.000000 0.998437 0.187354 2.000000 0.000000 0.000000 0.000000 0.985938 0.194379 2.000000 0.000000 0.000000 0.000000 0.967187 0.231850 2.000000 0.000000 0.000000 0.000000 0.953125 0.257611 1.000000 0.000000 0.000000 0.000000 0.979688 0.241218 2.000000 0.982812 0.351288 2.000000 0.957812 0.339578 1.000000 0.971875 0.421546 2.000000 0.000000 0.000000 0.000000 0.959375 0.487119 1.000000 0.000000 0.000000 0.000000
