0 0.108260 0.824724 0.208720 0.314608 0.102000 0.725806 2.000000 0.114000 0.716590 2.000000 0.088000 0.714286 2.000000 0.136000 0.721198 2.000000 0.078000 0.725806 1.000000 0.152000 0.778802 2.000000 0.070000 0.778802 2.000000 0.142000 0.873272 2.000000 0.068000 0.843318 2.000000 0.102000 0.933180 2.000000 0.080000 0.896313 2.000000 0.140000 0.898618 2.000000 0.074000 0.898618 2.000000 0.186000 0.891705 2.000000 0.018000 0.903226 2.000000 0.084000 0.960829 2.000000 0.126000 0.951613 2.000000
0 0.251620 0.816855 0.167760 0.343802 0.282000 0.723502 2.000000 0.292000 0.709677 2.000000 0.270000 0.707373 2.000000 0.000000 0.000000 0.000000 0.244000 0.711982 2.000000 0.300000 0.751152 2.000000 0.238000 0.755760 2.000000 0.322000 0.843318 1.000000 0.186000 0.838710 2.000000 0.274000 0.880184 2.000000 0.234000 0.880184 2.000000 0.290000 0.850230 2.000000 0.240000 0.847926 2.000000 0.304000 0.811060 2.000000 0.208000 0.822581 2.000000 0.228000 0.917051 2.000000 0.294000 0.935484 2.000000
0 0.097520 0.585403 0.132640 0.366290 0.106000 0.467742 2.000000 0.116000 0.453917 2.000000 0.096000 0.453917 2.000000 0.126000 0.458525 2.000000 0.084000 0.458525 2.000000 0.140000 0.513825 2.000000 0.078000 0.518433 2.000000 0.158000 0.596774 2.000000 0.046000 0.589862 2.000000 0.114000 0.642857 2.000000 0.074000 0.638249 2.000000 0.126000 0.631336 2.000000 0.088000 0.631336 2.000000 0.000000 0.000000 0.000000 0.060000 0.691244 2.000000 0.000000 0.000000 0.000000 0.086000 0.785714 1.000000
0 0.730180 0.806302 0.220920 0.333341 0.700000 0.721198 2.000000 0.714000 0.709677 2.000000 0.692000 0.709677 2.000000 0.730000 0.709677 2.000000 0.680000 0.705069 2.000000 0.746000 0.741935 2.000000 0.670000 0.746544 2.000000 0.796000 0.811060 2.000000 0.634000 0.815668 2.000000 0.746000 0.875576 2.000000 0.692000 0.873272 2.000000 0.738000 0.850230 2.000000 0.680000 0.850230 2.000000 0.786000 0.838710 2.000000 0.630000 0.866359 1.000000 0.682000 0.923963 2.000000 0.742000 0.933180 2.000000
0 0.605060 0.161037 0.087960 0.220737 0.594000 0.092166 2.000000 0.604000 0.085253 2.000000 0.582000 0.085253 2.000000 0.610000 0.092166 2.000000 0.570000 0.089862 2.000000 0.628000 0.145161 2.000000 0.560000 0.147465 1.000000 0.000000 0.000000 0.000000 0.000000 0.000000 0.000000 0.000000 0.000000 0.000000 0.000000 0.000000 0.000000 0.614000 0.241935 2.000000 0.574000 0.244240 1.000000 0.000000 0.000000 0.000000 0.000000 0.000000 0.000000 0.000000 0.000000 0.000000 0.000000 0.000000 0.000000
0 0.905140 0.662154 0.156400 0.452696 0.892000 0.506912 2.000000 0.904000 0.490783 2.000000 0.884000 0.490783 2.000000 0.924000 0.488479 2.000000 0.874000 0.488479 2.000000 0.942000 0.543779 2.000000 0.862000 0.541475 2.000000 0.956000 0.624424 2.000000 0.838000 0.622120 2.000000 0.926000 0.661290 2.000000 0.884000 0.658986 2.000000 0.930000 0.668203 2.000000 0.878000 0.665899 1.000000 0.948000 0.728111 2.000000 0.902000 0.728111 2.000000 0.940000 0.838710 1.000000 0.894000 0.834101 1.000000
0 0.709650 0.143018 0.089940 0.211705 0.692000 0.085253 2.000000 0.706000 0.080645 2.000000 0.684000 0.080645 2.000000 0.716000 0.089862 2.000000 0.672000 0.087558 1.000000 0.730000 0.142857 2.000000 0.654000 0.142857 1.000000 0.740000 0.205069 2.000000 0.648000 0.198157 1.000000 0.000000 0.000000 0.000000 0.000000 0.000000 0.000000 0.712000 0.258065 1.000000 0.666000 0.255760 1.000000 0.000000 0.000000 0.000000 0.000000 0.000000 0.000000 0.000000 0.000000 0.000000 0.000000 0.000000 0.000000
0 0.555200 0.585058 0.111760 0.325829 0.552000 0.483871 2.000000 0.562000 0.470046 2.000000 0.544000 0.472350 2.000000 0.576000 0.470046 2.000000 0.530000 0.476959 2.000000 0.600000 0.527650 2.000000 0.516000 0.529954 2.000000 0.596000 0.594470 2.000000 0.512000 0.592166 2.000000 0.576000 0.652074 1.000000 0.534000 0.647465 2.000000 0.586000 0.645161 2.000000 0.522000 0.642857 2.000000 0.590000 0.723502 1.000000 0.510000 0.716590 2.000000 0.000000 0.000000 0.000000 0.000000 0.000000 0.000000
0 0.444580 0.270288 0.105880 0.287903 0.444000 0.179724 2.000000 0.454000 0.170507 2.000000 0.432000 0.170507 2.000000 0.466000 0.179724 2.000000 0.422000 0.182028 2.000000 0.490000 0.244240 2.000000 0.400000 0.244240 2.000000 0.490000 0.306452 1.000000 0.402000 0.306452 2.000000 0.000000 0.000000 0.000000 0.000000 0.000000 0.000000 0.470000 0.354839 1.000000 0.414000 0.354839 2.000000 0.000000 0.000000 0.000000 0.000000 0.000000 0.000000 0.000000 0.000000 0.000000 0.000000 0.000000 0.000000
0 0.796810 0.123606 0.126780 0.242696 0.784000 0.052995 2.000000 0.796000 0.043779 2.000000 0.774000 0.043779 2.000000 0.810000 0.048387 2.000000 0.762000 0.048387 2.000000 0.826000 0.101382 1.000000 0.742000 0.110599 2.000000 0.850000 0.175115 2.000000 0.736000 0.170507 1.000000 0.836000 0.223502 2.000000 0.000000 0.000000 0.000000 0.000000 0.000000 0.000000 0.000000 0.000000 0.000000 0.000000 0.000000 0.000000 0.000000 0.000000 0.000000 0.000000 0.000000 0.000000 0.000000 0.000000 0.000000
0 0.447650 0.602811 0.146300 0.368525 0.440000 0.474654 2.000000 0.452000 0.460829 2.000000 0.430000 0.463134 2.000000 0.468000 0.474654 2.000000 0.420000 0.470046 1.000000 0.476000 0.516129 2.000000 0.412000 0.516129 2.000000 0.490000 0.594470 2.000000 0.398000 0.599078 2.000000 0.462000 0.658986 2.000000 0.422000 0.656682 2.000000 0.454000 0.626728 2.000000 0.426000 0.629032 2.000000 0.470000 0.709677 2.000000 0.000000 0.000000 0.000000 0.000000 0.000000 0.000000 0.000000 0.000000 0.000000
0 0.663590 0.604090 0.115420 0.392880 0.660000 0.470046 2.000000 0.670000 0.460829 2.000000 0.650000 0.460829 2.000000 0.686000 0.463134 2.000000 0.000000 0.000000 0.000000 0.698000 0.516129 2.000000 0.626000 0.518433 2.000000 0.710000 0.585253 2.000000 0.620000 0.594470 2.000000 0.650000 0.576037 2.000000 0.686000 0.573733 2.000000 0.690000 0.635945 2.000000 0.646000 0.633641 2.000000 0.000000 0.000000 0.000000 0.632000 0.695853 2.000000 0.000000 0.000000 0.000000 0.620000 0.792627 1.000000
0 0.774680 0.579194 0.124000 0.345300 0.774000 0.463134 2.000000 0.784000 0.451613 2.000000 0.762000 0.453917 2.000000 0.800000 0.453917 2.000000 0.748000 0.458525 1.000000 0.820000 0.513825 2.000000 0.726000 0.513825 2.000000 0.820000 0.603687 2.000000 0.722000 0.599078 2.000000 0.794000 0.629032 2.000000 0.752000 0.626728 2.000000 0.790000 0.629032 2.000000 0.756000 0.629032 2.000000 0.808000 0.707373 2.000000 0.746000 0.702765 2.000000 0.806000 0.801843 1.000000 0.744000 0.797235 1.000000
