0 0.566383 0.735956 0.108453 0.528089 0.000000 0.000000 0.000000 0.000000 0.000000 0.000000 0.000000 0.000000 0.000000 0.000000 0.000000 0.000000 0.614062 0.515152 2.000000 0.000000 0.000000 0.000000 0.587500 0.571096 1.000000 0.000000 0.000000 0.000000 0.576562 0.650350 2.000000 0.000000 0.000000 0.000000 0.598437 0.696970 1.000000 0.614062 0.717949 1.000000 0.584375 0.729604 2.000000 0.614062 0.820513 1.000000 0.573438 0.832168 2.000000 0.615625 0.930070 1.000000 0.532813 0.899767 2.000000
0 0.228039 0.806014 0.139984 0.387972 0.000000 0.000000 0.000000 0.000000 0.000000 0.000000 0.000000 0.000000 0.000000 0.000000 0.000000 0.000000 0.000000 0.000000 0.000000 0.182812 0.741259 2.000000 0.273438 0.734266 2.000000 0.168750 0.787879 2.000000 0.285938 0.794872 2.000000 0.000000 0.000000 0.000000 0.000000 0.000000 0.000000 0.196875 0.955711 2.000000 0.262500 0.951049 2.000000 0.000000 0.000000 0.000000 0.000000 0.000000 0.000000 0.000000 0.000000 0.000000 0.000000 0.000000 0.000000
0 0.292992 0.638508 0.075422 0.298834 0.293750 0.515152 2.000000 0.295312 0.510490 2.000000 0.290625 0.510490 2.000000 0.306250 0.515152 1.000000 0.287500 0.517483 1.000000 0.314063 0.550117 2.000000 0.284375 0.552448 2.000000 0.321875 0.599068 2.000000 0.268750 0.594406 2.000000 0.328125 0.638695 2.000000 0.260937 0.629371 2.000000 0.312500 0.641026 2.000000 0.290625 0.641026 2.000000 0.307812 0.701632 2.000000 0.296875 0.710956 2.000000 0.309375 0.759907 2.000000 0.300000 0.764569 2.000000
0 0.728187 0.765921 0.148406 0.464242 0.000000 0.000000 0.000000 0.000000 0.000000 0.000000 0.000000 0.000000 0.000000 0.000000 0.000000 0.000000 0.000000 0.000000 0.000000 0.689063 0.659674 2.000000 0.775000 0.659674 2.000000 0.668750 0.736597 2.000000 0.787500 0.731935 2.000000 0.000000 0.000000 0.000000 0.000000 0.000000 0.000000 0.714063 0.948718 2.000000 0.770312 0.946387 2.000000 0.000000 0.000000 0.000000 0.000000 0.000000 0.000000 0.000000 0.000000 0.000000 0.000000 0.000000 0.000000
0 0.639383 0.650128 0.057984 0.298904 0.648438 0.529138 2.000000 0.000000 0.000000 0.000000 0.643750 0.526807 2.000000 0.000000 0.000000 0.000000 0.629687 0.529138 2.000000 0.653125 0.564103 2.000000 0.612500 0.564103 1.000000 0.657813 0.603730 2.000000 0.000000 0.000000 0.000000 0.662500 0.634033 2.000000 0.000000 0.000000 0.000000 0.650000 0.631702 2.000000 0.623437 0.629371 2.000000 0.648438 0.703963 2.000000 0.626563 0.703963 2.000000 0.643750 0.759907 2.000000 0.628125 0.755245 2.000000
0 0.381852 0.797751 0.131047 0.404499 0.000000 0.000000 0.000000 0.000000 0.000000 0.000000 0.000000 0.000000 0.000000 0.362500 0.652681 2.000000 0.000000 0.000000 0.000000 0.343750 0.720280 2.000000 0.415625 0.717949 2.000000 0.323437 0.848485 2.000000 0.445312 0.836830 1.000000 0.000000 0.000000 0.000000 0.000000 0.000000 0.000000 0.360938 0.888112 2.000000 0.403125 0.885781 2.000000 0.000000 0.000000 0.000000 0.000000 0.000000 0.000000 0.000000 0.000000 0.000000 0.000000 0.000000 0.000000
0 0.194922 0.653613 0.073813 0.153240 0.206250 0.620047 2.000000 0.212500 0.610723 2.000000 0.201563 0.610723 2.000000 0.000000 0.000000 0.000000 0.000000 0.000000 0.000000 0.220312 0.664336 1.000000 0.181250 0.662005 2.000000 0.000000 0.000000 0.000000 0.162500 0.715618 1.000000 0.000000 0.000000 0.000000 0.000000 0.000000 0.000000 0.000000 0.000000 0.000000 0.000000 0.000000 0.000000 0.000000 0.000000 0.000000 0.000000 0.000000 0.000000 0.000000 0.000000 0.000000 0.000000 0.000000 0.000000
0 0.111531 0.748135 0.095844 0.490163 0.125000 0.545455 2.000000 0.126562 0.533800 2.000000 0.117188 0.538462 2.000000 0.000000 0.000000 0.000000 0.104688 0.547786 2.000000 0.135937 0.587413 2.000000 0.093750 0.603730 2.000000 0.150000 0.629371 2.000000 0.075000 0.668998 2.000000 0.151562 0.657343 2.000000 0.060937 0.752914 1.000000 0.137500 0.715618 2.000000 0.107813 0.715618 2.000000 0.143750 0.841492 2.000000 0.110937 0.841492 2.000000 0.128125 0.941725 2.000000 0.112500 0.965035 2.000000
0 0.054359 0.785140 0.108719 0.429720 0.001563 0.659674 2.000000 0.007812 0.638695 2.000000 0.000000 0.000000 0.000000 0.028125 0.638695 2.000000 0.000000 0.000000 0.000000 0.039062 0.708625 2.000000 0.000000 0.000000 0.000000 0.087500 0.762238 2.000000 0.000000 0.000000 0.000000 0.082812 0.818182 2.000000 0.000000 0.000000 0.000000 0.040625 0.962704 2.000000 0.000000 0.000000 0.000000 0.000000 0.000000 0.000000 0.000000 0.000000 0.000000 0.000000 0.000000 0.000000 0.000000 0.000000 0.000000
0 0.917992 0.727541 0.164016 0.542401 0.000000 0.000000 0.000000 0.000000 0.000000 0.000000 0.000000 0.000000 0.000000 0.898438 0.529138 2.000000 0.951562 0.524476 2.000000 0.885938 0.606061 2.000000 0.968750 0.599068 2.000000 0.865625 0.771562 2.000000 0.000000 0.000000 0.000000 0.871875 0.878788 2.000000 0.000000 0.000000 0.000000 0.917188 0.853147 2.000000 0.973437 0.843823 2.000000 0.000000 0.000000 0.000000 0.000000 0.000000 0.000000 0.000000 0.000000 0.000000 0.000000 0.000000 0.000000
0 0.387508 0.553065 0.054109 0.257506 0.390625 0.449883 2.000000 0.393750 0.442890 2.000000 0.387500 0.442890 2.000000 0.000000 0.000000 0.000000 0.379688 0.447552 2.000000 0.404687 0.473193 2.000000 0.375000 0.475524 2.000000 0.000000 0.000000 0.000000 0.370312 0.501166 2.000000 0.000000 0.000000 0.000000 0.364063 0.529138 2.000000 0.403125 0.531469 2.000000 0.378125 0.533800 2.000000 0.396875 0.592075 2.000000 0.384375 0.585082 2.000000 0.000000 0.000000 0.000000 0.000000 0.000000 0.000000
