0 0.615461 0.517986 0.343328 0.802248 0.585938 0.229508 2.000000 0.585938 0.203747 2.000000 0.564063 0.213115 2.000000 0.000000 0.000000 0.000000 0.512500 0.250585 2.000000 0.596875 0.334895 2.000000 0.479687 0.426230 2.000000 0.668750 0.533958 2.000000 0.528125 0.676815 1.000000 0.745313 0.451991 2.000000 0.637500 0.648712 2.000000 0.626563 0.859485 2.000000 0.539062 0.913349 1.000000 0.000000 0.000000 0.000000 0.000000 0.000000 0.000000 0.000000 0.000000 0.000000 0.000000 0.000000 0.000000
0 0.817016 0.147670 0.120687 0.203115 0.821875 0.124122 2.000000 0.828125 0.105386 2.000000 0.809375 0.105386 2.000000 0.000000 0.000000 0.000000 0.778125 0.119438 2.000000 0.854688 0.210773 2.000000 0.742188 0.220141 1.000000 0.000000 0.000000 0.000000 0.000000 0.000000 0.000000 0.000000 0.000000 0.000000 0.000000 0.000000 0.000000 0.000000 0.000000 0.000000 0.000000 0.000000 0.000000 0.000000 0.000000 0.000000 0.000000 0.000000 0.000000 0.000000 0.000000 0.000000 0.000000 0.000000 0.000000
0 0.708328 0.161698 0.106219 0.170422 0.712500 0.163934 2.000000 0.720313 0.149883 2.000000 0.703125 0.149883 2.000000 0.728125 0.156909 2.000000 0.684375 0.156909 2.000000 0.751563 0.213115 2.000000 0.656250 0.222482 2.000000 0.000000 0.000000 0.000000 0.000000 0.000000 0.000000 0.000000 0.000000 0.000000 0.000000 0.000000 0.000000 0.000000 0.000000 0.000000 0.000000 0.000000 0.000000 0.000000 0.000000 0.000000 0.000000 0.000000 0.000000 0.000000 0.000000 0.000000 0.000000 0.000000 0.000000
0 0.623680 0.161042 0.092672 0.211218 0.659375 0.145199 2.000000 0.000000 0.000000 0.000000 0.654687 0.133489 2.000000 0.000000 0.000000 0.000000 0.631250 0.147541 2.000000 0.620313 0.213115 2.000000 0.564063 0.215457 1.000000 0.000000 0.000000 0.000000 0.000000 0.000000 0.000000 0.000000 0.000000 0.000000 0.000000 0.000000 0.000000 0.000000 0.000000 0.000000 0.000000 0.000000 0.000000 0.000000 0.000000 0.000000 0.000000 0.000000 0.000000 0.000000 0.000000 0.000000 0.000000 0.000000 0.000000
0 0.262625 0.142201 0.160250 0.213489 0.325000 0.133489 2.000000 0.000000 0.000000 0.000000 0.309375 0.121780 2.000000 0.000000 0.000000 0.000000 0.267188 0.142857 2.000000 0.329688 0.220141 2.000000 0.192188 0.229508 2.000000 0.000000 0.000000 0.000000 0.000000 0.000000 0.000000 0.000000 0.000000 0.000000 0.000000 0.000000 0.000000 0.000000 0.000000 0.000000 0.000000 0.000000 0.000000 0.000000 0.000000 0.000000 0.000000 0.000000 0.000000 0.000000 0.000000 0.000000 0.000000 0.000000 0.000000
0 0.166516 0.122389 0.099656 0.238548 0.170313 0.067916 2.000000 0.176563 0.053864 2.000000 0.157812 0.049180 2.000000 0.000000 0.000000 0.000000 0.125000 0.058548 2.000000 0.187500 0.156909 2.000000 0.110937 0.163934 1.000000 0.000000 0.000000 0.000000 0.000000 0.000000 0.000000 0.000000 0.000000 0.000000 0.000000 0.000000 0.000000 0.000000 0.000000 0.000000 0.000000 0.000000 0.000000 0.000000 0.000000 0.000000 0.000000 0.000000 0.000000 0.000000 0.000000 0.000000 0.000000 0.000000 0.000000
0 0.383242 0.118864 0.126391 0.235667 0.384375 0.091335 2.000000 0.390625 0.067916 2.000000 0.368750 0.063232 2.000000 0.000000 0.000000 0.000000 0.340625 0.067916 2.000000 0.395313 0.138173 2.000000 0.304688 0.135831 1.000000 0.000000 0.000000 0.000000 0.000000 0.000000 0.000000 0.000000 0.000000 0.000000 0.000000 0.000000 0.000000 0.000000 0.000000 0.000000 0.000000 0.000000 0.000000 0.000000 0.000000 0.000000 0.000000 0.000000 0.000000 0.000000 0.000000 0.000000 0.000000 0.000000 0.000000
0 0.424383 0.102447 0.077203 0.201803 0.426563 0.067916 2.000000 0.000000 0.000000 0.000000 0.421875 0.046838 2.000000 0.000000 0.000000 0.000000 0.382812 0.051522 1.000000 0.434375 0.145199 2.000000 0.362500 0.147541 1.000000 0.464062 0.229508 1.000000 0.000000 0.000000 0.000000 0.000000 0.000000 0.000000 0.000000 0.000000 0.000000 0.000000 0.000000 0.000000 0.000000 0.000000 0.000000 0.000000 0.000000 0.000000 0.000000 0.000000 0.000000 0.000000 0.000000 0.000000 0.000000 0.000000 0.000000
0 0.483672 0.087096 0.078375 0.162717 0.487500 0.070258 2.000000 0.493750 0.046838 2.000000 0.473438 0.056206 2.000000 0.509375 0.056206 2.000000 0.464062 0.051522 2.000000 0.510938 0.114754 1.000000 0.454688 0.133489 2.000000 0.000000 0.000000 0.000000 0.000000 0.000000 0.000000 0.000000 0.000000 0.000000 0.000000 0.000000 0.000000 0.000000 0.000000 0.000000 0.000000 0.000000 0.000000 0.000000 0.000000 0.000000 0.000000 0.000000 0.000000 0.000000 0.000000 0.000000 0.000000 0.000000 0.000000
0 0.634266 0.120433 0.091469 0.240867 0.657813 0.035129 2.000000 0.656250 0.014052 2.000000 0.639062 0.021077 2.000000 0.000000 0.000000 0.000000 0.614062 0.039813 2.000000 0.673438 0.114754 2.000000 0.590625 0.133489 1.000000 0.000000 0.000000 0.000000 0.000000 0.000000 0.000000 0.000000 0.000000 0.000000 0.000000 0.000000 0.000000 0.667188 0.252927 1.000000 0.628125 0.266979 1.000000 0.000000 0.000000 0.000000 0.000000 0.000000 0.000000 0.000000 0.000000 0.000000 0.000000 0.000000 0.000000
0 0.349000 0.623302 0.269531 0.753396 0.442188 0.365340 2.000000 0.434375 0.344262 2.000000 0.423438 0.344262 2.000000 0.000000 0.000000 0.000000 0.368750 0.358314 2.000000 0.443750 0.515222 2.000000 0.334375 0.517564 2.000000 0.000000 0.000000 0.000000 0.239063 0.683841 2.000000 0.000000 0.000000 0.000000 0.346875 0.754098 2.000000 0.456250 0.950820 2.000000 0.371875 0.960187 2.000000 0.000000 0.000000 0.000000 0.000000 0.000000 0.000000 0.000000 0.000000 0.000000 0.000000 0.000000 0.000000
0 0.101180 0.156171 0.082328 0.164520 0.107813 0.177986 2.000000 0.120313 0.159251 2.000000 0.093750 0.159251 2.000000 0.132812 0.180328 2.000000 0.076563 0.185012 2.000000 0.157812 0.269321 1.000000 0.054688 0.264637 1.000000 0.000000 0.000000 0.000000 0.000000 0.000000 0.000000 0.000000 0.000000 0.000000 0.000000 0.000000 0.000000 0.000000 0.000000 0.000000 0.000000 0.000000 0.000000 0.000000 0.000000 0.000000 0.000000 0.000000 0.000000 0.000000 0.000000 0.000000 0.000000 0.000000 0.000000
