0 0.294766 0.401119 0.125156 0.537079 0.337500 0.211087 2.000000 0.000000 0.000000 0.000000 0.328125 0.194030 2.000000 0.000000 0.000000 0.000000 0.307812 0.183369 2.000000 0.306250 0.211087 2.000000 0.265625 0.208955 2.000000 0.000000 0.000000 0.000000 0.239063 0.300640 2.000000 0.000000 0.000000 0.000000 0.307812 0.317697 2.000000 0.312500 0.358209 2.000000 0.287500 0.360341 2.000000 0.000000 0.000000 0.000000 0.292187 0.434968 2.000000 0.000000 0.000000 0.000000 0.253125 0.618337 2.000000
0 0.638117 0.643817 0.149859 0.712367 0.618750 0.358209 1.000000 0.631250 0.343284 2.000000 0.618750 0.341151 2.000000 0.662500 0.353945 2.000000 0.000000 0.000000 0.000000 0.670312 0.424307 2.000000 0.660937 0.411514 2.000000 0.673438 0.558635 2.000000 0.000000 0.000000 0.000000 0.595313 0.584222 2.000000 0.000000 0.000000 0.000000 0.656250 0.663113 2.000000 0.635938 0.658849 2.000000 0.653125 0.827292 2.000000 0.632812 0.823028 2.000000 0.000000 0.000000 0.000000 0.000000 0.000000 0.000000
0 0.455336 0.649435 0.199266 0.678657 0.000000 0.000000 0.000000 0.000000 0.000000 0.000000 0.000000 0.000000 0.000000 0.437500 0.364606 2.000000 0.492188 0.366738 2.000000 0.406250 0.462687 2.000000 0.518750 0.462687 2.000000 0.415625 0.539446 2.000000 0.535937 0.550107 2.000000 0.000000 0.000000 0.000000 0.000000 0.000000 0.000000 0.412500 0.656716 2.000000 0.493750 0.654584 2.000000 0.420312 0.803838 2.000000 0.495312 0.791045 2.000000 0.420312 0.991471 1.000000 0.496875 0.991471 1.000000
0 0.802695 0.669467 0.156172 0.611770 0.803125 0.420043 2.000000 0.810937 0.409382 2.000000 0.000000 0.000000 0.000000 0.835938 0.417910 2.000000 0.000000 0.000000 0.000000 0.842187 0.471215 2.000000 0.829688 0.473348 2.000000 0.767188 0.513859 2.000000 0.771875 0.515991 2.000000 0.745313 0.454158 2.000000 0.751563 0.456290 2.000000 0.810937 0.658849 2.000000 0.800000 0.658849 2.000000 0.821875 0.797441 2.000000 0.796875 0.797441 2.000000 0.870313 0.931770 2.000000 0.800000 0.942431 2.000000
0 0.354875 0.670789 0.139969 0.658422 0.000000 0.000000 0.000000 0.000000 0.000000 0.000000 0.000000 0.000000 0.000000 0.334375 0.396588 2.000000 0.381250 0.392324 2.000000 0.314063 0.452026 2.000000 0.421875 0.441365 1.000000 0.298438 0.556503 2.000000 0.000000 0.000000 0.000000 0.000000 0.000000 0.000000 0.000000 0.000000 0.000000 0.332813 0.678038 2.000000 0.409375 0.675906 1.000000 0.326562 0.848614 2.000000 0.000000 0.000000 0.000000 0.321875 0.995736 2.000000 0.000000 0.000000 0.000000
0 0.901117 0.684222 0.094078 0.556588 0.859375 0.447761 1.000000 0.873437 0.439232 2.000000 0.000000 0.000000 0.000000 0.890625 0.447761 2.000000 0.000000 0.000000 0.000000 0.907813 0.498934 2.000000 0.000000 0.000000 0.000000 0.921875 0.592751 2.000000 0.000000 0.000000 0.000000 0.879687 0.577825 2.000000 0.000000 0.000000 0.000000 0.871875 0.703625 2.000000 0.000000 0.000000 0.000000 0.870313 0.799574 2.000000 0.000000 0.000000 0.000000 0.887500 0.929638 1.000000 0.000000 0.000000 0.000000
0 0.944937 0.678838 0.075875 0.503646 0.860938 0.417910 1.000000 0.871875 0.411514 1.000000 0.000000 0.000000 0.000000 0.000000 0.000000 0.000000 0.000000 0.000000 0.000000 0.935937 0.447761 2.000000 0.000000 0.000000 0.000000 0.951562 0.533049 2.000000 0.000000 0.000000 0.000000 0.000000 0.000000 0.000000 0.000000 0.000000 0.000000 0.934375 0.633262 1.000000 0.000000 0.000000 0.000000 0.939063 0.784648 1.000000 0.000000 0.000000 0.000000 0.951562 0.914712 2.000000 0.000000 0.000000 0.000000
0 0.711695 0.687058 0.048422 0.550277 0.000000 0.000000 0.000000 0.000000 0.000000 0.000000 0.000000 0.000000 0.000000 0.710938 0.454158 2.000000 0.000000 0.000000 0.000000 0.721875 0.520256 2.000000 0.000000 0.000000 0.000000 0.685937 0.558635 1.000000 0.000000 0.000000 0.000000 0.000000 0.000000 0.000000 0.000000 0.000000 0.000000 0.698438 0.684435 1.000000 0.000000 0.000000 0.000000 0.696875 0.776119 1.000000 0.000000 0.000000 0.000000 0.698438 0.921109 2.000000 0.000000 0.000000 0.000000
0 0.748453 0.715736 0.064219 0.451684 0.789062 0.441365 1.000000 0.765625 0.434968 1.000000 0.753125 0.432836 1.000000 0.000000 0.000000 0.000000 0.000000 0.000000 0.000000 0.000000 0.000000 0.000000 0.000000 0.000000 0.000000 0.776563 0.556503 2.000000 0.000000 0.000000 0.000000 0.740625 0.488273 1.000000 0.000000 0.000000 0.000000 0.759375 0.633262 2.000000 0.731250 0.633262 1.000000 0.765625 0.763326 2.000000 0.735938 0.765458 1.000000 0.773438 0.893390 2.000000 0.742188 0.897655 2.000000
0 0.557539 0.647175 0.097703 0.670043 0.000000 0.000000 0.000000 0.000000 0.000000 0.000000 0.000000 0.000000 0.000000 0.531250 0.368870 1.000000 0.000000 0.000000 0.000000 0.560937 0.426439 2.000000 0.000000 0.000000 0.000000 0.578125 0.494670 2.000000 0.000000 0.000000 0.000000 0.545312 0.550107 1.000000 0.000000 0.000000 0.000000 0.557813 0.618337 2.000000 0.540625 0.622601 2.000000 0.556250 0.786780 2.000000 0.535937 0.788913 2.000000 0.576562 0.938166 2.000000 0.553125 0.933902 2.000000
