0 0.462406 0.484344 0.389000 0.600913 0.401562 0.257611 2.000000 0.403125 0.238876 2.000000 0.384375 0.248244 2.000000 0.000000 0.000000 0.000000 0.365625 0.274005 2.000000 0.454688 0.318501 2.000000 0.348438 0.358314 2.000000 0.520312 0.400468 2.000000 0.287500 0.440281 2.000000 0.610938 0.423888 2.000000 0.284375 0.409836 2.000000 0.473438 0.545667 2.000000 0.423438 0.522248 2.000000 0.518750 0.597190 2.000000 0.414062 0.599532 2.000000 0.414062 0.735363 2.000000 0.373437 0.784543 1.000000
0 0.276703 0.627342 0.393562 0.455808 0.225000 0.466042 2.000000 0.228125 0.447307 2.000000 0.209375 0.454333 2.000000 0.000000 0.000000 0.000000 0.185938 0.466042 2.000000 0.254688 0.529274 2.000000 0.165625 0.552693 2.000000 0.295312 0.653396 2.000000 0.129688 0.634660 2.000000 0.287500 0.597190 2.000000 0.107813 0.695550 2.000000 0.242188 0.756440 2.000000 0.200000 0.725995 2.000000 0.328125 0.826698 2.000000 0.312500 0.756440 2.000000 0.168750 0.829040 2.000000 0.398438 0.807963 2.000000
0 0.581609 0.317553 0.084906 0.144614 0.584375 0.283372 2.000000 0.589063 0.276347 2.000000 0.578125 0.276347 2.000000 0.598437 0.278689 2.000000 0.000000 0.000000 0.000000 0.618750 0.318501 2.000000 0.556250 0.318501 2.000000 0.610938 0.379391 2.000000 0.551562 0.379391 2.000000 0.000000 0.000000 0.000000 0.000000 0.000000 0.000000 0.000000 0.000000 0.000000 0.000000 0.000000 0.000000 0.000000 0.000000 0.000000 0.000000 0.000000 0.000000 0.000000 0.000000 0.000000 0.000000 0.000000 0.000000
0 0.498437 0.249169 0.078719 0.149157 0.504687 0.213115 2.000000 0.509375 0.203747 2.000000 0.500000 0.206089 2.000000 0.517188 0.208431 2.000000 0.495312 0.208431 2.000000 0.531250 0.257611 2.000000 0.475000 0.248244 2.000000 0.525000 0.318501 1.000000 0.470313 0.304450 2.000000 0.000000 0.000000 0.000000 0.498437 0.313817 1.000000 0.509375 0.330211 1.000000 0.476562 0.323185 1.000000 0.000000 0.000000 0.000000 0.000000 0.000000 0.000000 0.000000 0.000000 0.000000 0.000000 0.000000 0.000000
0 0.458445 0.187002 0.083547 0.194660 0.465625 0.135831 2.000000 0.470313 0.126464 2.000000 0.460938 0.126464 2.000000 0.475000 0.128806 2.000000 0.454688 0.128806 2.000000 0.490625 0.168618 2.000000 0.435937 0.173302 2.000000 0.475000 0.224824 2.000000 0.426563 0.222482 2.000000 0.453125 0.262295 2.000000 0.409375 0.269321 1.000000 0.490625 0.276347 1.000000 0.448437 0.278689 1.000000 0.000000 0.000000 0.000000 0.000000 0.000000 0.000000 0.000000 0.000000 0.000000 0.000000 0.000000 0.000000
0 0.140187 0.086522 0.067469 0.150562 0.145313 0.046838 2.000000 0.150000 0.039813 2.000000 0.139063 0.039813 2.000000 0.157812 0.044496 1.000000 0.132812 0.046838 1.000000 0.168750 0.074941 2.000000 0.123438 0.096019 2.000000 0.000000 0.000000 0.000000 0.115625 0.147541 1.000000 0.000000 0.000000 0.000000 0.000000 0.000000 0.000000 0.162500 0.166276 1.000000 0.139063 0.173302 1.000000 0.000000 0.000000 0.000000 0.000000 0.000000 0.000000 0.000000 0.000000 0.000000 0.000000 0.000000 0.000000
0 0.676180 0.276838 0.084828 0.215457 0.676562 0.213115 2.000000 0.682813 0.206089 2.000000 0.671875 0.206089 2.000000 0.692187 0.210773 2.000000 0.000000 0.000000 0.000000 0.706250 0.229508 2.000000 0.650000 0.266979 2.000000 0.709375 0.281030 2.000000 0.645312 0.327869 1.000000 0.707812 0.344262 1.000000 0.000000 0.000000 0.000000 0.000000 0.000000 0.000000 0.000000 0.000000 0.000000 0.000000 0.000000 0.000000 0.000000 0.000000 0.000000 0.000000 0.000000 0.000000 0.000000 0.000000 0.000000
0 0.227492 0.154813 0.096016 0.154403 0.234375 0.112412 2.000000 0.239063 0.107728 2.000000 0.228125 0.107728 2.000000 0.250000 0.107728 2.000000 0.000000 0.000000 0.000000 0.262500 0.135831 2.000000 0.215625 0.138173 1.000000 0.262500 0.196721 2.000000 0.209375 0.206089 2.000000 0.000000 0.000000 0.000000 0.182812 0.206089 1.000000 0.245312 0.227166 1.000000 0.218750 0.227166 1.000000 0.000000 0.000000 0.000000 0.000000 0.000000 0.000000 0.000000 0.000000 0.000000 0.000000 0.000000 0.000000
0 0.716641 0.668244 0.459969 0.480000 0.000000 0.000000 0.000000 0.000000 0.000000 0.000000 0.000000 0.000000 0.000000 0.706250 0.538642 2.000000 0.000000 0.000000 0.000000 0.773438 0.662763 2.000000 0.754687 0.508197 2.000000 0.790625 0.826698 2.000000 0.676562 0.627635 2.000000 0.723437 0.885246 2.000000 0.639062 0.697892 2.000000 0.832812 0.786885 2.000000 0.845313 0.651054 2.000000 0.648438 0.847775 2.000000 0.000000 0.000000 0.000000 0.560937 0.864169 2.000000 0.896875 0.812646 2.000000
0 0.868125 0.321171 0.078500 0.129415 0.859375 0.295082 2.000000 0.865625 0.288056 2.000000 0.856250 0.288056 2.000000 0.875000 0.290398 2.000000 0.848437 0.292740 2.000000 0.887500 0.330211 2.000000 0.837500 0.337237 2.000000 0.890625 0.388759 1.000000 0.840625 0.391101 1.000000 0.000000 0.000000 0.000000 0.000000 0.000000 0.000000 0.881250 0.405152 1.000000 0.854688 0.405152 1.000000 0.000000 0.000000 0.000000 0.000000 0.000000 0.000000 0.000000 0.000000 0.000000 0.000000 0.000000 0.000000
0 0.142133 0.328970 0.075172 0.138267 0.134375 0.290398 2.000000 0.142187 0.283372 2.000000 0.128125 0.283372 2.000000 0.150000 0.288056 2.000000 0.000000 0.000000 0.000000 0.167187 0.332553 2.000000 0.110937 0.341920 1.000000 0.167187 0.409836 1.000000 0.110937 0.423888 1.000000 0.000000 0.000000 0.000000 0.000000 0.000000 0.000000 0.000000 0.000000 0.000000 0.000000 0.000000 0.000000 0.000000 0.000000 0.000000 0.000000 0.000000 0.000000 0.000000 0.000000 0.000000 0.000000 0.000000 0.000000
0 0.621359 0.206511 0.051719 0.116300 0.609375 0.187354 2.000000 0.614062 0.180328 2.000000 0.606250 0.180328 2.000000 0.621875 0.182670 2.000000 0.598437 0.185012 1.000000 0.632812 0.213115 2.000000 0.598437 0.215457 2.000000 0.640625 0.248244 2.000000 0.000000 0.000000 0.000000 0.000000 0.000000 0.000000 0.000000 0.000000 0.000000 0.000000 0.000000 0.000000 0.000000 0.000000 0.000000 0.000000 0.000000 0.000000 0.000000 0.000000 0.000000 0.000000 0.000000 0.000000 0.000000 0.000000 0.000000
