0 0.542023 0.572693 0.247359 0.658407 0.509375 0.313817 1.000000 0.517188 0.302108 2.000000 0.000000 0.000000 0.000000 0.535937 0.309133 2.000000 0.000000 0.000000 0.000000 0.506250 0.365340 2.000000 0.600000 0.348946 2.000000 0.500000 0.433255 2.000000 0.634375 0.419204 2.000000 0.564063 0.337237 2.000000 0.575000 0.325527 2.000000 0.560937 0.531616 2.000000 0.604688 0.533958 2.000000 0.475000 0.723653 2.000000 0.600000 0.709602 2.000000 0.456250 0.854801 2.000000 0.642188 0.843091 2.000000
0 0.340906 0.491639 0.127875 0.368478 0.328125 0.353630 2.000000 0.332813 0.348946 2.000000 0.323437 0.348946 2.000000 0.346875 0.351288 2.000000 0.318750 0.348946 2.000000 0.362500 0.402810 2.000000 0.304688 0.402810 2.000000 0.398438 0.456674 2.000000 0.287500 0.466042 2.000000 0.381250 0.503513 2.000000 0.303125 0.505855 2.000000 0.348438 0.515222 2.000000 0.321875 0.512881 2.000000 0.371875 0.538642 2.000000 0.289062 0.529274 2.000000 0.360938 0.637002 2.000000 0.296875 0.641686 2.000000
0 0.463641 0.485761 0.114750 0.376628 0.467187 0.355972 2.000000 0.475000 0.346604 2.000000 0.464062 0.344262 2.000000 0.492188 0.348946 2.000000 0.000000 0.000000 0.000000 0.514062 0.393443 1.000000 0.442188 0.393443 2.000000 0.000000 0.000000 0.000000 0.437500 0.470726 2.000000 0.485938 0.505855 2.000000 0.457813 0.508197 2.000000 0.498437 0.510539 2.000000 0.451562 0.508197 2.000000 0.000000 0.000000 0.000000 0.417187 0.526932 2.000000 0.000000 0.000000 0.000000 0.456250 0.620609 2.000000
0 0.710367 0.687857 0.205203 0.404239 0.660937 0.555035 2.000000 0.671875 0.538642 2.000000 0.000000 0.000000 0.000000 0.700000 0.552693 2.000000 0.000000 0.000000 0.000000 0.723437 0.594848 2.000000 0.000000 0.000000 0.000000 0.687500 0.688525 2.000000 0.000000 0.000000 0.000000 0.612500 0.683841 2.000000 0.000000 0.000000 0.000000 0.798438 0.770492 2.000000 0.740625 0.763466 2.000000 0.700000 0.711944 2.000000 0.637500 0.669789 2.000000 0.784375 0.845433 2.000000 0.673438 0.836066 2.000000
0 0.895273 0.622529 0.209453 0.565667 0.864062 0.407494 2.000000 0.870313 0.395785 2.000000 0.000000 0.000000 0.000000 0.898438 0.398126 2.000000 0.000000 0.000000 0.000000 0.932813 0.437939 2.000000 0.882812 0.466042 2.000000 0.976562 0.538642 2.000000 0.887500 0.540984 2.000000 0.993750 0.622951 2.000000 0.835938 0.592506 2.000000 0.973437 0.618267 2.000000 0.942187 0.622951 2.000000 0.946875 0.688525 2.000000 0.875000 0.690867 2.000000 0.990625 0.852459 2.000000 0.893750 0.843091 2.000000
0 0.873297 0.440867 0.129250 0.615129 0.868750 0.194379 2.000000 0.878125 0.185012 2.000000 0.867188 0.182670 1.000000 0.898438 0.189696 2.000000 0.000000 0.000000 0.000000 0.923438 0.266979 2.000000 0.850000 0.264637 2.000000 0.903125 0.341920 1.000000 0.832812 0.353630 2.000000 0.850000 0.327869 2.000000 0.835938 0.299766 2.000000 0.892188 0.444965 1.000000 0.843750 0.442623 2.000000 0.890625 0.592506 2.000000 0.823438 0.585480 1.000000 0.898438 0.716628 1.000000 0.829688 0.716628 2.000000
0 0.177648 0.522026 0.085516 0.200117 0.159375 0.470726 2.000000 0.165625 0.463700 2.000000 0.157812 0.461358 2.000000 0.182812 0.456674 2.000000 0.000000 0.000000 0.000000 0.203125 0.498829 2.000000 0.150000 0.501171 2.000000 0.000000 0.000000 0.000000 0.000000 0.000000 0.000000 0.000000 0.000000 0.000000 0.000000 0.000000 0.000000 0.214062 0.625293 1.000000 0.165625 0.620609 1.000000 0.164062 0.637002 1.000000 0.000000 0.000000 0.000000 0.000000 0.000000 0.000000 0.000000 0.000000 0.000000
0 0.374578 0.208899 0.101188 0.107119 0.367188 0.201405 2.000000 0.378125 0.192037 2.000000 0.365625 0.192037 2.000000 0.389062 0.203747 2.000000 0.000000 0.000000 0.000000 0.401562 0.234192 2.000000 0.348438 0.231850 2.000000 0.000000 0.000000 0.000000 0.000000 0.000000 0.000000 0.000000 0.000000 0.000000 0.000000 0.000000 0.000000 0.000000 0.000000 0.000000 0.000000 0.000000 0.000000 0.000000 0.000000 0.000000 0.000000 0.000000 0.000000 0.000000 0.000000 0.000000 0.000000 0.000000 0.000000
0 0.956516 0.223700 0.085281 0.115550 0.940625 0.203747 2.000000 0.946875 0.194379 2.000000 0.939063 0.192037 2.000000 0.968750 0.203747 2.000000 0.000000 0.000000 0.000000 0.989062 0.255269 2.000000 0.925000 0.231850 2.000000 0.984375 0.302108 1.000000 0.000000 0.000000 0.000000 0.950000 0.274005 2.000000 0.000000 0.000000 0.000000 0.000000 0.000000 0.000000 0.000000 0.000000 0.000000 0.000000 0.000000 0.000000 0.000000 0.000000 0.000000 0.000000 0.000000 0.000000 0.000000 0.000000 0.000000
0 0.465125 0.214262 0.085312 0.097283 0.464062 0.210773 2.000000 0.470313 0.201405 2.000000 0.457813 0.199063 2.000000 0.482812 0.208431 2.000000 0.451562 0.206089 2.000000 0.495312 0.250585 2.000000 0.434375 0.245902 2.000000 0.000000 0.000000 0.000000 0.000000 0.000000 0.000000 0.470313 0.255269 2.000000 0.000000 0.000000 0.000000 0.000000 0.000000 0.000000 0.000000 0.000000 0.000000 0.000000 0.000000 0.000000 0.000000 0.000000 0.000000 0.000000 0.000000 0.000000 0.000000 0.000000 0.000000
0 0.056320 0.538970 0.112641 0.257143 0.021875 0.449649 2.000000 0.029687 0.442623 2.000000 0.017188 0.442623 2.000000 0.042188 0.454333 2.000000 0.000000 0.000000 0.000000 0.070312 0.512881 2.000000 0.001563 0.508197 1.000000 0.121875 0.590164 1.000000 0.000000 0.000000 0.000000 0.065625 0.592506 2.000000 0.000000 0.000000 0.000000 0.054688 0.637002 2.000000 0.004687 0.637002 2.000000 0.000000 0.000000 0.000000 0.000000 0.000000 0.000000 0.000000 0.000000 0.000000 0.000000 0.000000 0.000000
