0 0.326109 0.813485 0.110688 0.341567 0.000000 0.000000 0.000000 0.000000 0.000000 0.000000 0.000000 0.000000 0.000000 0.304688 0.680412 2.000000 0.329688 0.680412 2.000000 0.298438 0.729897 2.000000 0.359375 0.734021 2.000000 0.282813 0.777320 2.000000 0.368750 0.804124 2.000000 0.304688 0.721649 2.000000 0.346875 0.806186 1.000000 0.310937 0.859794 2.000000 0.346875 0.857732 2.000000 0.312500 0.944330 2.000000 0.343750 0.948454 2.000000 0.000000 0.000000 0.000000 0.000000 0.000000 0.000000
0 0.634109 0.810361 0.110125 0.374701 0.000000 0.000000 0.000000 0.000000 0.000000 0.000000 0.000000 0.000000 0.000000 0.603125 0.659794 2.000000 0.634375 0.653608 2.000000 0.590625 0.707216 1.000000 0.665625 0.707216 2.000000 0.000000 0.000000 0.000000 0.676562 0.791753 2.000000 0.000000 0.000000 0.000000 0.675000 0.847423 2.000000 0.607812 0.863918 1.000000 0.656250 0.861856 2.000000 0.610938 0.993814 2.000000 0.651563 0.993814 2.000000 0.000000 0.000000 0.000000 0.000000 0.000000 0.000000
0 0.541172 0.776907 0.158031 0.446186 0.000000 0.000000 0.000000 0.000000 0.000000 0.000000 0.000000 0.000000 0.000000 0.507812 0.614433 2.000000 0.551562 0.612371 1.000000 0.478125 0.682474 2.000000 0.581250 0.672165 2.000000 0.473438 0.802062 2.000000 0.600000 0.787629 2.000000 0.471875 0.874227 2.000000 0.609375 0.865979 2.000000 0.506250 0.865979 2.000000 0.567187 0.861856 2.000000 0.534375 0.993814 2.000000 0.576562 0.995876 2.000000 0.000000 0.000000 0.000000 0.000000 0.000000 0.000000
0 0.436281 0.822546 0.081812 0.354907 0.000000 0.000000 0.000000 0.000000 0.000000 0.000000 0.000000 0.000000 0.000000 0.410938 0.684536 2.000000 0.000000 0.000000 0.000000 0.409375 0.723711 2.000000 0.456250 0.715464 2.000000 0.410938 0.781443 2.000000 0.000000 0.000000 0.000000 0.407813 0.841237 2.000000 0.000000 0.000000 0.000000 0.421875 0.835052 2.000000 0.448437 0.835052 2.000000 0.421875 0.925773 2.000000 0.451562 0.917526 2.000000 0.000000 0.000000 0.000000 0.467187 0.975258 2.000000
0 0.801875 0.804546 0.123438 0.390907 0.000000 0.000000 0.000000 0.000000 0.000000 0.000000 0.000000 0.000000 0.000000 0.782813 0.659794 2.000000 0.000000 0.000000 0.000000 0.785937 0.696907 2.000000 0.829688 0.696907 2.000000 0.787500 0.762887 2.000000 0.839063 0.756701 2.000000 0.000000 0.000000 0.000000 0.000000 0.000000 0.000000 0.796875 0.769072 2.000000 0.826562 0.767010 2.000000 0.768750 0.872165 2.000000 0.832812 0.874227 2.000000 0.760938 0.971134 2.000000 0.848437 0.975258 2.000000
0 0.914789 0.810103 0.084547 0.378021 0.889062 0.665979 2.000000 0.893750 0.655670 2.000000 0.885938 0.655670 1.000000 0.914062 0.655670 2.000000 0.000000 0.000000 0.000000 0.904687 0.688660 2.000000 0.935937 0.698969 2.000000 0.921875 0.727835 2.000000 0.942187 0.754639 2.000000 0.900000 0.760825 2.000000 0.914062 0.760825 2.000000 0.909375 0.789691 2.000000 0.942187 0.791753 2.000000 0.896875 0.874227 2.000000 0.935937 0.886598 2.000000 0.896875 0.983505 2.000000 0.937500 0.983505 2.000000
0 0.967273 0.795505 0.054484 0.377526 0.000000 0.000000 0.000000 0.945312 0.647423 2.000000 0.000000 0.000000 0.000000 0.953125 0.641237 2.000000 0.000000 0.000000 0.000000 0.962500 0.680412 2.000000 0.000000 0.000000 0.000000 0.959375 0.731959 2.000000 0.000000 0.000000 0.000000 0.950000 0.781443 1.000000 0.000000 0.000000 0.000000 0.973437 0.787629 2.000000 0.000000 0.000000 0.000000 0.965625 0.863918 2.000000 0.000000 0.000000 0.000000 0.979688 0.952577 2.000000 0.000000 0.000000 0.000000
0 0.755523 0.802103 0.112703 0.395794 0.709375 0.655670 2.000000 0.707812 0.645361 2.000000 0.000000 0.000000 0.000000 0.718750 0.641237 2.000000 0.000000 0.000000 0.000000 0.723437 0.682474 2.000000 0.759375 0.680412 2.000000 0.732812 0.727835 2.000000 0.000000 0.000000 0.000000 0.718750 0.777320 2.000000 0.000000 0.000000 0.000000 0.728125 0.797938 2.000000 0.759375 0.793814 1.000000 0.748437 0.888660 1.000000 0.739062 0.870103 2.000000 0.787500 0.962887 2.000000 0.709375 0.960825 1.000000
0 0.704766 0.806526 0.089188 0.349794 0.000000 0.000000 0.000000 0.000000 0.000000 0.000000 0.000000 0.000000 0.000000 0.678125 0.668041 2.000000 0.000000 0.000000 0.000000 0.681250 0.707216 2.000000 0.714063 0.696907 1.000000 0.687500 0.762887 1.000000 0.000000 0.000000 0.000000 0.678125 0.800000 1.000000 0.000000 0.000000 0.000000 0.690625 0.791753 2.000000 0.720313 0.783505 1.000000 0.679688 0.868041 1.000000 0.720313 0.859794 2.000000 0.679688 0.931959 2.000000 0.732812 0.944330 1.000000
0 0.860969 0.800680 0.071500 0.374639 0.000000 0.000000 0.000000 0.000000 0.000000 0.000000 0.000000 0.000000 0.000000 0.851562 0.643299 2.000000 0.000000 0.000000 0.000000 0.848437 0.682474 2.000000 0.887500 0.680412 2.000000 0.854688 0.750515 2.000000 0.000000 0.000000 0.000000 0.856250 0.797938 2.000000 0.000000 0.000000 0.000000 0.854688 0.810309 2.000000 0.884375 0.808247 2.000000 0.862500 0.892784 2.000000 0.879687 0.880412 1.000000 0.868750 0.967010 2.000000 0.000000 0.000000 0.000000
0 0.309766 0.766598 0.119844 0.372948 0.000000 0.000000 0.000000 0.000000 0.000000 0.000000 0.000000 0.000000 0.000000 0.293750 0.622680 2.000000 0.321875 0.608247 1.000000 0.287500 0.653608 2.000000 0.346875 0.655670 2.000000 0.248438 0.680412 1.000000 0.359375 0.709278 2.000000 0.275000 0.637113 2.000000 0.354687 0.754639 1.000000 0.303125 0.754639 1.000000 0.340625 0.754639 1.000000 0.000000 0.000000 0.000000 0.000000 0.000000 0.000000 0.000000 0.000000 0.000000 0.000000 0.000000 0.000000
