0 0.469172 0.715917 0.171531 0.568167 0.000000 0.000000 0.000000 0.000000 0.000000 0.000000 0.000000 0.000000 0.000000 0.000000 0.000000 0.000000 0.000000 0.000000 0.000000 0.431250 0.545833 2.000000 0.512500 0.554167 2.000000 0.395313 0.641667 2.000000 0.534375 0.650000 2.000000 0.415625 0.681250 2.000000 0.000000 0.000000 0.000000 0.442188 0.727083 2.000000 0.495312 0.731250 2.000000 0.442188 0.854167 2.000000 0.484375 0.893750 2.000000 0.445312 0.968750 2.000000 0.000000 0.000000 0.000000
0 0.329133 0.583813 0.050578 0.208792 0.000000 0.000000 0.000000 0.000000 0.000000 0.000000 0.000000 0.000000 0.000000 0.000000 0.000000 0.000000 0.000000 0.000000 0.000000 0.315625 0.514583 2.000000 0.346875 0.518750 2.000000 0.306250 0.535417 2.000000 0.000000 0.000000 0.000000 0.000000 0.000000 0.000000 0.000000 0.000000 0.000000 0.317188 0.564583 2.000000 0.335938 0.566667 2.000000 0.321875 0.614583 2.000000 0.332813 0.616667 2.000000 0.325000 0.647917 2.000000 0.328125 0.654167 2.000000
0 0.617695 0.714615 0.109547 0.382021 0.000000 0.000000 0.000000 0.000000 0.000000 0.000000 0.000000 0.000000 0.000000 0.600000 0.554167 1.000000 0.632812 0.556250 2.000000 0.600000 0.604167 2.000000 0.643750 0.608333 2.000000 0.573438 0.656250 2.000000 0.660937 0.656250 2.000000 0.590625 0.637500 2.000000 0.632812 0.662500 2.000000 0.598437 0.725000 2.000000 0.640625 0.725000 2.000000 0.593750 0.795833 2.000000 0.623437 0.785417 2.000000 0.598437 0.879167 2.000000 0.629687 0.845833 2.000000
0 0.191437 0.628115 0.095156 0.335604 0.000000 0.000000 0.000000 0.000000 0.000000 0.000000 0.000000 0.000000 0.000000 0.182812 0.489583 2.000000 0.204687 0.491667 2.000000 0.167187 0.531250 2.000000 0.218750 0.529167 2.000000 0.157812 0.581250 2.000000 0.228125 0.575000 2.000000 0.000000 0.000000 0.000000 0.000000 0.000000 0.000000 0.176563 0.620833 2.000000 0.206250 0.620833 2.000000 0.175000 0.695833 2.000000 0.203125 0.689583 2.000000 0.176563 0.766667 2.000000 0.187500 0.729167 2.000000
0 0.063203 0.707865 0.126406 0.561813 0.000000 0.000000 0.000000 0.000000 0.000000 0.000000 0.000000 0.000000 0.000000 0.029687 0.487500 2.000000 0.073438 0.493750 2.000000 0.000000 0.535417 1.000000 0.103125 0.554167 2.000000 0.000000 0.000000 0.000000 0.107813 0.675000 2.000000 0.000000 0.000000 0.000000 0.000000 0.000000 0.000000 0.000000 0.691667 1.000000 0.064062 0.700000 2.000000 0.000000 0.000000 0.000000 0.020313 0.945833 2.000000 0.000000 0.000000 0.000000 0.000000 0.000000 0.000000
0 0.794695 0.707260 0.114297 0.424896 0.000000 0.000000 0.000000 0.000000 0.000000 0.000000 0.000000 0.000000 0.000000 0.773438 0.531250 2.000000 0.810937 0.535417 2.000000 0.770312 0.589583 2.000000 0.818750 0.595833 2.000000 0.746875 0.645833 2.000000 0.842187 0.645833 2.000000 0.000000 0.000000 0.000000 0.000000 0.000000 0.000000 0.773438 0.718750 2.000000 0.814063 0.722917 2.000000 0.765625 0.787500 2.000000 0.800000 0.791667 2.000000 0.773438 0.895833 2.000000 0.825000 0.862500 2.000000
0 0.961797 0.659552 0.076406 0.361812 0.000000 0.000000 0.000000 0.000000 0.000000 0.000000 0.000000 0.000000 0.000000 0.957812 0.514583 2.000000 0.000000 0.000000 0.000000 0.943750 0.552083 2.000000 0.989062 0.560417 2.000000 0.935937 0.604167 2.000000 0.000000 0.000000 0.000000 0.934375 0.631250 2.000000 0.000000 0.000000 0.000000 0.951562 0.635417 2.000000 0.976562 0.637500 2.000000 0.948438 0.718750 2.000000 0.957812 0.718750 2.000000 0.971875 0.785417 2.000000 0.942187 0.785417 2.000000
0 0.891117 0.668927 0.076266 0.317604 0.000000 0.000000 0.000000 0.000000 0.000000 0.000000 0.000000 0.000000 0.000000 0.898438 0.533333 2.000000 0.000000 0.000000 0.000000 0.887500 0.568750 2.000000 0.923438 0.568750 2.000000 0.881250 0.612500 2.000000 0.000000 0.000000 0.000000 0.868750 0.647917 2.000000 0.000000 0.000000 0.000000 0.890625 0.654167 2.000000 0.915625 0.658333 2.000000 0.882812 0.722917 2.000000 0.910937 0.727083 2.000000 0.873437 0.783333 2.000000 0.920312 0.785417 2.000000
0 0.255609 0.589708 0.054187 0.246583 0.000000 0.000000 0.000000 0.000000 0.000000 0.000000 0.000000 0.000000 0.000000 0.000000 0.000000 0.000000 0.265625 0.485417 2.000000 0.237500 0.504167 1.000000 0.265625 0.508333 2.000000 0.234375 0.535417 2.000000 0.268750 0.535417 2.000000 0.000000 0.000000 0.000000 0.000000 0.000000 0.000000 0.246875 0.556250 2.000000 0.267188 0.556250 2.000000 0.243750 0.622917 2.000000 0.264062 0.625000 2.000000 0.240625 0.679167 2.000000 0.262500 0.675000 2.000000
0 0.369602 0.590792 0.053328 0.248792 0.000000 0.000000 0.000000 0.000000 0.000000 0.000000 0.000000 0.000000 0.000000 0.360938 0.483333 1.000000 0.378125 0.485417 2.000000 0.351562 0.508333 2.000000 0.385937 0.514583 2.000000 0.345313 0.533333 1.000000 0.000000 0.000000 0.000000 0.339062 0.564583 1.000000 0.000000 0.000000 0.000000 0.353125 0.575000 2.000000 0.373437 0.577083 1.000000 0.357812 0.620833 2.000000 0.367188 0.631250 2.000000 0.356250 0.677083 2.000000 0.360938 0.681250 2.000000
0 0.737359 0.629208 0.069094 0.328083 0.000000 0.000000 0.000000 0.000000 0.000000 0.000000 0.000000 0.000000 0.000000 0.743750 0.502083 2.000000 0.765625 0.502083 2.000000 0.735938 0.533333 2.000000 0.779687 0.529167 1.000000 0.725000 0.585417 2.000000 0.000000 0.000000 0.000000 0.000000 0.000000 0.000000 0.000000 0.000000 0.000000 0.751563 0.620833 1.000000 0.779687 0.618750 1.000000 0.739062 0.689583 2.000000 0.000000 0.000000 0.000000 0.745313 0.766667 2.000000 0.000000 0.000000 0.000000
