0 0.300797 0.446812 0.178219 0.503433 0.262500 0.270789 2.000000 0.273438 0.260128 2.000000 0.256250 0.260128 2.000000 0.307812 0.262260 2.000000 0.000000 0.000000 0.000000 0.323437 0.343284 2.000000 0.240625 0.349680 2.000000 0.354687 0.381663 2.000000 0.000000 0.000000 0.000000 0.346875 0.422175 2.000000 0.000000 0.000000 0.000000 0.337500 0.473348 1.000000 0.000000 0.000000 0.000000 0.353125 0.545842 2.000000 0.000000 0.000000 0.000000 0.389062 0.678038 1.000000 0.000000 0.000000 0.000000
0 0.834906 0.301130 0.167969 0.215736 0.806250 0.277186 2.000000 0.817187 0.262260 2.000000 0.801562 0.264392 2.000000 0.000000 0.000000 0.000000 0.839063 0.260128 2.000000 0.782813 0.345416 2.000000 0.864062 0.330490 2.000000 0.767188 0.379531 2.000000 0.882812 0.347548 2.000000 0.756250 0.428571 1.000000 0.906250 0.379531 2.000000 0.000000 0.000000 0.000000 0.000000 0.000000 0.000000 0.912500 0.496802 1.000000 0.000000 0.000000 0.000000 0.000000 0.000000 0.000000 0.000000 0.000000 0.000000
0 0.682594 0.305618 0.146562 0.179765 0.665625 0.270789 2.000000 0.673438 0.264392 2.000000 0.657813 0.264392 2.000000 0.690625 0.262260 2.000000 0.000000 0.000000 0.000000 0.710938 0.307036 2.000000 0.642188 0.317697 2.000000 0.734375 0.330490 2.000000 0.625000 0.358209 2.000000 0.743750 0.356077 2.000000 0.620313 0.381663 2.000000 0.000000 0.000000 0.000000 0.000000 0.000000 0.000000 0.000000 0.000000 0.000000 0.000000 0.000000 0.000000 0.000000 0.000000 0.000000 0.000000 0.000000 0.000000
0 0.801359 0.161738 0.050031 0.152004 0.782813 0.106610 2.000000 0.785937 0.102345 2.000000 0.000000 0.000000 0.000000 0.792188 0.106610 2.000000 0.000000 0.000000 0.000000 0.810937 0.125800 2.000000 0.784375 0.127932 1.000000 0.817187 0.151386 2.000000 0.785937 0.162047 2.000000 0.820312 0.181237 2.000000 0.776563 0.151386 2.000000 0.803125 0.189765 2.000000 0.787500 0.189765 2.000000 0.800000 0.232409 1.000000 0.789062 0.234542 1.000000 0.000000 0.000000 0.000000 0.000000 0.000000 0.000000
0 0.739398 0.172217 0.049641 0.212708 0.000000 0.000000 0.000000 0.000000 0.000000 0.000000 0.000000 0.000000 0.000000 0.732812 0.083156 1.000000 0.000000 0.000000 0.000000 0.726562 0.102345 2.000000 0.756250 0.102345 2.000000 0.723437 0.134328 2.000000 0.760938 0.136461 2.000000 0.718750 0.164179 2.000000 0.000000 0.000000 0.000000 0.731250 0.155650 2.000000 0.746875 0.155650 2.000000 0.732812 0.208955 2.000000 0.746875 0.211087 2.000000 0.735938 0.253731 2.000000 0.748437 0.260128 2.000000
0 0.498203 0.168497 0.049156 0.240192 0.000000 0.000000 0.000000 0.000000 0.000000 0.000000 0.000000 0.000000 0.000000 0.493750 0.068230 2.000000 0.000000 0.000000 0.000000 0.509375 0.089552 2.000000 0.487500 0.093817 2.000000 0.515625 0.127932 2.000000 0.000000 0.000000 0.000000 0.489063 0.125800 2.000000 0.000000 0.000000 0.000000 0.503125 0.153518 2.000000 0.485938 0.151386 2.000000 0.503125 0.215352 2.000000 0.490625 0.215352 2.000000 0.514062 0.257996 2.000000 0.498437 0.268657 2.000000
0 0.831117 0.121109 0.046922 0.160810 0.000000 0.000000 0.000000 0.000000 0.000000 0.000000 0.000000 0.000000 0.000000 0.815625 0.061834 2.000000 0.000000 0.000000 0.000000 0.806250 0.083156 1.000000 0.834375 0.078891 2.000000 0.000000 0.000000 0.000000 0.846875 0.108742 2.000000 0.000000 0.000000 0.000000 0.000000 0.000000 0.000000 0.818750 0.134328 1.000000 0.834375 0.130064 2.000000 0.000000 0.000000 0.000000 0.000000 0.000000 0.000000 0.000000 0.000000 0.000000 0.000000 0.000000 0.000000
0 0.956328 0.287388 0.052687 0.188934 0.000000 0.000000 0.000000 0.000000 0.000000 0.000000 0.000000 0.000000 0.000000 0.000000 0.000000 0.000000 0.962500 0.211087 2.000000 0.948438 0.230277 2.000000 0.968750 0.232409 2.000000 0.935937 0.247335 2.000000 0.978125 0.251599 2.000000 0.934375 0.272921 2.000000 0.000000 0.000000 0.000000 0.950000 0.289979 2.000000 0.965625 0.287846 2.000000 0.946875 0.321962 2.000000 0.964063 0.326226 2.000000 0.959375 0.343284 2.000000 0.964063 0.364606 2.000000
0 0.895906 0.262537 0.053969 0.202814 0.000000 0.000000 0.000000 0.000000 0.000000 0.000000 0.000000 0.000000 0.000000 0.000000 0.000000 0.000000 0.000000 0.000000 0.000000 0.882812 0.204691 2.000000 0.914062 0.202559 2.000000 0.879687 0.247335 2.000000 0.000000 0.000000 0.000000 0.000000 0.000000 0.000000 0.000000 0.000000 0.000000 0.890625 0.268657 2.000000 0.909375 0.266525 2.000000 0.895312 0.324094 2.000000 0.910937 0.328358 2.000000 0.000000 0.000000 0.000000 0.000000 0.000000 0.000000
0 0.857141 0.215789 0.040594 0.164670 0.860938 0.159915 2.000000 0.865625 0.153518 2.000000 0.857812 0.153518 2.000000 0.871875 0.155650 2.000000 0.854688 0.155650 2.000000 0.882812 0.187633 1.000000 0.839063 0.185501 1.000000 0.000000 0.000000 0.000000 0.000000 0.000000 0.000000 0.000000 0.000000 0.000000 0.000000 0.000000 0.000000 0.868750 0.253731 2.000000 0.850000 0.253731 1.000000 0.000000 0.000000 0.000000 0.000000 0.000000 0.000000 0.000000 0.000000 0.000000 0.000000 0.000000 0.000000
