0 0.866291 0.621495 0.267418 0.721356 0.911765 0.403595 2.000000 0.946078 0.362745 2.000000 0.887255 0.375817 2.000000 0.985294 0.352941 2.000000 0.000000 0.000000 0.000000 0.000000 0.000000 0.000000 0.955882 0.513072 2.000000 0.000000 0.000000 0.000000 0.000000 0.000000 0.000000 0.862745 0.857843 2.000000 0.000000 0.000000 0.000000 0.000000 0.000000 0.000000 0.933007 0.924837 2.000000 0.000000 0.000000 0.000000 0.000000 0.000000 0.000000 0.000000 0.000000 0.000000 0.000000 0.000000 0.000000
0 0.340016 0.420286 0.302843 0.373546 0.415033 0.356209 2.000000 0.433007 0.331699 2.000000 0.390523 0.331699 2.000000 0.457516 0.338235 2.000000 0.359477 0.338235 2.000000 0.436275 0.423203 2.000000 0.282680 0.405229 2.000000 0.434641 0.549020 1.000000 0.191176 0.506536 1.000000 0.405229 0.423203 2.000000 0.196078 0.589869 2.000000 0.000000 0.000000 0.000000 0.000000 0.000000 0.000000 0.000000 0.000000 0.000000 0.000000 0.000000 0.000000 0.000000 0.000000 0.000000 0.000000 0.000000 0.000000
0 0.119641 0.612304 0.234771 0.751699 0.132353 0.408497 2.000000 0.147059 0.364379 2.000000 0.078431 0.362745 2.000000 0.000000 0.000000 0.000000 0.006536 0.393791 2.000000 0.022876 0.526144 2.000000 0.008170 0.547386 2.000000 0.184641 0.707516 2.000000 0.026144 0.870915 2.000000 0.140523 0.504902 2.000000 0.197712 0.985294 2.000000 0.026144 0.957516 2.000000 0.014706 0.991830 1.000000 0.000000 0.000000 0.000000 0.000000 0.000000 0.000000 0.000000 0.000000 0.000000 0.000000 0.000000 0.000000
0 0.565172 0.363676 0.235964 0.314608 0.570261 0.271242 1.000000 0.573529 0.258170 2.000000 0.000000 0.000000 0.000000 0.591503 0.261438 2.000000 0.000000 0.000000 0.000000 0.599673 0.338235 2.000000 0.673203 0.321895 2.000000 0.552288 0.454248 2.000000 0.000000 0.000000 0.000000 0.513072 0.498366 2.000000 0.000000 0.000000 0.000000 0.598039 0.490196 1.000000 0.640523 0.465686 1.000000 0.465686 0.485294 2.000000 0.000000 0.000000 0.000000 0.000000 0.000000 0.000000 0.000000 0.000000 0.000000
0 0.183031 0.230286 0.071618 0.093742 0.000000 0.000000 0.000000 0.000000 0.000000 0.000000 0.000000 0.000000 0.000000 0.000000 0.000000 0.000000 0.202614 0.212418 2.000000 0.163399 0.223856 2.000000 0.194444 0.230392 2.000000 0.000000 0.000000 0.000000 0.196078 0.266340 1.000000 0.000000 0.000000 0.000000 0.000000 0.000000 0.000000 0.160131 0.279412 1.000000 0.184641 0.285948 1.000000 0.000000 0.000000 0.000000 0.000000 0.000000 0.000000 0.000000 0.000000 0.000000 0.000000 0.000000 0.000000
0 0.451381 0.183725 0.133938 0.263627 0.475490 0.112745 2.000000 0.490196 0.096405 1.000000 0.475490 0.091503 2.000000 0.000000 0.000000 0.000000 0.454248 0.084967 2.000000 0.419935 0.129085 2.000000 0.426471 0.130719 2.000000 0.000000 0.000000 0.000000 0.405229 0.197712 2.000000 0.000000 0.000000 0.000000 0.467320 0.218954 2.000000 0.423203 0.259804 1.000000 0.428105 0.263072 1.000000 0.000000 0.000000 0.000000 0.000000 0.000000 0.000000 0.000000 0.000000 0.000000 0.000000 0.000000 0.000000
0 0.833824 0.205008 0.202549 0.305441 0.836601 0.112745 2.000000 0.843137 0.098039 2.000000 0.825163 0.101307 2.000000 0.000000 0.000000 0.000000 0.792484 0.106209 2.000000 0.874183 0.179739 2.000000 0.759804 0.181373 2.000000 0.000000 0.000000 0.000000 0.000000 0.000000 0.000000 0.000000 0.000000 0.000000 0.000000 0.000000 0.000000 0.000000 0.000000 0.000000 0.000000 0.000000 0.000000 0.000000 0.000000 0.000000 0.000000 0.000000 0.000000 0.000000 0.000000 0.000000 0.000000 0.000000 0.000000
0 0.968399 0.186511 0.063203 0.233284 0.000000 0.000000 0.000000 0.000000 0.000000 0.000000 0.000000 0.000000 0.000000 0.000000 0.000000 0.000000 0.000000 0.000000 0.000000 0.000000 0.000000 0.000000 0.986928 0.160131 2.000000 0.000000 0.000000 0.000000 0.957516 0.263072 1.000000 0.000000 0.000000 0.000000 0.000000 0.000000 0.000000 0.000000 0.000000 0.000000 0.000000 0.000000 0.000000 0.000000 0.000000 0.000000 0.000000 0.000000 0.000000 0.000000 0.000000 0.000000 0.000000 0.000000 0.000000
0 0.758064 0.406144 0.314167 0.420556 0.758170 0.292484 2.000000 0.785948 0.271242 2.000000 0.740196 0.271242 2.000000 0.825163 0.292484 2.000000 0.714052 0.284314 2.000000 0.877451 0.403595 2.000000 0.678105 0.393791 2.000000 0.888889 0.576797 2.000000 0.612745 0.519608 2.000000 0.000000 0.000000 0.000000 0.000000 0.000000 0.000000 0.000000 0.000000 0.000000 0.000000 0.000000 0.000000 0.000000 0.000000 0.000000 0.000000 0.000000 0.000000 0.000000 0.000000 0.000000 0.000000 0.000000 0.000000
0 0.272933 0.288889 0.118350 0.182386 0.297386 0.258170 2.000000 0.297386 0.248366 2.000000 0.284314 0.248366 2.000000 0.308824 0.246732 2.000000 0.261438 0.253268 2.000000 0.303922 0.300654 2.000000 0.238562 0.305556 2.000000 0.348039 0.370915 1.000000 0.248366 0.364379 2.000000 0.325163 0.315359 2.000000 0.294118 0.323529 2.000000 0.308824 0.410131 1.000000 0.261438 0.419935 1.000000 0.000000 0.000000 0.000000 0.000000 0.000000 0.000000 0.000000 0.000000 0.000000 0.000000 0.000000 0.000000
