0 0.153070 0.467951 0.069891 0.231218 0.173437 0.384075 2.000000 0.176563 0.372365 2.000000 0.171875 0.372365 2.000000 0.182812 0.377049 2.000000 0.000000 0.000000 0.000000 0.187500 0.416862 1.000000 0.145313 0.400468 2.000000 0.179688 0.449649 2.000000 0.135937 0.437939 2.000000 0.000000 0.000000 0.000000 0.159375 0.454333 2.000000 0.170313 0.473068 2.000000 0.145313 0.473068 2.000000 0.156250 0.531616 2.000000 0.132812 0.538642 2.000000 0.000000 0.000000 0.000000 0.000000 0.000000 0.000000
0 0.192461 0.500012 0.073484 0.188548 0.223438 0.428571 2.000000 0.225000 0.421546 2.000000 0.221875 0.421546 2.000000 0.000000 0.000000 0.000000 0.000000 0.000000 0.000000 0.220312 0.451991 2.000000 0.198437 0.437939 2.000000 0.000000 0.000000 0.000000 0.187500 0.442623 2.000000 0.000000 0.000000 0.000000 0.200000 0.428571 2.000000 0.204687 0.510539 2.000000 0.185938 0.498829 2.000000 0.190625 0.548009 2.000000 0.196875 0.540984 2.000000 0.179688 0.583138 2.000000 0.000000 0.000000 0.000000
0 0.262391 0.504696 0.056406 0.207799 0.281250 0.423888 2.000000 0.282813 0.421546 2.000000 0.278125 0.421546 2.000000 0.000000 0.000000 0.000000 0.000000 0.000000 0.000000 0.285938 0.456674 2.000000 0.260937 0.442623 2.000000 0.000000 0.000000 0.000000 0.248438 0.461358 1.000000 0.000000 0.000000 0.000000 0.000000 0.000000 0.000000 0.270313 0.505855 2.000000 0.256250 0.496487 2.000000 0.257812 0.557377 2.000000 0.250000 0.559719 2.000000 0.242188 0.597190 2.000000 0.245312 0.604215 2.000000
0 0.339266 0.540000 0.043844 0.178220 0.354687 0.468384 2.000000 0.356250 0.463700 2.000000 0.351562 0.466042 2.000000 0.000000 0.000000 0.000000 0.000000 0.000000 0.000000 0.351562 0.501171 2.000000 0.337500 0.487119 2.000000 0.000000 0.000000 0.000000 0.332813 0.508197 2.000000 0.000000 0.000000 0.000000 0.332813 0.536300 2.000000 0.348438 0.545667 2.000000 0.339062 0.536300 2.000000 0.343750 0.599532 2.000000 0.328125 0.587822 2.000000 0.000000 0.000000 0.000000 0.000000 0.000000 0.000000
0 0.383516 0.533337 0.082750 0.204567 0.370312 0.449649 2.000000 0.373437 0.444965 2.000000 0.368750 0.444965 2.000000 0.376563 0.447307 2.000000 0.364063 0.447307 2.000000 0.378125 0.466042 2.000000 0.360938 0.463700 1.000000 0.000000 0.000000 0.000000 0.000000 0.000000 0.000000 0.000000 0.000000 0.000000 0.000000 0.000000 0.000000 0.364063 0.543326 2.000000 0.359375 0.540984 2.000000 0.362500 0.583138 2.000000 0.000000 0.000000 0.000000 0.350000 0.625293 2.000000 0.000000 0.000000 0.000000
0 0.431453 0.556499 0.050813 0.201335 0.443750 0.475410 2.000000 0.446875 0.470726 2.000000 0.440625 0.470726 2.000000 0.450000 0.477752 2.000000 0.435937 0.470726 1.000000 0.454688 0.503513 2.000000 0.421875 0.496487 1.000000 0.000000 0.000000 0.000000 0.000000 0.000000 0.000000 0.000000 0.000000 0.000000 0.000000 0.000000 0.000000 0.439063 0.559719 2.000000 0.423438 0.552693 2.000000 0.431250 0.608899 2.000000 0.415625 0.601874 2.000000 0.428125 0.648712 2.000000 0.409375 0.644028 2.000000
0 0.458766 0.569098 0.041438 0.180913 0.465625 0.494145 2.000000 0.468750 0.491803 2.000000 0.462500 0.489461 2.000000 0.471875 0.494145 2.000000 0.459375 0.494145 2.000000 0.473438 0.519906 2.000000 0.453125 0.515222 2.000000 0.000000 0.000000 0.000000 0.000000 0.000000 0.000000 0.000000 0.000000 0.000000 0.000000 0.000000 0.000000 0.462500 0.571429 2.000000 0.450000 0.569087 2.000000 0.457813 0.625293 2.000000 0.446875 0.618267 2.000000 0.000000 0.000000 0.000000 0.000000 0.000000 0.000000
0 0.290227 0.521721 0.051391 0.187190 0.301563 0.449649 2.000000 0.304688 0.447307 2.000000 0.296875 0.442623 2.000000 0.307812 0.447307 2.000000 0.292187 0.442623 2.000000 0.306250 0.477752 2.000000 0.281250 0.466042 1.000000 0.000000 0.000000 0.000000 0.271875 0.484778 2.000000 0.000000 0.000000 0.000000 0.275000 0.461358 2.000000 0.295312 0.529274 2.000000 0.279687 0.522248 2.000000 0.289062 0.576112 2.000000 0.275000 0.573770 2.000000 0.282813 0.606557 2.000000 0.268750 0.606557 2.000000
0 0.227367 0.506230 0.061734 0.189368 0.246875 0.430913 2.000000 0.250000 0.428571 2.000000 0.245312 0.428571 2.000000 0.000000 0.000000 0.000000 0.000000 0.000000 0.000000 0.251563 0.456674 1.000000 0.231250 0.442623 2.000000 0.251563 0.487119 1.000000 0.220312 0.433255 1.000000 0.000000 0.000000 0.000000 0.000000 0.000000 0.000000 0.237500 0.517564 2.000000 0.220312 0.508197 2.000000 0.226562 0.555035 2.000000 0.214062 0.552693 2.000000 0.214062 0.592506 2.000000 0.207813 0.587822 2.000000
0 0.398336 0.544824 0.052578 0.201967 0.407813 0.466042 2.000000 0.410938 0.461358 2.000000 0.406250 0.461358 2.000000 0.414062 0.463700 2.000000 0.400000 0.461358 1.000000 0.417187 0.489461 2.000000 0.389062 0.480094 2.000000 0.417187 0.517564 2.000000 0.382812 0.508197 1.000000 0.000000 0.000000 0.000000 0.000000 0.000000 0.000000 0.403125 0.540984 2.000000 0.387500 0.538642 2.000000 0.396875 0.615925 1.000000 0.379688 0.608899 2.000000 0.000000 0.000000 0.000000 0.000000 0.000000 0.000000
0 0.317422 0.529461 0.046687 0.183513 0.328125 0.454333 2.000000 0.331250 0.451991 2.000000 0.325000 0.447307 2.000000 0.334375 0.454333 2.000000 0.318750 0.451991 2.000000 0.331250 0.480094 2.000000 0.309375 0.473068 1.000000 0.000000 0.000000 0.000000 0.000000 0.000000 0.000000 0.000000 0.000000 0.000000 0.000000 0.000000 0.000000 0.326562 0.536300 2.000000 0.307812 0.529274 2.000000 0.320312 0.592506 1.000000 0.306250 0.590164 2.000000 0.000000 0.000000 0.000000 0.000000 0.000000 0.000000
0 0.487016 0.571885 0.048594 0.199789 0.489063 0.491803 2.000000 0.492188 0.487119 2.000000 0.485938 0.487119 2.000000 0.496875 0.491803 2.000000 0.000000 0.000000 0.000000 0.501563 0.517564 2.000000 0.478125 0.517564 1.000000 0.501563 0.548009 2.000000 0.000000 0.000000 0.000000 0.495312 0.578454 2.000000 0.000000 0.000000 0.000000 0.490625 0.576112 2.000000 0.476562 0.573770 2.000000 0.485938 0.637002 2.000000 0.475000 0.629977 2.000000 0.000000 0.000000 0.000000 0.000000 0.000000 0.000000
