0 0.284742 0.157135 0.109016 0.139854 0.270313 0.127083 2.000000 0.268750 0.114583 2.000000 0.259375 0.125000 2.000000 0.000000 0.000000 0.000000 0.250000 0.127083 2.000000 0.293750 0.135417 2.000000 0.243750 0.137500 2.000000 0.285938 0.206250 2.000000 0.237500 0.204167 2.000000 0.254688 0.195833 2.000000 0.259375 0.222917 2.000000 0.326562 0.218750 2.000000 0.296875 0.220833 1.000000 0.000000 0.000000 0.000000 0.000000 0.000000 0.000000 0.000000 0.000000 0.000000 0.000000 0.000000 0.000000
0 0.180742 0.654281 0.277016 0.547312 0.000000 0.000000 0.000000 0.000000 0.000000 0.000000 0.000000 0.000000 0.000000 0.000000 0.000000 0.000000 0.000000 0.000000 0.000000 0.128125 0.468750 2.000000 0.204687 0.454167 2.000000 0.114062 0.585417 2.000000 0.232813 0.560417 2.000000 0.135937 0.654167 2.000000 0.206250 0.647917 2.000000 0.150000 0.612500 2.000000 0.201563 0.610417 2.000000 0.109375 0.754167 2.000000 0.239063 0.752083 2.000000 0.073438 0.889583 2.000000 0.273438 0.889583 2.000000
0 0.540359 0.705521 0.197344 0.382458 0.000000 0.000000 0.000000 0.000000 0.000000 0.000000 0.000000 0.000000 0.000000 0.000000 0.000000 0.000000 0.000000 0.000000 0.000000 0.551562 0.612500 2.000000 0.545312 0.612500 2.000000 0.539062 0.747917 2.000000 0.518750 0.697917 2.000000 0.482812 0.733333 2.000000 0.489063 0.714583 2.000000 0.598437 0.741667 2.000000 0.592187 0.739583 2.000000 0.478125 0.764583 2.000000 0.000000 0.000000 0.000000 0.585938 0.843750 2.000000 0.564063 0.847917 2.000000
0 0.681742 0.661792 0.244391 0.568542 0.671875 0.437500 2.000000 0.678125 0.427083 2.000000 0.000000 0.000000 0.000000 0.000000 0.000000 0.000000 0.000000 0.000000 0.000000 0.703125 0.479167 2.000000 0.728125 0.479167 2.000000 0.684375 0.570833 2.000000 0.662500 0.516667 2.000000 0.643750 0.612500 2.000000 0.603125 0.470833 2.000000 0.715625 0.670833 2.000000 0.737500 0.666667 2.000000 0.665625 0.770833 2.000000 0.746875 0.758333 2.000000 0.646875 0.918750 2.000000 0.789062 0.879167 2.000000
0 0.959359 0.169115 0.081281 0.282062 0.968750 0.075000 2.000000 0.976562 0.068750 2.000000 0.000000 0.000000 0.000000 0.992188 0.070833 2.000000 0.000000 0.000000 0.000000 0.000000 0.000000 0.000000 0.968750 0.122917 2.000000 0.000000 0.000000 0.000000 0.000000 0.000000 0.000000 0.000000 0.000000 0.000000 0.000000 0.000000 0.000000 0.990625 0.243750 2.000000 0.954688 0.239583 2.000000 0.979688 0.329167 1.000000 0.943750 0.331250 1.000000 0.000000 0.000000 0.000000 0.000000 0.000000 0.000000
0 0.835953 0.249208 0.126688 0.134458 0.789062 0.225000 2.000000 0.796875 0.218750 2.000000 0.787500 0.214583 2.000000 0.000000 0.000000 0.000000 0.000000 0.000000 0.000000 0.835938 0.243750 1.000000 0.785937 0.245833 2.000000 0.000000 0.000000 0.000000 0.781250 0.291667 2.000000 0.000000 0.000000 0.000000 0.782813 0.337500 1.000000 0.000000 0.000000 0.000000 0.000000 0.000000 0.000000 0.000000 0.000000 0.000000 0.000000 0.000000 0.000000 0.000000 0.000000 0.000000 0.000000 0.000000 0.000000
0 0.379586 0.152156 0.086641 0.135146 0.382812 0.091667 2.000000 0.000000 0.000000 0.000000 0.000000 0.000000 0.000000 0.407813 0.091667 2.000000 0.000000 0.000000 0.000000 0.417187 0.135417 2.000000 0.368750 0.133333 2.000000 0.396875 0.195833 1.000000 0.354687 0.185417 2.000000 0.357812 0.214583 2.000000 0.000000 0.000000 0.000000 0.000000 0.000000 0.000000 0.000000 0.000000 0.000000 0.000000 0.000000 0.000000 0.000000 0.000000 0.000000 0.000000 0.000000 0.000000 0.000000 0.000000 0.000000
0 0.471820 0.176813 0.077828 0.169333 0.464062 0.129167 2.000000 0.465625 0.120833 2.000000 0.460938 0.120833 2.000000 0.487500 0.120833 1.000000 0.000000 0.000000 0.000000 0.506250 0.154167 1.000000 0.465625 0.152083 2.000000 0.498437 0.235417 1.000000 0.459375 0.202083 2.000000 0.460938 0.239583 2.000000 0.445312 0.235417 2.000000 0.495312 0.241667 1.000000 0.471875 0.235417 1.000000 0.454688 0.258333 2.000000 0.401562 0.237500 1.000000 0.000000 0.000000 0.000000 0.000000 0.000000 0.000000
0 0.736602 0.212760 0.103484 0.171438 0.723437 0.145833 2.000000 0.726562 0.137500 2.000000 0.720313 0.137500 2.000000 0.745313 0.139583 2.000000 0.000000 0.000000 0.000000 0.756250 0.170833 2.000000 0.720313 0.175000 2.000000 0.760938 0.254167 2.000000 0.701562 0.227083 2.000000 0.704688 0.277083 2.000000 0.693750 0.266667 2.000000 0.734375 0.285417 1.000000 0.707812 0.285417 2.000000 0.000000 0.000000 0.000000 0.000000 0.000000 0.000000 0.000000 0.000000 0.000000 0.000000 0.000000 0.000000
0 0.528203 0.203208 0.068187 0.132458 0.520312 0.181250 2.000000 0.521875 0.175000 2.000000 0.515625 0.175000 2.000000 0.539062 0.172917 2.000000 0.000000 0.000000 0.000000 0.554688 0.195833 2.000000 0.509375 0.189583 2.000000 0.548438 0.254167 2.000000 0.500000 0.256250 1.000000 0.521875 0.216667 2.000000 0.000000 0.000000 0.000000 0.550000 0.279167 1.000000 0.539062 0.277083 1.000000 0.000000 0.000000 0.000000 0.000000 0.000000 0.000000 0.000000 0.000000 0.000000 0.000000 0.000000 0.000000
0 0.066398 0.106396 0.096797 0.158333 0.000000 0.000000 0.000000 0.000000 0.000000 0.000000 0.000000 0.000000 0.000000 0.000000 0.000000 0.000000 0.000000 0.000000 0.000000 0.000000 0.000000 0.000000 0.000000 0.000000 0.000000 0.000000 0.000000 0.000000 0.000000 0.000000 0.000000 0.000000 0.000000 0.000000 0.000000 0.000000 0.000000 0.089063 0.068750 2.000000 0.050000 0.070833 2.000000 0.084375 0.160417 2.000000 0.035937 0.160417 2.000000 0.000000 0.000000 0.000000 0.000000 0.000000 0.000000
0 0.598305 0.200052 0.083266 0.139937 0.573438 0.185417 2.000000 0.576562 0.179167 2.000000 0.000000 0.000000 0.000000 0.592187 0.175000 2.000000 0.000000 0.000000 0.000000 0.617188 0.175000 2.000000 0.570312 0.195833 1.000000 0.623437 0.247917 2.000000 0.578125 0.252083 2.000000 0.609375 0.291667 1.000000 0.620313 0.235417 2.000000 0.000000 0.000000 0.000000 0.000000 0.000000 0.000000 0.000000 0.000000 0.000000 0.000000 0.000000 0.000000 0.000000 0.000000 0.000000 0.000000 0.000000 0.000000
