0 0.592180 0.550271 0.043047 0.182458 0.589063 0.477083 2.000000 0.590625 0.472917 2.000000 0.585938 0.472917 2.000000 0.595313 0.475000 2.000000 0.000000 0.000000 0.000000 0.606250 0.500000 2.000000 0.578125 0.497917 2.000000 0.610938 0.537500 1.000000 0.573438 0.529167 2.000000 0.595313 0.533333 2.000000 0.587500 0.527083 2.000000 0.598437 0.552083 2.000000 0.584375 0.552083 2.000000 0.600000 0.595833 2.000000 0.587500 0.600000 2.000000 0.600000 0.645833 1.000000 0.589063 0.643750 1.000000
0 0.185078 0.593812 0.057781 0.233292 0.000000 0.000000 0.000000 0.000000 0.000000 0.000000 0.000000 0.000000 0.000000 0.000000 0.000000 0.000000 0.181250 0.493750 2.000000 0.200000 0.520833 2.000000 0.173437 0.520833 2.000000 0.209375 0.550000 2.000000 0.162500 0.556250 2.000000 0.209375 0.568750 2.000000 0.182812 0.570833 2.000000 0.195312 0.595833 2.000000 0.178125 0.597917 2.000000 0.195312 0.637500 2.000000 0.175000 0.639583 2.000000 0.195312 0.679167 2.000000 0.171875 0.685417 2.000000
0 0.802312 0.563229 0.093906 0.249417 0.801562 0.458333 2.000000 0.806250 0.454167 2.000000 0.796875 0.454167 2.000000 0.814063 0.460417 2.000000 0.795312 0.460417 2.000000 0.823438 0.485417 2.000000 0.789062 0.487500 2.000000 0.842187 0.525000 2.000000 0.781250 0.525000 2.000000 0.832812 0.522917 2.000000 0.765625 0.518750 2.000000 0.820312 0.558333 2.000000 0.801562 0.560417 2.000000 0.825000 0.610417 2.000000 0.809375 0.614583 2.000000 0.837500 0.668750 2.000000 0.815625 0.660417 2.000000
0 0.383445 0.575448 0.084453 0.220729 0.368750 0.483333 2.000000 0.371875 0.479167 2.000000 0.365625 0.481250 1.000000 0.378125 0.481250 2.000000 0.000000 0.000000 0.000000 0.387500 0.506250 2.000000 0.354687 0.504167 2.000000 0.409375 0.527083 2.000000 0.334375 0.516667 1.000000 0.414062 0.514583 2.000000 0.000000 0.000000 0.000000 0.384375 0.575000 2.000000 0.359375 0.572917 2.000000 0.389062 0.616667 2.000000 0.360938 0.622917 2.000000 0.392188 0.662500 2.000000 0.364063 0.662500 2.000000
0 0.290133 0.584656 0.044016 0.218729 0.296875 0.500000 2.000000 0.298438 0.495833 2.000000 0.292187 0.495833 2.000000 0.000000 0.000000 0.000000 0.000000 0.000000 0.000000 0.307812 0.520833 2.000000 0.278125 0.520833 2.000000 0.310937 0.556250 1.000000 0.270313 0.547917 2.000000 0.303125 0.558333 2.000000 0.287500 0.556250 2.000000 0.301563 0.575000 2.000000 0.285938 0.577083 2.000000 0.300000 0.631250 2.000000 0.282813 0.629167 2.000000 0.298438 0.675000 2.000000 0.284375 0.677083 2.000000
0 0.685953 0.567417 0.043812 0.209000 0.681250 0.479167 2.000000 0.684375 0.472917 2.000000 0.676562 0.472917 2.000000 0.000000 0.000000 0.000000 0.000000 0.000000 0.000000 0.700000 0.497917 2.000000 0.670312 0.500000 2.000000 0.707812 0.531250 2.000000 0.000000 0.000000 0.000000 0.687500 0.527083 2.000000 0.000000 0.000000 0.000000 0.690625 0.554167 2.000000 0.676562 0.554167 2.000000 0.690625 0.608333 2.000000 0.671875 0.610417 2.000000 0.689063 0.652083 2.000000 0.668750 0.645833 2.000000
0 0.646859 0.549719 0.032969 0.189771 0.000000 0.000000 0.000000 0.000000 0.000000 0.000000 0.000000 0.000000 0.000000 0.650000 0.475000 2.000000 0.000000 0.000000 0.000000 0.657813 0.497917 2.000000 0.634375 0.497917 1.000000 0.000000 0.000000 0.000000 0.000000 0.000000 0.000000 0.000000 0.000000 0.000000 0.000000 0.000000 0.000000 0.656250 0.552083 2.000000 0.637500 0.550000 2.000000 0.653125 0.597917 2.000000 0.637500 0.595833 2.000000 0.653125 0.639583 2.000000 0.640625 0.639583 1.000000
0 0.546016 0.559156 0.055281 0.222021 0.545312 0.472917 2.000000 0.548438 0.466667 2.000000 0.542188 0.466667 2.000000 0.554688 0.470833 2.000000 0.537500 0.468750 2.000000 0.557813 0.493750 2.000000 0.532813 0.493750 2.000000 0.568750 0.525000 2.000000 0.526563 0.520833 2.000000 0.557813 0.516667 2.000000 0.539062 0.514583 2.000000 0.557813 0.558333 2.000000 0.535937 0.558333 2.000000 0.556250 0.612500 2.000000 0.537500 0.610417 2.000000 0.556250 0.650000 2.000000 0.539062 0.652083 2.000000
0 0.492992 0.563385 0.059922 0.221271 0.492188 0.477083 2.000000 0.493750 0.475000 2.000000 0.487500 0.475000 2.000000 0.498437 0.475000 2.000000 0.000000 0.000000 0.000000 0.507812 0.500000 2.000000 0.476562 0.504167 2.000000 0.518750 0.531250 2.000000 0.468750 0.531250 2.000000 0.510938 0.550000 2.000000 0.476562 0.545833 2.000000 0.503125 0.572917 2.000000 0.485938 0.572917 2.000000 0.506250 0.616667 2.000000 0.484375 0.614583 2.000000 0.512500 0.656250 2.000000 0.482812 0.654167 2.000000
0 0.635148 0.656406 0.088484 0.125438 0.628125 0.622917 2.000000 0.631250 0.618750 2.000000 0.623437 0.618750 2.000000 0.634375 0.620833 2.000000 0.617188 0.618750 2.000000 0.632812 0.637500 2.000000 0.610938 0.643750 2.000000 0.650000 0.647917 2.000000 0.600000 0.675000 2.000000 0.670312 0.656250 2.000000 0.600000 0.706250 2.000000 0.637500 0.683333 2.000000 0.623437 0.693750 2.000000 0.670312 0.685417 2.000000 0.657813 0.697917 2.000000 0.700000 0.691667 1.000000 0.701562 0.704167 1.000000
0 0.244406 0.583458 0.059156 0.212750 0.245312 0.500000 2.000000 0.246875 0.495833 2.000000 0.240625 0.495833 2.000000 0.000000 0.000000 0.000000 0.000000 0.000000 0.000000 0.267188 0.525000 2.000000 0.223438 0.520833 2.000000 0.268750 0.556250 1.000000 0.218750 0.552083 2.000000 0.256250 0.554167 2.000000 0.245312 0.552083 2.000000 0.250000 0.589583 1.000000 0.234375 0.589583 2.000000 0.253125 0.633333 2.000000 0.231250 0.625000 2.000000 0.253125 0.675000 2.000000 0.228125 0.672917 2.000000
0 0.333547 0.585760 0.046625 0.225646 0.334375 0.497917 2.000000 0.335938 0.493750 2.000000 0.331250 0.493750 2.000000 0.340625 0.495833 2.000000 0.326562 0.495833 2.000000 0.348438 0.518750 2.000000 0.320312 0.518750 2.000000 0.000000 0.000000 0.000000 0.312500 0.547917 2.000000 0.000000 0.000000 0.000000 0.318750 0.558333 2.000000 0.342187 0.585417 2.000000 0.321875 0.585417 2.000000 0.342187 0.635417 2.000000 0.321875 0.635417 2.000000 0.343750 0.685417 2.000000 0.323437 0.683333 2.000000
