0 0.716212 0.437078 0.325691 0.698875 0.795591 0.250000 2.000000 0.807615 0.243750 2.000000 0.000000 0.000000 0.000000 0.837675 0.254688 2.000000 0.000000 0.000000 0.000000 0.841683 0.300000 2.000000 0.753507 0.278125 2.000000 0.779559 0.229687 2.000000 0.693387 0.234375 2.000000 0.737475 0.162500 2.000000 0.677355 0.171875 2.000000 0.771543 0.485938 2.000000 0.707415 0.462500 2.000000 0.725451 0.612500 2.000000 0.623246 0.498437 2.000000 0.675351 0.737500 2.000000 0.625251 0.625000 2.000000
0 0.610421 0.431883 0.197475 0.229047 0.635271 0.359375 2.000000 0.651303 0.354687 2.000000 0.629259 0.351562 2.000000 0.675351 0.364063 2.000000 0.000000 0.000000 0.000000 0.707415 0.420312 1.000000 0.583166 0.406250 2.000000 0.000000 0.000000 0.000000 0.549098 0.471875 2.000000 0.000000 0.000000 0.000000 0.525050 0.517188 1.000000 0.655311 0.548438 1.000000 0.569138 0.539062 2.000000 0.000000 0.000000 0.000000 0.000000 0.000000 0.000000 0.000000 0.000000 0.000000 0.000000 0.000000 0.000000
0 0.345100 0.616289 0.257856 0.592141 0.000000 0.000000 0.000000 0.000000 0.000000 0.000000 0.000000 0.000000 0.000000 0.000000 0.000000 0.000000 0.356713 0.376563 2.000000 0.264529 0.431250 2.000000 0.408818 0.423438 2.000000 0.260521 0.525000 1.000000 0.462926 0.520312 2.000000 0.000000 0.000000 0.000000 0.430862 0.560937 1.000000 0.294589 0.614062 2.000000 0.384770 0.620313 2.000000 0.240481 0.723437 2.000000 0.392786 0.742188 2.000000 0.278557 0.857812 2.000000 0.442886 0.878125 2.000000
0 0.146503 0.487766 0.099499 0.078750 0.148297 0.481250 2.000000 0.162325 0.478125 2.000000 0.142285 0.476562 2.000000 0.174349 0.487500 2.000000 0.124248 0.482812 2.000000 0.198397 0.529687 1.000000 0.098196 0.529687 1.000000 0.000000 0.000000 0.000000 0.000000 0.000000 0.000000 0.000000 0.000000 0.000000 0.000000 0.000000 0.000000 0.000000 0.000000 0.000000 0.000000 0.000000 0.000000 0.000000 0.000000 0.000000 0.000000 0.000000 0.000000 0.000000 0.000000 0.000000 0.000000 0.000000 0.000000
0 0.043677 0.445437 0.077295 0.151906 0.044088 0.410938 2.000000 0.052104 0.403125 2.000000 0.034068 0.403125 2.000000 0.076152 0.406250 2.000000 0.020040 0.406250 2.000000 0.110220 0.451562 1.000000 0.000000 0.000000 0.000000 0.000000 0.000000 0.000000 0.000000 0.000000 0.000000 0.000000 0.000000 0.000000 0.000000 0.000000 0.000000 0.078156 0.548438 1.000000 0.000000 0.000000 0.000000 0.000000 0.000000 0.000000 0.000000 0.000000 0.000000 0.000000 0.000000 0.000000 0.000000 0.000000 0.000000
0 0.579218 0.289953 0.075150 0.090563 0.571142 0.268750 2.000000 0.577154 0.264062 2.000000 0.569138 0.264062 2.000000 0.585170 0.267188 2.000000 0.561122 0.265625 2.000000 0.591182 0.281250 2.000000 0.559118 0.279687 2.000000 0.603206 0.303125 2.000000 0.547094 0.296875 2.000000 0.567134 0.298438 2.000000 0.577154 0.301563 2.000000 0.583166 0.318750 2.000000 0.557114 0.318750 2.000000 0.599198 0.293750 2.000000 0.551102 0.290625 2.000000 0.593186 0.317188 2.000000 0.547094 0.317188 2.000000
0 0.661804 0.291914 0.114068 0.081891 0.675351 0.271875 2.000000 0.681363 0.268750 2.000000 0.673347 0.267188 2.000000 0.000000 0.000000 0.000000 0.661323 0.264062 2.000000 0.677355 0.287500 2.000000 0.643287 0.287500 2.000000 0.721443 0.298438 1.000000 0.635271 0.262500 1.000000 0.683367 0.326562 2.000000 0.657315 0.248438 1.000000 0.677355 0.337500 1.000000 0.649299 0.337500 1.000000 0.000000 0.000000 0.000000 0.000000 0.000000 0.000000 0.000000 0.000000 0.000000 0.000000 0.000000 0.000000
0 0.028146 0.219047 0.051283 0.099594 0.000000 0.000000 0.000000 0.000000 0.000000 0.000000 0.000000 0.000000 0.000000 0.000000 0.000000 0.000000 0.036072 0.193750 2.000000 0.000000 0.000000 0.000000 0.024048 0.206250 2.000000 0.000000 0.000000 0.000000 0.034068 0.235937 2.000000 0.000000 0.000000 0.000000 0.042084 0.248438 2.000000 0.000000 0.000000 0.000000 0.024048 0.253125 2.000000 0.000000 0.000000 0.000000 0.000000 0.000000 0.000000 0.000000 0.000000 0.000000 0.000000 0.000000 0.000000
0 0.340491 0.329242 0.170962 0.152578 0.356713 0.295312 2.000000 0.368737 0.289062 2.000000 0.348697 0.285938 2.000000 0.384770 0.296875 2.000000 0.328657 0.293750 2.000000 0.406814 0.350000 2.000000 0.296593 0.337500 1.000000 0.430862 0.403125 1.000000 0.262525 0.379688 1.000000 0.000000 0.000000 0.000000 0.000000 0.000000 0.000000 0.394790 0.451562 1.000000 0.310621 0.448437 1.000000 0.000000 0.000000 0.000000 0.000000 0.000000 0.000000 0.000000 0.000000 0.000000 0.000000 0.000000 0.000000
0 0.466914 0.437391 0.140762 0.208219 0.448898 0.360938 2.000000 0.000000 0.000000 0.000000 0.434870 0.354687 2.000000 0.000000 0.000000 0.000000 0.418838 0.367188 2.000000 0.503006 0.421875 2.000000 0.404810 0.420312 1.000000 0.525050 0.489063 2.000000 0.000000 0.000000 0.000000 0.474950 0.529687 1.000000 0.000000 0.000000 0.000000 0.488978 0.553125 1.000000 0.412826 0.551562 1.000000 0.000000 0.000000 0.000000 0.000000 0.000000 0.000000 0.000000 0.000000 0.000000 0.000000 0.000000 0.000000
0 0.202605 0.627523 0.188136 0.540984 0.276553 0.381250 2.000000 0.000000 0.000000 0.000000 0.256513 0.378125 2.000000 0.000000 0.000000 0.000000 0.238477 0.396875 2.000000 0.312625 0.456250 1.000000 0.210421 0.462500 2.000000 0.000000 0.000000 0.000000 0.222445 0.543750 2.000000 0.000000 0.000000 0.000000 0.264529 0.517188 2.000000 0.312625 0.590625 1.000000 0.232465 0.595313 2.000000 0.336673 0.729688 1.000000 0.236473 0.729688 1.000000 0.302605 0.842187 1.000000 0.138277 0.835938 2.000000
