0 0.703516 0.540273 0.390219 0.529297 0.646875 0.382812 2.000000 0.656250 0.363281 2.000000 0.000000 0.000000 0.000000 0.701562 0.363281 2.000000 0.000000 0.000000 0.000000 0.715625 0.425781 2.000000 0.742188 0.429688 2.000000 0.687500 0.601562 2.000000 0.689063 0.574219 2.000000 0.631250 0.712891 1.000000 0.570312 0.570312 2.000000 0.810937 0.750000 1.000000 0.840625 0.751953 2.000000 0.000000 0.000000 0.000000 0.000000 0.000000 0.000000 0.000000 0.000000 0.000000 0.000000 0.000000 0.000000
0 0.860625 0.497402 0.182125 0.446133 0.771875 0.373047 2.000000 0.779687 0.355469 2.000000 0.000000 0.000000 0.000000 0.815625 0.357422 2.000000 0.000000 0.000000 0.000000 0.878125 0.460938 2.000000 0.864062 0.441406 2.000000 0.800000 0.587891 1.000000 0.000000 0.000000 0.000000 0.000000 0.000000 0.000000 0.000000 0.000000 0.000000 0.829688 0.734375 1.000000 0.815625 0.699219 1.000000 0.000000 0.000000 0.000000 0.000000 0.000000 0.000000 0.000000 0.000000 0.000000 0.000000 0.000000 0.000000
0 0.948031 0.309189 0.103937 0.457441 0.915625 0.136719 2.000000 0.923438 0.128906 2.000000 0.000000 0.000000 0.000000 0.950000 0.130859 2.000000 0.000000 0.000000 0.000000 0.932813 0.193359 2.000000 0.989062 0.193359 2.000000 0.914062 0.320312 2.000000 0.000000 0.000000 0.000000 0.932813 0.380859 2.000000 0.000000 0.000000 0.000000 0.945312 0.371094 2.000000 0.987500 0.373047 1.000000 0.939063 0.515625 1.000000 0.989062 0.521484 1.000000 0.000000 0.000000 0.000000 0.000000 0.000000 0.000000
0 0.394664 0.212256 0.121297 0.227910 0.395313 0.156250 2.000000 0.407813 0.150391 2.000000 0.387500 0.144531 2.000000 0.423438 0.164062 2.000000 0.000000 0.000000 0.000000 0.431250 0.218750 2.000000 0.384375 0.214844 2.000000 0.439063 0.244141 2.000000 0.317188 0.220703 1.000000 0.376563 0.236328 2.000000 0.340625 0.230469 1.000000 0.425000 0.400391 1.000000 0.378125 0.398438 1.000000 0.000000 0.000000 0.000000 0.000000 0.000000 0.000000 0.000000 0.000000 0.000000 0.000000 0.000000 0.000000
0 0.415156 0.378125 0.088906 0.168945 0.432812 0.367188 1.000000 0.443750 0.355469 1.000000 0.418750 0.353516 2.000000 0.000000 0.000000 0.000000 0.389062 0.341797 2.000000 0.442188 0.396484 1.000000 0.381250 0.406250 2.000000 0.000000 0.000000 0.000000 0.000000 0.000000 0.000000 0.000000 0.000000 0.000000 0.000000 0.000000 0.000000 0.000000 0.000000 0.000000 0.000000 0.000000 0.000000 0.000000 0.000000 0.000000 0.000000 0.000000 0.000000 0.000000 0.000000 0.000000 0.000000 0.000000 0.000000
0 0.387688 0.397041 0.155031 0.216035 0.389062 0.357422 2.000000 0.000000 0.000000 0.000000 0.371875 0.361328 2.000000 0.000000 0.000000 0.000000 0.332813 0.388672 2.000000 0.351562 0.419922 2.000000 0.314063 0.435547 1.000000 0.417187 0.486328 2.000000 0.000000 0.000000 0.000000 0.434375 0.408203 2.000000 0.000000 0.000000 0.000000 0.000000 0.000000 0.000000 0.000000 0.000000 0.000000 0.000000 0.000000 0.000000 0.000000 0.000000 0.000000 0.000000 0.000000 0.000000 0.000000 0.000000 0.000000
0 0.486852 0.365898 0.077766 0.188125 0.460938 0.351562 2.000000 0.471875 0.339844 2.000000 0.457813 0.335938 2.000000 0.487500 0.339844 2.000000 0.000000 0.000000 0.000000 0.501563 0.375000 2.000000 0.432812 0.373047 1.000000 0.510938 0.451172 2.000000 0.000000 0.000000 0.000000 0.000000 0.000000 0.000000 0.000000 0.000000 0.000000 0.000000 0.000000 0.000000 0.000000 0.000000 0.000000 0.000000 0.000000 0.000000 0.000000 0.000000 0.000000 0.000000 0.000000 0.000000 0.000000 0.000000 0.000000
0 0.971906 0.352803 0.056188 0.373027 0.000000 0.000000 0.000000 0.000000 0.000000 0.000000 0.000000 0.000000 0.000000 0.000000 0.000000 0.000000 0.000000 0.000000 0.000000 0.000000 0.000000 0.000000 0.982812 0.242188 2.000000 0.000000 0.000000 0.000000 0.957812 0.349609 2.000000 0.000000 0.000000 0.000000 0.992188 0.435547 2.000000 0.000000 0.000000 0.000000 0.000000 0.000000 0.000000 0.000000 0.000000 0.000000 0.000000 0.000000 0.000000 0.000000 0.000000 0.000000 0.000000 0.000000 0.000000
0 0.740641 0.240186 0.072281 0.119395 0.000000 0.000000 0.000000 0.000000 0.000000 0.000000 0.000000 0.000000 0.000000 0.732812 0.210938 2.000000 0.754687 0.218750 2.000000 0.714063 0.244141 2.000000 0.757812 0.244141 2.000000 0.000000 0.000000 0.000000 0.768750 0.292969 1.000000 0.000000 0.000000 0.000000 0.000000 0.000000 0.000000 0.000000 0.000000 0.000000 0.000000 0.000000 0.000000 0.000000 0.000000 0.000000 0.000000 0.000000 0.000000 0.000000 0.000000 0.000000 0.000000 0.000000 0.000000
0 0.753023 0.340957 0.096109 0.174687 0.000000 0.000000 0.000000 0.000000 0.000000 0.000000 0.000000 0.000000 0.000000 0.710938 0.328125 1.000000 0.000000 0.000000 0.000000 0.739062 0.412109 1.000000 0.781250 0.398438 2.000000 0.000000 0.000000 0.000000 0.000000 0.000000 0.000000 0.000000 0.000000 0.000000 0.000000 0.000000 0.000000 0.000000 0.000000 0.000000 0.000000 0.000000 0.000000 0.000000 0.000000 0.000000 0.000000 0.000000 0.000000 0.000000 0.000000 0.000000 0.000000 0.000000 0.000000
