0 0.866836 0.486899 0.095609 0.186355 0.871875 0.429389 1.000000 0.876563 0.423664 2.000000 0.000000 0.000000 0.000000 0.892188 0.429389 2.000000 0.000000 0.000000 0.000000 0.893750 0.461832 2.000000 0.887500 0.458015 2.000000 0.895312 0.515267 2.000000 0.000000 0.000000 0.000000 0.865625 0.534351 2.000000 0.865625 0.528626 2.000000 0.882812 0.545802 2.000000 0.878125 0.538168 2.000000 0.828125 0.559160 2.000000 0.000000 0.000000 0.000000 0.890625 0.568702 2.000000 0.000000 0.000000 0.000000
0 0.266156 0.226183 0.072906 0.075000 0.273438 0.209924 2.000000 0.279687 0.208015 2.000000 0.000000 0.000000 0.000000 0.293750 0.211832 2.000000 0.000000 0.000000 0.000000 0.295312 0.236641 2.000000 0.275000 0.232824 2.000000 0.271875 0.248092 1.000000 0.253125 0.257634 2.000000 0.250000 0.219466 2.000000 0.240625 0.234733 2.000000 0.000000 0.000000 0.000000 0.000000 0.000000 0.000000 0.000000 0.000000 0.000000 0.000000 0.000000 0.000000 0.000000 0.000000 0.000000 0.000000 0.000000 0.000000
0 0.482602 0.400296 0.367859 0.777347 0.437500 0.129771 2.000000 0.000000 0.000000 0.000000 0.415625 0.112595 2.000000 0.000000 0.000000 0.000000 0.384375 0.106870 2.000000 0.417187 0.213740 2.000000 0.331250 0.206107 2.000000 0.512500 0.263359 2.000000 0.393750 0.284351 2.000000 0.626563 0.301527 2.000000 0.467187 0.328244 2.000000 0.404687 0.452290 2.000000 0.321875 0.465649 2.000000 0.501563 0.591603 1.000000 0.465625 0.515267 2.000000 0.487500 0.772901 1.000000 0.400000 0.711832 2.000000
0 0.025203 0.323206 0.050406 0.233779 0.006250 0.230916 2.000000 0.010937 0.229008 2.000000 0.000000 0.000000 0.000000 0.000000 0.000000 0.000000 0.000000 0.000000 0.000000 0.040625 0.267176 2.000000 0.006250 0.255725 1.000000 0.017188 0.293893 2.000000 0.000000 0.000000 0.000000 0.000000 0.000000 0.000000 0.000000 0.000000 0.000000 0.000000 0.000000 0.000000 0.000000 0.000000 0.000000 0.000000 0.000000 0.000000 0.000000 0.000000 0.000000 0.000000 0.000000 0.000000 0.000000 0.000000 0.000000
0 0.072055 0.249828 0.047141 0.113206 0.062500 0.211832 1.000000 0.065625 0.208015 2.000000 0.062500 0.206107 1.000000 0.081250 0.215649 2.000000 0.000000 0.000000 0.000000 0.087500 0.250000 2.000000 0.060937 0.246183 2.000000 0.000000 0.000000 0.000000 0.057813 0.270992 2.000000 0.000000 0.000000 0.000000 0.057813 0.293893 2.000000 0.073438 0.291985 2.000000 0.062500 0.299618 2.000000 0.000000 0.000000 0.000000 0.000000 0.000000 0.000000 0.000000 0.000000 0.000000 0.000000 0.000000 0.000000
0 0.766000 0.500830 0.083219 0.145553 0.768750 0.458015 2.000000 0.775000 0.454198 2.000000 0.767188 0.452290 2.000000 0.789062 0.461832 2.000000 0.000000 0.000000 0.000000 0.785937 0.496183 2.000000 0.773438 0.488550 2.000000 0.781250 0.538168 2.000000 0.000000 0.000000 0.000000 0.000000 0.000000 0.000000 0.000000 0.000000 0.000000 0.792188 0.559160 2.000000 0.779687 0.543893 2.000000 0.743750 0.530534 2.000000 0.000000 0.000000 0.000000 0.000000 0.000000 0.000000 0.757812 0.559160 2.000000
0 0.096383 0.320725 0.081922 0.131985 0.095312 0.284351 2.000000 0.101562 0.282443 2.000000 0.093750 0.276718 2.000000 0.110937 0.290076 2.000000 0.000000 0.000000 0.000000 0.123438 0.307252 2.000000 0.070312 0.309160 2.000000 0.128125 0.356870 2.000000 0.067187 0.356870 1.000000 0.000000 0.000000 0.000000 0.000000 0.000000 0.000000 0.110937 0.387405 1.000000 0.079687 0.387405 1.000000 0.000000 0.000000 0.000000 0.000000 0.000000 0.000000 0.000000 0.000000 0.000000 0.000000 0.000000 0.000000
0 0.457023 0.417052 0.046516 0.119218 0.000000 0.000000 0.000000 0.000000 0.000000 0.000000 0.000000 0.000000 0.000000 0.454688 0.393130 2.000000 0.000000 0.000000 0.000000 0.435937 0.437023 1.000000 0.470313 0.431298 2.000000 0.000000 0.000000 0.000000 0.000000 0.000000 0.000000 0.000000 0.000000 0.000000 0.000000 0.000000 0.000000 0.000000 0.000000 0.000000 0.000000 0.000000 0.000000 0.000000 0.000000 0.000000 0.000000 0.000000 0.000000 0.000000 0.000000 0.000000 0.000000 0.000000 0.000000
0 0.149406 0.434017 0.059281 0.205782 0.134375 0.356870 2.000000 0.139063 0.351145 2.000000 0.000000 0.000000 0.000000 0.153125 0.356870 2.000000 0.000000 0.000000 0.000000 0.156250 0.383588 2.000000 0.142187 0.377863 2.000000 0.129688 0.383588 1.000000 0.000000 0.000000 0.000000 0.109375 0.366412 1.000000 0.000000 0.000000 0.000000 0.156250 0.444656 2.000000 0.142187 0.438931 2.000000 0.153125 0.484733 1.000000 0.142187 0.479008 2.000000 0.156250 0.536260 1.000000 0.142187 0.520992 2.000000
0 0.156680 0.383521 0.070109 0.180668 0.134375 0.354962 2.000000 0.139063 0.351145 1.000000 0.000000 0.000000 0.000000 0.153125 0.360687 1.000000 0.000000 0.000000 0.000000 0.156250 0.379771 1.000000 0.139063 0.375954 1.000000 0.134375 0.389313 1.000000 0.000000 0.000000 0.000000 0.110937 0.364504 1.000000 0.000000 0.000000 0.000000 0.150000 0.431298 1.000000 0.135937 0.431298 1.000000 0.145313 0.469466 1.000000 0.134375 0.463740 1.000000 0.148438 0.522901 1.000000 0.137500 0.517176 1.000000
