0 0.357859 0.193172 0.203660 0.276813 0.369281 0.139063 2.000000 0.366013 0.123438 2.000000 0.351307 0.120313 2.000000 0.000000 0.000000 0.000000 0.292484 0.114062 2.000000 0.354575 0.207813 1.000000 0.000000 0.000000 0.000000 0.444444 0.289062 2.000000 0.000000 0.000000 0.000000 0.423203 0.290625 2.000000 0.393791 0.309375 2.000000 0.000000 0.000000 0.000000 0.000000 0.000000 0.000000 0.000000 0.000000 0.000000 0.000000 0.000000 0.000000 0.000000 0.000000 0.000000 0.000000 0.000000 0.000000
0 0.582802 0.310109 0.282010 0.422469 0.000000 0.000000 0.000000 0.000000 0.000000 0.000000 0.000000 0.000000 0.000000 0.000000 0.000000 0.000000 0.000000 0.000000 0.000000 0.606209 0.293750 2.000000 0.000000 0.000000 0.000000 0.570261 0.470313 1.000000 0.000000 0.000000 0.000000 0.472222 0.440625 2.000000 0.000000 0.000000 0.000000 0.571895 0.560937 1.000000 0.000000 0.000000 0.000000 0.000000 0.000000 0.000000 0.000000 0.000000 0.000000 0.000000 0.000000 0.000000 0.000000 0.000000 0.000000
0 0.705417 0.388516 0.341520 0.630625 0.808824 0.231250 2.000000 0.834967 0.209375 2.000000 0.779412 0.209375 2.000000 0.861111 0.214062 2.000000 0.723856 0.218750 2.000000 0.825163 0.340625 2.000000 0.627451 0.359375 2.000000 0.812092 0.564063 2.000000 0.571895 0.601562 2.000000 0.906863 0.670312 1.000000 0.781046 0.714063 1.000000 0.753268 0.689063 1.000000 0.627451 0.703125 1.000000 0.000000 0.000000 0.000000 0.000000 0.000000 0.000000 0.000000 0.000000 0.000000 0.000000 0.000000 0.000000
0 0.916577 0.308992 0.166846 0.581734 0.000000 0.000000 0.000000 0.000000 0.000000 0.000000 0.000000 0.000000 0.000000 0.000000 0.000000 0.000000 0.000000 0.000000 0.000000 0.000000 0.000000 0.000000 0.900327 0.281250 2.000000 0.000000 0.000000 0.000000 0.942810 0.465625 1.000000 0.000000 0.000000 0.000000 0.000000 0.000000 0.000000 0.000000 0.000000 0.000000 0.848039 0.554688 2.000000 0.000000 0.000000 0.000000 0.000000 0.000000 0.000000 0.000000 0.000000 0.000000 0.000000 0.000000 0.000000
0 0.879412 0.151023 0.173791 0.215547 0.789216 0.131250 1.000000 0.797386 0.117188 1.000000 0.000000 0.000000 0.000000 0.839869 0.120313 1.000000 0.000000 0.000000 0.000000 0.869281 0.185938 2.000000 0.955882 0.167187 2.000000 0.825163 0.350000 1.000000 0.000000 0.000000 0.000000 0.000000 0.000000 0.000000 0.000000 0.000000 0.000000 0.000000 0.000000 0.000000 0.000000 0.000000 0.000000 0.000000 0.000000 0.000000 0.000000 0.000000 0.000000 0.000000 0.000000 0.000000 0.000000 0.000000 0.000000
0 0.399273 0.070070 0.152206 0.139953 0.400327 0.014063 2.000000 0.406863 0.003125 2.000000 0.383987 0.007812 2.000000 0.419935 0.003125 2.000000 0.362745 0.017188 2.000000 0.454248 0.059375 2.000000 0.348039 0.048438 2.000000 0.446078 0.123438 2.000000 0.000000 0.000000 0.000000 0.421569 0.067187 2.000000 0.000000 0.000000 0.000000 0.000000 0.000000 0.000000 0.000000 0.000000 0.000000 0.000000 0.000000 0.000000 0.000000 0.000000 0.000000 0.000000 0.000000 0.000000 0.000000 0.000000 0.000000
0 0.667533 0.044367 0.157778 0.088734 0.000000 0.000000 0.000000 0.000000 0.000000 0.000000 0.000000 0.000000 0.000000 0.000000 0.000000 0.000000 0.000000 0.000000 0.000000 0.586601 0.020313 1.000000 0.668301 0.028125 2.000000 0.000000 0.000000 0.000000 0.704248 0.093750 1.000000 0.000000 0.000000 0.000000 0.717320 0.045312 2.000000 0.000000 0.000000 0.000000 0.000000 0.000000 0.000000 0.000000 0.000000 0.000000 0.000000 0.000000 0.000000 0.000000 0.000000 0.000000 0.000000 0.000000 0.000000
0 0.101675 0.309328 0.203350 0.428375 0.000000 0.000000 0.000000 0.000000 0.000000 0.000000 0.000000 0.000000 0.000000 0.027778 0.206250 2.000000 0.000000 0.000000 0.000000 0.004902 0.275000 2.000000 0.142157 0.260937 2.000000 0.000000 0.000000 0.000000 0.000000 0.000000 0.000000 0.000000 0.000000 0.000000 0.000000 0.000000 0.000000 0.104575 0.528125 1.000000 0.197712 0.510938 1.000000 0.000000 0.000000 0.000000 0.000000 0.000000 0.000000 0.000000 0.000000 0.000000 0.000000 0.000000 0.000000
0 0.945654 0.058211 0.108693 0.116141 0.000000 0.000000 0.000000 0.000000 0.000000 0.000000 0.000000 0.000000 0.000000 0.000000 0.000000 0.000000 0.000000 0.000000 0.000000 0.980392 0.015625 2.000000 0.911765 0.028125 2.000000 0.000000 0.000000 0.000000 0.000000 0.000000 0.000000 0.000000 0.000000 0.000000 0.000000 0.000000 0.000000 0.967320 0.154688 1.000000 0.923203 0.154688 1.000000 0.000000 0.000000 0.000000 0.000000 0.000000 0.000000 0.000000 0.000000 0.000000 0.000000 0.000000 0.000000
0 0.442721 0.565836 0.814820 0.868328 0.297386 0.306250 2.000000 0.321895 0.278125 2.000000 0.254902 0.278125 2.000000 0.361111 0.300000 2.000000 0.189542 0.296875 2.000000 0.380719 0.514062 2.000000 0.166667 0.540625 2.000000 0.511438 0.779687 2.000000 0.212418 0.864062 1.000000 0.787582 0.846875 1.000000 0.516340 0.904687 2.000000 0.486928 0.882812 2.000000 0.320261 0.978125 2.000000 0.834967 0.932813 1.000000 0.836601 0.982812 2.000000 0.000000 0.000000 0.000000 0.000000 0.000000 0.000000
0 0.546070 0.064313 0.143905 0.125312 0.511438 0.020313 2.000000 0.521242 0.009375 2.000000 0.000000 0.000000 0.000000 0.555556 0.007812 2.000000 0.000000 0.000000 0.000000 0.581699 0.071875 2.000000 0.522876 0.064062 2.000000 0.560458 0.148438 1.000000 0.473856 0.132812 1.000000 0.491830 0.135937 1.000000 0.511438 0.132812 1.000000 0.000000 0.000000 0.000000 0.000000 0.000000 0.000000 0.000000 0.000000 0.000000 0.000000 0.000000 0.000000 0.000000 0.000000 0.000000 0.000000 0.000000 0.000000
