0 0.242180 0.454898 0.474266 0.674593 0.362500 0.337104 2.000000 0.000000 0.000000 0.000000 0.362500 0.300905 2.000000 0.000000 0.000000 0.000000 0.312500 0.237557 2.000000 0.307812 0.260181 2.000000 0.175000 0.253394 2.000000 0.318750 0.493213 2.000000 0.239063 0.574661 2.000000 0.406250 0.644796 2.000000 0.393750 0.699095 2.000000 0.185938 0.552036 2.000000 0.067187 0.531674 2.000000 0.200000 0.823529 1.000000 0.090625 0.843891 1.000000 0.000000 0.000000 0.000000 0.000000 0.000000 0.000000
0 0.628547 0.311233 0.167625 0.487624 0.625000 0.162896 2.000000 0.642188 0.151584 2.000000 0.615625 0.147059 2.000000 0.668750 0.153846 2.000000 0.000000 0.000000 0.000000 0.695312 0.226244 2.000000 0.573438 0.251131 2.000000 0.000000 0.000000 0.000000 0.551562 0.359729 2.000000 0.000000 0.000000 0.000000 0.600000 0.386878 2.000000 0.682813 0.470588 1.000000 0.610938 0.477376 2.000000 0.000000 0.000000 0.000000 0.000000 0.000000 0.000000 0.000000 0.000000 0.000000 0.000000 0.000000 0.000000
0 0.492820 0.304389 0.159734 0.483167 0.476562 0.144796 2.000000 0.489063 0.126697 2.000000 0.467187 0.128959 2.000000 0.507812 0.115385 2.000000 0.000000 0.000000 0.000000 0.548438 0.199095 2.000000 0.446875 0.214932 2.000000 0.565625 0.323529 1.000000 0.432812 0.319005 1.000000 0.000000 0.000000 0.000000 0.000000 0.000000 0.000000 0.532813 0.436652 2.000000 0.468750 0.438914 1.000000 0.000000 0.000000 0.000000 0.000000 0.000000 0.000000 0.000000 0.000000 0.000000 0.000000 0.000000 0.000000
0 0.759687 0.657308 0.308844 0.586516 0.731250 0.549774 1.000000 0.734375 0.533937 2.000000 0.000000 0.000000 0.000000 0.781250 0.552036 2.000000 0.000000 0.000000 0.000000 0.814063 0.739819 2.000000 0.789062 0.651584 2.000000 0.843750 0.986425 1.000000 0.756250 0.814480 2.000000 0.000000 0.000000 0.000000 0.709375 0.889140 2.000000 0.000000 0.000000 0.000000 0.000000 0.000000 0.000000 0.000000 0.000000 0.000000 0.000000 0.000000 0.000000 0.000000 0.000000 0.000000 0.000000 0.000000 0.000000
0 0.915391 0.521550 0.169219 0.502783 0.000000 0.000000 0.000000 0.000000 0.000000 0.000000 0.000000 0.000000 0.000000 0.935937 0.438914 2.000000 0.000000 0.000000 0.000000 0.920312 0.633484 2.000000 0.967187 0.515837 2.000000 0.000000 0.000000 0.000000 0.000000 0.000000 0.000000 0.000000 0.000000 0.000000 0.000000 0.000000 0.000000 0.000000 0.000000 0.000000 0.000000 0.000000 0.000000 0.000000 0.000000 0.000000 0.000000 0.000000 0.000000 0.000000 0.000000 0.000000 0.000000 0.000000 0.000000
0 0.042156 0.272523 0.084312 0.348077 0.040625 0.185520 2.000000 0.053125 0.176471 2.000000 0.031250 0.174208 2.000000 0.000000 0.000000 0.000000 0.000000 0.000000 0.000000 0.065625 0.266968 2.000000 0.000000 0.000000 0.000000 0.000000 0.000000 0.000000 0.000000 0.000000 0.000000 0.000000 0.000000 0.000000 0.009375 0.389140 2.000000 0.000000 0.000000 0.000000 0.000000 0.000000 0.000000 0.000000 0.000000 0.000000 0.000000 0.000000 0.000000 0.000000 0.000000 0.000000 0.000000 0.000000 0.000000
0 0.159078 0.784265 0.318156 0.408982 0.085938 0.742081 2.000000 0.115625 0.719457 2.000000 0.070312 0.714932 2.000000 0.148438 0.712670 2.000000 0.050000 0.710407 2.000000 0.135937 0.757919 2.000000 0.034375 0.809955 2.000000 0.229687 0.812217 2.000000 0.000000 0.000000 0.000000 0.279687 0.884615 2.000000 0.060937 0.952489 2.000000 0.000000 0.000000 0.000000 0.000000 0.000000 0.000000 0.000000 0.000000 0.000000 0.000000 0.000000 0.000000 0.000000 0.000000 0.000000 0.000000 0.000000 0.000000
0 0.697609 0.495509 0.107094 0.276403 0.692187 0.454751 2.000000 0.704688 0.443439 2.000000 0.685937 0.441176 2.000000 0.729688 0.441176 1.000000 0.000000 0.000000 0.000000 0.740625 0.515837 1.000000 0.670312 0.506787 2.000000 0.740625 0.613122 2.000000 0.660937 0.608597 1.000000 0.712500 0.531674 2.000000 0.664062 0.533937 2.000000 0.735938 0.662896 1.000000 0.671875 0.653846 1.000000 0.000000 0.000000 0.000000 0.000000 0.000000 0.000000 0.000000 0.000000 0.000000 0.000000 0.000000 0.000000
0 0.895508 0.227704 0.097359 0.116176 0.878125 0.253394 2.000000 0.893750 0.239819 2.000000 0.868750 0.242081 2.000000 0.925000 0.228507 2.000000 0.000000 0.000000 0.000000 0.000000 0.000000 0.000000 0.000000 0.000000 0.000000 0.000000 0.000000 0.000000 0.000000 0.000000 0.000000 0.000000 0.000000 0.000000 0.000000 0.000000 0.000000 0.000000 0.000000 0.000000 0.000000 0.000000 0.000000 0.000000 0.000000 0.000000 0.000000 0.000000 0.000000 0.000000 0.000000 0.000000 0.000000 0.000000 0.000000
0 0.759305 0.240814 0.169203 0.328778 0.746875 0.176471 2.000000 0.757812 0.165158 2.000000 0.737500 0.167421 2.000000 0.781250 0.162896 2.000000 0.000000 0.000000 0.000000 0.820312 0.278281 2.000000 0.704688 0.266968 2.000000 0.814063 0.395928 1.000000 0.693750 0.391403 1.000000 0.000000 0.000000 0.000000 0.000000 0.000000 0.000000 0.000000 0.000000 0.000000 0.000000 0.000000 0.000000 0.000000 0.000000 0.000000 0.000000 0.000000 0.000000 0.000000 0.000000 0.000000 0.000000 0.000000 0.000000
0 0.453859 0.456324 0.127594 0.300068 0.453125 0.400452 2.000000 0.465625 0.386878 2.000000 0.442188 0.384615 2.000000 0.000000 0.000000 0.000000 0.414062 0.377828 2.000000 0.485938 0.443439 2.000000 0.393750 0.459276 1.000000 0.510938 0.533937 2.000000 0.396875 0.583710 2.000000 0.485938 0.558824 2.000000 0.460938 0.583710 2.000000 0.498437 0.588235 2.000000 0.426563 0.599548 1.000000 0.000000 0.000000 0.000000 0.000000 0.000000 0.000000 0.000000 0.000000 0.000000 0.000000 0.000000 0.000000
0 0.958586 0.151097 0.082828 0.272421 0.948438 0.106335 2.000000 0.964063 0.088235 2.000000 0.934375 0.090498 2.000000 0.993750 0.088235 2.000000 0.926562 0.090498 2.000000 0.990625 0.201357 2.000000 0.910937 0.185520 1.000000 0.000000 0.000000 0.000000 0.000000 0.000000 0.000000 0.000000 0.000000 0.000000 0.000000 0.000000 0.000000 0.000000 0.000000 0.000000 0.000000 0.000000 0.000000 0.000000 0.000000 0.000000 0.000000 0.000000 0.000000 0.000000 0.000000 0.000000 0.000000 0.000000 0.000000
