0 0.531945 0.608997 0.398328 0.759554 0.442188 0.389972 2.000000 0.000000 0.000000 0.000000 0.426563 0.356546 2.000000 0.000000 0.000000 0.000000 0.375000 0.387187 2.000000 0.414062 0.498607 2.000000 0.387500 0.587744 1.000000 0.489063 0.660167 2.000000 0.493750 0.791086 2.000000 0.487500 0.810585 2.000000 0.535937 0.565460 1.000000 0.520312 0.835655 2.000000 0.510938 0.899721 2.000000 0.715625 0.944290 2.000000 0.000000 0.000000 0.000000 0.000000 0.000000 0.000000 0.000000 0.000000 0.000000
0 0.527500 0.458844 0.250812 0.448162 0.537500 0.359331 1.000000 0.000000 0.000000 0.000000 0.534375 0.334262 1.000000 0.000000 0.000000 0.000000 0.506250 0.342618 1.000000 0.000000 0.000000 0.000000 0.482812 0.490251 2.000000 0.000000 0.000000 0.000000 0.546875 0.610028 1.000000 0.000000 0.000000 0.000000 0.575000 0.487465 1.000000 0.000000 0.000000 0.000000 0.000000 0.000000 0.000000 0.000000 0.000000 0.000000 0.000000 0.000000 0.000000 0.000000 0.000000 0.000000 0.000000 0.000000 0.000000
0 0.832563 0.503370 0.212250 0.972981 0.787500 0.011142 1.000000 0.000000 0.000000 0.000000 0.000000 0.000000 0.000000 0.000000 0.000000 0.000000 0.000000 0.000000 0.000000 0.893750 0.080780 1.000000 0.804688 0.100279 2.000000 0.920312 0.270195 2.000000 0.000000 0.000000 0.000000 0.814063 0.225627 2.000000 0.773438 0.256267 2.000000 0.860938 0.495822 1.000000 0.798438 0.493036 1.000000 0.868750 0.740947 2.000000 0.801562 0.713092 2.000000 0.000000 0.000000 0.000000 0.809375 0.941504 2.000000
0 0.652266 0.334833 0.063562 0.458189 0.623437 0.150418 2.000000 0.629687 0.144847 2.000000 0.000000 0.000000 0.000000 0.642188 0.147632 2.000000 0.000000 0.000000 0.000000 0.662500 0.203343 2.000000 0.632812 0.203343 2.000000 0.668750 0.278552 2.000000 0.000000 0.000000 0.000000 0.000000 0.000000 0.000000 0.000000 0.000000 0.000000 0.660937 0.311978 2.000000 0.642188 0.320334 2.000000 0.662500 0.415042 2.000000 0.632812 0.420613 1.000000 0.662500 0.520891 1.000000 0.642188 0.512535 2.000000
0 0.585391 0.277869 0.040906 0.265209 0.573438 0.155989 1.000000 0.000000 0.000000 0.000000 0.000000 0.000000 0.000000 0.584375 0.167131 2.000000 0.000000 0.000000 0.000000 0.581250 0.228412 2.000000 0.593750 0.217270 2.000000 0.567187 0.286908 1.000000 0.000000 0.000000 0.000000 0.000000 0.000000 0.000000 0.000000 0.000000 0.000000 0.584375 0.367688 2.000000 0.595313 0.359331 2.000000 0.000000 0.000000 0.000000 0.000000 0.000000 0.000000 0.000000 0.000000 0.000000 0.000000 0.000000 0.000000
0 0.117211 0.639164 0.144922 0.348802 0.000000 0.000000 0.000000 0.000000 0.000000 0.000000 0.000000 0.000000 0.000000 0.000000 0.000000 0.000000 0.000000 0.000000 0.000000 0.175000 0.568245 1.000000 0.000000 0.000000 0.000000 0.110937 0.782730 2.000000 0.000000 0.000000 0.000000 0.073438 0.554318 2.000000 0.000000 0.000000 0.000000 0.000000 0.000000 0.000000 0.000000 0.000000 0.000000 0.015625 0.841226 1.000000 0.081250 0.771588 1.000000 0.000000 0.000000 0.000000 0.000000 0.000000 0.000000
0 0.709711 0.324039 0.041922 0.230084 0.710938 0.236769 2.000000 0.712500 0.231198 2.000000 0.707812 0.231198 2.000000 0.717187 0.231198 2.000000 0.000000 0.000000 0.000000 0.723437 0.253482 2.000000 0.696875 0.253482 2.000000 0.725000 0.286908 2.000000 0.693750 0.284123 2.000000 0.714063 0.270195 2.000000 0.704688 0.267409 2.000000 0.717187 0.320334 2.000000 0.698438 0.320334 2.000000 0.715625 0.373259 1.000000 0.700000 0.378830 2.000000 0.714063 0.426184 1.000000 0.700000 0.415042 2.000000
0 0.503258 0.383008 0.088984 0.266852 0.539062 0.364903 2.000000 0.000000 0.000000 0.000000 0.534375 0.337047 2.000000 0.000000 0.000000 0.000000 0.501563 0.337047 2.000000 0.493750 0.431755 2.000000 0.478125 0.473538 2.000000 0.000000 0.000000 0.000000 0.537500 0.623955 1.000000 0.000000 0.000000 0.000000 0.571875 0.487465 1.000000 0.000000 0.000000 0.000000 0.000000 0.000000 0.000000 0.000000 0.000000 0.000000 0.000000 0.000000 0.000000 0.000000 0.000000 0.000000 0.000000 0.000000 0.000000
0 0.516938 0.193078 0.068312 0.155682 0.000000 0.000000 0.000000 0.000000 0.000000 0.000000 0.000000 0.000000 0.000000 0.000000 0.000000 0.000000 0.000000 0.000000 0.000000 0.545312 0.220056 1.000000 0.489063 0.222841 2.000000 0.000000 0.000000 0.000000 0.000000 0.000000 0.000000 0.000000 0.000000 0.000000 0.000000 0.000000 0.000000 0.000000 0.000000 0.000000 0.000000 0.000000 0.000000 0.000000 0.000000 0.000000 0.000000 0.000000 0.000000 0.000000 0.000000 0.000000 0.000000 0.000000 0.000000
0 0.951273 0.494387 0.097453 0.988774 0.000000 0.000000 0.000000 0.000000 0.000000 0.000000 0.000000 0.000000 0.000000 0.000000 0.000000 0.000000 0.000000 0.000000 0.000000 0.000000 0.000000 0.000000 0.976562 0.027855 1.000000 0.000000 0.000000 0.000000 0.000000 0.000000 0.000000 0.984375 0.186630 2.000000 0.000000 0.000000 0.000000 0.000000 0.000000 0.000000 0.945312 0.467967 2.000000 0.000000 0.000000 0.000000 0.937500 0.860724 2.000000 0.000000 0.000000 0.000000 0.000000 0.000000 0.000000
