0 0.561242 0.180675 0.055422 0.102702 0.000000 0.000000 0.000000 0.000000 0.000000 0.000000 0.000000 0.000000 0.000000 0.000000 0.000000 0.000000 0.554688 0.193900 2.000000 0.600000 0.244009 1.000000 0.535937 0.248366 1.000000 0.000000 0.000000 0.000000 0.000000 0.000000 0.000000 0.000000 0.000000 0.000000 0.000000 0.000000 0.000000 0.000000 0.000000 0.000000 0.000000 0.000000 0.000000 0.000000 0.000000 0.000000 0.000000 0.000000 0.000000 0.000000 0.000000 0.000000 0.000000 0.000000 0.000000
0 0.705133 0.619956 0.455078 0.728715 0.756250 0.496732 2.000000 0.771875 0.461874 2.000000 0.718750 0.461874 2.000000 0.798438 0.418301 2.000000 0.673438 0.429194 2.000000 0.879687 0.570806 2.000000 0.542188 0.562092 2.000000 0.901563 0.832244 2.000000 0.515625 0.812636 2.000000 0.832812 0.947712 2.000000 0.600000 0.901961 1.000000 0.000000 0.000000 0.000000 0.000000 0.000000 0.000000 0.000000 0.000000 0.000000 0.000000 0.000000 0.000000 0.000000 0.000000 0.000000 0.000000 0.000000 0.000000
0 0.896086 0.343813 0.190172 0.395512 0.000000 0.000000 0.000000 0.000000 0.000000 0.000000 0.000000 0.000000 0.000000 0.000000 0.000000 0.000000 0.960938 0.259259 2.000000 0.835938 0.385621 2.000000 0.993750 0.366013 1.000000 0.810937 0.531590 1.000000 0.000000 0.000000 0.000000 0.000000 0.000000 0.000000 0.000000 0.000000 0.000000 0.854688 0.649237 1.000000 0.946875 0.638344 1.000000 0.000000 0.000000 0.000000 0.000000 0.000000 0.000000 0.000000 0.000000 0.000000 0.000000 0.000000 0.000000
0 0.586172 0.347996 0.177062 0.404619 0.000000 0.000000 0.000000 0.000000 0.000000 0.000000 0.000000 0.000000 0.000000 0.000000 0.000000 0.000000 0.000000 0.000000 0.000000 0.537500 0.326797 2.000000 0.659375 0.337691 2.000000 0.000000 0.000000 0.000000 0.000000 0.000000 0.000000 0.000000 0.000000 0.000000 0.000000 0.000000 0.000000 0.000000 0.000000 0.000000 0.000000 0.000000 0.000000 0.000000 0.000000 0.000000 0.000000 0.000000 0.000000 0.000000 0.000000 0.000000 0.000000 0.000000 0.000000
0 0.794125 0.219891 0.174125 0.228671 0.834375 0.178649 2.000000 0.000000 0.000000 0.000000 0.825000 0.161220 2.000000 0.000000 0.000000 0.000000 0.790625 0.172113 2.000000 0.837500 0.237473 2.000000 0.740625 0.248366 2.000000 0.876563 0.320261 1.000000 0.000000 0.000000 0.000000 0.835938 0.361656 1.000000 0.000000 0.000000 0.000000 0.000000 0.000000 0.000000 0.000000 0.000000 0.000000 0.000000 0.000000 0.000000 0.000000 0.000000 0.000000 0.000000 0.000000 0.000000 0.000000 0.000000 0.000000
0 0.483852 0.206993 0.117609 0.223617 0.485938 0.137255 2.000000 0.484375 0.128540 2.000000 0.476562 0.126362 2.000000 0.000000 0.000000 0.000000 0.453125 0.135076 2.000000 0.504687 0.189542 2.000000 0.425000 0.206972 1.000000 0.000000 0.000000 0.000000 0.000000 0.000000 0.000000 0.000000 0.000000 0.000000 0.000000 0.000000 0.000000 0.000000 0.000000 0.000000 0.000000 0.000000 0.000000 0.000000 0.000000 0.000000 0.000000 0.000000 0.000000 0.000000 0.000000 0.000000 0.000000 0.000000 0.000000
0 0.116586 0.254488 0.123828 0.284749 0.175000 0.172113 2.000000 0.000000 0.000000 0.000000 0.165625 0.161220 2.000000 0.000000 0.000000 0.000000 0.143750 0.174292 2.000000 0.000000 0.000000 0.000000 0.096875 0.265795 2.000000 0.000000 0.000000 0.000000 0.000000 0.000000 0.000000 0.000000 0.000000 0.000000 0.000000 0.000000 0.000000 0.000000 0.000000 0.000000 0.000000 0.000000 0.000000 0.000000 0.000000 0.000000 0.000000 0.000000 0.000000 0.000000 0.000000 0.000000 0.000000 0.000000 0.000000
0 0.184742 0.134684 0.074547 0.105752 0.215625 0.159041 2.000000 0.215625 0.139434 2.000000 0.203125 0.141612 2.000000 0.000000 0.000000 0.000000 0.168750 0.150327 1.000000 0.000000 0.000000 0.000000 0.000000 0.000000 0.000000 0.000000 0.000000 0.000000 0.000000 0.000000 0.000000 0.000000 0.000000 0.000000 0.000000 0.000000 0.000000 0.000000 0.000000 0.000000 0.000000 0.000000 0.000000 0.000000 0.000000 0.000000 0.000000 0.000000 0.000000 0.000000 0.000000 0.000000 0.000000 0.000000 0.000000
0 0.237664 0.491394 0.391828 0.660654 0.220312 0.337691 2.000000 0.245312 0.315904 2.000000 0.196875 0.315904 2.000000 0.287500 0.305011 2.000000 0.154688 0.305011 2.000000 0.381250 0.455338 2.000000 0.082812 0.444444 2.000000 0.381250 0.738562 2.000000 0.075000 0.708061 2.000000 0.000000 0.000000 0.000000 0.000000 0.000000 0.000000 0.278125 0.803922 2.000000 0.168750 0.806100 1.000000 0.000000 0.000000 0.000000 0.000000 0.000000 0.000000 0.000000 0.000000 0.000000 0.000000 0.000000 0.000000
0 0.259813 0.161819 0.085469 0.178279 0.000000 0.000000 0.000000 0.000000 0.000000 0.000000 0.000000 0.000000 0.000000 0.231250 0.119826 2.000000 0.000000 0.000000 0.000000 0.251563 0.191721 1.000000 0.293750 0.187364 2.000000 0.000000 0.000000 0.000000 0.000000 0.000000 0.000000 0.000000 0.000000 0.000000 0.000000 0.000000 0.000000 0.000000 0.000000 0.000000 0.000000 0.000000 0.000000 0.000000 0.000000 0.000000 0.000000 0.000000 0.000000 0.000000 0.000000 0.000000 0.000000 0.000000 0.000000
0 0.031797 0.310632 0.063594 0.369455 0.000000 0.000000 0.000000 0.000000 0.000000 0.000000 0.000000 0.000000 0.000000 0.000000 0.000000 0.000000 0.000000 0.000000 0.000000 0.007812 0.291939 2.000000 0.000000 0.000000 0.000000 0.037500 0.457516 2.000000 0.000000 0.000000 0.000000 0.000000 0.000000 0.000000 0.000000 0.000000 0.000000 0.000000 0.000000 0.000000 0.000000 0.000000 0.000000 0.000000 0.000000 0.000000 0.000000 0.000000 0.000000 0.000000 0.000000 0.000000 0.000000 0.000000 0.000000
0 0.379008 0.452974 0.197047 0.655926 0.000000 0.000000 0.000000 0.000000 0.000000 0.000000 0.000000 0.000000 0.000000 0.000000 0.000000 0.000000 0.368750 0.224401 2.000000 0.279687 0.302832 1.000000 0.395313 0.322440 2.000000 0.000000 0.000000 0.000000 0.412500 0.466231 1.000000 0.000000 0.000000 0.000000 0.435937 0.520697 2.000000 0.282813 0.549020 1.000000 0.365625 0.566449 1.000000 0.000000 0.000000 0.000000 0.000000 0.000000 0.000000 0.000000 0.000000 0.000000 0.000000 0.000000 0.000000
0 0.051664 0.217800 0.072078 0.248758 0.000000 0.000000 0.000000 0.000000 0.000000 0.000000 0.000000 0.000000 0.000000 0.000000 0.000000 0.000000 0.089063 0.169935 1.000000 0.000000 0.000000 0.000000 0.059375 0.272331 2.000000 0.000000 0.000000 0.000000 0.000000 0.000000 0.000000 0.000000 0.000000 0.000000 0.000000 0.000000 0.000000 0.000000 0.000000 0.000000 0.000000 0.000000 0.000000 0.000000 0.000000 0.000000 0.000000 0.000000 0.000000 0.000000 0.000000 0.000000 0.000000 0.000000 0.000000
