0 0.582297 0.764052 0.301687 0.283146 0.504687 0.710417 2.000000 0.510938 0.683333 2.000000 0.489063 0.720833 2.000000 0.539062 0.668750 2.000000 0.000000 0.000000 0.000000 0.620313 0.737500 2.000000 0.503125 0.820833 2.000000 0.679688 0.845833 2.000000 0.000000 0.000000 0.000000 0.000000 0.000000 0.000000 0.000000 0.000000 0.000000 0.000000 0.000000 0.000000 0.000000 0.000000 0.000000 0.000000 0.000000 0.000000 0.000000 0.000000 0.000000 0.000000 0.000000 0.000000 0.000000 0.000000 0.000000
0 0.588203 0.443812 0.124719 0.397750 0.535937 0.304167 2.000000 0.534375 0.295833 2.000000 0.000000 0.000000 0.000000 0.553125 0.277083 2.000000 0.000000 0.000000 0.000000 0.601562 0.306250 2.000000 0.564063 0.320833 2.000000 0.632812 0.391667 2.000000 0.578125 0.404167 2.000000 0.632812 0.445833 2.000000 0.617188 0.460417 2.000000 0.598437 0.458333 2.000000 0.564063 0.456250 2.000000 0.592187 0.587500 2.000000 0.576562 0.585417 1.000000 0.598437 0.689583 1.000000 0.587500 0.685417 1.000000
0 0.479625 0.390542 0.075000 0.189250 0.487500 0.343750 2.000000 0.487500 0.331250 2.000000 0.481250 0.333333 2.000000 0.000000 0.000000 0.000000 0.465625 0.339583 2.000000 0.490625 0.379167 2.000000 0.453125 0.381250 2.000000 0.506250 0.397917 2.000000 0.490625 0.412500 2.000000 0.504687 0.354167 2.000000 0.496875 0.377083 2.000000 0.509375 0.475000 1.000000 0.467187 0.479167 1.000000 0.000000 0.000000 0.000000 0.000000 0.000000 0.000000 0.000000 0.000000 0.000000 0.000000 0.000000 0.000000
0 0.521516 0.569177 0.176812 0.204729 0.493750 0.552083 2.000000 0.504687 0.539583 2.000000 0.487500 0.539583 2.000000 0.532813 0.535417 2.000000 0.000000 0.000000 0.000000 0.557813 0.583333 2.000000 0.468750 0.581250 2.000000 0.593750 0.654167 2.000000 0.448437 0.658333 1.000000 0.000000 0.000000 0.000000 0.000000 0.000000 0.000000 0.000000 0.000000 0.000000 0.000000 0.000000 0.000000 0.000000 0.000000 0.000000 0.000000 0.000000 0.000000 0.000000 0.000000 0.000000 0.000000 0.000000 0.000000
0 0.803398 0.600000 0.096203 0.360458 0.839063 0.475000 2.000000 0.000000 0.000000 0.000000 0.837500 0.466667 2.000000 0.000000 0.000000 0.000000 0.817187 0.462500 2.000000 0.820312 0.489583 2.000000 0.787500 0.491667 2.000000 0.000000 0.000000 0.000000 0.807813 0.537500 2.000000 0.000000 0.000000 0.000000 0.828125 0.500000 2.000000 0.807813 0.591667 1.000000 0.778125 0.591667 1.000000 0.000000 0.000000 0.000000 0.806250 0.660417 1.000000 0.000000 0.000000 0.000000 0.768750 0.733333 2.000000
0 0.906156 0.573354 0.163406 0.275417 0.946875 0.481250 2.000000 0.000000 0.000000 0.000000 0.942187 0.470833 2.000000 0.000000 0.000000 0.000000 0.917188 0.470833 2.000000 0.923438 0.508333 2.000000 0.890625 0.506250 2.000000 0.000000 0.000000 0.000000 0.932813 0.552083 2.000000 0.000000 0.000000 0.000000 0.979688 0.531250 2.000000 0.895312 0.650000 2.000000 0.857812 0.654167 2.000000 0.000000 0.000000 0.000000 0.000000 0.000000 0.000000 0.000000 0.000000 0.000000 0.000000 0.000000 0.000000
0 0.309648 0.500656 0.093141 0.113646 0.331250 0.493750 2.000000 0.339062 0.483333 2.000000 0.326562 0.483333 2.000000 0.350000 0.479167 2.000000 0.318750 0.479167 2.000000 0.357812 0.514583 1.000000 0.304688 0.514583 2.000000 0.000000 0.000000 0.000000 0.267188 0.545833 2.000000 0.000000 0.000000 0.000000 0.293750 0.545833 2.000000 0.351562 0.606250 1.000000 0.310937 0.604167 1.000000 0.000000 0.000000 0.000000 0.000000 0.000000 0.000000 0.000000 0.000000 0.000000 0.000000 0.000000 0.000000
0 0.409961 0.480427 0.069422 0.105896 0.401562 0.479167 2.000000 0.407813 0.468750 2.000000 0.395313 0.468750 2.000000 0.421875 0.466667 2.000000 0.000000 0.000000 0.000000 0.437500 0.508333 2.000000 0.381250 0.504167 2.000000 0.000000 0.000000 0.000000 0.000000 0.000000 0.000000 0.000000 0.000000 0.000000 0.000000 0.000000 0.000000 0.000000 0.000000 0.000000 0.000000 0.000000 0.000000 0.000000 0.000000 0.000000 0.000000 0.000000 0.000000 0.000000 0.000000 0.000000 0.000000 0.000000 0.000000
0 0.365875 0.584521 0.161812 0.181500 0.401562 0.562500 1.000000 0.412500 0.550000 2.000000 0.392188 0.547917 2.000000 0.426563 0.554167 2.000000 0.378125 0.550000 1.000000 0.437500 0.602083 2.000000 0.342187 0.585417 2.000000 0.000000 0.000000 0.000000 0.290625 0.658333 1.000000 0.000000 0.000000 0.000000 0.334375 0.602083 2.000000 0.415625 0.731250 1.000000 0.345313 0.729167 1.000000 0.000000 0.000000 0.000000 0.000000 0.000000 0.000000 0.000000 0.000000 0.000000 0.000000 0.000000 0.000000
0 0.269602 0.817656 0.225109 0.364687 0.373437 0.708333 2.000000 0.000000 0.000000 0.000000 0.000000 0.000000 0.000000 0.000000 0.000000 0.000000 0.000000 0.000000 0.000000 0.271875 0.860417 2.000000 0.239063 0.927083 2.000000 0.000000 0.000000 0.000000 0.000000 0.000000 0.000000 0.432812 0.912500 1.000000 0.000000 0.000000 0.000000 0.000000 0.000000 0.000000 0.000000 0.000000 0.000000 0.000000 0.000000 0.000000 0.000000 0.000000 0.000000 0.000000 0.000000 0.000000 0.000000 0.000000 0.000000
0 0.914609 0.896719 0.169469 0.206563 0.000000 0.000000 0.000000 0.000000 0.000000 0.000000 0.000000 0.000000 0.000000 0.000000 0.000000 0.000000 0.850000 0.964583 2.000000 0.000000 0.000000 0.000000 0.000000 0.000000 0.000000 0.000000 0.000000 0.000000 0.000000 0.000000 0.000000 0.000000 0.000000 0.000000 0.000000 0.000000 0.000000 0.000000 0.000000 0.000000 0.000000 0.000000 0.000000 0.000000 0.000000 0.000000 0.000000 0.000000 0.000000 0.000000 0.000000 0.000000 0.000000 0.000000 0.000000
