0 0.230703 0.549073 0.210469 0.381604 0.234375 0.406250 2.000000 0.234375 0.400000 2.000000 0.226562 0.400000 2.000000 0.000000 0.000000 0.000000 0.209375 0.404167 2.000000 0.262500 0.441667 2.000000 0.184375 0.464583 2.000000 0.303125 0.500000 2.000000 0.179688 0.533333 2.000000 0.323437 0.554167 2.000000 0.232813 0.545833 1.000000 0.260937 0.566667 1.000000 0.210938 0.572917 1.000000 0.328125 0.616667 1.000000 0.162500 0.625000 2.000000 0.348438 0.731250 1.000000 0.142187 0.733333 2.000000
0 0.175133 0.251833 0.080828 0.129708 0.182812 0.220833 2.000000 0.185938 0.214583 2.000000 0.178125 0.216667 2.000000 0.190625 0.216667 2.000000 0.168750 0.218750 2.000000 0.190625 0.245833 2.000000 0.156250 0.247917 2.000000 0.204687 0.300000 2.000000 0.145313 0.300000 2.000000 0.196875 0.262500 2.000000 0.164062 0.268750 2.000000 0.185938 0.312500 1.000000 0.157812 0.312500 1.000000 0.203125 0.339583 1.000000 0.171875 0.347917 1.000000 0.000000 0.000000 0.000000 0.000000 0.000000 0.000000
0 0.545227 0.522469 0.214047 0.474146 0.000000 0.000000 0.000000 0.000000 0.000000 0.000000 0.000000 0.000000 0.000000 0.000000 0.000000 0.000000 0.000000 0.000000 0.000000 0.545312 0.372917 2.000000 0.515625 0.358333 2.000000 0.482812 0.370833 2.000000 0.485938 0.356250 2.000000 0.456250 0.329167 2.000000 0.467187 0.316667 2.000000 0.620313 0.491667 2.000000 0.585938 0.497917 2.000000 0.626563 0.589583 2.000000 0.573438 0.616667 2.000000 0.637500 0.729167 2.000000 0.551562 0.722917 2.000000
0 0.749711 0.280583 0.107203 0.140375 0.751563 0.247917 2.000000 0.756250 0.237500 2.000000 0.745313 0.239583 2.000000 0.764062 0.243750 2.000000 0.737500 0.245833 2.000000 0.789062 0.289583 2.000000 0.721875 0.287500 2.000000 0.782813 0.347917 1.000000 0.703125 0.345833 1.000000 0.760938 0.322917 1.000000 0.723437 0.316667 1.000000 0.773438 0.385417 1.000000 0.720313 0.383333 1.000000 0.000000 0.000000 0.000000 0.000000 0.000000 0.000000 0.000000 0.000000 0.000000 0.000000 0.000000 0.000000
0 0.844383 0.226969 0.091016 0.170771 0.837500 0.170833 2.000000 0.842187 0.166667 2.000000 0.832812 0.164583 2.000000 0.851562 0.164583 2.000000 0.826562 0.168750 1.000000 0.865625 0.204167 2.000000 0.814063 0.206250 2.000000 0.862500 0.277083 2.000000 0.809375 0.275000 1.000000 0.831250 0.304167 1.000000 0.806250 0.308333 1.000000 0.860938 0.289583 2.000000 0.823438 0.291667 1.000000 0.000000 0.000000 0.000000 0.000000 0.000000 0.000000 0.000000 0.000000 0.000000 0.000000 0.000000 0.000000
0 0.274898 0.619188 0.215141 0.278167 0.257812 0.527083 2.000000 0.259375 0.516667 2.000000 0.250000 0.522917 2.000000 0.000000 0.000000 0.000000 0.234375 0.525000 2.000000 0.270313 0.564583 2.000000 0.207813 0.577083 2.000000 0.310937 0.637500 2.000000 0.182812 0.629167 2.000000 0.328125 0.622917 2.000000 0.198437 0.708333 2.000000 0.275000 0.685417 2.000000 0.229687 0.695833 2.000000 0.331250 0.722917 2.000000 0.240625 0.633333 2.000000 0.353125 0.718750 2.000000 0.200000 0.733333 2.000000
0 0.933133 0.295406 0.114016 0.171104 0.945312 0.247917 2.000000 0.950000 0.239583 2.000000 0.940625 0.239583 2.000000 0.962500 0.245833 2.000000 0.935937 0.243750 2.000000 0.975000 0.287500 2.000000 0.914062 0.285417 2.000000 0.978125 0.341667 2.000000 0.885938 0.343750 2.000000 0.000000 0.000000 0.000000 0.000000 0.000000 0.000000 0.000000 0.000000 0.000000 0.000000 0.000000 0.000000 0.000000 0.000000 0.000000 0.000000 0.000000 0.000000 0.000000 0.000000 0.000000 0.000000 0.000000 0.000000
0 0.346383 0.334094 0.115172 0.181938 0.328125 0.287500 2.000000 0.334375 0.277083 2.000000 0.321875 0.279167 2.000000 0.342187 0.281250 2.000000 0.314063 0.283333 2.000000 0.351562 0.304167 2.000000 0.306250 0.312500 2.000000 0.376563 0.364583 2.000000 0.310937 0.387500 2.000000 0.367188 0.397917 2.000000 0.346875 0.389583 2.000000 0.360938 0.389583 2.000000 0.339062 0.393750 2.000000 0.000000 0.000000 0.000000 0.000000 0.000000 0.000000 0.000000 0.000000 0.000000 0.000000 0.000000 0.000000
0 0.426883 0.327458 0.093891 0.187792 0.421875 0.275000 2.000000 0.426563 0.262500 2.000000 0.415625 0.266667 2.000000 0.435937 0.264583 2.000000 0.404687 0.268750 2.000000 0.443750 0.291667 1.000000 0.392188 0.302083 2.000000 0.456250 0.360417 2.000000 0.398438 0.379167 2.000000 0.451562 0.383333 2.000000 0.439063 0.400000 2.000000 0.000000 0.000000 0.000000 0.000000 0.000000 0.000000 0.000000 0.000000 0.000000 0.000000 0.000000 0.000000 0.000000 0.000000 0.000000 0.000000 0.000000 0.000000
0 0.741109 0.348625 0.098188 0.129375 0.000000 0.000000 0.000000 0.000000 0.000000 0.000000 0.000000 0.000000 0.000000 0.000000 0.000000 0.000000 0.000000 0.000000 0.000000 0.760938 0.339583 2.000000 0.723437 0.341667 2.000000 0.784375 0.350000 2.000000 0.701562 0.343750 2.000000 0.762500 0.322917 2.000000 0.723437 0.316667 2.000000 0.764062 0.414583 1.000000 0.728125 0.416667 1.000000 0.000000 0.000000 0.000000 0.000000 0.000000 0.000000 0.000000 0.000000 0.000000 0.000000 0.000000 0.000000
0 0.940727 0.206875 0.106859 0.155625 0.935937 0.162500 2.000000 0.939063 0.154167 2.000000 0.931250 0.154167 2.000000 0.954688 0.158333 2.000000 0.000000 0.000000 0.000000 0.978125 0.206250 2.000000 0.907813 0.210417 2.000000 0.000000 0.000000 0.000000 0.887500 0.270833 2.000000 0.000000 0.000000 0.000000 0.000000 0.000000 0.000000 0.000000 0.000000 0.000000 0.000000 0.000000 0.000000 0.000000 0.000000 0.000000 0.000000 0.000000 0.000000 0.000000 0.000000 0.000000 0.000000 0.000000 0.000000
0 0.169742 0.127698 0.117797 0.228729 0.160938 0.056250 2.000000 0.165625 0.050000 2.000000 0.154688 0.045833 2.000000 0.173437 0.047917 2.000000 0.145313 0.047917 2.000000 0.185938 0.089583 2.000000 0.121875 0.083333 2.000000 0.190625 0.156250 2.000000 0.129688 0.164583 2.000000 0.000000 0.000000 0.000000 0.165625 0.166667 2.000000 0.182812 0.168750 2.000000 0.150000 0.168750 2.000000 0.220312 0.179167 2.000000 0.179688 0.187500 2.000000 0.000000 0.000000 0.000000 0.000000 0.000000 0.000000
0 0.065625 0.111854 0.110563 0.149333 0.054688 0.072917 2.000000 0.059375 0.064583 2.000000 0.048438 0.066667 2.000000 0.067187 0.062500 2.000000 0.037500 0.062500 1.000000 0.089063 0.083333 2.000000 0.023438 0.091667 2.000000 0.112500 0.131250 2.000000 0.023438 0.164583 2.000000 0.114062 0.181250 2.000000 0.042188 0.183333 1.000000 0.000000 0.000000 0.000000 0.000000 0.000000 0.000000 0.000000 0.000000 0.000000 0.000000 0.000000 0.000000 0.000000 0.000000 0.000000 0.000000 0.000000 0.000000
