0 0.359633 0.603292 0.179016 0.268042 0.000000 0.000000 0.000000 0.000000 0.000000 0.000000 0.000000 0.000000 0.000000 0.000000 0.000000 0.000000 0.401562 0.566667 2.000000 0.339062 0.558333 2.000000 0.325000 0.610417 2.000000 0.000000 0.000000 0.000000 0.435937 0.691667 1.000000 0.000000 0.000000 0.000000 0.423438 0.560417 2.000000 0.289062 0.727083 1.000000 0.292187 0.739583 1.000000 0.000000 0.000000 0.000000 0.000000 0.000000 0.000000 0.000000 0.000000 0.000000 0.000000 0.000000 0.000000
0 0.426180 0.498708 0.119891 0.183042 0.428125 0.483333 2.000000 0.000000 0.000000 0.000000 0.421875 0.470833 2.000000 0.432812 0.470833 2.000000 0.390625 0.462500 2.000000 0.000000 0.000000 0.000000 0.387500 0.516667 1.000000 0.000000 0.000000 0.000000 0.415625 0.591667 1.000000 0.451562 0.531250 2.000000 0.459375 0.556250 2.000000 0.000000 0.000000 0.000000 0.000000 0.000000 0.000000 0.000000 0.000000 0.000000 0.000000 0.000000 0.000000 0.000000 0.000000 0.000000 0.000000 0.000000 0.000000
0 0.472391 0.439375 0.124875 0.174250 0.468750 0.400000 2.000000 0.000000 0.000000 0.000000 0.457813 0.395833 2.000000 0.000000 0.000000 0.000000 0.434375 0.410417 2.000000 0.457813 0.441667 2.000000 0.423438 0.464583 1.000000 0.507812 0.495833 2.000000 0.471875 0.516667 1.000000 0.520312 0.439583 2.000000 0.506250 0.456250 2.000000 0.454688 0.554167 1.000000 0.443750 0.579167 1.000000 0.000000 0.000000 0.000000 0.000000 0.000000 0.000000 0.000000 0.000000 0.000000 0.000000 0.000000 0.000000
0 0.466719 0.389896 0.065812 0.155708 0.471875 0.370833 2.000000 0.475000 0.360417 2.000000 0.464062 0.362500 2.000000 0.479687 0.362500 2.000000 0.000000 0.000000 0.000000 0.479687 0.400000 2.000000 0.459375 0.418750 1.000000 0.000000 0.000000 0.000000 0.000000 0.000000 0.000000 0.000000 0.000000 0.000000 0.000000 0.000000 0.000000 0.000000 0.000000 0.000000 0.000000 0.000000 0.000000 0.000000 0.000000 0.000000 0.000000 0.000000 0.000000 0.000000 0.000000 0.000000 0.000000 0.000000 0.000000
0 0.655156 0.361917 0.074219 0.100208 0.634375 0.347917 2.000000 0.640625 0.343750 2.000000 0.629687 0.341667 2.000000 0.653125 0.347917 2.000000 0.000000 0.000000 0.000000 0.668750 0.377083 2.000000 0.626563 0.379167 2.000000 0.682813 0.410417 2.000000 0.000000 0.000000 0.000000 0.660937 0.400000 2.000000 0.000000 0.000000 0.000000 0.000000 0.000000 0.000000 0.000000 0.000000 0.000000 0.000000 0.000000 0.000000 0.000000 0.000000 0.000000 0.000000 0.000000 0.000000 0.000000 0.000000 0.000000
0 0.720789 0.752833 0.340453 0.494333 0.682813 0.620833 2.000000 0.687500 0.614583 2.000000 0.000000 0.000000 0.000000 0.721875 0.643750 2.000000 0.000000 0.000000 0.000000 0.782813 0.752083 2.000000 0.770312 0.664583 2.000000 0.690625 0.925000 2.000000 0.685937 0.722917 2.000000 0.587500 0.820833 2.000000 0.618750 0.768750 2.000000 0.000000 0.000000 0.000000 0.000000 0.000000 0.000000 0.000000 0.000000 0.000000 0.000000 0.000000 0.000000 0.000000 0.000000 0.000000 0.000000 0.000000 0.000000
0 0.431820 0.807063 0.434109 0.382875 0.000000 0.000000 0.000000 0.000000 0.000000 0.000000 0.000000 0.000000 0.000000 0.000000 0.000000 0.000000 0.000000 0.000000 0.000000 0.275000 0.908333 2.000000 0.551562 0.941667 2.000000 0.000000 0.000000 0.000000 0.000000 0.000000 0.000000 0.000000 0.000000 0.000000 0.000000 0.000000 0.000000 0.000000 0.000000 0.000000 0.000000 0.000000 0.000000 0.000000 0.000000 0.000000 0.000000 0.000000 0.000000 0.000000 0.000000 0.000000 0.000000 0.000000 0.000000
0 0.683250 0.586229 0.148187 0.279750 0.000000 0.000000 0.000000 0.675000 0.502083 2.000000 0.000000 0.000000 0.000000 0.693750 0.520833 2.000000 0.000000 0.000000 0.000000 0.703125 0.608333 1.000000 0.000000 0.000000 0.000000 0.628125 0.677083 2.000000 0.654687 0.577083 1.000000 0.000000 0.000000 0.000000 0.000000 0.000000 0.000000 0.000000 0.000000 0.000000 0.000000 0.000000 0.000000 0.000000 0.000000 0.000000 0.000000 0.000000 0.000000 0.000000 0.000000 0.000000 0.000000 0.000000 0.000000
0 0.183359 0.747719 0.289094 0.504563 0.223438 0.629167 2.000000 0.229687 0.604167 2.000000 0.198437 0.616667 2.000000 0.000000 0.000000 0.000000 0.150000 0.633333 2.000000 0.232813 0.670833 2.000000 0.135937 0.764583 2.000000 0.317188 0.787500 2.000000 0.253125 0.902083 1.000000 0.240625 0.747917 2.000000 0.243750 0.716667 2.000000 0.000000 0.000000 0.000000 0.132812 0.989583 1.000000 0.000000 0.000000 0.000000 0.000000 0.000000 0.000000 0.000000 0.000000 0.000000 0.000000 0.000000 0.000000
0 0.558750 0.419990 0.077906 0.115813 0.562500 0.395833 2.000000 0.000000 0.000000 0.000000 0.559375 0.389583 2.000000 0.000000 0.000000 0.000000 0.543750 0.393750 2.000000 0.548438 0.420833 2.000000 0.531250 0.441667 2.000000 0.564063 0.418750 2.000000 0.542188 0.456250 2.000000 0.582812 0.420833 2.000000 0.554688 0.441667 2.000000 0.000000 0.000000 0.000000 0.000000 0.000000 0.000000 0.000000 0.000000 0.000000 0.000000 0.000000 0.000000 0.000000 0.000000 0.000000 0.000000 0.000000 0.000000
