0 0.553156 0.794339 0.090500 0.299687 0.556250 0.687500 2.000000 0.562500 0.682692 2.000000 0.553125 0.680288 2.000000 0.000000 0.000000 0.000000 0.000000 0.000000 0.000000 0.576562 0.737981 2.000000 0.523438 0.737981 2.000000 0.590625 0.798077 2.000000 0.512500 0.790865 2.000000 0.570312 0.805288 2.000000 0.531250 0.805288 2.000000 0.567187 0.836538 1.000000 0.535937 0.836538 1.000000 0.564063 0.814904 2.000000 0.534375 0.814904 2.000000 0.565625 0.923077 2.000000 0.537500 0.923077 2.000000
0 0.699617 0.412103 0.142984 0.437476 0.701562 0.274038 2.000000 0.706250 0.262019 2.000000 0.000000 0.000000 0.000000 0.723437 0.259615 2.000000 0.000000 0.000000 0.000000 0.731250 0.314904 2.000000 0.731250 0.310096 2.000000 0.731250 0.389423 2.000000 0.734375 0.372596 2.000000 0.698438 0.391827 2.000000 0.700000 0.377404 2.000000 0.734375 0.459135 2.000000 0.734375 0.451923 2.000000 0.676562 0.468750 2.000000 0.679688 0.447115 1.000000 0.668750 0.584135 2.000000 0.679688 0.562500 2.000000
0 0.262766 0.304555 0.101094 0.249447 0.281250 0.216346 2.000000 0.284375 0.211538 2.000000 0.278125 0.206731 2.000000 0.000000 0.000000 0.000000 0.262500 0.204327 2.000000 0.290625 0.247596 2.000000 0.242188 0.233173 2.000000 0.303125 0.295673 2.000000 0.220312 0.274038 2.000000 0.289062 0.331731 1.000000 0.235937 0.317308 2.000000 0.270313 0.346154 1.000000 0.231250 0.346154 2.000000 0.000000 0.000000 0.000000 0.248438 0.336538 2.000000 0.000000 0.000000 0.000000 0.243750 0.420673 2.000000
0 0.185828 0.809724 0.118313 0.269303 0.182812 0.723558 1.000000 0.185938 0.713942 1.000000 0.178125 0.713942 1.000000 0.195312 0.716346 1.000000 0.165625 0.716346 1.000000 0.210938 0.747596 2.000000 0.151562 0.747596 2.000000 0.225000 0.802885 2.000000 0.134375 0.810096 2.000000 0.190625 0.819712 2.000000 0.159375 0.824519 2.000000 0.198437 0.814904 2.000000 0.154688 0.814904 2.000000 0.182812 0.829327 2.000000 0.156250 0.831731 2.000000 0.181250 0.920673 2.000000 0.156250 0.923077 2.000000
0 0.428273 0.365048 0.078797 0.182548 0.429688 0.317308 2.000000 0.434375 0.312500 2.000000 0.425000 0.312500 2.000000 0.442188 0.312500 2.000000 0.415625 0.314904 2.000000 0.451562 0.350962 2.000000 0.403125 0.353365 2.000000 0.457813 0.413462 2.000000 0.390625 0.411058 2.000000 0.426563 0.411058 1.000000 0.414062 0.415865 1.000000 0.440625 0.454327 1.000000 0.406250 0.454327 1.000000 0.000000 0.000000 0.000000 0.000000 0.000000 0.000000 0.000000 0.000000 0.000000 0.000000 0.000000 0.000000
0 0.033773 0.553185 0.067547 0.291563 0.026562 0.461538 2.000000 0.028125 0.451923 2.000000 0.021875 0.451923 2.000000 0.037500 0.447115 2.000000 0.012500 0.451923 2.000000 0.043750 0.475962 2.000000 0.003125 0.480769 1.000000 0.059375 0.540865 2.000000 0.000000 0.000000 0.000000 0.053125 0.492788 2.000000 0.010937 0.497596 2.000000 0.039062 0.581731 2.000000 0.004687 0.579327 2.000000 0.050000 0.588942 2.000000 0.000000 0.000000 0.000000 0.035937 0.687500 1.000000 0.000000 0.000000 0.000000
0 0.789492 0.277536 0.083266 0.231466 0.779687 0.199519 2.000000 0.784375 0.192308 2.000000 0.776563 0.192308 2.000000 0.796875 0.192308 2.000000 0.768750 0.197115 2.000000 0.807813 0.225962 2.000000 0.764062 0.228365 2.000000 0.806250 0.274038 2.000000 0.732812 0.218750 1.000000 0.778125 0.300481 2.000000 0.000000 0.000000 0.000000 0.814063 0.329327 2.000000 0.776563 0.329327 2.000000 0.789062 0.310096 2.000000 0.000000 0.000000 0.000000 0.792188 0.394231 1.000000 0.000000 0.000000 0.000000
0 0.197633 0.547115 0.095703 0.313798 0.207813 0.432692 2.000000 0.212500 0.425481 2.000000 0.200000 0.425481 2.000000 0.218750 0.432692 2.000000 0.192188 0.432692 2.000000 0.234375 0.473558 2.000000 0.178125 0.478365 2.000000 0.232813 0.536058 2.000000 0.170313 0.540865 2.000000 0.206250 0.502404 2.000000 0.192188 0.500000 2.000000 0.220312 0.574519 2.000000 0.189062 0.576923 2.000000 0.231250 0.600962 2.000000 0.164062 0.605769 2.000000 0.221875 0.704327 1.000000 0.164062 0.701923 1.000000
0 0.378555 0.268113 0.087703 0.222380 0.376563 0.187500 2.000000 0.381250 0.182692 2.000000 0.373437 0.182692 2.000000 0.390625 0.189904 1.000000 0.364063 0.189904 2.000000 0.404687 0.233173 2.000000 0.348438 0.237981 2.000000 0.412500 0.286058 2.000000 0.342187 0.288462 1.000000 0.384375 0.245192 2.000000 0.367188 0.240385 2.000000 0.395313 0.343750 2.000000 0.360938 0.343750 1.000000 0.000000 0.000000 0.000000 0.000000 0.000000 0.000000 0.000000 0.000000 0.000000 0.000000 0.000000 0.000000
0 0.395109 0.788762 0.118313 0.314591 0.403125 0.677885 2.000000 0.409375 0.670673 2.000000 0.396875 0.670673 2.000000 0.000000 0.000000 0.000000 0.381250 0.680288 2.000000 0.423438 0.713942 1.000000 0.367188 0.713942 1.000000 0.446875 0.776442 2.000000 0.348438 0.781250 2.000000 0.417187 0.735577 1.000000 0.384375 0.740385 1.000000 0.412500 0.819712 2.000000 0.370312 0.819712 2.000000 0.440625 0.798077 2.000000 0.350000 0.805288 2.000000 0.421875 0.925481 2.000000 0.368750 0.913462 2.000000
0 0.498484 0.536190 0.086188 0.313918 0.512500 0.420673 2.000000 0.518750 0.415865 2.000000 0.509375 0.413462 2.000000 0.523438 0.420673 2.000000 0.496875 0.418269 2.000000 0.529687 0.475962 2.000000 0.482812 0.459135 2.000000 0.528125 0.538462 2.000000 0.473438 0.519231 2.000000 0.512500 0.579327 1.000000 0.471875 0.564904 2.000000 0.514062 0.569712 1.000000 0.487500 0.569712 2.000000 0.000000 0.000000 0.000000 0.470313 0.586538 2.000000 0.000000 0.000000 0.000000 0.464062 0.682692 1.000000
0 0.477070 0.356911 0.067391 0.222380 0.473438 0.278846 2.000000 0.473438 0.274038 2.000000 0.467187 0.274038 2.000000 0.485938 0.278846 2.000000 0.459375 0.281250 2.000000 0.496875 0.310096 2.000000 0.457813 0.319712 2.000000 0.506250 0.375000 2.000000 0.450000 0.375000 1.000000 0.493750 0.394231 2.000000 0.464062 0.394231 2.000000 0.479687 0.396635 2.000000 0.470313 0.396635 2.000000 0.490625 0.418269 2.000000 0.467187 0.418269 2.000000 0.000000 0.000000 0.000000 0.467187 0.480769 1.000000
0 0.421195 0.534976 0.100078 0.270481 0.428125 0.430288 2.000000 0.431250 0.427885 2.000000 0.425000 0.425481 2.000000 0.437500 0.430288 2.000000 0.414062 0.427885 2.000000 0.445312 0.466346 2.000000 0.401562 0.461538 2.000000 0.454688 0.524038 2.000000 0.392188 0.524038 2.000000 0.454688 0.538462 2.000000 0.410938 0.528846 2.000000 0.437500 0.567308 2.000000 0.406250 0.564904 2.000000 0.420312 0.632212 2.000000 0.381250 0.620192 1.000000 0.410938 0.697115 1.000000 0.396875 0.697115 1.000000
