0 0.828414 0.429846 0.062078 0.219521 0.834375 0.339041 2.000000 0.000000 0.000000 0.000000 0.829688 0.337329 2.000000 0.000000 0.000000 0.000000 0.817187 0.337329 2.000000 0.825000 0.357877 2.000000 0.815625 0.357877 2.000000 0.825000 0.378425 2.000000 0.804688 0.378425 2.000000 0.839063 0.375000 2.000000 0.834375 0.366438 2.000000 0.826562 0.421233 2.000000 0.815625 0.422945 2.000000 0.815625 0.479452 2.000000 0.817187 0.479452 2.000000 0.812500 0.520548 2.000000 0.821875 0.525685 2.000000
0 0.756070 0.434521 0.069141 0.335822 0.000000 0.000000 0.000000 0.000000 0.000000 0.000000 0.000000 0.000000 0.000000 0.000000 0.000000 0.000000 0.782813 0.297945 1.000000 0.737500 0.318493 1.000000 0.759375 0.321918 2.000000 0.731250 0.371575 2.000000 0.773438 0.385274 2.000000 0.000000 0.000000 0.000000 0.781250 0.422945 2.000000 0.739062 0.419521 2.000000 0.757812 0.422945 2.000000 0.773438 0.500000 2.000000 0.746875 0.510274 2.000000 0.764062 0.583904 2.000000 0.740625 0.589041 2.000000
0 0.373453 0.391909 0.088281 0.255120 0.000000 0.000000 0.000000 0.000000 0.000000 0.000000 0.000000 0.000000 0.000000 0.365625 0.280822 2.000000 0.382812 0.284247 2.000000 0.357812 0.308219 2.000000 0.398438 0.309932 2.000000 0.350000 0.345890 2.000000 0.407813 0.349315 2.000000 0.000000 0.000000 0.000000 0.410938 0.381849 1.000000 0.362500 0.386986 2.000000 0.387500 0.388699 2.000000 0.351562 0.440068 2.000000 0.384375 0.441781 2.000000 0.350000 0.496575 2.000000 0.384375 0.500000 2.000000
0 0.483547 0.324204 0.064250 0.149914 0.000000 0.000000 0.000000 0.000000 0.000000 0.000000 0.000000 0.000000 0.000000 0.492188 0.273973 2.000000 0.000000 0.000000 0.000000 0.495312 0.303082 2.000000 0.512500 0.297945 1.000000 0.485938 0.351027 2.000000 0.000000 0.000000 0.000000 0.457813 0.388699 2.000000 0.000000 0.000000 0.000000 0.489063 0.376712 1.000000 0.507812 0.375000 1.000000 0.000000 0.000000 0.000000 0.000000 0.000000 0.000000 0.000000 0.000000 0.000000 0.000000 0.000000 0.000000
0 0.327469 0.383236 0.044656 0.219418 0.340625 0.294521 2.000000 0.342187 0.292808 2.000000 0.334375 0.292808 2.000000 0.000000 0.000000 0.000000 0.323437 0.294521 2.000000 0.340625 0.316781 1.000000 0.321875 0.320205 2.000000 0.000000 0.000000 0.000000 0.310937 0.351027 1.000000 0.000000 0.000000 0.000000 0.329688 0.347603 2.000000 0.337500 0.373288 2.000000 0.321875 0.375000 2.000000 0.337500 0.424658 2.000000 0.323437 0.426370 2.000000 0.334375 0.470890 2.000000 0.321875 0.474315 2.000000
0 0.681805 0.356284 0.065953 0.159452 0.706250 0.299658 2.000000 0.000000 0.000000 0.000000 0.703125 0.297945 2.000000 0.000000 0.000000 0.000000 0.690625 0.301370 2.000000 0.660937 0.327055 2.000000 0.703125 0.337329 2.000000 0.000000 0.000000 0.000000 0.000000 0.000000 0.000000 0.000000 0.000000 0.000000 0.000000 0.000000 0.000000 0.651563 0.416096 1.000000 0.682813 0.422945 2.000000 0.000000 0.000000 0.000000 0.000000 0.000000 0.000000 0.000000 0.000000 0.000000 0.000000 0.000000 0.000000
0 0.796422 0.405616 0.049375 0.245411 0.815625 0.308219 1.000000 0.000000 0.000000 0.000000 0.807813 0.297945 2.000000 0.000000 0.000000 0.000000 0.796875 0.297945 2.000000 0.801562 0.328767 2.000000 0.781250 0.330479 2.000000 0.000000 0.000000 0.000000 0.000000 0.000000 0.000000 0.000000 0.000000 0.000000 0.000000 0.000000 0.000000 0.795312 0.393836 2.000000 0.779687 0.395548 1.000000 0.793750 0.458904 2.000000 0.779687 0.458904 2.000000 0.793750 0.508562 2.000000 0.779687 0.511986 1.000000
0 0.508398 0.513022 0.160703 0.517723 0.548438 0.323630 2.000000 0.557813 0.315068 2.000000 0.535937 0.315068 2.000000 0.000000 0.000000 0.000000 0.515625 0.321918 2.000000 0.585938 0.388699 1.000000 0.495312 0.386986 2.000000 0.642188 0.438356 1.000000 0.457813 0.429795 1.000000 0.690625 0.450342 1.000000 0.457813 0.460616 2.000000 0.575000 0.527397 1.000000 0.495312 0.522260 1.000000 0.000000 0.000000 0.000000 0.478125 0.577055 2.000000 0.000000 0.000000 0.000000 0.448437 0.708904 2.000000
0 0.859523 0.401062 0.052859 0.216575 0.850000 0.318493 1.000000 0.853125 0.315068 2.000000 0.000000 0.000000 0.000000 0.864062 0.309932 2.000000 0.000000 0.000000 0.000000 0.875000 0.327055 2.000000 0.859375 0.325342 2.000000 0.873437 0.351027 2.000000 0.000000 0.000000 0.000000 0.850000 0.368151 1.000000 0.000000 0.000000 0.000000 0.867188 0.390411 2.000000 0.853125 0.386986 2.000000 0.846875 0.445205 2.000000 0.842187 0.445205 2.000000 0.829688 0.510274 1.000000 0.826562 0.506849 1.000000
0 0.919359 0.441250 0.078406 0.340308 0.000000 0.000000 0.000000 0.904687 0.301370 2.000000 0.000000 0.000000 0.000000 0.912500 0.304795 2.000000 0.000000 0.000000 0.000000 0.923438 0.337329 2.000000 0.000000 0.000000 0.000000 0.909375 0.388699 2.000000 0.000000 0.000000 0.000000 0.892188 0.385274 2.000000 0.000000 0.000000 0.000000 0.920312 0.443493 2.000000 0.000000 0.000000 0.000000 0.918750 0.511986 2.000000 0.000000 0.000000 0.000000 0.918750 0.578767 2.000000 0.000000 0.000000 0.000000
