0 0.291570 0.604125 0.182016 0.498875 0.303125 0.443750 2.000000 0.312500 0.431250 2.000000 0.293750 0.431250 2.000000 0.332813 0.422917 2.000000 0.000000 0.000000 0.000000 0.346875 0.445833 2.000000 0.270313 0.445833 2.000000 0.000000 0.000000 0.000000 0.218750 0.468750 2.000000 0.000000 0.000000 0.000000 0.240625 0.508333 2.000000 0.335938 0.570833 2.000000 0.281250 0.577083 2.000000 0.329688 0.685417 2.000000 0.289062 0.681250 2.000000 0.335938 0.785417 2.000000 0.296875 0.802083 2.000000
0 0.313055 0.360000 0.098734 0.131667 0.339062 0.339583 2.000000 0.345313 0.335417 2.000000 0.332813 0.331250 2.000000 0.351562 0.352083 2.000000 0.314063 0.333333 2.000000 0.351562 0.404167 1.000000 0.289062 0.402083 1.000000 0.000000 0.000000 0.000000 0.000000 0.000000 0.000000 0.000000 0.000000 0.000000 0.000000 0.000000 0.000000 0.000000 0.000000 0.000000 0.000000 0.000000 0.000000 0.000000 0.000000 0.000000 0.000000 0.000000 0.000000 0.000000 0.000000 0.000000 0.000000 0.000000 0.000000
0 0.396508 0.516354 0.105609 0.532792 0.412500 0.300000 2.000000 0.418750 0.291667 2.000000 0.403125 0.291667 2.000000 0.428125 0.295833 2.000000 0.392188 0.297917 1.000000 0.457813 0.364583 1.000000 0.371875 0.379167 2.000000 0.000000 0.000000 0.000000 0.368750 0.472917 1.000000 0.000000 0.000000 0.000000 0.000000 0.000000 0.000000 0.446875 0.529167 1.000000 0.384375 0.531250 1.000000 0.000000 0.000000 0.000000 0.000000 0.000000 0.000000 0.000000 0.000000 0.000000 0.000000 0.000000 0.000000
0 0.438758 0.614313 0.122484 0.530208 0.462500 0.400000 2.000000 0.468750 0.387500 2.000000 0.454688 0.387500 2.000000 0.000000 0.000000 0.000000 0.435937 0.389583 2.000000 0.482812 0.458333 2.000000 0.406250 0.452083 2.000000 0.479687 0.537500 2.000000 0.384375 0.525000 2.000000 0.457813 0.591667 2.000000 0.410938 0.622917 2.000000 0.445312 0.595833 2.000000 0.396875 0.593750 2.000000 0.473438 0.679167 2.000000 0.415625 0.697917 2.000000 0.440625 0.789583 2.000000 0.423438 0.808333 2.000000
0 0.521367 0.396333 0.081609 0.227417 0.510938 0.329167 2.000000 0.517188 0.320833 2.000000 0.504687 0.318750 2.000000 0.526563 0.325000 2.000000 0.495312 0.322917 2.000000 0.550000 0.385417 2.000000 0.475000 0.389583 1.000000 0.000000 0.000000 0.000000 0.000000 0.000000 0.000000 0.000000 0.000000 0.000000 0.000000 0.000000 0.000000 0.535937 0.522917 1.000000 0.490625 0.522917 1.000000 0.000000 0.000000 0.000000 0.000000 0.000000 0.000000 0.000000 0.000000 0.000000 0.000000 0.000000 0.000000
0 0.565906 0.614187 0.183563 0.607083 0.582812 0.372917 2.000000 0.590625 0.360417 2.000000 0.575000 0.358333 2.000000 0.603125 0.370833 2.000000 0.556250 0.372917 1.000000 0.623437 0.445833 2.000000 0.539062 0.437500 2.000000 0.642188 0.537500 2.000000 0.512500 0.514583 2.000000 0.612500 0.606250 2.000000 0.515625 0.595833 2.000000 0.593750 0.616667 2.000000 0.539062 0.610417 2.000000 0.598437 0.725000 2.000000 0.498437 0.702083 2.000000 0.612500 0.854167 2.000000 0.506250 0.795833 2.000000
0 0.658992 0.580896 0.091016 0.568542 0.640625 0.356250 2.000000 0.645312 0.347917 2.000000 0.629687 0.347917 2.000000 0.659375 0.354167 2.000000 0.000000 0.000000 0.000000 0.664062 0.433333 2.000000 0.596875 0.422917 1.000000 0.692187 0.537500 2.000000 0.000000 0.000000 0.000000 0.684375 0.612500 2.000000 0.000000 0.000000 0.000000 0.646875 0.608333 2.000000 0.596875 0.595833 1.000000 0.648438 0.716667 2.000000 0.607812 0.708333 1.000000 0.676562 0.802083 2.000000 0.623437 0.808333 1.000000
0 0.699438 0.578656 0.074156 0.541562 0.682813 0.362500 2.000000 0.693750 0.352083 2.000000 0.679688 0.352083 2.000000 0.703125 0.360417 2.000000 0.668750 0.352083 2.000000 0.712500 0.427083 2.000000 0.643750 0.429167 1.000000 0.721875 0.491667 2.000000 0.000000 0.000000 0.000000 0.706250 0.579167 1.000000 0.000000 0.000000 0.000000 0.701562 0.577083 1.000000 0.654687 0.575000 1.000000 0.712500 0.691667 2.000000 0.000000 0.000000 0.000000 0.714063 0.781250 2.000000 0.000000 0.000000 0.000000
0 0.790461 0.323104 0.108328 0.173333 0.750000 0.272917 2.000000 0.757812 0.268750 2.000000 0.746875 0.268750 2.000000 0.773438 0.272917 2.000000 0.000000 0.000000 0.000000 0.773438 0.325000 2.000000 0.000000 0.000000 0.000000 0.000000 0.000000 0.000000 0.000000 0.000000 0.000000 0.000000 0.000000 0.000000 0.000000 0.000000 0.000000 0.000000 0.000000 0.000000 0.000000 0.000000 0.000000 0.000000 0.000000 0.000000 0.000000 0.000000 0.000000 0.000000 0.000000 0.000000 0.000000 0.000000 0.000000
0 0.790445 0.570552 0.144828 0.560354 0.753125 0.335417 2.000000 0.757812 0.325000 2.000000 0.745313 0.327083 2.000000 0.771875 0.333333 2.000000 0.737500 0.339583 2.000000 0.793750 0.387500 2.000000 0.726562 0.410417 2.000000 0.831250 0.477083 2.000000 0.723437 0.504167 1.000000 0.831250 0.547917 2.000000 0.726562 0.577083 1.000000 0.806250 0.566667 2.000000 0.753125 0.579167 2.000000 0.812500 0.679167 2.000000 0.770312 0.685417 2.000000 0.839063 0.781250 2.000000 0.793750 0.787500 2.000000
