0 0.562500 0.717986 0.063187 0.348306 0.000000 0.000000 0.000000 0.000000 0.000000 0.000000 0.000000 0.000000 0.000000 0.554688 0.575000 2.000000 0.568750 0.572222 2.000000 0.551562 0.611111 2.000000 0.582812 0.602778 1.000000 0.545312 0.652778 2.000000 0.585938 0.641667 2.000000 0.540625 0.683333 2.000000 0.579688 0.672222 2.000000 0.556250 0.694444 2.000000 0.578125 0.691667 2.000000 0.551562 0.769444 2.000000 0.575000 0.769444 2.000000 0.545312 0.852778 2.000000 0.575000 0.866667 2.000000
0 0.368586 0.741569 0.069078 0.359972 0.000000 0.000000 0.000000 0.000000 0.000000 0.000000 0.000000 0.000000 0.000000 0.365625 0.586111 2.000000 0.381250 0.588889 2.000000 0.359375 0.627778 2.000000 0.390625 0.627778 2.000000 0.356250 0.680556 2.000000 0.396875 0.683333 2.000000 0.343750 0.733333 2.000000 0.385937 0.725000 2.000000 0.367188 0.722222 2.000000 0.384375 0.719444 2.000000 0.354687 0.808333 2.000000 0.375000 0.813889 2.000000 0.385937 0.863889 2.000000 0.368750 0.891667 2.000000
0 0.304414 0.874694 0.084703 0.232944 0.000000 0.000000 0.000000 0.000000 0.000000 0.000000 0.000000 0.000000 0.000000 0.293750 0.794444 1.000000 0.314063 0.797222 2.000000 0.284375 0.838889 2.000000 0.323437 0.841667 2.000000 0.268750 0.897222 2.000000 0.332813 0.902778 2.000000 0.270313 0.952778 2.000000 0.337500 0.958333 2.000000 0.284375 0.972222 2.000000 0.315625 0.975000 2.000000 0.000000 0.000000 0.000000 0.000000 0.000000 0.000000 0.000000 0.000000 0.000000 0.000000 0.000000 0.000000
0 0.156578 0.879639 0.086219 0.240722 0.000000 0.000000 0.000000 0.000000 0.000000 0.000000 0.000000 0.000000 0.000000 0.143750 0.791667 1.000000 0.164062 0.791667 2.000000 0.134375 0.836111 2.000000 0.171875 0.830556 2.000000 0.125000 0.905556 2.000000 0.185938 0.891667 2.000000 0.120313 0.952778 2.000000 0.193750 0.938889 2.000000 0.145313 0.952778 2.000000 0.168750 0.950000 2.000000 0.000000 0.000000 0.000000 0.000000 0.000000 0.000000 0.000000 0.000000 0.000000 0.000000 0.000000 0.000000
0 0.056844 0.512708 0.059969 0.257250 0.082812 0.402778 2.000000 0.000000 0.000000 0.000000 0.078125 0.397222 2.000000 0.000000 0.000000 0.000000 0.070312 0.400000 2.000000 0.068750 0.425000 2.000000 0.062500 0.427778 2.000000 0.000000 0.000000 0.000000 0.048438 0.455556 2.000000 0.000000 0.000000 0.000000 0.062500 0.475000 2.000000 0.051562 0.491667 2.000000 0.046875 0.494444 2.000000 0.079687 0.541667 2.000000 0.060937 0.552778 2.000000 0.059375 0.602778 2.000000 0.035937 0.611111 2.000000
0 0.451281 0.447667 0.071531 0.183889 0.454688 0.380556 2.000000 0.457813 0.375000 2.000000 0.453125 0.375000 2.000000 0.000000 0.000000 0.000000 0.000000 0.000000 0.000000 0.467187 0.391667 2.000000 0.440625 0.391667 2.000000 0.473438 0.419444 2.000000 0.420312 0.416667 2.000000 0.478125 0.441667 2.000000 0.420312 0.455556 2.000000 0.460938 0.427778 2.000000 0.443750 0.427778 2.000000 0.468750 0.455556 2.000000 0.446875 0.466667 2.000000 0.471875 0.505556 2.000000 0.443750 0.516667 2.000000
0 0.632953 0.581778 0.064062 0.247833 0.643750 0.491667 1.000000 0.000000 0.000000 0.000000 0.640625 0.483333 2.000000 0.000000 0.000000 0.000000 0.632812 0.483333 2.000000 0.617188 0.502778 2.000000 0.635938 0.516667 2.000000 0.000000 0.000000 0.000000 0.639062 0.558333 2.000000 0.000000 0.000000 0.000000 0.654687 0.563889 2.000000 0.614062 0.586111 2.000000 0.604688 0.588889 1.000000 0.629687 0.619444 2.000000 0.000000 0.000000 0.000000 0.609375 0.683333 2.000000 0.000000 0.000000 0.000000
0 0.589047 0.630333 0.055625 0.303389 0.000000 0.000000 0.000000 0.000000 0.000000 0.000000 0.000000 0.000000 0.000000 0.584375 0.497222 2.000000 0.596875 0.500000 2.000000 0.570312 0.530556 2.000000 0.604688 0.530556 2.000000 0.000000 0.000000 0.000000 0.000000 0.000000 0.000000 0.000000 0.000000 0.000000 0.000000 0.000000 0.000000 0.575000 0.608333 1.000000 0.603125 0.608333 2.000000 0.000000 0.000000 0.000000 0.593750 0.680556 2.000000 0.000000 0.000000 0.000000 0.593750 0.725000 2.000000
0 0.861414 0.624403 0.109359 0.279694 0.000000 0.000000 0.000000 0.000000 0.000000 0.000000 0.000000 0.000000 0.000000 0.000000 0.000000 0.000000 0.875000 0.508333 2.000000 0.848437 0.533333 2.000000 0.870313 0.536111 2.000000 0.826562 0.552778 2.000000 0.885938 0.583333 2.000000 0.815625 0.586111 2.000000 0.903125 0.602778 2.000000 0.839063 0.611111 2.000000 0.850000 0.608333 2.000000 0.856250 0.655556 2.000000 0.860938 0.672222 1.000000 0.853125 0.702778 1.000000 0.831250 0.730556 2.000000
0 0.870305 0.757347 0.077672 0.318861 0.000000 0.000000 0.000000 0.000000 0.000000 0.000000 0.000000 0.000000 0.000000 0.867188 0.619444 1.000000 0.885938 0.625000 2.000000 0.870313 0.644444 2.000000 0.893750 0.655556 2.000000 0.867188 0.686111 2.000000 0.901563 0.708333 2.000000 0.851562 0.711111 1.000000 0.000000 0.000000 0.000000 0.868750 0.750000 2.000000 0.881250 0.752778 2.000000 0.856250 0.816667 2.000000 0.862500 0.822222 2.000000 0.887500 0.875000 2.000000 0.850000 0.891667 2.000000
0 0.804516 0.555681 0.060406 0.240917 0.821875 0.463889 2.000000 0.825000 0.458333 2.000000 0.818750 0.458333 2.000000 0.000000 0.000000 0.000000 0.812500 0.458333 2.000000 0.829688 0.488889 2.000000 0.803125 0.488889 2.000000 0.829688 0.522222 2.000000 0.787500 0.527778 2.000000 0.831250 0.563889 1.000000 0.795312 0.566667 2.000000 0.820312 0.561111 1.000000 0.801562 0.561111 2.000000 0.842187 0.611111 1.000000 0.796875 0.600000 2.000000 0.854688 0.669444 1.000000 0.778125 0.666667 2.000000
