0 0.222469 0.633708 0.323594 0.705625 0.234375 0.464583 2.000000 0.256250 0.431250 2.000000 0.200000 0.433333 2.000000 0.282813 0.435417 2.000000 0.165625 0.433333 2.000000 0.290625 0.554167 2.000000 0.154688 0.606250 2.000000 0.275000 0.737500 2.000000 0.103125 0.893750 1.000000 0.350000 0.770833 1.000000 0.234375 0.812500 2.000000 0.332813 0.983333 2.000000 0.000000 0.000000 0.000000 0.000000 0.000000 0.000000 0.000000 0.000000 0.000000 0.000000 0.000000 0.000000 0.000000 0.000000 0.000000
0 0.682500 0.442437 0.159844 0.351042 0.703125 0.358333 2.000000 0.712500 0.339583 2.000000 0.692187 0.339583 2.000000 0.000000 0.000000 0.000000 0.668750 0.329167 2.000000 0.723437 0.404167 2.000000 0.642188 0.400000 2.000000 0.745313 0.491667 2.000000 0.603125 0.491667 1.000000 0.740625 0.531250 2.000000 0.657813 0.500000 2.000000 0.712500 0.597917 1.000000 0.648438 0.597917 1.000000 0.000000 0.000000 0.000000 0.000000 0.000000 0.000000 0.000000 0.000000 0.000000 0.000000 0.000000 0.000000
0 0.767805 0.460562 0.076172 0.321625 0.000000 0.000000 0.000000 0.000000 0.000000 0.000000 0.000000 0.000000 0.000000 0.751563 0.329167 2.000000 0.779687 0.333333 2.000000 0.737500 0.366667 2.000000 0.789062 0.372917 2.000000 0.000000 0.000000 0.000000 0.793750 0.431250 2.000000 0.000000 0.000000 0.000000 0.781250 0.418750 2.000000 0.745313 0.475000 1.000000 0.776563 0.475000 2.000000 0.743750 0.541667 1.000000 0.779687 0.543750 2.000000 0.748437 0.606250 1.000000 0.781250 0.608333 2.000000
0 0.849430 0.403719 0.088109 0.154104 0.835938 0.354167 2.000000 0.835938 0.350000 2.000000 0.000000 0.000000 0.000000 0.846875 0.358333 2.000000 0.000000 0.000000 0.000000 0.834375 0.393750 2.000000 0.885938 0.389583 2.000000 0.818750 0.435417 2.000000 0.000000 0.000000 0.000000 0.806250 0.412500 2.000000 0.000000 0.000000 0.000000 0.853125 0.491667 1.000000 0.882812 0.489583 1.000000 0.000000 0.000000 0.000000 0.000000 0.000000 0.000000 0.000000 0.000000 0.000000 0.000000 0.000000 0.000000
0 0.912828 0.609937 0.174344 0.780125 0.937500 0.383333 2.000000 0.960938 0.345833 2.000000 0.000000 0.000000 0.000000 0.000000 0.000000 0.000000 0.000000 0.000000 0.000000 0.000000 0.000000 0.000000 0.000000 0.000000 0.000000 0.000000 0.000000 0.000000 0.000000 0.000000 0.000000 0.000000 0.000000 0.000000 0.925000 0.712500 2.000000 0.000000 0.000000 0.000000 0.000000 0.000000 0.000000 0.000000 0.000000 0.000000 0.000000 0.000000 0.000000 0.000000 0.000000 0.000000 0.000000 0.000000 0.000000
0 0.117977 0.457302 0.151672 0.397771 0.000000 0.000000 0.000000 0.000000 0.000000 0.000000 0.000000 0.000000 0.000000 0.000000 0.000000 0.000000 0.000000 0.000000 0.000000 0.062500 0.460417 2.000000 0.165625 0.531250 2.000000 0.000000 0.000000 0.000000 0.000000 0.000000 0.000000 0.000000 0.000000 0.000000 0.000000 0.000000 0.000000 0.000000 0.000000 0.000000 0.000000 0.000000 0.000000 0.000000 0.000000 0.000000 0.000000 0.000000 0.000000 0.000000 0.000000 0.000000 0.000000 0.000000 0.000000
0 0.036055 0.417438 0.072109 0.242000 0.000000 0.000000 0.000000 0.053125 0.358333 1.000000 0.032813 0.358333 2.000000 0.067187 0.354167 2.000000 0.015625 0.358333 2.000000 0.000000 0.000000 0.000000 0.000000 0.000000 0.000000 0.000000 0.000000 0.000000 0.000000 0.000000 0.000000 0.000000 0.000000 0.000000 0.000000 0.000000 0.000000 0.000000 0.000000 0.000000 0.000000 0.000000 0.000000 0.000000 0.000000 0.000000 0.000000 0.000000 0.000000 0.000000 0.000000 0.000000 0.000000 0.000000 0.000000
0 0.920195 0.574083 0.159609 0.202375 0.000000 0.000000 0.000000 0.000000 0.000000 0.000000 0.000000 0.000000 0.000000 0.000000 0.000000 0.000000 0.000000 0.000000 0.000000 0.000000 0.000000 0.000000 0.000000 0.000000 0.000000 0.000000 0.000000 0.000000 0.989062 0.525000 2.000000 0.890625 0.639583 2.000000 0.909375 0.518750 2.000000 0.000000 0.000000 0.000000 0.000000 0.000000 0.000000 0.000000 0.000000 0.000000 0.000000 0.000000 0.000000 0.000000 0.000000 0.000000 0.000000 0.000000 0.000000
0 0.923430 0.553344 0.125953 0.264688 0.928125 0.468750 2.000000 0.935937 0.458333 2.000000 0.925000 0.458333 2.000000 0.946875 0.456250 2.000000 0.000000 0.000000 0.000000 0.968750 0.495833 2.000000 0.917188 0.491667 2.000000 0.973437 0.554167 1.000000 0.907813 0.545833 2.000000 0.939063 0.529167 1.000000 0.898438 0.504167 1.000000 0.954688 0.577083 2.000000 0.912500 0.575000 2.000000 0.918750 0.583333 2.000000 0.878125 0.579167 2.000000 0.907813 0.666667 2.000000 0.887500 0.654167 1.000000
0 0.425563 0.542698 0.234281 0.694396 0.507812 0.329167 2.000000 0.000000 0.000000 0.000000 0.509375 0.314583 2.000000 0.423438 0.275000 2.000000 0.475000 0.297917 2.000000 0.345313 0.366667 2.000000 0.453125 0.400000 2.000000 0.000000 0.000000 0.000000 0.482812 0.587500 2.000000 0.000000 0.000000 0.000000 0.521875 0.497917 2.000000 0.348438 0.722917 1.000000 0.434375 0.743750 2.000000 0.364063 0.927083 1.000000 0.000000 0.000000 0.000000 0.000000 0.000000 0.000000 0.000000 0.000000 0.000000
0 0.039398 0.605385 0.078797 0.504021 0.000000 0.000000 0.000000 0.000000 0.000000 0.000000 0.000000 0.000000 0.000000 0.020313 0.422917 2.000000 0.000000 0.000000 0.000000 0.046875 0.504167 1.000000 0.000000 0.000000 0.000000 0.000000 0.000000 0.000000 0.000000 0.000000 0.000000 0.000000 0.000000 0.000000 0.000000 0.000000 0.000000 0.000000 0.000000 0.000000 0.000000 0.000000 0.000000 0.000000 0.000000 0.000000 0.000000 0.000000 0.000000 0.000000 0.000000 0.000000 0.000000 0.000000 0.000000
0 0.622547 0.502292 0.264219 0.532833 0.623437 0.345833 2.000000 0.000000 0.000000 0.000000 0.615625 0.333333 2.000000 0.000000 0.000000 0.000000 0.579688 0.327083 2.000000 0.532813 0.370833 2.000000 0.565625 0.406250 2.000000 0.000000 0.000000 0.000000 0.642188 0.522917 2.000000 0.000000 0.000000 0.000000 0.729688 0.602083 2.000000 0.000000 0.000000 0.000000 0.520312 0.675000 2.000000 0.000000 0.000000 0.000000 0.000000 0.000000 0.000000 0.000000 0.000000 0.000000 0.000000 0.000000 0.000000
