0 0.583859 0.601187 0.247500 0.633917 0.570312 0.345833 2.000000 0.578125 0.337500 2.000000 0.573438 0.333333 2.000000 0.606250 0.341667 2.000000 0.000000 0.000000 0.000000 0.648438 0.406250 2.000000 0.557813 0.395833 2.000000 0.696875 0.464583 2.000000 0.575000 0.450000 2.000000 0.675000 0.402083 2.000000 0.637500 0.400000 2.000000 0.626563 0.585417 2.000000 0.556250 0.577083 2.000000 0.635938 0.735417 2.000000 0.526563 0.725000 2.000000 0.650000 0.864583 2.000000 0.482812 0.852083 2.000000
0 0.915266 0.763281 0.169469 0.407146 0.921875 0.604167 2.000000 0.928125 0.595833 2.000000 0.000000 0.000000 0.000000 0.953125 0.604167 2.000000 0.000000 0.000000 0.000000 0.995313 0.654167 2.000000 0.943750 0.643750 2.000000 0.967187 0.781250 2.000000 0.000000 0.000000 0.000000 0.906250 0.800000 2.000000 0.000000 0.000000 0.000000 0.000000 0.000000 0.000000 0.975000 0.802083 2.000000 0.915625 0.820833 2.000000 0.870313 0.800000 2.000000 0.000000 0.000000 0.000000 0.973437 0.927083 2.000000
0 0.242766 0.229781 0.097188 0.365938 0.000000 0.000000 0.000000 0.000000 0.000000 0.000000 0.000000 0.000000 0.000000 0.000000 0.000000 0.000000 0.000000 0.000000 0.000000 0.248438 0.095833 2.000000 0.190625 0.093750 1.000000 0.253125 0.158333 2.000000 0.000000 0.000000 0.000000 0.223438 0.185417 1.000000 0.000000 0.000000 0.000000 0.231250 0.220833 2.000000 0.190625 0.210417 1.000000 0.250000 0.293750 2.000000 0.000000 0.000000 0.000000 0.273438 0.387500 2.000000 0.000000 0.000000 0.000000
0 0.895781 0.189896 0.099437 0.132583 0.887500 0.166667 2.000000 0.896875 0.158333 2.000000 0.885938 0.154167 2.000000 0.914062 0.166667 2.000000 0.000000 0.000000 0.000000 0.925000 0.212500 2.000000 0.862500 0.195833 2.000000 0.000000 0.000000 0.000000 0.000000 0.000000 0.000000 0.000000 0.000000 0.000000 0.000000 0.000000 0.000000 0.000000 0.000000 0.000000 0.000000 0.000000 0.000000 0.000000 0.000000 0.000000 0.000000 0.000000 0.000000 0.000000 0.000000 0.000000 0.000000 0.000000 0.000000
0 0.874156 0.434688 0.133438 0.092333 0.870313 0.443750 2.000000 0.876563 0.435417 2.000000 0.867188 0.433333 2.000000 0.898438 0.433333 2.000000 0.000000 0.000000 0.000000 0.914062 0.464583 2.000000 0.854688 0.454167 2.000000 0.887500 0.491667 1.000000 0.000000 0.000000 0.000000 0.835938 0.481250 1.000000 0.000000 0.000000 0.000000 0.000000 0.000000 0.000000 0.000000 0.000000 0.000000 0.000000 0.000000 0.000000 0.000000 0.000000 0.000000 0.000000 0.000000 0.000000 0.000000 0.000000 0.000000
0 0.965977 0.188500 0.066828 0.167417 0.993750 0.152083 2.000000 0.000000 0.000000 0.000000 0.985938 0.143750 2.000000 0.000000 0.000000 0.000000 0.979688 0.147917 1.000000 0.000000 0.000000 0.000000 0.970313 0.185417 2.000000 0.000000 0.000000 0.000000 0.940625 0.266667 1.000000 0.987500 0.247917 2.000000 0.953125 0.245833 2.000000 0.000000 0.000000 0.000000 0.000000 0.000000 0.000000 0.000000 0.000000 0.000000 0.000000 0.000000 0.000000 0.000000 0.000000 0.000000 0.000000 0.000000 0.000000
0 0.644422 0.154281 0.096281 0.171187 0.620313 0.122917 2.000000 0.628125 0.114583 2.000000 0.618750 0.114583 2.000000 0.651563 0.116667 2.000000 0.000000 0.000000 0.000000 0.673438 0.172917 2.000000 0.621875 0.154167 2.000000 0.662500 0.233333 2.000000 0.595313 0.204167 1.000000 0.640625 0.204167 2.000000 0.000000 0.000000 0.000000 0.640625 0.277083 1.000000 0.615625 0.264583 1.000000 0.000000 0.000000 0.000000 0.000000 0.000000 0.000000 0.000000 0.000000 0.000000 0.000000 0.000000 0.000000
0 0.348875 0.241573 0.117969 0.343813 0.334375 0.104167 2.000000 0.343750 0.095833 2.000000 0.334375 0.095833 2.000000 0.362500 0.102083 2.000000 0.000000 0.000000 0.000000 0.382812 0.152083 2.000000 0.323437 0.158333 2.000000 0.393750 0.243750 1.000000 0.292187 0.227083 2.000000 0.345313 0.197917 1.000000 0.329688 0.206250 1.000000 0.364063 0.300000 2.000000 0.331250 0.300000 2.000000 0.000000 0.000000 0.000000 0.306250 0.400000 2.000000 0.000000 0.000000 0.000000 0.000000 0.000000 0.000000
0 0.063984 0.228823 0.114500 0.291354 0.064062 0.125000 2.000000 0.070312 0.114583 2.000000 0.059375 0.114583 2.000000 0.084375 0.116667 2.000000 0.000000 0.000000 0.000000 0.092188 0.145833 2.000000 0.039062 0.143750 2.000000 0.098437 0.229167 2.000000 0.017188 0.204167 2.000000 0.050000 0.252083 2.000000 0.025000 0.241667 2.000000 0.085938 0.262500 2.000000 0.046875 0.264583 2.000000 0.081250 0.250000 2.000000 0.031250 0.245833 2.000000 0.100000 0.341667 2.000000 0.032813 0.339583 2.000000
0 0.028828 0.092677 0.046594 0.106646 0.009375 0.070833 1.000000 0.017188 0.062500 2.000000 0.000000 0.000000 0.000000 0.029687 0.068750 2.000000 0.000000 0.000000 0.000000 0.059375 0.116667 1.000000 0.012500 0.118750 2.000000 0.000000 0.000000 0.000000 0.000000 0.000000 0.000000 0.000000 0.000000 0.000000 0.000000 0.000000 0.000000 0.000000 0.000000 0.000000 0.000000 0.000000 0.000000 0.000000 0.000000 0.000000 0.000000 0.000000 0.000000 0.000000 0.000000 0.000000 0.000000 0.000000 0.000000
0 0.179148 0.259729 0.099391 0.350458 0.164062 0.122917 2.000000 0.170313 0.114583 2.000000 0.000000 0.000000 0.000000 0.189062 0.116667 2.000000 0.000000 0.000000 0.000000 0.217188 0.177083 2.000000 0.150000 0.177083 2.000000 0.193750 0.235417 2.000000 0.131250 0.239583 1.000000 0.151562 0.225000 1.000000 0.171875 0.231250 2.000000 0.200000 0.304167 1.000000 0.151562 0.304167 2.000000 0.192188 0.420833 2.000000 0.150000 0.422917 1.000000 0.000000 0.000000 0.000000 0.000000 0.000000 0.000000
