0 0.476773 0.631464 0.104953 0.440445 0.460938 0.449649 2.000000 0.465625 0.442623 2.000000 0.457813 0.437939 1.000000 0.478125 0.442623 2.000000 0.000000 0.000000 0.000000 0.484375 0.487119 2.000000 0.446875 0.468384 2.000000 0.470313 0.559719 1.000000 0.435937 0.548009 2.000000 0.460938 0.632319 2.000000 0.426563 0.606557 1.000000 0.515625 0.585480 2.000000 0.478125 0.576112 2.000000 0.482812 0.683841 2.000000 0.479687 0.681499 2.000000 0.470313 0.803279 2.000000 0.514062 0.793911 2.000000
0 0.347086 0.516850 0.181422 0.341569 0.365625 0.393443 2.000000 0.368750 0.386417 2.000000 0.359375 0.386417 2.000000 0.000000 0.000000 0.000000 0.346875 0.386417 2.000000 0.379688 0.412178 2.000000 0.328125 0.414520 2.000000 0.376563 0.473068 2.000000 0.318750 0.477752 2.000000 0.381250 0.529274 2.000000 0.301563 0.540984 2.000000 0.342187 0.494145 2.000000 0.318750 0.491803 2.000000 0.389062 0.545667 2.000000 0.298438 0.559719 2.000000 0.407813 0.639344 2.000000 0.265625 0.651054 2.000000
0 0.736156 0.411230 0.077969 0.359555 0.726562 0.266979 2.000000 0.731250 0.262295 2.000000 0.723437 0.262295 2.000000 0.737500 0.262295 2.000000 0.717187 0.264637 2.000000 0.748437 0.302108 2.000000 0.707812 0.302108 2.000000 0.000000 0.000000 0.000000 0.703125 0.351288 2.000000 0.000000 0.000000 0.000000 0.712500 0.395785 2.000000 0.745313 0.388759 2.000000 0.712500 0.386417 2.000000 0.746875 0.473068 2.000000 0.704688 0.475410 2.000000 0.751563 0.548009 2.000000 0.701562 0.540984 2.000000
0 0.199820 0.112026 0.070484 0.117307 0.193750 0.088993 2.000000 0.196875 0.079625 2.000000 0.187500 0.084309 2.000000 0.203125 0.077283 2.000000 0.179688 0.077283 2.000000 0.214062 0.117096 2.000000 0.168750 0.126464 2.000000 0.000000 0.000000 0.000000 0.000000 0.000000 0.000000 0.000000 0.000000 0.000000 0.000000 0.000000 0.000000 0.000000 0.000000 0.000000 0.000000 0.000000 0.000000 0.000000 0.000000 0.000000 0.000000 0.000000 0.000000 0.000000 0.000000 0.000000 0.000000 0.000000 0.000000
0 0.754406 0.074180 0.064156 0.105831 0.748437 0.058548 2.000000 0.753125 0.051522 2.000000 0.743750 0.051522 2.000000 0.000000 0.000000 0.000000 0.734375 0.049180 2.000000 0.768750 0.077283 2.000000 0.731250 0.077283 2.000000 0.782813 0.117096 2.000000 0.735938 0.121780 2.000000 0.753125 0.119438 2.000000 0.767188 0.119438 2.000000 0.765625 0.156909 1.000000 0.745313 0.156909 1.000000 0.000000 0.000000 0.000000 0.000000 0.000000 0.000000 0.000000 0.000000 0.000000 0.000000 0.000000 0.000000
0 0.692750 0.070047 0.072875 0.119251 0.693750 0.049180 2.000000 0.696875 0.042155 2.000000 0.685937 0.042155 2.000000 0.701562 0.042155 1.000000 0.678125 0.042155 1.000000 0.709375 0.065574 2.000000 0.668750 0.077283 2.000000 0.725000 0.105386 2.000000 0.676562 0.124122 2.000000 0.693750 0.112412 2.000000 0.703125 0.121780 2.000000 0.714063 0.156909 1.000000 0.682813 0.166276 1.000000 0.000000 0.000000 0.000000 0.000000 0.000000 0.000000 0.000000 0.000000 0.000000 0.000000 0.000000 0.000000
0 0.871945 0.064063 0.062016 0.128126 0.865625 0.044496 2.000000 0.870313 0.037471 2.000000 0.859375 0.037471 2.000000 0.876563 0.039813 2.000000 0.856250 0.042155 2.000000 0.884375 0.070258 2.000000 0.846875 0.074941 2.000000 0.896875 0.105386 2.000000 0.850000 0.114754 1.000000 0.000000 0.000000 0.000000 0.000000 0.000000 0.000000 0.885938 0.135831 1.000000 0.862500 0.140515 1.000000 0.000000 0.000000 0.000000 0.000000 0.000000 0.000000 0.000000 0.000000 0.000000 0.000000 0.000000 0.000000
0 0.810695 0.063056 0.064609 0.119368 0.807813 0.046838 2.000000 0.812500 0.042155 2.000000 0.801562 0.042155 2.000000 0.000000 0.000000 0.000000 0.000000 0.000000 0.000000 0.828125 0.072600 2.000000 0.789062 0.072600 2.000000 0.000000 0.000000 0.000000 0.803125 0.114754 2.000000 0.000000 0.000000 0.000000 0.807813 0.074941 2.000000 0.000000 0.000000 0.000000 0.000000 0.000000 0.000000 0.000000 0.000000 0.000000 0.000000 0.000000 0.000000 0.000000 0.000000 0.000000 0.000000 0.000000 0.000000
0 0.389508 0.098536 0.066609 0.116604 0.379688 0.070258 2.000000 0.384375 0.065574 2.000000 0.375000 0.067916 2.000000 0.389062 0.070258 2.000000 0.367188 0.072600 2.000000 0.404687 0.096019 2.000000 0.360938 0.103044 2.000000 0.417187 0.145199 2.000000 0.365625 0.159251 1.000000 0.000000 0.000000 0.000000 0.000000 0.000000 0.000000 0.401562 0.168618 1.000000 0.379688 0.173302 1.000000 0.000000 0.000000 0.000000 0.000000 0.000000 0.000000 0.000000 0.000000 0.000000 0.000000 0.000000 0.000000
0 0.266727 0.110351 0.064609 0.108103 0.271875 0.091335 2.000000 0.275000 0.084309 2.000000 0.268750 0.084309 2.000000 0.278125 0.088993 2.000000 0.257812 0.084309 2.000000 0.284375 0.121780 2.000000 0.246875 0.117096 2.000000 0.289062 0.173302 1.000000 0.246875 0.168618 1.000000 0.281250 0.128806 2.000000 0.000000 0.000000 0.000000 0.282813 0.192037 1.000000 0.256250 0.194379 1.000000 0.000000 0.000000 0.000000 0.000000 0.000000 0.000000 0.000000 0.000000 0.000000 0.000000 0.000000 0.000000
0 0.332070 0.098044 0.064578 0.122600 0.332813 0.077283 2.000000 0.337500 0.072600 2.000000 0.328125 0.070258 2.000000 0.000000 0.000000 0.000000 0.318750 0.070258 2.000000 0.346875 0.107728 2.000000 0.312500 0.100703 2.000000 0.354687 0.159251 1.000000 0.318750 0.145199 2.000000 0.000000 0.000000 0.000000 0.340625 0.124122 2.000000 0.000000 0.000000 0.000000 0.000000 0.000000 0.000000 0.000000 0.000000 0.000000 0.000000 0.000000 0.000000 0.000000 0.000000 0.000000 0.000000 0.000000 0.000000
0 0.928375 0.064496 0.072313 0.116815 0.923438 0.037471 2.000000 0.926562 0.032787 2.000000 0.920312 0.032787 2.000000 0.000000 0.000000 0.000000 0.910937 0.032787 2.000000 0.940625 0.058548 2.000000 0.906250 0.063232 2.000000 0.951562 0.079625 2.000000 0.909375 0.091335 2.000000 0.929688 0.098361 2.000000 0.935937 0.084309 2.000000 0.945312 0.112412 2.000000 0.917188 0.119438 2.000000 0.000000 0.000000 0.000000 0.000000 0.000000 0.000000 0.000000 0.000000 0.000000 0.000000 0.000000 0.000000
0 0.975773 0.063337 0.048453 0.125691 0.979688 0.023419 2.000000 0.984375 0.016393 2.000000 0.975000 0.016393 2.000000 0.989062 0.021077 2.000000 0.965625 0.021077 2.000000 0.996875 0.049180 2.000000 0.957812 0.051522 2.000000 0.000000 0.000000 0.000000 0.965625 0.086651 2.000000 0.000000 0.000000 0.000000 0.000000 0.000000 0.000000 0.000000 0.000000 0.000000 0.000000 0.000000 0.000000 0.000000 0.000000 0.000000 0.000000 0.000000 0.000000 0.000000 0.000000 0.000000 0.000000 0.000000 0.000000
