0 0.652810 0.195498 0.235948 0.319101 0.663399 0.150327 2.000000 0.681373 0.125817 2.000000 0.642157 0.125817 2.000000 0.709150 0.138889 2.000000 0.609477 0.135621 2.000000 0.720588 0.212418 2.000000 0.557190 0.222222 2.000000 0.738562 0.356209 1.000000 0.000000 0.000000 0.000000 0.000000 0.000000 0.000000 0.000000 0.000000 0.000000 0.684641 0.406863 1.000000 0.563725 0.403595 1.000000 0.000000 0.000000 0.000000 0.000000 0.000000 0.000000 0.000000 0.000000 0.000000 0.000000 0.000000 0.000000
0 0.866993 0.189804 0.226634 0.254412 0.805556 0.151961 2.000000 0.828431 0.130719 2.000000 0.789216 0.135621 2.000000 0.866013 0.150327 2.000000 0.772876 0.150327 2.000000 0.905229 0.205882 2.000000 0.764706 0.232026 1.000000 0.000000 0.000000 0.000000 0.000000 0.000000 0.000000 0.000000 0.000000 0.000000 0.000000 0.000000 0.000000 0.000000 0.000000 0.000000 0.000000 0.000000 0.000000 0.000000 0.000000 0.000000 0.000000 0.000000 0.000000 0.000000 0.000000 0.000000 0.000000 0.000000 0.000000
0 0.263668 0.111446 0.099069 0.112794 0.000000 0.000000 0.000000 0.000000 0.000000 0.000000 0.000000 0.000000 0.000000 0.000000 0.000000 0.000000 0.281046 0.076797 2.000000 0.232026 0.099673 1.000000 0.282680 0.106209 2.000000 0.000000 0.000000 0.000000 0.295752 0.140523 2.000000 0.000000 0.000000 0.000000 0.308824 0.174837 1.000000 0.000000 0.000000 0.000000 0.000000 0.000000 0.000000 0.000000 0.000000 0.000000 0.000000 0.000000 0.000000 0.000000 0.000000 0.000000 0.000000 0.000000 0.000000
0 0.269134 0.529910 0.075425 0.169722 0.297386 0.490196 1.000000 0.000000 0.000000 0.000000 0.299020 0.478758 2.000000 0.000000 0.000000 0.000000 0.287582 0.475490 2.000000 0.285948 0.509804 2.000000 0.254902 0.506536 2.000000 0.299020 0.547386 1.000000 0.276144 0.571895 2.000000 0.000000 0.000000 0.000000 0.000000 0.000000 0.000000 0.282680 0.602941 2.000000 0.258170 0.609477 1.000000 0.000000 0.000000 0.000000 0.000000 0.000000 0.000000 0.000000 0.000000 0.000000 0.000000 0.000000 0.000000
0 0.383170 0.629167 0.171699 0.142222 0.000000 0.000000 0.000000 0.000000 0.000000 0.000000 0.000000 0.000000 0.000000 0.305556 0.629085 2.000000 0.385621 0.625817 2.000000 0.000000 0.000000 0.000000 0.000000 0.000000 0.000000 0.000000 0.000000 0.000000 0.000000 0.000000 0.000000 0.000000 0.000000 0.000000 0.000000 0.000000 0.000000 0.000000 0.000000 0.000000 0.000000 0.000000 0.000000 0.000000 0.000000 0.000000 0.000000 0.000000 0.000000 0.000000 0.000000 0.000000 0.000000 0.000000 0.000000
0 0.092835 0.579158 0.129297 0.195833 0.000000 0.000000 0.000000 0.000000 0.000000 0.000000 0.000000 0.000000 0.000000 0.000000 0.000000 0.000000 0.112745 0.522876 2.000000 0.052288 0.562092 2.000000 0.120915 0.570261 2.000000 0.037582 0.622549 2.000000 0.145425 0.632353 2.000000 0.000000 0.000000 0.000000 0.000000 0.000000 0.000000 0.055556 0.676471 1.000000 0.107843 0.676471 1.000000 0.000000 0.000000 0.000000 0.000000 0.000000 0.000000 0.000000 0.000000 0.000000 0.000000 0.000000 0.000000
0 0.164216 0.518382 0.061209 0.088203 0.183007 0.495098 2.000000 0.186275 0.491830 2.000000 0.179739 0.491830 2.000000 0.163399 0.493464 2.000000 0.000000 0.000000 0.000000 0.145425 0.513072 2.000000 0.189542 0.511438 2.000000 0.153595 0.544118 2.000000 0.196078 0.529412 1.000000 0.181373 0.553922 2.000000 0.199346 0.552288 1.000000 0.000000 0.000000 0.000000 0.000000 0.000000 0.000000 0.000000 0.000000 0.000000 0.000000 0.000000 0.000000 0.000000 0.000000 0.000000 0.000000 0.000000 0.000000
0 0.372002 0.557729 0.060507 0.127843 0.000000 0.000000 0.000000 0.000000 0.000000 0.000000 0.000000 0.000000 0.000000 0.364379 0.517974 2.000000 0.000000 0.000000 0.000000 0.344771 0.550654 2.000000 0.410131 0.550654 1.000000 0.000000 0.000000 0.000000 0.000000 0.000000 0.000000 0.000000 0.000000 0.000000 0.000000 0.000000 0.000000 0.000000 0.000000 0.000000 0.000000 0.000000 0.000000 0.000000 0.000000 0.000000 0.000000 0.000000 0.000000 0.000000 0.000000 0.000000 0.000000 0.000000 0.000000
0 0.225302 0.632933 0.134918 0.109722 0.279412 0.665033 2.000000 0.000000 0.000000 0.000000 0.279412 0.658497 2.000000 0.000000 0.000000 0.000000 0.269608 0.651961 2.000000 0.000000 0.000000 0.000000 0.000000 0.000000 0.000000 0.000000 0.000000 0.000000 0.000000 0.000000 0.000000 0.000000 0.000000 0.000000 0.000000 0.000000 0.000000 0.000000 0.000000 0.000000 0.000000 0.000000 0.000000 0.000000 0.000000 0.000000 0.000000 0.000000 0.000000 0.000000 0.000000 0.000000 0.000000 0.000000 0.000000
0 0.444281 0.653456 0.077288 0.080212 0.000000 0.000000 0.000000 0.416667 0.666667 2.000000 0.000000 0.000000 0.000000 0.446078 0.679739 2.000000 0.000000 0.000000 0.000000 0.000000 0.000000 0.000000 0.000000 0.000000 0.000000 0.000000 0.000000 0.000000 0.000000 0.000000 0.000000 0.000000 0.000000 0.000000 0.000000 0.000000 0.000000 0.000000 0.000000 0.000000 0.000000 0.000000 0.000000 0.000000 0.000000 0.000000 0.000000 0.000000 0.000000 0.000000 0.000000 0.000000 0.000000 0.000000 0.000000
0 0.556111 0.869722 0.197908 0.149935 0.555556 0.838235 2.000000 0.563725 0.828431 2.000000 0.539216 0.828431 2.000000 0.581699 0.839869 1.000000 0.526144 0.846405 2.000000 0.612745 0.906863 2.000000 0.501634 0.903595 2.000000 0.000000 0.000000 0.000000 0.000000 0.000000 0.000000 0.000000 0.000000 0.000000 0.000000 0.000000 0.000000 0.000000 0.000000 0.000000 0.000000 0.000000 0.000000 0.000000 0.000000 0.000000 0.000000 0.000000 0.000000 0.000000 0.000000 0.000000 0.000000 0.000000 0.000000
