0 0.457805 0.631098 0.317172 0.715888 0.503125 0.422897 2.000000 0.000000 0.000000 0.000000 0.501563 0.404206 2.000000 0.000000 0.000000 0.000000 0.482812 0.397196 2.000000 0.381250 0.443925 1.000000 0.442188 0.476636 1.000000 0.500000 0.560748 1.000000 0.445312 0.668224 2.000000 0.575000 0.588785 2.000000 0.526563 0.626168 2.000000 0.326562 0.759346 2.000000 0.393750 0.792056 2.000000 0.000000 0.000000 0.000000 0.000000 0.000000 0.000000 0.000000 0.000000 0.000000 0.000000 0.000000 0.000000
0 0.363539 0.408306 0.138484 0.207079 0.348438 0.357477 2.000000 0.346875 0.345794 2.000000 0.337500 0.348131 2.000000 0.000000 0.000000 0.000000 0.315625 0.364486 2.000000 0.373437 0.385514 2.000000 0.312500 0.413551 2.000000 0.418750 0.373832 2.000000 0.392188 0.455607 1.000000 0.382812 0.324766 2.000000 0.000000 0.000000 0.000000 0.000000 0.000000 0.000000 0.000000 0.000000 0.000000 0.000000 0.000000 0.000000 0.000000 0.000000 0.000000 0.000000 0.000000 0.000000 0.000000 0.000000 0.000000
0 0.278250 0.409498 0.068125 0.164136 0.292187 0.385514 2.000000 0.000000 0.000000 0.000000 0.287500 0.378505 2.000000 0.000000 0.000000 0.000000 0.260937 0.376168 2.000000 0.295312 0.434579 2.000000 0.256250 0.446262 2.000000 0.000000 0.000000 0.000000 0.000000 0.000000 0.000000 0.000000 0.000000 0.000000 0.000000 0.000000 0.000000 0.000000 0.000000 0.000000 0.000000 0.000000 0.000000 0.000000 0.000000 0.000000 0.000000 0.000000 0.000000 0.000000 0.000000 0.000000 0.000000 0.000000 0.000000
0 0.143797 0.484790 0.117844 0.266729 0.160938 0.404206 2.000000 0.000000 0.000000 0.000000 0.150000 0.394860 2.000000 0.000000 0.000000 0.000000 0.128125 0.397196 2.000000 0.160938 0.446262 2.000000 0.114062 0.453271 2.000000 0.000000 0.000000 0.000000 0.123438 0.521028 2.000000 0.000000 0.000000 0.000000 0.181250 0.563084 2.000000 0.178125 0.567757 2.000000 0.140625 0.577103 2.000000 0.000000 0.000000 0.000000 0.000000 0.000000 0.000000 0.000000 0.000000 0.000000 0.000000 0.000000 0.000000
0 0.835180 0.395701 0.154984 0.183458 0.843750 0.371495 2.000000 0.000000 0.000000 0.000000 0.837500 0.362150 2.000000 0.000000 0.000000 0.000000 0.810937 0.369159 2.000000 0.850000 0.399533 2.000000 0.792188 0.406542 2.000000 0.881250 0.453271 2.000000 0.809375 0.474299 2.000000 0.000000 0.000000 0.000000 0.856250 0.478972 2.000000 0.000000 0.000000 0.000000 0.000000 0.000000 0.000000 0.000000 0.000000 0.000000 0.000000 0.000000 0.000000 0.000000 0.000000 0.000000 0.000000 0.000000 0.000000
0 0.566789 0.363189 0.060516 0.126192 0.582812 0.345794 2.000000 0.584375 0.331776 2.000000 0.573438 0.338785 2.000000 0.000000 0.000000 0.000000 0.553125 0.352804 2.000000 0.584375 0.380841 1.000000 0.548438 0.397196 2.000000 0.000000 0.000000 0.000000 0.000000 0.000000 0.000000 0.000000 0.000000 0.000000 0.000000 0.000000 0.000000 0.000000 0.000000 0.000000 0.000000 0.000000 0.000000 0.000000 0.000000 0.000000 0.000000 0.000000 0.000000 0.000000 0.000000 0.000000 0.000000 0.000000 0.000000
0 0.603242 0.418960 0.068141 0.104416 0.609375 0.404206 2.000000 0.000000 0.000000 0.000000 0.601562 0.392523 2.000000 0.000000 0.000000 0.000000 0.578125 0.401869 2.000000 0.621875 0.448598 2.000000 0.000000 0.000000 0.000000 0.000000 0.000000 0.000000 0.000000 0.000000 0.000000 0.000000 0.000000 0.000000 0.000000 0.000000 0.000000 0.000000 0.000000 0.000000 0.000000 0.000000 0.000000 0.000000 0.000000 0.000000 0.000000 0.000000 0.000000 0.000000 0.000000 0.000000 0.000000 0.000000 0.000000
0 0.223117 0.539848 0.122984 0.134977 0.250000 0.530374 2.000000 0.000000 0.000000 0.000000 0.243750 0.518692 2.000000 0.000000 0.000000 0.000000 0.220312 0.523364 2.000000 0.243750 0.584112 2.000000 0.176563 0.588785 2.000000 0.000000 0.000000 0.000000 0.000000 0.000000 0.000000 0.275000 0.595794 1.000000 0.250000 0.595794 1.000000 0.000000 0.000000 0.000000 0.000000 0.000000 0.000000 0.000000 0.000000 0.000000 0.000000 0.000000 0.000000 0.000000 0.000000 0.000000 0.000000 0.000000 0.000000
0 0.217109 0.439883 0.120656 0.164112 0.210938 0.406542 2.000000 0.207813 0.394860 2.000000 0.198437 0.397196 2.000000 0.000000 0.000000 0.000000 0.179688 0.408879 2.000000 0.234375 0.448598 2.000000 0.181250 0.462617 1.000000 0.264062 0.495327 2.000000 0.000000 0.000000 0.000000 0.000000 0.000000 0.000000 0.000000 0.000000 0.000000 0.000000 0.000000 0.000000 0.000000 0.000000 0.000000 0.000000 0.000000 0.000000 0.000000 0.000000 0.000000 0.000000 0.000000 0.000000 0.000000 0.000000 0.000000
0 0.251688 0.326145 0.114719 0.211963 0.246875 0.273364 2.000000 0.248438 0.259346 2.000000 0.240625 0.261682 2.000000 0.000000 0.000000 0.000000 0.217188 0.268692 2.000000 0.265625 0.310748 2.000000 0.204687 0.324766 2.000000 0.303125 0.371495 2.000000 0.237500 0.392523 2.000000 0.260937 0.380841 1.000000 0.282813 0.373832 1.000000 0.292187 0.401869 1.000000 0.250000 0.422897 1.000000 0.000000 0.000000 0.000000 0.000000 0.000000 0.000000 0.000000 0.000000 0.000000 0.000000 0.000000 0.000000
0 0.047797 0.429696 0.095594 0.252710 0.050000 0.364486 2.000000 0.000000 0.000000 0.000000 0.039062 0.350467 2.000000 0.000000 0.000000 0.000000 0.014063 0.359813 2.000000 0.046875 0.397196 2.000000 0.001563 0.399533 1.000000 0.000000 0.000000 0.000000 0.009375 0.471963 1.000000 0.000000 0.000000 0.000000 0.050000 0.485981 2.000000 0.068750 0.528037 2.000000 0.034375 0.539720 1.000000 0.000000 0.000000 0.000000 0.000000 0.000000 0.000000 0.000000 0.000000 0.000000 0.000000 0.000000 0.000000
0 0.921922 0.182991 0.086656 0.143879 0.906250 0.165888 2.000000 0.910937 0.156542 2.000000 0.900000 0.161215 2.000000 0.920312 0.158879 2.000000 0.893750 0.165888 2.000000 0.942187 0.203271 2.000000 0.882812 0.214953 2.000000 0.000000 0.000000 0.000000 0.000000 0.000000 0.000000 0.000000 0.000000 0.000000 0.000000 0.000000 0.000000 0.000000 0.000000 0.000000 0.000000 0.000000 0.000000 0.000000 0.000000 0.000000 0.000000 0.000000 0.000000 0.000000 0.000000 0.000000 0.000000 0.000000 0.000000
