0 0.509586 0.531042 0.389391 0.591417 0.589063 0.310417 2.000000 0.607812 0.295833 2.000000 0.581250 0.287500 2.000000 0.620313 0.316667 1.000000 0.559375 0.281250 1.000000 0.595313 0.368750 2.000000 0.537500 0.347917 2.000000 0.607812 0.414583 2.000000 0.620313 0.402083 2.000000 0.646875 0.377083 2.000000 0.670312 0.372917 2.000000 0.520312 0.525000 2.000000 0.460938 0.508333 2.000000 0.603125 0.658333 2.000000 0.448437 0.650000 2.000000 0.671875 0.777083 2.000000 0.343750 0.779167 2.000000
0 0.721344 0.592573 0.121344 0.408979 0.704688 0.443750 2.000000 0.712500 0.435417 2.000000 0.696875 0.435417 2.000000 0.731250 0.437500 2.000000 0.689063 0.443750 2.000000 0.753125 0.500000 2.000000 0.675000 0.500000 2.000000 0.764062 0.583333 2.000000 0.670312 0.579167 2.000000 0.737500 0.597917 2.000000 0.682813 0.602083 2.000000 0.737500 0.610417 2.000000 0.693750 0.612500 2.000000 0.759375 0.625000 2.000000 0.667188 0.629167 2.000000 0.762500 0.772917 2.000000 0.668750 0.770833 1.000000
0 0.720594 0.198302 0.140813 0.150354 0.703125 0.170833 2.000000 0.712500 0.160417 2.000000 0.696875 0.160417 2.000000 0.726562 0.168750 2.000000 0.687500 0.162500 1.000000 0.748437 0.214583 2.000000 0.660937 0.212500 2.000000 0.000000 0.000000 0.000000 0.000000 0.000000 0.000000 0.000000 0.000000 0.000000 0.000000 0.000000 0.000000 0.000000 0.000000 0.000000 0.689063 0.210417 2.000000 0.000000 0.000000 0.000000 0.000000 0.000000 0.000000 0.000000 0.000000 0.000000 0.000000 0.000000 0.000000
0 0.737453 0.111479 0.152094 0.220458 0.725000 0.039583 2.000000 0.731250 0.027083 2.000000 0.715625 0.029167 2.000000 0.743750 0.031250 2.000000 0.706250 0.035417 2.000000 0.771875 0.087500 2.000000 0.685937 0.091667 2.000000 0.787500 0.170833 2.000000 0.682813 0.175000 2.000000 0.756250 0.202083 2.000000 0.693750 0.216667 1.000000 0.757812 0.227083 1.000000 0.703125 0.229167 1.000000 0.793750 0.212500 2.000000 0.678125 0.218750 1.000000 0.782813 0.310417 1.000000 0.684375 0.314583 1.000000
0 0.227578 0.039479 0.162938 0.070000 0.000000 0.000000 0.000000 0.000000 0.000000 0.000000 0.000000 0.000000 0.000000 0.000000 0.000000 0.000000 0.000000 0.000000 0.000000 0.000000 0.000000 0.000000 0.000000 0.000000 0.000000 0.000000 0.000000 0.000000 0.000000 0.000000 0.000000 0.267188 0.006250 2.000000 0.228125 0.006250 1.000000 0.279687 0.016667 2.000000 0.212500 0.016667 1.000000 0.226562 0.031250 2.000000 0.000000 0.000000 0.000000 0.175000 0.054167 2.000000 0.000000 0.000000 0.000000
0 0.963039 0.073760 0.073922 0.147521 0.000000 0.000000 0.000000 0.000000 0.000000 0.000000 0.000000 0.000000 0.000000 0.000000 0.000000 0.000000 0.000000 0.000000 0.000000 0.000000 0.000000 0.000000 0.000000 0.000000 0.000000 0.000000 0.000000 0.000000 0.984375 0.050000 2.000000 0.000000 0.000000 0.000000 0.948438 0.077083 2.000000 0.000000 0.000000 0.000000 0.000000 0.000000 0.000000 0.000000 0.000000 0.000000 0.976562 0.085417 1.000000 0.000000 0.000000 0.000000 0.960938 0.147917 1.000000
0 0.021633 0.691031 0.039859 0.251938 0.000000 0.000000 0.000000 0.000000 0.000000 0.000000 0.000000 0.000000 0.000000 0.000000 0.000000 0.000000 0.000000 0.000000 0.000000 0.020313 0.597917 2.000000 0.000000 0.000000 0.000000 0.015625 0.668750 2.000000 0.000000 0.000000 0.000000 0.000000 0.000000 0.000000 0.000000 0.000000 0.000000 0.000000 0.000000 0.000000 0.000000 0.000000 0.000000 0.007812 0.727083 2.000000 0.000000 0.000000 0.000000 0.000000 0.000000 0.000000 0.000000 0.000000 0.000000
0 0.793594 0.026104 0.093688 0.052208 0.000000 0.000000 0.000000 0.000000 0.000000 0.000000 0.000000 0.000000 0.000000 0.000000 0.000000 0.000000 0.000000 0.000000 0.000000 0.000000 0.000000 0.000000 0.000000 0.000000 0.000000 0.000000 0.000000 0.000000 0.000000 0.000000 0.000000 0.000000 0.000000 0.000000 0.000000 0.000000 0.000000 0.828125 0.008333 2.000000 0.000000 0.000000 0.000000 0.782813 0.006250 2.000000 0.000000 0.000000 0.000000 0.000000 0.000000 0.000000 0.000000 0.000000 0.000000
0 0.960273 0.173667 0.079453 0.186250 0.984375 0.141667 2.000000 0.992188 0.131250 2.000000 0.976562 0.129167 2.000000 0.000000 0.000000 0.000000 0.967187 0.137500 2.000000 0.000000 0.000000 0.000000 0.951562 0.181250 2.000000 0.000000 0.000000 0.000000 0.934375 0.268750 1.000000 0.000000 0.000000 0.000000 0.000000 0.000000 0.000000 0.000000 0.000000 0.000000 0.967187 0.300000 1.000000 0.000000 0.000000 0.000000 0.000000 0.000000 0.000000 0.000000 0.000000 0.000000 0.000000 0.000000 0.000000
0 0.077359 0.035594 0.154719 0.071188 0.000000 0.000000 0.000000 0.000000 0.000000 0.000000 0.000000 0.000000 0.000000 0.000000 0.000000 0.000000 0.000000 0.000000 0.000000 0.000000 0.000000 0.000000 0.000000 0.000000 0.000000 0.000000 0.000000 0.000000 0.000000 0.000000 0.000000 0.000000 0.000000 0.000000 0.000000 0.000000 0.000000 0.131250 0.039583 2.000000 0.078125 0.041667 2.000000 0.000000 0.000000 0.000000 0.051562 0.035417 2.000000 0.031250 0.035417 2.000000 0.000000 0.000000 0.000000
