0 0.518891 0.597764 0.317281 0.737083 0.525000 0.305556 2.000000 0.000000 0.000000 0.000000 0.518750 0.300000 2.000000 0.000000 0.000000 0.000000 0.500000 0.311111 2.000000 0.539062 0.366667 2.000000 0.465625 0.358333 2.000000 0.509375 0.444444 2.000000 0.395313 0.397222 2.000000 0.468750 0.355556 2.000000 0.435937 0.325000 2.000000 0.531250 0.622222 2.000000 0.476562 0.619444 2.000000 0.567187 0.752778 2.000000 0.434375 0.761111 2.000000 0.656250 0.908333 2.000000 0.398438 0.913889 2.000000
0 0.867969 0.618611 0.116750 0.406222 0.885938 0.458333 2.000000 0.890625 0.450000 2.000000 0.879687 0.450000 2.000000 0.896875 0.452778 2.000000 0.868750 0.452778 2.000000 0.907813 0.475000 2.000000 0.859375 0.469444 2.000000 0.918750 0.552778 2.000000 0.873437 0.533333 2.000000 0.882812 0.508333 2.000000 0.892188 0.500000 2.000000 0.865625 0.597222 2.000000 0.829688 0.594444 2.000000 0.882812 0.669444 2.000000 0.828125 0.711111 2.000000 0.875000 0.788889 2.000000 0.829688 0.833333 1.000000
0 0.958828 0.609389 0.082344 0.394111 0.981250 0.452778 2.000000 0.985938 0.447222 2.000000 0.976562 0.447222 2.000000 0.000000 0.000000 0.000000 0.962500 0.450000 2.000000 0.989062 0.477778 2.000000 0.945312 0.475000 2.000000 0.000000 0.000000 0.000000 0.960938 0.508333 2.000000 0.971875 0.500000 2.000000 0.990625 0.488889 2.000000 0.968750 0.627778 2.000000 0.940625 0.619444 2.000000 0.959375 0.727778 2.000000 0.942187 0.686111 2.000000 0.956250 0.805556 1.000000 0.939063 0.752778 2.000000
0 0.648313 0.591444 0.113094 0.451389 0.664062 0.408333 2.000000 0.668750 0.402778 2.000000 0.659375 0.397222 2.000000 0.000000 0.000000 0.000000 0.645312 0.400000 2.000000 0.668750 0.455556 2.000000 0.615625 0.458333 2.000000 0.698438 0.508333 2.000000 0.604688 0.522222 1.000000 0.679688 0.505556 2.000000 0.632812 0.511111 2.000000 0.650000 0.611111 2.000000 0.615625 0.608333 2.000000 0.682813 0.705556 2.000000 0.615625 0.738889 2.000000 0.637500 0.788889 1.000000 0.606250 0.877778 1.000000
0 0.795141 0.559153 0.108000 0.527028 0.815625 0.350000 2.000000 0.818750 0.341667 2.000000 0.809375 0.341667 2.000000 0.000000 0.000000 0.000000 0.795312 0.344444 2.000000 0.823438 0.408333 2.000000 0.773438 0.377778 2.000000 0.831250 0.488889 2.000000 0.746875 0.441667 2.000000 0.803125 0.513889 2.000000 0.753125 0.502778 2.000000 0.795312 0.552778 2.000000 0.762500 0.552778 2.000000 0.787500 0.663889 2.000000 0.764062 0.661111 2.000000 0.775000 0.777778 2.000000 0.759375 0.777778 2.000000
0 0.085727 0.462389 0.099703 0.294833 0.000000 0.000000 0.000000 0.000000 0.000000 0.000000 0.000000 0.000000 0.000000 0.000000 0.000000 0.000000 0.078125 0.355556 2.000000 0.100000 0.405556 2.000000 0.054688 0.397222 2.000000 0.120313 0.466667 2.000000 0.067187 0.441667 2.000000 0.128125 0.413889 2.000000 0.087500 0.377778 2.000000 0.093750 0.591667 1.000000 0.054688 0.594444 1.000000 0.000000 0.000000 0.000000 0.000000 0.000000 0.000000 0.000000 0.000000 0.000000 0.000000 0.000000 0.000000
0 0.293391 0.292542 0.068031 0.141639 0.303125 0.255556 2.000000 0.307812 0.247222 2.000000 0.298438 0.247222 2.000000 0.000000 0.000000 0.000000 0.287500 0.255556 2.000000 0.312500 0.294444 1.000000 0.273438 0.297222 2.000000 0.000000 0.000000 0.000000 0.000000 0.000000 0.000000 0.000000 0.000000 0.000000 0.000000 0.000000 0.000000 0.000000 0.000000 0.000000 0.000000 0.000000 0.000000 0.000000 0.000000 0.000000 0.000000 0.000000 0.000000 0.000000 0.000000 0.000000 0.000000 0.000000 0.000000
0 0.477180 0.170792 0.102391 0.301139 0.478125 0.061111 2.000000 0.482812 0.055556 2.000000 0.471875 0.055556 2.000000 0.000000 0.000000 0.000000 0.459375 0.061111 2.000000 0.492188 0.111111 2.000000 0.448437 0.116667 2.000000 0.507812 0.158333 2.000000 0.434375 0.183333 2.000000 0.520312 0.200000 2.000000 0.450000 0.208333 2.000000 0.500000 0.241667 1.000000 0.465625 0.244444 2.000000 0.528125 0.219444 1.000000 0.451562 0.236111 2.000000 0.528125 0.297222 1.000000 0.451562 0.311111 1.000000
0 0.282516 0.139333 0.064469 0.175278 0.260937 0.094444 2.000000 0.265625 0.086111 2.000000 0.000000 0.000000 0.000000 0.279687 0.088889 2.000000 0.000000 0.000000 0.000000 0.300000 0.130556 2.000000 0.259375 0.130556 2.000000 0.304688 0.197222 2.000000 0.000000 0.000000 0.000000 0.284375 0.219444 2.000000 0.000000 0.000000 0.000000 0.296875 0.225000 1.000000 0.264062 0.222222 1.000000 0.000000 0.000000 0.000000 0.000000 0.000000 0.000000 0.000000 0.000000 0.000000 0.000000 0.000000 0.000000
0 0.085477 0.740250 0.168016 0.483111 0.000000 0.000000 0.000000 0.000000 0.000000 0.000000 0.000000 0.000000 0.000000 0.000000 0.000000 0.000000 0.089063 0.566667 2.000000 0.093750 0.633333 2.000000 0.050000 0.638889 2.000000 0.000000 0.000000 0.000000 0.040625 0.777778 2.000000 0.000000 0.000000 0.000000 0.109375 0.738889 2.000000 0.068750 0.769444 2.000000 0.018750 0.797222 2.000000 0.151562 0.741667 2.000000 0.090625 0.819444 2.000000 0.095312 0.947222 2.000000 0.014063 0.927778 2.000000
0 0.337859 0.265319 0.063187 0.190250 0.332813 0.211111 2.000000 0.337500 0.202778 2.000000 0.331250 0.200000 2.000000 0.351562 0.208333 2.000000 0.000000 0.000000 0.000000 0.364063 0.250000 2.000000 0.314063 0.247222 2.000000 0.362500 0.300000 2.000000 0.000000 0.000000 0.000000 0.343750 0.316667 2.000000 0.000000 0.000000 0.000000 0.350000 0.313889 1.000000 0.323437 0.313889 1.000000 0.359375 0.322222 2.000000 0.343750 0.352778 2.000000 0.000000 0.000000 0.000000 0.000000 0.000000 0.000000
