0 0.093211 0.636467 0.174641 0.373307 0.000000 0.000000 0.000000 0.000000 0.000000 0.000000 0.115625 0.514667 2.000000 0.000000 0.000000 0.000000 0.096875 0.517333 2.000000 0.021875 0.626667 2.000000 0.132812 0.618667 2.000000 0.000000 0.000000 0.000000 0.165625 0.704000 2.000000 0.000000 0.000000 0.000000 0.000000 0.000000 0.000000 0.053125 0.810667 2.000000 0.123438 0.808000 1.000000 0.103125 0.789333 2.000000 0.154688 0.765333 2.000000 0.123438 0.904000 1.000000 0.145313 0.930667 1.000000
0 0.266617 0.652600 0.143578 0.418693 0.257812 0.506667 2.000000 0.260937 0.496000 2.000000 0.000000 0.000000 0.000000 0.284375 0.504000 2.000000 0.000000 0.000000 0.000000 0.292187 0.544000 2.000000 0.309375 0.533333 2.000000 0.234375 0.624000 2.000000 0.000000 0.000000 0.000000 0.000000 0.000000 0.000000 0.234375 0.584000 2.000000 0.300000 0.720000 1.000000 0.318750 0.712000 1.000000 0.209375 0.746667 2.000000 0.218750 0.712000 2.000000 0.259375 0.856000 1.000000 0.267188 0.824000 1.000000
0 0.381188 0.679773 0.267281 0.496613 0.476562 0.568000 2.000000 0.000000 0.000000 0.000000 0.456250 0.536000 2.000000 0.000000 0.000000 0.000000 0.398438 0.557333 2.000000 0.471875 0.698667 2.000000 0.317188 0.709333 2.000000 0.495312 0.901333 1.000000 0.275000 0.938667 1.000000 0.000000 0.000000 0.000000 0.000000 0.000000 0.000000 0.000000 0.000000 0.000000 0.000000 0.000000 0.000000 0.000000 0.000000 0.000000 0.000000 0.000000 0.000000 0.000000 0.000000 0.000000 0.000000 0.000000 0.000000
0 0.570102 0.550680 0.147797 0.301787 0.000000 0.000000 0.000000 0.000000 0.000000 0.000000 0.000000 0.000000 0.000000 0.545312 0.469333 2.000000 0.584375 0.464000 2.000000 0.515625 0.549333 2.000000 0.615625 0.544000 2.000000 0.507812 0.680000 2.000000 0.656250 0.672000 1.000000 0.000000 0.000000 0.000000 0.606250 0.629333 2.000000 0.540625 0.741333 1.000000 0.607812 0.741333 1.000000 0.000000 0.000000 0.000000 0.000000 0.000000 0.000000 0.000000 0.000000 0.000000 0.000000 0.000000 0.000000
0 0.800563 0.606733 0.384469 0.543813 0.717187 0.512000 2.000000 0.732812 0.490667 2.000000 0.703125 0.488000 2.000000 0.784375 0.472000 2.000000 0.000000 0.000000 0.000000 0.859375 0.568000 2.000000 0.656250 0.592000 2.000000 0.970313 0.776000 1.000000 0.632812 0.738667 2.000000 0.818750 0.792000 2.000000 0.639062 0.853333 2.000000 0.000000 0.000000 0.000000 0.000000 0.000000 0.000000 0.000000 0.000000 0.000000 0.000000 0.000000 0.000000 0.000000 0.000000 0.000000 0.000000 0.000000 0.000000
0 0.853945 0.410013 0.135391 0.408827 0.800000 0.309333 2.000000 0.804688 0.290667 2.000000 0.000000 0.000000 0.000000 0.823438 0.288000 2.000000 0.000000 0.000000 0.000000 0.832812 0.362667 2.000000 0.859375 0.360000 2.000000 0.889062 0.517333 2.000000 0.000000 0.000000 0.000000 0.904687 0.664000 1.000000 0.000000 0.000000 0.000000 0.848437 0.674667 1.000000 0.871875 0.661333 1.000000 0.000000 0.000000 0.000000 0.000000 0.000000 0.000000 0.000000 0.000000 0.000000 0.000000 0.000000 0.000000
0 0.920867 0.532693 0.056547 0.197280 0.000000 0.000000 0.000000 0.000000 0.000000 0.000000 0.000000 0.000000 0.000000 0.903125 0.466667 2.000000 0.000000 0.000000 0.000000 0.917188 0.512000 2.000000 0.918750 0.501333 2.000000 0.000000 0.000000 0.000000 0.000000 0.000000 0.000000 0.000000 0.000000 0.000000 0.000000 0.000000 0.000000 0.928125 0.602667 2.000000 0.931250 0.594667 2.000000 0.000000 0.000000 0.000000 0.000000 0.000000 0.000000 0.000000 0.000000 0.000000 0.000000 0.000000 0.000000
0 0.202336 0.479853 0.050453 0.150907 0.000000 0.000000 0.000000 0.000000 0.000000 0.000000 0.000000 0.000000 0.000000 0.192188 0.418667 2.000000 0.000000 0.000000 0.000000 0.184375 0.440000 1.000000 0.212500 0.437333 2.000000 0.175000 0.472000 1.000000 0.221875 0.466667 2.000000 0.000000 0.000000 0.000000 0.000000 0.000000 0.000000 0.198437 0.485333 2.000000 0.215625 0.485333 2.000000 0.195312 0.554667 1.000000 0.218750 0.552000 2.000000 0.000000 0.000000 0.000000 0.000000 0.000000 0.000000
0 0.161641 0.517293 0.057469 0.158107 0.000000 0.000000 0.000000 0.000000 0.000000 0.000000 0.000000 0.000000 0.000000 0.162500 0.461333 2.000000 0.000000 0.000000 0.000000 0.154688 0.490667 2.000000 0.184375 0.488000 2.000000 0.145313 0.517333 2.000000 0.000000 0.000000 0.000000 0.000000 0.000000 0.000000 0.000000 0.000000 0.000000 0.156250 0.544000 2.000000 0.176563 0.546667 2.000000 0.137500 0.549333 2.000000 0.000000 0.000000 0.000000 0.000000 0.000000 0.000000 0.000000 0.000000 0.000000
0 0.665117 0.516653 0.074578 0.143547 0.660937 0.496000 2.000000 0.665625 0.485333 2.000000 0.654687 0.488000 2.000000 0.679688 0.482667 2.000000 0.000000 0.000000 0.000000 0.698438 0.541333 1.000000 0.660937 0.541333 2.000000 0.000000 0.000000 0.000000 0.626563 0.589333 1.000000 0.000000 0.000000 0.000000 0.646875 0.546667 2.000000 0.000000 0.000000 0.000000 0.000000 0.000000 0.000000 0.000000 0.000000 0.000000 0.000000 0.000000 0.000000 0.000000 0.000000 0.000000 0.000000 0.000000 0.000000
