0 0.229047 0.594148 0.154706 0.100547 0.195294 0.581250 2.000000 0.200000 0.575000 2.000000 0.000000 0.000000 0.000000 0.228235 0.570312 2.000000 0.000000 0.000000 0.000000 0.270588 0.589063 2.000000 0.200000 0.587500 2.000000 0.289412 0.625000 2.000000 0.000000 0.000000 0.000000 0.235294 0.618750 2.000000 0.000000 0.000000 0.000000 0.000000 0.000000 0.000000 0.000000 0.000000 0.000000 0.000000 0.000000 0.000000 0.000000 0.000000 0.000000 0.000000 0.000000 0.000000 0.000000 0.000000 0.000000
0 0.911882 0.605391 0.165035 0.121500 0.905882 0.568750 2.000000 0.912941 0.564063 2.000000 0.896471 0.564063 2.000000 0.924706 0.567187 2.000000 0.889412 0.567187 2.000000 0.955294 0.593750 2.000000 0.863529 0.598437 2.000000 0.976471 0.645312 2.000000 0.856471 0.646875 2.000000 0.936471 0.615625 2.000000 0.898824 0.615625 2.000000 0.948235 0.667188 1.000000 0.877647 0.667188 1.000000 0.000000 0.000000 0.000000 0.000000 0.000000 0.000000 0.000000 0.000000 0.000000 0.000000 0.000000 0.000000
0 0.205765 0.486141 0.066071 0.103906 0.204706 0.465625 2.000000 0.214118 0.460938 2.000000 0.200000 0.459375 2.000000 0.225882 0.465625 2.000000 0.190588 0.459375 2.000000 0.218824 0.482812 2.000000 0.178824 0.478125 1.000000 0.000000 0.000000 0.000000 0.000000 0.000000 0.000000 0.000000 0.000000 0.000000 0.000000 0.000000 0.000000 0.214118 0.523438 2.000000 0.178824 0.523438 1.000000 0.000000 0.000000 0.000000 0.000000 0.000000 0.000000 0.000000 0.000000 0.000000 0.000000 0.000000 0.000000
0 0.316953 0.490711 0.098094 0.088984 0.294118 0.470313 2.000000 0.301176 0.465625 2.000000 0.000000 0.000000 0.000000 0.327059 0.467187 2.000000 0.000000 0.000000 0.000000 0.345882 0.489063 2.000000 0.284706 0.489063 2.000000 0.000000 0.000000 0.000000 0.000000 0.000000 0.000000 0.000000 0.000000 0.000000 0.000000 0.000000 0.000000 0.000000 0.000000 0.000000 0.000000 0.000000 0.000000 0.000000 0.000000 0.000000 0.000000 0.000000 0.000000 0.000000 0.000000 0.000000 0.000000 0.000000 0.000000
0 0.272341 0.345984 0.084541 0.083250 0.270588 0.328125 2.000000 0.277647 0.323437 2.000000 0.265882 0.323437 2.000000 0.287059 0.323437 2.000000 0.000000 0.000000 0.000000 0.305882 0.342187 2.000000 0.249412 0.343750 2.000000 0.294118 0.371875 2.000000 0.225882 0.375000 1.000000 0.258824 0.370312 2.000000 0.261176 0.371875 2.000000 0.277647 0.387500 1.000000 0.240000 0.384375 2.000000 0.000000 0.000000 0.000000 0.000000 0.000000 0.000000 0.000000 0.000000 0.000000 0.000000 0.000000 0.000000
0 0.944082 0.254016 0.090753 0.076563 0.941176 0.232813 2.000000 0.943529 0.229687 2.000000 0.938824 0.229687 2.000000 0.957647 0.229687 2.000000 0.000000 0.000000 0.000000 0.978824 0.250000 2.000000 0.927059 0.248438 2.000000 0.974118 0.276562 2.000000 0.915294 0.273438 2.000000 0.957647 0.285938 2.000000 0.920000 0.284375 2.000000 0.960000 0.293750 1.000000 0.924706 0.290625 1.000000 0.917647 0.307812 1.000000 0.889412 0.304688 1.000000 0.000000 0.000000 0.000000 0.000000 0.000000 0.000000
0 0.541000 0.550617 0.516824 0.874078 0.505882 0.204687 2.000000 0.529412 0.189062 2.000000 0.484706 0.185938 2.000000 0.583529 0.187500 2.000000 0.000000 0.000000 0.000000 0.665882 0.256250 2.000000 0.435294 0.268750 2.000000 0.696471 0.392188 2.000000 0.409412 0.392188 2.000000 0.560000 0.418750 2.000000 0.364706 0.462500 2.000000 0.590588 0.465625 2.000000 0.468235 0.471875 2.000000 0.611765 0.690625 2.000000 0.414118 0.712500 2.000000 0.736471 0.951562 2.000000 0.390588 0.943750 2.000000
0 0.795965 0.474391 0.095600 0.088406 0.000000 0.000000 0.000000 0.000000 0.000000 0.000000 0.000000 0.000000 0.000000 0.000000 0.000000 0.000000 0.000000 0.000000 0.000000 0.842353 0.481250 1.000000 0.785882 0.481250 2.000000 0.000000 0.000000 0.000000 0.764706 0.507812 2.000000 0.000000 0.000000 0.000000 0.825882 0.495312 2.000000 0.000000 0.000000 0.000000 0.000000 0.000000 0.000000 0.000000 0.000000 0.000000 0.000000 0.000000 0.000000 0.000000 0.000000 0.000000 0.000000 0.000000 0.000000
0 0.952706 0.395047 0.094588 0.109250 0.943529 0.360938 2.000000 0.950588 0.357812 2.000000 0.941176 0.356250 2.000000 0.969412 0.359375 2.000000 0.000000 0.000000 0.000000 0.995294 0.378125 2.000000 0.938824 0.379688 2.000000 0.971765 0.406250 2.000000 0.000000 0.000000 0.000000 0.960000 0.379688 2.000000 0.000000 0.000000 0.000000 0.988235 0.431250 2.000000 0.945882 0.431250 2.000000 0.000000 0.000000 0.000000 0.000000 0.000000 0.000000 0.000000 0.000000 0.000000 0.000000 0.000000 0.000000
0 0.843365 0.315711 0.097082 0.087609 0.837647 0.296875 2.000000 0.842353 0.293750 2.000000 0.832941 0.293750 2.000000 0.854118 0.290625 2.000000 0.000000 0.000000 0.000000 0.872941 0.312500 2.000000 0.818824 0.309375 2.000000 0.000000 0.000000 0.000000 0.000000 0.000000 0.000000 0.000000 0.000000 0.000000 0.000000 0.000000 0.000000 0.868235 0.350000 2.000000 0.825882 0.346875 1.000000 0.000000 0.000000 0.000000 0.000000 0.000000 0.000000 0.000000 0.000000 0.000000 0.000000 0.000000 0.000000
