0 0.862281 0.407659 0.242125 0.322094 0.775000 0.355294 1.000000 0.773438 0.341176 2.000000 0.000000 0.000000 0.000000 0.790625 0.296471 2.000000 0.000000 0.000000 0.000000 0.850000 0.305882 2.000000 0.000000 0.000000 0.000000 0.837500 0.465882 1.000000 0.000000 0.000000 0.000000 0.770312 0.496471 1.000000 0.000000 0.000000 0.000000 0.950000 0.423529 2.000000 0.000000 0.000000 0.000000 0.912500 0.623529 1.000000 0.000000 0.000000 0.000000 0.000000 0.000000 0.000000 0.000000 0.000000 0.000000
0 0.885516 0.176094 0.098281 0.202871 0.884375 0.160000 2.000000 0.893750 0.145882 2.000000 0.879687 0.148235 2.000000 0.000000 0.000000 0.000000 0.000000 0.000000 0.000000 0.939063 0.207059 1.000000 0.871875 0.209412 2.000000 0.000000 0.000000 0.000000 0.000000 0.000000 0.000000 0.000000 0.000000 0.000000 0.000000 0.000000 0.000000 0.000000 0.000000 0.000000 0.000000 0.000000 0.000000 0.000000 0.000000 0.000000 0.000000 0.000000 0.000000 0.000000 0.000000 0.000000 0.000000 0.000000 0.000000
0 0.946602 0.195106 0.106797 0.188235 0.907813 0.167059 2.000000 0.914062 0.162353 2.000000 0.000000 0.000000 0.000000 0.935937 0.162353 2.000000 0.000000 0.000000 0.000000 0.928125 0.202353 2.000000 0.965625 0.164706 2.000000 0.910937 0.256471 2.000000 0.993750 0.228235 2.000000 0.901563 0.225882 2.000000 0.000000 0.000000 0.000000 0.942187 0.280000 2.000000 0.968750 0.272941 2.000000 0.000000 0.000000 0.000000 0.000000 0.000000 0.000000 0.000000 0.000000 0.000000 0.000000 0.000000 0.000000
0 0.739617 0.300812 0.134484 0.331224 0.735938 0.211765 2.000000 0.745313 0.195294 2.000000 0.728125 0.195294 2.000000 0.764062 0.192941 2.000000 0.000000 0.000000 0.000000 0.771875 0.247059 2.000000 0.710938 0.251765 2.000000 0.820312 0.315294 1.000000 0.687500 0.343529 2.000000 0.765625 0.324706 1.000000 0.000000 0.000000 0.000000 0.753125 0.404706 2.000000 0.715625 0.404706 2.000000 0.000000 0.000000 0.000000 0.000000 0.000000 0.000000 0.000000 0.000000 0.000000 0.000000 0.000000 0.000000
0 0.820266 0.185424 0.075813 0.168776 0.800000 0.148235 2.000000 0.807813 0.138824 2.000000 0.801562 0.138824 2.000000 0.828125 0.141176 2.000000 0.000000 0.000000 0.000000 0.839063 0.190588 2.000000 0.796875 0.195294 2.000000 0.817187 0.249412 2.000000 0.000000 0.000000 0.000000 0.000000 0.000000 0.000000 0.000000 0.000000 0.000000 0.000000 0.000000 0.000000 0.000000 0.000000 0.000000 0.000000 0.000000 0.000000 0.000000 0.000000 0.000000 0.000000 0.000000 0.000000 0.000000 0.000000 0.000000
0 0.232734 0.229635 0.072375 0.157765 0.225000 0.190588 2.000000 0.231250 0.185882 2.000000 0.225000 0.185882 2.000000 0.243750 0.197647 2.000000 0.000000 0.000000 0.000000 0.259375 0.249412 1.000000 0.225000 0.232941 2.000000 0.248438 0.298824 1.000000 0.000000 0.000000 0.000000 0.221875 0.270588 2.000000 0.000000 0.000000 0.000000 0.000000 0.000000 0.000000 0.000000 0.000000 0.000000 0.000000 0.000000 0.000000 0.000000 0.000000 0.000000 0.000000 0.000000 0.000000 0.000000 0.000000 0.000000
0 0.289938 0.317000 0.122469 0.197106 0.284375 0.289412 2.000000 0.289062 0.280000 2.000000 0.276562 0.280000 2.000000 0.301563 0.270588 2.000000 0.267188 0.270588 2.000000 0.310937 0.291765 2.000000 0.256250 0.303529 2.000000 0.337500 0.350588 2.000000 0.240625 0.385882 2.000000 0.315625 0.376471 2.000000 0.276562 0.411765 1.000000 0.000000 0.000000 0.000000 0.000000 0.000000 0.000000 0.000000 0.000000 0.000000 0.000000 0.000000 0.000000 0.000000 0.000000 0.000000 0.000000 0.000000 0.000000
0 0.114211 0.202282 0.119547 0.157506 0.056250 0.176471 2.000000 0.059375 0.162353 2.000000 0.000000 0.000000 0.000000 0.075000 0.169412 2.000000 0.000000 0.000000 0.000000 0.079687 0.214118 2.000000 0.106250 0.207059 2.000000 0.000000 0.000000 0.000000 0.000000 0.000000 0.000000 0.000000 0.000000 0.000000 0.000000 0.000000 0.000000 0.000000 0.000000 0.000000 0.000000 0.000000 0.000000 0.000000 0.000000 0.000000 0.000000 0.000000 0.000000 0.000000 0.000000 0.000000 0.000000 0.000000 0.000000
0 0.697641 0.207871 0.058188 0.132588 0.000000 0.000000 0.000000 0.715625 0.174118 2.000000 0.000000 0.000000 0.000000 0.701562 0.174118 2.000000 0.000000 0.000000 0.000000 0.687500 0.204706 2.000000 0.723437 0.204706 2.000000 0.000000 0.000000 0.000000 0.000000 0.000000 0.000000 0.000000 0.000000 0.000000 0.000000 0.000000 0.000000 0.000000 0.000000 0.000000 0.000000 0.000000 0.000000 0.000000 0.000000 0.000000 0.000000 0.000000 0.000000 0.000000 0.000000 0.000000 0.000000 0.000000 0.000000
0 0.387141 0.300035 0.118813 0.249953 0.351562 0.275294 2.000000 0.353125 0.268235 2.000000 0.000000 0.000000 0.000000 0.370312 0.249412 2.000000 0.000000 0.000000 0.000000 0.387500 0.282353 2.000000 0.400000 0.242353 2.000000 0.000000 0.000000 0.000000 0.000000 0.000000 0.000000 0.000000 0.000000 0.000000 0.000000 0.000000 0.000000 0.423438 0.390588 2.000000 0.443750 0.360000 2.000000 0.000000 0.000000 0.000000 0.000000 0.000000 0.000000 0.000000 0.000000 0.000000 0.000000 0.000000 0.000000
0 0.551711 0.142165 0.060266 0.113459 0.534375 0.155294 2.000000 0.540625 0.143529 2.000000 0.532813 0.143529 2.000000 0.562500 0.145882 2.000000 0.000000 0.000000 0.000000 0.000000 0.000000 0.000000 0.000000 0.000000 0.000000 0.000000 0.000000 0.000000 0.000000 0.000000 0.000000 0.000000 0.000000 0.000000 0.000000 0.000000 0.000000 0.000000 0.000000 0.000000 0.000000 0.000000 0.000000 0.000000 0.000000 0.000000 0.000000 0.000000 0.000000 0.000000 0.000000 0.000000 0.000000 0.000000 0.000000
0 0.458734 0.326871 0.065687 0.224329 0.454688 0.305882 2.000000 0.456250 0.291765 2.000000 0.000000 0.000000 0.000000 0.470313 0.275294 2.000000 0.000000 0.000000 0.000000 0.507812 0.298824 1.000000 0.451562 0.308235 2.000000 0.000000 0.000000 0.000000 0.453125 0.392941 2.000000 0.493750 0.409412 1.000000 0.487500 0.440000 1.000000 0.000000 0.000000 0.000000 0.000000 0.000000 0.000000 0.000000 0.000000 0.000000 0.000000 0.000000 0.000000 0.000000 0.000000 0.000000 0.000000 0.000000 0.000000
0 0.573453 0.382765 0.197375 0.469765 0.585938 0.242353 2.000000 0.596875 0.235294 2.000000 0.581250 0.225882 2.000000 0.621875 0.221176 2.000000 0.000000 0.000000 0.000000 0.646875 0.242353 2.000000 0.567187 0.211765 2.000000 0.660937 0.352941 1.000000 0.490625 0.225882 2.000000 0.642188 0.341176 2.000000 0.489063 0.317647 2.000000 0.620313 0.432941 2.000000 0.571875 0.428235 2.000000 0.629687 0.618824 1.000000 0.565625 0.623529 1.000000 0.000000 0.000000 0.000000 0.000000 0.000000 0.000000
