0 0.540539 0.716803 0.112766 0.450703 0.534375 0.538642 2.000000 0.540625 0.529274 2.000000 0.526563 0.533958 2.000000 0.000000 0.000000 0.000000 0.510938 0.540984 2.000000 0.559375 0.583138 2.000000 0.506250 0.594848 2.000000 0.585938 0.658080 2.000000 0.503125 0.662763 2.000000 0.579688 0.615925 2.000000 0.532813 0.646370 2.000000 0.565625 0.695550 2.000000 0.528125 0.702576 2.000000 0.567187 0.826698 2.000000 0.539062 0.803279 2.000000 0.551562 0.873536 2.000000 0.539062 0.892272 2.000000
0 0.713664 0.200000 0.083953 0.350539 0.704688 0.056206 2.000000 0.709375 0.046838 2.000000 0.700000 0.049180 2.000000 0.715625 0.049180 2.000000 0.693750 0.056206 2.000000 0.739062 0.098361 2.000000 0.682813 0.107728 2.000000 0.751563 0.149883 2.000000 0.681250 0.161593 2.000000 0.739062 0.142857 2.000000 0.712500 0.159251 2.000000 0.735938 0.206089 2.000000 0.703125 0.210773 2.000000 0.735938 0.288056 2.000000 0.703125 0.292740 2.000000 0.737500 0.362998 2.000000 0.701562 0.365340 1.000000
0 0.490789 0.616733 0.110516 0.479977 0.509375 0.416862 2.000000 0.514062 0.409836 2.000000 0.503125 0.405152 2.000000 0.000000 0.000000 0.000000 0.000000 0.000000 0.000000 0.521875 0.470726 2.000000 0.462500 0.463700 2.000000 0.539062 0.508197 1.000000 0.445312 0.510539 2.000000 0.521875 0.491803 1.000000 0.484375 0.505855 2.000000 0.506250 0.625293 1.000000 0.473438 0.622951 2.000000 0.506250 0.709602 2.000000 0.470313 0.725995 2.000000 0.496875 0.791569 2.000000 0.467187 0.810304 2.000000
0 0.575836 0.390176 0.068172 0.174871 0.582812 0.341920 2.000000 0.587500 0.337237 2.000000 0.575000 0.337237 2.000000 0.000000 0.000000 0.000000 0.000000 0.000000 0.000000 0.601562 0.391101 1.000000 0.546875 0.391101 2.000000 0.000000 0.000000 0.000000 0.000000 0.000000 0.000000 0.000000 0.000000 0.000000 0.000000 0.000000 0.000000 0.598437 0.529274 1.000000 0.553125 0.531616 1.000000 0.000000 0.000000 0.000000 0.000000 0.000000 0.000000 0.000000 0.000000 0.000000 0.000000 0.000000 0.000000
0 0.234484 0.675867 0.099437 0.493607 0.000000 0.000000 0.000000 0.265625 0.498829 2.000000 0.256250 0.489461 2.000000 0.000000 0.000000 0.000000 0.000000 0.000000 0.000000 0.251563 0.519906 2.000000 0.212500 0.517564 2.000000 0.000000 0.000000 0.000000 0.240625 0.571429 2.000000 0.000000 0.000000 0.000000 0.275000 0.555035 2.000000 0.240625 0.644028 2.000000 0.220312 0.644028 2.000000 0.243750 0.772834 1.000000 0.223438 0.770492 2.000000 0.220312 0.878220 2.000000 0.200000 0.892272 2.000000
0 0.749477 0.624906 0.156297 0.525457 0.729688 0.423888 2.000000 0.732812 0.412178 2.000000 0.000000 0.000000 0.000000 0.000000 0.000000 0.000000 0.000000 0.000000 0.000000 0.781250 0.461358 1.000000 0.732812 0.459016 2.000000 0.814063 0.545667 2.000000 0.687500 0.524590 2.000000 0.784375 0.540984 1.000000 0.698438 0.489461 2.000000 0.771875 0.629977 1.000000 0.725000 0.627635 1.000000 0.778125 0.735363 1.000000 0.723437 0.733021 1.000000 0.785937 0.833724 2.000000 0.728125 0.836066 1.000000
0 0.673078 0.481311 0.078250 0.277752 0.692187 0.409836 2.000000 0.696875 0.400468 2.000000 0.687500 0.400468 2.000000 0.000000 0.000000 0.000000 0.668750 0.393443 2.000000 0.703125 0.437939 2.000000 0.650000 0.440281 2.000000 0.000000 0.000000 0.000000 0.640625 0.522248 2.000000 0.000000 0.000000 0.000000 0.673438 0.505855 2.000000 0.709375 0.557377 1.000000 0.665625 0.564403 2.000000 0.000000 0.000000 0.000000 0.682813 0.669789 1.000000 0.000000 0.000000 0.000000 0.000000 0.000000 0.000000
0 0.421609 0.599543 0.073750 0.478337 0.432812 0.440281 2.000000 0.437500 0.435597 2.000000 0.428125 0.435597 2.000000 0.000000 0.000000 0.000000 0.000000 0.000000 0.000000 0.460938 0.477752 1.000000 0.414062 0.473068 2.000000 0.000000 0.000000 0.000000 0.401562 0.531616 2.000000 0.000000 0.000000 0.000000 0.392188 0.536300 2.000000 0.439063 0.611241 2.000000 0.409375 0.606557 2.000000 0.435937 0.709602 2.000000 0.406250 0.709602 2.000000 0.431250 0.800937 2.000000 0.421875 0.782201 2.000000
0 0.308320 0.589590 0.119422 0.500820 0.279687 0.398126 2.000000 0.287500 0.391101 2.000000 0.273438 0.391101 2.000000 0.300000 0.393443 2.000000 0.262500 0.395785 2.000000 0.328125 0.444965 2.000000 0.254688 0.444965 1.000000 0.346875 0.524590 2.000000 0.000000 0.000000 0.000000 0.353125 0.590164 2.000000 0.000000 0.000000 0.000000 0.321875 0.601874 2.000000 0.265625 0.599532 1.000000 0.318750 0.714286 2.000000 0.271875 0.709602 1.000000 0.310937 0.803279 2.000000 0.281250 0.800937 1.000000
0 0.716297 0.753009 0.160562 0.370562 0.757812 0.653396 2.000000 0.000000 0.000000 0.000000 0.759375 0.646370 2.000000 0.000000 0.000000 0.000000 0.746875 0.622951 2.000000 0.754687 0.665105 2.000000 0.693750 0.634660 2.000000 0.750000 0.697892 2.000000 0.670312 0.707260 2.000000 0.765625 0.735363 2.000000 0.706250 0.686183 2.000000 0.718750 0.733021 1.000000 0.682813 0.728337 2.000000 0.745313 0.810304 2.000000 0.675000 0.796253 2.000000 0.748437 0.887588 2.000000 0.664062 0.896956 2.000000
0 0.623508 0.478384 0.064609 0.278361 0.629687 0.384075 2.000000 0.634375 0.377049 2.000000 0.623437 0.377049 2.000000 0.000000 0.000000 0.000000 0.000000 0.000000 0.000000 0.653125 0.428571 1.000000 0.617188 0.426230 1.000000 0.000000 0.000000 0.000000 0.595313 0.468384 2.000000 0.000000 0.000000 0.000000 0.000000 0.000000 0.000000 0.645312 0.552693 1.000000 0.610938 0.550351 2.000000 0.642188 0.622951 1.000000 0.610938 0.618267 1.000000 0.000000 0.000000 0.000000 0.000000 0.000000 0.000000
