0 0.355313 0.538867 0.147937 0.354748 0.000000 0.000000 0.000000 0.000000 0.000000 0.000000 0.000000 0.000000 0.000000 0.312500 0.404362 2.000000 0.000000 0.000000 0.000000 0.342187 0.412752 2.000000 0.378125 0.407718 2.000000 0.335938 0.486577 2.000000 0.000000 0.000000 0.000000 0.298438 0.518456 2.000000 0.000000 0.000000 0.000000 0.379688 0.503356 2.000000 0.412500 0.498322 2.000000 0.368750 0.605705 2.000000 0.406250 0.602349 2.000000 0.368750 0.691275 2.000000 0.409375 0.674497 2.000000
0 0.420898 0.486023 0.079672 0.269430 0.382812 0.384228 2.000000 0.387500 0.380872 2.000000 0.000000 0.000000 0.000000 0.395313 0.384228 2.000000 0.000000 0.000000 0.000000 0.398438 0.419463 2.000000 0.407813 0.412752 2.000000 0.384375 0.456376 1.000000 0.000000 0.000000 0.000000 0.000000 0.000000 0.000000 0.000000 0.000000 0.000000 0.407813 0.489933 1.000000 0.421875 0.484899 1.000000 0.420312 0.538591 2.000000 0.396875 0.543624 1.000000 0.446875 0.590604 2.000000 0.393750 0.595638 1.000000
0 0.624672 0.669656 0.642469 0.633708 0.564063 0.500000 2.000000 0.617188 0.471477 2.000000 0.570312 0.461409 2.000000 0.682813 0.501678 2.000000 0.000000 0.000000 0.000000 0.707812 0.637584 2.000000 0.554688 0.578859 2.000000 0.907813 0.833893 2.000000 0.479687 0.652685 2.000000 0.775000 0.971477 2.000000 0.403125 0.756711 2.000000 0.000000 0.000000 0.000000 0.534375 0.959732 2.000000 0.000000 0.000000 0.000000 0.000000 0.000000 0.000000 0.000000 0.000000 0.000000 0.000000 0.000000 0.000000
0 0.799641 0.500487 0.111688 0.293624 0.000000 0.000000 0.000000 0.000000 0.000000 0.000000 0.000000 0.000000 0.000000 0.754687 0.387584 2.000000 0.792188 0.385906 2.000000 0.735938 0.426174 1.000000 0.809375 0.426174 2.000000 0.000000 0.000000 0.000000 0.826562 0.486577 2.000000 0.000000 0.000000 0.000000 0.000000 0.000000 0.000000 0.740625 0.516779 1.000000 0.789062 0.515101 2.000000 0.759375 0.602349 1.000000 0.785937 0.632550 2.000000 0.762500 0.669463 1.000000 0.793750 0.697987 1.000000
0 0.947992 0.633708 0.083703 0.471913 0.000000 0.000000 0.000000 0.000000 0.000000 0.000000 0.976562 0.447987 2.000000 0.000000 0.000000 0.000000 0.965625 0.442953 2.000000 0.993750 0.474832 1.000000 0.932813 0.476510 2.000000 0.000000 0.000000 0.000000 0.917188 0.541946 2.000000 0.000000 0.000000 0.000000 0.959375 0.518456 2.000000 0.990625 0.597315 1.000000 0.945312 0.598993 2.000000 0.989062 0.676174 1.000000 0.948438 0.687919 2.000000 0.993750 0.771812 1.000000 0.953125 0.785235 2.000000
0 0.493023 0.502903 0.048391 0.173826 0.000000 0.000000 0.000000 0.000000 0.000000 0.000000 0.000000 0.000000 0.000000 0.000000 0.000000 0.000000 0.000000 0.000000 0.000000 0.475000 0.458054 2.000000 0.503125 0.454698 2.000000 0.468750 0.481544 1.000000 0.510938 0.469799 2.000000 0.471875 0.493289 2.000000 0.510938 0.491611 2.000000 0.485938 0.503356 2.000000 0.498437 0.503356 2.000000 0.000000 0.000000 0.000000 0.000000 0.000000 0.000000 0.000000 0.000000 0.000000 0.000000 0.000000 0.000000
0 0.071883 0.460126 0.072391 0.247701 0.039062 0.369128 2.000000 0.042188 0.362416 2.000000 0.000000 0.000000 0.000000 0.051562 0.364094 2.000000 0.000000 0.000000 0.000000 0.067187 0.392617 2.000000 0.079687 0.389262 2.000000 0.051562 0.444631 2.000000 0.000000 0.000000 0.000000 0.039062 0.434564 1.000000 0.000000 0.000000 0.000000 0.084375 0.456376 2.000000 0.098437 0.446309 2.000000 0.078125 0.513423 2.000000 0.079687 0.513423 2.000000 0.092188 0.567114 2.000000 0.092188 0.567114 2.000000
0 0.457445 0.485554 0.043891 0.174463 0.462500 0.416107 2.000000 0.465625 0.411074 2.000000 0.460938 0.409396 2.000000 0.471875 0.412752 2.000000 0.000000 0.000000 0.000000 0.476562 0.429530 2.000000 0.448437 0.431208 2.000000 0.000000 0.000000 0.000000 0.442188 0.454698 2.000000 0.000000 0.000000 0.000000 0.439063 0.473154 1.000000 0.471875 0.483221 1.000000 0.451562 0.481544 2.000000 0.471875 0.520134 1.000000 0.442188 0.520134 2.000000 0.470313 0.558725 1.000000 0.450000 0.560403 2.000000
0 0.888758 0.496435 0.049391 0.111560 0.879687 0.458054 2.000000 0.881250 0.456376 2.000000 0.000000 0.000000 0.000000 0.887500 0.458054 2.000000 0.000000 0.000000 0.000000 0.898438 0.476510 1.000000 0.884375 0.474832 1.000000 0.887500 0.498322 2.000000 0.000000 0.000000 0.000000 0.871875 0.508389 2.000000 0.000000 0.000000 0.000000 0.896875 0.528523 2.000000 0.889062 0.525168 2.000000 0.895312 0.565436 1.000000 0.890625 0.563758 1.000000 0.907813 0.588926 1.000000 0.900000 0.587248 1.000000
0 0.113180 0.401284 0.054672 0.156326 0.000000 0.000000 0.000000 0.000000 0.000000 0.000000 0.000000 0.000000 0.000000 0.000000 0.000000 0.000000 0.000000 0.000000 0.000000 0.114062 0.345638 2.000000 0.096875 0.345638 2.000000 0.101562 0.355705 2.000000 0.000000 0.000000 0.000000 0.090625 0.348993 2.000000 0.000000 0.000000 0.000000 0.112500 0.384228 2.000000 0.098437 0.385906 2.000000 0.000000 0.000000 0.000000 0.000000 0.000000 0.000000 0.000000 0.000000 0.000000 0.000000 0.000000 0.000000
