0 0.546859 0.706085 0.141750 0.198208 0.000000 0.000000 0.000000 0.000000 0.000000 0.000000 0.000000 0.000000 0.000000 0.546875 0.650943 2.000000 0.000000 0.000000 0.000000 0.581250 0.688679 2.000000 0.570312 0.625000 2.000000 0.553125 0.733491 2.000000 0.539062 0.641509 2.000000 0.526563 0.695755 2.000000 0.523438 0.681604 2.000000 0.567187 0.766509 2.000000 0.567187 0.698113 2.000000 0.509375 0.766509 2.000000 0.532813 0.658019 2.000000 0.467187 0.799528 1.000000 0.485938 0.679245 2.000000
0 0.197227 0.424021 0.097859 0.250401 0.206250 0.363208 2.000000 0.212500 0.353774 2.000000 0.201563 0.356132 2.000000 0.000000 0.000000 0.000000 0.184375 0.339623 2.000000 0.217188 0.367925 2.000000 0.165625 0.391509 2.000000 0.229687 0.419811 2.000000 0.157812 0.448113 1.000000 0.226562 0.459906 2.000000 0.185938 0.466981 1.000000 0.209375 0.481132 2.000000 0.179688 0.490566 1.000000 0.231250 0.533019 2.000000 0.196875 0.547170 1.000000 0.000000 0.000000 0.000000 0.000000 0.000000 0.000000
0 0.284781 0.362642 0.105531 0.271226 0.278125 0.290094 2.000000 0.284375 0.280660 2.000000 0.273438 0.280660 2.000000 0.295312 0.268868 2.000000 0.265625 0.271226 2.000000 0.312500 0.297170 2.000000 0.260937 0.292453 2.000000 0.323437 0.379717 2.000000 0.237500 0.360849 2.000000 0.306250 0.448113 2.000000 0.248438 0.375000 2.000000 0.300000 0.393868 2.000000 0.275000 0.391509 2.000000 0.328125 0.431604 1.000000 0.232813 0.412736 1.000000 0.271875 0.438679 2.000000 0.281250 0.462264 2.000000
0 0.523203 0.312748 0.090031 0.243042 0.528125 0.252358 2.000000 0.532813 0.245283 2.000000 0.523438 0.245283 2.000000 0.000000 0.000000 0.000000 0.000000 0.000000 0.000000 0.553125 0.259434 2.000000 0.510938 0.257075 2.000000 0.562500 0.301887 2.000000 0.501563 0.285377 2.000000 0.550000 0.337264 2.000000 0.503125 0.316038 2.000000 0.540625 0.356132 2.000000 0.514062 0.356132 2.000000 0.545312 0.410377 2.000000 0.512500 0.412736 1.000000 0.550000 0.462264 1.000000 0.509375 0.452830 1.000000
0 0.899828 0.688208 0.139844 0.257028 0.910937 0.629717 2.000000 0.917188 0.617925 2.000000 0.903125 0.622642 2.000000 0.000000 0.000000 0.000000 0.000000 0.000000 0.000000 0.935937 0.648585 2.000000 0.878125 0.643868 2.000000 0.951562 0.724057 2.000000 0.854688 0.705189 2.000000 0.957812 0.761792 2.000000 0.862500 0.757075 1.000000 0.921875 0.733491 2.000000 0.881250 0.731132 1.000000 0.956250 0.768868 2.000000 0.000000 0.000000 0.000000 0.000000 0.000000 0.000000 0.000000 0.000000 0.000000
0 0.975508 0.740578 0.048984 0.406014 0.000000 0.000000 0.000000 0.965625 0.646226 2.000000 0.000000 0.000000 0.000000 0.000000 0.000000 0.000000 0.000000 0.000000 0.000000 0.989062 0.702830 2.000000 0.990625 0.665094 2.000000 0.984375 0.728774 2.000000 0.996875 0.549528 2.000000 0.000000 0.000000 0.000000 0.000000 0.000000 0.000000 0.981250 0.790094 2.000000 0.985938 0.823113 2.000000 0.000000 0.000000 0.000000 0.000000 0.000000 0.000000 0.000000 0.000000 0.000000 0.000000 0.000000 0.000000
0 0.773102 0.694976 0.133609 0.249481 0.784375 0.643868 2.000000 0.789062 0.632075 2.000000 0.776563 0.636792 2.000000 0.000000 0.000000 0.000000 0.751563 0.622642 2.000000 0.795312 0.641509 2.000000 0.725000 0.648585 2.000000 0.807813 0.705189 2.000000 0.721875 0.740566 1.000000 0.820312 0.752358 2.000000 0.764062 0.787736 2.000000 0.792188 0.766509 2.000000 0.743750 0.771226 2.000000 0.814063 0.752358 2.000000 0.706250 0.766509 1.000000 0.776563 0.830189 1.000000 0.760938 0.811321 1.000000
0 0.705570 0.851356 0.168766 0.297288 0.000000 0.000000 0.000000 0.000000 0.000000 0.000000 0.000000 0.000000 0.000000 0.684375 0.752358 1.000000 0.729688 0.768868 2.000000 0.651563 0.827830 2.000000 0.756250 0.832547 2.000000 0.631250 0.900943 2.000000 0.776563 0.926887 2.000000 0.000000 0.000000 0.000000 0.000000 0.000000 0.000000 0.673438 0.985849 2.000000 0.735938 0.983491 2.000000 0.000000 0.000000 0.000000 0.000000 0.000000 0.000000 0.000000 0.000000 0.000000 0.000000 0.000000 0.000000
0 0.541906 0.534953 0.089375 0.203113 0.545312 0.488208 2.000000 0.553125 0.481132 2.000000 0.542188 0.476415 2.000000 0.565625 0.478774 2.000000 0.000000 0.000000 0.000000 0.565625 0.514151 2.000000 0.542188 0.490566 2.000000 0.568750 0.570755 2.000000 0.000000 0.000000 0.000000 0.543750 0.566038 2.000000 0.534375 0.542453 2.000000 0.553125 0.566038 2.000000 0.540625 0.554245 2.000000 0.000000 0.000000 0.000000 0.000000 0.000000 0.000000 0.000000 0.000000 0.000000 0.000000 0.000000 0.000000
0 0.173430 0.521368 0.150703 0.232783 0.189062 0.464623 2.000000 0.000000 0.000000 0.000000 0.189062 0.457547 2.000000 0.000000 0.000000 0.000000 0.171875 0.448113 2.000000 0.146875 0.441038 2.000000 0.154688 0.504717 2.000000 0.165625 0.507075 2.000000 0.175000 0.563679 2.000000 0.182812 0.556604 2.000000 0.210938 0.596698 2.000000 0.123438 0.528302 2.000000 0.125000 0.577830 2.000000 0.198437 0.544811 2.000000 0.187500 0.613208 2.000000 0.000000 0.000000 0.000000 0.140625 0.620283 2.000000
0 0.405859 0.752252 0.170094 0.457193 0.000000 0.000000 0.000000 0.000000 0.000000 0.000000 0.000000 0.000000 0.000000 0.417187 0.563679 2.000000 0.457813 0.577830 2.000000 0.384375 0.589623 2.000000 0.478125 0.639151 2.000000 0.329688 0.667453 2.000000 0.000000 0.000000 0.000000 0.356250 0.707547 2.000000 0.000000 0.000000 0.000000 0.385937 0.764151 2.000000 0.456250 0.797170 2.000000 0.326562 0.721698 2.000000 0.462500 0.860849 2.000000 0.379688 0.867925 2.000000 0.445312 0.908019 2.000000
0 0.881906 0.836014 0.148313 0.252123 0.000000 0.000000 0.000000 0.000000 0.000000 0.000000 0.000000 0.000000 0.000000 0.870313 0.766509 2.000000 0.000000 0.000000 0.000000 0.893750 0.825472 2.000000 0.920312 0.764151 2.000000 0.868750 0.900943 2.000000 0.910937 0.841981 2.000000 0.837500 0.856132 2.000000 0.865625 0.830189 2.000000 0.903125 0.936321 2.000000 0.923438 0.882075 2.000000 0.820312 0.915094 2.000000 0.856250 0.844340 2.000000 0.893750 0.974057 1.000000 0.000000 0.000000 0.000000
