0 0.689195 0.586711 0.481984 0.806297 0.540625 0.270313 2.000000 0.565625 0.254688 2.000000 0.531250 0.250000 2.000000 0.615625 0.276562 2.000000 0.000000 0.000000 0.000000 0.675000 0.370312 2.000000 0.507812 0.404687 2.000000 0.701562 0.501563 2.000000 0.543750 0.503125 2.000000 0.723437 0.482812 2.000000 0.606250 0.390625 2.000000 0.728125 0.620313 2.000000 0.607812 0.656250 2.000000 0.835938 0.889062 1.000000 0.498437 0.918750 2.000000 0.000000 0.000000 0.000000 0.000000 0.000000 0.000000
0 0.939258 0.355328 0.121484 0.354094 0.970313 0.242188 2.000000 0.982812 0.237500 2.000000 0.967187 0.231250 2.000000 0.000000 0.000000 0.000000 0.945312 0.221875 2.000000 0.987500 0.282813 2.000000 0.914062 0.265625 2.000000 0.992188 0.343750 2.000000 0.862500 0.335938 1.000000 0.000000 0.000000 0.000000 0.920312 0.354687 2.000000 0.970313 0.406250 2.000000 0.910937 0.406250 1.000000 0.000000 0.000000 0.000000 0.000000 0.000000 0.000000 0.000000 0.000000 0.000000 0.000000 0.000000 0.000000
0 0.727047 0.354281 0.191969 0.359719 0.654687 0.235937 2.000000 0.665625 0.221875 2.000000 0.646875 0.221875 2.000000 0.689063 0.226562 2.000000 0.000000 0.000000 0.000000 0.718750 0.268750 2.000000 0.618750 0.268750 1.000000 0.756250 0.334375 1.000000 0.000000 0.000000 0.000000 0.000000 0.000000 0.000000 0.000000 0.000000 0.000000 0.740625 0.392188 1.000000 0.000000 0.000000 0.000000 0.776563 0.415625 2.000000 0.000000 0.000000 0.000000 0.000000 0.000000 0.000000 0.000000 0.000000 0.000000
0 0.698711 0.189102 0.106703 0.190828 0.695312 0.143750 2.000000 0.704688 0.134375 2.000000 0.684375 0.132812 2.000000 0.723437 0.145313 2.000000 0.668750 0.143750 2.000000 0.743750 0.195312 1.000000 0.640625 0.195312 1.000000 0.000000 0.000000 0.000000 0.000000 0.000000 0.000000 0.000000 0.000000 0.000000 0.000000 0.000000 0.000000 0.000000 0.000000 0.000000 0.000000 0.000000 0.000000 0.000000 0.000000 0.000000 0.000000 0.000000 0.000000 0.000000 0.000000 0.000000 0.000000 0.000000 0.000000
0 0.574031 0.151203 0.121188 0.122188 0.581250 0.142187 2.000000 0.592187 0.134375 2.000000 0.570312 0.134375 2.000000 0.604688 0.143750 2.000000 0.553125 0.142187 2.000000 0.000000 0.000000 0.000000 0.000000 0.000000 0.000000 0.000000 0.000000 0.000000 0.000000 0.000000 0.000000 0.000000 0.000000 0.000000 0.000000 0.000000 0.000000 0.000000 0.000000 0.000000 0.000000 0.000000 0.000000 0.000000 0.000000 0.000000 0.000000 0.000000 0.000000 0.000000 0.000000 0.000000 0.000000 0.000000 0.000000
0 0.096531 0.339195 0.193062 0.369984 0.089063 0.206250 2.000000 0.101562 0.201563 2.000000 0.078125 0.198437 2.000000 0.120313 0.210938 1.000000 0.057813 0.207813 2.000000 0.134375 0.259375 2.000000 0.023438 0.257812 2.000000 0.154688 0.346875 2.000000 0.034375 0.365625 2.000000 0.165625 0.371875 2.000000 0.131250 0.387500 2.000000 0.081250 0.415625 2.000000 0.000000 0.000000 0.000000 0.192188 0.401562 1.000000 0.060937 0.406250 2.000000 0.137500 0.554688 1.000000 0.060937 0.559375 1.000000
0 0.437289 0.177742 0.145953 0.158641 0.443750 0.145313 2.000000 0.454688 0.135937 2.000000 0.431250 0.134375 2.000000 0.470313 0.142187 2.000000 0.415625 0.140625 2.000000 0.485938 0.200000 2.000000 0.384375 0.198437 2.000000 0.000000 0.000000 0.000000 0.000000 0.000000 0.000000 0.000000 0.000000 0.000000 0.000000 0.000000 0.000000 0.000000 0.000000 0.000000 0.000000 0.000000 0.000000 0.000000 0.000000 0.000000 0.000000 0.000000 0.000000 0.000000 0.000000 0.000000 0.000000 0.000000 0.000000
0 0.351055 0.362078 0.211484 0.396000 0.293750 0.218750 2.000000 0.306250 0.210938 2.000000 0.287500 0.209375 2.000000 0.317188 0.218750 2.000000 0.270313 0.212500 2.000000 0.342187 0.281250 2.000000 0.246875 0.278125 1.000000 0.346875 0.357812 2.000000 0.260937 0.354687 1.000000 0.364063 0.368750 2.000000 0.340625 0.368750 2.000000 0.340625 0.423438 2.000000 0.296875 0.428125 1.000000 0.396875 0.429688 2.000000 0.350000 0.426563 2.000000 0.437500 0.542188 2.000000 0.389062 0.554688 2.000000
0 0.540953 0.096414 0.098562 0.149609 0.562500 0.070312 2.000000 0.571875 0.060937 2.000000 0.553125 0.059375 2.000000 0.000000 0.000000 0.000000 0.535937 0.071875 2.000000 0.601562 0.114062 1.000000 0.510938 0.114062 2.000000 0.000000 0.000000 0.000000 0.000000 0.000000 0.000000 0.000000 0.000000 0.000000 0.000000 0.000000 0.000000 0.000000 0.000000 0.000000 0.000000 0.000000 0.000000 0.000000 0.000000 0.000000 0.000000 0.000000 0.000000 0.000000 0.000000 0.000000 0.000000 0.000000 0.000000
0 0.174594 0.172883 0.106281 0.150672 0.196875 0.142187 2.000000 0.206250 0.132812 2.000000 0.185938 0.131250 2.000000 0.221875 0.143750 2.000000 0.167187 0.140625 2.000000 0.229687 0.195312 1.000000 0.140625 0.192188 2.000000 0.000000 0.000000 0.000000 0.000000 0.000000 0.000000 0.000000 0.000000 0.000000 0.000000 0.000000 0.000000 0.000000 0.000000 0.000000 0.000000 0.000000 0.000000 0.000000 0.000000 0.000000 0.000000 0.000000 0.000000 0.000000 0.000000 0.000000 0.000000 0.000000 0.000000
0 0.230141 0.363516 0.186625 0.392469 0.209375 0.207813 2.000000 0.221875 0.203125 2.000000 0.200000 0.200000 2.000000 0.235937 0.215625 2.000000 0.181250 0.210938 2.000000 0.243750 0.267188 2.000000 0.143750 0.259375 1.000000 0.253125 0.339062 2.000000 0.145313 0.365625 1.000000 0.253125 0.356250 2.000000 0.229687 0.353125 2.000000 0.237500 0.400000 2.000000 0.178125 0.398438 1.000000 0.293750 0.417187 2.000000 0.229687 0.423438 2.000000 0.000000 0.000000 0.000000 0.000000 0.000000 0.000000
0 0.430102 0.344867 0.142203 0.340984 0.432812 0.218750 2.000000 0.440625 0.209375 2.000000 0.425000 0.207813 2.000000 0.456250 0.218750 1.000000 0.406250 0.217188 2.000000 0.481250 0.267188 2.000000 0.381250 0.265625 2.000000 0.471875 0.353125 2.000000 0.404687 0.353125 2.000000 0.481250 0.389062 2.000000 0.479687 0.381250 2.000000 0.468750 0.385937 2.000000 0.414062 0.387500 2.000000 0.462500 0.404687 2.000000 0.459375 0.395313 2.000000 0.457813 0.514062 2.000000 0.446875 0.521875 1.000000
0 0.855102 0.345562 0.173453 0.376875 0.821875 0.212500 2.000000 0.829688 0.204687 2.000000 0.812500 0.204687 2.000000 0.000000 0.000000 0.000000 0.796875 0.203125 1.000000 0.873437 0.273438 2.000000 0.771875 0.275000 2.000000 0.878125 0.362500 2.000000 0.801562 0.367188 2.000000 0.892188 0.407813 2.000000 0.873437 0.407813 2.000000 0.864062 0.398438 2.000000 0.804688 0.398438 2.000000 0.921875 0.425000 2.000000 0.859375 0.426563 2.000000 0.926562 0.548438 1.000000 0.907813 0.548438 1.000000
