0 0.419078 0.491361 0.152562 0.241392 0.415625 0.446203 2.000000 0.420312 0.427215 2.000000 0.000000 0.000000 0.000000 0.443750 0.414557 2.000000 0.000000 0.000000 0.000000 0.464062 0.455696 2.000000 0.426563 0.500000 2.000000 0.406250 0.452532 2.000000 0.365625 0.493671 1.000000 0.381250 0.408228 2.000000 0.351562 0.436709 2.000000 0.460938 0.651899 1.000000 0.000000 0.000000 0.000000 0.000000 0.000000 0.000000 0.000000 0.000000 0.000000 0.000000 0.000000 0.000000 0.000000 0.000000 0.000000
0 0.554477 0.615380 0.161984 0.374367 0.525000 0.509494 2.000000 0.528125 0.500000 2.000000 0.000000 0.000000 0.000000 0.545312 0.487342 2.000000 0.000000 0.000000 0.000000 0.570312 0.550633 2.000000 0.548438 0.531646 2.000000 0.560937 0.670886 2.000000 0.504687 0.575949 2.000000 0.521875 0.642405 2.000000 0.485938 0.594937 2.000000 0.590625 0.718354 1.000000 0.571875 0.693038 2.000000 0.000000 0.000000 0.000000 0.000000 0.000000 0.000000 0.000000 0.000000 0.000000 0.000000 0.000000 0.000000
0 0.763422 0.125000 0.107875 0.216203 0.770312 0.066456 2.000000 0.771875 0.056962 2.000000 0.000000 0.000000 0.000000 0.784375 0.063291 2.000000 0.000000 0.000000 0.000000 0.787500 0.110759 2.000000 0.807813 0.101266 2.000000 0.762500 0.183544 2.000000 0.000000 0.000000 0.000000 0.737500 0.161392 2.000000 0.000000 0.000000 0.000000 0.771875 0.215190 2.000000 0.000000 0.000000 0.000000 0.728125 0.167722 2.000000 0.000000 0.000000 0.000000 0.721875 0.262658 1.000000 0.000000 0.000000 0.000000
0 0.789398 0.570459 0.188859 0.321741 0.781250 0.525316 1.000000 0.784375 0.518987 2.000000 0.000000 0.000000 0.000000 0.795312 0.531646 2.000000 0.000000 0.000000 0.000000 0.809375 0.582278 2.000000 0.839063 0.512658 2.000000 0.762500 0.655063 2.000000 0.812500 0.465190 2.000000 0.710938 0.639241 2.000000 0.782813 0.430380 2.000000 0.859375 0.708861 1.000000 0.881250 0.705696 1.000000 0.000000 0.000000 0.000000 0.000000 0.000000 0.000000 0.000000 0.000000 0.000000 0.000000 0.000000 0.000000
0 0.822180 0.117975 0.044391 0.204494 0.803125 0.047468 1.000000 0.806250 0.044304 2.000000 0.000000 0.000000 0.000000 0.817187 0.050633 2.000000 0.000000 0.000000 0.000000 0.814063 0.091772 2.000000 0.837500 0.088608 2.000000 0.000000 0.000000 0.000000 0.000000 0.000000 0.000000 0.000000 0.000000 0.000000 0.000000 0.000000 0.000000 0.817187 0.183544 2.000000 0.834375 0.170886 2.000000 0.000000 0.000000 0.000000 0.000000 0.000000 0.000000 0.000000 0.000000 0.000000 0.000000 0.000000 0.000000
0 0.233109 0.561582 0.197000 0.300253 0.239063 0.474684 2.000000 0.240625 0.465190 2.000000 0.000000 0.000000 0.000000 0.253125 0.474684 2.000000 0.000000 0.000000 0.000000 0.270313 0.534810 2.000000 0.292187 0.493671 2.000000 0.209375 0.588608 2.000000 0.231250 0.509494 1.000000 0.160938 0.572785 2.000000 0.184375 0.500000 1.000000 0.292187 0.705696 2.000000 0.307812 0.693038 2.000000 0.210938 0.689873 2.000000 0.226562 0.661392 2.000000 0.000000 0.000000 0.000000 0.000000 0.000000 0.000000
0 0.597008 0.128354 0.095516 0.171139 0.615625 0.088608 1.000000 0.000000 0.000000 0.000000 0.612500 0.079114 2.000000 0.000000 0.000000 0.000000 0.600000 0.085443 2.000000 0.603125 0.107595 2.000000 0.589063 0.113924 2.000000 0.617188 0.158228 2.000000 0.609375 0.180380 2.000000 0.643750 0.183544 2.000000 0.640625 0.189873 1.000000 0.582812 0.205696 1.000000 0.567187 0.215190 1.000000 0.000000 0.000000 0.000000 0.000000 0.000000 0.000000 0.000000 0.000000 0.000000 0.000000 0.000000 0.000000
0 0.097078 0.558434 0.187875 0.269968 0.109375 0.500000 2.000000 0.107813 0.484177 2.000000 0.000000 0.000000 0.000000 0.121875 0.477848 2.000000 0.000000 0.000000 0.000000 0.129688 0.534810 2.000000 0.162500 0.503165 2.000000 0.068750 0.566456 2.000000 0.135937 0.477848 2.000000 0.018750 0.563291 2.000000 0.107813 0.446203 2.000000 0.143750 0.696203 1.000000 0.159375 0.680380 2.000000 0.070312 0.686709 1.000000 0.081250 0.664557 1.000000 0.000000 0.000000 0.000000 0.000000 0.000000 0.000000
0 0.472617 0.133386 0.121078 0.144557 0.496875 0.110759 2.000000 0.000000 0.000000 0.000000 0.493750 0.101266 2.000000 0.000000 0.000000 0.000000 0.484375 0.094937 2.000000 0.482812 0.107595 2.000000 0.464062 0.104430 2.000000 0.500000 0.158228 2.000000 0.492188 0.174051 2.000000 0.526563 0.189873 2.000000 0.523438 0.199367 1.000000 0.454688 0.186709 1.000000 0.442188 0.193038 1.000000 0.000000 0.000000 0.000000 0.000000 0.000000 0.000000 0.000000 0.000000 0.000000 0.000000 0.000000 0.000000
0 0.661188 0.578829 0.233594 0.306266 0.657813 0.506329 2.000000 0.660937 0.500000 2.000000 0.000000 0.000000 0.000000 0.678125 0.506329 2.000000 0.000000 0.000000 0.000000 0.670312 0.569620 2.000000 0.704688 0.493671 2.000000 0.621875 0.620253 2.000000 0.659375 0.493671 2.000000 0.573438 0.642405 2.000000 0.629687 0.462025 2.000000 0.737500 0.718354 2.000000 0.759375 0.715190 2.000000 0.650000 0.731013 1.000000 0.675000 0.686709 2.000000 0.000000 0.000000 0.000000 0.000000 0.000000 0.000000
0 0.359984 0.581361 0.199469 0.261076 0.000000 0.000000 0.000000 0.000000 0.000000 0.000000 0.000000 0.000000 0.000000 0.373437 0.512658 2.000000 0.000000 0.000000 0.000000 0.384375 0.569620 2.000000 0.421875 0.512658 2.000000 0.335938 0.626582 2.000000 0.362500 0.496835 1.000000 0.284375 0.639241 2.000000 0.354687 0.427215 1.000000 0.426563 0.699367 2.000000 0.446875 0.683544 2.000000 0.356250 0.702532 2.000000 0.367188 0.686709 2.000000 0.000000 0.000000 0.000000 0.000000 0.000000 0.000000
0 0.141594 0.517057 0.120375 0.363291 0.000000 0.000000 0.000000 0.000000 0.000000 0.000000 0.000000 0.000000 0.000000 0.146875 0.430380 2.000000 0.000000 0.000000 0.000000 0.164062 0.465190 2.000000 0.000000 0.000000 0.000000 0.120313 0.433544 1.000000 0.092188 0.528481 1.000000 0.093750 0.370253 2.000000 0.054688 0.522152 1.000000 0.173437 0.664557 1.000000 0.000000 0.000000 0.000000 0.087500 0.648734 1.000000 0.000000 0.000000 0.000000 0.000000 0.000000 0.000000 0.000000 0.000000 0.000000
0 0.193445 0.070870 0.119922 0.141741 0.206250 0.022152 2.000000 0.000000 0.000000 0.000000 0.203125 0.012658 2.000000 0.000000 0.000000 0.000000 0.195312 0.009494 2.000000 0.195312 0.041139 2.000000 0.171875 0.037975 2.000000 0.207813 0.091772 2.000000 0.192188 0.104430 1.000000 0.234375 0.110759 2.000000 0.223438 0.117089 1.000000 0.164062 0.123418 1.000000 0.150000 0.126582 1.000000 0.000000 0.000000 0.000000 0.000000 0.000000 0.000000 0.000000 0.000000 0.000000 0.000000 0.000000 0.000000
