0 0.453125 0.600937 0.243750 0.358314 0.500000 0.508197 2.000000 0.000000 0.000000 0.000000 0.500000 0.494145 2.000000 0.000000 0.000000 0.000000 0.476562 0.510539 2.000000 0.384375 0.564403 2.000000 0.498437 0.580796 2.000000 0.340625 0.714286 2.000000 0.532813 0.730679 2.000000 0.000000 0.000000 0.000000 0.546875 0.620609 2.000000 0.385937 0.843091 1.000000 0.476562 0.850117 1.000000 0.000000 0.000000 0.000000 0.000000 0.000000 0.000000 0.000000 0.000000 0.000000 0.000000 0.000000 0.000000
0 0.717969 0.463431 0.121969 0.230562 0.707812 0.430913 2.000000 0.715625 0.423888 2.000000 0.696875 0.421546 2.000000 0.729688 0.412178 2.000000 0.684375 0.412178 2.000000 0.750000 0.473068 2.000000 0.659375 0.454333 1.000000 0.750000 0.576112 1.000000 0.653125 0.562061 1.000000 0.000000 0.000000 0.000000 0.679688 0.508197 1.000000 0.000000 0.000000 0.000000 0.000000 0.000000 0.000000 0.000000 0.000000 0.000000 0.000000 0.000000 0.000000 0.000000 0.000000 0.000000 0.000000 0.000000 0.000000
0 0.946789 0.574157 0.106422 0.779789 0.000000 0.000000 0.000000 0.000000 0.000000 0.000000 0.000000 0.000000 0.000000 0.000000 0.000000 0.000000 0.000000 0.000000 0.000000 0.923438 0.330211 2.000000 0.978125 0.355972 2.000000 0.000000 0.000000 0.000000 0.943750 0.477752 2.000000 0.000000 0.000000 0.000000 0.000000 0.000000 0.000000 0.923438 0.578454 2.000000 0.979688 0.601874 2.000000 0.928125 0.740047 2.000000 0.976562 0.763466 2.000000 0.917188 0.894614 2.000000 0.964063 0.943794 2.000000
0 0.549117 0.460667 0.105516 0.210515 0.528125 0.428571 2.000000 0.537500 0.412178 2.000000 0.517188 0.414520 2.000000 0.553125 0.412178 2.000000 0.507812 0.419204 2.000000 0.576562 0.459016 2.000000 0.495312 0.461358 1.000000 0.590625 0.569087 1.000000 0.000000 0.000000 0.000000 0.000000 0.000000 0.000000 0.000000 0.000000 0.000000 0.568750 0.613583 1.000000 0.507812 0.615925 1.000000 0.000000 0.000000 0.000000 0.000000 0.000000 0.000000 0.000000 0.000000 0.000000 0.000000 0.000000 0.000000
0 0.586109 0.378806 0.091312 0.174801 0.000000 0.000000 0.000000 0.000000 0.000000 0.000000 0.000000 0.000000 0.000000 0.542188 0.353630 2.000000 0.581250 0.353630 2.000000 0.526563 0.414520 1.000000 0.610938 0.414520 2.000000 0.000000 0.000000 0.000000 0.000000 0.000000 0.000000 0.000000 0.000000 0.000000 0.000000 0.000000 0.000000 0.000000 0.000000 0.000000 0.000000 0.000000 0.000000 0.000000 0.000000 0.000000 0.000000 0.000000 0.000000 0.000000 0.000000 0.000000 0.000000 0.000000 0.000000
0 0.814867 0.303923 0.106453 0.152810 0.792188 0.266979 2.000000 0.796875 0.259953 2.000000 0.000000 0.000000 0.000000 0.812500 0.264637 2.000000 0.000000 0.000000 0.000000 0.828125 0.302108 2.000000 0.796875 0.302108 2.000000 0.835938 0.353630 2.000000 0.790625 0.346604 2.000000 0.806250 0.351288 2.000000 0.776563 0.346604 2.000000 0.835938 0.409836 1.000000 0.796875 0.400468 1.000000 0.000000 0.000000 0.000000 0.000000 0.000000 0.000000 0.000000 0.000000 0.000000 0.000000 0.000000 0.000000
0 0.409305 0.421347 0.095953 0.222459 0.446875 0.372365 1.000000 0.000000 0.000000 0.000000 0.443750 0.360656 2.000000 0.000000 0.000000 0.000000 0.429688 0.358314 2.000000 0.385937 0.381733 2.000000 0.428125 0.400468 2.000000 0.000000 0.000000 0.000000 0.000000 0.000000 0.000000 0.000000 0.000000 0.000000 0.000000 0.000000 0.000000 0.000000 0.000000 0.000000 0.407813 0.538642 1.000000 0.000000 0.000000 0.000000 0.000000 0.000000 0.000000 0.000000 0.000000 0.000000 0.000000 0.000000 0.000000
0 0.331562 0.409169 0.084187 0.222037 0.310937 0.330211 1.000000 0.314063 0.325527 2.000000 0.000000 0.000000 0.000000 0.325000 0.327869 2.000000 0.000000 0.000000 0.000000 0.346875 0.353630 2.000000 0.325000 0.353630 2.000000 0.346875 0.416862 2.000000 0.314063 0.393443 2.000000 0.000000 0.000000 0.000000 0.290625 0.386417 1.000000 0.357812 0.433255 2.000000 0.332813 0.423888 1.000000 0.326562 0.440281 1.000000 0.000000 0.000000 0.000000 0.345313 0.517564 1.000000 0.307812 0.508197 1.000000
0 0.174586 0.402037 0.081641 0.135644 0.146875 0.391101 2.000000 0.153125 0.381733 2.000000 0.142187 0.384075 2.000000 0.168750 0.374707 2.000000 0.137500 0.379391 2.000000 0.192188 0.409836 2.000000 0.000000 0.000000 0.000000 0.201563 0.480094 1.000000 0.000000 0.000000 0.000000 0.000000 0.000000 0.000000 0.000000 0.000000 0.000000 0.000000 0.000000 0.000000 0.000000 0.000000 0.000000 0.000000 0.000000 0.000000 0.000000 0.000000 0.000000 0.000000 0.000000 0.000000 0.000000 0.000000 0.000000
0 0.673711 0.351464 0.073734 0.136417 0.657813 0.344262 2.000000 0.662500 0.330211 2.000000 0.000000 0.000000 0.000000 0.684375 0.327869 2.000000 0.000000 0.000000 0.000000 0.692187 0.367681 1.000000 0.714063 0.360656 1.000000 0.700000 0.444965 1.000000 0.684375 0.426230 1.000000 0.000000 0.000000 0.000000 0.660937 0.388759 2.000000 0.000000 0.000000 0.000000 0.000000 0.000000 0.000000 0.000000 0.000000 0.000000 0.000000 0.000000 0.000000 0.000000 0.000000 0.000000 0.000000 0.000000 0.000000
0 0.148680 0.485422 0.119141 0.215761 0.000000 0.000000 0.000000 0.096875 0.440281 2.000000 0.000000 0.000000 0.000000 0.109375 0.440281 2.000000 0.000000 0.000000 0.000000 0.118750 0.503513 1.000000 0.178125 0.447307 2.000000 0.000000 0.000000 0.000000 0.000000 0.000000 0.000000 0.000000 0.000000 0.000000 0.000000 0.000000 0.000000 0.148438 0.608899 1.000000 0.198437 0.592506 1.000000 0.000000 0.000000 0.000000 0.000000 0.000000 0.000000 0.000000 0.000000 0.000000 0.000000 0.000000 0.000000
0 0.692266 0.590445 0.249219 0.314192 0.000000 0.000000 0.000000 0.000000 0.000000 0.000000 0.000000 0.000000 0.000000 0.620313 0.538642 2.000000 0.682813 0.510539 2.000000 0.603125 0.599532 2.000000 0.737500 0.592506 2.000000 0.576562 0.672131 2.000000 0.790625 0.683841 2.000000 0.000000 0.000000 0.000000 0.000000 0.000000 0.000000 0.621875 0.873536 1.000000 0.712500 0.871194 1.000000 0.000000 0.000000 0.000000 0.000000 0.000000 0.000000 0.000000 0.000000 0.000000 0.000000 0.000000 0.000000
