0 0.158030 0.759729 0.094220 0.449096 0.000000 0.000000 0.000000 0.000000 0.000000 0.000000 0.000000 0.000000 0.000000 0.000000 0.000000 0.000000 0.168000 0.605422 2.000000 0.130000 0.680723 2.000000 0.180000 0.689759 1.000000 0.000000 0.000000 0.000000 0.000000 0.000000 0.000000 0.000000 0.000000 0.000000 0.000000 0.000000 0.000000 0.128000 0.888554 1.000000 0.178000 0.900602 1.000000 0.000000 0.000000 0.000000 0.000000 0.000000 0.000000 0.000000 0.000000 0.000000 0.000000 0.000000 0.000000
0 0.190920 0.745633 0.104880 0.386687 0.240000 0.605422 2.000000 0.000000 0.000000 0.000000 0.234000 0.599398 2.000000 0.000000 0.000000 0.000000 0.220000 0.620482 2.000000 0.166000 0.707831 2.000000 0.228000 0.731928 1.000000 0.000000 0.000000 0.000000 0.000000 0.000000 0.000000 0.000000 0.000000 0.000000 0.000000 0.000000 0.000000 0.170000 0.927711 1.000000 0.190000 0.933735 1.000000 0.000000 0.000000 0.000000 0.000000 0.000000 0.000000 0.000000 0.000000 0.000000 0.000000 0.000000 0.000000
0 0.436610 0.747545 0.092540 0.435331 0.000000 0.000000 0.000000 0.000000 0.000000 0.000000 0.000000 0.000000 0.000000 0.000000 0.000000 0.000000 0.000000 0.000000 0.000000 0.408000 0.620482 2.000000 0.460000 0.620482 2.000000 0.398000 0.674699 2.000000 0.472000 0.686747 2.000000 0.000000 0.000000 0.000000 0.000000 0.000000 0.000000 0.422000 0.750000 1.000000 0.452000 0.746988 1.000000 0.420000 0.834337 2.000000 0.450000 0.846386 2.000000 0.424000 0.945783 2.000000 0.448000 0.939759 2.000000
0 0.371920 0.694322 0.073880 0.406476 0.000000 0.000000 0.000000 0.000000 0.000000 0.000000 0.000000 0.000000 0.000000 0.000000 0.000000 0.000000 0.372000 0.539157 2.000000 0.344000 0.587349 2.000000 0.376000 0.587349 2.000000 0.346000 0.629518 2.000000 0.398000 0.617470 2.000000 0.000000 0.000000 0.000000 0.000000 0.000000 0.000000 0.360000 0.692771 2.000000 0.384000 0.692771 2.000000 0.364000 0.795181 2.000000 0.380000 0.795181 2.000000 0.368000 0.858434 2.000000 0.372000 0.876506 2.000000
0 0.329490 0.670964 0.039900 0.338193 0.000000 0.000000 0.000000 0.000000 0.000000 0.000000 0.000000 0.000000 0.000000 0.000000 0.000000 0.000000 0.344000 0.533133 2.000000 0.312000 0.572289 1.000000 0.348000 0.572289 1.000000 0.000000 0.000000 0.000000 0.000000 0.000000 0.000000 0.000000 0.000000 0.000000 0.000000 0.000000 0.000000 0.324000 0.659639 2.000000 0.340000 0.659639 1.000000 0.326000 0.750000 2.000000 0.344000 0.750000 2.000000 0.326000 0.810241 2.000000 0.336000 0.819277 2.000000
0 0.292500 0.733238 0.053040 0.395693 0.000000 0.000000 0.000000 0.000000 0.000000 0.000000 0.000000 0.000000 0.000000 0.000000 0.000000 0.000000 0.000000 0.000000 0.000000 0.000000 0.000000 0.000000 0.300000 0.620482 2.000000 0.000000 0.000000 0.000000 0.312000 0.671687 2.000000 0.000000 0.000000 0.000000 0.000000 0.000000 0.000000 0.000000 0.000000 0.000000 0.296000 0.734940 1.000000 0.000000 0.000000 0.000000 0.296000 0.819277 1.000000 0.000000 0.000000 0.000000 0.294000 0.894578 2.000000
0 0.596420 0.736702 0.124480 0.489608 0.000000 0.000000 0.000000 0.000000 0.000000 0.000000 0.000000 0.000000 0.000000 0.000000 0.000000 0.000000 0.626000 0.554217 2.000000 0.576000 0.584337 1.000000 0.638000 0.602410 2.000000 0.556000 0.653614 1.000000 0.646000 0.686747 2.000000 0.000000 0.000000 0.000000 0.622000 0.671687 2.000000 0.578000 0.768072 2.000000 0.614000 0.780120 2.000000 0.572000 0.834337 2.000000 0.612000 0.843373 2.000000 0.560000 0.942771 2.000000 0.614000 0.957831 2.000000
0 0.235760 0.866295 0.188000 0.267410 0.300000 0.825301 2.000000 0.000000 0.000000 0.000000 0.286000 0.813253 2.000000 0.000000 0.000000 0.000000 0.248000 0.864458 2.000000 0.192000 0.909639 2.000000 0.000000 0.000000 0.000000 0.000000 0.000000 0.000000 0.000000 0.000000 0.000000 0.000000 0.000000 0.000000 0.000000 0.000000 0.000000 0.000000 0.000000 0.000000 0.000000 0.000000 0.000000 0.000000 0.000000 0.000000 0.000000 0.000000 0.000000 0.000000 0.000000 0.000000 0.000000 0.000000 0.000000
0 0.706110 0.605557 0.055540 0.319729 0.720000 0.472892 2.000000 0.000000 0.000000 0.000000 0.716000 0.466867 2.000000 0.000000 0.000000 0.000000 0.702000 0.466867 2.000000 0.000000 0.000000 0.000000 0.708000 0.506024 2.000000 0.000000 0.000000 0.000000 0.720000 0.554217 2.000000 0.000000 0.000000 0.000000 0.726000 0.605422 2.000000 0.680000 0.599398 1.000000 0.706000 0.602410 2.000000 0.684000 0.683735 1.000000 0.710000 0.692771 2.000000 0.684000 0.734940 1.000000 0.706000 0.746988 2.000000
0 0.267830 0.647199 0.091020 0.283133 0.000000 0.000000 0.000000 0.000000 0.000000 0.000000 0.000000 0.000000 0.000000 0.000000 0.000000 0.000000 0.264000 0.551205 2.000000 0.000000 0.000000 0.000000 0.282000 0.608434 2.000000 0.000000 0.000000 0.000000 0.296000 0.680723 2.000000 0.000000 0.000000 0.000000 0.296000 0.762048 2.000000 0.000000 0.000000 0.000000 0.000000 0.000000 0.000000 0.000000 0.000000 0.000000 0.000000 0.000000 0.000000 0.000000 0.000000 0.000000 0.000000 0.000000 0.000000
0 0.088460 0.703223 0.092120 0.174880 0.128000 0.662651 2.000000 0.000000 0.000000 0.000000 0.122000 0.656627 2.000000 0.000000 0.000000 0.000000 0.098000 0.665663 2.000000 0.000000 0.000000 0.000000 0.084000 0.737952 2.000000 0.000000 0.000000 0.000000 0.070000 0.801205 1.000000 0.000000 0.000000 0.000000 0.000000 0.000000 0.000000 0.000000 0.000000 0.000000 0.000000 0.000000 0.000000 0.000000 0.000000 0.000000 0.000000 0.000000 0.000000 0.000000 0.000000 0.000000 0.000000 0.000000 0.000000
0 0.805010 0.760678 0.114900 0.456175 0.000000 0.000000 0.000000 0.000000 0.000000 0.000000 0.000000 0.000000 0.000000 0.790000 0.587349 2.000000 0.818000 0.587349 2.000000 0.778000 0.641566 2.000000 0.834000 0.638554 2.000000 0.766000 0.746988 2.000000 0.000000 0.000000 0.000000 0.000000 0.000000 0.000000 0.000000 0.000000 0.000000 0.794000 0.840361 2.000000 0.824000 0.837349 2.000000 0.788000 0.927711 2.000000 0.824000 0.915663 2.000000 0.000000 0.000000 0.000000 0.000000 0.000000 0.000000
