0 0.694977 0.446594 0.271784 0.214219 0.671362 0.406250 2.000000 0.687793 0.390625 2.000000 0.659624 0.392188 2.000000 0.720657 0.395313 1.000000 0.622066 0.401562 2.000000 0.755869 0.445312 2.000000 0.607981 0.453125 2.000000 0.732394 0.535937 2.000000 0.582160 0.543750 2.000000 0.622066 0.537500 2.000000 0.615023 0.462500 2.000000 0.000000 0.000000 0.000000 0.000000 0.000000 0.000000 0.000000 0.000000 0.000000 0.000000 0.000000 0.000000 0.000000 0.000000 0.000000 0.000000 0.000000 0.000000
0 0.485552 0.701578 0.619225 0.574313 0.443662 0.471875 2.000000 0.000000 0.000000 0.000000 0.410798 0.464062 2.000000 0.000000 0.000000 0.000000 0.373239 0.510938 2.000000 0.241784 0.646875 2.000000 0.537559 0.556250 2.000000 0.246479 0.842187 2.000000 0.680751 0.670312 2.000000 0.000000 0.000000 0.000000 0.000000 0.000000 0.000000 0.462441 0.871875 2.000000 0.680751 0.871875 2.000000 0.000000 0.000000 0.000000 0.000000 0.000000 0.000000 0.000000 0.000000 0.000000 0.000000 0.000000 0.000000
0 0.696608 0.309125 0.291714 0.239281 0.690141 0.245312 2.000000 0.701878 0.229687 2.000000 0.671362 0.232813 2.000000 0.730047 0.242188 2.000000 0.640845 0.248438 2.000000 0.776995 0.309375 2.000000 0.617371 0.304688 2.000000 0.760563 0.417187 2.000000 0.589202 0.395313 1.000000 0.000000 0.000000 0.000000 0.000000 0.000000 0.000000 0.000000 0.000000 0.000000 0.000000 0.000000 0.000000 0.000000 0.000000 0.000000 0.000000 0.000000 0.000000 0.000000 0.000000 0.000000 0.000000 0.000000 0.000000
0 0.289953 0.310828 0.285915 0.229344 0.293427 0.242188 2.000000 0.309859 0.228125 2.000000 0.274648 0.234375 2.000000 0.330986 0.235937 1.000000 0.260563 0.245312 2.000000 0.382629 0.307812 2.000000 0.211268 0.309375 2.000000 0.399061 0.381250 2.000000 0.176056 0.373437 2.000000 0.000000 0.000000 0.000000 0.000000 0.000000 0.000000 0.000000 0.000000 0.000000 0.000000 0.000000 0.000000 0.000000 0.000000 0.000000 0.000000 0.000000 0.000000 0.000000 0.000000 0.000000 0.000000 0.000000 0.000000
0 0.106350 0.435953 0.212700 0.197750 0.082160 0.387500 2.000000 0.098592 0.381250 2.000000 0.065728 0.381250 2.000000 0.000000 0.000000 0.000000 0.000000 0.000000 0.000000 0.169014 0.437500 2.000000 0.011737 0.446875 2.000000 0.185446 0.500000 2.000000 0.039906 0.507812 2.000000 0.138498 0.548438 1.000000 0.103286 0.471875 2.000000 0.000000 0.000000 0.000000 0.000000 0.000000 0.000000 0.000000 0.000000 0.000000 0.000000 0.000000 0.000000 0.000000 0.000000 0.000000 0.000000 0.000000 0.000000
0 0.180622 0.403227 0.186972 0.206359 0.119718 0.342187 2.000000 0.133803 0.334375 2.000000 0.100939 0.335938 2.000000 0.164319 0.340625 2.000000 0.000000 0.000000 0.000000 0.204225 0.398438 1.000000 0.000000 0.000000 0.000000 0.000000 0.000000 0.000000 0.000000 0.000000 0.000000 0.000000 0.000000 0.000000 0.000000 0.000000 0.000000 0.000000 0.000000 0.000000 0.000000 0.000000 0.000000 0.000000 0.000000 0.000000 0.000000 0.000000 0.000000 0.000000 0.000000 0.000000 0.000000 0.000000 0.000000
0 0.092031 0.236898 0.184061 0.162641 0.091549 0.192188 2.000000 0.107981 0.182812 2.000000 0.082160 0.184375 2.000000 0.131455 0.192188 2.000000 0.053991 0.193750 2.000000 0.154930 0.239063 2.000000 0.032864 0.243750 2.000000 0.169014 0.309375 2.000000 0.009390 0.301563 2.000000 0.122066 0.270313 2.000000 0.082160 0.268750 2.000000 0.000000 0.000000 0.000000 0.000000 0.000000 0.000000 0.000000 0.000000 0.000000 0.000000 0.000000 0.000000 0.000000 0.000000 0.000000 0.000000 0.000000 0.000000
0 0.889390 0.334961 0.204507 0.229109 0.887324 0.268750 2.000000 0.901408 0.259375 2.000000 0.868545 0.259375 2.000000 0.000000 0.000000 0.000000 0.000000 0.000000 0.000000 0.943662 0.306250 2.000000 0.845070 0.307812 2.000000 0.960094 0.367188 1.000000 0.784038 0.376563 1.000000 0.903756 0.373437 2.000000 0.805164 0.371875 1.000000 0.889671 0.425000 1.000000 0.835681 0.425000 2.000000 0.000000 0.000000 0.000000 0.000000 0.000000 0.000000 0.000000 0.000000 0.000000 0.000000 0.000000 0.000000
0 0.498944 0.388711 0.205728 0.205422 0.483568 0.335938 2.000000 0.502347 0.325000 2.000000 0.464789 0.325000 2.000000 0.000000 0.000000 0.000000 0.000000 0.000000 0.000000 0.546948 0.387500 2.000000 0.417840 0.387500 2.000000 0.582160 0.439063 2.000000 0.000000 0.000000 0.000000 0.000000 0.000000 0.000000 0.000000 0.000000 0.000000 0.000000 0.000000 0.000000 0.000000 0.000000 0.000000 0.000000 0.000000 0.000000 0.000000 0.000000 0.000000 0.000000 0.000000 0.000000 0.000000 0.000000 0.000000
0 0.310599 0.216164 0.256596 0.168547 0.262911 0.176563 2.000000 0.274648 0.162500 2.000000 0.246479 0.167187 2.000000 0.000000 0.000000 0.000000 0.225352 0.181250 2.000000 0.352113 0.217188 2.000000 0.201878 0.235937 2.000000 0.403756 0.284375 2.000000 0.211268 0.307812 1.000000 0.000000 0.000000 0.000000 0.000000 0.000000 0.000000 0.000000 0.000000 0.000000 0.000000 0.000000 0.000000 0.000000 0.000000 0.000000 0.000000 0.000000 0.000000 0.000000 0.000000 0.000000 0.000000 0.000000 0.000000
0 0.909202 0.430109 0.181596 0.247125 0.969484 0.365625 2.000000 0.988263 0.350000 2.000000 0.955399 0.350000 2.000000 0.000000 0.000000 0.000000 0.929577 0.364063 2.000000 0.000000 0.000000 0.000000 0.861502 0.418750 2.000000 0.000000 0.000000 0.000000 0.845070 0.521875 2.000000 0.964789 0.529687 2.000000 0.908451 0.512500 2.000000 0.000000 0.000000 0.000000 0.000000 0.000000 0.000000 0.000000 0.000000 0.000000 0.000000 0.000000 0.000000 0.000000 0.000000 0.000000 0.000000 0.000000 0.000000
0 0.325141 0.396180 0.105211 0.072859 0.326291 0.409375 2.000000 0.342723 0.400000 2.000000 0.302817 0.401562 2.000000 0.000000 0.000000 0.000000 0.000000 0.000000 0.000000 0.000000 0.000000 0.000000 0.000000 0.000000 0.000000 0.000000 0.000000 0.000000 0.000000 0.000000 0.000000 0.000000 0.000000 0.000000 0.000000 0.000000 0.000000 0.000000 0.000000 0.000000 0.000000 0.000000 0.000000 0.000000 0.000000 0.000000 0.000000 0.000000 0.000000 0.000000 0.000000 0.000000 0.000000 0.000000 0.000000
