0 0.509797 0.543990 0.175406 0.159021 0.468750 0.504167 2.000000 0.473438 0.493750 2.000000 0.464062 0.493750 2.000000 0.484375 0.495833 2.000000 0.453125 0.497917 2.000000 0.501563 0.531250 2.000000 0.432812 0.541667 2.000000 0.542188 0.525000 1.000000 0.000000 0.000000 0.000000 0.576562 0.531250 2.000000 0.000000 0.000000 0.000000 0.501563 0.625000 1.000000 0.443750 0.627083 1.000000 0.000000 0.000000 0.000000 0.000000 0.000000 0.000000 0.000000 0.000000 0.000000 0.000000 0.000000 0.000000
0 0.632602 0.377792 0.103641 0.315708 0.634375 0.260417 2.000000 0.639062 0.252083 2.000000 0.629687 0.252083 2.000000 0.653125 0.252083 1.000000 0.620313 0.252083 2.000000 0.664062 0.310417 1.000000 0.601562 0.308333 2.000000 0.668750 0.393750 2.000000 0.592187 0.379167 2.000000 0.675000 0.450000 2.000000 0.593750 0.454167 2.000000 0.648438 0.433333 2.000000 0.615625 0.433333 2.000000 0.664062 0.537500 1.000000 0.609375 0.541667 1.000000 0.000000 0.000000 0.000000 0.000000 0.000000 0.000000
0 0.598344 0.371802 0.141625 0.335063 0.575000 0.239583 2.000000 0.582812 0.235417 2.000000 0.570312 0.233333 2.000000 0.590625 0.241667 2.000000 0.559375 0.235417 1.000000 0.604688 0.281250 2.000000 0.537500 0.279167 1.000000 0.657813 0.283333 2.000000 0.000000 0.000000 0.000000 0.657813 0.322917 2.000000 0.000000 0.000000 0.000000 0.575000 0.454167 2.000000 0.545312 0.454167 2.000000 0.000000 0.000000 0.000000 0.000000 0.000000 0.000000 0.000000 0.000000 0.000000 0.000000 0.000000 0.000000
0 0.701523 0.416510 0.060016 0.349771 0.700000 0.293750 2.000000 0.707812 0.283333 2.000000 0.695312 0.283333 2.000000 0.715625 0.285417 1.000000 0.684375 0.281250 2.000000 0.720313 0.316667 1.000000 0.670312 0.316667 1.000000 0.000000 0.000000 0.000000 0.000000 0.000000 0.000000 0.000000 0.000000 0.000000 0.679688 0.437500 1.000000 0.717187 0.441667 2.000000 0.684375 0.443750 2.000000 0.715625 0.550000 1.000000 0.684375 0.547917 1.000000 0.000000 0.000000 0.000000 0.000000 0.000000 0.000000
0 0.726266 0.362646 0.113094 0.265792 0.750000 0.272917 2.000000 0.757812 0.266667 2.000000 0.743750 0.264583 2.000000 0.764062 0.270833 2.000000 0.732812 0.270833 2.000000 0.775000 0.314583 2.000000 0.721875 0.300000 2.000000 0.000000 0.000000 0.000000 0.676562 0.306250 2.000000 0.000000 0.000000 0.000000 0.679688 0.327083 2.000000 0.773438 0.464583 2.000000 0.728125 0.464583 1.000000 0.776563 0.558333 1.000000 0.725000 0.560417 1.000000 0.000000 0.000000 0.000000 0.000000 0.000000 0.000000
0 0.848367 0.367510 0.161828 0.248729 0.807813 0.283333 2.000000 0.810937 0.270833 2.000000 0.800000 0.275000 2.000000 0.000000 0.000000 0.000000 0.787500 0.283333 2.000000 0.839063 0.316667 2.000000 0.776563 0.337500 2.000000 0.882812 0.325000 2.000000 0.770312 0.404167 2.000000 0.915625 0.285417 2.000000 0.779687 0.464583 2.000000 0.839063 0.481250 1.000000 0.789062 0.483333 2.000000 0.000000 0.000000 0.000000 0.000000 0.000000 0.000000 0.000000 0.000000 0.000000 0.000000 0.000000 0.000000
0 0.528141 0.368792 0.039531 0.260583 0.000000 0.000000 0.000000 0.528125 0.262500 2.000000 0.517188 0.262500 2.000000 0.000000 0.000000 0.000000 0.000000 0.000000 0.000000 0.000000 0.000000 0.000000 0.000000 0.000000 0.000000 0.000000 0.000000 0.000000 0.000000 0.000000 0.000000 0.000000 0.000000 0.000000 0.000000 0.000000 0.000000 0.546875 0.416667 1.000000 0.000000 0.000000 0.000000 0.000000 0.000000 0.000000 0.000000 0.000000 0.000000 0.000000 0.000000 0.000000 0.000000 0.000000 0.000000
0 0.472508 0.383688 0.092328 0.284833 0.478125 0.289583 2.000000 0.482812 0.283333 2.000000 0.470313 0.283333 2.000000 0.000000 0.000000 0.000000 0.459375 0.279167 2.000000 0.496875 0.300000 2.000000 0.446875 0.308333 2.000000 0.000000 0.000000 0.000000 0.000000 0.000000 0.000000 0.000000 0.000000 0.000000 0.000000 0.000000 0.000000 0.498437 0.454167 2.000000 0.456250 0.456250 2.000000 0.000000 0.000000 0.000000 0.000000 0.000000 0.000000 0.000000 0.000000 0.000000 0.000000 0.000000 0.000000
0 0.417109 0.395073 0.076281 0.290729 0.417187 0.293750 2.000000 0.420312 0.281250 2.000000 0.406250 0.283333 2.000000 0.429688 0.285417 2.000000 0.401562 0.289583 2.000000 0.445312 0.331250 1.000000 0.384375 0.331250 2.000000 0.000000 0.000000 0.000000 0.000000 0.000000 0.000000 0.000000 0.000000 0.000000 0.000000 0.000000 0.000000 0.439063 0.450000 2.000000 0.404687 0.454167 2.000000 0.435937 0.535417 1.000000 0.398438 0.531250 1.000000 0.000000 0.000000 0.000000 0.000000 0.000000 0.000000
0 0.084617 0.445156 0.113672 0.393771 0.100000 0.291667 2.000000 0.106250 0.281250 2.000000 0.095312 0.281250 2.000000 0.000000 0.000000 0.000000 0.079687 0.285417 2.000000 0.117188 0.314583 2.000000 0.062500 0.331250 2.000000 0.164062 0.325000 1.000000 0.032813 0.372917 2.000000 0.000000 0.000000 0.000000 0.053125 0.362500 2.000000 0.114062 0.472917 2.000000 0.070312 0.472917 2.000000 0.118750 0.568750 2.000000 0.068750 0.570833 1.000000 0.121875 0.668750 1.000000 0.068750 0.668750 1.000000
0 0.349977 0.393792 0.073422 0.269417 0.343750 0.291667 2.000000 0.351562 0.285417 2.000000 0.337500 0.285417 2.000000 0.362500 0.295833 2.000000 0.000000 0.000000 0.000000 0.379688 0.329167 1.000000 0.318750 0.331250 2.000000 0.000000 0.000000 0.000000 0.000000 0.000000 0.000000 0.000000 0.000000 0.000000 0.000000 0.000000 0.000000 0.365625 0.443750 2.000000 0.332813 0.443750 2.000000 0.370312 0.512500 2.000000 0.328125 0.514583 1.000000 0.000000 0.000000 0.000000 0.000000 0.000000 0.000000
0 0.224375 0.311073 0.089500 0.151938 0.225000 0.277083 2.000000 0.231250 0.268750 2.000000 0.218750 0.268750 2.000000 0.239063 0.272917 2.000000 0.210938 0.275000 2.000000 0.251563 0.304167 2.000000 0.198437 0.308333 2.000000 0.292187 0.304167 1.000000 0.167187 0.318750 1.000000 0.310937 0.297917 1.000000 0.000000 0.000000 0.000000 0.250000 0.433333 1.000000 0.204687 0.431250 1.000000 0.000000 0.000000 0.000000 0.000000 0.000000 0.000000 0.000000 0.000000 0.000000 0.000000 0.000000 0.000000
