0 0.651031 0.414445 0.132521 0.217828 0.000000 0.000000 0.000000 0.618750 0.339062 2.000000 0.000000 0.000000 0.000000 0.641667 0.339062 2.000000 0.000000 0.000000 0.000000 0.687500 0.389062 2.000000 0.637500 0.387500 2.000000 0.677083 0.450000 2.000000 0.000000 0.000000 0.000000 0.622917 0.453125 2.000000 0.000000 0.000000 0.000000 0.677083 0.503125 2.000000 0.627083 0.498437 2.000000 0.000000 0.000000 0.000000 0.000000 0.000000 0.000000 0.000000 0.000000 0.000000 0.000000 0.000000 0.000000
0 0.816479 0.513484 0.296625 0.217969 0.000000 0.000000 0.000000 0.752083 0.446875 2.000000 0.000000 0.000000 0.000000 0.772917 0.457813 2.000000 0.000000 0.000000 0.000000 0.856250 0.496875 2.000000 0.806250 0.485938 2.000000 0.789583 0.565625 2.000000 0.756250 0.539062 2.000000 0.702083 0.550000 2.000000 0.706250 0.542188 2.000000 0.897917 0.614062 2.000000 0.000000 0.000000 0.000000 0.000000 0.000000 0.000000 0.000000 0.000000 0.000000 0.000000 0.000000 0.000000 0.000000 0.000000 0.000000
0 0.253667 0.488516 0.185000 0.201344 0.000000 0.000000 0.000000 0.000000 0.000000 0.000000 0.000000 0.000000 0.000000 0.000000 0.000000 0.000000 0.322917 0.448437 2.000000 0.260417 0.451562 2.000000 0.233333 0.493750 2.000000 0.000000 0.000000 0.000000 0.220833 0.560937 2.000000 0.000000 0.000000 0.000000 0.316667 0.551562 1.000000 0.000000 0.000000 0.000000 0.000000 0.000000 0.000000 0.000000 0.000000 0.000000 0.000000 0.000000 0.000000 0.000000 0.000000 0.000000 0.000000 0.000000 0.000000
0 0.445646 0.462563 0.117375 0.120313 0.429167 0.426563 2.000000 0.433333 0.421875 2.000000 0.420833 0.421875 2.000000 0.000000 0.000000 0.000000 0.397917 0.425000 1.000000 0.447917 0.473438 2.000000 0.383333 0.467187 1.000000 0.000000 0.000000 0.000000 0.400000 0.510938 1.000000 0.000000 0.000000 0.000000 0.454167 0.512500 2.000000 0.000000 0.000000 0.000000 0.000000 0.000000 0.000000 0.000000 0.000000 0.000000 0.000000 0.000000 0.000000 0.000000 0.000000 0.000000 0.000000 0.000000 0.000000
0 0.466917 0.427039 0.082167 0.158672 0.437500 0.376563 2.000000 0.445833 0.371875 2.000000 0.435417 0.371875 2.000000 0.462500 0.371875 2.000000 0.000000 0.000000 0.000000 0.470833 0.409375 2.000000 0.418750 0.406250 1.000000 0.483333 0.446875 2.000000 0.000000 0.000000 0.000000 0.452083 0.429688 2.000000 0.000000 0.000000 0.000000 0.450000 0.478125 1.000000 0.404167 0.475000 1.000000 0.000000 0.000000 0.000000 0.000000 0.000000 0.000000 0.000000 0.000000 0.000000 0.000000 0.000000 0.000000
0 0.198531 0.418289 0.115229 0.145391 0.200000 0.379688 2.000000 0.202083 0.373437 2.000000 0.193750 0.371875 2.000000 0.000000 0.000000 0.000000 0.168750 0.371875 2.000000 0.185417 0.403125 2.000000 0.150000 0.398438 2.000000 0.204167 0.445312 2.000000 0.183333 0.442188 2.000000 0.000000 0.000000 0.000000 0.227083 0.412500 2.000000 0.185417 0.462500 2.000000 0.164583 0.464062 1.000000 0.000000 0.000000 0.000000 0.000000 0.000000 0.000000 0.000000 0.000000 0.000000 0.000000 0.000000 0.000000
0 0.121094 0.485484 0.150854 0.246875 0.000000 0.000000 0.000000 0.000000 0.000000 0.000000 0.143750 0.401562 2.000000 0.000000 0.000000 0.000000 0.114583 0.412500 2.000000 0.122917 0.475000 2.000000 0.060417 0.478125 2.000000 0.154167 0.545312 2.000000 0.089583 0.565625 1.000000 0.000000 0.000000 0.000000 0.000000 0.000000 0.000000 0.000000 0.000000 0.000000 0.000000 0.000000 0.000000 0.000000 0.000000 0.000000 0.000000 0.000000 0.000000 0.000000 0.000000 0.000000 0.000000 0.000000 0.000000
0 0.062260 0.496984 0.124521 0.334250 0.089583 0.439063 2.000000 0.000000 0.000000 0.000000 0.089583 0.428125 2.000000 0.000000 0.000000 0.000000 0.020833 0.418750 2.000000 0.033333 0.460938 2.000000 0.000000 0.000000 0.000000 0.052083 0.578125 1.000000 0.000000 0.000000 0.000000 0.000000 0.000000 0.000000 0.000000 0.000000 0.000000 0.000000 0.000000 0.000000 0.000000 0.000000 0.000000 0.000000 0.000000 0.000000 0.000000 0.000000 0.000000 0.000000 0.000000 0.000000 0.000000 0.000000 0.000000
0 0.883542 0.598336 0.232917 0.628578 0.000000 0.000000 0.000000 0.000000 0.000000 0.000000 0.000000 0.000000 0.000000 0.000000 0.000000 0.000000 0.000000 0.000000 0.000000 0.000000 0.000000 0.000000 0.000000 0.000000 0.000000 0.000000 0.000000 0.000000 0.970833 0.621875 2.000000 0.829167 0.670312 2.000000 0.910417 0.643750 2.000000 0.939583 0.809375 2.000000 0.904167 0.751563 2.000000 0.000000 0.000000 0.000000 0.000000 0.000000 0.000000 0.000000 0.000000 0.000000 0.000000 0.000000 0.000000
0 0.893417 0.944445 0.213167 0.111109 0.000000 0.000000 0.000000 0.000000 0.000000 0.000000 0.000000 0.000000 0.000000 0.000000 0.000000 0.000000 0.000000 0.000000 0.000000 0.000000 0.000000 0.000000 0.000000 0.000000 0.000000 0.000000 0.000000 0.000000 0.000000 0.000000 0.000000 0.000000 0.000000 0.000000 0.991667 0.934375 2.000000 0.000000 0.000000 0.000000 0.000000 0.000000 0.000000 0.000000 0.000000 0.000000 0.804167 0.901563 1.000000 0.000000 0.000000 0.000000 0.000000 0.000000 0.000000
0 0.369438 0.476391 0.139583 0.169219 0.000000 0.000000 0.000000 0.000000 0.000000 0.000000 0.000000 0.000000 0.000000 0.000000 0.000000 0.000000 0.362500 0.429688 2.000000 0.356250 0.476562 1.000000 0.310417 0.481250 2.000000 0.000000 0.000000 0.000000 0.000000 0.000000 0.000000 0.000000 0.000000 0.000000 0.370833 0.537500 2.000000 0.000000 0.000000 0.000000 0.000000 0.000000 0.000000 0.000000 0.000000 0.000000 0.000000 0.000000 0.000000 0.000000 0.000000 0.000000 0.000000 0.000000 0.000000
