0 0.418539 0.711238 0.208891 0.577523 0.414062 0.485981 2.000000 0.000000 0.000000 0.000000 0.407813 0.476636 2.000000 0.000000 0.000000 0.000000 0.381250 0.476636 2.000000 0.389062 0.539720 2.000000 0.360938 0.544393 2.000000 0.401562 0.628505 2.000000 0.378125 0.640187 2.000000 0.429688 0.703271 2.000000 0.445312 0.654206 2.000000 0.401562 0.714953 2.000000 0.381250 0.719626 2.000000 0.426563 0.859813 2.000000 0.354687 0.864486 2.000000 0.478125 0.974299 2.000000 0.334375 0.992991 2.000000
0 0.265250 0.662921 0.130750 0.579766 0.253125 0.415888 2.000000 0.000000 0.000000 0.000000 0.000000 0.000000 0.000000 0.000000 0.000000 0.000000 0.232813 0.418224 2.000000 0.232813 0.474299 2.000000 0.214062 0.474299 2.000000 0.000000 0.000000 0.000000 0.259375 0.584112 2.000000 0.000000 0.000000 0.000000 0.295312 0.542056 2.000000 0.218750 0.640187 2.000000 0.235937 0.649533 2.000000 0.260937 0.787383 2.000000 0.290625 0.761682 2.000000 0.220312 0.899533 2.000000 0.282813 0.894860 2.000000
0 0.447609 0.633505 0.129969 0.531075 0.470313 0.446262 2.000000 0.000000 0.000000 0.000000 0.470313 0.429907 2.000000 0.000000 0.000000 0.000000 0.445312 0.420561 2.000000 0.451562 0.469626 2.000000 0.429688 0.474299 2.000000 0.000000 0.000000 0.000000 0.426563 0.556075 2.000000 0.000000 0.000000 0.000000 0.479687 0.579439 2.000000 0.451562 0.626168 1.000000 0.421875 0.623832 1.000000 0.448437 0.745327 2.000000 0.000000 0.000000 0.000000 0.442188 0.843458 1.000000 0.000000 0.000000 0.000000
0 0.509984 0.629030 0.175625 0.573575 0.484375 0.394860 1.000000 0.000000 0.000000 0.000000 0.000000 0.000000 0.000000 0.500000 0.390187 2.000000 0.000000 0.000000 0.000000 0.521875 0.441589 2.000000 0.550000 0.427570 2.000000 0.460938 0.511682 2.000000 0.000000 0.000000 0.000000 0.417187 0.490654 1.000000 0.514062 0.535047 2.000000 0.550000 0.577103 2.000000 0.567187 0.565421 2.000000 0.545312 0.731308 2.000000 0.537500 0.731308 2.000000 0.545312 0.890187 2.000000 0.518750 0.869159 2.000000
0 0.919797 0.553353 0.160406 0.602173 0.895312 0.303738 2.000000 0.898438 0.296729 2.000000 0.000000 0.000000 0.000000 0.917188 0.306075 2.000000 0.000000 0.000000 0.000000 0.928125 0.371495 2.000000 0.939063 0.348131 2.000000 0.957812 0.464953 2.000000 0.918750 0.439252 2.000000 0.907813 0.490654 2.000000 0.885938 0.450935 2.000000 0.921875 0.523364 2.000000 0.946875 0.514019 2.000000 0.885938 0.672897 2.000000 0.934375 0.661215 2.000000 0.890625 0.820093 2.000000 0.000000 0.000000 0.000000
0 0.748984 0.503843 0.122969 0.554930 0.734375 0.271028 1.000000 0.742188 0.261682 2.000000 0.000000 0.000000 0.000000 0.757812 0.273364 2.000000 0.000000 0.000000 0.000000 0.751563 0.343458 2.000000 0.787500 0.334112 2.000000 0.740625 0.436916 2.000000 0.000000 0.000000 0.000000 0.714063 0.420561 2.000000 0.000000 0.000000 0.000000 0.754687 0.471963 2.000000 0.787500 0.460280 2.000000 0.729688 0.607477 2.000000 0.739062 0.605140 2.000000 0.760938 0.731308 2.000000 0.773438 0.703271 2.000000
0 0.525133 0.068890 0.104203 0.136799 0.000000 0.000000 0.000000 0.000000 0.000000 0.000000 0.000000 0.000000 0.000000 0.000000 0.000000 0.000000 0.000000 0.000000 0.000000 0.000000 0.000000 0.000000 0.000000 0.000000 0.000000 0.000000 0.000000 0.000000 0.000000 0.000000 0.000000 0.489063 0.021028 2.000000 0.000000 0.000000 0.000000 0.560937 0.067757 2.000000 0.000000 0.000000 0.000000 0.507812 0.028037 2.000000 0.481250 0.070093 2.000000 0.517188 0.109813 2.000000 0.540625 0.100467 2.000000
0 0.290367 0.455853 0.163984 0.557967 0.275000 0.228972 2.000000 0.000000 0.000000 0.000000 0.267188 0.214953 2.000000 0.000000 0.000000 0.000000 0.245312 0.224299 2.000000 0.254688 0.273364 2.000000 0.235937 0.287383 2.000000 0.000000 0.000000 0.000000 0.268750 0.366822 2.000000 0.000000 0.000000 0.000000 0.331250 0.373832 2.000000 0.265625 0.462617 1.000000 0.245312 0.462617 1.000000 0.295312 0.588785 2.000000 0.225000 0.570093 1.000000 0.306250 0.707944 2.000000 0.209375 0.696262 1.000000
0 0.656727 0.702255 0.204391 0.564042 0.640625 0.476636 1.000000 0.643750 0.464953 2.000000 0.000000 0.000000 0.000000 0.659375 0.464953 2.000000 0.000000 0.000000 0.000000 0.678125 0.539720 2.000000 0.689063 0.523364 2.000000 0.679688 0.651869 2.000000 0.650000 0.607477 2.000000 0.626563 0.635514 2.000000 0.582812 0.605140 2.000000 0.670312 0.710280 2.000000 0.690625 0.689252 2.000000 0.642188 0.864486 2.000000 0.639062 0.843458 2.000000 0.728125 0.969626 2.000000 0.642188 0.985981 1.000000
0 0.952227 0.080245 0.095016 0.160491 0.000000 0.000000 0.000000 0.000000 0.000000 0.000000 0.000000 0.000000 0.000000 0.000000 0.000000 0.000000 0.000000 0.000000 0.000000 0.000000 0.000000 0.000000 0.000000 0.000000 0.000000 0.993750 0.046729 2.000000 0.925000 0.056075 2.000000 0.960938 0.056075 2.000000 0.937500 0.007009 2.000000 0.978125 0.063084 2.000000 0.951562 0.063084 2.000000 0.993750 0.070093 2.000000 0.914062 0.072430 2.000000 0.982812 0.135514 2.000000 0.943750 0.128505 2.000000
0 0.369836 0.071297 0.057828 0.142593 0.000000 0.000000 0.000000 0.000000 0.000000 0.000000 0.000000 0.000000 0.000000 0.000000 0.000000 0.000000 0.000000 0.000000 0.000000 0.000000 0.000000 0.000000 0.000000 0.000000 0.000000 0.000000 0.000000 0.000000 0.000000 0.000000 0.000000 0.000000 0.000000 0.000000 0.000000 0.000000 0.000000 0.000000 0.000000 0.000000 0.000000 0.000000 0.000000 0.379688 0.023364 2.000000 0.364063 0.023364 2.000000 0.389062 0.121495 2.000000 0.373437 0.114486 2.000000
0 0.150664 0.534369 0.165516 0.539486 0.170313 0.322430 2.000000 0.000000 0.000000 0.000000 0.164062 0.313084 2.000000 0.000000 0.000000 0.000000 0.142187 0.317757 2.000000 0.142187 0.362150 2.000000 0.121875 0.383178 2.000000 0.157812 0.432243 2.000000 0.157812 0.453271 2.000000 0.184375 0.429907 2.000000 0.200000 0.441589 2.000000 0.151562 0.544393 2.000000 0.123438 0.546729 2.000000 0.167187 0.665888 2.000000 0.104688 0.682243 2.000000 0.193750 0.761682 2.000000 0.087500 0.778037 2.000000
