0 0.747835 0.780229 0.184265 0.396601 0.000000 0.000000 0.000000 0.000000 0.000000 0.000000 0.000000 0.000000 0.000000 0.000000 0.000000 0.000000 0.000000 0.000000 0.000000 0.717320 0.580065 1.000000 0.813725 0.580065 1.000000 0.691176 0.622549 2.000000 0.000000 0.000000 0.000000 0.000000 0.000000 0.000000 0.000000 0.000000 0.000000 0.733660 0.692810 2.000000 0.802288 0.702614 2.000000 0.727124 0.810458 2.000000 0.781046 0.830065 2.000000 0.722222 0.892157 2.000000 0.777778 0.952614 2.000000
0 0.475008 0.482075 0.052827 0.183889 0.000000 0.000000 0.000000 0.000000 0.000000 0.000000 0.000000 0.000000 0.000000 0.482026 0.405229 2.000000 0.000000 0.000000 0.000000 0.486928 0.428105 2.000000 0.473856 0.428105 2.000000 0.490196 0.450980 2.000000 0.000000 0.000000 0.000000 0.467320 0.450980 2.000000 0.000000 0.000000 0.000000 0.482026 0.480392 2.000000 0.470588 0.478758 2.000000 0.482026 0.524510 2.000000 0.467320 0.522876 2.000000 0.482026 0.562092 2.000000 0.465686 0.557190 2.000000
0 0.426160 0.494289 0.051078 0.185866 0.000000 0.000000 0.000000 0.000000 0.000000 0.000000 0.000000 0.000000 0.000000 0.000000 0.000000 0.000000 0.000000 0.000000 0.000000 0.429739 0.428105 2.000000 0.436275 0.424837 2.000000 0.416667 0.447712 1.000000 0.000000 0.000000 0.000000 0.405229 0.464052 1.000000 0.000000 0.000000 0.000000 0.418301 0.478758 2.000000 0.431373 0.475490 2.000000 0.413399 0.529412 2.000000 0.426471 0.524510 2.000000 0.413399 0.565359 2.000000 0.423203 0.563725 2.000000
0 0.267320 0.482631 0.060229 0.183595 0.000000 0.000000 0.000000 0.000000 0.000000 0.000000 0.000000 0.000000 0.000000 0.000000 0.000000 0.000000 0.000000 0.000000 0.000000 0.253268 0.421569 2.000000 0.289216 0.429739 2.000000 0.245098 0.444444 2.000000 0.294118 0.454248 2.000000 0.000000 0.000000 0.000000 0.000000 0.000000 0.000000 0.256536 0.472222 1.000000 0.277778 0.472222 2.000000 0.258170 0.519608 2.000000 0.274510 0.517974 2.000000 0.264706 0.555556 2.000000 0.279412 0.557190 2.000000
0 0.122475 0.491013 0.092141 0.240458 0.000000 0.000000 0.000000 0.000000 0.000000 0.000000 0.000000 0.000000 0.000000 0.000000 0.000000 0.000000 0.127451 0.395425 2.000000 0.091503 0.423203 2.000000 0.127451 0.418301 2.000000 0.088235 0.454248 2.000000 0.143791 0.450980 2.000000 0.088235 0.485294 2.000000 0.150327 0.480392 2.000000 0.104575 0.490196 2.000000 0.130719 0.490196 2.000000 0.101307 0.534314 2.000000 0.135621 0.535948 2.000000 0.098039 0.581699 2.000000 0.138889 0.589869 2.000000
0 0.219109 0.459551 0.064722 0.167141 0.225490 0.390523 2.000000 0.228758 0.387255 2.000000 0.222222 0.387255 2.000000 0.236928 0.388889 2.000000 0.000000 0.000000 0.000000 0.235294 0.403595 2.000000 0.000000 0.000000 0.000000 0.233660 0.424837 2.000000 0.000000 0.000000 0.000000 0.212418 0.421569 2.000000 0.000000 0.000000 0.000000 0.232026 0.449346 2.000000 0.000000 0.000000 0.000000 0.000000 0.000000 0.000000 0.000000 0.000000 0.000000 0.000000 0.000000 0.000000 0.000000 0.000000 0.000000
0 0.867418 0.708987 0.121340 0.253922 0.000000 0.000000 0.000000 0.000000 0.000000 0.000000 0.000000 0.000000 0.000000 0.000000 0.000000 0.000000 0.000000 0.000000 0.000000 0.000000 0.000000 0.000000 0.000000 0.000000 0.000000 0.000000 0.000000 0.000000 0.000000 0.000000 0.000000 0.000000 0.000000 0.000000 0.919935 0.606209 1.000000 0.846405 0.602941 1.000000 0.890523 0.601307 2.000000 0.826797 0.684641 1.000000 0.869281 0.699346 2.000000 0.849673 0.808824 2.000000 0.859477 0.799020 2.000000
0 0.046168 0.286373 0.062239 0.115294 0.000000 0.000000 0.000000 0.000000 0.000000 0.000000 0.000000 0.000000 0.000000 0.000000 0.000000 0.000000 0.000000 0.000000 0.000000 0.034314 0.267974 2.000000 0.049020 0.264706 2.000000 0.031046 0.287582 2.000000 0.000000 0.000000 0.000000 0.016340 0.294118 2.000000 0.000000 0.000000 0.000000 0.039216 0.316993 1.000000 0.053922 0.318627 2.000000 0.000000 0.000000 0.000000 0.000000 0.000000 0.000000 0.000000 0.000000 0.000000 0.000000 0.000000 0.000000
0 0.564910 0.535703 0.074363 0.180850 0.000000 0.000000 0.000000 0.000000 0.000000 0.000000 0.000000 0.000000 0.000000 0.000000 0.000000 0.000000 0.000000 0.000000 0.000000 0.000000 0.000000 0.000000 0.000000 0.000000 0.000000 0.000000 0.000000 0.000000 0.000000 0.000000 0.000000 0.000000 0.000000 0.000000 0.000000 0.000000 0.000000 0.555556 0.511438 1.000000 0.581699 0.517974 1.000000 0.555556 0.565359 2.000000 0.593137 0.565359 2.000000 0.549020 0.612745 2.000000 0.596405 0.616013 2.000000
0 0.325556 0.465082 0.068562 0.137092 0.310458 0.421569 2.000000 0.310458 0.416667 2.000000 0.305556 0.418301 2.000000 0.316993 0.410131 2.000000 0.000000 0.000000 0.000000 0.334967 0.419935 2.000000 0.310458 0.428105 2.000000 0.356209 0.436275 2.000000 0.310458 0.449346 2.000000 0.352941 0.452614 2.000000 0.302288 0.473856 2.000000 0.339869 0.473856 2.000000 0.323529 0.475490 2.000000 0.343137 0.513072 2.000000 0.321895 0.509804 1.000000 0.344771 0.553922 1.000000 0.315359 0.552288 1.000000
