0 0.680898 0.760672 0.188766 0.420219 0.000000 0.000000 0.000000 0.000000 0.000000 0.000000 0.000000 0.000000 0.000000 0.000000 0.000000 0.000000 0.000000 0.000000 0.000000 0.639062 0.634375 2.000000 0.693750 0.635938 2.000000 0.620313 0.689063 2.000000 0.701562 0.703125 2.000000 0.615625 0.746875 2.000000 0.726562 0.753125 2.000000 0.637500 0.759375 2.000000 0.675000 0.759375 2.000000 0.632812 0.826562 2.000000 0.703125 0.834375 2.000000 0.614062 0.926562 2.000000 0.731250 0.907813 2.000000
0 0.195500 0.687375 0.084781 0.265906 0.214062 0.584375 2.000000 0.000000 0.000000 0.000000 0.214062 0.579688 2.000000 0.000000 0.000000 0.000000 0.204687 0.578125 2.000000 0.168750 0.604688 2.000000 0.207813 0.604688 2.000000 0.160938 0.654687 2.000000 0.215625 0.656250 2.000000 0.000000 0.000000 0.000000 0.229687 0.689063 2.000000 0.165625 0.684375 2.000000 0.201563 0.681250 1.000000 0.201563 0.743750 2.000000 0.190625 0.746875 2.000000 0.218750 0.795312 2.000000 0.178125 0.806250 2.000000
0 0.367117 0.738109 0.112266 0.304438 0.000000 0.000000 0.000000 0.000000 0.000000 0.000000 0.375000 0.617188 2.000000 0.000000 0.000000 0.000000 0.365625 0.618750 2.000000 0.362500 0.640625 2.000000 0.367188 0.642188 2.000000 0.000000 0.000000 0.000000 0.370312 0.695312 2.000000 0.000000 0.000000 0.000000 0.382812 0.742188 2.000000 0.353125 0.712500 2.000000 0.357812 0.717187 2.000000 0.359375 0.795312 2.000000 0.343750 0.800000 2.000000 0.367188 0.843750 2.000000 0.337500 0.867188 2.000000
0 0.843305 0.671891 0.061359 0.192188 0.000000 0.000000 0.000000 0.000000 0.000000 0.000000 0.000000 0.000000 0.000000 0.834375 0.590625 2.000000 0.853125 0.590625 2.000000 0.826562 0.614062 2.000000 0.856250 0.615625 2.000000 0.000000 0.000000 0.000000 0.864062 0.635938 2.000000 0.000000 0.000000 0.000000 0.868750 0.667188 2.000000 0.829688 0.660937 2.000000 0.850000 0.660937 2.000000 0.832812 0.703125 2.000000 0.846875 0.707812 2.000000 0.832812 0.743750 2.000000 0.846875 0.748437 2.000000
0 0.582633 0.773133 0.059672 0.220953 0.000000 0.000000 0.000000 0.000000 0.000000 0.000000 0.000000 0.000000 0.000000 0.000000 0.000000 0.000000 0.000000 0.000000 0.000000 0.565625 0.710938 2.000000 0.607812 0.710938 2.000000 0.556250 0.734375 2.000000 0.000000 0.000000 0.000000 0.000000 0.000000 0.000000 0.000000 0.000000 0.000000 0.565625 0.782813 2.000000 0.601562 0.782813 2.000000 0.565625 0.825000 2.000000 0.595313 0.825000 1.000000 0.565625 0.867188 2.000000 0.000000 0.000000 0.000000
0 0.903312 0.675773 0.067219 0.182859 0.000000 0.000000 0.000000 0.000000 0.000000 0.000000 0.000000 0.000000 0.000000 0.889062 0.604688 2.000000 0.907813 0.600000 2.000000 0.876563 0.629687 2.000000 0.921875 0.626563 2.000000 0.875000 0.654687 2.000000 0.923438 0.648438 2.000000 0.875000 0.675000 2.000000 0.925000 0.667188 2.000000 0.892188 0.673438 2.000000 0.914062 0.671875 2.000000 0.898438 0.714063 2.000000 0.917188 0.706250 2.000000 0.901563 0.756250 2.000000 0.910937 0.734375 2.000000
0 0.959320 0.667914 0.043953 0.155328 0.976562 0.604688 2.000000 0.979688 0.600000 1.000000 0.973437 0.600000 2.000000 0.000000 0.000000 0.000000 0.964063 0.603125 2.000000 0.976562 0.617188 2.000000 0.953125 0.615625 2.000000 0.000000 0.000000 0.000000 0.000000 0.000000 0.000000 0.000000 0.000000 0.000000 0.000000 0.000000 0.000000 0.971875 0.667188 2.000000 0.954688 0.668750 2.000000 0.000000 0.000000 0.000000 0.000000 0.000000 0.000000 0.000000 0.000000 0.000000 0.000000 0.000000 0.000000
0 0.379344 0.635914 0.065656 0.137578 0.000000 0.000000 0.000000 0.000000 0.000000 0.000000 0.000000 0.000000 0.000000 0.000000 0.000000 0.000000 0.000000 0.000000 0.000000 0.000000 0.000000 0.000000 0.367188 0.609375 1.000000 0.000000 0.000000 0.000000 0.370312 0.645312 1.000000 0.000000 0.000000 0.000000 0.396875 0.642188 2.000000 0.000000 0.000000 0.000000 0.000000 0.000000 0.000000 0.000000 0.000000 0.000000 0.000000 0.000000 0.000000 0.000000 0.000000 0.000000 0.000000 0.000000 0.000000
0 0.452906 0.745195 0.105125 0.302672 0.000000 0.000000 0.000000 0.000000 0.000000 0.000000 0.000000 0.000000 0.000000 0.442188 0.612500 2.000000 0.473438 0.615625 2.000000 0.421875 0.654687 2.000000 0.482812 0.653125 2.000000 0.407813 0.693750 2.000000 0.490625 0.696875 2.000000 0.421875 0.712500 2.000000 0.471875 0.673438 2.000000 0.434375 0.742188 2.000000 0.467187 0.743750 2.000000 0.448437 0.803125 2.000000 0.471875 0.800000 2.000000 0.457813 0.867188 2.000000 0.440625 0.848437 2.000000
0 0.498359 0.655180 0.048469 0.152922 0.489063 0.592187 2.000000 0.490625 0.589063 2.000000 0.487500 0.589063 2.000000 0.498437 0.589063 2.000000 0.482812 0.590625 1.000000 0.512500 0.609375 2.000000 0.476562 0.607812 1.000000 0.517188 0.626563 2.000000 0.000000 0.000000 0.000000 0.504687 0.648438 2.000000 0.000000 0.000000 0.000000 0.503125 0.654687 2.000000 0.487500 0.653125 1.000000 0.500000 0.681250 1.000000 0.501563 0.693750 1.000000 0.489063 0.715625 1.000000 0.509375 0.720313 2.000000
0 0.559508 0.658414 0.074047 0.160328 0.540625 0.590625 1.000000 0.545312 0.589063 2.000000 0.000000 0.000000 0.000000 0.000000 0.000000 0.000000 0.000000 0.000000 0.000000 0.571875 0.607812 2.000000 0.542188 0.609375 2.000000 0.579688 0.632812 2.000000 0.534375 0.628125 2.000000 0.000000 0.000000 0.000000 0.528125 0.645312 2.000000 0.565625 0.653125 2.000000 0.550000 0.651563 2.000000 0.556250 0.692187 2.000000 0.559375 0.678125 2.000000 0.545312 0.726562 2.000000 0.579688 0.710938 1.000000
