0 0.857672 0.218750 0.125094 0.292111 0.800000 0.144444 2.000000 0.806250 0.136111 2.000000 0.000000 0.000000 0.000000 0.832812 0.144444 2.000000 0.000000 0.000000 0.000000 0.875000 0.225000 2.000000 0.000000 0.000000 0.000000 0.906250 0.333333 2.000000 0.000000 0.000000 0.000000 0.860938 0.361111 1.000000 0.000000 0.000000 0.000000 0.000000 0.000000 0.000000 0.000000 0.000000 0.000000 0.000000 0.000000 0.000000 0.000000 0.000000 0.000000 0.000000 0.000000 0.000000 0.000000 0.000000 0.000000
0 0.070789 0.664056 0.136516 0.649444 0.087500 0.408333 2.000000 0.098437 0.391667 2.000000 0.079687 0.394444 2.000000 0.112500 0.397222 2.000000 0.064062 0.400000 2.000000 0.120313 0.500000 2.000000 0.037500 0.480556 2.000000 0.117188 0.588889 2.000000 0.000000 0.000000 0.000000 0.129688 0.647222 2.000000 0.062500 0.627778 2.000000 0.110937 0.755556 2.000000 0.059375 0.755556 2.000000 0.101562 0.911111 2.000000 0.054688 0.908333 2.000000 0.000000 0.000000 0.000000 0.000000 0.000000 0.000000
0 0.198453 0.671917 0.141562 0.633722 0.223438 0.433333 2.000000 0.229687 0.422222 2.000000 0.215625 0.422222 2.000000 0.240625 0.427778 2.000000 0.198437 0.425000 2.000000 0.245312 0.505556 2.000000 0.168750 0.502778 2.000000 0.260937 0.583333 2.000000 0.145313 0.602778 2.000000 0.256250 0.638889 2.000000 0.182812 0.644444 2.000000 0.234375 0.716667 2.000000 0.190625 0.725000 2.000000 0.218750 0.866667 2.000000 0.189062 0.891667 2.000000 0.000000 0.000000 0.000000 0.000000 0.000000 0.000000
0 0.311609 0.673000 0.114094 0.654000 0.309375 0.411111 2.000000 0.314063 0.397222 2.000000 0.298438 0.405556 2.000000 0.323437 0.397222 2.000000 0.289062 0.413889 2.000000 0.353125 0.480556 2.000000 0.282813 0.497222 2.000000 0.000000 0.000000 0.000000 0.260937 0.586111 1.000000 0.000000 0.000000 0.000000 0.287500 0.569444 2.000000 0.334375 0.702778 2.000000 0.290625 0.705556 2.000000 0.331250 0.833333 2.000000 0.292187 0.827778 2.000000 0.342187 0.961111 1.000000 0.290625 0.975000 2.000000
0 0.833633 0.675278 0.226266 0.644944 0.878125 0.413889 2.000000 0.884375 0.405556 2.000000 0.000000 0.000000 0.000000 0.906250 0.419444 2.000000 0.000000 0.000000 0.000000 0.920312 0.527778 2.000000 0.895312 0.491667 2.000000 0.879687 0.663889 2.000000 0.825000 0.461111 2.000000 0.854688 0.563889 2.000000 0.760938 0.400000 2.000000 0.843750 0.752778 2.000000 0.856250 0.761111 2.000000 0.776563 0.897222 2.000000 0.820312 0.894444 2.000000 0.000000 0.000000 0.000000 0.000000 0.000000 0.000000
0 0.477852 0.536319 0.075047 0.581194 0.487500 0.305556 2.000000 0.493750 0.291667 2.000000 0.478125 0.297222 2.000000 0.503125 0.302778 2.000000 0.470313 0.305556 2.000000 0.512500 0.350000 2.000000 0.457813 0.355556 2.000000 0.532813 0.427778 1.000000 0.445312 0.452778 2.000000 0.514062 0.413889 1.000000 0.471875 0.405556 2.000000 0.517188 0.502778 1.000000 0.465625 0.505556 1.000000 0.520312 0.647222 1.000000 0.475000 0.655556 2.000000 0.534375 0.766667 1.000000 0.478125 0.794444 2.000000
0 0.608297 0.260528 0.072625 0.228889 0.625000 0.202778 2.000000 0.631250 0.194444 2.000000 0.617188 0.194444 2.000000 0.642188 0.197222 2.000000 0.612500 0.194444 2.000000 0.000000 0.000000 0.000000 0.617188 0.233333 2.000000 0.000000 0.000000 0.000000 0.593750 0.211111 2.000000 0.000000 0.000000 0.000000 0.000000 0.000000 0.000000 0.000000 0.000000 0.000000 0.631250 0.361111 2.000000 0.000000 0.000000 0.000000 0.000000 0.000000 0.000000 0.000000 0.000000 0.000000 0.000000 0.000000 0.000000
0 0.539406 0.660111 0.117406 0.673944 0.540625 0.377778 2.000000 0.550000 0.366667 2.000000 0.534375 0.369444 2.000000 0.559375 0.380556 2.000000 0.525000 0.375000 1.000000 0.571875 0.444444 2.000000 0.518750 0.444444 2.000000 0.581250 0.552778 2.000000 0.481250 0.550000 1.000000 0.557813 0.533333 2.000000 0.490625 0.541667 1.000000 0.550000 0.638889 2.000000 0.517188 0.633333 2.000000 0.548438 0.808333 2.000000 0.518750 0.808333 2.000000 0.535937 0.947222 2.000000 0.531250 0.933333 2.000000
0 0.803930 0.143819 0.088484 0.287639 0.796875 0.002778 2.000000 0.000000 0.000000 0.000000 0.000000 0.000000 0.000000 0.000000 0.000000 0.000000 0.000000 0.000000 0.000000 0.832812 0.058333 2.000000 0.773438 0.044444 2.000000 0.000000 0.000000 0.000000 0.762500 0.122222 1.000000 0.000000 0.000000 0.000000 0.000000 0.000000 0.000000 0.821875 0.197222 1.000000 0.790625 0.186111 2.000000 0.000000 0.000000 0.000000 0.000000 0.000000 0.000000 0.000000 0.000000 0.000000 0.000000 0.000000 0.000000
0 0.395648 0.662917 0.128922 0.674167 0.406250 0.422222 2.000000 0.410938 0.402778 2.000000 0.393750 0.400000 2.000000 0.417187 0.408333 2.000000 0.373437 0.405556 2.000000 0.428125 0.494444 2.000000 0.354687 0.491667 2.000000 0.446875 0.583333 2.000000 0.348438 0.611111 2.000000 0.437500 0.511111 2.000000 0.379688 0.530556 2.000000 0.428125 0.758333 2.000000 0.382812 0.761111 2.000000 0.420312 0.888889 2.000000 0.370312 0.877778 2.000000 0.000000 0.000000 0.000000 0.000000 0.000000 0.000000
0 0.544977 0.280028 0.075672 0.325611 0.551562 0.263889 2.000000 0.556250 0.252778 2.000000 0.545312 0.255556 2.000000 0.567187 0.263889 1.000000 0.534375 0.263889 2.000000 0.573438 0.316667 2.000000 0.525000 0.288889 2.000000 0.000000 0.000000 0.000000 0.510938 0.238889 2.000000 0.000000 0.000000 0.000000 0.532813 0.166667 2.000000 0.562500 0.425000 1.000000 0.520312 0.422222 2.000000 0.000000 0.000000 0.000000 0.000000 0.000000 0.000000 0.000000 0.000000 0.000000 0.000000 0.000000 0.000000
0 0.658883 0.265194 0.062297 0.252056 0.665625 0.202778 2.000000 0.671875 0.188889 2.000000 0.659375 0.191667 2.000000 0.687500 0.194444 1.000000 0.653125 0.200000 2.000000 0.700000 0.244444 1.000000 0.659375 0.250000 2.000000 0.000000 0.000000 0.000000 0.645312 0.316667 2.000000 0.000000 0.000000 0.000000 0.643750 0.361111 2.000000 0.000000 0.000000 0.000000 0.000000 0.000000 0.000000 0.000000 0.000000 0.000000 0.000000 0.000000 0.000000 0.000000 0.000000 0.000000 0.000000 0.000000 0.000000
