0 0.190086 0.558560 0.256953 0.862600 0.000000 0.000000 0.000000 0.000000 0.000000 0.000000 0.000000 0.000000 0.000000 0.145313 0.243560 2.000000 0.217188 0.217799 2.000000 0.145313 0.398126 2.000000 0.273438 0.358314 2.000000 0.128125 0.627635 2.000000 0.300000 0.559719 2.000000 0.106250 0.791569 2.000000 0.290625 0.702576 2.000000 0.178125 0.758782 2.000000 0.267188 0.735363 2.000000 0.121875 0.962529 2.000000 0.234375 0.950820 2.000000 0.000000 0.000000 0.000000 0.000000 0.000000 0.000000
0 0.579484 0.409450 0.155313 0.564848 0.531250 0.189696 2.000000 0.535937 0.177986 2.000000 0.000000 0.000000 0.000000 0.559375 0.182670 2.000000 0.000000 0.000000 0.000000 0.539062 0.241218 2.000000 0.600000 0.234192 2.000000 0.510938 0.297424 2.000000 0.643750 0.306792 2.000000 0.000000 0.000000 0.000000 0.614062 0.381733 2.000000 0.553125 0.437939 1.000000 0.587500 0.435597 2.000000 0.560937 0.587822 1.000000 0.598437 0.585480 1.000000 0.000000 0.000000 0.000000 0.603125 0.728337 1.000000
0 0.539867 0.607026 0.115453 0.603747 0.501563 0.374707 2.000000 0.509375 0.365340 2.000000 0.504687 0.365340 2.000000 0.535937 0.362998 2.000000 0.000000 0.000000 0.000000 0.523438 0.442623 2.000000 0.570312 0.426230 2.000000 0.515625 0.538642 2.000000 0.582812 0.505855 2.000000 0.492188 0.585480 2.000000 0.587500 0.571429 2.000000 0.540625 0.604215 2.000000 0.575000 0.601874 2.000000 0.546875 0.740047 2.000000 0.571875 0.735363 1.000000 0.554688 0.866511 2.000000 0.000000 0.000000 0.000000
0 0.755648 0.569660 0.146922 0.667424 0.000000 0.000000 0.000000 0.696875 0.302108 2.000000 0.000000 0.000000 0.000000 0.709375 0.297424 2.000000 0.000000 0.000000 0.000000 0.710938 0.370023 2.000000 0.778125 0.358314 2.000000 0.707812 0.482436 2.000000 0.000000 0.000000 0.000000 0.693750 0.573770 2.000000 0.717187 0.355972 2.000000 0.745313 0.548009 2.000000 0.779687 0.548009 2.000000 0.734375 0.674473 2.000000 0.779687 0.676815 2.000000 0.745313 0.854801 2.000000 0.804688 0.814988 2.000000
0 0.896758 0.564789 0.197391 0.870422 0.000000 0.000000 0.000000 0.000000 0.000000 0.000000 0.000000 0.000000 0.000000 0.864062 0.194379 2.000000 0.940625 0.194379 2.000000 0.854688 0.351288 2.000000 0.957812 0.323185 2.000000 0.814063 0.491803 2.000000 0.979688 0.459016 1.000000 0.000000 0.000000 0.000000 0.000000 0.000000 0.000000 0.842187 0.529274 2.000000 0.968750 0.540984 1.000000 0.803125 0.782201 1.000000 0.926562 0.768150 2.000000 0.925000 0.976581 2.000000 0.885938 0.969555 2.000000
0 0.896195 0.216405 0.200141 0.432810 0.000000 0.000000 0.000000 0.000000 0.000000 0.000000 0.000000 0.000000 0.000000 0.859375 0.098361 2.000000 0.915625 0.091335 2.000000 0.820312 0.192037 2.000000 0.953125 0.182670 2.000000 0.814063 0.353630 2.000000 0.981250 0.320843 1.000000 0.000000 0.000000 0.000000 0.000000 0.000000 0.000000 0.000000 0.000000 0.000000 0.000000 0.000000 0.000000 0.000000 0.000000 0.000000 0.000000 0.000000 0.000000 0.000000 0.000000 0.000000 0.000000 0.000000 0.000000
0 0.056063 0.541499 0.112125 0.676581 0.000000 0.000000 0.000000 0.000000 0.000000 0.000000 0.067187 0.252927 2.000000 0.015625 0.257611 2.000000 0.000000 0.000000 0.000000 0.000000 0.000000 0.000000 0.070312 0.341920 2.000000 0.000000 0.000000 0.000000 0.096875 0.405152 2.000000 0.000000 0.000000 0.000000 0.000000 0.000000 0.000000 0.017188 0.524590 2.000000 0.067187 0.524590 1.000000 0.031250 0.681499 2.000000 0.060937 0.679157 2.000000 0.031250 0.833724 2.000000 0.059375 0.836066 2.000000
0 0.394453 0.467342 0.163781 0.761241 0.000000 0.000000 0.000000 0.000000 0.000000 0.000000 0.000000 0.000000 0.000000 0.350000 0.163934 1.000000 0.400000 0.149883 2.000000 0.345313 0.231850 2.000000 0.429688 0.227166 2.000000 0.340625 0.384075 2.000000 0.000000 0.000000 0.000000 0.329688 0.463700 2.000000 0.000000 0.000000 0.000000 0.356250 0.524590 2.000000 0.403125 0.517564 2.000000 0.351562 0.639344 2.000000 0.417187 0.644028 2.000000 0.356250 0.791569 2.000000 0.409375 0.789227 2.000000
0 0.300195 0.276557 0.045359 0.193255 0.289062 0.203747 1.000000 0.292187 0.196721 2.000000 0.000000 0.000000 0.000000 0.301563 0.203747 2.000000 0.000000 0.000000 0.000000 0.304688 0.229508 2.000000 0.295312 0.220141 1.000000 0.303125 0.255269 2.000000 0.293750 0.248244 2.000000 0.285938 0.243560 2.000000 0.000000 0.000000 0.000000 0.300000 0.278689 2.000000 0.289062 0.271663 2.000000 0.304688 0.316159 2.000000 0.287500 0.311475 2.000000 0.314063 0.355972 2.000000 0.281250 0.355972 1.000000
0 0.502273 0.223033 0.072234 0.205222 0.498437 0.168618 2.000000 0.503125 0.161593 2.000000 0.496875 0.161593 2.000000 0.526563 0.166276 2.000000 0.493750 0.152225 2.000000 0.543750 0.217799 1.000000 0.504687 0.213115 2.000000 0.000000 0.000000 0.000000 0.487500 0.281030 2.000000 0.506250 0.330211 1.000000 0.459375 0.323185 1.000000 0.000000 0.000000 0.000000 0.000000 0.000000 0.000000 0.000000 0.000000 0.000000 0.000000 0.000000 0.000000 0.000000 0.000000 0.000000 0.000000 0.000000 0.000000
