0 0.191352 0.867076 0.126234 0.265848 0.000000 0.000000 0.000000 0.000000 0.000000 0.000000 0.000000 0.000000 0.000000 0.170313 0.781676 2.000000 0.209375 0.781676 2.000000 0.145313 0.842105 2.000000 0.235937 0.842105 2.000000 0.150000 0.935673 2.000000 0.246875 0.925926 1.000000 0.000000 0.000000 0.000000 0.000000 0.000000 0.000000 0.173437 0.988304 2.000000 0.226562 0.986355 1.000000 0.000000 0.000000 0.000000 0.000000 0.000000 0.000000 0.000000 0.000000 0.000000 0.000000 0.000000 0.000000
0 0.269039 0.882057 0.111297 0.235887 0.000000 0.000000 0.000000 0.000000 0.000000 0.000000 0.000000 0.000000 0.000000 0.270313 0.810916 2.000000 0.310937 0.814815 2.000000 0.251563 0.875244 2.000000 0.317188 0.871345 2.000000 0.221875 0.974659 2.000000 0.000000 0.000000 0.000000 0.000000 0.000000 0.000000 0.000000 0.000000 0.000000 0.000000 0.000000 0.000000 0.000000 0.000000 0.000000 0.000000 0.000000 0.000000 0.000000 0.000000 0.000000 0.000000 0.000000 0.000000 0.000000 0.000000 0.000000
0 0.392680 0.883148 0.226953 0.211248 0.000000 0.000000 0.000000 0.000000 0.000000 0.000000 0.000000 0.000000 0.000000 0.000000 0.000000 0.000000 0.000000 0.000000 0.000000 0.292187 0.992203 1.000000 0.476562 0.986355 2.000000 0.000000 0.000000 0.000000 0.000000 0.000000 0.000000 0.000000 0.000000 0.000000 0.000000 0.000000 0.000000 0.000000 0.000000 0.000000 0.000000 0.000000 0.000000 0.000000 0.000000 0.000000 0.000000 0.000000 0.000000 0.000000 0.000000 0.000000 0.000000 0.000000 0.000000
0 0.589359 0.903850 0.179125 0.192300 0.000000 0.000000 0.000000 0.000000 0.000000 0.000000 0.000000 0.000000 0.000000 0.535937 0.937622 2.000000 0.654687 0.939571 2.000000 0.000000 0.000000 0.000000 0.000000 0.000000 0.000000 0.000000 0.000000 0.000000 0.000000 0.000000 0.000000 0.000000 0.000000 0.000000 0.000000 0.000000 0.000000 0.000000 0.000000 0.000000 0.000000 0.000000 0.000000 0.000000 0.000000 0.000000 0.000000 0.000000 0.000000 0.000000 0.000000 0.000000 0.000000 0.000000 0.000000
0 0.705578 0.885984 0.105000 0.227797 0.000000 0.000000 0.000000 0.000000 0.000000 0.000000 0.000000 0.000000 0.000000 0.689063 0.807018 2.000000 0.728125 0.816764 2.000000 0.670312 0.863548 2.000000 0.726562 0.871345 2.000000 0.000000 0.000000 0.000000 0.740625 0.927875 2.000000 0.000000 0.000000 0.000000 0.770312 0.888889 1.000000 0.682813 0.992203 2.000000 0.715625 0.996101 2.000000 0.000000 0.000000 0.000000 0.000000 0.000000 0.000000 0.000000 0.000000 0.000000 0.000000 0.000000 0.000000
0 0.832156 0.947183 0.171281 0.105634 0.000000 0.000000 0.000000 0.000000 0.000000 0.000000 0.000000 0.000000 0.000000 0.768750 0.992203 2.000000 0.893750 0.992203 2.000000 0.000000 0.000000 0.000000 0.000000 0.000000 0.000000 0.000000 0.000000 0.000000 0.000000 0.000000 0.000000 0.000000 0.000000 0.000000 0.000000 0.000000 0.000000 0.000000 0.000000 0.000000 0.000000 0.000000 0.000000 0.000000 0.000000 0.000000 0.000000 0.000000 0.000000 0.000000 0.000000 0.000000 0.000000 0.000000 0.000000
0 0.948141 0.885780 0.103719 0.225867 0.000000 0.000000 0.000000 0.000000 0.000000 0.000000 0.000000 0.000000 0.000000 0.948438 0.820663 2.000000 0.984375 0.816764 1.000000 0.923438 0.875244 2.000000 0.000000 0.000000 0.000000 0.906250 0.943470 2.000000 0.000000 0.000000 0.000000 0.000000 0.000000 0.000000 0.000000 0.000000 0.000000 0.939063 0.974659 2.000000 0.000000 0.000000 0.000000 0.000000 0.000000 0.000000 0.000000 0.000000 0.000000 0.000000 0.000000 0.000000 0.000000 0.000000 0.000000
0 0.084906 0.909006 0.057031 0.181988 0.000000 0.000000 0.000000 0.000000 0.000000 0.000000 0.000000 0.000000 0.000000 0.081250 0.847953 2.000000 0.000000 0.000000 0.000000 0.071875 0.892788 2.000000 0.000000 0.000000 0.000000 0.073438 0.945419 2.000000 0.000000 0.000000 0.000000 0.067187 0.990253 2.000000 0.000000 0.000000 0.000000 0.000000 0.000000 0.000000 0.000000 0.000000 0.000000 0.000000 0.000000 0.000000 0.000000 0.000000 0.000000 0.000000 0.000000 0.000000 0.000000 0.000000 0.000000
0 0.832672 0.866101 0.078375 0.076101 0.000000 0.000000 0.000000 0.000000 0.000000 0.000000 0.000000 0.000000 0.000000 0.795312 0.900585 2.000000 0.867188 0.904483 1.000000 0.000000 0.000000 0.000000 0.000000 0.000000 0.000000 0.000000 0.000000 0.000000 0.000000 0.000000 0.000000 0.000000 0.000000 0.000000 0.000000 0.000000 0.000000 0.000000 0.000000 0.000000 0.000000 0.000000 0.000000 0.000000 0.000000 0.000000 0.000000 0.000000 0.000000 0.000000 0.000000 0.000000 0.000000 0.000000 0.000000
0 0.971438 0.947368 0.057125 0.105263 0.989062 0.931774 2.000000 0.995313 0.923977 2.000000 0.979688 0.923977 2.000000 0.000000 0.000000 0.000000 0.968750 0.935673 2.000000 0.000000 0.000000 0.000000 0.946875 0.982456 2.000000 0.000000 0.000000 0.000000 0.000000 0.000000 0.000000 0.000000 0.000000 0.000000 0.000000 0.000000 0.000000 0.000000 0.000000 0.000000 0.000000 0.000000 0.000000 0.000000 0.000000 0.000000 0.000000 0.000000 0.000000 0.000000 0.000000 0.000000 0.000000 0.000000 0.000000
