0 0.516944 0.494367 0.338628 0.790547 0.469854 0.281250 1.000000 0.486486 0.290625 2.000000 0.451143 0.287500 2.000000 0.000000 0.000000 0.000000 0.426195 0.325000 2.000000 0.542620 0.309375 2.000000 0.442827 0.409375 2.000000 0.582121 0.214062 2.000000 0.403326 0.495312 2.000000 0.602911 0.143750 2.000000 0.386694 0.409375 2.000000 0.615385 0.546875 2.000000 0.525988 0.568750 2.000000 0.607069 0.725000 2.000000 0.403326 0.692187 2.000000 0.590437 0.825000 2.000000 0.417879 0.839063 2.000000
0 0.732505 0.167375 0.097235 0.079344 0.746362 0.164062 2.000000 0.752599 0.157812 2.000000 0.738046 0.159375 2.000000 0.000000 0.000000 0.000000 0.717256 0.165625 2.000000 0.773389 0.196875 2.000000 0.696466 0.200000 2.000000 0.000000 0.000000 0.000000 0.000000 0.000000 0.000000 0.000000 0.000000 0.000000 0.000000 0.000000 0.000000 0.000000 0.000000 0.000000 0.000000 0.000000 0.000000 0.000000 0.000000 0.000000 0.000000 0.000000 0.000000 0.000000 0.000000 0.000000 0.000000 0.000000 0.000000
0 0.333919 0.189492 0.128337 0.085016 0.328482 0.178125 2.000000 0.336798 0.171875 2.000000 0.316008 0.173437 2.000000 0.347193 0.173437 1.000000 0.297297 0.181250 2.000000 0.372141 0.207813 2.000000 0.280665 0.214062 2.000000 0.000000 0.000000 0.000000 0.000000 0.000000 0.000000 0.000000 0.000000 0.000000 0.000000 0.000000 0.000000 0.000000 0.000000 0.000000 0.000000 0.000000 0.000000 0.000000 0.000000 0.000000 0.000000 0.000000 0.000000 0.000000 0.000000 0.000000 0.000000 0.000000 0.000000
0 0.246538 0.197766 0.116944 0.078969 0.253638 0.190625 2.000000 0.259875 0.185938 2.000000 0.241164 0.185938 2.000000 0.268191 0.189062 1.000000 0.224532 0.192188 2.000000 0.286902 0.229687 2.000000 0.201663 0.232813 2.000000 0.286902 0.264062 1.000000 0.197505 0.262500 1.000000 0.000000 0.000000 0.000000 0.000000 0.000000 0.000000 0.000000 0.000000 0.000000 0.000000 0.000000 0.000000 0.000000 0.000000 0.000000 0.000000 0.000000 0.000000 0.000000 0.000000 0.000000 0.000000 0.000000 0.000000
0 0.314449 0.089180 0.136133 0.162828 0.311850 0.032813 2.000000 0.318087 0.028125 2.000000 0.301455 0.029687 2.000000 0.000000 0.000000 0.000000 0.286902 0.039062 2.000000 0.347193 0.064062 2.000000 0.261954 0.067187 2.000000 0.000000 0.000000 0.000000 0.259875 0.120313 2.000000 0.000000 0.000000 0.000000 0.291060 0.131250 2.000000 0.361746 0.128125 1.000000 0.305613 0.132812 2.000000 0.000000 0.000000 0.000000 0.000000 0.000000 0.000000 0.000000 0.000000 0.000000 0.000000 0.000000 0.000000
0 0.081102 0.129070 0.138503 0.150234 0.093555 0.084375 2.000000 0.097713 0.078125 2.000000 0.083160 0.079687 2.000000 0.110187 0.081250 1.000000 0.066528 0.084375 2.000000 0.126819 0.118750 2.000000 0.039501 0.120313 2.000000 0.135135 0.167187 1.000000 0.049896 0.176563 2.000000 0.133056 0.210938 1.000000 0.101871 0.210938 1.000000 0.116424 0.209375 1.000000 0.051975 0.212500 1.000000 0.000000 0.000000 0.000000 0.000000 0.000000 0.000000 0.000000 0.000000 0.000000 0.000000 0.000000 0.000000
0 0.854200 0.084609 0.066861 0.094781 0.864865 0.065625 2.000000 0.869023 0.062500 2.000000 0.854470 0.064062 2.000000 0.000000 0.000000 0.000000 0.831601 0.065625 2.000000 0.862786 0.093750 2.000000 0.823285 0.098437 1.000000 0.000000 0.000000 0.000000 0.835759 0.135937 1.000000 0.000000 0.000000 0.000000 0.862786 0.101562 2.000000 0.898129 0.145313 1.000000 0.850312 0.151562 1.000000 0.000000 0.000000 0.000000 0.000000 0.000000 0.000000 0.000000 0.000000 0.000000 0.000000 0.000000 0.000000
0 0.870447 0.161320 0.135114 0.077609 0.912682 0.160938 2.000000 0.914761 0.154688 2.000000 0.904366 0.154688 2.000000 0.000000 0.000000 0.000000 0.875260 0.151562 2.000000 0.908524 0.179688 2.000000 0.835759 0.184375 2.000000 0.000000 0.000000 0.000000 0.000000 0.000000 0.000000 0.000000 0.000000 0.000000 0.000000 0.000000 0.000000 0.000000 0.000000 0.000000 0.000000 0.000000 0.000000 0.000000 0.000000 0.000000 0.000000 0.000000 0.000000 0.000000 0.000000 0.000000 0.000000 0.000000 0.000000
0 0.104532 0.206328 0.121372 0.084719 0.112266 0.196875 2.000000 0.120582 0.192188 2.000000 0.103950 0.190625 2.000000 0.000000 0.000000 0.000000 0.083160 0.193750 2.000000 0.143451 0.225000 2.000000 0.054054 0.239063 1.000000 0.000000 0.000000 0.000000 0.000000 0.000000 0.000000 0.000000 0.000000 0.000000 0.000000 0.000000 0.000000 0.000000 0.000000 0.000000 0.000000 0.000000 0.000000 0.000000 0.000000 0.000000 0.000000 0.000000 0.000000 0.000000 0.000000 0.000000 0.000000 0.000000 0.000000
0 0.800852 0.102937 0.131476 0.127812 0.790021 0.067187 2.000000 0.796258 0.062500 2.000000 0.781705 0.062500 2.000000 0.808732 0.062500 2.000000 0.769231 0.064062 2.000000 0.829522 0.089063 2.000000 0.752599 0.089063 2.000000 0.850312 0.135937 2.000000 0.746362 0.139063 1.000000 0.839917 0.151562 2.000000 0.773389 0.093750 2.000000 0.000000 0.000000 0.000000 0.000000 0.000000 0.000000 0.000000 0.000000 0.000000 0.000000 0.000000 0.000000 0.000000 0.000000 0.000000 0.000000 0.000000 0.000000
0 0.450676 0.136586 0.146881 0.166953 0.434511 0.081250 2.000000 0.438669 0.073438 2.000000 0.424116 0.075000 2.000000 0.000000 0.000000 0.000000 0.405405 0.082812 2.000000 0.461538 0.107813 1.000000 0.392931 0.114062 2.000000 0.467775 0.121875 2.000000 0.401247 0.165625 2.000000 0.480249 0.128125 2.000000 0.449064 0.170313 2.000000 0.465696 0.179688 2.000000 0.432432 0.189062 2.000000 0.000000 0.000000 0.000000 0.503119 0.192188 1.000000 0.000000 0.000000 0.000000 0.000000 0.000000 0.000000
0 0.949137 0.308953 0.101726 0.250469 0.000000 0.000000 0.000000 0.000000 0.000000 0.000000 0.000000 0.000000 0.000000 0.000000 0.000000 0.000000 0.000000 0.000000 0.000000 0.000000 0.000000 0.000000 0.933472 0.250000 2.000000 0.000000 0.000000 0.000000 0.910603 0.307812 2.000000 0.000000 0.000000 0.000000 0.912682 0.328125 2.000000 0.000000 0.000000 0.000000 0.958420 0.362500 1.000000 0.000000 0.000000 0.000000 0.914761 0.387500 2.000000 0.000000 0.000000 0.000000 0.975052 0.443750 1.000000
0 0.846216 0.232242 0.127568 0.081547 0.879418 0.240625 2.000000 0.000000 0.000000 0.000000 0.000000 0.000000 0.000000 0.000000 0.000000 0.000000 0.846154 0.217188 2.000000 0.893971 0.242188 2.000000 0.810811 0.243750 2.000000 0.000000 0.000000 0.000000 0.000000 0.000000 0.000000 0.000000 0.000000 0.000000 0.000000 0.000000 0.000000 0.000000 0.000000 0.000000 0.000000 0.000000 0.000000 0.000000 0.000000 0.000000 0.000000 0.000000 0.000000 0.000000 0.000000 0.000000 0.000000 0.000000 0.000000
