0 0.198594 0.423094 0.149531 0.280812 0.126562 0.366667 1.000000 0.142187 0.347917 2.000000 0.000000 0.000000 0.000000 0.193750 0.352083 2.000000 0.000000 0.000000 0.000000 0.000000 0.000000 0.000000 0.167187 0.427083 2.000000 0.000000 0.000000 0.000000 0.000000 0.000000 0.000000 0.000000 0.000000 0.000000 0.000000 0.000000 0.000000 0.000000 0.000000 0.000000 0.273438 0.450000 1.000000 0.000000 0.000000 0.000000 0.000000 0.000000 0.000000 0.000000 0.000000 0.000000 0.000000 0.000000 0.000000
0 0.273266 0.530490 0.233750 0.313896 0.285938 0.452083 2.000000 0.301563 0.439583 2.000000 0.270313 0.435417 2.000000 0.331250 0.450000 2.000000 0.254688 0.447917 2.000000 0.365625 0.545833 2.000000 0.204687 0.543750 2.000000 0.000000 0.000000 0.000000 0.196875 0.683333 2.000000 0.000000 0.000000 0.000000 0.000000 0.000000 0.000000 0.000000 0.000000 0.000000 0.000000 0.000000 0.000000 0.000000 0.000000 0.000000 0.000000 0.000000 0.000000 0.000000 0.000000 0.000000 0.000000 0.000000 0.000000
0 0.676688 0.553937 0.379219 0.604500 0.000000 0.000000 0.000000 0.640625 0.345833 1.000000 0.000000 0.000000 0.000000 0.714063 0.389583 2.000000 0.000000 0.000000 0.000000 0.828125 0.633333 2.000000 0.573438 0.539583 2.000000 0.756250 0.864583 1.000000 0.000000 0.000000 0.000000 0.578125 0.683333 2.000000 0.492188 0.672917 1.000000 0.000000 0.000000 0.000000 0.000000 0.000000 0.000000 0.000000 0.000000 0.000000 0.000000 0.000000 0.000000 0.000000 0.000000 0.000000 0.000000 0.000000 0.000000
0 0.362383 0.382573 0.176797 0.212271 0.346875 0.270833 1.000000 0.364063 0.252083 1.000000 0.334375 0.252083 1.000000 0.396875 0.270833 1.000000 0.317188 0.264583 1.000000 0.437500 0.360417 2.000000 0.293750 0.368750 2.000000 0.000000 0.000000 0.000000 0.000000 0.000000 0.000000 0.000000 0.000000 0.000000 0.000000 0.000000 0.000000 0.000000 0.000000 0.000000 0.000000 0.000000 0.000000 0.000000 0.000000 0.000000 0.000000 0.000000 0.000000 0.000000 0.000000 0.000000 0.000000 0.000000 0.000000
0 0.570711 0.318427 0.117859 0.235729 0.615625 0.272917 2.000000 0.617188 0.260417 2.000000 0.596875 0.262500 2.000000 0.000000 0.000000 0.000000 0.562500 0.283333 2.000000 0.637500 0.339583 1.000000 0.545312 0.350000 2.000000 0.000000 0.000000 0.000000 0.520312 0.447917 1.000000 0.000000 0.000000 0.000000 0.593750 0.479167 1.000000 0.632812 0.525000 1.000000 0.565625 0.531250 1.000000 0.000000 0.000000 0.000000 0.000000 0.000000 0.000000 0.000000 0.000000 0.000000 0.000000 0.000000 0.000000
0 0.858703 0.519094 0.126406 0.112354 0.834375 0.535417 2.000000 0.851562 0.518750 2.000000 0.820312 0.529167 2.000000 0.889062 0.529167 2.000000 0.000000 0.000000 0.000000 0.000000 0.000000 0.000000 0.000000 0.000000 0.000000 0.000000 0.000000 0.000000 0.000000 0.000000 0.000000 0.000000 0.000000 0.000000 0.000000 0.000000 0.000000 0.000000 0.000000 0.000000 0.000000 0.000000 0.000000 0.000000 0.000000 0.000000 0.000000 0.000000 0.000000 0.000000 0.000000 0.000000 0.000000 0.000000 0.000000
0 0.832570 0.316302 0.157984 0.142313 0.807813 0.329167 1.000000 0.818750 0.306250 2.000000 0.793750 0.310417 1.000000 0.832812 0.308333 2.000000 0.000000 0.000000 0.000000 0.865625 0.381250 1.000000 0.000000 0.000000 0.000000 0.000000 0.000000 0.000000 0.000000 0.000000 0.000000 0.000000 0.000000 0.000000 0.000000 0.000000 0.000000 0.000000 0.000000 0.000000 0.000000 0.000000 0.000000 0.000000 0.000000 0.000000 0.000000 0.000000 0.000000 0.000000 0.000000 0.000000 0.000000 0.000000 0.000000
0 0.099555 0.572917 0.089297 0.261458 0.000000 0.000000 0.000000 0.000000 0.000000 0.000000 0.000000 0.000000 0.000000 0.000000 0.000000 0.000000 0.000000 0.000000 0.000000 0.121875 0.554167 1.000000 0.000000 0.000000 0.000000 0.000000 0.000000 0.000000 0.000000 0.000000 0.000000 0.000000 0.000000 0.000000 0.000000 0.000000 0.000000 0.000000 0.000000 0.000000 0.000000 0.000000 0.000000 0.000000 0.000000 0.000000 0.000000 0.000000 0.000000 0.000000 0.000000 0.000000 0.000000 0.000000 0.000000
0 0.863133 0.432688 0.126578 0.130042 0.809375 0.437500 2.000000 0.828125 0.425000 2.000000 0.000000 0.000000 0.000000 0.890625 0.443750 2.000000 0.000000 0.000000 0.000000 0.000000 0.000000 0.000000 0.000000 0.000000 0.000000 0.000000 0.000000 0.000000 0.000000 0.000000 0.000000 0.000000 0.000000 0.000000 0.000000 0.000000 0.000000 0.000000 0.000000 0.000000 0.000000 0.000000 0.000000 0.000000 0.000000 0.000000 0.000000 0.000000 0.000000 0.000000 0.000000 0.000000 0.000000 0.000000 0.000000
0 0.464281 0.398823 0.196469 0.232188 0.489063 0.356250 2.000000 0.501563 0.341667 2.000000 0.476562 0.341667 2.000000 0.520312 0.345833 2.000000 0.451562 0.347917 2.000000 0.537500 0.441667 2.000000 0.403125 0.427083 1.000000 0.515625 0.558333 1.000000 0.378125 0.481250 2.000000 0.000000 0.000000 0.000000 0.000000 0.000000 0.000000 0.000000 0.000000 0.000000 0.000000 0.000000 0.000000 0.000000 0.000000 0.000000 0.000000 0.000000 0.000000 0.000000 0.000000 0.000000 0.000000 0.000000 0.000000
0 0.420883 0.522677 0.118109 0.298271 0.425000 0.435417 2.000000 0.440625 0.425000 2.000000 0.414062 0.422917 2.000000 0.456250 0.443750 2.000000 0.398438 0.443750 2.000000 0.492188 0.525000 1.000000 0.381250 0.541667 2.000000 0.490625 0.625000 1.000000 0.385937 0.645833 2.000000 0.409375 0.656250 2.000000 0.364063 0.727083 1.000000 0.473438 0.712500 1.000000 0.417187 0.725000 1.000000 0.000000 0.000000 0.000000 0.000000 0.000000 0.000000 0.000000 0.000000 0.000000 0.000000 0.000000 0.000000
