0 0.386106 0.399727 0.563365 0.361047 0.000000 0.000000 0.000000 0.000000 0.000000 0.000000 0.000000 0.000000 0.000000 0.378824 0.248438 2.000000 0.000000 0.000000 0.000000 0.416471 0.270313 2.000000 0.538824 0.282813 2.000000 0.320000 0.281250 2.000000 0.000000 0.000000 0.000000 0.202353 0.300000 2.000000 0.000000 0.000000 0.000000 0.496471 0.448437 2.000000 0.611765 0.450000 2.000000 0.322353 0.448437 2.000000 0.564706 0.407813 2.000000 0.447059 0.542188 2.000000 0.604706 0.498437 2.000000
0 0.311506 0.674352 0.196424 0.260828 0.282353 0.565625 2.000000 0.284706 0.562500 2.000000 0.270588 0.562500 2.000000 0.000000 0.000000 0.000000 0.254118 0.567187 2.000000 0.317647 0.596875 2.000000 0.232941 0.601562 2.000000 0.343529 0.614062 2.000000 0.218824 0.646875 2.000000 0.383529 0.640625 2.000000 0.254118 0.667188 2.000000 0.310588 0.681250 1.000000 0.244706 0.681250 2.000000 0.301176 0.734375 1.000000 0.247059 0.737500 1.000000 0.296471 0.793750 2.000000 0.249412 0.795312 1.000000
0 0.573329 0.711180 0.091694 0.217984 0.578824 0.618750 2.000000 0.585882 0.614062 2.000000 0.574118 0.612500 2.000000 0.000000 0.000000 0.000000 0.557647 0.610938 2.000000 0.583529 0.639062 2.000000 0.543529 0.637500 2.000000 0.611765 0.667188 1.000000 0.543529 0.660937 2.000000 0.607059 0.654687 2.000000 0.581176 0.653125 2.000000 0.595294 0.704688 2.000000 0.560000 0.706250 2.000000 0.578824 0.760938 2.000000 0.555294 0.754687 2.000000 0.571765 0.800000 2.000000 0.552941 0.804688 2.000000
0 0.459753 0.695250 0.087506 0.235781 0.000000 0.000000 0.000000 0.000000 0.000000 0.000000 0.000000 0.000000 0.000000 0.000000 0.000000 0.000000 0.000000 0.000000 0.000000 0.503529 0.614062 1.000000 0.435294 0.615625 2.000000 0.000000 0.000000 0.000000 0.425882 0.653125 2.000000 0.000000 0.000000 0.000000 0.442353 0.685937 2.000000 0.491765 0.689063 1.000000 0.454118 0.685937 2.000000 0.494118 0.737500 1.000000 0.447059 0.735938 2.000000 0.489412 0.790625 1.000000 0.437647 0.790625 2.000000
0 0.516706 0.684820 0.092800 0.267047 0.531765 0.573438 2.000000 0.538824 0.570312 2.000000 0.524706 0.568750 2.000000 0.550588 0.573438 2.000000 0.508235 0.575000 1.000000 0.550588 0.606250 2.000000 0.498824 0.609375 2.000000 0.000000 0.000000 0.000000 0.512941 0.659375 2.000000 0.000000 0.000000 0.000000 0.545882 0.689063 1.000000 0.545882 0.671875 1.000000 0.508235 0.676562 2.000000 0.515294 0.740625 2.000000 0.505882 0.740625 2.000000 0.489412 0.798438 2.000000 0.487059 0.798438 2.000000
0 0.630235 0.697758 0.064753 0.233984 0.642353 0.601562 2.000000 0.647059 0.596875 2.000000 0.632941 0.596875 2.000000 0.000000 0.000000 0.000000 0.000000 0.000000 0.000000 0.637647 0.620313 2.000000 0.616471 0.617188 2.000000 0.000000 0.000000 0.000000 0.625882 0.645312 2.000000 0.000000 0.000000 0.000000 0.000000 0.000000 0.000000 0.637647 0.682813 2.000000 0.621176 0.682813 2.000000 0.000000 0.000000 0.000000 0.623529 0.735938 2.000000 0.000000 0.000000 0.000000 0.611765 0.796875 2.000000
0 0.681129 0.691336 0.096235 0.256547 0.694118 0.592187 2.000000 0.701176 0.585938 2.000000 0.689412 0.585938 2.000000 0.000000 0.000000 0.000000 0.675294 0.585938 2.000000 0.708235 0.623437 2.000000 0.649412 0.617188 2.000000 0.720000 0.654687 2.000000 0.647059 0.651563 2.000000 0.663529 0.646875 2.000000 0.694118 0.651563 2.000000 0.694118 0.681250 2.000000 0.663529 0.681250 2.000000 0.696471 0.735938 2.000000 0.661176 0.734375 2.000000 0.691765 0.795312 2.000000 0.656471 0.792188 2.000000
0 0.045612 0.661922 0.091224 0.262344 0.063529 0.579688 1.000000 0.070588 0.573438 1.000000 0.054118 0.573438 1.000000 0.077647 0.573438 1.000000 0.042353 0.573438 2.000000 0.084706 0.600000 1.000000 0.037647 0.601562 2.000000 0.000000 0.000000 0.000000 0.000000 0.000000 0.000000 0.000000 0.000000 0.000000 0.000000 0.000000 0.000000 0.087059 0.653125 2.000000 0.047059 0.653125 2.000000 0.056471 0.687500 2.000000 0.016471 0.682813 2.000000 0.068235 0.742188 1.000000 0.035294 0.729688 2.000000
0 0.865400 0.696117 0.131365 0.254109 0.861176 0.590625 2.000000 0.868235 0.585938 2.000000 0.856471 0.587500 2.000000 0.894118 0.587500 2.000000 0.000000 0.000000 0.000000 0.912941 0.609375 2.000000 0.844706 0.610938 2.000000 0.891765 0.637500 2.000000 0.816471 0.637500 2.000000 0.863529 0.615625 2.000000 0.849412 0.639062 2.000000 0.887059 0.698438 2.000000 0.840000 0.698438 2.000000 0.889412 0.753125 2.000000 0.844706 0.751563 2.000000 0.901176 0.804688 2.000000 0.856471 0.803125 2.000000
0 0.759071 0.702266 0.100353 0.242094 0.774118 0.610938 2.000000 0.000000 0.000000 0.000000 0.769412 0.606250 2.000000 0.000000 0.000000 0.000000 0.745882 0.604688 2.000000 0.771765 0.628125 2.000000 0.712941 0.628125 1.000000 0.785882 0.671875 2.000000 0.000000 0.000000 0.000000 0.783529 0.704688 2.000000 0.000000 0.000000 0.000000 0.776471 0.706250 2.000000 0.729412 0.706250 2.000000 0.783529 0.756250 2.000000 0.727059 0.756250 2.000000 0.767059 0.804688 1.000000 0.734118 0.807813 2.000000
