0 0.238367 0.494403 0.227891 0.578273 0.000000 0.000000 0.000000 0.000000 0.000000 0.000000 0.000000 0.000000 0.000000 0.000000 0.000000 0.000000 0.278125 0.275053 2.000000 0.167187 0.360341 2.000000 0.265625 0.358209 2.000000 0.000000 0.000000 0.000000 0.303125 0.522388 1.000000 0.000000 0.000000 0.000000 0.000000 0.000000 0.000000 0.167187 0.635394 2.000000 0.265625 0.648188 1.000000 0.000000 0.000000 0.000000 0.000000 0.000000 0.000000 0.000000 0.000000 0.000000 0.000000 0.000000 0.000000
0 0.341234 0.311738 0.071625 0.330512 0.325000 0.206823 2.000000 0.331250 0.196162 2.000000 0.000000 0.000000 0.000000 0.000000 0.000000 0.000000 0.000000 0.000000 0.000000 0.348438 0.249467 2.000000 0.000000 0.000000 0.000000 0.339062 0.300640 2.000000 0.000000 0.000000 0.000000 0.321875 0.381663 2.000000 0.000000 0.000000 0.000000 0.000000 0.000000 0.000000 0.000000 0.000000 0.000000 0.000000 0.000000 0.000000 0.000000 0.000000 0.000000 0.000000 0.000000 0.000000 0.000000 0.000000 0.000000
0 0.409766 0.215768 0.065938 0.096823 0.406250 0.251599 2.000000 0.417187 0.243070 2.000000 0.395313 0.240938 2.000000 0.431250 0.247335 2.000000 0.376563 0.238806 1.000000 0.000000 0.000000 0.000000 0.000000 0.000000 0.000000 0.000000 0.000000 0.000000 0.000000 0.000000 0.000000 0.000000 0.000000 0.000000 0.000000 0.000000 0.000000 0.000000 0.000000 0.000000 0.000000 0.000000 0.000000 0.000000 0.000000 0.000000 0.000000 0.000000 0.000000 0.000000 0.000000 0.000000 0.000000 0.000000 0.000000
0 0.835734 0.325842 0.074094 0.269680 0.796875 0.270789 1.000000 0.809375 0.251599 2.000000 0.000000 0.000000 0.000000 0.845313 0.249467 2.000000 0.000000 0.000000 0.000000 0.882812 0.339019 1.000000 0.828125 0.339019 1.000000 0.000000 0.000000 0.000000 0.000000 0.000000 0.000000 0.000000 0.000000 0.000000 0.000000 0.000000 0.000000 0.000000 0.000000 0.000000 0.000000 0.000000 0.000000 0.000000 0.000000 0.000000 0.000000 0.000000 0.000000 0.000000 0.000000 0.000000 0.000000 0.000000 0.000000
0 0.115273 0.382015 0.151516 0.314606 0.179688 0.311301 2.000000 0.182812 0.296375 2.000000 0.165625 0.289979 2.000000 0.000000 0.000000 0.000000 0.123438 0.302772 2.000000 0.000000 0.000000 0.000000 0.090625 0.388060 2.000000 0.000000 0.000000 0.000000 0.112500 0.530917 2.000000 0.000000 0.000000 0.000000 0.000000 0.000000 0.000000 0.000000 0.000000 0.000000 0.000000 0.000000 0.000000 0.000000 0.000000 0.000000 0.000000 0.000000 0.000000 0.000000 0.000000 0.000000 0.000000 0.000000 0.000000
0 0.678469 0.495512 0.217375 0.478657 0.000000 0.000000 0.000000 0.000000 0.000000 0.000000 0.000000 0.000000 0.000000 0.643750 0.358209 2.000000 0.000000 0.000000 0.000000 0.618750 0.432836 2.000000 0.759375 0.409382 2.000000 0.587500 0.601279 2.000000 0.767188 0.562900 2.000000 0.000000 0.000000 0.000000 0.000000 0.000000 0.000000 0.000000 0.000000 0.000000 0.000000 0.000000 0.000000 0.000000 0.000000 0.000000 0.000000 0.000000 0.000000 0.000000 0.000000 0.000000 0.000000 0.000000 0.000000
0 0.290969 0.194563 0.070500 0.150235 0.265625 0.176972 2.000000 0.273438 0.166311 2.000000 0.264062 0.166311 2.000000 0.296875 0.170576 2.000000 0.000000 0.000000 0.000000 0.312500 0.226013 2.000000 0.264062 0.213220 1.000000 0.000000 0.000000 0.000000 0.000000 0.000000 0.000000 0.000000 0.000000 0.000000 0.000000 0.000000 0.000000 0.000000 0.000000 0.000000 0.000000 0.000000 0.000000 0.000000 0.000000 0.000000 0.000000 0.000000 0.000000 0.000000 0.000000 0.000000 0.000000 0.000000 0.000000
0 0.177703 0.596855 0.355406 0.685864 0.000000 0.000000 0.000000 0.000000 0.000000 0.000000 0.000000 0.000000 0.000000 0.000000 0.000000 0.000000 0.000000 0.000000 0.000000 0.085938 0.560768 2.000000 0.000000 0.000000 0.000000 0.131250 0.793177 2.000000 0.000000 0.000000 0.000000 0.220312 0.863539 2.000000 0.000000 0.000000 0.000000 0.000000 0.000000 0.000000 0.000000 0.000000 0.000000 0.000000 0.000000 0.000000 0.000000 0.000000 0.000000 0.000000 0.000000 0.000000 0.000000 0.000000 0.000000
0 0.890898 0.452804 0.214078 0.478657 0.000000 0.000000 0.000000 0.851562 0.319829 1.000000 0.000000 0.000000 0.000000 0.873437 0.294243 2.000000 0.000000 0.000000 0.000000 0.889062 0.394456 2.000000 0.987500 0.360341 2.000000 0.837500 0.571429 2.000000 0.000000 0.000000 0.000000 0.800000 0.494670 2.000000 0.000000 0.000000 0.000000 0.895312 0.675906 2.000000 0.971875 0.656716 1.000000 0.000000 0.000000 0.000000 0.000000 0.000000 0.000000 0.000000 0.000000 0.000000 0.000000 0.000000 0.000000
0 0.213000 0.240650 0.088344 0.137164 0.253125 0.257996 1.000000 0.000000 0.000000 0.000000 0.248438 0.245203 1.000000 0.000000 0.000000 0.000000 0.221875 0.260128 2.000000 0.000000 0.000000 0.000000 0.000000 0.000000 0.000000 0.000000 0.000000 0.000000 0.000000 0.000000 0.000000 0.000000 0.000000 0.000000 0.000000 0.000000 0.000000 0.000000 0.000000 0.000000 0.000000 0.000000 0.000000 0.000000 0.000000 0.000000 0.000000 0.000000 0.000000 0.000000 0.000000 0.000000 0.000000 0.000000 0.000000
0 0.400367 0.545426 0.378172 0.592985 0.423438 0.428571 2.000000 0.442188 0.396588 2.000000 0.392188 0.398721 2.000000 0.476562 0.388060 2.000000 0.343750 0.407249 2.000000 0.515625 0.537313 2.000000 0.264062 0.575693 2.000000 0.560937 0.767591 1.000000 0.248438 0.829424 2.000000 0.000000 0.000000 0.000000 0.000000 0.000000 0.000000 0.000000 0.000000 0.000000 0.000000 0.000000 0.000000 0.000000 0.000000 0.000000 0.000000 0.000000 0.000000 0.000000 0.000000 0.000000 0.000000 0.000000 0.000000
0 0.962930 0.257569 0.073484 0.187719 0.000000 0.000000 0.000000 0.000000 0.000000 0.000000 0.000000 0.000000 0.000000 0.000000 0.000000 0.000000 0.987500 0.238806 2.000000 0.000000 0.000000 0.000000 0.000000 0.000000 0.000000 0.000000 0.000000 0.000000 0.000000 0.000000 0.000000 0.000000 0.000000 0.000000 0.000000 0.000000 0.000000 0.000000 0.000000 0.000000 0.000000 0.000000 0.000000 0.000000 0.000000 0.000000 0.000000 0.000000 0.000000 0.000000 0.000000 0.000000 0.000000 0.000000 0.000000
