0 0.560281 0.361711 0.279625 0.284030 0.568750 0.304183 2.000000 0.000000 0.000000 0.000000 0.564063 0.294677 2.000000 0.000000 0.000000 0.000000 0.539062 0.294677 2.000000 0.537500 0.328897 2.000000 0.476562 0.328897 2.000000 0.603125 0.378327 2.000000 0.556250 0.382129 2.000000 0.659375 0.328897 2.000000 0.568750 0.332700 2.000000 0.514062 0.503802 1.000000 0.470313 0.507605 1.000000 0.000000 0.000000 0.000000 0.000000 0.000000 0.000000 0.000000 0.000000 0.000000 0.000000 0.000000 0.000000
0 0.207258 0.223945 0.068359 0.273783 0.210938 0.112167 2.000000 0.210938 0.108365 2.000000 0.204687 0.112167 2.000000 0.000000 0.000000 0.000000 0.192188 0.112167 2.000000 0.220312 0.138783 2.000000 0.179688 0.142586 2.000000 0.225000 0.178707 2.000000 0.179688 0.184411 2.000000 0.214062 0.212928 2.000000 0.196875 0.212928 2.000000 0.215625 0.224335 2.000000 0.192188 0.226236 2.000000 0.218750 0.283270 2.000000 0.190625 0.279468 2.000000 0.221875 0.340304 2.000000 0.192188 0.340304 2.000000
0 0.337500 0.142956 0.065250 0.183935 0.343750 0.076046 2.000000 0.345313 0.072243 2.000000 0.339062 0.072243 2.000000 0.000000 0.000000 0.000000 0.328125 0.072243 2.000000 0.350000 0.104563 2.000000 0.317188 0.104563 2.000000 0.367188 0.140684 2.000000 0.326562 0.138783 1.000000 0.340625 0.142586 2.000000 0.351562 0.133080 2.000000 0.348438 0.188213 2.000000 0.325000 0.188213 1.000000 0.345313 0.269962 1.000000 0.325000 0.268061 1.000000 0.000000 0.000000 0.000000 0.000000 0.000000 0.000000
0 0.457781 0.187757 0.058313 0.221027 0.462500 0.096958 2.000000 0.465625 0.091255 2.000000 0.459375 0.093156 2.000000 0.000000 0.000000 0.000000 0.446875 0.096958 2.000000 0.471875 0.119772 2.000000 0.434375 0.123574 2.000000 0.479687 0.146388 2.000000 0.429688 0.157795 2.000000 0.000000 0.000000 0.000000 0.000000 0.000000 0.000000 0.467187 0.195817 2.000000 0.450000 0.195817 2.000000 0.468750 0.260456 2.000000 0.450000 0.258555 2.000000 0.000000 0.000000 0.000000 0.000000 0.000000 0.000000
0 0.708477 0.095323 0.073266 0.072814 0.000000 0.000000 0.000000 0.700000 0.077947 2.000000 0.693750 0.077947 2.000000 0.709375 0.076046 2.000000 0.000000 0.000000 0.000000 0.721875 0.100760 2.000000 0.684375 0.104563 2.000000 0.737500 0.125475 2.000000 0.675000 0.134981 1.000000 0.715625 0.096958 2.000000 0.687500 0.098859 2.000000 0.720313 0.150190 1.000000 0.690625 0.152091 1.000000 0.000000 0.000000 0.000000 0.000000 0.000000 0.000000 0.000000 0.000000 0.000000 0.000000 0.000000 0.000000
0 0.772453 0.195627 0.146437 0.209354 0.801562 0.133080 2.000000 0.000000 0.000000 0.000000 0.803125 0.131179 2.000000 0.000000 0.000000 0.000000 0.793750 0.129278 2.000000 0.751563 0.144487 2.000000 0.790625 0.155894 2.000000 0.000000 0.000000 0.000000 0.826562 0.180608 2.000000 0.000000 0.000000 0.000000 0.829688 0.146388 2.000000 0.709375 0.237643 2.000000 0.737500 0.243346 2.000000 0.754687 0.269962 1.000000 0.800000 0.277567 2.000000 0.704688 0.275665 1.000000 0.771875 0.288973 2.000000
0 0.277039 0.170789 0.066484 0.170779 0.271875 0.117871 2.000000 0.275000 0.112167 2.000000 0.268750 0.112167 2.000000 0.281250 0.114068 2.000000 0.260937 0.114068 2.000000 0.293750 0.142586 2.000000 0.250000 0.146388 2.000000 0.300000 0.186312 2.000000 0.248438 0.178707 2.000000 0.278125 0.199620 2.000000 0.273438 0.203422 2.000000 0.000000 0.000000 0.000000 0.000000 0.000000 0.000000 0.000000 0.000000 0.000000 0.000000 0.000000 0.000000 0.000000 0.000000 0.000000 0.000000 0.000000 0.000000
0 0.065664 0.241521 0.075141 0.242319 0.068750 0.142586 2.000000 0.071875 0.138783 2.000000 0.062500 0.138783 2.000000 0.000000 0.000000 0.000000 0.000000 0.000000 0.000000 0.076563 0.163498 2.000000 0.045312 0.163498 2.000000 0.096875 0.186312 2.000000 0.026562 0.188213 1.000000 0.076563 0.163498 2.000000 0.039062 0.190114 2.000000 0.081250 0.247148 2.000000 0.057813 0.247148 2.000000 0.076563 0.298479 2.000000 0.056250 0.296578 1.000000 0.078125 0.347909 2.000000 0.056250 0.346008 1.000000
0 0.615352 0.132120 0.168672 0.231996 0.000000 0.000000 0.000000 0.000000 0.000000 0.000000 0.000000 0.000000 0.000000 0.000000 0.000000 0.000000 0.585938 0.060837 2.000000 0.548438 0.100760 2.000000 0.587500 0.087452 2.000000 0.537500 0.167300 2.000000 0.634375 0.131179 2.000000 0.000000 0.000000 0.000000 0.000000 0.000000 0.000000 0.564063 0.180608 1.000000 0.600000 0.180608 1.000000 0.000000 0.000000 0.000000 0.671875 0.193916 2.000000 0.000000 0.000000 0.000000 0.690625 0.254753 1.000000
0 0.388070 0.205124 0.069016 0.279335 0.384375 0.093156 2.000000 0.389062 0.087452 2.000000 0.379688 0.087452 2.000000 0.000000 0.000000 0.000000 0.370312 0.087452 1.000000 0.404687 0.119772 1.000000 0.365625 0.117871 2.000000 0.412500 0.152091 2.000000 0.375000 0.148289 2.000000 0.379688 0.142586 2.000000 0.400000 0.144487 2.000000 0.400000 0.195817 2.000000 0.378125 0.195817 2.000000 0.398438 0.260456 2.000000 0.373437 0.260456 2.000000 0.400000 0.311787 2.000000 0.371875 0.313688 1.000000
