0 0.418977 0.141104 0.116641 0.173125 0.412500 0.108333 2.000000 0.417187 0.097917 2.000000 0.404687 0.100000 2.000000 0.425000 0.108333 2.000000 0.389062 0.112500 2.000000 0.456250 0.181250 2.000000 0.370312 0.185417 2.000000 0.468750 0.237500 1.000000 0.353125 0.252083 1.000000 0.000000 0.000000 0.000000 0.000000 0.000000 0.000000 0.000000 0.000000 0.000000 0.000000 0.000000 0.000000 0.000000 0.000000 0.000000 0.000000 0.000000 0.000000 0.000000 0.000000 0.000000 0.000000 0.000000 0.000000
0 0.913453 0.131771 0.137187 0.263542 0.953125 0.029167 2.000000 0.960938 0.025000 2.000000 0.946875 0.022917 2.000000 0.968750 0.037500 2.000000 0.921875 0.035417 2.000000 0.981250 0.097917 1.000000 0.892188 0.104167 2.000000 0.000000 0.000000 0.000000 0.871875 0.185417 1.000000 0.000000 0.000000 0.000000 0.853125 0.256250 2.000000 0.968750 0.252083 1.000000 0.892188 0.252083 1.000000 0.000000 0.000000 0.000000 0.881250 0.279167 1.000000 0.000000 0.000000 0.000000 0.000000 0.000000 0.000000
0 0.960016 0.162469 0.078969 0.215854 0.992188 0.114583 2.000000 0.993750 0.095833 2.000000 0.984375 0.100000 2.000000 0.000000 0.000000 0.000000 0.965625 0.097917 2.000000 0.992188 0.172917 2.000000 0.943750 0.166667 2.000000 0.000000 0.000000 0.000000 0.937500 0.239583 2.000000 0.000000 0.000000 0.000000 0.985938 0.252083 2.000000 0.000000 0.000000 0.000000 0.000000 0.000000 0.000000 0.000000 0.000000 0.000000 0.000000 0.000000 0.000000 0.000000 0.000000 0.000000 0.000000 0.000000 0.000000
0 0.384273 0.582021 0.768547 0.835958 0.673438 0.262500 2.000000 0.000000 0.000000 0.000000 0.665625 0.241667 2.000000 0.000000 0.000000 0.000000 0.615625 0.247917 2.000000 0.000000 0.000000 0.000000 0.593750 0.306250 2.000000 0.000000 0.000000 0.000000 0.648438 0.418750 2.000000 0.507812 0.579167 2.000000 0.740625 0.527083 2.000000 0.420312 0.560417 2.000000 0.382812 0.495833 2.000000 0.515625 0.806250 2.000000 0.217188 0.700000 2.000000 0.000000 0.000000 0.000000 0.053125 0.672917 2.000000
0 0.474313 0.087823 0.096750 0.175646 0.476562 0.041667 2.000000 0.484375 0.031250 2.000000 0.465625 0.029167 2.000000 0.496875 0.037500 2.000000 0.448437 0.031250 2.000000 0.510938 0.087500 2.000000 0.423438 0.095833 1.000000 0.517188 0.191667 1.000000 0.440625 0.202083 1.000000 0.495312 0.120833 2.000000 0.473438 0.120833 2.000000 0.000000 0.000000 0.000000 0.000000 0.000000 0.000000 0.000000 0.000000 0.000000 0.000000 0.000000 0.000000 0.000000 0.000000 0.000000 0.000000 0.000000 0.000000
0 0.290578 0.163771 0.152313 0.248625 0.296875 0.087500 2.000000 0.304688 0.077083 2.000000 0.282813 0.079167 2.000000 0.310937 0.089583 2.000000 0.264062 0.093750 2.000000 0.329688 0.160417 2.000000 0.250000 0.156250 2.000000 0.350000 0.262500 2.000000 0.245312 0.266667 2.000000 0.000000 0.000000 0.000000 0.000000 0.000000 0.000000 0.323437 0.300000 1.000000 0.278125 0.300000 1.000000 0.000000 0.000000 0.000000 0.000000 0.000000 0.000000 0.000000 0.000000 0.000000 0.000000 0.000000 0.000000
0 0.326000 0.082594 0.066000 0.161271 0.325000 0.045833 2.000000 0.334375 0.035417 2.000000 0.315625 0.035417 2.000000 0.000000 0.000000 0.000000 0.300000 0.043750 1.000000 0.350000 0.104167 2.000000 0.000000 0.000000 0.000000 0.000000 0.000000 0.000000 0.000000 0.000000 0.000000 0.000000 0.000000 0.000000 0.000000 0.000000 0.000000 0.000000 0.000000 0.000000 0.000000 0.000000 0.000000 0.000000 0.000000 0.000000 0.000000 0.000000 0.000000 0.000000 0.000000 0.000000 0.000000 0.000000 0.000000
0 0.219477 0.096990 0.089234 0.165188 0.235937 0.072917 2.000000 0.240625 0.058333 2.000000 0.225000 0.056250 2.000000 0.000000 0.000000 0.000000 0.200000 0.060417 2.000000 0.251563 0.129167 2.000000 0.170313 0.114583 1.000000 0.000000 0.000000 0.000000 0.000000 0.000000 0.000000 0.000000 0.000000 0.000000 0.000000 0.000000 0.000000 0.000000 0.000000 0.000000 0.000000 0.000000 0.000000 0.000000 0.000000 0.000000 0.000000 0.000000 0.000000 0.000000 0.000000 0.000000 0.000000 0.000000 0.000000
0 0.168547 0.171229 0.151562 0.233292 0.164062 0.127083 2.000000 0.175000 0.120833 2.000000 0.153125 0.116667 2.000000 0.000000 0.000000 0.000000 0.132812 0.129167 2.000000 0.196875 0.185417 2.000000 0.121875 0.193750 2.000000 0.225000 0.270833 2.000000 0.000000 0.000000 0.000000 0.000000 0.000000 0.000000 0.000000 0.000000 0.000000 0.200000 0.312500 1.000000 0.151562 0.316667 1.000000 0.000000 0.000000 0.000000 0.000000 0.000000 0.000000 0.000000 0.000000 0.000000 0.000000 0.000000 0.000000
0 0.536297 0.142792 0.130875 0.177000 0.550000 0.127083 2.000000 0.556250 0.114583 2.000000 0.540625 0.114583 2.000000 0.000000 0.000000 0.000000 0.521875 0.110417 2.000000 0.593750 0.170833 2.000000 0.490625 0.175000 2.000000 0.000000 0.000000 0.000000 0.498437 0.247917 1.000000 0.000000 0.000000 0.000000 0.000000 0.000000 0.000000 0.000000 0.000000 0.000000 0.000000 0.000000 0.000000 0.000000 0.000000 0.000000 0.000000 0.000000 0.000000 0.000000 0.000000 0.000000 0.000000 0.000000 0.000000
0 0.075688 0.103365 0.118375 0.199021 0.092188 0.035417 2.000000 0.092188 0.025000 2.000000 0.079687 0.025000 2.000000 0.000000 0.000000 0.000000 0.048438 0.031250 2.000000 0.123438 0.091667 1.000000 0.034375 0.104167 2.000000 0.000000 0.000000 0.000000 0.000000 0.000000 0.000000 0.000000 0.000000 0.000000 0.000000 0.000000 0.000000 0.114062 0.262500 1.000000 0.034375 0.266667 1.000000 0.000000 0.000000 0.000000 0.000000 0.000000 0.000000 0.000000 0.000000 0.000000 0.000000 0.000000 0.000000
0 0.362320 0.114260 0.041797 0.180021 0.000000 0.000000 0.000000 0.000000 0.000000 0.000000 0.000000 0.000000 0.000000 0.000000 0.000000 0.000000 0.000000 0.000000 0.000000 0.000000 0.000000 0.000000 0.000000 0.000000 0.000000 0.359375 0.041667 2.000000 0.000000 0.000000 0.000000 0.362500 0.097917 2.000000 0.000000 0.000000 0.000000 0.000000 0.000000 0.000000 0.000000 0.000000 0.000000 0.000000 0.000000 0.000000 0.000000 0.000000 0.000000 0.000000 0.000000 0.000000 0.000000 0.000000 0.000000
