0 0.590290 0.639641 0.404664 0.682438 0.457077 0.371875 2.000000 0.475638 0.359375 2.000000 0.443155 0.359375 2.000000 0.533643 0.360938 2.000000 0.000000 0.000000 0.000000 0.591647 0.425000 2.000000 0.443155 0.450000 2.000000 0.651972 0.550000 2.000000 0.424594 0.551562 1.000000 0.503480 0.559375 2.000000 0.327146 0.564063 1.000000 0.672854 0.582812 2.000000 0.561485 0.604688 2.000000 0.540603 0.760938 2.000000 0.640371 0.765625 2.000000 0.491879 0.943750 2.000000 0.719258 0.939063 2.000000
0 0.722436 0.345695 0.230255 0.516859 0.700696 0.139063 2.000000 0.714617 0.129688 2.000000 0.686775 0.131250 2.000000 0.733179 0.137500 2.000000 0.668213 0.139063 2.000000 0.770302 0.190625 2.000000 0.638051 0.195312 2.000000 0.805104 0.281250 2.000000 0.593968 0.260937 1.000000 0.756381 0.360938 2.000000 0.619490 0.310937 2.000000 0.726218 0.362500 2.000000 0.661253 0.360938 2.000000 0.726218 0.487500 2.000000 0.668213 0.490625 1.000000 0.742459 0.606250 1.000000 0.000000 0.000000 0.000000
0 0.474965 0.197836 0.181160 0.256828 0.429234 0.129688 2.000000 0.438515 0.117188 2.000000 0.412993 0.120313 2.000000 0.470998 0.125000 2.000000 0.403712 0.128125 2.000000 0.505800 0.184375 2.000000 0.401392 0.179688 2.000000 0.533643 0.271875 2.000000 0.000000 0.000000 0.000000 0.000000 0.000000 0.000000 0.000000 0.000000 0.000000 0.482599 0.323437 1.000000 0.415313 0.323437 1.000000 0.000000 0.000000 0.000000 0.000000 0.000000 0.000000 0.000000 0.000000 0.000000 0.000000 0.000000 0.000000
0 0.084710 0.430859 0.149466 0.543625 0.037123 0.207813 2.000000 0.048724 0.196875 2.000000 0.020882 0.198437 2.000000 0.071926 0.198437 2.000000 0.000000 0.000000 0.000000 0.113689 0.260937 2.000000 0.000000 0.000000 0.000000 0.164733 0.342187 1.000000 0.000000 0.000000 0.000000 0.102088 0.414062 2.000000 0.000000 0.000000 0.000000 0.090487 0.428125 2.000000 0.000000 0.000000 0.000000 0.090487 0.540625 2.000000 0.000000 0.000000 0.000000 0.097448 0.642188 2.000000 0.000000 0.000000 0.000000
0 0.114176 0.157828 0.198701 0.232531 0.111369 0.089063 2.000000 0.000000 0.000000 0.000000 0.106729 0.082812 2.000000 0.000000 0.000000 0.000000 0.069606 0.085938 2.000000 0.113689 0.140625 2.000000 0.004640 0.145313 1.000000 0.150812 0.193750 2.000000 0.000000 0.000000 0.000000 0.174014 0.168750 2.000000 0.000000 0.000000 0.000000 0.127610 0.268750 1.000000 0.000000 0.000000 0.000000 0.000000 0.000000 0.000000 0.000000 0.000000 0.000000 0.000000 0.000000 0.000000 0.000000 0.000000 0.000000
0 0.308886 0.358187 0.309745 0.451156 0.273782 0.187500 2.000000 0.299304 0.181250 2.000000 0.000000 0.000000 0.000000 0.343387 0.184375 2.000000 0.000000 0.000000 0.000000 0.431555 0.234375 2.000000 0.317865 0.231250 2.000000 0.403712 0.304688 2.000000 0.241299 0.310937 2.000000 0.343387 0.231250 2.000000 0.273782 0.245312 2.000000 0.429234 0.437500 2.000000 0.352668 0.437500 1.000000 0.000000 0.000000 0.000000 0.000000 0.000000 0.000000 0.000000 0.000000 0.000000 0.000000 0.000000 0.000000
0 0.615998 0.082523 0.221369 0.151297 0.679814 0.034375 2.000000 0.679814 0.028125 2.000000 0.665893 0.031250 2.000000 0.000000 0.000000 0.000000 0.631090 0.040625 2.000000 0.000000 0.000000 0.000000 0.000000 0.000000 0.000000 0.000000 0.000000 0.000000 0.000000 0.000000 0.000000 0.000000 0.000000 0.000000 0.000000 0.000000 0.000000 0.000000 0.000000 0.000000 0.000000 0.000000 0.000000 0.000000 0.000000 0.000000 0.000000 0.000000 0.000000 0.000000 0.000000 0.000000 0.000000 0.000000 0.000000
0 0.892088 0.077531 0.215824 0.155062 0.902552 0.026562 2.000000 0.914153 0.017188 2.000000 0.888631 0.018750 2.000000 0.937355 0.017188 2.000000 0.867749 0.018750 2.000000 0.983759 0.056250 2.000000 0.837587 0.059375 2.000000 0.000000 0.000000 0.000000 0.807425 0.126562 2.000000 0.000000 0.000000 0.000000 0.000000 0.000000 0.000000 0.000000 0.000000 0.000000 0.000000 0.000000 0.000000 0.000000 0.000000 0.000000 0.000000 0.000000 0.000000 0.000000 0.000000 0.000000 0.000000 0.000000 0.000000
0 0.253689 0.344438 0.212251 0.493031 0.000000 0.000000 0.000000 0.000000 0.000000 0.000000 0.000000 0.000000 0.000000 0.000000 0.000000 0.000000 0.000000 0.000000 0.000000 0.236659 0.171875 2.000000 0.301624 0.193750 1.000000 0.000000 0.000000 0.000000 0.000000 0.000000 0.000000 0.000000 0.000000 0.000000 0.000000 0.000000 0.000000 0.227378 0.335938 2.000000 0.276102 0.339062 1.000000 0.215777 0.435937 2.000000 0.000000 0.000000 0.000000 0.178654 0.542188 2.000000 0.000000 0.000000 0.000000
0 0.600545 0.231891 0.135986 0.324469 0.619490 0.118750 2.000000 0.626450 0.109375 2.000000 0.603248 0.110937 2.000000 0.658933 0.103125 2.000000 0.587007 0.114062 2.000000 0.000000 0.000000 0.000000 0.570766 0.175000 2.000000 0.000000 0.000000 0.000000 0.000000 0.000000 0.000000 0.000000 0.000000 0.000000 0.000000 0.000000 0.000000 0.000000 0.000000 0.000000 0.000000 0.000000 0.000000 0.000000 0.000000 0.000000 0.000000 0.000000 0.000000 0.000000 0.000000 0.000000 0.000000 0.000000 0.000000
0 0.279872 0.158609 0.243411 0.260031 0.259861 0.085938 2.000000 0.280742 0.076563 2.000000 0.248260 0.076563 2.000000 0.301624 0.081250 2.000000 0.234339 0.082812 2.000000 0.343387 0.114062 1.000000 0.220418 0.117188 2.000000 0.000000 0.000000 0.000000 0.000000 0.000000 0.000000 0.000000 0.000000 0.000000 0.176334 0.267188 2.000000 0.000000 0.000000 0.000000 0.000000 0.000000 0.000000 0.000000 0.000000 0.000000 0.000000 0.000000 0.000000 0.000000 0.000000 0.000000 0.000000 0.000000 0.000000
