0 0.520430 0.626713 0.055734 0.233706 0.503125 0.533800 2.000000 0.506250 0.531469 2.000000 0.000000 0.000000 0.000000 0.514062 0.531469 2.000000 0.000000 0.000000 0.000000 0.518750 0.552448 2.000000 0.523438 0.554779 2.000000 0.506250 0.587413 2.000000 0.000000 0.000000 0.000000 0.496875 0.566434 1.000000 0.000000 0.000000 0.000000 0.512500 0.610723 2.000000 0.517188 0.610723 2.000000 0.506250 0.675991 2.000000 0.515625 0.668998 2.000000 0.539062 0.708625 2.000000 0.510938 0.727273 2.000000
0 0.452437 0.587179 0.050594 0.242145 0.440625 0.482517 2.000000 0.442188 0.477855 2.000000 0.000000 0.000000 0.000000 0.451562 0.480186 2.000000 0.000000 0.000000 0.000000 0.453125 0.503497 2.000000 0.443750 0.512821 2.000000 0.450000 0.550117 2.000000 0.434375 0.536131 2.000000 0.443750 0.582751 2.000000 0.435937 0.508159 2.000000 0.450000 0.582751 2.000000 0.439063 0.582751 2.000000 0.437500 0.627040 2.000000 0.446875 0.629371 2.000000 0.465625 0.668998 2.000000 0.451562 0.682984 2.000000
0 0.629305 0.616469 0.069391 0.272937 0.603125 0.498834 1.000000 0.606250 0.494172 2.000000 0.000000 0.000000 0.000000 0.615625 0.501166 2.000000 0.000000 0.000000 0.000000 0.618750 0.529138 2.000000 0.628125 0.529138 1.000000 0.618750 0.580420 2.000000 0.000000 0.000000 0.000000 0.607812 0.613054 2.000000 0.000000 0.000000 0.000000 0.615625 0.610723 2.000000 0.628125 0.613054 2.000000 0.604688 0.673660 2.000000 0.626563 0.664336 2.000000 0.606250 0.729604 2.000000 0.651563 0.708625 2.000000
0 0.131523 0.606935 0.067516 0.236853 0.139063 0.505828 2.000000 0.139063 0.501166 2.000000 0.134375 0.501166 2.000000 0.000000 0.000000 0.000000 0.126562 0.503497 2.000000 0.131250 0.529138 2.000000 0.117188 0.531469 2.000000 0.000000 0.000000 0.000000 0.120313 0.564103 2.000000 0.000000 0.000000 0.000000 0.135937 0.592075 2.000000 0.126562 0.580420 2.000000 0.118750 0.582751 2.000000 0.139063 0.643357 2.000000 0.114062 0.645688 2.000000 0.156250 0.696970 2.000000 0.104688 0.699301 2.000000
0 0.655961 0.599744 0.060797 0.233986 0.682813 0.508159 2.000000 0.000000 0.000000 0.000000 0.679688 0.503497 2.000000 0.000000 0.000000 0.000000 0.673438 0.501166 2.000000 0.668750 0.526807 2.000000 0.657813 0.526807 2.000000 0.000000 0.000000 0.000000 0.646875 0.564103 2.000000 0.000000 0.000000 0.000000 0.640625 0.596737 2.000000 0.668750 0.594406 2.000000 0.656250 0.596737 2.000000 0.000000 0.000000 0.000000 0.664062 0.650350 2.000000 0.000000 0.000000 0.000000 0.637500 0.682984 1.000000
0 0.980266 0.595396 0.039469 0.242681 0.971875 0.491841 2.000000 0.976562 0.489510 2.000000 0.000000 0.000000 0.000000 0.982812 0.494172 2.000000 0.000000 0.000000 0.000000 0.985938 0.524476 2.000000 0.000000 0.000000 0.000000 0.987500 0.566434 2.000000 0.000000 0.000000 0.000000 0.985938 0.596737 2.000000 0.000000 0.000000 0.000000 0.981250 0.599068 2.000000 0.979688 0.599068 2.000000 0.968750 0.641026 2.000000 0.987500 0.645688 2.000000 0.985938 0.694639 2.000000 0.993750 0.682984 2.000000
0 0.382031 0.589895 0.061313 0.201702 0.362500 0.517483 2.000000 0.362500 0.512821 2.000000 0.000000 0.000000 0.000000 0.368750 0.508159 2.000000 0.000000 0.000000 0.000000 0.375000 0.526807 2.000000 0.382812 0.522145 2.000000 0.379688 0.557110 2.000000 0.000000 0.000000 0.000000 0.360938 0.566434 2.000000 0.000000 0.000000 0.000000 0.373437 0.585082 2.000000 0.384375 0.585082 2.000000 0.360938 0.631702 2.000000 0.389062 0.634033 2.000000 0.356250 0.678322 1.000000 0.404687 0.666667 2.000000
0 0.015242 0.615513 0.030484 0.246503 0.021875 0.517483 2.000000 0.000000 0.000000 0.000000 0.018750 0.515152 2.000000 0.000000 0.000000 0.000000 0.006250 0.517483 2.000000 0.015625 0.540793 2.000000 0.003125 0.536131 2.000000 0.000000 0.000000 0.000000 0.001563 0.585082 2.000000 0.000000 0.000000 0.000000 0.010937 0.615385 2.000000 0.017188 0.613054 2.000000 0.004687 0.615385 2.000000 0.023438 0.657343 2.000000 0.003125 0.664336 2.000000 0.004687 0.715618 2.000000 0.000000 0.000000 0.000000
0 0.769688 0.610746 0.051656 0.233753 0.792188 0.519814 2.000000 0.000000 0.000000 0.000000 0.793750 0.515152 2.000000 0.000000 0.000000 0.000000 0.784375 0.512821 2.000000 0.781250 0.536131 2.000000 0.770312 0.536131 2.000000 0.782813 0.587413 2.000000 0.768750 0.566434 2.000000 0.787500 0.606061 2.000000 0.778125 0.601399 2.000000 0.781250 0.603730 2.000000 0.768750 0.606061 1.000000 0.782813 0.655012 2.000000 0.778125 0.655012 2.000000 0.781250 0.713287 2.000000 0.753125 0.689977 2.000000
0 0.854055 0.597622 0.077797 0.214359 0.835938 0.515152 2.000000 0.839063 0.510490 2.000000 0.835938 0.510490 2.000000 0.848437 0.512821 2.000000 0.000000 0.000000 0.000000 0.848437 0.538462 2.000000 0.000000 0.000000 0.000000 0.842187 0.571096 2.000000 0.000000 0.000000 0.000000 0.826562 0.587413 2.000000 0.000000 0.000000 0.000000 0.857812 0.589744 2.000000 0.851562 0.589744 2.000000 0.843750 0.634033 2.000000 0.865625 0.641026 2.000000 0.837500 0.685315 2.000000 0.884375 0.687646 2.000000
