0 0.268404 0.602242 0.367981 0.584266 0.413146 0.426563 2.000000 0.000000 0.000000 0.000000 0.401408 0.410938 2.000000 0.000000 0.000000 0.000000 0.328638 0.396875 2.000000 0.406103 0.459375 2.000000 0.176056 0.503125 2.000000 0.406103 0.550000 2.000000 0.150235 0.632812 2.000000 0.420188 0.626563 2.000000 0.225352 0.740625 2.000000 0.368545 0.681250 2.000000 0.262911 0.698438 2.000000 0.323944 0.823438 1.000000 0.227700 0.829688 1.000000 0.000000 0.000000 0.000000 0.000000 0.000000 0.000000
0 0.255587 0.301125 0.180047 0.134688 0.000000 0.000000 0.000000 0.000000 0.000000 0.000000 0.000000 0.000000 0.000000 0.000000 0.000000 0.000000 0.319249 0.278125 2.000000 0.253521 0.293750 2.000000 0.326291 0.300000 2.000000 0.223005 0.310937 2.000000 0.000000 0.000000 0.000000 0.194836 0.300000 2.000000 0.000000 0.000000 0.000000 0.267606 0.364063 2.000000 0.319249 0.362500 1.000000 0.000000 0.000000 0.000000 0.000000 0.000000 0.000000 0.000000 0.000000 0.000000 0.000000 0.000000 0.000000
0 0.541350 0.648812 0.202840 0.190500 0.572770 0.629687 2.000000 0.589202 0.617188 2.000000 0.551643 0.620313 2.000000 0.000000 0.000000 0.000000 0.511737 0.615625 2.000000 0.605634 0.645312 2.000000 0.502347 0.643750 2.000000 0.622066 0.700000 1.000000 0.485915 0.698438 2.000000 0.000000 0.000000 0.000000 0.549296 0.707812 2.000000 0.561033 0.742188 2.000000 0.497653 0.740625 2.000000 0.000000 0.000000 0.000000 0.000000 0.000000 0.000000 0.000000 0.000000 0.000000 0.000000 0.000000 0.000000
0 0.525599 0.368391 0.167723 0.254906 0.474178 0.290625 1.000000 0.478873 0.285938 2.000000 0.000000 0.000000 0.000000 0.514085 0.284375 2.000000 0.000000 0.000000 0.000000 0.563380 0.318750 2.000000 0.528169 0.300000 2.000000 0.558685 0.393750 2.000000 0.000000 0.000000 0.000000 0.474178 0.389062 2.000000 0.000000 0.000000 0.000000 0.507042 0.453125 2.000000 0.464789 0.445312 2.000000 0.000000 0.000000 0.000000 0.000000 0.000000 0.000000 0.000000 0.000000 0.000000 0.000000 0.000000 0.000000
0 0.864847 0.498664 0.266268 0.402797 0.915493 0.350000 2.000000 0.931925 0.343750 2.000000 0.901408 0.340625 2.000000 0.957746 0.337500 2.000000 0.880282 0.328125 1.000000 0.981221 0.393750 2.000000 0.814554 0.370312 2.000000 0.978873 0.470313 2.000000 0.767606 0.434375 2.000000 0.943662 0.529687 2.000000 0.800469 0.448437 2.000000 0.892019 0.518750 2.000000 0.807512 0.509375 2.000000 0.842723 0.645312 2.000000 0.734742 0.607812 2.000000 0.814554 0.712500 1.000000 0.718310 0.676562 1.000000
0 0.712207 0.706609 0.260610 0.210531 0.755869 0.684375 2.000000 0.781690 0.676562 2.000000 0.741784 0.670312 2.000000 0.802817 0.665625 2.000000 0.713615 0.648438 2.000000 0.812207 0.695312 2.000000 0.694836 0.679688 2.000000 0.838028 0.757812 1.000000 0.591549 0.720313 2.000000 0.000000 0.000000 0.000000 0.629108 0.767188 2.000000 0.760563 0.795312 1.000000 0.685446 0.781250 1.000000 0.000000 0.000000 0.000000 0.000000 0.000000 0.000000 0.000000 0.000000 0.000000 0.000000 0.000000 0.000000
0 0.068063 0.477570 0.136127 0.313766 0.072770 0.360938 2.000000 0.079812 0.353125 2.000000 0.063380 0.356250 2.000000 0.000000 0.000000 0.000000 0.032864 0.359375 2.000000 0.100939 0.390625 2.000000 0.011737 0.381250 2.000000 0.122066 0.446875 2.000000 0.000000 0.000000 0.000000 0.070423 0.464062 2.000000 0.009390 0.456250 2.000000 0.089202 0.467187 2.000000 0.025822 0.462500 2.000000 0.032864 0.520312 2.000000 0.002347 0.529687 2.000000 0.042254 0.596875 2.000000 0.014085 0.579688 2.000000
0 0.526185 0.580773 0.243404 0.297016 0.537559 0.468750 2.000000 0.553991 0.467187 2.000000 0.530516 0.464062 2.000000 0.577465 0.479687 2.000000 0.000000 0.000000 0.000000 0.596244 0.518750 2.000000 0.476526 0.498437 2.000000 0.579812 0.596875 1.000000 0.420188 0.567187 1.000000 0.000000 0.000000 0.000000 0.000000 0.000000 0.000000 0.525822 0.612500 1.000000 0.446009 0.596875 2.000000 0.000000 0.000000 0.000000 0.000000 0.000000 0.000000 0.000000 0.000000 0.000000 0.000000 0.000000 0.000000
0 0.213873 0.328102 0.164085 0.310078 0.265258 0.232813 2.000000 0.276995 0.221875 2.000000 0.244131 0.221875 2.000000 0.000000 0.000000 0.000000 0.206573 0.226562 2.000000 0.258216 0.275000 2.000000 0.194836 0.295312 1.000000 0.000000 0.000000 0.000000 0.204225 0.376563 2.000000 0.000000 0.000000 0.000000 0.286385 0.384375 1.000000 0.262911 0.426563 1.000000 0.215962 0.439063 1.000000 0.000000 0.000000 0.000000 0.000000 0.000000 0.000000 0.000000 0.000000 0.000000 0.000000 0.000000 0.000000
0 0.058439 0.851664 0.113028 0.296672 0.000000 0.000000 0.000000 0.000000 0.000000 0.000000 0.000000 0.000000 0.000000 0.000000 0.000000 0.000000 0.000000 0.000000 0.000000 0.000000 0.000000 0.000000 0.000000 0.000000 0.000000 0.000000 0.000000 0.000000 0.000000 0.000000 0.000000 0.000000 0.000000 0.000000 0.002347 0.812500 1.000000 0.007042 0.904687 2.000000 0.000000 0.000000 0.000000 0.000000 0.000000 0.000000 0.000000 0.000000 0.000000 0.000000 0.000000 0.000000 0.000000 0.000000 0.000000
0 0.833028 0.766445 0.333944 0.116828 0.000000 0.000000 0.000000 0.000000 0.000000 0.000000 0.000000 0.000000 0.000000 0.000000 0.000000 0.000000 0.000000 0.000000 0.000000 0.000000 0.000000 0.000000 0.000000 0.000000 0.000000 0.950704 0.806250 2.000000 0.000000 0.000000 0.000000 0.812207 0.759375 2.000000 0.988263 0.715625 1.000000 0.000000 0.000000 0.000000 0.000000 0.000000 0.000000 0.000000 0.000000 0.000000 0.000000 0.000000 0.000000 0.000000 0.000000 0.000000 0.000000 0.000000 0.000000
