0 0.785797 0.782022 0.112406 0.183191 0.000000 0.000000 0.000000 0.000000 0.000000 0.000000 0.000000 0.000000 0.000000 0.762500 0.730337 1.000000 0.790625 0.728090 2.000000 0.754687 0.755056 2.000000 0.809375 0.752809 2.000000 0.731250 0.759551 2.000000 0.834375 0.768539 2.000000 0.000000 0.000000 0.000000 0.000000 0.000000 0.000000 0.768750 0.849438 2.000000 0.796875 0.849438 2.000000 0.748437 0.813483 2.000000 0.814063 0.811236 1.000000 0.000000 0.000000 0.000000 0.000000 0.000000 0.000000
0 0.218945 0.508652 0.099109 0.195011 0.215625 0.433708 2.000000 0.220312 0.426966 2.000000 0.212500 0.429213 2.000000 0.229687 0.435955 2.000000 0.000000 0.000000 0.000000 0.245312 0.480899 2.000000 0.200000 0.485393 2.000000 0.256250 0.530337 2.000000 0.190625 0.534831 2.000000 0.260937 0.568539 2.000000 0.178125 0.584270 2.000000 0.240625 0.602247 1.000000 0.209375 0.604494 1.000000 0.239063 0.665169 1.000000 0.206250 0.667416 1.000000 0.000000 0.000000 0.000000 0.000000 0.000000 0.000000
0 0.388422 0.588876 0.063750 0.334517 0.384375 0.458427 2.000000 0.390625 0.451685 2.000000 0.381250 0.451685 2.000000 0.400000 0.453933 2.000000 0.000000 0.000000 0.000000 0.409375 0.492135 2.000000 0.365625 0.487640 2.000000 0.417187 0.546067 1.000000 0.356250 0.546067 1.000000 0.000000 0.000000 0.000000 0.000000 0.000000 0.000000 0.401562 0.602247 1.000000 0.367188 0.602247 1.000000 0.398438 0.662921 1.000000 0.367188 0.662921 1.000000 0.396875 0.734831 2.000000 0.365625 0.737079 2.000000
0 0.685992 0.573191 0.057984 0.317213 0.676562 0.487640 1.000000 0.679688 0.478652 2.000000 0.000000 0.000000 0.000000 0.690625 0.480899 2.000000 0.000000 0.000000 0.000000 0.700000 0.512360 2.000000 0.675000 0.523596 1.000000 0.696875 0.480899 2.000000 0.664062 0.541573 2.000000 0.678125 0.442697 2.000000 0.656250 0.543820 1.000000 0.693750 0.622472 2.000000 0.668750 0.622472 2.000000 0.693750 0.712360 1.000000 0.670312 0.712360 2.000000 0.000000 0.000000 0.000000 0.000000 0.000000 0.000000
0 0.161273 0.597910 0.055016 0.302876 0.164062 0.487640 2.000000 0.164062 0.476404 2.000000 0.156250 0.478652 2.000000 0.000000 0.000000 0.000000 0.148438 0.487640 2.000000 0.184375 0.512360 2.000000 0.140625 0.512360 1.000000 0.184375 0.555056 1.000000 0.137500 0.559551 1.000000 0.176563 0.591011 1.000000 0.139063 0.588764 2.000000 0.173437 0.588764 2.000000 0.151562 0.591011 2.000000 0.175000 0.669663 2.000000 0.150000 0.669663 2.000000 0.176563 0.730337 2.000000 0.151562 0.730337 2.000000
0 0.294844 0.542258 0.069031 0.401101 0.285938 0.438202 2.000000 0.289062 0.429213 2.000000 0.282813 0.429213 2.000000 0.298438 0.438202 2.000000 0.275000 0.435955 1.000000 0.304688 0.467416 2.000000 0.271875 0.478652 2.000000 0.326562 0.417978 2.000000 0.267188 0.525843 2.000000 0.321875 0.393258 2.000000 0.287500 0.498876 2.000000 0.306250 0.552809 1.000000 0.276562 0.559551 2.000000 0.307812 0.649438 1.000000 0.268750 0.651685 1.000000 0.307812 0.728090 1.000000 0.267188 0.734831 1.000000
0 0.719016 0.720539 0.108344 0.147236 0.760938 0.698876 2.000000 0.000000 0.000000 0.000000 0.757812 0.689888 2.000000 0.000000 0.000000 0.000000 0.748437 0.678652 2.000000 0.718750 0.698876 2.000000 0.723437 0.707865 2.000000 0.000000 0.000000 0.000000 0.734375 0.752809 2.000000 0.000000 0.000000 0.000000 0.000000 0.000000 0.000000 0.685937 0.768539 2.000000 0.693750 0.768539 2.000000 0.000000 0.000000 0.000000 0.740625 0.766292 1.000000 0.000000 0.000000 0.000000 0.709375 0.806742 1.000000
0 0.097180 0.866292 0.049578 0.205528 0.000000 0.000000 0.000000 0.000000 0.000000 0.000000 0.000000 0.000000 0.000000 0.075000 0.806742 1.000000 0.000000 0.000000 0.000000 0.087500 0.874157 1.000000 0.100000 0.851685 2.000000 0.000000 0.000000 0.000000 0.000000 0.000000 0.000000 0.000000 0.000000 0.000000 0.000000 0.000000 0.000000 0.093750 0.955056 2.000000 0.104688 0.946067 2.000000 0.000000 0.000000 0.000000 0.000000 0.000000 0.000000 0.000000 0.000000 0.000000 0.000000 0.000000 0.000000
0 0.049086 0.860652 0.096953 0.273169 0.000000 0.000000 0.000000 0.000000 0.000000 0.000000 0.000000 0.000000 0.000000 0.032813 0.777528 2.000000 0.000000 0.000000 0.000000 0.021875 0.831461 2.000000 0.087500 0.829213 2.000000 0.004687 0.898876 2.000000 0.095312 0.901124 1.000000 0.021875 0.892135 2.000000 0.060937 0.874157 2.000000 0.035937 0.961798 2.000000 0.070312 0.955056 2.000000 0.000000 0.000000 0.000000 0.006250 0.910112 2.000000 0.000000 0.000000 0.000000 0.000000 0.000000 0.000000
0 0.108000 0.596056 0.069812 0.303258 0.110937 0.474157 2.000000 0.115625 0.471910 2.000000 0.107813 0.471910 2.000000 0.121875 0.474157 2.000000 0.104688 0.476404 2.000000 0.131250 0.512360 2.000000 0.095312 0.512360 2.000000 0.000000 0.000000 0.000000 0.090625 0.557303 2.000000 0.000000 0.000000 0.000000 0.087500 0.595506 2.000000 0.123438 0.604494 2.000000 0.100000 0.602247 2.000000 0.121875 0.662921 2.000000 0.096875 0.662921 2.000000 0.120313 0.728090 2.000000 0.092188 0.725843 2.000000
