0 0.040172 0.520032 0.080344 0.814121 0.031250 0.182109 2.000000 0.034375 0.169329 2.000000 0.021875 0.175719 2.000000 0.000000 0.000000 0.000000 0.006250 0.182109 2.000000 0.059375 0.249201 2.000000 0.000000 0.000000 0.000000 0.000000 0.000000 0.000000 0.000000 0.000000 0.000000 0.000000 0.000000 0.000000 0.000000 0.000000 0.000000 0.071875 0.492013 1.000000 0.026562 0.495208 2.000000 0.103125 0.702875 1.000000 0.031250 0.670927 2.000000 0.026562 0.769968 2.000000 0.031250 0.859425 2.000000
0 0.104406 0.539329 0.114312 0.880895 0.114062 0.172524 2.000000 0.120313 0.156550 2.000000 0.103125 0.153355 2.000000 0.000000 0.000000 0.000000 0.082812 0.166134 2.000000 0.134375 0.268371 2.000000 0.062500 0.271565 2.000000 0.142187 0.399361 2.000000 0.070312 0.392971 2.000000 0.137500 0.507987 2.000000 0.110937 0.514377 2.000000 0.132812 0.536741 2.000000 0.085938 0.539936 2.000000 0.132812 0.725240 2.000000 0.095312 0.728435 2.000000 0.132812 0.900958 2.000000 0.100000 0.916933 2.000000
0 0.201672 0.484712 0.106594 0.844952 0.209375 0.143770 2.000000 0.215625 0.127796 2.000000 0.200000 0.127796 2.000000 0.000000 0.000000 0.000000 0.187500 0.137380 2.000000 0.242188 0.214058 2.000000 0.165625 0.220447 2.000000 0.000000 0.000000 0.000000 0.167187 0.361022 2.000000 0.000000 0.000000 0.000000 0.204687 0.450479 2.000000 0.243750 0.472843 1.000000 0.192188 0.476038 2.000000 0.245312 0.626198 1.000000 0.195312 0.629393 2.000000 0.234375 0.808307 2.000000 0.209375 0.811502 2.000000
0 0.512695 0.333706 0.113203 0.635974 0.506250 0.086262 2.000000 0.514062 0.076677 2.000000 0.498437 0.076677 2.000000 0.529687 0.079872 2.000000 0.489063 0.073482 2.000000 0.554688 0.182109 2.000000 0.471875 0.178914 2.000000 0.557813 0.316294 2.000000 0.462500 0.306709 1.000000 0.518750 0.386581 2.000000 0.489063 0.399361 1.000000 0.537500 0.431310 1.000000 0.482812 0.431310 1.000000 0.532813 0.632588 2.000000 0.485938 0.629393 2.000000 0.000000 0.000000 0.000000 0.000000 0.000000 0.000000
0 0.622094 0.344249 0.130594 0.650479 0.621875 0.102236 2.000000 0.631250 0.083067 2.000000 0.617188 0.083067 2.000000 0.645312 0.099042 2.000000 0.609375 0.089457 2.000000 0.667188 0.194888 2.000000 0.575000 0.182109 2.000000 0.000000 0.000000 0.000000 0.000000 0.000000 0.000000 0.000000 0.000000 0.000000 0.000000 0.000000 0.000000 0.643750 0.479233 2.000000 0.584375 0.479233 1.000000 0.645312 0.658147 2.000000 0.584375 0.654952 1.000000 0.000000 0.000000 0.000000 0.000000 0.000000 0.000000
0 0.731391 0.502236 0.130781 0.973035 0.714063 0.095847 2.000000 0.723437 0.079872 2.000000 0.707812 0.079872 2.000000 0.748437 0.095847 2.000000 0.000000 0.000000 0.000000 0.768750 0.194888 2.000000 0.692187 0.201278 2.000000 0.767188 0.361022 2.000000 0.673438 0.357827 2.000000 0.715625 0.437700 2.000000 0.685937 0.450479 2.000000 0.739062 0.549521 2.000000 0.692187 0.546326 2.000000 0.742188 0.728435 2.000000 0.698438 0.725240 1.000000 0.754687 0.936102 1.000000 0.706250 0.904153 1.000000
0 0.844594 0.515160 0.143969 0.898882 0.826562 0.178914 2.000000 0.837500 0.156550 2.000000 0.825000 0.156550 2.000000 0.864062 0.166134 2.000000 0.000000 0.000000 0.000000 0.898438 0.261981 2.000000 0.806250 0.258786 2.000000 0.900000 0.437700 2.000000 0.785937 0.412141 2.000000 0.903125 0.581470 1.000000 0.781250 0.539936 2.000000 0.859375 0.520767 2.000000 0.806250 0.514377 2.000000 0.857812 0.744409 2.000000 0.809375 0.734824 2.000000 0.856250 0.929712 2.000000 0.812500 0.916933 2.000000
0 0.946203 0.526965 0.107594 0.919105 0.935937 0.162939 2.000000 0.948438 0.143770 2.000000 0.928125 0.146965 2.000000 0.979688 0.156550 2.000000 0.000000 0.000000 0.000000 0.990625 0.277955 2.000000 0.925000 0.277955 2.000000 0.995313 0.460064 2.000000 0.000000 0.000000 0.000000 0.978125 0.607029 2.000000 0.000000 0.000000 0.000000 0.945312 0.623003 2.000000 0.903125 0.610224 2.000000 0.954688 0.869010 2.000000 0.914062 0.853035 2.000000 0.000000 0.000000 0.000000 0.000000 0.000000 0.000000
0 0.337398 0.517971 0.235203 0.941565 0.359375 0.220447 2.000000 0.000000 0.000000 0.000000 0.353125 0.191693 2.000000 0.000000 0.000000 0.000000 0.318750 0.146965 2.000000 0.314063 0.239617 2.000000 0.289062 0.284345 2.000000 0.000000 0.000000 0.000000 0.323437 0.511182 2.000000 0.000000 0.000000 0.000000 0.406250 0.623003 2.000000 0.323437 0.616613 2.000000 0.295312 0.635783 2.000000 0.000000 0.000000 0.000000 0.295312 0.875399 2.000000 0.000000 0.000000 0.000000 0.000000 0.000000 0.000000
0 0.436344 0.351949 0.151156 0.610415 0.435937 0.121406 2.000000 0.445312 0.108626 2.000000 0.426563 0.108626 2.000000 0.457813 0.127796 2.000000 0.415625 0.118211 2.000000 0.487500 0.220447 2.000000 0.384375 0.214058 2.000000 0.490625 0.408946 2.000000 0.376563 0.396166 2.000000 0.485938 0.520767 2.000000 0.373437 0.523962 2.000000 0.457813 0.504792 2.000000 0.401562 0.501597 2.000000 0.456250 0.715655 1.000000 0.395313 0.718850 1.000000 0.000000 0.000000 0.000000 0.000000 0.000000 0.000000
