0 0.276703 0.673310 0.233375 0.443380 0.000000 0.000000 0.000000 0.000000 0.000000 0.000000 0.000000 0.000000 0.000000 0.000000 0.000000 0.000000 0.000000 0.000000 0.000000 0.271875 0.481221 2.000000 0.234375 0.563380 2.000000 0.315625 0.530516 2.000000 0.298438 0.582160 2.000000 0.356250 0.584507 2.000000 0.353125 0.593897 2.000000 0.301563 0.633803 2.000000 0.268750 0.659624 2.000000 0.334375 0.744131 2.000000 0.256250 0.772300 2.000000 0.370312 0.861502 2.000000 0.182812 0.835681 2.000000
0 0.587938 0.715364 0.137281 0.262606 0.554688 0.619718 2.000000 0.560937 0.612676 2.000000 0.550000 0.610329 2.000000 0.567187 0.619718 2.000000 0.542188 0.619718 2.000000 0.582812 0.666667 2.000000 0.531250 0.661972 2.000000 0.593750 0.723005 2.000000 0.540625 0.725352 2.000000 0.576562 0.734742 2.000000 0.571875 0.737089 2.000000 0.587500 0.748826 2.000000 0.550000 0.748826 2.000000 0.614062 0.725352 1.000000 0.556250 0.730047 2.000000 0.632812 0.809859 2.000000 0.550000 0.814554 1.000000
0 0.909977 0.717242 0.119797 0.244531 0.885938 0.629108 2.000000 0.889062 0.619718 2.000000 0.881250 0.622066 2.000000 0.900000 0.626761 2.000000 0.873437 0.624413 2.000000 0.912500 0.669014 2.000000 0.865625 0.664319 2.000000 0.925000 0.718310 2.000000 0.857812 0.720657 2.000000 0.923438 0.741784 2.000000 0.892188 0.746479 2.000000 0.907813 0.755869 2.000000 0.870313 0.758216 2.000000 0.956250 0.772300 2.000000 0.881250 0.748826 2.000000 0.929688 0.842723 1.000000 0.900000 0.830986 2.000000
0 0.946648 0.710575 0.095266 0.255939 0.932813 0.626761 2.000000 0.940625 0.617371 2.000000 0.932813 0.612676 2.000000 0.953125 0.619718 2.000000 0.000000 0.000000 0.000000 0.968750 0.661972 1.000000 0.917188 0.640845 2.000000 0.000000 0.000000 0.000000 0.000000 0.000000 0.000000 0.000000 0.000000 0.000000 0.000000 0.000000 0.000000 0.959375 0.748826 2.000000 0.928125 0.746479 1.000000 0.000000 0.000000 0.000000 0.000000 0.000000 0.000000 0.000000 0.000000 0.000000 0.000000 0.000000 0.000000
0 0.982195 0.707265 0.035609 0.225282 0.995313 0.633803 2.000000 0.000000 0.000000 0.000000 0.987500 0.624413 2.000000 0.000000 0.000000 0.000000 0.982812 0.636150 1.000000 0.000000 0.000000 0.000000 0.982812 0.671362 2.000000 0.000000 0.000000 0.000000 0.971875 0.715962 1.000000 0.000000 0.000000 0.000000 0.990625 0.737089 2.000000 0.000000 0.000000 0.000000 0.992188 0.727700 2.000000 0.000000 0.000000 0.000000 0.990625 0.769953 2.000000 0.000000 0.000000 0.000000 0.000000 0.000000 0.000000
0 0.368328 0.086854 0.085062 0.163991 0.000000 0.000000 0.000000 0.000000 0.000000 0.000000 0.000000 0.000000 0.000000 0.365625 0.000000 1.000000 0.000000 0.000000 0.000000 0.375000 0.030516 2.000000 0.342187 0.030516 2.000000 0.395313 0.077465 2.000000 0.328125 0.075117 2.000000 0.371875 0.077465 2.000000 0.359375 0.077465 2.000000 0.359375 0.119718 2.000000 0.337500 0.119718 2.000000 0.398438 0.122066 2.000000 0.362500 0.093897 2.000000 0.385937 0.185446 1.000000 0.359375 0.159624 2.000000
0 0.785797 0.109378 0.113125 0.168427 0.775000 0.058685 2.000000 0.000000 0.000000 0.000000 0.000000 0.000000 0.000000 0.000000 0.000000 0.000000 0.765625 0.056338 2.000000 0.757812 0.075117 2.000000 0.748437 0.070423 2.000000 0.765625 0.093897 2.000000 0.751563 0.107981 2.000000 0.787500 0.100939 2.000000 0.771875 0.091549 2.000000 0.767188 0.124413 2.000000 0.759375 0.129108 2.000000 0.810937 0.126761 2.000000 0.798438 0.133803 2.000000 0.814063 0.192488 2.000000 0.789062 0.204225 1.000000
0 0.715609 0.097254 0.111781 0.160892 0.682813 0.044601 2.000000 0.687500 0.039906 2.000000 0.676562 0.042254 2.000000 0.693750 0.042254 2.000000 0.671875 0.046948 2.000000 0.698438 0.072770 2.000000 0.665625 0.077465 2.000000 0.000000 0.000000 0.000000 0.675000 0.110329 2.000000 0.000000 0.000000 0.000000 0.695312 0.077465 2.000000 0.703125 0.152582 2.000000 0.676562 0.145540 2.000000 0.726562 0.107981 2.000000 0.701562 0.063380 2.000000 0.740625 0.157277 2.000000 0.707812 0.089202 2.000000
0 0.160617 0.078192 0.101047 0.156385 0.000000 0.000000 0.000000 0.000000 0.000000 0.000000 0.000000 0.000000 0.000000 0.000000 0.000000 0.000000 0.000000 0.000000 0.000000 0.000000 0.000000 0.000000 0.125000 0.007042 2.000000 0.182812 0.032864 2.000000 0.123438 0.056338 2.000000 0.190625 0.056338 2.000000 0.145313 0.061033 2.000000 0.171875 0.086854 2.000000 0.146875 0.091549 2.000000 0.198437 0.084507 2.000000 0.146875 0.084507 2.000000 0.192188 0.154930 1.000000 0.168750 0.154930 1.000000
0 0.825156 0.682101 0.064156 0.179460 0.843750 0.626761 2.000000 0.000000 0.000000 0.000000 0.839063 0.617371 2.000000 0.000000 0.000000 0.000000 0.826562 0.622066 2.000000 0.854688 0.666667 1.000000 0.807813 0.669014 2.000000 0.000000 0.000000 0.000000 0.807813 0.723005 2.000000 0.000000 0.000000 0.000000 0.837500 0.715962 2.000000 0.856250 0.755869 1.000000 0.828125 0.758216 2.000000 0.882812 0.753521 1.000000 0.846875 0.708920 1.000000 0.000000 0.000000 0.000000 0.000000 0.000000 0.000000
0 0.236141 0.068216 0.092812 0.135493 0.000000 0.000000 0.000000 0.000000 0.000000 0.000000 0.000000 0.000000 0.000000 0.000000 0.000000 0.000000 0.000000 0.000000 0.000000 0.245312 0.021127 2.000000 0.196875 0.018779 2.000000 0.260937 0.061033 2.000000 0.189062 0.065728 1.000000 0.000000 0.000000 0.000000 0.214062 0.068075 2.000000 0.246875 0.096244 2.000000 0.214062 0.100939 1.000000 0.271875 0.061033 2.000000 0.254688 0.103286 2.000000 0.239063 0.105634 2.000000 0.000000 0.000000 0.000000
0 0.446016 0.080352 0.079281 0.117606 0.434375 0.063380 2.000000 0.437500 0.061033 2.000000 0.431250 0.058685 2.000000 0.000000 0.000000 0.000000 0.421875 0.049296 2.000000 0.446875 0.075117 2.000000 0.412500 0.075117 2.000000 0.000000 0.000000 0.000000 0.000000 0.000000 0.000000 0.000000 0.000000 0.000000 0.000000 0.000000 0.000000 0.446875 0.119718 2.000000 0.423438 0.119718 2.000000 0.462500 0.079812 2.000000 0.435937 0.070423 2.000000 0.000000 0.000000 0.000000 0.448437 0.100939 1.000000
