0 0.500766 0.608724 0.189562 0.635340 0.564063 0.353630 2.000000 0.567187 0.348946 2.000000 0.554688 0.344262 2.000000 0.000000 0.000000 0.000000 0.535937 0.337237 2.000000 0.535937 0.379391 2.000000 0.521875 0.386417 2.000000 0.501563 0.442623 2.000000 0.462500 0.459016 2.000000 0.485938 0.487119 2.000000 0.425000 0.533958 2.000000 0.564063 0.552693 2.000000 0.556250 0.573770 2.000000 0.545312 0.714286 2.000000 0.575000 0.709602 2.000000 0.498437 0.854801 2.000000 0.557813 0.880562 2.000000
0 0.354500 0.517096 0.149094 0.519485 0.376563 0.304450 2.000000 0.382812 0.295082 2.000000 0.370312 0.292740 2.000000 0.395313 0.302108 2.000000 0.364063 0.304450 2.000000 0.406250 0.360656 2.000000 0.346875 0.358314 2.000000 0.415625 0.459016 2.000000 0.331250 0.447307 2.000000 0.412500 0.524590 2.000000 0.332813 0.519906 2.000000 0.393750 0.510539 2.000000 0.346875 0.512881 2.000000 0.412500 0.627635 2.000000 0.318750 0.627635 2.000000 0.390625 0.725995 2.000000 0.307812 0.721311 2.000000
0 0.219344 0.482927 0.134844 0.509368 0.225000 0.276347 2.000000 0.231250 0.266979 2.000000 0.220312 0.266979 2.000000 0.240625 0.271663 2.000000 0.209375 0.271663 1.000000 0.257812 0.332553 2.000000 0.195312 0.339578 2.000000 0.268750 0.405152 2.000000 0.196875 0.416862 2.000000 0.256250 0.468384 2.000000 0.000000 0.000000 0.000000 0.246875 0.484778 2.000000 0.209375 0.487119 2.000000 0.250000 0.587822 2.000000 0.203125 0.594848 2.000000 0.256250 0.707260 2.000000 0.195312 0.711944 2.000000
0 0.408711 0.222166 0.091922 0.109110 0.401562 0.206089 2.000000 0.407813 0.201405 2.000000 0.395313 0.201405 2.000000 0.415625 0.210773 2.000000 0.387500 0.206089 2.000000 0.434375 0.245902 2.000000 0.376563 0.248244 2.000000 0.000000 0.000000 0.000000 0.000000 0.000000 0.000000 0.000000 0.000000 0.000000 0.000000 0.000000 0.000000 0.000000 0.000000 0.000000 0.000000 0.000000 0.000000 0.000000 0.000000 0.000000 0.000000 0.000000 0.000000 0.000000 0.000000 0.000000 0.000000 0.000000 0.000000
0 0.500891 0.231218 0.076500 0.098548 0.507812 0.227166 2.000000 0.515625 0.217799 2.000000 0.500000 0.213115 2.000000 0.520312 0.229508 2.000000 0.493750 0.217799 2.000000 0.523438 0.274005 2.000000 0.470313 0.264637 2.000000 0.000000 0.000000 0.000000 0.000000 0.000000 0.000000 0.000000 0.000000 0.000000 0.000000 0.000000 0.000000 0.000000 0.000000 0.000000 0.000000 0.000000 0.000000 0.000000 0.000000 0.000000 0.000000 0.000000 0.000000 0.000000 0.000000 0.000000 0.000000 0.000000 0.000000
0 0.867352 0.246792 0.073047 0.098876 0.864062 0.245902 2.000000 0.871875 0.238876 2.000000 0.857812 0.238876 2.000000 0.000000 0.000000 0.000000 0.000000 0.000000 0.000000 0.893750 0.281030 2.000000 0.842187 0.281030 2.000000 0.000000 0.000000 0.000000 0.000000 0.000000 0.000000 0.000000 0.000000 0.000000 0.000000 0.000000 0.000000 0.000000 0.000000 0.000000 0.000000 0.000000 0.000000 0.000000 0.000000 0.000000 0.000000 0.000000 0.000000 0.000000 0.000000 0.000000 0.000000 0.000000 0.000000
0 0.285219 0.205012 0.085406 0.136909 0.285938 0.159251 2.000000 0.292187 0.152225 2.000000 0.281250 0.154567 2.000000 0.000000 0.000000 0.000000 0.000000 0.000000 0.000000 0.310937 0.201405 2.000000 0.264062 0.201405 2.000000 0.317188 0.257611 1.000000 0.243750 0.252927 1.000000 0.000000 0.000000 0.000000 0.000000 0.000000 0.000000 0.293750 0.285714 1.000000 0.253125 0.285714 1.000000 0.000000 0.000000 0.000000 0.000000 0.000000 0.000000 0.000000 0.000000 0.000000 0.000000 0.000000 0.000000
0 0.573453 0.235035 0.080656 0.094520 0.560937 0.227166 2.000000 0.567187 0.222482 2.000000 0.554688 0.222482 2.000000 0.579688 0.227166 2.000000 0.000000 0.000000 0.000000 0.598437 0.269321 2.000000 0.540625 0.274005 2.000000 0.000000 0.000000 0.000000 0.000000 0.000000 0.000000 0.000000 0.000000 0.000000 0.000000 0.000000 0.000000 0.000000 0.000000 0.000000 0.000000 0.000000 0.000000 0.000000 0.000000 0.000000 0.000000 0.000000 0.000000 0.000000 0.000000 0.000000 0.000000 0.000000 0.000000
0 0.643133 0.199930 0.104422 0.169227 0.635938 0.159251 2.000000 0.643750 0.152225 2.000000 0.631250 0.152225 2.000000 0.654687 0.156909 2.000000 0.625000 0.159251 2.000000 0.675000 0.199063 2.000000 0.612500 0.201405 2.000000 0.684375 0.269321 2.000000 0.587500 0.259953 1.000000 0.642188 0.274005 2.000000 0.600000 0.269321 1.000000 0.651563 0.295082 1.000000 0.606250 0.288056 1.000000 0.000000 0.000000 0.000000 0.000000 0.000000 0.000000 0.000000 0.000000 0.000000 0.000000 0.000000 0.000000
0 0.359227 0.187248 0.070078 0.172998 0.365625 0.138173 2.000000 0.371875 0.131148 2.000000 0.359375 0.133489 2.000000 0.382812 0.138173 2.000000 0.351562 0.140515 2.000000 0.393750 0.187354 1.000000 0.337500 0.180328 2.000000 0.000000 0.000000 0.000000 0.000000 0.000000 0.000000 0.000000 0.000000 0.000000 0.000000 0.000000 0.000000 0.362500 0.290398 1.000000 0.325000 0.290398 1.000000 0.000000 0.000000 0.000000 0.000000 0.000000 0.000000 0.000000 0.000000 0.000000 0.000000 0.000000 0.000000
0 0.949805 0.238197 0.085453 0.116862 0.946875 0.231850 2.000000 0.953125 0.227166 2.000000 0.942187 0.227166 2.000000 0.964063 0.229508 2.000000 0.000000 0.000000 0.000000 0.979688 0.283372 2.000000 0.921875 0.281030 2.000000 0.000000 0.000000 0.000000 0.000000 0.000000 0.000000 0.000000 0.000000 0.000000 0.000000 0.000000 0.000000 0.000000 0.000000 0.000000 0.000000 0.000000 0.000000 0.000000 0.000000 0.000000 0.000000 0.000000 0.000000 0.000000 0.000000 0.000000 0.000000 0.000000 0.000000
0 0.593602 0.089215 0.094734 0.175386 0.589063 0.037471 2.000000 0.593750 0.030445 2.000000 0.585938 0.030445 2.000000 0.606250 0.032787 2.000000 0.578125 0.030445 2.000000 0.625000 0.088993 2.000000 0.567187 0.074941 2.000000 0.631250 0.159251 1.000000 0.556250 0.140515 1.000000 0.609375 0.161593 2.000000 0.000000 0.000000 0.000000 0.610938 0.180328 1.000000 0.576562 0.182670 1.000000 0.000000 0.000000 0.000000 0.000000 0.000000 0.000000 0.000000 0.000000 0.000000 0.000000 0.000000 0.000000
