0 0.212648 0.694381 0.223922 0.462921 0.000000 0.000000 0.000000 0.000000 0.000000 0.000000 0.000000 0.000000 0.000000 0.217188 0.537383 2.000000 0.284375 0.563084 2.000000 0.160938 0.584112 2.000000 0.304688 0.682243 2.000000 0.000000 0.000000 0.000000 0.278125 0.817757 2.000000 0.000000 0.000000 0.000000 0.000000 0.000000 0.000000 0.131250 0.859813 2.000000 0.226562 0.894860 2.000000 0.142187 0.635514 2.000000 0.306250 0.806075 2.000000 0.000000 0.000000 0.000000 0.000000 0.000000 0.000000
0 0.153961 0.362932 0.162766 0.700911 0.210938 0.086449 2.000000 0.209375 0.070093 2.000000 0.196875 0.070093 2.000000 0.000000 0.000000 0.000000 0.162500 0.072430 2.000000 0.129688 0.133178 2.000000 0.195312 0.163551 2.000000 0.081250 0.217290 2.000000 0.198437 0.294393 2.000000 0.132812 0.296729 2.000000 0.218750 0.406542 2.000000 0.139063 0.397196 2.000000 0.185938 0.401869 2.000000 0.129688 0.542056 2.000000 0.176563 0.553738 1.000000 0.118750 0.686916 2.000000 0.000000 0.000000 0.000000
0 0.054781 0.355724 0.109563 0.711449 0.062500 0.035047 2.000000 0.000000 0.000000 0.000000 0.059375 0.025701 2.000000 0.000000 0.000000 0.000000 0.045312 0.032710 2.000000 0.000000 0.000000 0.000000 0.035937 0.119159 2.000000 0.000000 0.000000 0.000000 0.009375 0.219626 2.000000 0.000000 0.000000 0.000000 0.042188 0.294393 2.000000 0.000000 0.324766 2.000000 0.037500 0.324766 2.000000 0.015625 0.507009 2.000000 0.075000 0.518692 2.000000 0.007812 0.658879 2.000000 0.037500 0.682243 2.000000
0 0.275305 0.268820 0.110234 0.479556 0.000000 0.000000 0.000000 0.262500 0.084112 2.000000 0.000000 0.000000 0.000000 0.273438 0.088785 2.000000 0.000000 0.000000 0.000000 0.273438 0.154206 2.000000 0.320312 0.154206 2.000000 0.264062 0.252336 2.000000 0.317188 0.226636 2.000000 0.237500 0.231308 2.000000 0.260937 0.226636 2.000000 0.273438 0.315421 2.000000 0.307812 0.315421 2.000000 0.268750 0.429907 2.000000 0.289062 0.429907 2.000000 0.268750 0.553738 1.000000 0.285938 0.549065 1.000000
0 0.352164 0.253446 0.062203 0.415911 0.376563 0.086449 2.000000 0.000000 0.000000 0.000000 0.370312 0.081776 2.000000 0.000000 0.000000 0.000000 0.353125 0.086449 2.000000 0.373437 0.135514 2.000000 0.340625 0.140187 2.000000 0.000000 0.000000 0.000000 0.334375 0.196262 2.000000 0.000000 0.000000 0.000000 0.335938 0.261682 1.000000 0.365625 0.242991 1.000000 0.346875 0.240654 1.000000 0.364063 0.336449 2.000000 0.345313 0.331776 2.000000 0.356250 0.415888 2.000000 0.334375 0.422897 2.000000
0 0.621789 0.331951 0.127828 0.663902 0.000000 0.000000 0.000000 0.596875 0.053738 2.000000 0.000000 0.000000 0.000000 0.621875 0.063084 2.000000 0.000000 0.000000 0.000000 0.626563 0.137850 2.000000 0.675000 0.135514 2.000000 0.000000 0.000000 0.000000 0.000000 0.000000 0.000000 0.000000 0.000000 0.000000 0.000000 0.000000 0.000000 0.621875 0.359813 1.000000 0.664062 0.357477 2.000000 0.598437 0.481308 2.000000 0.646875 0.483645 2.000000 0.600000 0.621495 2.000000 0.656250 0.607477 1.000000
0 0.957820 0.255561 0.084359 0.504486 0.000000 0.000000 0.000000 0.000000 0.000000 0.000000 0.000000 0.000000 0.000000 0.000000 0.000000 0.000000 0.000000 0.000000 0.000000 0.000000 0.000000 0.000000 0.981250 0.154206 2.000000 0.000000 0.000000 0.000000 0.951562 0.275701 2.000000 0.000000 0.000000 0.000000 0.000000 0.000000 0.000000 0.000000 0.000000 0.000000 0.967187 0.378505 2.000000 0.000000 0.000000 0.000000 0.000000 0.000000 0.000000 0.000000 0.000000 0.000000 0.000000 0.000000 0.000000
0 0.445281 0.291390 0.122000 0.564182 0.484375 0.077103 1.000000 0.000000 0.000000 0.000000 0.481250 0.067757 2.000000 0.000000 0.000000 0.000000 0.465625 0.072430 2.000000 0.403125 0.137850 1.000000 0.476562 0.156542 1.000000 0.000000 0.000000 0.000000 0.000000 0.000000 0.000000 0.000000 0.000000 0.000000 0.000000 0.000000 0.000000 0.407813 0.366822 2.000000 0.456250 0.373832 2.000000 0.406250 0.504673 1.000000 0.451562 0.511682 2.000000 0.000000 0.000000 0.000000 0.448437 0.647196 1.000000
0 0.408320 0.682161 0.113797 0.468201 0.000000 0.000000 0.000000 0.000000 0.000000 0.000000 0.000000 0.000000 0.000000 0.000000 0.000000 0.000000 0.000000 0.000000 0.000000 0.382812 0.598131 2.000000 0.445312 0.600467 2.000000 0.360938 0.675234 2.000000 0.448437 0.668224 2.000000 0.000000 0.000000 0.000000 0.000000 0.000000 0.000000 0.387500 0.698598 2.000000 0.428125 0.700935 2.000000 0.379688 0.817757 2.000000 0.414062 0.817757 2.000000 0.371875 0.897196 2.000000 0.417187 0.892523 2.000000
0 0.564227 0.073657 0.070672 0.117874 0.540625 0.060748 2.000000 0.543750 0.056075 2.000000 0.537500 0.053738 1.000000 0.559375 0.060748 2.000000 0.000000 0.000000 0.000000 0.578125 0.105140 2.000000 0.534375 0.093458 2.000000 0.000000 0.000000 0.000000 0.000000 0.000000 0.000000 0.000000 0.000000 0.000000 0.000000 0.000000 0.000000 0.560937 0.177570 1.000000 0.531250 0.175234 1.000000 0.000000 0.000000 0.000000 0.000000 0.000000 0.000000 0.000000 0.000000 0.000000 0.000000 0.000000 0.000000
