0 0.600504 0.610742 0.488876 0.658266 0.480094 0.337500 2.000000 0.503513 0.321875 2.000000 0.000000 0.000000 0.000000 0.564403 0.325000 2.000000 0.000000 0.000000 0.000000 0.681499 0.384375 2.000000 0.477752 0.387500 2.000000 0.716628 0.459375 2.000000 0.555035 0.384375 2.000000 0.695550 0.384375 2.000000 0.676815 0.348438 2.000000 0.625293 0.587500 2.000000 0.540984 0.595313 2.000000 0.531616 0.721875 2.000000 0.597190 0.759375 2.000000 0.489461 0.900000 2.000000 0.765808 0.862500 2.000000
0 0.088806 0.456305 0.151803 0.185953 0.074941 0.392188 2.000000 0.081967 0.387500 2.000000 0.065574 0.387500 2.000000 0.000000 0.000000 0.000000 0.000000 0.000000 0.000000 0.103044 0.418750 2.000000 0.049180 0.418750 2.000000 0.145199 0.435937 2.000000 0.000000 0.439063 1.000000 0.107728 0.396875 2.000000 0.042155 0.403125 2.000000 0.103044 0.495312 2.000000 0.046838 0.495312 2.000000 0.000000 0.000000 0.000000 0.000000 0.000000 0.000000 0.000000 0.000000 0.000000 0.000000 0.000000 0.000000
0 0.263021 0.408680 0.178689 0.111516 0.245902 0.382812 2.000000 0.255269 0.376563 2.000000 0.236534 0.376563 2.000000 0.276347 0.378125 2.000000 0.224824 0.382812 2.000000 0.304450 0.414062 2.000000 0.196721 0.425000 2.000000 0.000000 0.000000 0.000000 0.000000 0.000000 0.000000 0.000000 0.000000 0.000000 0.000000 0.000000 0.000000 0.000000 0.000000 0.000000 0.000000 0.000000 0.000000 0.000000 0.000000 0.000000 0.000000 0.000000 0.000000 0.000000 0.000000 0.000000 0.000000 0.000000 0.000000
0 0.396651 0.400898 0.124918 0.105859 0.442623 0.398438 2.000000 0.000000 0.000000 0.000000 0.430913 0.392188 2.000000 0.000000 0.000000 0.000000 0.402810 0.395313 2.000000 0.454333 0.420312 2.000000 0.365340 0.428125 2.000000 0.000000 0.000000 0.000000 0.360656 0.465625 1.000000 0.000000 0.000000 0.000000 0.421546 0.457813 1.000000 0.000000 0.000000 0.000000 0.000000 0.000000 0.000000 0.000000 0.000000 0.000000 0.000000 0.000000 0.000000 0.000000 0.000000 0.000000 0.000000 0.000000 0.000000
0 0.317073 0.494203 0.151288 0.117531 0.320843 0.468750 2.000000 0.330211 0.464062 2.000000 0.311475 0.465625 2.000000 0.000000 0.000000 0.000000 0.297424 0.465625 2.000000 0.351288 0.489063 2.000000 0.276347 0.487500 2.000000 0.000000 0.000000 0.000000 0.255269 0.542188 1.000000 0.000000 0.000000 0.000000 0.313817 0.543750 2.000000 0.000000 0.000000 0.000000 0.000000 0.000000 0.000000 0.000000 0.000000 0.000000 0.000000 0.000000 0.000000 0.000000 0.000000 0.000000 0.000000 0.000000 0.000000
0 0.892389 0.503000 0.108290 0.077875 0.878220 0.493750 2.000000 0.892272 0.485938 2.000000 0.868852 0.484375 2.000000 0.913349 0.493750 1.000000 0.847775 0.493750 1.000000 0.929742 0.528125 2.000000 0.829040 0.528125 1.000000 0.000000 0.000000 0.000000 0.000000 0.000000 0.000000 0.000000 0.000000 0.000000 0.000000 0.000000 0.000000 0.000000 0.000000 0.000000 0.000000 0.000000 0.000000 0.000000 0.000000 0.000000 0.000000 0.000000 0.000000 0.000000 0.000000 0.000000 0.000000 0.000000 0.000000
0 0.778829 0.416242 0.129180 0.124172 0.747073 0.385937 2.000000 0.756440 0.379688 2.000000 0.735363 0.379688 2.000000 0.772834 0.384375 2.000000 0.000000 0.000000 0.000000 0.791569 0.404687 2.000000 0.718970 0.410938 1.000000 0.803279 0.446875 2.000000 0.000000 0.000000 0.000000 0.754098 0.429688 2.000000 0.000000 0.000000 0.000000 0.000000 0.000000 0.000000 0.000000 0.000000 0.000000 0.000000 0.000000 0.000000 0.000000 0.000000 0.000000 0.000000 0.000000 0.000000 0.000000 0.000000 0.000000
0 0.895281 0.427719 0.130468 0.106625 0.889930 0.401562 2.000000 0.896956 0.396875 2.000000 0.882904 0.396875 2.000000 0.913349 0.400000 2.000000 0.868852 0.404687 2.000000 0.939110 0.431250 2.000000 0.845433 0.435937 2.000000 0.946136 0.459375 2.000000 0.847775 0.456250 2.000000 0.936768 0.471875 2.000000 0.857143 0.471875 1.000000 0.918033 0.465625 2.000000 0.873536 0.467187 1.000000 0.000000 0.000000 0.000000 0.000000 0.000000 0.000000 0.000000 0.000000 0.000000 0.000000 0.000000 0.000000
0 0.170539 0.388789 0.122576 0.106234 0.152225 0.362500 2.000000 0.166276 0.353125 2.000000 0.140515 0.354687 2.000000 0.175644 0.357812 2.000000 0.124122 0.359375 2.000000 0.201405 0.390625 2.000000 0.105386 0.396875 1.000000 0.000000 0.000000 0.000000 0.000000 0.000000 0.000000 0.000000 0.000000 0.000000 0.000000 0.000000 0.000000 0.000000 0.000000 0.000000 0.000000 0.000000 0.000000 0.000000 0.000000 0.000000 0.000000 0.000000 0.000000 0.000000 0.000000 0.000000 0.000000 0.000000 0.000000
0 0.197049 0.513430 0.205621 0.093734 0.192037 0.503125 2.000000 0.201405 0.496875 2.000000 0.182670 0.500000 2.000000 0.222482 0.503125 2.000000 0.170960 0.504687 2.000000 0.257611 0.540625 2.000000 0.140515 0.539062 2.000000 0.000000 0.000000 0.000000 0.000000 0.000000 0.000000 0.000000 0.000000 0.000000 0.000000 0.000000 0.000000 0.000000 0.000000 0.000000 0.000000 0.000000 0.000000 0.000000 0.000000 0.000000 0.000000 0.000000 0.000000 0.000000 0.000000 0.000000 0.000000 0.000000 0.000000
0 0.450105 0.497047 0.110094 0.112563 0.000000 0.000000 0.000000 0.000000 0.000000 0.000000 0.000000 0.000000 0.000000 0.000000 0.000000 0.000000 0.000000 0.000000 0.000000 0.000000 0.000000 0.000000 0.428571 0.500000 2.000000 0.000000 0.000000 0.000000 0.414520 0.535937 2.000000 0.000000 0.000000 0.000000 0.423888 0.545312 2.000000 0.000000 0.000000 0.000000 0.000000 0.000000 0.000000 0.000000 0.000000 0.000000 0.000000 0.000000 0.000000 0.000000 0.000000 0.000000 0.000000 0.000000 0.000000
0 0.318806 0.370047 0.093724 0.089688 0.304450 0.353125 2.000000 0.311475 0.348438 2.000000 0.297424 0.346875 2.000000 0.000000 0.000000 0.000000 0.276347 0.351562 1.000000 0.351288 0.389062 2.000000 0.250585 0.389062 1.000000 0.000000 0.000000 0.000000 0.000000 0.000000 0.000000 0.000000 0.000000 0.000000 0.000000 0.000000 0.000000 0.000000 0.000000 0.000000 0.000000 0.000000 0.000000 0.000000 0.000000 0.000000 0.000000 0.000000 0.000000 0.000000 0.000000 0.000000 0.000000 0.000000 0.000000
