0 0.550984 0.564771 0.070187 0.304417 0.000000 0.000000 0.000000 0.000000 0.000000 0.000000 0.000000 0.000000 0.000000 0.000000 0.000000 0.000000 0.000000 0.000000 0.000000 0.526563 0.479167 2.000000 0.571875 0.472917 2.000000 0.000000 0.000000 0.000000 0.000000 0.000000 0.000000 0.000000 0.000000 0.000000 0.000000 0.000000 0.000000 0.539062 0.547917 2.000000 0.567187 0.545833 2.000000 0.534375 0.622917 2.000000 0.568750 0.625000 2.000000 0.532813 0.687500 2.000000 0.571875 0.695833 2.000000
0 0.694719 0.587646 0.101969 0.366333 0.000000 0.000000 0.000000 0.000000 0.000000 0.000000 0.000000 0.000000 0.000000 0.695312 0.437500 2.000000 0.720313 0.437500 2.000000 0.673438 0.477083 2.000000 0.735938 0.477083 2.000000 0.651563 0.541667 2.000000 0.735938 0.529167 2.000000 0.000000 0.000000 0.000000 0.000000 0.000000 0.000000 0.687500 0.597917 2.000000 0.729688 0.600000 2.000000 0.676562 0.697917 2.000000 0.718750 0.687500 2.000000 0.673438 0.758333 1.000000 0.726562 0.758333 1.000000
0 0.615992 0.572583 0.096828 0.336500 0.000000 0.000000 0.000000 0.000000 0.000000 0.000000 0.000000 0.000000 0.000000 0.000000 0.000000 0.000000 0.000000 0.000000 0.000000 0.596875 0.466667 2.000000 0.642188 0.466667 2.000000 0.575000 0.441667 2.000000 0.657813 0.441667 2.000000 0.598437 0.418750 2.000000 0.639062 0.416667 2.000000 0.604688 0.568750 2.000000 0.629687 0.568750 2.000000 0.601562 0.645833 2.000000 0.626563 0.647917 2.000000 0.603125 0.729167 2.000000 0.628125 0.729167 2.000000
0 0.487953 0.551750 0.070187 0.322917 0.000000 0.000000 0.000000 0.000000 0.000000 0.000000 0.000000 0.000000 0.000000 0.476562 0.412500 2.000000 0.495312 0.418750 2.000000 0.460938 0.454167 2.000000 0.504687 0.460417 2.000000 0.443750 0.504167 1.000000 0.512500 0.520833 2.000000 0.000000 0.000000 0.000000 0.000000 0.000000 0.000000 0.464062 0.545833 2.000000 0.495312 0.545833 2.000000 0.465625 0.612500 2.000000 0.487500 0.620833 2.000000 0.465625 0.691667 2.000000 0.478125 0.693750 2.000000
0 0.239937 0.515875 0.053687 0.252792 0.000000 0.000000 0.000000 0.000000 0.000000 0.000000 0.000000 0.000000 0.000000 0.000000 0.000000 0.000000 0.254688 0.422917 2.000000 0.220312 0.464583 2.000000 0.251563 0.462500 2.000000 0.000000 0.000000 0.000000 0.257812 0.518750 1.000000 0.000000 0.000000 0.000000 0.000000 0.000000 0.000000 0.223438 0.556250 2.000000 0.250000 0.558333 2.000000 0.235937 0.614583 2.000000 0.257812 0.610417 2.000000 0.000000 0.000000 0.000000 0.000000 0.000000 0.000000
0 0.337719 0.477156 0.053719 0.164021 0.000000 0.000000 0.000000 0.000000 0.000000 0.000000 0.000000 0.000000 0.000000 0.000000 0.000000 0.000000 0.337500 0.425000 2.000000 0.320312 0.443750 2.000000 0.329688 0.454167 2.000000 0.000000 0.000000 0.000000 0.356250 0.489583 2.000000 0.000000 0.000000 0.000000 0.345313 0.454167 2.000000 0.325000 0.537500 2.000000 0.332813 0.543750 2.000000 0.000000 0.000000 0.000000 0.000000 0.000000 0.000000 0.000000 0.000000 0.000000 0.000000 0.000000 0.000000
0 0.284141 0.484000 0.078063 0.220375 0.310937 0.412500 2.000000 0.309375 0.408333 2.000000 0.303125 0.408333 2.000000 0.000000 0.000000 0.000000 0.287500 0.408333 2.000000 0.268750 0.456250 2.000000 0.293750 0.458333 2.000000 0.000000 0.000000 0.000000 0.295312 0.522917 2.000000 0.000000 0.000000 0.000000 0.310937 0.572917 2.000000 0.270313 0.575000 2.000000 0.295312 0.577083 2.000000 0.000000 0.000000 0.000000 0.000000 0.000000 0.000000 0.000000 0.000000 0.000000 0.000000 0.000000 0.000000
0 0.174563 0.536333 0.087313 0.316917 0.000000 0.000000 0.000000 0.000000 0.000000 0.000000 0.000000 0.000000 0.000000 0.000000 0.000000 0.000000 0.000000 0.000000 0.000000 0.175000 0.435417 2.000000 0.168750 0.435417 2.000000 0.171875 0.500000 2.000000 0.176563 0.485417 2.000000 0.154688 0.514583 2.000000 0.203125 0.464583 2.000000 0.179688 0.558333 2.000000 0.173437 0.562500 2.000000 0.178125 0.597917 2.000000 0.171875 0.608333 2.000000 0.176563 0.675000 2.000000 0.167187 0.687500 1.000000
0 0.421375 0.470167 0.072625 0.187792 0.000000 0.000000 0.000000 0.000000 0.000000 0.000000 0.000000 0.000000 0.000000 0.406250 0.406250 2.000000 0.431250 0.408333 2.000000 0.393750 0.452083 2.000000 0.439063 0.454167 2.000000 0.390625 0.497917 2.000000 0.450000 0.500000 2.000000 0.000000 0.000000 0.000000 0.000000 0.000000 0.000000 0.400000 0.554167 2.000000 0.437500 0.558333 2.000000 0.000000 0.000000 0.000000 0.000000 0.000000 0.000000 0.000000 0.000000 0.000000 0.000000 0.000000 0.000000
0 0.384031 0.476406 0.045437 0.177771 0.000000 0.000000 0.000000 0.000000 0.000000 0.000000 0.000000 0.000000 0.000000 0.379688 0.414583 1.000000 0.400000 0.414583 2.000000 0.370312 0.452083 2.000000 0.410938 0.450000 1.000000 0.000000 0.000000 0.000000 0.000000 0.000000 0.000000 0.000000 0.000000 0.000000 0.000000 0.000000 0.000000 0.375000 0.556250 2.000000 0.401562 0.556250 1.000000 0.000000 0.000000 0.000000 0.000000 0.000000 0.000000 0.000000 0.000000 0.000000 0.000000 0.000000 0.000000
0 0.747898 0.697083 0.256359 0.390542 0.782813 0.581250 2.000000 0.784375 0.572917 2.000000 0.000000 0.000000 0.000000 0.801562 0.560417 2.000000 0.000000 0.000000 0.000000 0.840625 0.587500 2.000000 0.801562 0.577083 2.000000 0.809375 0.639583 2.000000 0.000000 0.000000 0.000000 0.806250 0.577083 2.000000 0.000000 0.000000 0.000000 0.818750 0.716667 2.000000 0.787500 0.695833 2.000000 0.748437 0.745833 2.000000 0.720313 0.731250 2.000000 0.757812 0.866667 2.000000 0.667188 0.827083 2.000000
