0 0.470617 0.637323 0.266797 0.725354 0.437500 0.381250 2.000000 0.453125 0.358333 2.000000 0.425000 0.360417 2.000000 0.478125 0.356250 2.000000 0.000000 0.000000 0.000000 0.529687 0.447917 2.000000 0.398438 0.462500 2.000000 0.568750 0.575000 2.000000 0.362500 0.595833 2.000000 0.548438 0.622917 2.000000 0.387500 0.656250 2.000000 0.517188 0.762500 2.000000 0.425000 0.762500 2.000000 0.503125 0.970833 2.000000 0.440625 0.954167 2.000000 0.000000 0.000000 0.000000 0.000000 0.000000 0.000000
0 0.961516 0.426969 0.069094 0.287646 0.946875 0.347917 2.000000 0.951562 0.341667 2.000000 0.000000 0.000000 0.000000 0.968750 0.337500 2.000000 0.000000 0.000000 0.000000 0.990625 0.362500 2.000000 0.950000 0.362500 2.000000 0.000000 0.000000 0.000000 0.935937 0.422917 2.000000 0.993750 0.452083 1.000000 0.959375 0.406250 2.000000 0.975000 0.481250 1.000000 0.946875 0.481250 2.000000 0.000000 0.000000 0.000000 0.943750 0.541667 1.000000 0.000000 0.000000 0.000000 0.937500 0.610417 1.000000
0 0.253063 0.477365 0.075313 0.250521 0.221875 0.404167 2.000000 0.225000 0.395833 2.000000 0.000000 0.000000 0.000000 0.245312 0.393750 2.000000 0.000000 0.000000 0.000000 0.245312 0.439583 2.000000 0.278125 0.433333 2.000000 0.000000 0.000000 0.000000 0.000000 0.000000 0.000000 0.000000 0.000000 0.000000 0.000000 0.000000 0.000000 0.251563 0.554167 2.000000 0.273438 0.552083 2.000000 0.000000 0.000000 0.000000 0.000000 0.000000 0.000000 0.000000 0.000000 0.000000 0.000000 0.000000 0.000000
0 0.167344 0.513542 0.075187 0.329875 0.162500 0.389583 2.000000 0.168750 0.381250 2.000000 0.156250 0.381250 2.000000 0.181250 0.383333 2.000000 0.000000 0.000000 0.000000 0.204687 0.425000 1.000000 0.140625 0.437500 2.000000 0.217188 0.487500 1.000000 0.142187 0.510417 2.000000 0.182812 0.525000 2.000000 0.181250 0.533333 2.000000 0.200000 0.531250 1.000000 0.164062 0.533333 2.000000 0.196875 0.627083 1.000000 0.170313 0.629167 2.000000 0.203125 0.756250 1.000000 0.175000 0.762500 1.000000
0 0.125984 0.634375 0.062594 0.192083 0.121875 0.572917 2.000000 0.121875 0.564583 2.000000 0.115625 0.568750 2.000000 0.000000 0.000000 0.000000 0.106250 0.568750 2.000000 0.134375 0.587500 2.000000 0.103125 0.606250 2.000000 0.000000 0.000000 0.000000 0.110937 0.637500 2.000000 0.000000 0.000000 0.000000 0.128125 0.627083 2.000000 0.145313 0.650000 2.000000 0.123438 0.664583 2.000000 0.000000 0.000000 0.000000 0.000000 0.000000 0.000000 0.000000 0.000000 0.000000 0.000000 0.000000 0.000000
0 0.046039 0.600010 0.088766 0.084104 0.000000 0.000000 0.000000 0.000000 0.000000 0.000000 0.000000 0.000000 0.000000 0.000000 0.000000 0.000000 0.000000 0.000000 0.000000 0.031250 0.564583 1.000000 0.000000 0.000000 0.000000 0.084375 0.631250 2.000000 0.000000 0.000000 0.000000 0.042188 0.583333 2.000000 0.000000 0.000000 0.000000 0.028125 0.679167 1.000000 0.000000 0.000000 0.000000 0.000000 0.000000 0.000000 0.000000 0.000000 0.000000 0.000000 0.000000 0.000000 0.000000 0.000000 0.000000
0 0.677852 0.510281 0.100672 0.384771 0.679688 0.347917 2.000000 0.684375 0.337500 2.000000 0.673438 0.337500 2.000000 0.000000 0.000000 0.000000 0.660937 0.341667 2.000000 0.707812 0.393750 2.000000 0.651563 0.389583 2.000000 0.721875 0.450000 2.000000 0.646875 0.445833 2.000000 0.701562 0.479167 2.000000 0.000000 0.000000 0.000000 0.690625 0.508333 2.000000 0.656250 0.506250 2.000000 0.693750 0.585417 2.000000 0.654687 0.564583 2.000000 0.693750 0.658333 2.000000 0.654687 0.654167 2.000000
0 0.617781 0.461406 0.058781 0.253562 0.000000 0.000000 0.000000 0.000000 0.000000 0.000000 0.000000 0.000000 0.000000 0.000000 0.000000 0.000000 0.000000 0.000000 0.000000 0.603125 0.389583 2.000000 0.634375 0.389583 2.000000 0.593750 0.416667 2.000000 0.000000 0.000000 0.000000 0.000000 0.000000 0.000000 0.000000 0.000000 0.000000 0.612500 0.460417 1.000000 0.635938 0.458333 2.000000 0.618750 0.514583 2.000000 0.632812 0.510417 2.000000 0.625000 0.568750 2.000000 0.629687 0.562500 2.000000
0 0.771969 0.501563 0.071563 0.347750 0.804688 0.362500 2.000000 0.000000 0.000000 0.000000 0.798438 0.356250 2.000000 0.000000 0.000000 0.000000 0.782813 0.352083 2.000000 0.792188 0.387500 2.000000 0.779687 0.387500 2.000000 0.000000 0.000000 0.000000 0.750000 0.425000 2.000000 0.804688 0.400000 1.000000 0.775000 0.454167 2.000000 0.785937 0.466667 2.000000 0.779687 0.466667 2.000000 0.779687 0.579167 2.000000 0.775000 0.579167 2.000000 0.781250 0.641667 2.000000 0.778125 0.650000 2.000000
0 0.745375 0.447479 0.050156 0.287625 0.000000 0.000000 0.000000 0.000000 0.000000 0.000000 0.000000 0.000000 0.000000 0.000000 0.000000 0.000000 0.754687 0.325000 2.000000 0.739062 0.352083 2.000000 0.746875 0.356250 2.000000 0.000000 0.000000 0.000000 0.751563 0.402083 2.000000 0.000000 0.000000 0.000000 0.000000 0.000000 0.000000 0.735938 0.435417 2.000000 0.743750 0.439583 2.000000 0.737500 0.495833 2.000000 0.746875 0.497917 2.000000 0.728125 0.543750 2.000000 0.742188 0.547917 2.000000
0 0.946633 0.728094 0.106734 0.543812 0.000000 0.000000 0.000000 0.000000 0.000000 0.000000 0.000000 0.000000 0.000000 0.000000 0.000000 0.000000 0.000000 0.000000 0.000000 0.934375 0.587500 2.000000 0.000000 0.000000 0.000000 0.900000 0.664583 2.000000 0.000000 0.000000 0.000000 0.000000 0.000000 0.000000 0.000000 0.000000 0.000000 0.964063 0.741667 2.000000 0.000000 0.000000 0.000000 0.962500 0.914583 2.000000 0.000000 0.000000 0.000000 0.000000 0.000000 0.000000 0.000000 0.000000 0.000000
0 0.205586 0.536271 0.086703 0.247542 0.196875 0.464583 2.000000 0.203125 0.456250 2.000000 0.195312 0.456250 2.000000 0.223438 0.460417 2.000000 0.000000 0.000000 0.000000 0.234375 0.506250 2.000000 0.203125 0.497917 2.000000 0.235937 0.568750 2.000000 0.000000 0.000000 0.000000 0.196875 0.552083 2.000000 0.000000 0.000000 0.000000 0.220312 0.629167 2.000000 0.195312 0.622917 2.000000 0.000000 0.000000 0.000000 0.000000 0.000000 0.000000 0.000000 0.000000 0.000000 0.000000 0.000000 0.000000
