0 0.860984 0.685960 0.130500 0.248735 0.850000 0.615925 2.000000 0.854688 0.604215 2.000000 0.842187 0.608899 2.000000 0.000000 0.000000 0.000000 0.826562 0.613583 2.000000 0.893750 0.639344 2.000000 0.817187 0.648712 2.000000 0.914062 0.723653 1.000000 0.809375 0.711944 2.000000 0.870313 0.763466 2.000000 0.812500 0.751756 2.000000 0.000000 0.000000 0.000000 0.000000 0.000000 0.000000 0.000000 0.000000 0.000000 0.000000 0.000000 0.000000 0.000000 0.000000 0.000000 0.000000 0.000000 0.000000
0 0.895945 0.560117 0.103453 0.186885 0.873437 0.519906 2.000000 0.881250 0.517564 2.000000 0.000000 0.000000 0.000000 0.000000 0.000000 0.000000 0.000000 0.000000 0.000000 0.925000 0.552693 2.000000 0.864062 0.552693 2.000000 0.934375 0.618267 2.000000 0.000000 0.000000 0.000000 0.906250 0.533958 2.000000 0.000000 0.000000 0.000000 0.000000 0.000000 0.000000 0.000000 0.000000 0.000000 0.000000 0.000000 0.000000 0.000000 0.000000 0.000000 0.000000 0.000000 0.000000 0.000000 0.000000 0.000000
0 0.757398 0.624567 0.106859 0.328806 0.768750 0.503513 2.000000 0.000000 0.000000 0.000000 0.762500 0.496487 2.000000 0.000000 0.000000 0.000000 0.000000 0.000000 0.000000 0.782813 0.548009 2.000000 0.715625 0.573770 2.000000 0.796875 0.620609 2.000000 0.720313 0.651054 1.000000 0.793750 0.674473 2.000000 0.760938 0.697892 1.000000 0.789062 0.686183 2.000000 0.746875 0.700234 1.000000 0.000000 0.000000 0.000000 0.000000 0.000000 0.000000 0.000000 0.000000 0.000000 0.000000 0.000000 0.000000
0 0.134937 0.662916 0.062969 0.157307 0.114062 0.637002 2.000000 0.120313 0.632319 2.000000 0.000000 0.000000 0.000000 0.139063 0.629977 2.000000 0.000000 0.000000 0.000000 0.164062 0.672131 2.000000 0.115625 0.672131 2.000000 0.000000 0.000000 0.000000 0.115625 0.735363 1.000000 0.000000 0.000000 0.000000 0.107813 0.782201 1.000000 0.171875 0.770492 1.000000 0.129688 0.768150 1.000000 0.000000 0.000000 0.000000 0.000000 0.000000 0.000000 0.000000 0.000000 0.000000 0.000000 0.000000 0.000000
0 0.665680 0.548677 0.061328 0.109719 0.685937 0.550351 2.000000 0.000000 0.000000 0.000000 0.678125 0.545667 2.000000 0.000000 0.000000 0.000000 0.000000 0.000000 0.000000 0.000000 0.000000 0.000000 0.000000 0.000000 0.000000 0.000000 0.000000 0.000000 0.000000 0.000000 0.000000 0.000000 0.000000 0.000000 0.000000 0.000000 0.000000 0.000000 0.000000 0.000000 0.000000 0.000000 0.000000 0.000000 0.000000 0.000000 0.000000 0.000000 0.000000 0.000000 0.000000 0.000000 0.000000 0.000000 0.000000
0 0.715562 0.385082 0.094906 0.298595 0.710938 0.271663 2.000000 0.714063 0.264637 2.000000 0.704688 0.266979 2.000000 0.000000 0.000000 0.000000 0.692187 0.283372 2.000000 0.725000 0.318501 2.000000 0.684375 0.332553 2.000000 0.739062 0.374707 2.000000 0.687500 0.388759 2.000000 0.754687 0.388759 2.000000 0.729688 0.393443 2.000000 0.742188 0.435597 1.000000 0.712500 0.442623 2.000000 0.000000 0.000000 0.000000 0.000000 0.000000 0.000000 0.000000 0.000000 0.000000 0.000000 0.000000 0.000000
0 0.703320 0.719660 0.152328 0.255012 0.710938 0.653396 2.000000 0.000000 0.000000 0.000000 0.692187 0.651054 2.000000 0.000000 0.000000 0.000000 0.667188 0.669789 2.000000 0.684375 0.718970 2.000000 0.646875 0.744731 1.000000 0.709375 0.812646 2.000000 0.000000 0.000000 0.000000 0.768750 0.824356 2.000000 0.000000 0.000000 0.000000 0.653125 0.896956 1.000000 0.626563 0.929742 1.000000 0.000000 0.000000 0.000000 0.000000 0.000000 0.000000 0.000000 0.000000 0.000000 0.000000 0.000000 0.000000
0 0.036734 0.634836 0.070469 0.168548 0.000000 0.000000 0.000000 0.000000 0.578454 1.000000 0.000000 0.000000 0.000000 0.000000 0.000000 0.000000 0.000000 0.000000 0.000000 0.031250 0.611241 2.000000 0.000000 0.000000 0.000000 0.060937 0.658080 2.000000 0.000000 0.000000 0.000000 0.059375 0.721311 1.000000 0.000000 0.000000 0.000000 0.039062 0.718970 1.000000 0.000000 0.000000 0.000000 0.000000 0.000000 0.000000 0.000000 0.000000 0.000000 0.000000 0.000000 0.000000 0.000000 0.000000 0.000000
0 0.612633 0.887237 0.146922 0.225527 0.651563 0.871194 2.000000 0.000000 0.000000 0.000000 0.640625 0.854801 2.000000 0.000000 0.000000 0.000000 0.000000 0.000000 0.000000 0.560937 0.939110 2.000000 0.623437 0.974239 2.000000 0.000000 0.000000 0.000000 0.000000 0.000000 0.000000 0.000000 0.000000 0.000000 0.659375 0.960187 2.000000 0.000000 0.000000 0.000000 0.000000 0.000000 0.000000 0.000000 0.000000 0.000000 0.000000 0.000000 0.000000 0.000000 0.000000 0.000000 0.000000 0.000000 0.000000
0 0.062734 0.573770 0.097500 0.272834 0.021875 0.482436 2.000000 0.026562 0.468384 2.000000 0.017188 0.473068 2.000000 0.040625 0.459016 2.000000 0.000000 0.000000 0.000000 0.059375 0.489461 2.000000 0.029687 0.505855 2.000000 0.000000 0.000000 0.000000 0.000000 0.000000 0.000000 0.000000 0.000000 0.000000 0.000000 0.000000 0.000000 0.071875 0.587822 2.000000 0.056250 0.590164 2.000000 0.093750 0.669789 2.000000 0.076563 0.681499 2.000000 0.000000 0.000000 0.000000 0.000000 0.000000 0.000000
0 0.675617 0.855597 0.126453 0.288806 0.696875 0.777518 2.000000 0.000000 0.000000 0.000000 0.678125 0.770492 2.000000 0.000000 0.000000 0.000000 0.650000 0.789227 2.000000 0.000000 0.000000 0.000000 0.670312 0.866511 2.000000 0.000000 0.000000 0.000000 0.000000 0.000000 0.000000 0.000000 0.000000 0.000000 0.000000 0.000000 0.000000 0.000000 0.000000 0.000000 0.000000 0.000000 0.000000 0.000000 0.000000 0.000000 0.795312 0.913349 1.000000 0.000000 0.000000 0.000000 0.000000 0.000000 0.000000
0 0.919969 0.920211 0.148187 0.159578 0.000000 0.000000 0.000000 0.000000 0.000000 0.000000 0.000000 0.000000 0.000000 0.000000 0.000000 0.000000 0.960938 0.971897 2.000000 0.000000 0.000000 0.000000 0.000000 0.000000 0.000000 0.000000 0.000000 0.000000 0.000000 0.000000 0.000000 0.000000 0.000000 0.000000 0.000000 0.000000 0.000000 0.000000 0.000000 0.000000 0.000000 0.000000 0.000000 0.000000 0.000000 0.000000 0.000000 0.000000 0.000000 0.000000 0.000000 0.000000 0.000000 0.000000 0.000000
