0 0.212609 0.574158 0.194156 0.824726 0.270313 0.258206 2.000000 0.000000 0.000000 0.000000 0.257812 0.245077 2.000000 0.000000 0.000000 0.000000 0.218750 0.260394 2.000000 0.253125 0.371991 2.000000 0.182812 0.358862 2.000000 0.276562 0.492341 2.000000 0.173437 0.479212 2.000000 0.287500 0.614880 2.000000 0.192188 0.588621 2.000000 0.231250 0.612691 2.000000 0.168750 0.606127 2.000000 0.215625 0.776805 2.000000 0.168750 0.774617 2.000000 0.201563 0.923414 2.000000 0.151562 0.925602 2.000000
0 0.327344 0.557298 0.173313 0.835952 0.328125 0.260394 2.000000 0.340625 0.245077 2.000000 0.310937 0.240700 2.000000 0.000000 0.000000 0.000000 0.000000 0.000000 0.000000 0.371875 0.356674 2.000000 0.259375 0.339168 1.000000 0.389062 0.485777 2.000000 0.000000 0.000000 0.000000 0.389062 0.544858 2.000000 0.307812 0.533917 2.000000 0.356250 0.617068 2.000000 0.298438 0.608315 2.000000 0.343750 0.778993 2.000000 0.300000 0.776805 2.000000 0.325000 0.916849 2.000000 0.281250 0.925602 2.000000
0 0.556813 0.547188 0.157250 0.824705 0.584375 0.242888 2.000000 0.000000 0.000000 0.000000 0.573438 0.225383 2.000000 0.000000 0.000000 0.000000 0.528125 0.245077 2.000000 0.585938 0.341357 2.000000 0.512500 0.341357 2.000000 0.000000 0.000000 0.000000 0.509375 0.468271 2.000000 0.000000 0.000000 0.000000 0.548438 0.573304 2.000000 0.600000 0.584245 2.000000 0.542188 0.586433 2.000000 0.595313 0.750547 2.000000 0.551562 0.748359 2.000000 0.578125 0.894967 2.000000 0.523438 0.910284 2.000000
0 0.688562 0.536554 0.196781 0.828118 0.645312 0.229759 1.000000 0.660937 0.212254 2.000000 0.628125 0.212254 2.000000 0.000000 0.000000 0.000000 0.601562 0.225383 1.000000 0.693750 0.332604 1.000000 0.603125 0.347921 1.000000 0.739062 0.455142 2.000000 0.000000 0.000000 0.000000 0.748437 0.549234 2.000000 0.000000 0.000000 0.000000 0.698438 0.573304 2.000000 0.631250 0.577681 1.000000 0.701562 0.724289 2.000000 0.639062 0.730853 1.000000 0.704688 0.905908 2.000000 0.650000 0.899344 2.000000
0 0.621156 0.102932 0.163781 0.204858 0.584375 0.072210 2.000000 0.593750 0.052516 2.000000 0.578125 0.052516 2.000000 0.618750 0.052516 2.000000 0.000000 0.000000 0.000000 0.668750 0.129103 2.000000 0.562500 0.135667 2.000000 0.000000 0.000000 0.000000 0.000000 0.000000 0.000000 0.000000 0.000000 0.000000 0.000000 0.000000 0.000000 0.000000 0.000000 0.000000 0.000000 0.000000 0.000000 0.000000 0.000000 0.000000 0.000000 0.000000 0.000000 0.000000 0.000000 0.000000 0.000000 0.000000 0.000000
0 0.983281 0.441444 0.033437 0.641882 0.000000 0.000000 0.000000 0.000000 0.000000 0.000000 0.000000 0.000000 0.000000 0.000000 0.000000 0.000000 0.000000 0.000000 0.000000 0.000000 0.000000 0.000000 0.979688 0.153173 2.000000 0.000000 0.000000 0.000000 0.990625 0.256018 2.000000 0.000000 0.000000 0.000000 0.000000 0.000000 0.000000 0.000000 0.000000 0.000000 0.993750 0.391685 2.000000 0.000000 0.000000 0.000000 0.993750 0.553611 2.000000 0.000000 0.000000 0.000000 0.993750 0.713348 2.000000
0 0.941273 0.382024 0.117453 0.764048 0.979688 0.056893 2.000000 0.987500 0.041575 2.000000 0.968750 0.043764 2.000000 0.000000 0.000000 0.000000 0.948438 0.059081 2.000000 0.000000 0.000000 0.000000 0.925000 0.146608 2.000000 0.000000 0.000000 0.000000 0.909375 0.282276 2.000000 0.000000 0.000000 0.000000 0.912500 0.382932 2.000000 0.000000 0.000000 0.000000 0.954688 0.385120 2.000000 0.000000 0.000000 0.000000 0.946875 0.564551 2.000000 0.000000 0.000000 0.000000 0.945312 0.704595 2.000000
0 0.427641 0.392133 0.152438 0.770788 0.000000 0.000000 0.000000 0.000000 0.000000 0.000000 0.000000 0.000000 0.000000 0.000000 0.000000 0.000000 0.000000 0.000000 0.000000 0.478125 0.124726 2.000000 0.360938 0.120350 1.000000 0.471875 0.216630 2.000000 0.000000 0.000000 0.000000 0.417187 0.150985 2.000000 0.368750 0.126915 2.000000 0.460938 0.321663 2.000000 0.390625 0.319475 2.000000 0.462500 0.509847 2.000000 0.414062 0.529540 2.000000 0.473438 0.719912 2.000000 0.417187 0.704595 2.000000
0 0.811797 0.379562 0.227656 0.756937 0.817187 0.026258 2.000000 0.832812 0.015317 2.000000 0.809375 0.013129 2.000000 0.851562 0.039387 2.000000 0.000000 0.000000 0.000000 0.867188 0.096280 2.000000 0.773438 0.083151 1.000000 0.879687 0.175055 2.000000 0.715625 0.148796 2.000000 0.809375 0.098468 2.000000 0.734375 0.076586 2.000000 0.857812 0.437637 2.000000 0.792188 0.433260 2.000000 0.881250 0.573304 2.000000 0.792188 0.573304 2.000000 0.898438 0.713348 2.000000 0.793750 0.706783 2.000000
0 0.177516 0.178096 0.181812 0.327965 0.215625 0.070022 2.000000 0.218750 0.054705 2.000000 0.207813 0.054705 2.000000 0.000000 0.000000 0.000000 0.195312 0.050328 1.000000 0.253125 0.153173 2.000000 0.129688 0.146608 2.000000 0.254688 0.192560 1.000000 0.096875 0.264770 2.000000 0.223438 0.118162 2.000000 0.121875 0.229759 2.000000 0.000000 0.000000 0.000000 0.000000 0.000000 0.000000 0.000000 0.000000 0.000000 0.000000 0.000000 0.000000 0.000000 0.000000 0.000000 0.000000 0.000000 0.000000
0 0.027656 0.439606 0.055313 0.672429 0.000000 0.000000 0.000000 0.001563 0.015317 1.000000 0.000000 0.000000 0.000000 0.012500 0.041575 1.000000 0.000000 0.000000 0.000000 0.034375 0.140044 2.000000 0.000000 0.000000 0.000000 0.020313 0.245077 2.000000 0.000000 0.000000 0.000000 0.000000 0.000000 0.000000 0.000000 0.000000 0.000000 0.006250 0.358862 1.000000 0.000000 0.000000 0.000000 0.017188 0.564551 2.000000 0.000000 0.000000 0.000000 0.007812 0.717724 2.000000 0.000000 0.000000 0.000000
