0 0.053562 0.602494 0.105656 0.398197 0.039062 0.442623 2.000000 0.046875 0.435597 2.000000 0.034375 0.435597 2.000000 0.059375 0.440281 2.000000 0.000000 0.000000 0.000000 0.073438 0.487119 2.000000 0.037500 0.489461 2.000000 0.100000 0.543326 2.000000 0.007812 0.531616 2.000000 0.065625 0.571429 2.000000 0.000000 0.000000 0.000000 0.067187 0.608899 2.000000 0.039062 0.606557 2.000000 0.076563 0.683841 2.000000 0.020313 0.683841 2.000000 0.092188 0.758782 2.000000 0.031250 0.758782 2.000000
0 0.746734 0.562482 0.105375 0.289227 0.753125 0.444965 2.000000 0.756250 0.440281 2.000000 0.000000 0.000000 0.000000 0.770312 0.442623 2.000000 0.000000 0.000000 0.000000 0.778125 0.473068 2.000000 0.756250 0.470726 1.000000 0.793750 0.515222 2.000000 0.000000 0.000000 0.000000 0.779687 0.545667 2.000000 0.000000 0.000000 0.000000 0.764062 0.552693 2.000000 0.759375 0.552693 2.000000 0.760938 0.625293 2.000000 0.740625 0.620609 2.000000 0.768750 0.679157 2.000000 0.732812 0.676815 2.000000
0 0.684750 0.555948 0.063969 0.292272 0.681250 0.433255 2.000000 0.684375 0.428571 2.000000 0.678125 0.428571 2.000000 0.693750 0.435597 2.000000 0.000000 0.000000 0.000000 0.701562 0.473068 2.000000 0.667188 0.470726 2.000000 0.706250 0.529274 2.000000 0.659375 0.522248 2.000000 0.703125 0.555035 2.000000 0.656250 0.552693 2.000000 0.695312 0.552693 2.000000 0.667188 0.550351 2.000000 0.692187 0.608899 2.000000 0.675000 0.604215 2.000000 0.692187 0.672131 2.000000 0.678125 0.676815 2.000000
0 0.595805 0.552927 0.061609 0.337845 0.593750 0.423888 2.000000 0.596875 0.414520 2.000000 0.589063 0.414520 2.000000 0.607812 0.416862 2.000000 0.000000 0.000000 0.000000 0.618750 0.454333 2.000000 0.575000 0.463700 2.000000 0.612500 0.468384 2.000000 0.573438 0.508197 2.000000 0.593750 0.442623 2.000000 0.570312 0.531616 2.000000 0.606250 0.548009 2.000000 0.578125 0.545667 2.000000 0.604688 0.627635 2.000000 0.582812 0.599532 2.000000 0.601562 0.667447 2.000000 0.589063 0.676815 2.000000
0 0.514102 0.563208 0.095453 0.350117 0.512500 0.423888 2.000000 0.515625 0.419204 2.000000 0.507812 0.419204 2.000000 0.531250 0.419204 2.000000 0.000000 0.000000 0.000000 0.540625 0.456674 2.000000 0.506250 0.456674 2.000000 0.550000 0.515222 2.000000 0.490625 0.489461 2.000000 0.542188 0.552693 2.000000 0.478125 0.456674 2.000000 0.526563 0.562061 2.000000 0.501563 0.562061 2.000000 0.529687 0.634660 2.000000 0.506250 0.637002 2.000000 0.534375 0.707260 2.000000 0.515625 0.707260 2.000000
0 0.338828 0.552916 0.082281 0.325129 0.328125 0.421546 2.000000 0.331250 0.414520 2.000000 0.323437 0.414520 2.000000 0.340625 0.416862 2.000000 0.000000 0.000000 0.000000 0.353125 0.459016 2.000000 0.321875 0.459016 2.000000 0.360938 0.496487 2.000000 0.310937 0.496487 2.000000 0.368750 0.543326 2.000000 0.312500 0.540984 2.000000 0.346875 0.550351 2.000000 0.323437 0.548009 2.000000 0.350000 0.601874 2.000000 0.329688 0.606557 2.000000 0.356250 0.683841 2.000000 0.332813 0.676815 2.000000
0 0.871805 0.581920 0.092016 0.355550 0.876563 0.440281 2.000000 0.881250 0.433255 2.000000 0.873437 0.433255 2.000000 0.889062 0.433255 2.000000 0.865625 0.435597 2.000000 0.901563 0.477752 2.000000 0.856250 0.473068 2.000000 0.910937 0.529274 2.000000 0.835938 0.510539 2.000000 0.000000 0.000000 0.000000 0.845313 0.552693 2.000000 0.890625 0.573770 1.000000 0.867188 0.573770 2.000000 0.892188 0.646370 1.000000 0.867188 0.648712 2.000000 0.893750 0.700234 2.000000 0.873437 0.733021 2.000000
0 0.437727 0.544450 0.058078 0.287588 0.432812 0.435597 2.000000 0.435937 0.426230 2.000000 0.000000 0.000000 0.000000 0.446875 0.426230 2.000000 0.000000 0.000000 0.000000 0.443750 0.456674 2.000000 0.460938 0.449649 2.000000 0.446875 0.496487 2.000000 0.000000 0.000000 0.000000 0.437500 0.536300 2.000000 0.000000 0.000000 0.000000 0.446875 0.519906 2.000000 0.462500 0.522248 1.000000 0.434375 0.601874 2.000000 0.000000 0.000000 0.000000 0.426563 0.658080 2.000000 0.000000 0.000000 0.000000
0 0.533031 0.534005 0.085062 0.288244 0.543750 0.412178 1.000000 0.548438 0.412178 2.000000 0.000000 0.000000 0.000000 0.559375 0.419204 2.000000 0.000000 0.000000 0.000000 0.567187 0.449649 2.000000 0.539062 0.437939 1.000000 0.000000 0.000000 0.000000 0.525000 0.440281 1.000000 0.000000 0.000000 0.000000 0.506250 0.428571 2.000000 0.556250 0.515222 1.000000 0.545312 0.510539 1.000000 0.560937 0.590164 2.000000 0.560937 0.583138 2.000000 0.560937 0.641686 2.000000 0.589063 0.634660 1.000000
0 0.926070 0.713689 0.147859 0.572623 0.953125 0.487119 2.000000 0.962500 0.477752 2.000000 0.945312 0.475410 2.000000 0.975000 0.477752 2.000000 0.929688 0.477752 2.000000 0.993750 0.550351 2.000000 0.915625 0.548009 2.000000 0.000000 0.000000 0.000000 0.887500 0.629977 2.000000 0.000000 0.000000 0.000000 0.865625 0.718970 2.000000 0.981250 0.740047 2.000000 0.928125 0.735363 2.000000 0.975000 0.861827 2.000000 0.935937 0.866511 2.000000 0.970313 0.969555 2.000000 0.935937 0.985948 2.000000
