0 0.118820 0.414604 0.237641 0.811250 0.000000 0.000000 0.000000 0.000000 0.000000 0.000000 0.000000 0.000000 0.000000 0.000000 0.000000 0.000000 0.000000 0.000000 0.000000 0.131250 0.127083 2.000000 0.012500 0.106250 2.000000 0.218750 0.227083 2.000000 0.000000 0.000000 0.000000 0.000000 0.000000 0.000000 0.000000 0.000000 0.000000 0.112500 0.325000 2.000000 0.025000 0.314583 2.000000 0.100000 0.566667 2.000000 0.017188 0.547917 2.000000 0.075000 0.754167 2.000000 0.001563 0.739583 2.000000
0 0.236750 0.368823 0.168219 0.570813 0.000000 0.000000 0.000000 0.000000 0.000000 0.000000 0.000000 0.000000 0.000000 0.000000 0.000000 0.000000 0.000000 0.000000 0.000000 0.167187 0.187500 1.000000 0.271875 0.189583 2.000000 0.000000 0.000000 0.000000 0.301563 0.272917 2.000000 0.000000 0.000000 0.000000 0.264062 0.320833 2.000000 0.181250 0.310417 2.000000 0.240625 0.310417 2.000000 0.182812 0.462500 2.000000 0.250000 0.464583 2.000000 0.184375 0.612500 2.000000 0.245312 0.606250 2.000000
0 0.335852 0.393792 0.124266 0.395083 0.000000 0.000000 0.000000 0.000000 0.000000 0.000000 0.000000 0.000000 0.000000 0.307812 0.218750 1.000000 0.334375 0.222917 2.000000 0.290625 0.270833 1.000000 0.351562 0.270833 2.000000 0.268750 0.322917 1.000000 0.367188 0.325000 2.000000 0.289062 0.356250 2.000000 0.381250 0.381250 2.000000 0.301563 0.364583 2.000000 0.340625 0.360417 2.000000 0.301563 0.472917 2.000000 0.340625 0.468750 2.000000 0.306250 0.562500 2.000000 0.331250 0.547917 2.000000
0 0.380516 0.441760 0.078563 0.294937 0.000000 0.000000 0.000000 0.000000 0.000000 0.000000 0.000000 0.000000 0.000000 0.000000 0.000000 0.000000 0.000000 0.000000 0.000000 0.000000 0.000000 0.000000 0.381250 0.337500 2.000000 0.000000 0.000000 0.000000 0.407813 0.366667 2.000000 0.000000 0.000000 0.000000 0.407813 0.395833 1.000000 0.000000 0.000000 0.000000 0.371875 0.420833 1.000000 0.000000 0.000000 0.000000 0.375000 0.479167 2.000000 0.000000 0.000000 0.000000 0.376563 0.547917 2.000000
0 0.467469 0.441948 0.138344 0.296646 0.000000 0.000000 0.000000 0.000000 0.000000 0.000000 0.000000 0.000000 0.000000 0.456250 0.322917 2.000000 0.482812 0.320833 2.000000 0.453125 0.352083 2.000000 0.495312 0.350000 2.000000 0.431250 0.370833 2.000000 0.523438 0.383333 2.000000 0.418750 0.387500 2.000000 0.531250 0.393750 2.000000 0.459375 0.454167 2.000000 0.492188 0.452083 2.000000 0.457813 0.512500 2.000000 0.498437 0.514583 2.000000 0.451562 0.585417 2.000000 0.504687 0.583333 2.000000
0 0.594594 0.420583 0.079781 0.346250 0.000000 0.000000 0.000000 0.000000 0.000000 0.000000 0.000000 0.000000 0.000000 0.000000 0.000000 0.000000 0.000000 0.000000 0.000000 0.582812 0.302083 2.000000 0.617188 0.300000 1.000000 0.556250 0.329167 2.000000 0.000000 0.000000 0.000000 0.000000 0.000000 0.000000 0.000000 0.000000 0.000000 0.576562 0.393750 2.000000 0.610938 0.391667 1.000000 0.581250 0.485417 1.000000 0.614062 0.489583 2.000000 0.575000 0.560417 2.000000 0.617188 0.568750 2.000000
0 0.664680 0.399938 0.150109 0.403250 0.000000 0.000000 0.000000 0.000000 0.000000 0.000000 0.000000 0.000000 0.000000 0.000000 0.000000 0.000000 0.000000 0.000000 0.000000 0.640625 0.270833 2.000000 0.700000 0.270833 2.000000 0.610938 0.304167 2.000000 0.723437 0.318750 2.000000 0.603125 0.356250 2.000000 0.726562 0.364583 2.000000 0.643750 0.383333 2.000000 0.695312 0.387500 2.000000 0.642188 0.468750 2.000000 0.676562 0.470833 2.000000 0.640625 0.533333 2.000000 0.673438 0.550000 2.000000
0 0.787719 0.471448 0.059156 0.242396 0.000000 0.000000 0.000000 0.000000 0.000000 0.000000 0.000000 0.000000 0.000000 0.000000 0.000000 0.000000 0.000000 0.000000 0.000000 0.782813 0.402083 2.000000 0.810937 0.406250 2.000000 0.759375 0.429167 2.000000 0.000000 0.000000 0.000000 0.767188 0.445833 2.000000 0.000000 0.000000 0.000000 0.781250 0.462500 2.000000 0.804688 0.466667 2.000000 0.778125 0.514583 2.000000 0.798438 0.518750 2.000000 0.781250 0.558333 2.000000 0.795312 0.558333 2.000000
0 0.887320 0.363375 0.225359 0.546958 0.000000 0.000000 0.000000 0.000000 0.000000 0.000000 0.000000 0.000000 0.000000 0.000000 0.000000 0.000000 0.000000 0.000000 0.000000 0.853125 0.185417 2.000000 0.934375 0.187500 2.000000 0.809375 0.235417 2.000000 0.984375 0.252083 2.000000 0.798438 0.295833 2.000000 0.000000 0.000000 0.000000 0.860938 0.337500 2.000000 0.928125 0.339583 2.000000 0.871875 0.458333 2.000000 0.918750 0.452083 2.000000 0.881250 0.583333 2.000000 0.910937 0.587500 2.000000
0 0.826883 0.444677 0.057547 0.281604 0.000000 0.000000 0.000000 0.000000 0.000000 0.000000 0.000000 0.000000 0.000000 0.000000 0.000000 0.000000 0.000000 0.000000 0.000000 0.823438 0.304167 1.000000 0.868750 0.304167 1.000000 0.000000 0.000000 0.000000 0.000000 0.000000 0.000000 0.000000 0.000000 0.000000 0.000000 0.000000 0.000000 0.829688 0.410417 2.000000 0.853125 0.410417 1.000000 0.820312 0.475000 2.000000 0.856250 0.477083 1.000000 0.812500 0.547917 2.000000 0.857812 0.547917 1.000000
