0 0.409117 0.486616 0.166016 0.608844 0.465625 0.245283 2.000000 0.000000 0.000000 0.000000 0.456250 0.235849 2.000000 0.000000 0.000000 0.000000 0.429688 0.242925 2.000000 0.471875 0.283019 2.000000 0.387500 0.285377 2.000000 0.420312 0.351415 2.000000 0.321875 0.351415 1.000000 0.364063 0.351415 2.000000 0.335938 0.323113 2.000000 0.473438 0.438679 2.000000 0.412500 0.464623 2.000000 0.443750 0.441038 2.000000 0.381250 0.601415 2.000000 0.460938 0.596698 2.000000 0.362500 0.747642 2.000000
0 0.110914 0.055047 0.093797 0.087642 0.000000 0.000000 0.000000 0.121875 0.025943 2.000000 0.112500 0.025943 2.000000 0.000000 0.000000 0.000000 0.103125 0.028302 2.000000 0.139063 0.066038 2.000000 0.090625 0.056604 2.000000 0.151562 0.103774 1.000000 0.067187 0.075472 2.000000 0.000000 0.000000 0.000000 0.082812 0.108491 1.000000 0.134375 0.129717 1.000000 0.104688 0.129717 1.000000 0.000000 0.000000 0.000000 0.000000 0.000000 0.000000 0.000000 0.000000 0.000000 0.000000 0.000000 0.000000
0 0.073281 0.416840 0.146562 0.279953 0.000000 0.000000 0.000000 0.000000 0.000000 0.000000 0.000000 0.000000 0.000000 0.000000 0.000000 0.000000 0.014063 0.334906 2.000000 0.000000 0.000000 0.000000 0.010937 0.389151 2.000000 0.000000 0.000000 0.000000 0.034375 0.488208 2.000000 0.000000 0.000000 0.000000 0.101562 0.516509 2.000000 0.000000 0.000000 0.000000 0.000000 0.000000 0.000000 0.000000 0.000000 0.000000 0.000000 0.000000 0.000000 0.000000 0.000000 0.000000 0.000000 0.000000 0.000000
0 0.232859 0.262146 0.142625 0.276415 0.196875 0.167453 2.000000 0.200000 0.162736 2.000000 0.192188 0.162736 2.000000 0.206250 0.162736 2.000000 0.181250 0.160377 2.000000 0.206250 0.202830 2.000000 0.171875 0.205189 2.000000 0.217188 0.264151 1.000000 0.171875 0.271226 2.000000 0.221875 0.299528 1.000000 0.204687 0.304245 1.000000 0.201563 0.287736 2.000000 0.175000 0.292453 1.000000 0.259375 0.325472 2.000000 0.200000 0.313679 1.000000 0.275000 0.386792 2.000000 0.243750 0.384434 1.000000
0 0.265977 0.243149 0.108672 0.265684 0.254688 0.146226 2.000000 0.257812 0.136792 2.000000 0.248438 0.139151 2.000000 0.000000 0.000000 0.000000 0.235937 0.141509 2.000000 0.259375 0.188679 2.000000 0.223438 0.193396 2.000000 0.268750 0.247642 2.000000 0.218750 0.252358 1.000000 0.276562 0.285377 2.000000 0.256250 0.285377 2.000000 0.260937 0.283019 2.000000 0.232813 0.283019 2.000000 0.307812 0.323113 2.000000 0.257812 0.308962 2.000000 0.271875 0.391509 1.000000 0.265625 0.403302 1.000000
0 0.312977 0.262724 0.083703 0.279269 0.306250 0.155660 2.000000 0.310937 0.153302 2.000000 0.301563 0.153302 2.000000 0.000000 0.000000 0.000000 0.292187 0.155660 2.000000 0.318750 0.191038 2.000000 0.276562 0.195755 2.000000 0.321875 0.247642 2.000000 0.281250 0.261792 2.000000 0.320312 0.290094 2.000000 0.309375 0.292453 2.000000 0.315625 0.294811 2.000000 0.287500 0.294811 1.000000 0.351562 0.308962 1.000000 0.309375 0.320755 1.000000 0.345313 0.396226 1.000000 0.281250 0.393868 1.000000
0 0.590672 0.301427 0.103969 0.138090 0.629687 0.275943 2.000000 0.631250 0.266509 2.000000 0.625000 0.266509 2.000000 0.000000 0.000000 0.000000 0.612500 0.261792 2.000000 0.617188 0.297170 2.000000 0.589063 0.290094 2.000000 0.631250 0.351415 2.000000 0.598437 0.351415 2.000000 0.634375 0.301887 1.000000 0.623437 0.318396 2.000000 0.582812 0.375000 1.000000 0.564063 0.379717 1.000000 0.625000 0.400943 1.000000 0.614062 0.412736 1.000000 0.000000 0.000000 0.000000 0.000000 0.000000 0.000000
0 0.222570 0.042700 0.069984 0.085401 0.000000 0.000000 0.000000 0.000000 0.000000 0.000000 0.000000 0.000000 0.000000 0.000000 0.000000 0.000000 0.000000 0.000000 0.000000 0.226562 0.002358 1.000000 0.192188 0.016509 2.000000 0.253125 0.047170 1.000000 0.198437 0.058962 2.000000 0.245312 0.028302 1.000000 0.228125 0.023585 2.000000 0.246875 0.068396 2.000000 0.229687 0.080189 2.000000 0.000000 0.000000 0.000000 0.000000 0.000000 0.000000 0.000000 0.000000 0.000000 0.000000 0.000000 0.000000
0 0.196820 0.653608 0.301484 0.406934 0.225000 0.509434 2.000000 0.000000 0.000000 0.000000 0.218750 0.500000 2.000000 0.000000 0.000000 0.000000 0.196875 0.509434 2.000000 0.000000 0.000000 0.000000 0.159375 0.537736 2.000000 0.234375 0.658019 2.000000 0.132812 0.608491 2.000000 0.290625 0.686321 2.000000 0.182812 0.648585 2.000000 0.000000 0.000000 0.000000 0.068750 0.676887 2.000000 0.210938 0.676887 2.000000 0.168750 0.674528 2.000000 0.118750 0.771226 2.000000 0.118750 0.797170 2.000000
0 0.176430 0.269281 0.173234 0.279552 0.153125 0.172170 2.000000 0.157812 0.165094 2.000000 0.150000 0.165094 2.000000 0.000000 0.000000 0.000000 0.134375 0.165094 2.000000 0.159375 0.205189 2.000000 0.115625 0.202830 2.000000 0.159375 0.268868 2.000000 0.117188 0.266509 1.000000 0.159375 0.292453 2.000000 0.150000 0.299528 2.000000 0.140625 0.304245 2.000000 0.118750 0.311321 2.000000 0.196875 0.306604 2.000000 0.162500 0.316038 2.000000 0.232813 0.377358 2.000000 0.190625 0.386792 2.000000
