0 0.372792 0.626672 0.328083 0.423187 0.000000 0.000000 0.000000 0.000000 0.000000 0.000000 0.000000 0.000000 0.000000 0.000000 0.000000 0.000000 0.389583 0.543750 2.000000 0.325000 0.546875 2.000000 0.395833 0.587500 2.000000 0.283333 0.495312 2.000000 0.420833 0.629687 2.000000 0.252083 0.446875 2.000000 0.495833 0.607812 2.000000 0.335417 0.673438 2.000000 0.385417 0.679688 2.000000 0.372917 0.740625 2.000000 0.435417 0.721875 2.000000 0.385417 0.807813 2.000000 0.420833 0.800000 2.000000
0 0.432927 0.547953 0.082563 0.094531 0.425000 0.523438 2.000000 0.431250 0.518750 2.000000 0.420833 0.518750 2.000000 0.441667 0.521875 2.000000 0.412500 0.521875 2.000000 0.458333 0.543750 2.000000 0.393750 0.539062 1.000000 0.464583 0.571875 2.000000 0.000000 0.000000 0.000000 0.431250 0.587500 2.000000 0.000000 0.000000 0.000000 0.450000 0.584375 2.000000 0.404167 0.585938 1.000000 0.458333 0.589063 2.000000 0.000000 0.000000 0.000000 0.000000 0.000000 0.000000 0.000000 0.000000 0.000000
0 0.494448 0.532672 0.054396 0.119094 0.487500 0.492188 2.000000 0.493750 0.489063 2.000000 0.483333 0.487500 2.000000 0.502083 0.490625 2.000000 0.000000 0.000000 0.000000 0.510417 0.509375 2.000000 0.475000 0.509375 2.000000 0.495833 0.531250 2.000000 0.472917 0.539062 2.000000 0.489583 0.510938 2.000000 0.493750 0.542188 2.000000 0.508333 0.546875 1.000000 0.483333 0.545312 2.000000 0.487500 0.539062 2.000000 0.493750 0.553125 2.000000 0.470833 0.584375 2.000000 0.483333 0.593750 1.000000
0 0.614854 0.522984 0.099625 0.138375 0.614583 0.471875 2.000000 0.622917 0.468750 2.000000 0.612500 0.468750 2.000000 0.635417 0.471875 2.000000 0.000000 0.000000 0.000000 0.647917 0.496875 2.000000 0.591667 0.490625 1.000000 0.658333 0.525000 1.000000 0.572917 0.526563 2.000000 0.637500 0.540625 2.000000 0.593750 0.537500 2.000000 0.631250 0.542188 2.000000 0.606250 0.540625 2.000000 0.000000 0.000000 0.000000 0.589583 0.550000 2.000000 0.000000 0.000000 0.000000 0.589583 0.595313 1.000000
0 0.760031 0.548219 0.094021 0.088531 0.747917 0.523438 2.000000 0.754167 0.518750 2.000000 0.743750 0.518750 2.000000 0.768750 0.521875 2.000000 0.000000 0.000000 0.000000 0.787500 0.543750 2.000000 0.727083 0.543750 2.000000 0.791667 0.581250 2.000000 0.725000 0.575000 2.000000 0.762500 0.595313 1.000000 0.741667 0.593750 1.000000 0.777083 0.598437 1.000000 0.735417 0.596875 1.000000 0.000000 0.000000 0.000000 0.000000 0.000000 0.000000 0.000000 0.000000 0.000000 0.000000 0.000000 0.000000
0 0.858896 0.550344 0.098167 0.095375 0.860417 0.517188 2.000000 0.866667 0.512500 2.000000 0.856250 0.514062 2.000000 0.879167 0.515625 2.000000 0.000000 0.000000 0.000000 0.900000 0.542188 2.000000 0.833333 0.540625 2.000000 0.900000 0.576562 2.000000 0.822917 0.570312 2.000000 0.872917 0.590625 2.000000 0.839583 0.587500 2.000000 0.881250 0.595313 2.000000 0.845833 0.595313 2.000000 0.895833 0.590625 2.000000 0.822917 0.590625 2.000000 0.000000 0.000000 0.000000 0.000000 0.000000 0.000000
0 0.234094 0.551883 0.076896 0.089078 0.237500 0.523438 2.000000 0.241667 0.518750 2.000000 0.231250 0.518750 2.000000 0.254167 0.523438 2.000000 0.000000 0.000000 0.000000 0.264583 0.540625 2.000000 0.214583 0.543750 2.000000 0.268750 0.565625 2.000000 0.204167 0.565625 2.000000 0.262500 0.587500 2.000000 0.214583 0.582812 2.000000 0.252083 0.579688 2.000000 0.227083 0.581250 2.000000 0.000000 0.000000 0.000000 0.000000 0.000000 0.000000 0.000000 0.000000 0.000000 0.000000 0.000000 0.000000
0 0.670490 0.557516 0.095937 0.086438 0.668750 0.542188 2.000000 0.672917 0.539062 2.000000 0.664583 0.539062 2.000000 0.679167 0.534375 2.000000 0.656250 0.535937 2.000000 0.697917 0.545312 2.000000 0.641667 0.546875 2.000000 0.712500 0.571875 2.000000 0.629167 0.575000 2.000000 0.702083 0.584375 2.000000 0.643750 0.585938 2.000000 0.687500 0.590625 2.000000 0.650000 0.590625 2.000000 0.000000 0.000000 0.000000 0.000000 0.000000 0.000000 0.000000 0.000000 0.000000 0.000000 0.000000 0.000000
0 0.719167 0.506062 0.083625 0.091750 0.712500 0.478125 2.000000 0.716667 0.475000 2.000000 0.708333 0.475000 2.000000 0.729167 0.476562 2.000000 0.000000 0.000000 0.000000 0.741667 0.498437 2.000000 0.691667 0.496875 2.000000 0.752083 0.532813 1.000000 0.677083 0.529687 1.000000 0.000000 0.000000 0.000000 0.000000 0.000000 0.000000 0.737500 0.550000 1.000000 0.695833 0.550000 1.000000 0.000000 0.000000 0.000000 0.000000 0.000000 0.000000 0.000000 0.000000 0.000000 0.000000 0.000000 0.000000
0 0.330344 0.423133 0.072021 0.125672 0.331250 0.371875 2.000000 0.337500 0.370312 2.000000 0.327083 0.370312 2.000000 0.345833 0.373437 2.000000 0.322917 0.375000 1.000000 0.354167 0.387500 2.000000 0.318750 0.390625 1.000000 0.358333 0.415625 2.000000 0.308333 0.415625 2.000000 0.000000 0.000000 0.000000 0.308333 0.421875 2.000000 0.350000 0.426563 1.000000 0.320833 0.426563 2.000000 0.343750 0.445312 2.000000 0.310417 0.428125 2.000000 0.345833 0.473438 2.000000 0.345833 0.434375 2.000000
0 0.540365 0.546422 0.079729 0.081594 0.525000 0.525000 2.000000 0.531250 0.521875 2.000000 0.520833 0.521875 2.000000 0.543750 0.523438 2.000000 0.000000 0.000000 0.000000 0.564583 0.540625 2.000000 0.512500 0.542188 2.000000 0.550000 0.570312 2.000000 0.512500 0.568750 2.000000 0.533333 0.550000 2.000000 0.558333 0.570312 2.000000 0.566667 0.587500 1.000000 0.531250 0.585938 2.000000 0.000000 0.000000 0.000000 0.000000 0.000000 0.000000 0.000000 0.000000 0.000000 0.000000 0.000000 0.000000
