0 0.394380 0.530333 0.401120 0.912347 0.402000 0.216000 2.000000 0.414000 0.200000 2.000000 0.366000 0.200000 2.000000 0.000000 0.000000 0.000000 0.300000 0.229333 2.000000 0.466000 0.376000 2.000000 0.238000 0.421333 2.000000 0.552000 0.544000 2.000000 0.262000 0.674667 2.000000 0.544000 0.632000 2.000000 0.360000 0.626667 2.000000 0.520000 0.861333 2.000000 0.370000 0.912000 2.000000 0.000000 0.000000 0.000000 0.000000 0.000000 0.000000 0.000000 0.000000 0.000000 0.000000 0.000000 0.000000
0 0.586720 0.279573 0.148720 0.281120 0.000000 0.000000 0.000000 0.000000 0.000000 0.000000 0.000000 0.000000 0.000000 0.562000 0.189333 1.000000 0.606000 0.184000 1.000000 0.532000 0.272000 2.000000 0.626000 0.258667 2.000000 0.528000 0.354667 2.000000 0.000000 0.000000 0.000000 0.000000 0.000000 0.000000 0.000000 0.000000 0.000000 0.554000 0.437333 1.000000 0.612000 0.437333 1.000000 0.000000 0.000000 0.000000 0.000000 0.000000 0.000000 0.000000 0.000000 0.000000 0.000000 0.000000 0.000000
0 0.465000 0.286867 0.070520 0.120187 0.496000 0.306667 2.000000 0.496000 0.288000 2.000000 0.478000 0.293333 2.000000 0.000000 0.000000 0.000000 0.446000 0.306667 2.000000 0.504000 0.365333 1.000000 0.000000 0.000000 0.000000 0.000000 0.000000 0.000000 0.000000 0.000000 0.000000 0.000000 0.000000 0.000000 0.000000 0.000000 0.000000 0.000000 0.000000 0.000000 0.000000 0.000000 0.000000 0.000000 0.000000 0.000000 0.000000 0.000000 0.000000 0.000000 0.000000 0.000000 0.000000 0.000000 0.000000
0 0.698600 0.546067 0.301680 0.880880 0.000000 0.000000 0.000000 0.000000 0.000000 0.000000 0.000000 0.000000 0.000000 0.672000 0.181333 2.000000 0.746000 0.197333 2.000000 0.596000 0.338667 1.000000 0.774000 0.341333 2.000000 0.000000 0.000000 0.000000 0.000000 0.000000 0.000000 0.000000 0.000000 0.000000 0.000000 0.000000 0.000000 0.612000 0.608000 2.000000 0.752000 0.640000 2.000000 0.616000 0.914667 2.000000 0.732000 0.885333 2.000000 0.000000 0.000000 0.000000 0.000000 0.000000 0.000000
0 0.204940 0.512640 0.144720 0.754613 0.244000 0.186667 2.000000 0.000000 0.000000 0.000000 0.234000 0.178667 2.000000 0.000000 0.000000 0.000000 0.208000 0.200000 2.000000 0.216000 0.277333 2.000000 0.184000 0.290667 2.000000 0.000000 0.000000 0.000000 0.168000 0.418667 2.000000 0.000000 0.000000 0.000000 0.228000 0.424000 1.000000 0.222000 0.517333 1.000000 0.190000 0.530667 2.000000 0.248000 0.664000 1.000000 0.230000 0.674667 1.000000 0.218000 0.794667 2.000000 0.190000 0.821333 2.000000
0 0.042970 0.671920 0.082580 0.633707 0.000000 0.000000 0.000000 0.000000 0.000000 0.000000 0.000000 0.000000 0.000000 0.000000 0.000000 0.000000 0.000000 0.000000 0.000000 0.022000 0.373333 1.000000 0.000000 0.000000 0.000000 0.022000 0.562667 2.000000 0.000000 0.000000 0.000000 0.000000 0.000000 0.000000 0.000000 0.000000 0.000000 0.022000 0.656000 2.000000 0.000000 0.000000 0.000000 0.036000 0.821333 2.000000 0.000000 0.000000 0.000000 0.000000 0.000000 0.000000 0.000000 0.000000 0.000000
0 0.113970 0.372120 0.100580 0.434747 0.122000 0.200000 2.000000 0.128000 0.186667 2.000000 0.110000 0.192000 2.000000 0.000000 0.000000 0.000000 0.088000 0.205333 2.000000 0.146000 0.256000 2.000000 0.082000 0.264000 1.000000 0.000000 0.000000 0.000000 0.000000 0.000000 0.000000 0.000000 0.000000 0.000000 0.000000 0.000000 0.000000 0.150000 0.410667 1.000000 0.106000 0.432000 2.000000 0.156000 0.528000 1.000000 0.122000 0.538667 2.000000 0.158000 0.613333 1.000000 0.128000 0.626667 1.000000
0 0.058340 0.594600 0.113040 0.788293 0.068000 0.333333 2.000000 0.000000 0.000000 0.000000 0.042000 0.325333 2.000000 0.000000 0.000000 0.000000 0.008000 0.306667 2.000000 0.066000 0.373333 2.000000 0.000000 0.000000 0.000000 0.064000 0.506667 1.000000 0.000000 0.000000 0.000000 0.020000 0.384000 1.000000 0.000000 0.000000 0.000000 0.080000 0.624000 2.000000 0.030000 0.650667 1.000000 0.078000 0.832000 2.000000 0.028000 0.888000 1.000000 0.088000 0.984000 2.000000 0.000000 0.000000 0.000000
0 0.927500 0.502267 0.141200 0.803467 0.978000 0.181333 2.000000 0.000000 0.000000 0.000000 0.968000 0.168000 2.000000 0.000000 0.000000 0.000000 0.938000 0.178667 2.000000 0.900000 0.272000 2.000000 0.942000 0.277333 2.000000 0.000000 0.000000 0.000000 0.996000 0.416000 1.000000 0.000000 0.000000 0.000000 0.000000 0.000000 0.000000 0.894000 0.504000 1.000000 0.936000 0.512000 2.000000 0.882000 0.674667 2.000000 0.930000 0.698667 2.000000 0.880000 0.842667 2.000000 0.926000 0.874667 2.000000
0 0.821060 0.556427 0.110880 0.887147 0.826000 0.221333 2.000000 0.832000 0.194667 2.000000 0.806000 0.202667 2.000000 0.000000 0.000000 0.000000 0.758000 0.216000 1.000000 0.836000 0.317333 2.000000 0.734000 0.333333 1.000000 0.852000 0.429333 1.000000 0.720000 0.533333 1.000000 0.000000 0.000000 0.000000 0.714000 0.664000 1.000000 0.816000 0.634667 2.000000 0.748000 0.642667 1.000000 0.820000 0.864000 2.000000 0.760000 0.885333 1.000000 0.000000 0.000000 0.000000 0.000000 0.000000 0.000000
