0 0.509672 0.545890 0.822750 0.885240 0.514062 0.176370 2.000000 0.534375 0.171233 2.000000 0.510938 0.162671 2.000000 0.560937 0.202055 2.000000 0.000000 0.000000 0.000000 0.582812 0.285959 2.000000 0.428125 0.289384 2.000000 0.592187 0.422945 2.000000 0.364063 0.385274 2.000000 0.492188 0.380137 2.000000 0.309375 0.352740 2.000000 0.593750 0.553082 2.000000 0.496875 0.558219 2.000000 0.700000 0.705479 2.000000 0.451562 0.753425 2.000000 0.876563 0.873288 2.000000 0.471875 0.948630 2.000000
0 0.087148 0.650557 0.174297 0.226969 0.014063 0.595890 2.000000 0.031250 0.587329 2.000000 0.014063 0.585616 2.000000 0.060937 0.599315 2.000000 0.000000 0.000000 0.000000 0.092188 0.660959 2.000000 0.000000 0.000000 0.000000 0.145313 0.743151 2.000000 0.000000 0.000000 0.000000 0.104688 0.804795 1.000000 0.000000 0.000000 0.000000 0.075000 0.803082 1.000000 0.006250 0.803082 1.000000 0.000000 0.000000 0.000000 0.000000 0.000000 0.000000 0.000000 0.000000 0.000000 0.000000 0.000000 0.000000
0 0.955477 0.684606 0.089047 0.309863 0.971875 0.595890 1.000000 0.982812 0.582192 2.000000 0.000000 0.000000 0.000000 0.000000 0.000000 0.000000 0.000000 0.000000 0.000000 0.000000 0.000000 0.000000 0.945312 0.666096 2.000000 0.000000 0.000000 0.000000 0.932813 0.753425 2.000000 0.000000 0.000000 0.000000 0.976562 0.813356 2.000000 0.000000 0.000000 0.000000 0.985938 0.796233 2.000000 0.000000 0.000000 0.000000 0.937500 0.804795 2.000000 0.000000 0.000000 0.000000 0.000000 0.000000 0.000000
0 0.787414 0.103373 0.094328 0.206747 0.000000 0.000000 0.000000 0.000000 0.000000 0.000000 0.000000 0.000000 0.000000 0.000000 0.000000 0.000000 0.000000 0.000000 0.000000 0.000000 0.000000 0.000000 0.000000 0.000000 0.000000 0.814063 0.015411 2.000000 0.695312 0.022260 1.000000 0.756250 0.056507 2.000000 0.748437 0.056507 1.000000 0.781250 0.073630 2.000000 0.707812 0.077055 1.000000 0.807813 0.085616 2.000000 0.000000 0.000000 0.000000 0.806250 0.190068 2.000000 0.000000 0.000000 0.000000
0 0.358953 0.164803 0.212469 0.123373 0.287500 0.148973 2.000000 0.292187 0.131849 2.000000 0.281250 0.131849 2.000000 0.314063 0.143836 2.000000 0.000000 0.000000 0.000000 0.000000 0.000000 0.000000 0.000000 0.000000 0.000000 0.000000 0.000000 0.000000 0.000000 0.000000 0.000000 0.000000 0.000000 0.000000 0.000000 0.000000 0.000000 0.000000 0.000000 0.000000 0.000000 0.000000 0.000000 0.000000 0.000000 0.000000 0.000000 0.000000 0.000000 0.000000 0.000000 0.000000 0.000000 0.000000 0.000000
0 0.228805 0.140762 0.124859 0.163202 0.242188 0.119863 2.000000 0.246875 0.106164 2.000000 0.231250 0.109589 2.000000 0.000000 0.000000 0.000000 0.207813 0.114726 2.000000 0.267188 0.133562 2.000000 0.190625 0.150685 2.000000 0.306250 0.195205 1.000000 0.187500 0.215753 2.000000 0.260937 0.208904 1.000000 0.000000 0.000000 0.000000 0.000000 0.000000 0.000000 0.000000 0.000000 0.000000 0.000000 0.000000 0.000000 0.000000 0.000000 0.000000 0.000000 0.000000 0.000000 0.000000 0.000000 0.000000
0 0.060367 0.154401 0.120734 0.153014 0.039062 0.142123 2.000000 0.054688 0.133562 2.000000 0.032813 0.126712 2.000000 0.067187 0.142123 2.000000 0.000000 0.000000 0.000000 0.093750 0.183219 2.000000 0.009375 0.171233 1.000000 0.000000 0.000000 0.000000 0.000000 0.000000 0.000000 0.000000 0.000000 0.000000 0.000000 0.000000 0.000000 0.068750 0.304795 1.000000 0.007812 0.297945 1.000000 0.000000 0.000000 0.000000 0.000000 0.000000 0.000000 0.000000 0.000000 0.000000 0.000000 0.000000 0.000000
0 0.538117 0.107603 0.148391 0.197466 0.512500 0.047945 2.000000 0.520312 0.039384 2.000000 0.507812 0.041096 2.000000 0.550000 0.054795 2.000000 0.000000 0.000000 0.000000 0.575000 0.113014 2.000000 0.493750 0.118151 2.000000 0.595313 0.186644 2.000000 0.470313 0.195205 2.000000 0.535937 0.184932 1.000000 0.506250 0.193493 1.000000 0.000000 0.000000 0.000000 0.000000 0.000000 0.000000 0.000000 0.000000 0.000000 0.000000 0.000000 0.000000 0.000000 0.000000 0.000000 0.000000 0.000000 0.000000
0 0.445797 0.096164 0.144656 0.189007 0.459375 0.005137 2.000000 0.000000 0.000000 0.000000 0.000000 0.000000 0.000000 0.493750 0.006849 2.000000 0.000000 0.000000 0.000000 0.504687 0.058219 2.000000 0.420312 0.053082 2.000000 0.000000 0.000000 0.000000 0.400000 0.123288 2.000000 0.000000 0.000000 0.000000 0.000000 0.000000 0.000000 0.465625 0.178082 1.000000 0.404687 0.169521 2.000000 0.000000 0.000000 0.000000 0.000000 0.000000 0.000000 0.000000 0.000000 0.000000 0.000000 0.000000 0.000000
0 0.070445 0.115214 0.106234 0.085565 0.000000 0.000000 0.000000 0.000000 0.000000 0.000000 0.000000 0.000000 0.000000 0.070312 0.145548 1.000000 0.000000 0.000000 0.000000 0.096875 0.174658 1.000000 0.010937 0.171233 1.000000 0.000000 0.000000 0.000000 0.000000 0.000000 0.000000 0.000000 0.000000 0.000000 0.000000 0.000000 0.000000 0.000000 0.000000 0.000000 0.000000 0.000000 0.000000 0.000000 0.000000 0.000000 0.000000 0.000000 0.000000 0.000000 0.000000 0.000000 0.000000 0.000000 0.000000
0 0.163062 0.107603 0.085250 0.139623 0.157812 0.089041 2.000000 0.164062 0.080479 2.000000 0.151562 0.082192 2.000000 0.181250 0.075342 2.000000 0.000000 0.000000 0.000000 0.200000 0.116438 2.000000 0.140625 0.113014 2.000000 0.000000 0.000000 0.000000 0.000000 0.000000 0.000000 0.000000 0.000000 0.000000 0.000000 0.000000 0.000000 0.176563 0.210616 1.000000 0.123438 0.203767 1.000000 0.000000 0.000000 0.000000 0.000000 0.000000 0.000000 0.000000 0.000000 0.000000 0.000000 0.000000 0.000000
0 0.330633 0.096104 0.125609 0.176627 0.298438 0.032534 2.000000 0.304688 0.023973 2.000000 0.295312 0.023973 2.000000 0.326562 0.034247 1.000000 0.000000 0.000000 0.000000 0.362500 0.094178 2.000000 0.275000 0.090753 1.000000 0.373437 0.164384 2.000000 0.271875 0.162671 1.000000 0.000000 0.000000 0.000000 0.000000 0.000000 0.000000 0.332813 0.191781 1.000000 0.295312 0.188356 1.000000 0.000000 0.000000 0.000000 0.000000 0.000000 0.000000 0.000000 0.000000 0.000000 0.000000 0.000000 0.000000
0 0.945297 0.118622 0.109406 0.156524 0.957812 0.089041 2.000000 0.971875 0.083904 2.000000 0.956250 0.080479 2.000000 0.000000 0.000000 0.000000 0.000000 0.000000 0.000000 0.000000 0.000000 0.000000 0.920312 0.154110 2.000000 0.000000 0.000000 0.000000 0.000000 0.000000 0.000000 0.000000 0.000000 0.000000 0.000000 0.000000 0.000000 0.000000 0.000000 0.000000 0.000000 0.000000 0.000000 0.000000 0.000000 0.000000 0.000000 0.000000 0.000000 0.000000 0.000000 0.000000 0.000000 0.000000 0.000000
