0 0.186062 0.270117 0.086469 0.321967 0.195312 0.161593 2.000000 0.198437 0.156909 2.000000 0.190625 0.156909 2.000000 0.000000 0.000000 0.000000 0.175000 0.149883 2.000000 0.207813 0.177986 2.000000 0.160938 0.182670 2.000000 0.228125 0.224824 1.000000 0.156250 0.238876 2.000000 0.220312 0.236534 2.000000 0.196875 0.248244 2.000000 0.212500 0.297424 2.000000 0.178125 0.299766 2.000000 0.214062 0.400468 1.000000 0.187500 0.398126 2.000000 0.207813 0.484778 1.000000 0.185938 0.487119 1.000000
0 0.341805 0.179461 0.073734 0.220094 0.367188 0.107728 2.000000 0.367188 0.098361 2.000000 0.362500 0.100703 2.000000 0.000000 0.000000 0.000000 0.343750 0.105386 2.000000 0.332813 0.135831 2.000000 0.343750 0.149883 2.000000 0.000000 0.000000 0.000000 0.345313 0.255269 2.000000 0.000000 0.000000 0.000000 0.000000 0.000000 0.000000 0.331250 0.281030 1.000000 0.348438 0.295082 1.000000 0.000000 0.000000 0.000000 0.000000 0.000000 0.000000 0.000000 0.000000 0.000000 0.000000 0.000000 0.000000
0 0.512813 0.524532 0.293687 0.812623 0.557813 0.203747 2.000000 0.568750 0.194379 2.000000 0.554688 0.196721 2.000000 0.601562 0.194379 2.000000 0.000000 0.000000 0.000000 0.629687 0.276347 2.000000 0.534375 0.266979 2.000000 0.596875 0.344262 2.000000 0.490625 0.334895 2.000000 0.537500 0.360656 2.000000 0.384375 0.346604 2.000000 0.582812 0.487119 2.000000 0.521875 0.463700 2.000000 0.557813 0.632319 2.000000 0.000000 0.000000 0.000000 0.573438 0.871194 2.000000 0.000000 0.000000 0.000000
0 0.423156 0.197377 0.089250 0.229227 0.442188 0.135831 2.000000 0.443750 0.124122 1.000000 0.435937 0.126464 2.000000 0.000000 0.000000 0.000000 0.418750 0.126464 2.000000 0.457813 0.175644 1.000000 0.406250 0.168618 2.000000 0.478125 0.224824 1.000000 0.418750 0.227166 2.000000 0.453125 0.227166 2.000000 0.454688 0.236534 2.000000 0.446875 0.316159 1.000000 0.412500 0.313817 1.000000 0.439063 0.412178 1.000000 0.412500 0.405152 1.000000 0.000000 0.000000 0.000000 0.000000 0.000000 0.000000
0 0.501914 0.196710 0.089203 0.221007 0.000000 0.000000 0.000000 0.000000 0.000000 0.000000 0.000000 0.000000 0.000000 0.000000 0.000000 0.000000 0.493750 0.093677 2.000000 0.517188 0.135831 2.000000 0.473438 0.135831 2.000000 0.525000 0.189696 2.000000 0.470313 0.192037 2.000000 0.537500 0.149883 2.000000 0.487500 0.156909 2.000000 0.517188 0.255269 2.000000 0.490625 0.262295 2.000000 0.000000 0.000000 0.000000 0.490625 0.353630 1.000000 0.000000 0.000000 0.000000 0.000000 0.000000 0.000000
0 0.136086 0.247330 0.061859 0.349227 0.132812 0.114754 2.000000 0.135937 0.107728 2.000000 0.126562 0.112412 2.000000 0.143750 0.119438 2.000000 0.115625 0.119438 2.000000 0.156250 0.154567 2.000000 0.109375 0.170960 2.000000 0.000000 0.000000 0.000000 0.000000 0.000000 0.000000 0.000000 0.000000 0.000000 0.000000 0.000000 0.000000 0.162500 0.274005 1.000000 0.134375 0.283372 2.000000 0.000000 0.000000 0.000000 0.145313 0.398126 1.000000 0.000000 0.000000 0.000000 0.000000 0.000000 0.000000
0 0.927594 0.275117 0.089406 0.324754 0.000000 0.000000 0.000000 0.000000 0.000000 0.000000 0.000000 0.000000 0.000000 0.000000 0.000000 0.000000 0.950000 0.154567 2.000000 0.910937 0.170960 2.000000 0.950000 0.180328 2.000000 0.889062 0.227166 2.000000 0.959375 0.238876 2.000000 0.892188 0.276347 2.000000 0.000000 0.000000 0.000000 0.907813 0.259953 2.000000 0.935937 0.266979 2.000000 0.907813 0.351288 2.000000 0.935937 0.353630 2.000000 0.901563 0.409836 2.000000 0.931250 0.412178 2.000000
0 0.093156 0.267494 0.096750 0.339953 0.106250 0.142857 2.000000 0.000000 0.000000 0.000000 0.103125 0.138173 2.000000 0.000000 0.000000 0.000000 0.089063 0.142857 2.000000 0.104688 0.175644 1.000000 0.076563 0.196721 2.000000 0.123438 0.241218 2.000000 0.087500 0.259953 2.000000 0.134375 0.222482 2.000000 0.121875 0.222482 2.000000 0.115625 0.311475 2.000000 0.100000 0.318501 2.000000 0.123438 0.405152 1.000000 0.100000 0.407494 1.000000 0.000000 0.000000 0.000000 0.000000 0.000000 0.000000
0 0.774375 0.217974 0.051000 0.206019 0.781250 0.152225 2.000000 0.785937 0.145199 2.000000 0.778125 0.145199 2.000000 0.000000 0.000000 0.000000 0.770312 0.145199 2.000000 0.792188 0.170960 2.000000 0.765625 0.182670 2.000000 0.796875 0.199063 2.000000 0.756250 0.220141 2.000000 0.796875 0.220141 1.000000 0.776563 0.229508 2.000000 0.792188 0.255269 2.000000 0.779687 0.257611 2.000000 0.790625 0.311475 2.000000 0.775000 0.316159 2.000000 0.000000 0.000000 0.000000 0.000000 0.000000 0.000000
0 0.844453 0.225562 0.115187 0.387892 0.862500 0.074941 2.000000 0.000000 0.000000 0.000000 0.859375 0.067916 2.000000 0.000000 0.000000 0.000000 0.848437 0.070258 2.000000 0.814063 0.103044 2.000000 0.848437 0.114754 2.000000 0.000000 0.000000 0.000000 0.851562 0.177986 2.000000 0.000000 0.000000 0.000000 0.878125 0.199063 2.000000 0.810937 0.227166 2.000000 0.840625 0.231850 2.000000 0.817187 0.292740 2.000000 0.842187 0.306792 2.000000 0.810937 0.386417 2.000000 0.835938 0.393443 2.000000
0 0.018742 0.476838 0.037484 0.195504 0.001563 0.393443 2.000000 0.000000 0.000000 0.000000 0.000000 0.000000 0.000000 0.000000 0.000000 0.000000 0.000000 0.000000 0.000000 0.004687 0.421546 2.000000 0.000000 0.000000 0.000000 0.017188 0.466042 2.000000 0.000000 0.000000 0.000000 0.025000 0.498829 2.000000 0.000000 0.000000 0.000000 0.003125 0.517564 2.000000 0.000000 0.000000 0.000000 0.004687 0.468384 2.000000 0.000000 0.000000 0.000000 0.017188 0.548009 2.000000 0.000000 0.000000 0.000000
0 0.279430 0.266054 0.072297 0.336651 0.000000 0.000000 0.000000 0.000000 0.000000 0.000000 0.000000 0.000000 0.000000 0.000000 0.000000 0.000000 0.000000 0.000000 0.000000 0.000000 0.000000 0.000000 0.262500 0.170960 2.000000 0.000000 0.000000 0.000000 0.265625 0.227166 2.000000 0.000000 0.000000 0.000000 0.284375 0.297424 2.000000 0.000000 0.000000 0.000000 0.271875 0.276347 2.000000 0.000000 0.000000 0.000000 0.270313 0.346604 2.000000 0.000000 0.000000 0.000000 0.268750 0.442623 1.000000
