0 0.887750 0.828087 0.213906 0.253920 0.929688 0.769953 2.000000 0.932813 0.755869 2.000000 0.918750 0.755869 2.000000 0.000000 0.000000 0.000000 0.889062 0.769953 2.000000 0.951562 0.812207 2.000000 0.864062 0.816901 2.000000 0.979688 0.856808 2.000000 0.795312 0.859155 2.000000 0.937500 0.913146 1.000000 0.845313 0.882629 2.000000 0.945312 0.985915 1.000000 0.892188 0.985915 1.000000 0.000000 0.000000 0.000000 0.000000 0.000000 0.000000 0.000000 0.000000 0.000000 0.000000 0.000000 0.000000
0 0.748641 0.696631 0.142094 0.247207 0.742188 0.659624 2.000000 0.746875 0.640845 2.000000 0.731250 0.645540 2.000000 0.000000 0.000000 0.000000 0.709375 0.640845 2.000000 0.789062 0.694836 1.000000 0.693750 0.711268 2.000000 0.804688 0.807512 2.000000 0.707812 0.828638 1.000000 0.790625 0.899061 1.000000 0.720313 0.711268 2.000000 0.771875 0.852113 1.000000 0.725000 0.861502 1.000000 0.000000 0.000000 0.000000 0.000000 0.000000 0.000000 0.000000 0.000000 0.000000 0.000000 0.000000 0.000000
0 0.863820 0.646068 0.204922 0.159554 0.857812 0.640845 2.000000 0.868750 0.631455 2.000000 0.000000 0.000000 0.000000 0.900000 0.631455 2.000000 0.000000 0.000000 0.000000 0.942187 0.673709 2.000000 0.865625 0.676056 2.000000 0.926562 0.713615 2.000000 0.834375 0.713615 2.000000 0.843750 0.694836 2.000000 0.800000 0.697183 2.000000 0.000000 0.000000 0.000000 0.000000 0.000000 0.000000 0.000000 0.000000 0.000000 0.000000 0.000000 0.000000 0.000000 0.000000 0.000000 0.000000 0.000000 0.000000
0 0.744688 0.932007 0.081000 0.134812 0.760938 0.938967 2.000000 0.764062 0.922535 2.000000 0.750000 0.927230 2.000000 0.000000 0.000000 0.000000 0.718750 0.941315 2.000000 0.000000 0.000000 0.000000 0.000000 0.000000 0.000000 0.000000 0.000000 0.000000 0.000000 0.000000 0.000000 0.000000 0.000000 0.000000 0.000000 0.000000 0.000000 0.000000 0.000000 0.000000 0.000000 0.000000 0.000000 0.000000 0.000000 0.000000 0.000000 0.000000 0.000000 0.000000 0.000000 0.000000 0.000000 0.000000 0.000000
0 0.925898 0.939331 0.071797 0.121338 0.918750 0.985915 2.000000 0.929688 0.969484 2.000000 0.906250 0.971831 2.000000 0.950000 0.953052 2.000000 0.000000 0.000000 0.000000 0.000000 0.000000 0.000000 0.000000 0.000000 0.000000 0.000000 0.000000 0.000000 0.000000 0.000000 0.000000 0.000000 0.000000 0.000000 0.000000 0.000000 0.000000 0.000000 0.000000 0.000000 0.000000 0.000000 0.000000 0.000000 0.000000 0.000000 0.000000 0.000000 0.000000 0.000000 0.000000 0.000000 0.000000 0.000000 0.000000
0 0.575109 0.939167 0.060844 0.121667 0.585938 0.960094 2.000000 0.592187 0.950704 2.000000 0.578125 0.950704 2.000000 0.000000 0.000000 0.000000 0.548438 0.950704 1.000000 0.000000 0.000000 0.000000 0.000000 0.000000 0.000000 0.000000 0.000000 0.000000 0.000000 0.000000 0.000000 0.000000 0.000000 0.000000 0.000000 0.000000 0.000000 0.000000 0.000000 0.000000 0.000000 0.000000 0.000000 0.000000 0.000000 0.000000 0.000000 0.000000 0.000000 0.000000 0.000000 0.000000 0.000000 0.000000 0.000000
0 0.244734 0.219930 0.137375 0.439859 0.000000 0.000000 0.000000 0.000000 0.000000 0.000000 0.000000 0.000000 0.000000 0.000000 0.000000 0.000000 0.000000 0.000000 0.000000 0.206250 0.084507 2.000000 0.282813 0.079812 2.000000 0.195312 0.173709 2.000000 0.321875 0.053991 1.000000 0.195312 0.248826 2.000000 0.000000 0.000000 0.000000 0.232813 0.237089 2.000000 0.267188 0.234742 2.000000 0.232813 0.340376 2.000000 0.268750 0.338028 2.000000 0.232813 0.450704 1.000000 0.268750 0.453052 1.000000
0 0.033539 0.451608 0.066516 0.226408 0.000000 0.000000 0.000000 0.000000 0.000000 0.000000 0.000000 0.000000 0.000000 0.000000 0.000000 0.000000 0.000000 0.000000 0.000000 0.017188 0.443662 2.000000 0.000000 0.000000 0.000000 0.032813 0.528169 2.000000 0.000000 0.000000 0.000000 0.000000 0.000000 0.000000 0.000000 0.000000 0.000000 0.000000 0.000000 0.000000 0.000000 0.000000 0.000000 0.000000 0.000000 0.000000 0.000000 0.000000 0.000000 0.000000 0.000000 0.000000 0.000000 0.000000 0.000000
0 0.972398 0.757535 0.055203 0.217042 0.000000 0.000000 0.000000 0.000000 0.000000 0.000000 0.000000 0.000000 0.000000 0.000000 0.000000 0.000000 0.989062 0.704225 2.000000 0.000000 0.000000 0.000000 0.962500 0.781690 2.000000 0.000000 0.000000 0.000000 0.000000 0.000000 0.000000 0.000000 0.000000 0.000000 0.000000 0.000000 0.000000 0.000000 0.000000 0.000000 0.000000 0.000000 0.000000 0.000000 0.000000 0.000000 0.000000 0.000000 0.000000 0.000000 0.000000 0.000000 0.000000 0.000000 0.000000
0 0.224047 0.937477 0.088125 0.125047 0.246875 0.955399 2.000000 0.251563 0.943662 2.000000 0.237500 0.948357 2.000000 0.000000 0.000000 0.000000 0.207813 0.960094 2.000000 0.000000 0.000000 0.000000 0.000000 0.000000 0.000000 0.000000 0.000000 0.000000 0.000000 0.000000 0.000000 0.000000 0.000000 0.000000 0.000000 0.000000 0.000000 0.000000 0.000000 0.000000 0.000000 0.000000 0.000000 0.000000 0.000000 0.000000 0.000000 0.000000 0.000000 0.000000 0.000000 0.000000 0.000000 0.000000 0.000000
0 0.072500 0.228791 0.105281 0.422136 0.000000 0.000000 0.000000 0.000000 0.000000 0.000000 0.000000 0.000000 0.000000 0.000000 0.000000 0.000000 0.090625 0.061033 2.000000 0.035937 0.107981 2.000000 0.096875 0.107981 2.000000 0.031250 0.197183 2.000000 0.101562 0.197183 2.000000 0.000000 0.000000 0.000000 0.109375 0.265258 2.000000 0.053125 0.284038 2.000000 0.089063 0.288732 2.000000 0.051562 0.380282 2.000000 0.098437 0.382629 2.000000 0.045312 0.471831 1.000000 0.095312 0.469484 1.000000
0 0.593484 0.723568 0.146469 0.250094 0.609375 0.671362 2.000000 0.612500 0.657277 2.000000 0.598437 0.661972 2.000000 0.000000 0.000000 0.000000 0.576562 0.671362 2.000000 0.651563 0.725352 2.000000 0.554688 0.706573 2.000000 0.634375 0.826291 2.000000 0.531250 0.812207 1.000000 0.606250 0.732394 1.000000 0.587500 0.732394 2.000000 0.617188 0.856808 1.000000 0.564063 0.856808 1.000000 0.000000 0.000000 0.000000 0.000000 0.000000 0.000000 0.000000 0.000000 0.000000 0.000000 0.000000 0.000000
0 0.414938 0.592207 0.314656 0.784413 0.528125 0.380282 2.000000 0.000000 0.000000 0.000000 0.500000 0.354460 2.000000 0.000000 0.000000 0.000000 0.432812 0.373239 2.000000 0.312500 0.544601 2.000000 0.440625 0.582160 2.000000 0.265625 0.835681 2.000000 0.506250 0.873239 2.000000 0.459375 0.840376 2.000000 0.529687 0.976526 1.000000 0.000000 0.000000 0.000000 0.000000 0.000000 0.000000 0.000000 0.000000 0.000000 0.000000 0.000000 0.000000 0.000000 0.000000 0.000000 0.000000 0.000000 0.000000
