0 0.252344 0.770778 0.311156 0.431462 0.000000 0.000000 0.000000 0.000000 0.000000 0.000000 0.000000 0.000000 0.000000 0.000000 0.000000 0.000000 0.306250 0.752358 2.000000 0.125000 0.900943 2.000000 0.373437 0.879717 2.000000 0.000000 0.000000 0.000000 0.000000 0.000000 0.000000 0.000000 0.000000 0.000000 0.000000 0.000000 0.000000 0.000000 0.000000 0.000000 0.000000 0.000000 0.000000 0.000000 0.000000 0.000000 0.000000 0.000000 0.000000 0.000000 0.000000 0.000000 0.000000 0.000000 0.000000
0 0.179398 0.635955 0.093797 0.368561 0.217188 0.544811 2.000000 0.000000 0.000000 0.000000 0.210938 0.535377 2.000000 0.000000 0.000000 0.000000 0.187500 0.549528 2.000000 0.000000 0.000000 0.000000 0.176563 0.641509 2.000000 0.000000 0.000000 0.000000 0.000000 0.000000 0.000000 0.000000 0.000000 0.000000 0.000000 0.000000 0.000000 0.000000 0.000000 0.000000 0.000000 0.000000 0.000000 0.000000 0.000000 0.000000 0.000000 0.000000 0.000000 0.000000 0.000000 0.000000 0.000000 0.000000 0.000000
0 0.646672 0.457347 0.057531 0.163939 0.626563 0.408019 2.000000 0.631250 0.400943 2.000000 0.000000 0.000000 0.000000 0.643750 0.410377 2.000000 0.000000 0.000000 0.000000 0.659375 0.462264 2.000000 0.635938 0.450472 2.000000 0.650000 0.533019 2.000000 0.621875 0.525943 1.000000 0.612500 0.509434 1.000000 0.596875 0.502358 1.000000 0.626563 0.570755 1.000000 0.610938 0.561321 1.000000 0.000000 0.000000 0.000000 0.000000 0.000000 0.000000 0.000000 0.000000 0.000000 0.000000 0.000000 0.000000
0 0.696133 0.493054 0.080016 0.188514 0.675000 0.445755 2.000000 0.679688 0.438679 2.000000 0.000000 0.000000 0.000000 0.698438 0.443396 2.000000 0.000000 0.000000 0.000000 0.723437 0.495283 2.000000 0.682813 0.488208 2.000000 0.695312 0.563679 2.000000 0.664062 0.544811 2.000000 0.000000 0.000000 0.000000 0.635938 0.530660 1.000000 0.714063 0.582547 1.000000 0.684375 0.568396 1.000000 0.000000 0.000000 0.000000 0.000000 0.000000 0.000000 0.000000 0.000000 0.000000 0.000000 0.000000 0.000000
0 0.772578 0.502866 0.074813 0.184458 0.743750 0.462264 2.000000 0.748437 0.457547 2.000000 0.000000 0.000000 0.000000 0.762500 0.469340 2.000000 0.000000 0.000000 0.000000 0.803125 0.516509 1.000000 0.753125 0.507075 2.000000 0.796875 0.587264 2.000000 0.750000 0.558962 2.000000 0.000000 0.000000 0.000000 0.737500 0.608491 1.000000 0.782813 0.629717 1.000000 0.745313 0.599057 1.000000 0.000000 0.000000 0.000000 0.000000 0.000000 0.000000 0.000000 0.000000 0.000000 0.000000 0.000000 0.000000
0 0.280445 0.494446 0.117922 0.187241 0.000000 0.000000 0.000000 0.000000 0.000000 0.000000 0.000000 0.000000 0.000000 0.000000 0.000000 0.000000 0.323437 0.471698 2.000000 0.264062 0.488208 2.000000 0.295312 0.584906 1.000000 0.000000 0.000000 0.000000 0.368750 0.591981 1.000000 0.000000 0.000000 0.000000 0.332813 0.502358 1.000000 0.215625 0.658019 1.000000 0.000000 0.000000 0.000000 0.000000 0.000000 0.000000 0.000000 0.000000 0.000000 0.000000 0.000000 0.000000 0.000000 0.000000 0.000000
0 0.323055 0.360861 0.136984 0.237524 0.309375 0.283019 2.000000 0.000000 0.000000 0.000000 0.303125 0.273585 2.000000 0.000000 0.000000 0.000000 0.287500 0.275943 2.000000 0.307812 0.313679 2.000000 0.268750 0.332547 2.000000 0.325000 0.344340 2.000000 0.260937 0.386792 2.000000 0.364063 0.346698 2.000000 0.290625 0.410377 2.000000 0.312500 0.452830 1.000000 0.282813 0.452830 2.000000 0.000000 0.000000 0.000000 0.000000 0.000000 0.000000 0.000000 0.000000 0.000000 0.000000 0.000000 0.000000
0 0.353742 0.658113 0.180609 0.354575 0.000000 0.000000 0.000000 0.000000 0.000000 0.000000 0.000000 0.000000 0.000000 0.000000 0.000000 0.000000 0.331250 0.568396 2.000000 0.237500 0.617925 1.000000 0.292187 0.625000 1.000000 0.000000 0.000000 0.000000 0.390625 0.783019 2.000000 0.000000 0.000000 0.000000 0.423438 0.757075 2.000000 0.190625 0.811321 1.000000 0.000000 0.000000 0.000000 0.000000 0.000000 0.000000 0.000000 0.000000 0.000000 0.000000 0.000000 0.000000 0.000000 0.000000 0.000000
0 0.596016 0.431592 0.062906 0.128373 0.579688 0.398585 2.000000 0.585938 0.393868 2.000000 0.000000 0.000000 0.000000 0.595313 0.403302 2.000000 0.000000 0.000000 0.000000 0.612500 0.441038 2.000000 0.581250 0.436321 2.000000 0.606250 0.507075 1.000000 0.570312 0.488208 1.000000 0.000000 0.000000 0.000000 0.000000 0.000000 0.000000 0.000000 0.000000 0.000000 0.000000 0.000000 0.000000 0.000000 0.000000 0.000000 0.000000 0.000000 0.000000 0.000000 0.000000 0.000000 0.000000 0.000000 0.000000
0 0.819203 0.536498 0.154938 0.232665 0.828125 0.445755 2.000000 0.837500 0.450472 2.000000 0.000000 0.000000 0.000000 0.850000 0.483491 2.000000 0.000000 0.000000 0.000000 0.850000 0.528302 2.000000 0.815625 0.507075 2.000000 0.815625 0.615566 2.000000 0.782813 0.500000 2.000000 0.764062 0.601415 2.000000 0.800000 0.455189 2.000000 0.000000 0.000000 0.000000 0.000000 0.000000 0.000000 0.000000 0.000000 0.000000 0.000000 0.000000 0.000000 0.000000 0.000000 0.000000 0.000000 0.000000 0.000000
0 0.220727 0.497736 0.044203 0.170708 0.000000 0.000000 0.000000 0.000000 0.000000 0.000000 0.000000 0.000000 0.000000 0.000000 0.000000 0.000000 0.000000 0.000000 0.000000 0.000000 0.000000 0.000000 0.221875 0.518868 2.000000 0.000000 0.000000 0.000000 0.000000 0.000000 0.000000 0.000000 0.000000 0.000000 0.000000 0.000000 0.000000 0.000000 0.000000 0.000000 0.000000 0.000000 0.000000 0.000000 0.000000 0.000000 0.000000 0.000000 0.000000 0.000000 0.000000 0.000000 0.000000 0.000000 0.000000
0 0.920914 0.604469 0.158172 0.285590 0.901563 0.542453 2.000000 0.907813 0.530660 2.000000 0.000000 0.000000 0.000000 0.932813 0.547170 2.000000 0.000000 0.000000 0.000000 0.965625 0.603774 2.000000 0.914062 0.577830 2.000000 0.889062 0.688679 2.000000 0.875000 0.615566 2.000000 0.914062 0.596698 2.000000 0.851562 0.655660 2.000000 0.948438 0.771226 1.000000 0.906250 0.740566 1.000000 0.850000 0.839623 1.000000 0.831250 0.785377 1.000000 0.000000 0.000000 0.000000 0.000000 0.000000 0.000000
