0 0.104086 0.720113 0.100922 0.548264 0.107813 0.520900 2.000000 0.115625 0.508039 2.000000 0.100000 0.504823 2.000000 0.125000 0.527331 2.000000 0.090625 0.514469 2.000000 0.132812 0.604502 2.000000 0.075000 0.601286 2.000000 0.134375 0.745981 2.000000 0.062500 0.720257 2.000000 0.098437 0.774920 2.000000 0.071875 0.768489 2.000000 0.112500 0.742765 2.000000 0.082812 0.742765 2.000000 0.100000 0.842444 2.000000 0.064062 0.842444 2.000000 0.112500 0.922830 2.000000 0.092188 0.926045 2.000000
0 0.169039 0.396190 0.079359 0.425048 0.176563 0.266881 2.000000 0.184375 0.250804 2.000000 0.168750 0.247588 2.000000 0.195312 0.266881 2.000000 0.157812 0.263666 2.000000 0.203125 0.350482 2.000000 0.143750 0.350482 2.000000 0.000000 0.000000 0.000000 0.139063 0.469453 2.000000 0.000000 0.000000 0.000000 0.134375 0.543408 2.000000 0.181250 0.543408 2.000000 0.151562 0.543408 2.000000 0.000000 0.000000 0.000000 0.000000 0.000000 0.000000 0.000000 0.000000 0.000000 0.000000 0.000000 0.000000
0 0.448313 0.398601 0.097125 0.424920 0.448437 0.270096 2.000000 0.456250 0.257235 2.000000 0.440625 0.257235 2.000000 0.468750 0.263666 2.000000 0.426563 0.260450 1.000000 0.484375 0.350482 2.000000 0.406250 0.356913 2.000000 0.484375 0.440514 1.000000 0.406250 0.450161 2.000000 0.468750 0.508039 1.000000 0.426563 0.514469 2.000000 0.464062 0.536977 1.000000 0.425000 0.540193 2.000000 0.460938 0.694534 1.000000 0.420312 0.697749 1.000000 0.000000 0.000000 0.000000 0.000000 0.000000 0.000000
0 0.847500 0.412395 0.108406 0.425113 0.846875 0.289389 2.000000 0.853125 0.273312 2.000000 0.837500 0.276527 2.000000 0.862500 0.286174 2.000000 0.828125 0.282958 2.000000 0.885938 0.379421 2.000000 0.806250 0.379421 2.000000 0.885938 0.504823 1.000000 0.801562 0.514469 1.000000 0.000000 0.000000 0.000000 0.809375 0.639871 1.000000 0.870313 0.575563 2.000000 0.821875 0.569132 1.000000 0.857812 0.758842 1.000000 0.825000 0.758842 1.000000 0.000000 0.000000 0.000000 0.000000 0.000000 0.000000
0 0.700516 0.189887 0.079719 0.294373 0.700000 0.118971 2.000000 0.707812 0.102894 2.000000 0.690625 0.102894 2.000000 0.000000 0.000000 0.000000 0.000000 0.000000 0.000000 0.728125 0.202572 2.000000 0.665625 0.199357 2.000000 0.000000 0.000000 0.000000 0.000000 0.000000 0.000000 0.000000 0.000000 0.000000 0.000000 0.000000 0.000000 0.715625 0.376206 1.000000 0.671875 0.372990 1.000000 0.000000 0.000000 0.000000 0.000000 0.000000 0.000000 0.000000 0.000000 0.000000 0.000000 0.000000 0.000000
0 0.951867 0.587926 0.095422 0.775659 0.948438 0.286174 2.000000 0.957812 0.273312 2.000000 0.942187 0.273312 2.000000 0.973437 0.270096 2.000000 0.000000 0.000000 0.000000 0.982812 0.360129 2.000000 0.926562 0.356913 2.000000 0.000000 0.000000 0.000000 0.000000 0.000000 0.000000 0.000000 0.000000 0.000000 0.000000 0.000000 0.000000 0.970313 0.556270 2.000000 0.940625 0.556270 2.000000 0.971875 0.765273 2.000000 0.932813 0.768489 1.000000 0.954688 0.909968 2.000000 0.934375 0.909968 1.000000
0 0.400625 0.191608 0.078375 0.291576 0.409375 0.112540 2.000000 0.415625 0.102894 2.000000 0.401562 0.099678 2.000000 0.420312 0.112540 2.000000 0.385937 0.102894 2.000000 0.429688 0.199357 2.000000 0.368750 0.202572 1.000000 0.000000 0.000000 0.000000 0.000000 0.000000 0.000000 0.000000 0.000000 0.000000 0.000000 0.000000 0.000000 0.423438 0.382637 1.000000 0.379688 0.382637 1.000000 0.000000 0.000000 0.000000 0.000000 0.000000 0.000000 0.000000 0.000000 0.000000 0.000000 0.000000 0.000000
0 0.804688 0.824952 0.161969 0.350096 0.785937 0.742765 2.000000 0.793750 0.723473 2.000000 0.775000 0.726688 2.000000 0.806250 0.726688 2.000000 0.764062 0.742765 1.000000 0.817187 0.790997 2.000000 0.756250 0.784566 2.000000 0.871875 0.848875 2.000000 0.737500 0.842444 2.000000 0.825000 0.909968 2.000000 0.792188 0.893891 2.000000 0.818750 0.919614 2.000000 0.781250 0.919614 2.000000 0.853125 0.871383 2.000000 0.756250 0.887460 2.000000 0.828125 0.996785 1.000000 0.792188 0.993569 2.000000
0 0.792242 0.711238 0.147422 0.550579 0.785937 0.514469 2.000000 0.793750 0.491961 2.000000 0.775000 0.495177 2.000000 0.809375 0.498392 2.000000 0.770312 0.511254 2.000000 0.820312 0.588424 2.000000 0.762500 0.598071 2.000000 0.837500 0.717042 2.000000 0.760938 0.720257 1.000000 0.821875 0.787781 1.000000 0.000000 0.000000 0.000000 0.809375 0.758842 2.000000 0.776563 0.762058 1.000000 0.000000 0.000000 0.000000 0.000000 0.000000 0.000000 0.000000 0.000000 0.000000 0.000000 0.000000 0.000000
0 0.908539 0.720981 0.124484 0.530322 0.907813 0.530547 2.000000 0.915625 0.517685 2.000000 0.898438 0.517685 2.000000 0.000000 0.000000 0.000000 0.887500 0.524116 2.000000 0.937500 0.614148 2.000000 0.870313 0.610932 2.000000 0.959375 0.729904 2.000000 0.856250 0.723473 2.000000 0.956250 0.800643 2.000000 0.864062 0.790997 2.000000 0.923438 0.768489 2.000000 0.884375 0.768489 2.000000 0.934375 0.848875 2.000000 0.907813 0.845659 2.000000 0.920312 0.935691 2.000000 0.895312 0.932476 2.000000
0 0.744195 0.492122 0.099359 0.602251 0.740625 0.250804 2.000000 0.748437 0.241158 2.000000 0.732812 0.241158 2.000000 0.757812 0.254019 2.000000 0.721875 0.260450 1.000000 0.773438 0.356913 2.000000 0.710938 0.356913 2.000000 0.782813 0.482315 1.000000 0.700000 0.475884 1.000000 0.000000 0.000000 0.000000 0.000000 0.000000 0.000000 0.765625 0.540193 1.000000 0.723437 0.546624 2.000000 0.757812 0.675241 1.000000 0.728125 0.678457 1.000000 0.756250 0.823151 1.000000 0.731250 0.823151 1.000000
0 0.369094 0.387653 0.096094 0.397749 0.365625 0.263666 2.000000 0.375000 0.247588 2.000000 0.356250 0.247588 2.000000 0.381250 0.263666 2.000000 0.345313 0.263666 2.000000 0.395313 0.350482 2.000000 0.321875 0.353698 1.000000 0.406250 0.446945 2.000000 0.317188 0.456592 1.000000 0.000000 0.000000 0.000000 0.000000 0.000000 0.000000 0.385937 0.575563 1.000000 0.337500 0.575563 2.000000 0.000000 0.000000 0.000000 0.000000 0.000000 0.000000 0.000000 0.000000 0.000000 0.000000 0.000000 0.000000
0 0.688289 0.638183 0.107016 0.441897 0.679688 0.498392 2.000000 0.687500 0.485531 2.000000 0.673438 0.491961 2.000000 0.700000 0.491961 2.000000 0.664062 0.501608 2.000000 0.717187 0.585209 2.000000 0.653125 0.581994 2.000000 0.728125 0.707395 2.000000 0.643750 0.697749 1.000000 0.714063 0.771704 2.000000 0.000000 0.000000 0.000000 0.698438 0.781350 1.000000 0.660937 0.778135 1.000000 0.710938 0.816720 2.000000 0.000000 0.000000 0.000000 0.000000 0.000000 0.000000 0.000000 0.000000 0.000000
