0 0.301094 0.660796 0.078281 0.347073 0.310937 0.522248 2.000000 0.314063 0.515222 2.000000 0.306250 0.515222 2.000000 0.000000 0.000000 0.000000 0.000000 0.000000 0.000000 0.334375 0.545667 1.000000 0.285938 0.548009 2.000000 0.000000 0.000000 0.000000 0.273438 0.608899 2.000000 0.000000 0.000000 0.000000 0.271875 0.658080 2.000000 0.317188 0.653396 2.000000 0.293750 0.653396 2.000000 0.312500 0.728337 2.000000 0.295312 0.716628 2.000000 0.303125 0.784543 2.000000 0.284375 0.784543 2.000000
0 0.881586 0.624719 0.083953 0.314590 0.865625 0.501171 2.000000 0.870313 0.496487 2.000000 0.860938 0.496487 2.000000 0.876563 0.496487 2.000000 0.854688 0.498829 2.000000 0.890625 0.533958 2.000000 0.845313 0.540984 1.000000 0.906250 0.576112 2.000000 0.000000 0.000000 0.000000 0.901563 0.625293 2.000000 0.000000 0.000000 0.000000 0.887500 0.618267 2.000000 0.856250 0.622951 2.000000 0.887500 0.695550 2.000000 0.870313 0.697892 2.000000 0.890625 0.758782 2.000000 0.873437 0.754098 2.000000
0 0.477398 0.682799 0.062859 0.336183 0.473438 0.548009 2.000000 0.478125 0.543326 2.000000 0.468750 0.543326 2.000000 0.000000 0.000000 0.000000 0.000000 0.000000 0.000000 0.492188 0.599532 2.000000 0.453125 0.594848 2.000000 0.501563 0.648712 2.000000 0.000000 0.000000 0.000000 0.501563 0.690867 2.000000 0.000000 0.000000 0.000000 0.484375 0.688525 2.000000 0.456250 0.688525 1.000000 0.485938 0.747073 2.000000 0.450000 0.749415 1.000000 0.490625 0.826698 2.000000 0.450000 0.819672 1.000000
0 0.512289 0.670902 0.047797 0.335340 0.503125 0.529274 2.000000 0.506250 0.522248 2.000000 0.500000 0.522248 2.000000 0.514062 0.529274 2.000000 0.000000 0.000000 0.000000 0.523438 0.573770 2.000000 0.487500 0.576112 1.000000 0.000000 0.000000 0.000000 0.000000 0.000000 0.000000 0.000000 0.000000 0.000000 0.000000 0.000000 0.000000 0.517188 0.660422 2.000000 0.492188 0.660422 1.000000 0.514062 0.730679 2.000000 0.490625 0.733021 1.000000 0.512500 0.798595 2.000000 0.000000 0.000000 0.000000
0 0.535469 0.630960 0.043219 0.320375 0.528125 0.501171 2.000000 0.529687 0.494145 2.000000 0.521875 0.494145 2.000000 0.535937 0.494145 2.000000 0.515625 0.496487 2.000000 0.542188 0.533958 2.000000 0.509375 0.533958 1.000000 0.560937 0.576112 1.000000 0.495312 0.583138 1.000000 0.556250 0.620609 1.000000 0.501563 0.632319 1.000000 0.539062 0.627635 2.000000 0.518750 0.627635 1.000000 0.540625 0.688525 2.000000 0.514062 0.697892 1.000000 0.542188 0.763466 2.000000 0.514062 0.784543 1.000000
0 0.590391 0.665550 0.051562 0.309227 0.593750 0.545667 2.000000 0.596875 0.538642 2.000000 0.590625 0.538642 2.000000 0.604688 0.540984 2.000000 0.582812 0.543326 2.000000 0.607812 0.576112 2.000000 0.568750 0.562061 1.000000 0.612500 0.625293 1.000000 0.545312 0.590164 1.000000 0.593750 0.639344 2.000000 0.545312 0.613583 1.000000 0.592187 0.667447 2.000000 0.564063 0.665105 1.000000 0.592187 0.735363 2.000000 0.564063 0.728337 1.000000 0.590625 0.793911 2.000000 0.564063 0.793911 1.000000
0 0.640289 0.657635 0.071953 0.325152 0.628125 0.526932 2.000000 0.631250 0.522248 2.000000 0.623437 0.522248 2.000000 0.000000 0.000000 0.000000 0.000000 0.000000 0.000000 0.646875 0.566745 1.000000 0.615625 0.573770 2.000000 0.668750 0.601874 2.000000 0.607812 0.604215 2.000000 0.643750 0.613583 2.000000 0.617188 0.620609 2.000000 0.650000 0.648712 1.000000 0.628125 0.651054 1.000000 0.648438 0.735363 1.000000 0.000000 0.000000 0.000000 0.659375 0.793911 2.000000 0.000000 0.000000 0.000000
0 0.363195 0.667049 0.094047 0.374848 0.376563 0.526932 2.000000 0.379688 0.517564 2.000000 0.371875 0.519906 2.000000 0.000000 0.000000 0.000000 0.362500 0.519906 2.000000 0.390625 0.564403 2.000000 0.353125 0.559719 2.000000 0.000000 0.000000 0.000000 0.329688 0.594848 2.000000 0.000000 0.000000 0.000000 0.354687 0.585480 2.000000 0.385937 0.662763 2.000000 0.350000 0.662763 2.000000 0.393750 0.733021 2.000000 0.353125 0.735363 2.000000 0.382812 0.807963 2.000000 0.354687 0.798595 2.000000
0 0.419859 0.741686 0.052344 0.308993 0.434375 0.620609 2.000000 0.437500 0.611241 2.000000 0.428125 0.613583 2.000000 0.000000 0.000000 0.000000 0.420312 0.615925 2.000000 0.434375 0.648712 2.000000 0.410938 0.644028 2.000000 0.000000 0.000000 0.000000 0.000000 0.000000 0.000000 0.000000 0.000000 0.000000 0.000000 0.000000 0.000000 0.418750 0.735363 2.000000 0.400000 0.735363 1.000000 0.414062 0.814988 2.000000 0.404687 0.807963 2.000000 0.414062 0.873536 2.000000 0.401562 0.873536 2.000000
0 0.429508 0.586112 0.065234 0.187963 0.432812 0.519906 2.000000 0.435937 0.512881 2.000000 0.428125 0.515222 2.000000 0.000000 0.000000 0.000000 0.000000 0.000000 0.000000 0.454688 0.550351 2.000000 0.409375 0.562061 2.000000 0.000000 0.000000 0.000000 0.406250 0.611241 2.000000 0.000000 0.000000 0.000000 0.403125 0.660422 2.000000 0.000000 0.000000 0.000000 0.000000 0.000000 0.000000 0.000000 0.000000 0.000000 0.000000 0.000000 0.000000 0.000000 0.000000 0.000000 0.000000 0.000000 0.000000
