0 0.613727 0.247611 0.075453 0.495222 0.607812 0.014052 1.000000 0.618750 0.009368 2.000000 0.603125 0.009368 2.000000 0.000000 0.000000 0.000000 0.000000 0.000000 0.000000 0.648438 0.077283 2.000000 0.589063 0.079625 2.000000 0.640625 0.159251 1.000000 0.584375 0.154567 1.000000 0.592187 0.140515 2.000000 0.587500 0.168618 2.000000 0.631250 0.252927 2.000000 0.592187 0.250585 2.000000 0.628125 0.386417 2.000000 0.593750 0.386417 1.000000 0.000000 0.000000 0.000000 0.000000 0.000000 0.000000
0 0.735711 0.154063 0.141453 0.308126 0.000000 0.000000 0.000000 0.000000 0.000000 0.000000 0.000000 0.000000 0.000000 0.000000 0.000000 0.000000 0.000000 0.000000 0.000000 0.792188 0.007026 2.000000 0.728125 0.007026 2.000000 0.760938 0.107728 2.000000 0.701562 0.105386 1.000000 0.682813 0.142857 1.000000 0.667188 0.154567 1.000000 0.756250 0.208431 2.000000 0.725000 0.203747 2.000000 0.767188 0.400468 1.000000 0.737500 0.400468 1.000000 0.000000 0.000000 0.000000 0.000000 0.000000 0.000000
0 0.833609 0.253009 0.123875 0.505597 0.828125 0.002342 2.000000 0.000000 0.000000 0.000000 0.000000 0.000000 0.000000 0.000000 0.000000 0.000000 0.000000 0.000000 0.000000 0.868750 0.063232 2.000000 0.803125 0.074941 2.000000 0.850000 0.182670 2.000000 0.784375 0.175644 2.000000 0.796875 0.177986 2.000000 0.839063 0.159251 2.000000 0.862500 0.252927 2.000000 0.803125 0.250585 2.000000 0.850000 0.405152 2.000000 0.812500 0.402810 2.000000 0.875000 0.531616 1.000000 0.831250 0.531616 1.000000
0 0.957289 0.251686 0.085422 0.498876 0.000000 0.000000 0.000000 0.000000 0.000000 0.000000 0.000000 0.000000 0.000000 0.000000 0.000000 0.000000 0.000000 0.000000 0.000000 0.996875 0.037471 1.000000 0.926562 0.037471 1.000000 0.000000 0.000000 0.000000 0.928125 0.142857 2.000000 0.000000 0.000000 0.000000 0.948438 0.135831 2.000000 0.992188 0.213115 2.000000 0.956250 0.213115 2.000000 0.000000 0.000000 0.000000 0.964063 0.407494 2.000000 0.000000 0.000000 0.000000 0.967187 0.538642 1.000000
0 0.291477 0.187330 0.098734 0.157799 0.282813 0.161593 2.000000 0.289062 0.147541 1.000000 0.276562 0.147541 1.000000 0.310937 0.149883 1.000000 0.000000 0.000000 0.000000 0.325000 0.203747 2.000000 0.271875 0.201405 2.000000 0.323437 0.266979 1.000000 0.246875 0.252927 2.000000 0.000000 0.000000 0.000000 0.265625 0.238876 2.000000 0.000000 0.000000 0.000000 0.000000 0.000000 0.000000 0.000000 0.000000 0.000000 0.000000 0.000000 0.000000 0.000000 0.000000 0.000000 0.000000 0.000000 0.000000
0 0.138555 0.138759 0.165109 0.241593 0.134375 0.030445 2.000000 0.142187 0.018735 1.000000 0.126562 0.018735 1.000000 0.154688 0.025761 2.000000 0.103125 0.021077 2.000000 0.162500 0.067916 2.000000 0.084375 0.070258 2.000000 0.210938 0.156909 2.000000 0.137500 0.156909 2.000000 0.182812 0.156909 2.000000 0.135937 0.070258 2.000000 0.170313 0.236534 1.000000 0.110937 0.241218 1.000000 0.000000 0.000000 0.000000 0.000000 0.000000 0.000000 0.000000 0.000000 0.000000 0.000000 0.000000 0.000000
0 0.548945 0.268244 0.122734 0.470304 0.610938 0.014052 1.000000 0.617188 0.004684 1.000000 0.604688 0.007026 1.000000 0.000000 0.000000 0.000000 0.000000 0.000000 0.000000 0.639062 0.070258 1.000000 0.593750 0.067916 1.000000 0.000000 0.000000 0.000000 0.584375 0.133489 1.000000 0.000000 0.000000 0.000000 0.590625 0.175644 1.000000 0.628125 0.215457 1.000000 0.595313 0.217799 1.000000 0.628125 0.334895 1.000000 0.589063 0.348946 1.000000 0.000000 0.000000 0.000000 0.589063 0.484778 1.000000
0 0.430109 0.261019 0.131937 0.459742 0.000000 0.000000 0.000000 0.000000 0.000000 0.000000 0.000000 0.000000 0.000000 0.000000 0.000000 0.000000 0.000000 0.000000 0.000000 0.346875 0.039813 1.000000 0.451562 0.007026 1.000000 0.337500 0.168618 1.000000 0.439063 0.126464 2.000000 0.415625 0.126464 2.000000 0.359375 0.114754 1.000000 0.360938 0.234192 1.000000 0.431250 0.229508 2.000000 0.378125 0.405152 1.000000 0.425000 0.393443 1.000000 0.401562 0.559719 1.000000 0.439063 0.571429 1.000000
0 0.910820 0.253934 0.091453 0.507869 0.000000 0.000000 0.000000 0.000000 0.000000 0.000000 0.000000 0.000000 0.000000 0.000000 0.000000 0.000000 0.000000 0.000000 0.000000 0.000000 0.000000 0.000000 0.000000 0.000000 0.000000 0.000000 0.000000 0.000000 0.000000 0.000000 0.000000 0.000000 0.000000 0.000000 0.879687 0.070258 1.000000 0.959375 0.245902 1.000000 0.900000 0.245902 2.000000 0.970313 0.386417 1.000000 0.901563 0.388759 2.000000 0.959375 0.543326 1.000000 0.915625 0.545667 1.000000
0 0.050883 0.100222 0.092797 0.168548 0.000000 0.000000 0.000000 0.000000 0.000000 0.000000 0.000000 0.000000 0.000000 0.000000 0.000000 0.000000 0.000000 0.000000 0.000000 0.100000 0.014052 1.000000 0.032813 0.014052 1.000000 0.000000 0.000000 0.000000 0.020313 0.103044 2.000000 0.000000 0.000000 0.000000 0.000000 0.000000 0.000000 0.000000 0.000000 0.000000 0.031250 0.161593 2.000000 0.000000 0.000000 0.000000 0.000000 0.000000 0.000000 0.000000 0.000000 0.000000 0.000000 0.000000 0.000000
0 0.281008 0.126124 0.114203 0.241007 0.000000 0.000000 0.000000 0.000000 0.000000 0.000000 0.000000 0.000000 0.000000 0.000000 0.000000 0.000000 0.000000 0.000000 0.000000 0.000000 0.000000 0.000000 0.000000 0.000000 0.000000 0.343750 0.060890 1.000000 0.225000 0.074941 1.000000 0.335938 0.072600 1.000000 0.273438 0.058548 2.000000 0.312500 0.177986 1.000000 0.254688 0.177986 2.000000 0.310937 0.309133 1.000000 0.257812 0.309133 1.000000 0.000000 0.000000 0.000000 0.000000 0.000000 0.000000
