0 0.299797 0.446969 0.121531 0.250688 0.348438 0.364583 2.000000 0.000000 0.000000 0.000000 0.345313 0.358333 2.000000 0.000000 0.000000 0.000000 0.331250 0.358333 2.000000 0.335938 0.383333 2.000000 0.304688 0.377083 2.000000 0.000000 0.000000 0.000000 0.257812 0.395833 2.000000 0.000000 0.000000 0.000000 0.282813 0.441667 2.000000 0.296875 0.425000 2.000000 0.259375 0.427083 2.000000 0.335938 0.452083 2.000000 0.295312 0.468750 2.000000 0.321875 0.531250 2.000000 0.262500 0.554167 2.000000
0 0.136250 0.665271 0.125906 0.426500 0.000000 0.000000 0.000000 0.000000 0.000000 0.000000 0.000000 0.000000 0.000000 0.000000 0.000000 0.000000 0.140625 0.491667 2.000000 0.095312 0.545833 2.000000 0.145313 0.541667 2.000000 0.090625 0.602083 2.000000 0.190625 0.572917 2.000000 0.000000 0.000000 0.000000 0.175000 0.520833 2.000000 0.109375 0.660417 2.000000 0.145313 0.666667 2.000000 0.109375 0.752083 2.000000 0.140625 0.760417 2.000000 0.087500 0.841667 2.000000 0.129688 0.856250 2.000000
0 0.417227 0.464490 0.171484 0.218729 0.431250 0.395833 2.000000 0.000000 0.000000 0.000000 0.426563 0.389583 2.000000 0.000000 0.000000 0.000000 0.410938 0.387500 2.000000 0.417187 0.410417 2.000000 0.379688 0.404167 2.000000 0.448437 0.452083 2.000000 0.345313 0.427083 2.000000 0.478125 0.458333 2.000000 0.340625 0.470833 2.000000 0.384375 0.479167 2.000000 0.348438 0.483333 2.000000 0.431250 0.475000 2.000000 0.387500 0.462500 2.000000 0.385937 0.537500 2.000000 0.356250 0.541667 2.000000
0 0.673406 0.404062 0.170625 0.261125 0.667188 0.325000 2.000000 0.670312 0.318750 2.000000 0.660937 0.318750 2.000000 0.000000 0.000000 0.000000 0.000000 0.000000 0.000000 0.692187 0.316667 2.000000 0.642188 0.312500 1.000000 0.693750 0.370833 2.000000 0.621875 0.358333 2.000000 0.671875 0.377083 2.000000 0.642188 0.358333 2.000000 0.681250 0.375000 2.000000 0.650000 0.372917 2.000000 0.712500 0.427083 2.000000 0.626563 0.425000 2.000000 0.734375 0.493750 2.000000 0.603125 0.504167 2.000000
0 0.348734 0.138979 0.086906 0.191833 0.332813 0.075000 2.000000 0.334375 0.068750 2.000000 0.328125 0.070833 2.000000 0.000000 0.000000 0.000000 0.320312 0.072917 1.000000 0.343750 0.087500 2.000000 0.317188 0.091667 2.000000 0.354687 0.125000 2.000000 0.326562 0.114583 2.000000 0.365625 0.154167 2.000000 0.340625 0.102083 2.000000 0.340625 0.172917 2.000000 0.323437 0.175000 2.000000 0.373437 0.170833 2.000000 0.317188 0.235417 1.000000 0.385937 0.225000 1.000000 0.000000 0.000000 0.000000
0 0.413000 0.133781 0.058531 0.174896 0.426563 0.075000 2.000000 0.429688 0.070833 2.000000 0.421875 0.072917 2.000000 0.434375 0.070833 1.000000 0.414062 0.072917 2.000000 0.435937 0.097917 1.000000 0.398438 0.100000 2.000000 0.431250 0.139583 2.000000 0.390625 0.143750 2.000000 0.442188 0.160417 1.000000 0.387500 0.170833 2.000000 0.428125 0.185417 2.000000 0.417187 0.177083 2.000000 0.421875 0.237500 1.000000 0.434375 0.197917 2.000000 0.000000 0.000000 0.000000 0.425000 0.239583 1.000000
0 0.526164 0.141062 0.101109 0.147083 0.000000 0.000000 0.000000 0.000000 0.000000 0.000000 0.000000 0.000000 0.000000 0.000000 0.000000 0.000000 0.000000 0.000000 0.000000 0.514062 0.116667 2.000000 0.490625 0.114583 2.000000 0.000000 0.000000 0.000000 0.496875 0.152083 2.000000 0.000000 0.000000 0.000000 0.000000 0.000000 0.000000 0.510938 0.177083 2.000000 0.484375 0.177083 2.000000 0.535937 0.187500 2.000000 0.509375 0.158333 2.000000 0.000000 0.000000 0.000000 0.545312 0.175000 2.000000
0 0.847094 0.077656 0.079219 0.155312 0.000000 0.000000 0.000000 0.000000 0.000000 0.000000 0.000000 0.000000 0.000000 0.000000 0.000000 0.000000 0.000000 0.000000 0.000000 0.853125 0.014583 2.000000 0.823438 0.014583 2.000000 0.868750 0.027083 2.000000 0.812500 0.037500 2.000000 0.857812 0.033333 2.000000 0.835938 0.022917 2.000000 0.837500 0.089583 1.000000 0.817187 0.089583 2.000000 0.845313 0.152083 1.000000 0.818750 0.156250 1.000000 0.000000 0.000000 0.000000 0.000000 0.000000 0.000000
0 0.514961 0.927396 0.098109 0.125167 0.000000 0.000000 0.000000 0.000000 0.000000 0.000000 0.000000 0.000000 0.000000 0.484375 0.908333 1.000000 0.525000 0.910417 2.000000 0.459375 0.966667 1.000000 0.548438 0.972917 2.000000 0.000000 0.000000 0.000000 0.000000 0.000000 0.000000 0.000000 0.000000 0.000000 0.000000 0.000000 0.000000 0.000000 0.000000 0.000000 0.000000 0.000000 0.000000 0.000000 0.000000 0.000000 0.000000 0.000000 0.000000 0.000000 0.000000 0.000000 0.000000 0.000000 0.000000
0 0.922586 0.089698 0.060547 0.103271 0.925000 0.064583 2.000000 0.926562 0.060417 2.000000 0.920312 0.060417 2.000000 0.000000 0.000000 0.000000 0.000000 0.000000 0.000000 0.934375 0.077083 2.000000 0.904687 0.077083 2.000000 0.935937 0.100000 2.000000 0.909375 0.116667 2.000000 0.937500 0.127083 1.000000 0.932813 0.127083 2.000000 0.000000 0.000000 0.000000 0.000000 0.000000 0.000000 0.000000 0.000000 0.000000 0.000000 0.000000 0.000000 0.000000 0.000000 0.000000 0.000000 0.000000 0.000000
