0 0.529496 0.900680 0.077822 0.155766 0.536300 0.837500 2.000000 0.000000 0.000000 0.000000 0.533958 0.834375 2.000000 0.510539 0.837500 2.000000 0.529274 0.835938 2.000000 0.496487 0.856250 2.000000 0.531616 0.851562 2.000000 0.480094 0.878125 1.000000 0.543326 0.876563 2.000000 0.508197 0.871875 2.000000 0.543326 0.870313 2.000000 0.501171 0.906250 2.000000 0.526932 0.903125 2.000000 0.503513 0.928125 2.000000 0.524590 0.926562 2.000000 0.496487 0.960938 2.000000 0.524590 0.965625 2.000000
0 0.192881 0.935125 0.083372 0.125344 0.224824 0.892188 2.000000 0.000000 0.000000 0.000000 0.220141 0.889062 2.000000 0.000000 0.000000 0.000000 0.203747 0.890625 2.000000 0.201405 0.917188 2.000000 0.189696 0.921875 2.000000 0.000000 0.000000 0.000000 0.180328 0.954688 2.000000 0.000000 0.000000 0.000000 0.213115 0.984375 2.000000 0.203747 0.993750 2.000000 0.185012 0.998437 1.000000 0.000000 0.000000 0.000000 0.000000 0.000000 0.000000 0.000000 0.000000 0.000000 0.000000 0.000000 0.000000
0 0.150433 0.921086 0.083443 0.157828 0.182670 0.867188 2.000000 0.000000 0.000000 0.000000 0.000000 0.000000 0.000000 0.000000 0.000000 0.000000 0.168618 0.859375 2.000000 0.000000 0.000000 0.000000 0.152225 0.884375 2.000000 0.000000 0.000000 0.000000 0.133489 0.921875 2.000000 0.000000 0.000000 0.000000 0.000000 0.000000 0.000000 0.000000 0.000000 0.000000 0.133489 0.960938 2.000000 0.000000 0.000000 0.000000 0.000000 0.000000 0.000000 0.000000 0.000000 0.000000 0.000000 0.000000 0.000000
0 0.805457 0.930328 0.066979 0.139094 0.000000 0.000000 0.000000 0.000000 0.000000 0.000000 0.000000 0.000000 0.000000 0.000000 0.000000 0.000000 0.803279 0.885938 2.000000 0.793911 0.903125 2.000000 0.814988 0.907813 2.000000 0.000000 0.000000 0.000000 0.819672 0.942187 1.000000 0.000000 0.000000 0.000000 0.000000 0.000000 0.000000 0.786885 0.978125 2.000000 0.810304 0.981250 2.000000 0.000000 0.000000 0.000000 0.000000 0.000000 0.000000 0.000000 0.000000 0.000000 0.000000 0.000000 0.000000
0 0.979719 0.920758 0.040562 0.153016 0.988290 0.851562 2.000000 0.992974 0.846875 2.000000 0.983607 0.848437 2.000000 0.000000 0.000000 0.000000 0.976581 0.851562 2.000000 0.000000 0.000000 0.000000 0.967213 0.867188 2.000000 0.000000 0.000000 0.000000 0.950820 0.885938 1.000000 0.000000 0.000000 0.000000 0.971897 0.903125 2.000000 0.000000 0.000000 0.000000 0.978923 0.912500 2.000000 0.000000 0.000000 0.000000 0.974239 0.953125 2.000000 0.000000 0.000000 0.000000 0.971897 0.985938 1.000000
0 0.342073 0.910508 0.193372 0.178984 0.348946 0.857812 2.000000 0.355972 0.853125 2.000000 0.344262 0.853125 2.000000 0.384075 0.854688 2.000000 0.000000 0.000000 0.000000 0.407494 0.879687 2.000000 0.344262 0.884375 2.000000 0.440281 0.918750 1.000000 0.311475 0.915625 2.000000 0.449649 0.939063 1.000000 0.274005 0.932813 2.000000 0.407494 0.951562 2.000000 0.362998 0.948438 2.000000 0.000000 0.000000 0.000000 0.000000 0.000000 0.000000 0.000000 0.000000 0.000000 0.000000 0.000000 0.000000
0 0.047108 0.925133 0.094215 0.149734 0.002342 0.876563 1.000000 0.007026 0.870313 2.000000 0.000000 0.000000 0.000000 0.032787 0.868750 2.000000 0.000000 0.000000 0.000000 0.021077 0.892188 2.000000 0.067916 0.892188 2.000000 0.002342 0.937500 2.000000 0.084309 0.937500 2.000000 0.011710 0.973437 2.000000 0.044496 0.951562 2.000000 0.028103 0.960938 2.000000 0.058548 0.960938 2.000000 0.000000 0.000000 0.000000 0.000000 0.000000 0.000000 0.000000 0.000000 0.000000 0.000000 0.000000 0.000000
0 0.918384 0.933844 0.106885 0.132312 0.955504 0.907813 1.000000 0.000000 0.000000 0.000000 0.957845 0.903125 1.000000 0.000000 0.000000 0.000000 0.939110 0.893750 2.000000 0.887588 0.917188 2.000000 0.929742 0.923438 2.000000 0.000000 0.000000 0.000000 0.943794 0.967187 2.000000 0.000000 0.000000 0.000000 0.000000 0.000000 0.000000 0.889930 0.990625 2.000000 0.922717 0.995313 2.000000 0.000000 0.000000 0.000000 0.000000 0.000000 0.000000 0.000000 0.000000 0.000000 0.000000 0.000000 0.000000
0 0.864813 0.906922 0.100960 0.186156 0.906323 0.848437 2.000000 0.000000 0.000000 0.000000 0.906323 0.843750 2.000000 0.000000 0.000000 0.000000 0.882904 0.848437 2.000000 0.836066 0.875000 2.000000 0.892272 0.879687 2.000000 0.000000 0.000000 0.000000 0.903981 0.931250 1.000000 0.000000 0.000000 0.000000 0.000000 0.000000 0.000000 0.824356 0.950000 2.000000 0.859485 0.954688 2.000000 0.000000 0.000000 0.000000 0.000000 0.000000 0.000000 0.000000 0.000000 0.000000 0.000000 0.000000 0.000000
0 0.230304 0.916141 0.082014 0.164906 0.224824 0.875000 1.000000 0.229508 0.868750 2.000000 0.215457 0.868750 2.000000 0.000000 0.000000 0.000000 0.000000 0.000000 0.000000 0.000000 0.000000 0.000000 0.000000 0.000000 0.000000 0.257611 0.915625 2.000000 0.000000 0.000000 0.000000 0.238876 0.885938 2.000000 0.000000 0.000000 0.000000 0.234192 0.960938 2.000000 0.000000 0.000000 0.000000 0.000000 0.000000 0.000000 0.000000 0.000000 0.000000 0.000000 0.000000 0.000000 0.000000 0.000000 0.000000
