0 0.637953 0.580902 0.391313 0.653934 0.612500 0.487119 2.000000 0.635938 0.461358 2.000000 0.593750 0.466042 2.000000 0.684375 0.412178 2.000000 0.562500 0.419204 2.000000 0.748437 0.566745 2.000000 0.523438 0.552693 2.000000 0.804688 0.758782 2.000000 0.459375 0.805621 2.000000 0.743750 0.810304 1.000000 0.000000 0.000000 0.000000 0.000000 0.000000 0.000000 0.000000 0.000000 0.000000 0.000000 0.000000 0.000000 0.000000 0.000000 0.000000 0.000000 0.000000 0.000000 0.000000 0.000000 0.000000
0 0.300266 0.519965 0.302156 0.935105 0.382812 0.236534 2.000000 0.396875 0.201405 2.000000 0.367188 0.203747 2.000000 0.000000 0.000000 0.000000 0.309375 0.187354 2.000000 0.406250 0.316159 2.000000 0.235937 0.323185 2.000000 0.000000 0.000000 0.000000 0.287500 0.625293 2.000000 0.000000 0.000000 0.000000 0.431250 0.812646 1.000000 0.404687 0.728337 1.000000 0.282813 0.751756 2.000000 0.000000 0.000000 0.000000 0.000000 0.000000 0.000000 0.000000 0.000000 0.000000 0.000000 0.000000 0.000000
0 0.070789 0.752635 0.141578 0.493232 0.000000 0.000000 0.000000 0.000000 0.000000 0.000000 0.120313 0.709602 2.000000 0.000000 0.000000 0.000000 0.100000 0.768150 2.000000 0.000000 0.000000 0.000000 0.000000 0.000000 0.000000 0.000000 0.000000 0.000000 0.000000 0.000000 0.000000 0.000000 0.000000 0.000000 0.000000 0.000000 0.000000 0.000000 0.000000 0.000000 0.000000 0.000000 0.000000 0.000000 0.000000 0.000000 0.000000 0.000000 0.000000 0.000000 0.000000 0.000000 0.000000 0.000000 0.000000
0 0.139422 0.698618 0.278844 0.602763 0.121875 0.564403 2.000000 0.121875 0.538642 2.000000 0.101562 0.548009 2.000000 0.000000 0.000000 0.000000 0.000000 0.000000 0.000000 0.150000 0.622951 2.000000 0.023438 0.681499 1.000000 0.225000 0.747073 2.000000 0.001563 0.878220 1.000000 0.234375 0.800937 2.000000 0.039062 0.911007 1.000000 0.000000 0.000000 0.000000 0.000000 0.000000 0.000000 0.000000 0.000000 0.000000 0.000000 0.000000 0.000000 0.000000 0.000000 0.000000 0.000000 0.000000 0.000000
0 0.089930 0.252611 0.095578 0.166206 0.101562 0.229508 2.000000 0.110937 0.217799 2.000000 0.095312 0.213115 2.000000 0.128125 0.231850 2.000000 0.000000 0.000000 0.000000 0.167187 0.309133 1.000000 0.059375 0.304450 1.000000 0.000000 0.000000 0.000000 0.000000 0.000000 0.000000 0.000000 0.000000 0.000000 0.000000 0.000000 0.000000 0.000000 0.000000 0.000000 0.000000 0.000000 0.000000 0.000000 0.000000 0.000000 0.000000 0.000000 0.000000 0.000000 0.000000 0.000000 0.000000 0.000000 0.000000
0 0.838578 0.508583 0.180344 0.531358 0.854688 0.330211 2.000000 0.000000 0.000000 0.000000 0.854688 0.311475 2.000000 0.000000 0.000000 0.000000 0.839063 0.304450 2.000000 0.778125 0.360656 2.000000 0.837500 0.381733 2.000000 0.000000 0.000000 0.000000 0.832812 0.505855 2.000000 0.000000 0.000000 0.000000 0.885938 0.459016 2.000000 0.793750 0.557377 1.000000 0.835938 0.562061 2.000000 0.000000 0.000000 0.000000 0.000000 0.000000 0.000000 0.000000 0.000000 0.000000 0.000000 0.000000 0.000000
0 0.470547 0.391077 0.069625 0.277049 0.443750 0.341920 2.000000 0.457813 0.325527 2.000000 0.439063 0.323185 1.000000 0.489063 0.334895 2.000000 0.000000 0.000000 0.000000 0.528125 0.447307 1.000000 0.407813 0.437939 1.000000 0.000000 0.000000 0.000000 0.000000 0.000000 0.000000 0.000000 0.000000 0.000000 0.000000 0.000000 0.000000 0.000000 0.000000 0.000000 0.000000 0.000000 0.000000 0.000000 0.000000 0.000000 0.000000 0.000000 0.000000 0.000000 0.000000 0.000000 0.000000 0.000000 0.000000
0 0.913547 0.310141 0.134438 0.211054 0.951562 0.297424 2.000000 0.960938 0.285714 2.000000 0.946875 0.281030 2.000000 0.000000 0.000000 0.000000 0.926562 0.259953 2.000000 0.959375 0.309133 2.000000 0.884375 0.297424 2.000000 0.967187 0.384075 1.000000 0.834375 0.379391 1.000000 0.000000 0.000000 0.000000 0.884375 0.372365 2.000000 0.000000 0.000000 0.000000 0.000000 0.000000 0.000000 0.000000 0.000000 0.000000 0.000000 0.000000 0.000000 0.000000 0.000000 0.000000 0.000000 0.000000 0.000000
0 0.696500 0.285293 0.064094 0.188618 0.000000 0.000000 0.000000 0.000000 0.000000 0.000000 0.000000 0.000000 0.000000 0.684375 0.238876 2.000000 0.725000 0.238876 2.000000 0.665625 0.295082 1.000000 0.737500 0.295082 1.000000 0.000000 0.000000 0.000000 0.000000 0.000000 0.000000 0.000000 0.000000 0.000000 0.000000 0.000000 0.000000 0.000000 0.000000 0.000000 0.000000 0.000000 0.000000 0.000000 0.000000 0.000000 0.000000 0.000000 0.000000 0.000000 0.000000 0.000000 0.000000 0.000000 0.000000
0 0.435063 0.258361 0.052719 0.158689 0.000000 0.000000 0.000000 0.000000 0.000000 0.000000 0.000000 0.000000 0.000000 0.000000 0.000000 0.000000 0.446875 0.220141 2.000000 0.404687 0.290398 1.000000 0.468750 0.269321 1.000000 0.000000 0.000000 0.000000 0.000000 0.000000 0.000000 0.000000 0.000000 0.000000 0.000000 0.000000 0.000000 0.000000 0.000000 0.000000 0.000000 0.000000 0.000000 0.000000 0.000000 0.000000 0.000000 0.000000 0.000000 0.000000 0.000000 0.000000 0.000000 0.000000 0.000000
