0 0.409102 0.426932 0.144734 0.191787 0.417187 0.381643 2.000000 0.423438 0.369565 2.000000 0.409375 0.369565 2.000000 0.432812 0.381643 2.000000 0.401562 0.384058 2.000000 0.453125 0.442029 2.000000 0.387500 0.446860 2.000000 0.478125 0.521739 1.000000 0.376563 0.536232 1.000000 0.000000 0.000000 0.000000 0.000000 0.000000 0.000000 0.446875 0.567633 1.000000 0.398438 0.567633 1.000000 0.000000 0.000000 0.000000 0.000000 0.000000 0.000000 0.000000 0.000000 0.000000 0.000000 0.000000 0.000000
0 0.066266 0.603382 0.128844 0.523865 0.114062 0.410628 2.000000 0.121875 0.400966 2.000000 0.103125 0.388889 2.000000 0.000000 0.000000 0.000000 0.075000 0.398551 2.000000 0.103125 0.483092 2.000000 0.043750 0.473430 2.000000 0.000000 0.000000 0.000000 0.004687 0.594203 2.000000 0.000000 0.000000 0.000000 0.021875 0.702899 2.000000 0.101562 0.695652 2.000000 0.043750 0.705314 2.000000 0.168750 0.739130 1.000000 0.068750 0.799517 2.000000 0.000000 0.000000 0.000000 0.000000 0.000000 0.000000
0 0.843117 0.665169 0.215141 0.525845 0.851562 0.495169 2.000000 0.862500 0.483092 2.000000 0.854688 0.478261 2.000000 0.904687 0.507246 2.000000 0.000000 0.000000 0.000000 0.898438 0.625604 2.000000 0.890625 0.579710 2.000000 0.825000 0.741546 2.000000 0.828125 0.664251 2.000000 0.000000 0.000000 0.000000 0.773438 0.727053 2.000000 0.835938 0.862319 2.000000 0.829688 0.845411 2.000000 0.000000 0.000000 0.000000 0.000000 0.000000 0.000000 0.000000 0.000000 0.000000 0.000000 0.000000 0.000000
0 0.158648 0.484094 0.088391 0.260121 0.173437 0.413043 2.000000 0.178125 0.405797 2.000000 0.164062 0.403382 2.000000 0.000000 0.000000 0.000000 0.143750 0.410628 2.000000 0.179688 0.483092 2.000000 0.110937 0.483092 1.000000 0.181250 0.586957 1.000000 0.123438 0.586957 2.000000 0.185938 0.528986 2.000000 0.151562 0.526570 2.000000 0.171875 0.623188 1.000000 0.139063 0.635266 1.000000 0.234375 0.681159 1.000000 0.210938 0.698068 1.000000 0.000000 0.000000 0.000000 0.000000 0.000000 0.000000
0 0.318656 0.409191 0.069125 0.225290 0.303125 0.333333 2.000000 0.310937 0.328502 2.000000 0.304688 0.326087 2.000000 0.325000 0.338164 2.000000 0.000000 0.000000 0.000000 0.325000 0.376812 2.000000 0.303125 0.376812 1.000000 0.326562 0.449275 2.000000 0.282813 0.425121 1.000000 0.292187 0.471014 1.000000 0.000000 0.000000 0.000000 0.000000 0.000000 0.000000 0.000000 0.000000 0.000000 0.000000 0.000000 0.000000 0.000000 0.000000 0.000000 0.000000 0.000000 0.000000 0.000000 0.000000 0.000000
0 0.651859 0.443164 0.131375 0.239324 0.643750 0.384058 2.000000 0.653125 0.374396 2.000000 0.637500 0.374396 2.000000 0.668750 0.376812 2.000000 0.000000 0.000000 0.000000 0.695312 0.446860 2.000000 0.615625 0.434783 2.000000 0.698438 0.570048 1.000000 0.598437 0.531401 1.000000 0.000000 0.000000 0.000000 0.000000 0.000000 0.000000 0.000000 0.000000 0.000000 0.000000 0.000000 0.000000 0.000000 0.000000 0.000000 0.000000 0.000000 0.000000 0.000000 0.000000 0.000000 0.000000 0.000000 0.000000
0 0.833484 0.517065 0.145625 0.338333 0.851562 0.490338 1.000000 0.860938 0.483092 1.000000 0.000000 0.000000 0.000000 0.903125 0.507246 1.000000 0.000000 0.000000 0.000000 0.900000 0.615942 1.000000 0.000000 0.000000 0.000000 0.818750 0.758454 1.000000 0.000000 0.000000 0.000000 0.759375 0.763285 1.000000 0.000000 0.000000 0.000000 0.000000 0.000000 0.000000 0.000000 0.000000 0.000000 0.000000 0.000000 0.000000 0.000000 0.000000 0.000000 0.000000 0.000000 0.000000 0.000000 0.000000 0.000000
0 0.846789 0.330205 0.107078 0.384372 0.881250 0.198068 2.000000 0.000000 0.000000 0.000000 0.875000 0.193237 2.000000 0.000000 0.000000 0.000000 0.851562 0.200483 2.000000 0.870313 0.265700 2.000000 0.815625 0.270531 2.000000 0.000000 0.000000 0.000000 0.806250 0.379227 2.000000 0.000000 0.000000 0.000000 0.000000 0.000000 0.000000 0.871875 0.451691 1.000000 0.829688 0.458937 2.000000 0.000000 0.000000 0.000000 0.000000 0.000000 0.000000 0.000000 0.000000 0.000000 0.000000 0.000000 0.000000
0 0.549484 0.426075 0.103125 0.211667 0.542188 0.376812 2.000000 0.550000 0.364734 2.000000 0.535937 0.367150 2.000000 0.565625 0.362319 2.000000 0.529687 0.371981 2.000000 0.587500 0.427536 2.000000 0.514062 0.429952 2.000000 0.593750 0.512077 1.000000 0.506250 0.512077 1.000000 0.000000 0.000000 0.000000 0.000000 0.000000 0.000000 0.573438 0.565217 1.000000 0.525000 0.562802 1.000000 0.000000 0.000000 0.000000 0.000000 0.000000 0.000000 0.000000 0.000000 0.000000 0.000000 0.000000 0.000000
0 0.274711 0.453249 0.126016 0.225966 0.264062 0.405797 2.000000 0.270313 0.393720 2.000000 0.253125 0.393720 2.000000 0.278125 0.405797 2.000000 0.242188 0.408213 2.000000 0.296875 0.458937 2.000000 0.226562 0.458937 2.000000 0.309375 0.543478 1.000000 0.226562 0.545894 2.000000 0.000000 0.000000 0.000000 0.000000 0.000000 0.000000 0.298438 0.574879 1.000000 0.246875 0.574879 1.000000 0.000000 0.000000 0.000000 0.000000 0.000000 0.000000 0.000000 0.000000 0.000000 0.000000 0.000000 0.000000
