0 0.383891 0.584711 0.174844 0.734827 0.000000 0.000000 0.000000 0.000000 0.000000 0.000000 0.000000 0.000000 0.000000 0.325000 0.293303 2.000000 0.371875 0.284065 2.000000 0.340625 0.357968 2.000000 0.396875 0.351039 2.000000 0.340625 0.487298 2.000000 0.434375 0.454965 2.000000 0.320312 0.517321 2.000000 0.373437 0.503464 2.000000 0.417187 0.540416 2.000000 0.440625 0.524249 2.000000 0.384375 0.725173 2.000000 0.368750 0.683603 2.000000 0.426563 0.896074 2.000000 0.390625 0.822171 2.000000
0 0.150781 0.231097 0.042031 0.191709 0.142187 0.161663 2.000000 0.143750 0.157044 2.000000 0.139063 0.157044 2.000000 0.150000 0.154734 2.000000 0.000000 0.000000 0.000000 0.159375 0.173210 2.000000 0.135937 0.170901 2.000000 0.167187 0.200924 2.000000 0.000000 0.000000 0.000000 0.151562 0.193995 1.000000 0.000000 0.000000 0.000000 0.151562 0.235566 2.000000 0.139063 0.233256 2.000000 0.153125 0.272517 2.000000 0.137500 0.274827 2.000000 0.148438 0.309469 2.000000 0.148438 0.295612 2.000000
0 0.875727 0.577529 0.197641 0.737090 0.000000 0.000000 0.000000 0.000000 0.000000 0.000000 0.000000 0.000000 0.000000 0.821875 0.288684 2.000000 0.000000 0.000000 0.000000 0.839063 0.351039 2.000000 0.879687 0.337182 2.000000 0.837500 0.480370 2.000000 0.000000 0.000000 0.000000 0.817187 0.505774 2.000000 0.000000 0.000000 0.000000 0.903125 0.542725 2.000000 0.943750 0.528868 2.000000 0.878125 0.729792 2.000000 0.865625 0.676674 2.000000 0.915625 0.886836 2.000000 0.889062 0.831409 2.000000
0 0.625031 0.233210 0.035531 0.187344 0.620313 0.157044 2.000000 0.621875 0.154734 2.000000 0.618750 0.154734 2.000000 0.000000 0.000000 0.000000 0.000000 0.000000 0.000000 0.634375 0.173210 2.000000 0.614062 0.168591 2.000000 0.642188 0.196305 2.000000 0.000000 0.000000 0.000000 0.628125 0.191686 2.000000 0.000000 0.000000 0.000000 0.629687 0.230947 2.000000 0.614062 0.230947 2.000000 0.628125 0.267898 2.000000 0.615625 0.267898 2.000000 0.626563 0.302540 2.000000 0.626563 0.297921 2.000000
0 0.257703 0.221351 0.044094 0.204503 0.253125 0.138568 2.000000 0.256250 0.133949 2.000000 0.251563 0.133949 2.000000 0.260937 0.138568 2.000000 0.248438 0.138568 1.000000 0.262500 0.152425 2.000000 0.240625 0.152425 1.000000 0.265625 0.182448 2.000000 0.240625 0.180139 2.000000 0.256250 0.184758 2.000000 0.250000 0.180139 2.000000 0.257812 0.219400 2.000000 0.242188 0.221709 2.000000 0.267188 0.270208 2.000000 0.246875 0.263279 2.000000 0.265625 0.302540 1.000000 0.245312 0.302540 2.000000
0 0.698813 0.233903 0.040219 0.170716 0.698438 0.166282 2.000000 0.701562 0.163972 2.000000 0.696875 0.163972 2.000000 0.703125 0.161663 2.000000 0.695312 0.166282 2.000000 0.709375 0.182448 2.000000 0.690625 0.180139 2.000000 0.710938 0.210162 2.000000 0.685937 0.200924 2.000000 0.689063 0.210162 2.000000 0.701562 0.210162 2.000000 0.704688 0.233256 2.000000 0.693750 0.233256 2.000000 0.706250 0.270208 2.000000 0.692187 0.270208 2.000000 0.704688 0.304850 2.000000 0.693750 0.304850 2.000000
0 0.732695 0.221640 0.040266 0.202448 0.732812 0.138568 2.000000 0.734375 0.133949 2.000000 0.731250 0.136259 2.000000 0.000000 0.000000 0.000000 0.726562 0.133949 1.000000 0.742188 0.152425 2.000000 0.720313 0.154734 2.000000 0.745313 0.182448 2.000000 0.717187 0.180139 2.000000 0.729688 0.182448 2.000000 0.732812 0.182448 2.000000 0.739062 0.214781 2.000000 0.721875 0.217090 2.000000 0.742188 0.260970 2.000000 0.725000 0.260970 2.000000 0.743750 0.302540 1.000000 0.721875 0.302540 2.000000
0 0.392086 0.223845 0.049547 0.183072 0.385937 0.152425 2.000000 0.390625 0.150115 2.000000 0.385937 0.150115 2.000000 0.396875 0.152425 2.000000 0.000000 0.000000 0.000000 0.404687 0.173210 2.000000 0.378125 0.175520 2.000000 0.410938 0.189376 2.000000 0.373437 0.193995 2.000000 0.410938 0.198614 2.000000 0.373437 0.219400 2.000000 0.398438 0.224018 2.000000 0.385937 0.226328 2.000000 0.400000 0.265589 2.000000 0.382812 0.265589 1.000000 0.398438 0.295612 2.000000 0.382812 0.297921 1.000000
0 0.262516 0.552506 0.191000 0.330277 0.198437 0.441109 2.000000 0.204687 0.429561 2.000000 0.193750 0.436490 2.000000 0.220312 0.418014 2.000000 0.000000 0.000000 0.000000 0.267188 0.438799 2.000000 0.228125 0.471132 2.000000 0.314063 0.487298 2.000000 0.212500 0.551963 2.000000 0.335938 0.554273 2.000000 0.185938 0.635104 2.000000 0.340625 0.471132 1.000000 0.306250 0.466513 2.000000 0.268750 0.542725 1.000000 0.292187 0.579677 2.000000 0.257812 0.683603 2.000000 0.312500 0.639723 2.000000
0 0.186891 0.230958 0.044094 0.189584 0.182812 0.152425 2.000000 0.184375 0.145497 2.000000 0.181250 0.145497 2.000000 0.189062 0.154734 2.000000 0.176563 0.147806 1.000000 0.195312 0.168591 2.000000 0.175000 0.168591 2.000000 0.201563 0.184758 2.000000 0.171875 0.184758 2.000000 0.190625 0.187067 2.000000 0.182812 0.180139 2.000000 0.192188 0.224018 2.000000 0.176563 0.224018 2.000000 0.192188 0.260970 2.000000 0.176563 0.260970 2.000000 0.193750 0.302540 2.000000 0.179688 0.297921 2.000000
0 0.221016 0.237055 0.042719 0.168845 0.221875 0.168591 2.000000 0.223438 0.161663 2.000000 0.218750 0.161663 2.000000 0.228125 0.166282 2.000000 0.215625 0.163972 2.000000 0.231250 0.184758 2.000000 0.212500 0.182448 2.000000 0.231250 0.212471 2.000000 0.207813 0.205543 2.000000 0.000000 0.000000 0.000000 0.000000 0.000000 0.000000 0.229687 0.237875 2.000000 0.212500 0.237875 2.000000 0.228125 0.274827 2.000000 0.212500 0.274827 2.000000 0.225000 0.307159 2.000000 0.214062 0.307159 2.000000
