0 0.084266 0.638203 0.150562 0.494375 0.000000 0.000000 0.000000 0.000000 0.000000 0.000000 0.000000 0.000000 0.000000 0.054688 0.432812 2.000000 0.100000 0.431250 2.000000 0.029687 0.473438 2.000000 0.137500 0.473438 2.000000 0.000000 0.000000 0.000000 0.148438 0.551562 2.000000 0.000000 0.000000 0.000000 0.000000 0.000000 0.000000 0.051562 0.609375 2.000000 0.121875 0.609375 2.000000 0.064062 0.723437 2.000000 0.090625 0.725000 2.000000 0.090625 0.839063 2.000000 0.062500 0.814063 2.000000
0 0.902039 0.732641 0.159422 0.484531 0.943750 0.537500 2.000000 0.000000 0.000000 0.000000 0.939063 0.529687 2.000000 0.000000 0.000000 0.000000 0.928125 0.534375 2.000000 0.868750 0.587500 2.000000 0.945312 0.598437 2.000000 0.835938 0.645312 2.000000 0.950000 0.671875 2.000000 0.862500 0.696875 2.000000 0.000000 0.000000 0.000000 0.873437 0.726562 2.000000 0.931250 0.726562 2.000000 0.875000 0.831250 2.000000 0.951562 0.831250 2.000000 0.884375 0.935937 2.000000 0.968750 0.939063 2.000000
0 0.415242 0.550500 0.057828 0.182031 0.000000 0.000000 0.000000 0.000000 0.000000 0.000000 0.000000 0.000000 0.000000 0.000000 0.000000 0.000000 0.425000 0.475000 2.000000 0.398438 0.498437 2.000000 0.425000 0.496875 2.000000 0.392188 0.525000 2.000000 0.432812 0.525000 2.000000 0.395313 0.546875 2.000000 0.435937 0.551562 2.000000 0.404687 0.546875 2.000000 0.420312 0.546875 2.000000 0.403125 0.585938 2.000000 0.428125 0.587500 2.000000 0.409375 0.625000 2.000000 0.428125 0.626563 2.000000
0 0.580250 0.577117 0.078719 0.235547 0.000000 0.000000 0.000000 0.000000 0.000000 0.000000 0.000000 0.000000 0.000000 0.581250 0.481250 2.000000 0.600000 0.482812 2.000000 0.568750 0.506250 2.000000 0.609375 0.509375 2.000000 0.554688 0.537500 2.000000 0.000000 0.000000 0.000000 0.000000 0.000000 0.000000 0.000000 0.000000 0.000000 0.570312 0.581250 2.000000 0.598437 0.581250 2.000000 0.564063 0.631250 2.000000 0.601562 0.632812 2.000000 0.556250 0.679688 2.000000 0.604688 0.681250 2.000000
0 0.321523 0.538086 0.043234 0.154359 0.000000 0.000000 0.000000 0.000000 0.000000 0.000000 0.000000 0.000000 0.000000 0.314063 0.473438 1.000000 0.331250 0.475000 2.000000 0.309375 0.490625 2.000000 0.337500 0.490625 2.000000 0.306250 0.506250 2.000000 0.339062 0.506250 2.000000 0.000000 0.000000 0.000000 0.000000 0.000000 0.000000 0.312500 0.537500 2.000000 0.331250 0.537500 2.000000 0.310937 0.570312 2.000000 0.331250 0.568750 2.000000 0.309375 0.601562 2.000000 0.331250 0.601562 2.000000
0 0.511016 0.554828 0.080781 0.212594 0.000000 0.000000 0.000000 0.000000 0.000000 0.000000 0.515625 0.484375 2.000000 0.000000 0.000000 0.000000 0.512500 0.478125 2.000000 0.481250 0.500000 2.000000 0.514062 0.498437 2.000000 0.478125 0.531250 2.000000 0.514062 0.529687 2.000000 0.476562 0.557813 2.000000 0.521875 0.556250 2.000000 0.484375 0.564063 2.000000 0.510938 0.564063 2.000000 0.492188 0.606250 2.000000 0.517188 0.596875 2.000000 0.493750 0.642188 2.000000 0.526563 0.643750 2.000000
0 0.689141 0.596945 0.071219 0.330578 0.000000 0.000000 0.000000 0.000000 0.000000 0.000000 0.000000 0.000000 0.000000 0.000000 0.000000 0.000000 0.709375 0.456250 2.000000 0.670312 0.478125 1.000000 0.690625 0.482812 2.000000 0.000000 0.000000 0.000000 0.000000 0.000000 0.000000 0.000000 0.000000 0.000000 0.000000 0.000000 0.000000 0.656250 0.571875 2.000000 0.676562 0.575000 2.000000 0.681250 0.645312 2.000000 0.693750 0.648438 1.000000 0.673438 0.726562 2.000000 0.684375 0.742188 1.000000
0 0.254883 0.560492 0.080203 0.232797 0.000000 0.000000 0.000000 0.000000 0.000000 0.000000 0.000000 0.000000 0.000000 0.235937 0.465625 2.000000 0.259375 0.464062 2.000000 0.226562 0.490625 2.000000 0.275000 0.490625 2.000000 0.215625 0.498437 1.000000 0.287500 0.521875 2.000000 0.223438 0.479687 1.000000 0.000000 0.000000 0.000000 0.234375 0.559375 2.000000 0.264062 0.559375 2.000000 0.235937 0.607812 2.000000 0.264062 0.606250 2.000000 0.235937 0.659375 2.000000 0.265625 0.648438 2.000000
0 0.809867 0.671445 0.058422 0.212672 0.000000 0.000000 0.000000 0.000000 0.000000 0.000000 0.000000 0.000000 0.000000 0.000000 0.000000 0.000000 0.828125 0.596875 2.000000 0.790625 0.623437 2.000000 0.815625 0.621875 2.000000 0.000000 0.000000 0.000000 0.812500 0.653125 2.000000 0.000000 0.000000 0.000000 0.000000 0.000000 0.000000 0.795312 0.673438 2.000000 0.812500 0.676562 2.000000 0.793750 0.718750 2.000000 0.810937 0.717187 2.000000 0.789062 0.754687 2.000000 0.810937 0.762500 2.000000
0 0.188344 0.580977 0.080719 0.228703 0.000000 0.000000 0.000000 0.000000 0.000000 0.000000 0.000000 0.000000 0.000000 0.000000 0.000000 0.000000 0.000000 0.000000 0.000000 0.153125 0.510938 1.000000 0.201563 0.506250 2.000000 0.000000 0.000000 0.000000 0.214062 0.548438 2.000000 0.000000 0.000000 0.000000 0.214062 0.578125 2.000000 0.162500 0.564063 2.000000 0.198437 0.564063 2.000000 0.164062 0.625000 2.000000 0.185938 0.626563 2.000000 0.164062 0.676562 2.000000 0.182812 0.670312 2.000000
0 0.859313 0.648555 0.130969 0.433828 0.000000 0.000000 0.000000 0.000000 0.000000 0.000000 0.000000 0.000000 0.000000 0.000000 0.000000 0.000000 0.901563 0.465625 2.000000 0.848437 0.500000 2.000000 0.929688 0.503125 1.000000 0.800000 0.560937 2.000000 0.971875 0.562500 1.000000 0.820312 0.614062 1.000000 0.953125 0.618750 1.000000 0.860938 0.659375 1.000000 0.910937 0.657813 1.000000 0.853125 0.740625 2.000000 0.925000 0.740625 1.000000 0.835938 0.842187 2.000000 0.928125 0.850000 1.000000
0 0.809094 0.537102 0.061719 0.172609 0.817187 0.471875 2.000000 0.823438 0.467187 2.000000 0.812500 0.467187 2.000000 0.831250 0.475000 2.000000 0.807813 0.473438 2.000000 0.834375 0.510938 1.000000 0.795312 0.509375 2.000000 0.810937 0.553125 1.000000 0.776563 0.548438 1.000000 0.789062 0.540625 2.000000 0.796875 0.539062 2.000000 0.818750 0.595313 1.000000 0.795312 0.593750 2.000000 0.000000 0.000000 0.000000 0.000000 0.000000 0.000000 0.000000 0.000000 0.000000 0.000000 0.000000 0.000000
