0 0.252062 0.689731 0.336594 0.594169 0.240625 0.562061 2.000000 0.260937 0.538642 2.000000 0.217188 0.526932 2.000000 0.000000 0.000000 0.000000 0.167187 0.538642 2.000000 0.290625 0.688525 2.000000 0.120313 0.686183 2.000000 0.334375 0.887588 2.000000 0.000000 0.000000 0.000000 0.000000 0.000000 0.000000 0.000000 0.000000 0.000000 0.000000 0.000000 0.000000 0.000000 0.000000 0.000000 0.000000 0.000000 0.000000 0.000000 0.000000 0.000000 0.000000 0.000000 0.000000 0.000000 0.000000 0.000000
0 0.691930 0.746077 0.304359 0.453934 0.000000 0.000000 0.000000 0.000000 0.000000 0.000000 0.000000 0.000000 0.000000 0.000000 0.000000 0.000000 0.000000 0.000000 0.000000 0.603125 0.889930 2.000000 0.000000 0.000000 0.000000 0.000000 0.000000 0.000000 0.000000 0.000000 0.000000 0.000000 0.000000 0.000000 0.000000 0.000000 0.000000 0.000000 0.000000 0.000000 0.000000 0.000000 0.000000 0.000000 0.000000 0.000000 0.000000 0.000000 0.000000 0.000000 0.000000 0.000000 0.000000 0.000000 0.000000
0 0.087711 0.656183 0.169422 0.665152 0.007812 0.641686 2.000000 0.031250 0.585480 2.000000 0.000000 0.000000 0.000000 0.089063 0.625293 2.000000 0.000000 0.000000 0.000000 0.132812 0.817330 2.000000 0.000000 0.000000 0.000000 0.000000 0.000000 0.000000 0.000000 0.000000 0.000000 0.000000 0.000000 0.000000 0.000000 0.000000 0.000000 0.000000 0.000000 0.000000 0.000000 0.000000 0.000000 0.000000 0.000000 0.000000 0.000000 0.000000 0.000000 0.000000 0.000000 0.000000 0.000000 0.000000 0.000000
0 0.501141 0.704778 0.221406 0.569508 0.471875 0.470726 2.000000 0.482812 0.451991 2.000000 0.464062 0.451991 2.000000 0.518750 0.463700 2.000000 0.000000 0.000000 0.000000 0.529687 0.576112 2.000000 0.460938 0.571429 2.000000 0.571875 0.733021 2.000000 0.000000 0.000000 0.000000 0.462500 0.747073 2.000000 0.000000 0.000000 0.000000 0.532813 0.873536 2.000000 0.470313 0.850117 2.000000 0.000000 0.000000 0.000000 0.000000 0.000000 0.000000 0.000000 0.000000 0.000000 0.000000 0.000000 0.000000
0 0.814438 0.702412 0.159250 0.595176 0.768750 0.447307 2.000000 0.782813 0.423888 2.000000 0.765625 0.423888 2.000000 0.818750 0.437939 2.000000 0.000000 0.000000 0.000000 0.850000 0.536300 2.000000 0.743750 0.522248 1.000000 0.876563 0.672131 2.000000 0.000000 0.000000 0.000000 0.829688 0.625293 2.000000 0.000000 0.000000 0.000000 0.812500 0.784543 1.000000 0.750000 0.775176 1.000000 0.812500 0.985948 2.000000 0.720313 0.943794 1.000000 0.000000 0.000000 0.000000 0.000000 0.000000 0.000000
0 0.561016 0.425960 0.111062 0.332904 0.000000 0.000000 0.000000 0.000000 0.000000 0.000000 0.000000 0.000000 0.000000 0.000000 0.000000 0.000000 0.000000 0.000000 0.000000 0.595313 0.449649 2.000000 0.000000 0.000000 0.000000 0.587500 0.557377 2.000000 0.000000 0.000000 0.000000 0.548438 0.468384 2.000000 0.000000 0.000000 0.000000 0.000000 0.000000 0.000000 0.000000 0.000000 0.000000 0.000000 0.000000 0.000000 0.000000 0.000000 0.000000 0.000000 0.000000 0.000000 0.000000 0.000000 0.000000
0 0.945305 0.547190 0.082453 0.289883 0.000000 0.000000 0.000000 0.000000 0.000000 0.000000 0.000000 0.000000 0.000000 0.000000 0.000000 0.000000 0.000000 0.000000 0.000000 0.960938 0.405152 1.000000 0.915625 0.405152 1.000000 0.973437 0.454333 2.000000 0.000000 0.000000 0.000000 0.976562 0.503513 2.000000 0.000000 0.000000 0.000000 0.957812 0.510539 2.000000 0.920312 0.510539 2.000000 0.959375 0.578454 2.000000 0.920312 0.580796 2.000000 0.948438 0.625293 2.000000 0.923438 0.655738 2.000000
0 0.669820 0.548314 0.102234 0.285902 0.000000 0.000000 0.000000 0.000000 0.000000 0.000000 0.000000 0.000000 0.000000 0.000000 0.000000 0.000000 0.000000 0.000000 0.000000 0.742188 0.444965 1.000000 0.660937 0.442623 2.000000 0.750000 0.531616 1.000000 0.651563 0.508197 2.000000 0.717187 0.484778 2.000000 0.642188 0.545667 2.000000 0.718750 0.608899 1.000000 0.670312 0.606557 2.000000 0.000000 0.000000 0.000000 0.670312 0.733021 1.000000 0.000000 0.000000 0.000000 0.000000 0.000000 0.000000
0 0.351859 0.660621 0.120562 0.438899 0.000000 0.000000 0.000000 0.000000 0.000000 0.000000 0.000000 0.000000 0.000000 0.000000 0.000000 0.000000 0.000000 0.000000 0.000000 0.000000 0.000000 0.000000 0.320312 0.468384 1.000000 0.000000 0.000000 0.000000 0.370312 0.594848 2.000000 0.000000 0.000000 0.000000 0.393750 0.508197 2.000000 0.000000 0.000000 0.000000 0.335938 0.707260 2.000000 0.000000 0.000000 0.000000 0.362500 0.880562 1.000000 0.000000 0.000000 0.000000 0.000000 0.000000 0.000000
0 0.607719 0.616183 0.041906 0.239391 0.000000 0.000000 0.000000 0.000000 0.000000 0.000000 0.000000 0.000000 0.000000 0.000000 0.000000 0.000000 0.000000 0.000000 0.000000 0.000000 0.000000 0.000000 0.000000 0.000000 0.000000 0.000000 0.000000 0.000000 0.000000 0.000000 0.000000 0.000000 0.000000 0.000000 0.000000 0.000000 0.000000 0.000000 0.000000 0.000000 0.609375 0.592506 2.000000 0.000000 0.000000 0.000000 0.615625 0.653396 2.000000 0.000000 0.000000 0.000000 0.610938 0.709602 2.000000
