0 0.375789 0.609873 0.174172 0.748074 0.340625 0.300283 1.000000 0.340625 0.291785 1.000000 0.000000 0.000000 0.000000 0.353125 0.300283 2.000000 0.000000 0.000000 0.000000 0.346875 0.368272 2.000000 0.415625 0.368272 2.000000 0.318750 0.456091 1.000000 0.457813 0.368272 2.000000 0.000000 0.000000 0.000000 0.410938 0.337110 2.000000 0.360938 0.541076 2.000000 0.398438 0.543909 2.000000 0.321875 0.756374 2.000000 0.400000 0.762040 2.000000 0.307812 0.923513 2.000000 0.428125 0.915014 2.000000
0 0.294375 0.258428 0.110312 0.476402 0.289062 0.079320 1.000000 0.296875 0.067989 2.000000 0.287500 0.067989 2.000000 0.310937 0.076487 2.000000 0.000000 0.000000 0.000000 0.334375 0.150142 2.000000 0.271875 0.147309 2.000000 0.337500 0.243626 2.000000 0.262500 0.235127 2.000000 0.000000 0.000000 0.000000 0.256250 0.303116 2.000000 0.318750 0.331445 2.000000 0.275000 0.331445 2.000000 0.317188 0.439093 2.000000 0.270313 0.436261 2.000000 0.000000 0.000000 0.000000 0.000000 0.000000 0.000000
0 0.193406 0.353144 0.082469 0.280113 0.200000 0.260623 2.000000 0.204687 0.254958 2.000000 0.195312 0.252125 2.000000 0.210938 0.263456 2.000000 0.000000 0.000000 0.000000 0.217188 0.311615 2.000000 0.176563 0.311615 2.000000 0.229687 0.325779 2.000000 0.159375 0.376771 2.000000 0.187500 0.314448 2.000000 0.159375 0.430595 1.000000 0.200000 0.498584 1.000000 0.168750 0.492918 1.000000 0.000000 0.000000 0.000000 0.000000 0.000000 0.000000 0.000000 0.000000 0.000000 0.000000 0.000000 0.000000
0 0.518047 0.410000 0.119031 0.148442 0.503125 0.402266 2.000000 0.509375 0.393768 2.000000 0.500000 0.393768 2.000000 0.000000 0.000000 0.000000 0.000000 0.000000 0.000000 0.543750 0.410765 2.000000 0.492188 0.413598 2.000000 0.559375 0.473088 2.000000 0.464062 0.467422 2.000000 0.000000 0.000000 0.000000 0.000000 0.000000 0.000000 0.000000 0.000000 0.000000 0.000000 0.000000 0.000000 0.000000 0.000000 0.000000 0.000000 0.000000 0.000000 0.000000 0.000000 0.000000 0.000000 0.000000 0.000000
0 0.668070 0.746062 0.225578 0.431445 0.000000 0.000000 0.000000 0.637500 0.592068 2.000000 0.000000 0.000000 0.000000 0.664062 0.592068 2.000000 0.000000 0.000000 0.000000 0.696875 0.648725 2.000000 0.662500 0.643059 2.000000 0.639062 0.762040 2.000000 0.000000 0.000000 0.000000 0.578125 0.736544 2.000000 0.000000 0.000000 0.000000 0.748437 0.810198 2.000000 0.712500 0.801700 2.000000 0.653125 0.747875 2.000000 0.629687 0.756374 2.000000 0.732812 0.900850 2.000000 0.701562 0.866856 2.000000
0 0.624047 0.335241 0.122781 0.312068 0.000000 0.000000 0.000000 0.000000 0.000000 0.000000 0.000000 0.000000 0.000000 0.000000 0.000000 0.000000 0.000000 0.000000 0.000000 0.659375 0.277620 2.000000 0.607812 0.277620 2.000000 0.675000 0.362606 2.000000 0.595313 0.337110 2.000000 0.648438 0.407932 2.000000 0.596875 0.385269 2.000000 0.639062 0.422096 2.000000 0.604688 0.410765 2.000000 0.634375 0.492918 1.000000 0.556250 0.470255 1.000000 0.000000 0.000000 0.000000 0.000000 0.000000 0.000000
0 0.832305 0.710113 0.226828 0.548329 0.000000 0.000000 0.000000 0.759375 0.495751 2.000000 0.000000 0.000000 0.000000 0.784375 0.501416 2.000000 0.000000 0.000000 0.000000 0.806250 0.538244 2.000000 0.806250 0.552408 2.000000 0.856250 0.631728 2.000000 0.818750 0.662890 2.000000 0.870313 0.753541 2.000000 0.764062 0.688385 2.000000 0.896875 0.671388 2.000000 0.915625 0.662890 2.000000 0.829688 0.756374 2.000000 0.845313 0.750708 2.000000 0.853125 0.923513 2.000000 0.878125 0.900850 2.000000
0 0.043781 0.364065 0.084719 0.210397 0.017188 0.314448 2.000000 0.021875 0.303116 2.000000 0.000000 0.000000 0.000000 0.037500 0.311615 2.000000 0.000000 0.000000 0.000000 0.067187 0.362606 2.000000 0.017188 0.362606 2.000000 0.056250 0.430595 2.000000 0.000000 0.000000 0.000000 0.009375 0.424929 2.000000 0.000000 0.000000 0.000000 0.000000 0.000000 0.000000 0.000000 0.000000 0.000000 0.000000 0.000000 0.000000 0.000000 0.000000 0.000000 0.000000 0.000000 0.000000 0.000000 0.000000 0.000000
0 0.830445 0.426969 0.086766 0.170765 0.812500 0.399433 2.000000 0.818750 0.390935 2.000000 0.807813 0.388102 2.000000 0.832812 0.393768 2.000000 0.000000 0.000000 0.000000 0.857812 0.444759 2.000000 0.793750 0.430595 2.000000 0.000000 0.000000 0.000000 0.000000 0.000000 0.000000 0.000000 0.000000 0.000000 0.000000 0.000000 0.000000 0.000000 0.000000 0.000000 0.000000 0.000000 0.000000 0.000000 0.000000 0.000000 0.000000 0.000000 0.000000 0.000000 0.000000 0.000000 0.000000 0.000000 0.000000
0 0.712938 0.330382 0.096937 0.347734 0.000000 0.000000 0.000000 0.000000 0.000000 0.000000 0.000000 0.000000 0.000000 0.000000 0.000000 0.000000 0.000000 0.000000 0.000000 0.751563 0.271955 2.000000 0.704688 0.266289 2.000000 0.757812 0.354108 1.000000 0.693750 0.339943 2.000000 0.729688 0.396601 2.000000 0.704688 0.388102 2.000000 0.742188 0.422096 2.000000 0.707812 0.410765 2.000000 0.701562 0.464589 2.000000 0.668750 0.388102 2.000000 0.000000 0.000000 0.000000 0.715625 0.453258 2.000000
0 0.490617 0.301884 0.067859 0.237252 0.501563 0.209632 2.000000 0.506250 0.203966 2.000000 0.495312 0.206799 2.000000 0.000000 0.000000 0.000000 0.485938 0.212465 2.000000 0.521875 0.266289 2.000000 0.482812 0.263456 2.000000 0.000000 0.000000 0.000000 0.476562 0.368272 2.000000 0.000000 0.000000 0.000000 0.000000 0.000000 0.000000 0.512500 0.393768 1.000000 0.487500 0.390935 2.000000 0.000000 0.000000 0.000000 0.000000 0.000000 0.000000 0.000000 0.000000 0.000000 0.000000 0.000000 0.000000
