0 0.755055 0.550562 0.488766 0.876417 0.532813 0.333333 2.000000 0.550000 0.300000 2.000000 0.523438 0.297917 2.000000 0.634375 0.291667 2.000000 0.000000 0.000000 0.000000 0.784375 0.416667 2.000000 0.657813 0.425000 1.000000 0.904687 0.689583 2.000000 0.000000 0.000000 0.000000 0.750000 0.793750 2.000000 0.601562 0.654167 2.000000 0.928125 0.752083 2.000000 0.825000 0.822917 2.000000 0.000000 0.000000 0.000000 0.000000 0.000000 0.000000 0.000000 0.000000 0.000000 0.000000 0.000000 0.000000
0 0.893586 0.385135 0.168922 0.520271 0.815625 0.222917 2.000000 0.815625 0.200000 2.000000 0.000000 0.000000 0.000000 0.842187 0.206250 2.000000 0.000000 0.000000 0.000000 0.859375 0.297917 2.000000 0.935937 0.295833 2.000000 0.000000 0.000000 0.000000 0.000000 0.000000 0.000000 0.000000 0.000000 0.000000 0.000000 0.000000 0.000000 0.921875 0.518750 2.000000 0.951562 0.510417 2.000000 0.000000 0.000000 0.000000 0.000000 0.000000 0.000000 0.000000 0.000000 0.000000 0.000000 0.000000 0.000000
0 0.312430 0.500833 0.266641 0.842292 0.234375 0.233333 2.000000 0.248438 0.204167 2.000000 0.212500 0.204167 1.000000 0.268750 0.191667 2.000000 0.000000 0.000000 0.000000 0.320312 0.358333 2.000000 0.000000 0.000000 0.000000 0.384375 0.539583 2.000000 0.000000 0.000000 0.000000 0.400000 0.695833 2.000000 0.000000 0.000000 0.000000 0.296875 0.741667 1.000000 0.165625 0.747917 1.000000 0.000000 0.000000 0.000000 0.000000 0.000000 0.000000 0.000000 0.000000 0.000000 0.000000 0.000000 0.000000
0 0.132602 0.489990 0.265203 0.970729 0.107813 0.158333 2.000000 0.000000 0.000000 0.000000 0.078125 0.129167 2.000000 0.000000 0.000000 0.000000 0.012500 0.187500 2.000000 0.000000 0.000000 0.000000 0.045312 0.418750 2.000000 0.000000 0.000000 0.000000 0.101562 0.741667 2.000000 0.000000 0.000000 0.000000 0.171875 0.510417 2.000000 0.000000 0.000000 0.000000 0.042188 0.891667 2.000000 0.000000 0.000000 0.000000 0.000000 0.000000 0.000000 0.000000 0.000000 0.000000 0.000000 0.000000 0.000000
0 0.469992 0.432500 0.108984 0.528792 0.478125 0.256250 2.000000 0.000000 0.000000 0.000000 0.478125 0.241667 2.000000 0.000000 0.000000 0.000000 0.446875 0.229167 2.000000 0.432812 0.318750 2.000000 0.417187 0.325000 2.000000 0.000000 0.000000 0.000000 0.410938 0.441667 1.000000 0.000000 0.000000 0.000000 0.465625 0.560417 2.000000 0.440625 0.527083 1.000000 0.426563 0.533333 1.000000 0.000000 0.000000 0.000000 0.000000 0.000000 0.000000 0.000000 0.000000 0.000000 0.000000 0.000000 0.000000
0 0.317398 0.206479 0.094891 0.157750 0.000000 0.000000 0.000000 0.000000 0.000000 0.000000 0.348438 0.231250 1.000000 0.000000 0.000000 0.000000 0.293750 0.235417 2.000000 0.000000 0.000000 0.000000 0.273438 0.329167 1.000000 0.000000 0.000000 0.000000 0.000000 0.000000 0.000000 0.000000 0.000000 0.000000 0.000000 0.000000 0.000000 0.000000 0.000000 0.000000 0.000000 0.000000 0.000000 0.000000 0.000000 0.000000 0.000000 0.000000 0.000000 0.000000 0.000000 0.000000 0.000000 0.000000 0.000000
0 0.807680 0.268125 0.078391 0.108667 0.000000 0.000000 0.000000 0.773438 0.260417 2.000000 0.000000 0.000000 0.000000 0.798438 0.260417 2.000000 0.000000 0.000000 0.000000 0.000000 0.000000 0.000000 0.000000 0.000000 0.000000 0.000000 0.000000 0.000000 0.000000 0.000000 0.000000 0.000000 0.000000 0.000000 0.000000 0.000000 0.000000 0.000000 0.000000 0.000000 0.000000 0.000000 0.000000 0.000000 0.000000 0.000000 0.000000 0.000000 0.000000 0.000000 0.000000 0.000000 0.000000 0.000000 0.000000
0 0.363203 0.365167 0.143250 0.298875 0.000000 0.000000 0.000000 0.000000 0.000000 0.000000 0.000000 0.000000 0.000000 0.323437 0.268750 2.000000 0.390625 0.310417 2.000000 0.000000 0.000000 0.000000 0.354687 0.439583 1.000000 0.000000 0.000000 0.000000 0.367188 0.635417 1.000000 0.000000 0.000000 0.000000 0.445312 0.593750 1.000000 0.000000 0.000000 0.000000 0.000000 0.000000 0.000000 0.000000 0.000000 0.000000 0.000000 0.000000 0.000000 0.000000 0.000000 0.000000 0.000000 0.000000 0.000000
0 0.528016 0.430865 0.096437 0.399562 0.000000 0.000000 0.000000 0.000000 0.000000 0.000000 0.000000 0.000000 0.000000 0.000000 0.000000 0.000000 0.532813 0.285417 1.000000 0.470313 0.345833 1.000000 0.540625 0.350000 1.000000 0.000000 0.000000 0.000000 0.565625 0.454167 2.000000 0.000000 0.000000 0.000000 0.000000 0.000000 0.000000 0.471875 0.529167 1.000000 0.537500 0.535417 2.000000 0.000000 0.000000 0.000000 0.000000 0.000000 0.000000 0.000000 0.000000 0.000000 0.000000 0.000000 0.000000
0 0.186633 0.544458 0.262922 0.907875 0.000000 0.000000 0.000000 0.000000 0.000000 0.000000 0.000000 0.000000 0.000000 0.000000 0.000000 0.000000 0.000000 0.000000 0.000000 0.025000 0.416667 1.000000 0.271875 0.441667 2.000000 0.000000 0.000000 0.000000 0.292187 0.597917 2.000000 0.000000 0.000000 0.000000 0.000000 0.000000 0.000000 0.081250 0.789583 1.000000 0.228125 0.795833 2.000000 0.000000 0.000000 0.000000 0.000000 0.000000 0.000000 0.000000 0.000000 0.000000 0.000000 0.000000 0.000000
