0 0.537461 0.673498 0.199391 0.354928 0.551562 0.538462 2.000000 0.000000 0.000000 0.000000 0.545312 0.536058 2.000000 0.000000 0.000000 0.000000 0.531250 0.536058 2.000000 0.556250 0.574519 2.000000 0.512500 0.560096 2.000000 0.534375 0.632212 2.000000 0.464062 0.581731 2.000000 0.510938 0.576923 2.000000 0.487500 0.555288 2.000000 0.542188 0.661058 2.000000 0.514062 0.658654 2.000000 0.578125 0.752404 2.000000 0.487500 0.747596 2.000000 0.607812 0.802885 2.000000 0.464062 0.814904 2.000000
0 0.248906 0.697368 0.143656 0.330889 0.279687 0.572115 2.000000 0.000000 0.000000 0.000000 0.278125 0.564904 2.000000 0.000000 0.000000 0.000000 0.265625 0.564904 2.000000 0.000000 0.000000 0.000000 0.248438 0.586538 2.000000 0.000000 0.000000 0.000000 0.262500 0.656250 2.000000 0.000000 0.000000 0.000000 0.295312 0.675481 2.000000 0.221875 0.687500 2.000000 0.207813 0.682692 2.000000 0.251563 0.730769 2.000000 0.234375 0.745192 2.000000 0.240625 0.814904 2.000000 0.212500 0.834135 2.000000
0 0.233438 0.511887 0.070625 0.198678 0.229687 0.442308 2.000000 0.232813 0.437500 2.000000 0.228125 0.437500 2.000000 0.000000 0.000000 0.000000 0.218750 0.439904 2.000000 0.240625 0.459135 2.000000 0.212500 0.463942 2.000000 0.260937 0.502404 2.000000 0.203125 0.495192 2.000000 0.246875 0.528846 2.000000 0.207813 0.524038 2.000000 0.234375 0.533654 2.000000 0.218750 0.536058 2.000000 0.000000 0.000000 0.000000 0.000000 0.000000 0.000000 0.000000 0.000000 0.000000 0.000000 0.000000 0.000000
0 0.137156 0.499375 0.084750 0.197788 0.145313 0.427885 2.000000 0.145313 0.423077 2.000000 0.140625 0.423077 2.000000 0.000000 0.000000 0.000000 0.131250 0.425481 2.000000 0.146875 0.449519 2.000000 0.123438 0.447115 2.000000 0.146875 0.500000 2.000000 0.098437 0.480769 1.000000 0.148438 0.526442 2.000000 0.103125 0.516827 2.000000 0.140625 0.519231 2.000000 0.125000 0.519231 2.000000 0.167187 0.514423 2.000000 0.154688 0.545673 2.000000 0.164062 0.576923 2.000000 0.123438 0.581731 2.000000
0 0.700578 0.480096 0.084781 0.173221 0.703125 0.420673 2.000000 0.704688 0.413462 2.000000 0.700000 0.413462 2.000000 0.000000 0.000000 0.000000 0.692187 0.413462 2.000000 0.709375 0.425481 2.000000 0.684375 0.425481 2.000000 0.734375 0.432692 2.000000 0.675000 0.430288 2.000000 0.737500 0.463942 2.000000 0.682813 0.461538 2.000000 0.693750 0.490385 2.000000 0.679688 0.495192 2.000000 0.710938 0.502404 2.000000 0.664062 0.560096 2.000000 0.696875 0.550481 2.000000 0.000000 0.000000 0.000000
0 0.743508 0.475445 0.068109 0.174447 0.760938 0.415865 2.000000 0.762500 0.413462 2.000000 0.757812 0.413462 2.000000 0.000000 0.000000 0.000000 0.750000 0.411058 2.000000 0.767188 0.423077 2.000000 0.742188 0.423077 2.000000 0.775000 0.461538 1.000000 0.745313 0.454327 2.000000 0.759375 0.459135 2.000000 0.764062 0.454327 2.000000 0.732812 0.459135 2.000000 0.721875 0.451923 2.000000 0.743750 0.502404 2.000000 0.740625 0.487981 2.000000 0.000000 0.000000 0.000000 0.739062 0.550481 2.000000
0 0.801102 0.468546 0.076172 0.197668 0.804688 0.399038 2.000000 0.807813 0.394231 2.000000 0.801562 0.396635 2.000000 0.000000 0.000000 0.000000 0.792188 0.396635 2.000000 0.807813 0.406250 2.000000 0.784375 0.406250 2.000000 0.829688 0.418269 2.000000 0.778125 0.423077 2.000000 0.818750 0.418269 2.000000 0.800000 0.420673 2.000000 0.792188 0.473558 2.000000 0.771875 0.471154 2.000000 0.778125 0.514423 2.000000 0.798438 0.485577 2.000000 0.771875 0.560096 2.000000 0.796875 0.548077 2.000000
0 0.341344 0.759687 0.164688 0.235433 0.000000 0.000000 0.000000 0.000000 0.000000 0.000000 0.000000 0.000000 0.000000 0.000000 0.000000 0.000000 0.000000 0.000000 0.000000 0.356250 0.706731 2.000000 0.325000 0.704327 2.000000 0.359375 0.752404 2.000000 0.301563 0.721154 2.000000 0.385937 0.774038 2.000000 0.328125 0.747596 2.000000 0.000000 0.000000 0.000000 0.268750 0.762019 2.000000 0.342187 0.764423 2.000000 0.314063 0.766827 2.000000 0.315625 0.826923 2.000000 0.281250 0.838942 2.000000
0 0.033594 0.547187 0.064281 0.132596 0.021875 0.500000 2.000000 0.000000 0.000000 0.000000 0.018750 0.495192 2.000000 0.000000 0.000000 0.000000 0.009375 0.497596 2.000000 0.028125 0.514423 2.000000 0.000000 0.000000 0.000000 0.053125 0.536058 2.000000 0.000000 0.000000 0.000000 0.051562 0.572115 2.000000 0.015625 0.586538 2.000000 0.026562 0.579327 2.000000 0.004687 0.581731 2.000000 0.056250 0.600962 2.000000 0.001563 0.600962 2.000000 0.000000 0.000000 0.000000 0.000000 0.000000 0.000000
0 0.957102 0.462392 0.081672 0.194639 0.979688 0.389423 2.000000 0.000000 0.000000 0.000000 0.976562 0.387019 2.000000 0.000000 0.000000 0.000000 0.964063 0.387019 2.000000 0.971875 0.396635 2.000000 0.954688 0.399038 2.000000 0.993750 0.423077 2.000000 0.960938 0.423077 2.000000 0.981250 0.408654 2.000000 0.973437 0.408654 2.000000 0.951562 0.454327 2.000000 0.926562 0.454327 2.000000 0.965625 0.468750 2.000000 0.926562 0.519231 2.000000 0.964063 0.538462 2.000000 0.000000 0.000000 0.000000
