0 0.303531 0.499135 0.603688 0.984313 0.178125 0.147917 2.000000 0.000000 0.000000 0.000000 0.200000 0.089583 2.000000 0.000000 0.000000 0.000000 0.131250 0.010417 2.000000 0.000000 0.000000 0.000000 0.081250 0.125000 2.000000 0.070312 0.533333 2.000000 0.029687 0.750000 2.000000 0.181250 0.625000 2.000000 0.293750 0.760417 2.000000 0.068750 0.812500 2.000000 0.031250 0.910417 2.000000 0.284375 0.608333 2.000000 0.546875 0.906250 2.000000 0.000000 0.000000 0.000000 0.000000 0.000000 0.000000
0 0.275289 0.369042 0.242891 0.544583 0.254688 0.152083 2.000000 0.000000 0.000000 0.000000 0.237500 0.122917 2.000000 0.000000 0.000000 0.000000 0.192188 0.143750 1.000000 0.185938 0.233333 2.000000 0.167187 0.239583 1.000000 0.229687 0.402083 2.000000 0.203125 0.420833 2.000000 0.295312 0.483333 2.000000 0.307812 0.487500 2.000000 0.221875 0.520833 2.000000 0.207813 0.535417 1.000000 0.351562 0.510417 2.000000 0.357812 0.535417 2.000000 0.000000 0.000000 0.000000 0.000000 0.000000 0.000000
0 0.888328 0.507812 0.094875 0.195583 0.000000 0.000000 0.000000 0.000000 0.000000 0.000000 0.000000 0.000000 0.000000 0.862500 0.452083 2.000000 0.000000 0.000000 0.000000 0.853125 0.500000 2.000000 0.903125 0.497917 2.000000 0.000000 0.000000 0.000000 0.000000 0.000000 0.000000 0.000000 0.000000 0.000000 0.000000 0.000000 0.000000 0.859375 0.606250 1.000000 0.909375 0.604167 1.000000 0.000000 0.000000 0.000000 0.000000 0.000000 0.000000 0.000000 0.000000 0.000000 0.000000 0.000000 0.000000
0 0.546102 0.583448 0.112609 0.414604 0.587500 0.441667 2.000000 0.000000 0.000000 0.000000 0.579688 0.427083 2.000000 0.000000 0.000000 0.000000 0.557813 0.418750 2.000000 0.518750 0.445833 2.000000 0.546875 0.475000 2.000000 0.000000 0.000000 0.000000 0.565625 0.568750 2.000000 0.000000 0.000000 0.000000 0.615625 0.593750 1.000000 0.501563 0.620833 2.000000 0.531250 0.631250 2.000000 0.000000 0.000000 0.000000 0.537500 0.718750 2.000000 0.000000 0.000000 0.000000 0.543750 0.804167 1.000000
0 0.270391 0.242042 0.048406 0.124542 0.310937 0.283333 1.000000 0.000000 0.000000 0.000000 0.000000 0.000000 0.000000 0.000000 0.000000 0.000000 0.285938 0.250000 2.000000 0.000000 0.000000 0.000000 0.000000 0.000000 0.000000 0.000000 0.000000 0.000000 0.000000 0.000000 0.000000 0.000000 0.000000 0.000000 0.000000 0.000000 0.000000 0.000000 0.000000 0.000000 0.000000 0.000000 0.000000 0.000000 0.000000 0.000000 0.000000 0.000000 0.000000 0.000000 0.000000 0.000000 0.000000 0.000000 0.000000
0 0.624805 0.667219 0.183203 0.317729 0.000000 0.000000 0.000000 0.000000 0.000000 0.000000 0.000000 0.000000 0.000000 0.643750 0.547917 1.000000 0.690625 0.572917 2.000000 0.603125 0.612500 2.000000 0.696875 0.627083 2.000000 0.539062 0.691667 2.000000 0.000000 0.000000 0.000000 0.000000 0.000000 0.000000 0.000000 0.000000 0.000000 0.587500 0.800000 2.000000 0.648438 0.806250 1.000000 0.000000 0.000000 0.000000 0.656250 0.908333 1.000000 0.000000 0.000000 0.000000 0.000000 0.000000 0.000000
0 0.795102 0.731188 0.237172 0.537625 0.000000 0.000000 0.000000 0.000000 0.000000 0.000000 0.000000 0.000000 0.000000 0.796875 0.522917 2.000000 0.846875 0.531250 2.000000 0.759375 0.568750 2.000000 0.851562 0.593750 2.000000 0.000000 0.000000 0.000000 0.000000 0.000000 0.000000 0.000000 0.000000 0.000000 0.000000 0.000000 0.000000 0.739062 0.785417 2.000000 0.812500 0.810417 2.000000 0.729688 0.968750 2.000000 0.804688 0.972917 2.000000 0.000000 0.000000 0.000000 0.000000 0.000000 0.000000
0 0.312594 0.300323 0.093531 0.294521 0.307812 0.289583 2.000000 0.000000 0.000000 0.000000 0.304688 0.268750 2.000000 0.000000 0.000000 0.000000 0.275000 0.237500 1.000000 0.000000 0.000000 0.000000 0.000000 0.000000 0.000000 0.000000 0.000000 0.000000 0.000000 0.000000 0.000000 0.000000 0.000000 0.000000 0.000000 0.000000 0.000000 0.000000 0.000000 0.000000 0.000000 0.000000 0.000000 0.000000 0.000000 0.000000 0.000000 0.000000 0.000000 0.000000 0.000000 0.000000 0.000000 0.000000 0.000000
0 0.930953 0.793771 0.137156 0.411708 0.000000 0.000000 0.000000 0.000000 0.000000 0.000000 0.000000 0.000000 0.000000 0.000000 0.000000 0.000000 0.000000 0.000000 0.000000 0.937500 0.683333 2.000000 0.000000 0.000000 0.000000 0.904687 0.822917 2.000000 0.000000 0.000000 0.000000 0.875000 0.902083 2.000000 0.000000 0.000000 0.000000 0.950000 0.916667 2.000000 0.000000 0.000000 0.000000 0.000000 0.000000 0.000000 0.000000 0.000000 0.000000 0.000000 0.000000 0.000000 0.000000 0.000000 0.000000
0 0.689820 0.485333 0.109016 0.188625 0.000000 0.000000 0.000000 0.000000 0.000000 0.000000 0.000000 0.000000 0.000000 0.000000 0.000000 0.000000 0.703125 0.443750 2.000000 0.657813 0.483333 2.000000 0.706250 0.485417 2.000000 0.000000 0.000000 0.000000 0.729688 0.547917 2.000000 0.000000 0.000000 0.000000 0.000000 0.000000 0.000000 0.657813 0.612500 1.000000 0.700000 0.618750 1.000000 0.000000 0.000000 0.000000 0.000000 0.000000 0.000000 0.000000 0.000000 0.000000 0.000000 0.000000 0.000000
0 0.967078 0.532677 0.064875 0.107438 0.967187 0.525000 2.000000 0.973437 0.518750 2.000000 0.965625 0.516667 2.000000 0.993750 0.516667 2.000000 0.000000 0.000000 0.000000 0.995313 0.556250 2.000000 0.959375 0.541667 2.000000 0.000000 0.000000 0.000000 0.923438 0.568750 1.000000 0.000000 0.000000 0.000000 0.978125 0.585417 1.000000 0.000000 0.000000 0.000000 0.000000 0.000000 0.000000 0.000000 0.000000 0.000000 0.000000 0.000000 0.000000 0.000000 0.000000 0.000000 0.000000 0.000000 0.000000
