0 0.753852 0.413431 0.103516 0.574861 0.742188 0.202778 2.000000 0.751563 0.191667 2.000000 0.000000 0.000000 0.000000 0.770312 0.194444 2.000000 0.000000 0.000000 0.000000 0.771875 0.272222 2.000000 0.000000 0.000000 0.000000 0.765625 0.363889 2.000000 0.754687 0.344444 2.000000 0.737500 0.427778 2.000000 0.726562 0.380556 2.000000 0.775000 0.416667 2.000000 0.000000 0.000000 0.000000 0.735938 0.502778 2.000000 0.000000 0.000000 0.000000 0.735938 0.619444 2.000000 0.000000 0.000000 0.000000
0 0.060672 0.493264 0.121344 0.982028 0.053125 0.044444 2.000000 0.000000 0.000000 0.000000 0.045312 0.016667 2.000000 0.000000 0.000000 0.000000 0.006250 0.016667 2.000000 0.000000 0.000000 0.000000 0.042188 0.177778 2.000000 0.000000 0.000000 0.000000 0.062500 0.405556 2.000000 0.000000 0.000000 0.000000 0.012500 0.594444 2.000000 0.000000 0.000000 0.000000 0.046875 0.522222 2.000000 0.000000 0.000000 0.000000 0.093750 0.986111 1.000000 0.000000 0.000000 0.000000 0.000000 0.000000 0.000000
0 0.875133 0.193264 0.060766 0.225028 0.875000 0.105556 2.000000 0.878125 0.102778 2.000000 0.871875 0.100000 2.000000 0.000000 0.000000 0.000000 0.864062 0.108333 2.000000 0.892188 0.150000 2.000000 0.854688 0.150000 2.000000 0.000000 0.000000 0.000000 0.850000 0.194444 2.000000 0.000000 0.000000 0.000000 0.000000 0.000000 0.000000 0.884375 0.247222 2.000000 0.864062 0.247222 1.000000 0.000000 0.000000 0.000000 0.000000 0.000000 0.000000 0.000000 0.000000 0.000000 0.000000 0.000000 0.000000
0 0.917820 0.242306 0.082609 0.264889 0.915625 0.147222 2.000000 0.920312 0.141667 2.000000 0.912500 0.141667 2.000000 0.931250 0.144444 2.000000 0.000000 0.000000 0.000000 0.943750 0.197222 2.000000 0.907813 0.194444 2.000000 0.000000 0.000000 0.000000 0.895312 0.247222 2.000000 0.000000 0.000000 0.000000 0.887500 0.297222 1.000000 0.929688 0.308333 1.000000 0.906250 0.305556 2.000000 0.000000 0.000000 0.000000 0.000000 0.000000 0.000000 0.000000 0.000000 0.000000 0.000000 0.000000 0.000000
0 0.812273 0.267486 0.049703 0.334528 0.801562 0.141667 2.000000 0.804688 0.133333 2.000000 0.800000 0.133333 2.000000 0.000000 0.000000 0.000000 0.000000 0.000000 0.000000 0.812500 0.183333 2.000000 0.787500 0.183333 1.000000 0.000000 0.000000 0.000000 0.000000 0.000000 0.000000 0.000000 0.000000 0.000000 0.000000 0.000000 0.000000 0.807813 0.261111 2.000000 0.796875 0.261111 1.000000 0.810937 0.350000 2.000000 0.804688 0.355556 2.000000 0.000000 0.000000 0.000000 0.000000 0.000000 0.000000
0 0.226672 0.238819 0.054875 0.300361 0.234375 0.144444 2.000000 0.000000 0.000000 0.000000 0.231250 0.133333 2.000000 0.000000 0.000000 0.000000 0.212500 0.133333 2.000000 0.234375 0.186111 2.000000 0.200000 0.188889 1.000000 0.000000 0.000000 0.000000 0.196875 0.238889 1.000000 0.000000 0.000000 0.000000 0.206250 0.280556 1.000000 0.000000 0.000000 0.000000 0.000000 0.000000 0.000000 0.000000 0.000000 0.000000 0.000000 0.000000 0.000000 0.000000 0.000000 0.000000 0.000000 0.000000 0.000000
0 0.346203 0.314125 0.097125 0.470861 0.370312 0.150000 2.000000 0.000000 0.000000 0.000000 0.364063 0.136111 2.000000 0.000000 0.000000 0.000000 0.340625 0.144444 2.000000 0.328125 0.211111 2.000000 0.345313 0.225000 2.000000 0.000000 0.000000 0.000000 0.360938 0.366667 2.000000 0.000000 0.000000 0.000000 0.378125 0.469444 2.000000 0.332813 0.475000 2.000000 0.342187 0.480556 2.000000 0.000000 0.000000 0.000000 0.000000 0.000000 0.000000 0.000000 0.000000 0.000000 0.000000 0.000000 0.000000
0 0.864984 0.299750 0.075219 0.180444 0.854688 0.238889 2.000000 0.859375 0.230556 2.000000 0.851562 0.230556 2.000000 0.000000 0.000000 0.000000 0.000000 0.000000 0.000000 0.871875 0.275000 2.000000 0.832812 0.272222 2.000000 0.873437 0.319444 2.000000 0.831250 0.316667 2.000000 0.873437 0.363889 2.000000 0.831250 0.350000 2.000000 0.865625 0.363889 2.000000 0.843750 0.366667 2.000000 0.000000 0.000000 0.000000 0.000000 0.000000 0.000000 0.000000 0.000000 0.000000 0.000000 0.000000 0.000000
0 0.117750 0.234111 0.066312 0.262444 0.121875 0.147222 2.000000 0.000000 0.000000 0.000000 0.118750 0.138889 2.000000 0.000000 0.000000 0.000000 0.104688 0.147222 2.000000 0.087500 0.186111 2.000000 0.096875 0.191667 2.000000 0.000000 0.000000 0.000000 0.129688 0.250000 2.000000 0.000000 0.000000 0.000000 0.000000 0.000000 0.000000 0.096875 0.311111 2.000000 0.104688 0.313889 2.000000 0.000000 0.000000 0.000000 0.000000 0.000000 0.000000 0.000000 0.000000 0.000000 0.000000 0.000000 0.000000
0 0.452273 0.198778 0.071172 0.252278 0.000000 0.000000 0.000000 0.000000 0.000000 0.000000 0.000000 0.000000 0.000000 0.000000 0.000000 0.000000 0.000000 0.000000 0.000000 0.000000 0.000000 0.000000 0.445312 0.175000 2.000000 0.000000 0.000000 0.000000 0.423438 0.269444 2.000000 0.000000 0.000000 0.000000 0.464062 0.258333 1.000000 0.000000 0.000000 0.000000 0.000000 0.000000 0.000000 0.000000 0.000000 0.000000 0.000000 0.000000 0.000000 0.000000 0.000000 0.000000 0.000000 0.000000 0.000000
0 0.469594 0.432583 0.077094 0.325833 0.492188 0.327778 1.000000 0.000000 0.000000 0.000000 0.484375 0.319444 2.000000 0.000000 0.000000 0.000000 0.467187 0.327778 2.000000 0.000000 0.000000 0.000000 0.456250 0.391667 2.000000 0.000000 0.000000 0.000000 0.448437 0.472222 2.000000 0.000000 0.000000 0.000000 0.503125 0.458333 2.000000 0.000000 0.000000 0.000000 0.454688 0.541667 2.000000 0.000000 0.000000 0.000000 0.000000 0.000000 0.000000 0.000000 0.000000 0.000000 0.000000 0.000000 0.000000
0 0.471781 0.226986 0.115500 0.330694 0.000000 0.000000 0.000000 0.000000 0.000000 0.000000 0.000000 0.000000 0.000000 0.000000 0.000000 0.000000 0.514062 0.133333 2.000000 0.000000 0.000000 0.000000 0.470313 0.194444 2.000000 0.000000 0.000000 0.000000 0.470313 0.311111 1.000000 0.000000 0.000000 0.000000 0.515625 0.358333 1.000000 0.000000 0.000000 0.000000 0.000000 0.000000 0.000000 0.000000 0.000000 0.000000 0.000000 0.000000 0.000000 0.000000 0.000000 0.000000 0.000000 0.000000 0.000000
0 0.193539 0.229181 0.095078 0.258528 0.201563 0.155556 2.000000 0.203125 0.147222 1.000000 0.193750 0.144444 2.000000 0.000000 0.000000 0.000000 0.173437 0.152778 2.000000 0.193750 0.202778 2.000000 0.159375 0.211111 2.000000 0.000000 0.000000 0.000000 0.182812 0.286111 1.000000 0.000000 0.000000 0.000000 0.195312 0.213889 2.000000 0.195312 0.366667 1.000000 0.175000 0.366667 1.000000 0.000000 0.000000 0.000000 0.000000 0.000000 0.000000 0.000000 0.000000 0.000000 0.000000 0.000000 0.000000
