0 0.506313 0.349789 0.142969 0.407635 0.490625 0.170960 2.000000 0.500000 0.156909 2.000000 0.484375 0.152225 2.000000 0.515625 0.156909 2.000000 0.000000 0.000000 0.000000 0.532813 0.213115 2.000000 0.457813 0.189696 2.000000 0.562500 0.274005 2.000000 0.426563 0.234192 1.000000 0.514062 0.266979 2.000000 0.398438 0.175644 1.000000 0.479687 0.346604 1.000000 0.428125 0.323185 1.000000 0.507812 0.459016 2.000000 0.376563 0.327869 1.000000 0.503125 0.540984 1.000000 0.000000 0.000000 0.000000
0 0.701750 0.411042 0.336594 0.666674 0.731250 0.168618 2.000000 0.740625 0.159251 2.000000 0.000000 0.000000 0.000000 0.760938 0.166276 2.000000 0.000000 0.000000 0.000000 0.800000 0.248244 2.000000 0.715625 0.203747 2.000000 0.848437 0.337237 2.000000 0.656250 0.245902 1.000000 0.817187 0.297424 2.000000 0.657813 0.224824 2.000000 0.753125 0.416862 2.000000 0.695312 0.400468 2.000000 0.801562 0.552693 2.000000 0.621875 0.466042 2.000000 0.782813 0.679157 2.000000 0.575000 0.620609 2.000000
0 0.901961 0.334309 0.132484 0.501780 0.901563 0.168618 2.000000 0.000000 0.000000 0.000000 0.000000 0.000000 0.000000 0.000000 0.000000 0.000000 0.000000 0.000000 0.000000 0.939063 0.201405 2.000000 0.875000 0.175644 2.000000 0.939063 0.262295 2.000000 0.856250 0.248244 2.000000 0.940625 0.313817 2.000000 0.875000 0.297424 2.000000 0.903125 0.325527 2.000000 0.857812 0.304450 2.000000 0.906250 0.440281 2.000000 0.804688 0.323185 1.000000 0.878125 0.555035 2.000000 0.000000 0.000000 0.000000
0 0.925797 0.060855 0.066312 0.121710 0.000000 0.000000 0.000000 0.000000 0.000000 0.000000 0.000000 0.000000 0.000000 0.000000 0.000000 0.000000 0.000000 0.000000 0.000000 0.000000 0.000000 0.000000 0.000000 0.000000 0.000000 0.939063 0.030445 2.000000 0.000000 0.000000 0.000000 0.909375 0.049180 2.000000 0.000000 0.000000 0.000000 0.929688 0.056206 2.000000 0.912500 0.056206 2.000000 0.000000 0.000000 0.000000 0.000000 0.000000 0.000000 0.000000 0.000000 0.000000 0.000000 0.000000 0.000000
0 0.280883 0.134953 0.082859 0.197119 0.273438 0.063232 2.000000 0.275000 0.056206 2.000000 0.265625 0.053864 2.000000 0.000000 0.000000 0.000000 0.254688 0.063232 2.000000 0.275000 0.093677 2.000000 0.250000 0.091335 2.000000 0.282813 0.145199 2.000000 0.251563 0.154567 2.000000 0.000000 0.000000 0.000000 0.285938 0.168618 2.000000 0.282813 0.173302 2.000000 0.257812 0.185012 1.000000 0.317188 0.192037 1.000000 0.290625 0.203747 2.000000 0.000000 0.000000 0.000000 0.290625 0.271663 1.000000
0 0.101008 0.130082 0.068672 0.234309 0.101562 0.051522 2.000000 0.106250 0.044496 2.000000 0.096875 0.046838 2.000000 0.000000 0.000000 0.000000 0.082812 0.049180 2.000000 0.112500 0.081967 2.000000 0.071875 0.091335 2.000000 0.000000 0.000000 0.000000 0.000000 0.000000 0.000000 0.000000 0.000000 0.000000 0.000000 0.000000 0.000000 0.125000 0.175644 2.000000 0.100000 0.177986 2.000000 0.153125 0.203747 1.000000 0.123438 0.201405 2.000000 0.146875 0.274005 1.000000 0.128125 0.276347 1.000000
0 0.835687 0.081206 0.079875 0.162412 0.000000 0.000000 0.000000 0.000000 0.000000 0.000000 0.000000 0.000000 0.000000 0.000000 0.000000 0.000000 0.000000 0.000000 0.000000 0.000000 0.000000 0.000000 0.000000 0.000000 0.000000 0.000000 0.000000 0.000000 0.807813 0.035129 2.000000 0.000000 0.000000 0.000000 0.835938 0.042155 2.000000 0.837500 0.060890 2.000000 0.817187 0.063232 2.000000 0.870313 0.065574 1.000000 0.845313 0.070258 2.000000 0.868750 0.147541 2.000000 0.842187 0.145199 2.000000
0 0.404992 0.085785 0.084859 0.119110 0.401562 0.056206 2.000000 0.404687 0.051522 2.000000 0.396875 0.051522 2.000000 0.410938 0.058548 2.000000 0.387500 0.056206 1.000000 0.415625 0.086651 2.000000 0.379688 0.088993 2.000000 0.000000 0.000000 0.000000 0.000000 0.000000 0.000000 0.000000 0.000000 0.000000 0.000000 0.000000 0.000000 0.000000 0.000000 0.000000 0.000000 0.000000 0.000000 0.000000 0.000000 0.000000 0.000000 0.000000 0.000000 0.000000 0.000000 0.000000 0.000000 0.000000 0.000000
0 0.069094 0.160632 0.067875 0.180937 0.064062 0.105386 2.000000 0.000000 0.000000 0.000000 0.057813 0.100703 2.000000 0.000000 0.000000 0.000000 0.050000 0.103044 2.000000 0.065625 0.133489 2.000000 0.043750 0.133489 2.000000 0.070312 0.156909 2.000000 0.045312 0.166276 2.000000 0.075000 0.177986 2.000000 0.064062 0.177986 2.000000 0.067187 0.185012 2.000000 0.048438 0.189696 1.000000 0.092188 0.189696 1.000000 0.075000 0.192037 2.000000 0.087500 0.248244 2.000000 0.076563 0.245902 1.000000
0 0.210422 0.158876 0.096437 0.252740 0.220312 0.077283 2.000000 0.223438 0.070258 2.000000 0.215625 0.070258 2.000000 0.000000 0.000000 0.000000 0.203125 0.072600 2.000000 0.231250 0.103044 2.000000 0.196875 0.105386 2.000000 0.240625 0.154567 2.000000 0.181250 0.149883 2.000000 0.000000 0.000000 0.000000 0.000000 0.000000 0.000000 0.226562 0.182670 2.000000 0.193750 0.182670 2.000000 0.243750 0.182670 2.000000 0.209375 0.189696 2.000000 0.245312 0.262295 2.000000 0.207813 0.264637 2.000000
