0 0.790922 0.435164 0.356000 0.565644 0.718750 0.297424 2.000000 0.721875 0.276347 2.000000 0.000000 0.000000 0.000000 0.754687 0.234192 2.000000 0.000000 0.000000 0.000000 0.837500 0.304450 2.000000 0.800000 0.290398 2.000000 0.746875 0.466042 2.000000 0.000000 0.000000 0.000000 0.667188 0.571429 2.000000 0.000000 0.000000 0.000000 0.906250 0.634660 2.000000 0.867188 0.622951 2.000000 0.000000 0.000000 0.000000 0.000000 0.000000 0.000000 0.000000 0.000000 0.000000 0.000000 0.000000 0.000000
0 0.955789 0.694379 0.088422 0.579766 0.920312 0.548009 1.000000 0.926562 0.545667 2.000000 0.000000 0.000000 0.000000 0.979688 0.597190 2.000000 0.000000 0.000000 0.000000 0.926562 0.768150 2.000000 0.000000 0.000000 0.000000 0.000000 0.000000 0.000000 0.000000 0.000000 0.000000 0.000000 0.000000 0.000000 0.000000 0.000000 0.000000 0.000000 0.000000 0.000000 0.000000 0.000000 0.000000 0.000000 0.000000 0.000000 0.000000 0.000000 0.000000 0.000000 0.000000 0.000000 0.000000 0.000000 0.000000
0 0.520078 0.359356 0.125375 0.224567 0.503125 0.311475 2.000000 0.510938 0.306792 2.000000 0.503125 0.304450 2.000000 0.535937 0.304450 2.000000 0.000000 0.000000 0.000000 0.567187 0.344262 2.000000 0.501563 0.358314 2.000000 0.551562 0.402810 2.000000 0.501563 0.456674 2.000000 0.498437 0.442623 2.000000 0.509375 0.449649 2.000000 0.551562 0.480094 1.000000 0.515625 0.484778 1.000000 0.000000 0.000000 0.000000 0.000000 0.000000 0.000000 0.000000 0.000000 0.000000 0.000000 0.000000 0.000000
0 0.407062 0.349438 0.142437 0.235972 0.398438 0.297424 2.000000 0.404687 0.285714 2.000000 0.387500 0.288056 2.000000 0.000000 0.000000 0.000000 0.370312 0.281030 2.000000 0.437500 0.318501 2.000000 0.354687 0.325527 2.000000 0.465625 0.402810 1.000000 0.326562 0.407494 1.000000 0.435937 0.463700 1.000000 0.356250 0.433255 2.000000 0.426563 0.461358 1.000000 0.385937 0.459016 1.000000 0.000000 0.000000 0.000000 0.000000 0.000000 0.000000 0.000000 0.000000 0.000000 0.000000 0.000000 0.000000
0 0.202289 0.604063 0.314266 0.530843 0.223438 0.461358 2.000000 0.000000 0.000000 0.000000 0.203125 0.440281 2.000000 0.000000 0.000000 0.000000 0.150000 0.461358 2.000000 0.109375 0.515222 2.000000 0.082812 0.625293 1.000000 0.000000 0.000000 0.000000 0.192188 0.803279 1.000000 0.000000 0.000000 0.000000 0.295312 0.742389 2.000000 0.204687 0.728337 1.000000 0.178125 0.822014 1.000000 0.000000 0.000000 0.000000 0.000000 0.000000 0.000000 0.000000 0.000000 0.000000 0.000000 0.000000 0.000000
0 0.285617 0.517424 0.175422 0.413489 0.335938 0.407494 2.000000 0.000000 0.000000 0.000000 0.325000 0.393443 2.000000 0.000000 0.000000 0.000000 0.285938 0.393443 2.000000 0.289062 0.463700 2.000000 0.251563 0.444965 2.000000 0.000000 0.000000 0.000000 0.271875 0.571429 2.000000 0.000000 0.000000 0.000000 0.339062 0.491803 2.000000 0.289062 0.641686 2.000000 0.237500 0.700234 2.000000 0.000000 0.000000 0.000000 0.000000 0.000000 0.000000 0.000000 0.000000 0.000000 0.000000 0.000000 0.000000
0 0.940938 0.328583 0.106438 0.183630 0.000000 0.000000 0.000000 0.000000 0.000000 0.000000 0.000000 0.000000 0.000000 0.928125 0.311475 2.000000 0.000000 0.000000 0.000000 0.975000 0.395785 2.000000 0.000000 0.000000 0.000000 0.000000 0.000000 0.000000 0.000000 0.000000 0.000000 0.000000 0.000000 0.000000 0.000000 0.000000 0.000000 0.000000 0.000000 0.000000 0.000000 0.000000 0.000000 0.000000 0.000000 0.000000 0.000000 0.000000 0.000000 0.000000 0.000000 0.000000 0.000000 0.000000 0.000000
0 0.230508 0.780187 0.457297 0.439625 0.217188 0.704918 2.000000 0.000000 0.000000 0.000000 0.206250 0.723653 2.000000 0.000000 0.000000 0.000000 0.120313 0.791569 2.000000 0.000000 0.000000 0.000000 0.000000 0.000000 0.000000 0.000000 0.000000 0.000000 0.000000 0.000000 0.000000 0.000000 0.000000 0.000000 0.382812 0.901639 2.000000 0.000000 0.000000 0.000000 0.000000 0.000000 0.000000 0.000000 0.000000 0.000000 0.000000 0.000000 0.000000 0.000000 0.000000 0.000000 0.000000 0.000000 0.000000
0 0.222734 0.372037 0.062000 0.131569 0.250000 0.393443 2.000000 0.000000 0.000000 0.000000 0.237500 0.377049 2.000000 0.000000 0.000000 0.000000 0.207813 0.379391 1.000000 0.000000 0.000000 0.000000 0.195312 0.437939 1.000000 0.000000 0.000000 0.000000 0.000000 0.000000 0.000000 0.000000 0.000000 0.000000 0.000000 0.000000 0.000000 0.000000 0.000000 0.000000 0.000000 0.000000 0.000000 0.000000 0.000000 0.000000 0.000000 0.000000 0.000000 0.000000 0.000000 0.000000 0.000000 0.000000 0.000000
0 0.816367 0.823595 0.280359 0.330328 0.685937 0.882904 2.000000 0.701562 0.859485 2.000000 0.000000 0.000000 0.000000 0.756250 0.943794 2.000000 0.000000 0.000000 0.000000 0.000000 0.000000 0.000000 0.000000 0.000000 0.000000 0.000000 0.000000 0.000000 0.000000 0.000000 0.000000 0.000000 0.000000 0.000000 0.000000 0.000000 0.000000 0.000000 0.000000 0.000000 0.000000 0.000000 0.000000 0.000000 0.000000 0.000000 0.000000 0.000000 0.000000 0.000000 0.000000 0.000000 0.000000 0.000000 0.000000
