0 0.077352 0.623354 0.099234 0.349542 0.000000 0.000000 0.000000 0.000000 0.000000 0.000000 0.000000 0.000000 0.000000 0.000000 0.000000 0.000000 0.089063 0.477083 2.000000 0.060937 0.510417 2.000000 0.101562 0.508333 2.000000 0.045312 0.575000 2.000000 0.118750 0.570833 2.000000 0.046875 0.602083 2.000000 0.000000 0.000000 0.000000 0.062500 0.612500 2.000000 0.098437 0.610417 2.000000 0.076563 0.704167 2.000000 0.085938 0.704167 2.000000 0.079687 0.785417 2.000000 0.087500 0.781250 2.000000
0 0.137281 0.625177 0.079906 0.362229 0.114062 0.481250 2.000000 0.117188 0.479167 2.000000 0.000000 0.000000 0.000000 0.128125 0.483333 2.000000 0.000000 0.000000 0.000000 0.120313 0.512500 2.000000 0.157812 0.506250 2.000000 0.000000 0.000000 0.000000 0.000000 0.000000 0.000000 0.000000 0.000000 0.000000 0.000000 0.000000 0.000000 0.134375 0.591667 2.000000 0.162500 0.589583 2.000000 0.126562 0.702083 2.000000 0.150000 0.693750 2.000000 0.121875 0.772917 2.000000 0.146875 0.781250 2.000000
0 0.266430 0.596594 0.086703 0.234812 0.000000 0.000000 0.000000 0.000000 0.000000 0.000000 0.000000 0.000000 0.000000 0.257812 0.512500 2.000000 0.285938 0.512500 2.000000 0.254688 0.545833 2.000000 0.296875 0.554167 2.000000 0.242188 0.600000 2.000000 0.304688 0.612500 2.000000 0.235937 0.637500 2.000000 0.293750 0.647917 2.000000 0.259375 0.631250 2.000000 0.290625 0.633333 2.000000 0.259375 0.735417 1.000000 0.284375 0.733333 1.000000 0.257812 0.791667 1.000000 0.282813 0.797917 1.000000
0 0.224695 0.574802 0.050547 0.204813 0.231250 0.508333 2.000000 0.232813 0.502083 2.000000 0.226562 0.502083 2.000000 0.000000 0.000000 0.000000 0.000000 0.000000 0.000000 0.242188 0.525000 2.000000 0.218750 0.522917 2.000000 0.000000 0.000000 0.000000 0.215625 0.541667 2.000000 0.000000 0.000000 0.000000 0.215625 0.562500 2.000000 0.000000 0.000000 0.000000 0.228125 0.572917 2.000000 0.000000 0.000000 0.000000 0.223438 0.608333 2.000000 0.000000 0.000000 0.000000 0.223438 0.652083 2.000000
0 0.649383 0.654969 0.110047 0.384396 0.678125 0.497917 2.000000 0.000000 0.000000 0.000000 0.671875 0.491667 2.000000 0.000000 0.000000 0.000000 0.651563 0.493750 2.000000 0.678125 0.537500 2.000000 0.634375 0.529167 2.000000 0.695312 0.597917 2.000000 0.606250 0.591667 2.000000 0.695312 0.643750 2.000000 0.621875 0.652083 2.000000 0.676562 0.695833 2.000000 0.642188 0.689583 2.000000 0.675000 0.752083 2.000000 0.632812 0.750000 2.000000 0.665625 0.822917 2.000000 0.620313 0.820833 2.000000
0 0.332383 0.659219 0.056453 0.341146 0.320312 0.522917 2.000000 0.320312 0.512500 2.000000 0.314063 0.516667 2.000000 0.000000 0.000000 0.000000 0.000000 0.000000 0.000000 0.332813 0.543750 2.000000 0.000000 0.000000 0.000000 0.321875 0.581250 2.000000 0.000000 0.000000 0.000000 0.306250 0.597917 1.000000 0.000000 0.000000 0.000000 0.328125 0.633333 2.000000 0.000000 0.000000 0.000000 0.323437 0.718750 2.000000 0.000000 0.000000 0.000000 0.329688 0.810417 2.000000 0.000000 0.000000 0.000000
0 0.717766 0.559177 0.077031 0.266062 0.707812 0.464583 2.000000 0.710938 0.454167 2.000000 0.701562 0.454167 2.000000 0.000000 0.000000 0.000000 0.684375 0.464583 2.000000 0.731250 0.508333 2.000000 0.676562 0.510417 1.000000 0.746875 0.564583 2.000000 0.000000 0.000000 0.000000 0.740625 0.612500 2.000000 0.000000 0.000000 0.000000 0.720313 0.645833 2.000000 0.679688 0.645833 1.000000 0.725000 0.737500 1.000000 0.682813 0.733333 1.000000 0.725000 0.818750 1.000000 0.681250 0.812500 1.000000
0 0.815258 0.654823 0.147359 0.406021 0.806250 0.485417 2.000000 0.807813 0.477083 2.000000 0.798438 0.479167 2.000000 0.000000 0.000000 0.000000 0.785937 0.489583 2.000000 0.846875 0.531250 2.000000 0.760938 0.539583 2.000000 0.870313 0.520833 2.000000 0.753125 0.595833 2.000000 0.865625 0.475000 2.000000 0.751563 0.639583 2.000000 0.821875 0.641667 2.000000 0.782813 0.643750 2.000000 0.821875 0.741667 2.000000 0.779687 0.741667 2.000000 0.825000 0.831250 2.000000 0.775000 0.833333 2.000000
0 0.871727 0.664771 0.068172 0.370917 0.000000 0.000000 0.000000 0.000000 0.000000 0.000000 0.000000 0.000000 0.000000 0.000000 0.000000 0.000000 0.000000 0.000000 0.000000 0.889062 0.552083 2.000000 0.850000 0.554167 1.000000 0.898438 0.602083 2.000000 0.000000 0.000000 0.000000 0.862500 0.595833 2.000000 0.000000 0.000000 0.000000 0.882812 0.639583 2.000000 0.856250 0.637500 2.000000 0.875000 0.739583 2.000000 0.853125 0.741667 2.000000 0.870313 0.816667 2.000000 0.850000 0.818750 2.000000
0 0.948445 0.653125 0.103109 0.399500 0.950000 0.508333 2.000000 0.953125 0.500000 2.000000 0.943750 0.500000 2.000000 0.000000 0.000000 0.000000 0.931250 0.504167 2.000000 0.978125 0.529167 2.000000 0.917188 0.537500 2.000000 0.995313 0.522917 2.000000 0.907813 0.606250 2.000000 0.000000 0.000000 0.000000 0.903125 0.654167 2.000000 0.960938 0.668750 2.000000 0.929688 0.675000 2.000000 0.967187 0.737500 2.000000 0.928125 0.739583 2.000000 0.975000 0.822917 2.000000 0.925000 0.818750 2.000000
0 0.430523 0.638677 0.128984 0.401771 0.437500 0.479167 2.000000 0.000000 0.000000 0.000000 0.428125 0.472917 2.000000 0.000000 0.000000 0.000000 0.417187 0.479167 2.000000 0.421875 0.520833 2.000000 0.389062 0.520833 2.000000 0.000000 0.000000 0.000000 0.392188 0.597917 2.000000 0.000000 0.000000 0.000000 0.412500 0.647917 2.000000 0.420312 0.643750 2.000000 0.392188 0.643750 2.000000 0.431250 0.716667 2.000000 0.390625 0.722917 2.000000 0.445312 0.804167 2.000000 0.385937 0.804167 2.000000
0 0.565781 0.645448 0.088094 0.415771 0.540625 0.472917 2.000000 0.546875 0.464583 2.000000 0.000000 0.000000 0.000000 0.564063 0.468750 2.000000 0.000000 0.000000 0.000000 0.573438 0.520833 2.000000 0.000000 0.000000 0.000000 0.579688 0.575000 2.000000 0.000000 0.000000 0.000000 0.553125 0.629167 2.000000 0.525000 0.622917 2.000000 0.565625 0.650000 2.000000 0.540625 0.652083 2.000000 0.565625 0.720833 2.000000 0.545312 0.729167 2.000000 0.565625 0.808333 2.000000 0.568750 0.810417 2.000000
0 0.245898 0.638344 0.084797 0.356354 0.000000 0.000000 0.000000 0.000000 0.000000 0.000000 0.000000 0.000000 0.000000 0.000000 0.000000 0.000000 0.000000 0.000000 0.000000 0.278125 0.537500 1.000000 0.237500 0.529167 1.000000 0.000000 0.000000 0.000000 0.000000 0.000000 0.000000 0.000000 0.000000 0.000000 0.000000 0.000000 0.000000 0.265625 0.631250 1.000000 0.235937 0.620833 1.000000 0.262500 0.710417 1.000000 0.232813 0.702083 2.000000 0.260937 0.783333 1.000000 0.232813 0.787500 2.000000
