0 0.590458 0.353289 0.076958 0.131078 0.577083 0.318750 2.000000 0.585417 0.314063 2.000000 0.572917 0.314063 2.000000 0.595833 0.309375 2.000000 0.558333 0.309375 2.000000 0.600000 0.340625 2.000000 0.543750 0.334375 1.000000 0.620833 0.382812 2.000000 0.000000 0.000000 0.000000 0.612500 0.407813 2.000000 0.000000 0.000000 0.000000 0.585417 0.412500 1.000000 0.545833 0.412500 1.000000 0.000000 0.000000 0.000000 0.000000 0.000000 0.000000 0.000000 0.000000 0.000000 0.000000 0.000000 0.000000
0 0.191510 0.776125 0.382104 0.447750 0.029167 0.701562 2.000000 0.045833 0.682813 2.000000 0.012500 0.681250 2.000000 0.125000 0.643750 2.000000 0.000000 0.000000 0.000000 0.239583 0.596875 2.000000 0.000000 0.000000 0.000000 0.312500 0.687500 2.000000 0.012500 0.764062 2.000000 0.333333 0.770312 2.000000 0.060417 0.856250 2.000000 0.202083 0.801562 2.000000 0.089583 0.807813 2.000000 0.243750 0.928125 2.000000 0.106250 0.935937 2.000000 0.000000 0.000000 0.000000 0.000000 0.000000 0.000000
0 0.152625 0.428523 0.194917 0.159109 0.093750 0.407813 2.000000 0.102083 0.400000 2.000000 0.083333 0.398438 2.000000 0.133333 0.389062 2.000000 0.000000 0.000000 0.000000 0.197917 0.417187 2.000000 0.079167 0.415625 2.000000 0.227083 0.492188 2.000000 0.066667 0.482812 2.000000 0.000000 0.000000 0.000000 0.000000 0.000000 0.000000 0.000000 0.000000 0.000000 0.000000 0.000000 0.000000 0.000000 0.000000 0.000000 0.000000 0.000000 0.000000 0.000000 0.000000 0.000000 0.000000 0.000000 0.000000
0 0.165615 0.423688 0.247979 0.293406 0.108333 0.318750 2.000000 0.116667 0.314063 2.000000 0.104167 0.314063 2.000000 0.143750 0.314063 2.000000 0.000000 0.000000 0.000000 0.202083 0.348438 2.000000 0.093750 0.345313 2.000000 0.216667 0.396875 2.000000 0.066667 0.382812 1.000000 0.166667 0.414062 1.000000 0.035417 0.406250 1.000000 0.000000 0.000000 0.000000 0.000000 0.000000 0.000000 0.000000 0.000000 0.000000 0.000000 0.000000 0.000000 0.000000 0.000000 0.000000 0.000000 0.000000 0.000000
0 0.800000 0.649438 0.305625 0.656187 0.689583 0.401562 2.000000 0.695833 0.389062 2.000000 0.000000 0.000000 0.000000 0.754167 0.379688 2.000000 0.000000 0.000000 0.000000 0.793750 0.456250 2.000000 0.906250 0.426563 2.000000 0.733333 0.579688 2.000000 0.000000 0.000000 0.000000 0.677083 0.503125 2.000000 0.000000 0.000000 0.000000 0.802083 0.689063 2.000000 0.918750 0.673438 2.000000 0.764583 0.801562 1.000000 0.850000 0.770312 2.000000 0.795833 0.932813 1.000000 0.831250 0.850000 2.000000
0 0.559854 0.384680 0.113875 0.166016 0.533333 0.345313 2.000000 0.541667 0.340625 2.000000 0.000000 0.000000 0.000000 0.556250 0.329688 2.000000 0.000000 0.000000 0.000000 0.587500 0.353125 2.000000 0.525000 0.356250 2.000000 0.606250 0.393750 2.000000 0.518750 0.395313 2.000000 0.581250 0.415625 2.000000 0.535417 0.414062 2.000000 0.581250 0.428125 2.000000 0.541667 0.431250 1.000000 0.000000 0.000000 0.000000 0.000000 0.000000 0.000000 0.000000 0.000000 0.000000 0.000000 0.000000 0.000000
0 0.395458 0.493031 0.206458 0.325656 0.450000 0.396875 2.000000 0.000000 0.000000 0.000000 0.452083 0.389062 2.000000 0.000000 0.000000 0.000000 0.425000 0.378125 2.000000 0.397917 0.387500 2.000000 0.377083 0.412500 2.000000 0.420833 0.479687 2.000000 0.397917 0.493750 2.000000 0.470833 0.518750 2.000000 0.464583 0.531250 2.000000 0.375000 0.495312 2.000000 0.358333 0.514062 2.000000 0.000000 0.000000 0.000000 0.358333 0.628125 1.000000 0.000000 0.000000 0.000000 0.000000 0.000000 0.000000
0 0.696406 0.275586 0.055646 0.097047 0.000000 0.000000 0.000000 0.000000 0.000000 0.000000 0.000000 0.000000 0.000000 0.000000 0.000000 0.000000 0.000000 0.000000 0.000000 0.689583 0.246875 2.000000 0.706250 0.246875 2.000000 0.679167 0.267188 2.000000 0.000000 0.000000 0.000000 0.670833 0.281250 1.000000 0.000000 0.000000 0.000000 0.695833 0.282813 2.000000 0.710417 0.282813 2.000000 0.697917 0.309375 2.000000 0.708333 0.307812 2.000000 0.000000 0.000000 0.000000 0.000000 0.000000 0.000000
0 0.193177 0.316641 0.081646 0.103125 0.164583 0.289062 2.000000 0.172917 0.282813 2.000000 0.160417 0.284375 2.000000 0.189583 0.282813 2.000000 0.000000 0.000000 0.000000 0.212500 0.310937 2.000000 0.154167 0.314063 1.000000 0.208333 0.359375 1.000000 0.000000 0.000000 0.000000 0.000000 0.000000 0.000000 0.000000 0.000000 0.000000 0.208333 0.395313 1.000000 0.175000 0.392188 1.000000 0.000000 0.000000 0.000000 0.000000 0.000000 0.000000 0.000000 0.000000 0.000000 0.000000 0.000000 0.000000
0 0.174927 0.516555 0.124562 0.080078 0.000000 0.000000 0.000000 0.000000 0.000000 0.000000 0.000000 0.000000 0.000000 0.000000 0.000000 0.000000 0.187500 0.525000 2.000000 0.127083 0.570312 1.000000 0.202083 0.520312 2.000000 0.000000 0.000000 0.000000 0.222917 0.504687 2.000000 0.000000 0.000000 0.000000 0.175000 0.482812 2.000000 0.000000 0.000000 0.000000 0.000000 0.000000 0.000000 0.000000 0.000000 0.000000 0.000000 0.000000 0.000000 0.000000 0.000000 0.000000 0.000000 0.000000 0.000000
0 0.526406 0.310023 0.088604 0.142859 0.531250 0.260937 2.000000 0.537500 0.256250 2.000000 0.531250 0.254688 2.000000 0.545833 0.262500 2.000000 0.000000 0.000000 0.000000 0.554167 0.276562 2.000000 0.510417 0.273438 2.000000 0.554167 0.301563 2.000000 0.512500 0.300000 2.000000 0.535417 0.320312 1.000000 0.520833 0.317188 1.000000 0.545833 0.329688 1.000000 0.516667 0.328125 1.000000 0.537500 0.378125 1.000000 0.518750 0.376563 1.000000 0.000000 0.000000 0.000000 0.000000 0.000000 0.000000
