0 0.034313 0.150188 0.068625 0.203417 0.000000 0.000000 0.000000 0.000000 0.000000 0.000000 0.023438 0.102083 2.000000 0.000000 0.000000 0.000000 0.010937 0.116667 2.000000 0.000000 0.000000 0.000000 0.040625 0.202083 2.000000 0.000000 0.000000 0.000000 0.000000 0.000000 0.000000 0.000000 0.000000 0.000000 0.000000 0.000000 0.000000 0.000000 0.000000 0.000000 0.000000 0.000000 0.000000 0.000000 0.000000 0.000000 0.000000 0.000000 0.000000 0.000000 0.000000 0.000000 0.000000 0.000000 0.000000
0 0.277930 0.858240 0.254328 0.283521 0.000000 0.000000 0.000000 0.000000 0.000000 0.000000 0.000000 0.000000 0.000000 0.000000 0.000000 0.000000 0.000000 0.000000 0.000000 0.362500 0.764583 1.000000 0.195312 0.741667 2.000000 0.375000 0.870833 2.000000 0.173437 0.850000 2.000000 0.345313 0.929167 2.000000 0.171875 0.900000 2.000000 0.000000 0.000000 0.000000 0.000000 0.000000 0.000000 0.000000 0.000000 0.000000 0.000000 0.000000 0.000000 0.000000 0.000000 0.000000 0.000000 0.000000 0.000000
0 0.440328 0.798198 0.187437 0.403604 0.000000 0.000000 0.000000 0.000000 0.000000 0.000000 0.000000 0.000000 0.000000 0.000000 0.000000 0.000000 0.000000 0.000000 0.000000 0.459375 0.633333 2.000000 0.404687 0.670833 1.000000 0.000000 0.000000 0.000000 0.425000 0.818750 2.000000 0.000000 0.000000 0.000000 0.489063 0.747917 2.000000 0.460938 0.908333 2.000000 0.407813 0.916667 2.000000 0.000000 0.000000 0.000000 0.000000 0.000000 0.000000 0.000000 0.000000 0.000000 0.000000 0.000000 0.000000
0 0.544805 0.716375 0.154672 0.567250 0.557813 0.504167 2.000000 0.000000 0.000000 0.000000 0.550000 0.495833 2.000000 0.000000 0.000000 0.000000 0.532813 0.516667 2.000000 0.475000 0.604167 1.000000 0.535937 0.633333 2.000000 0.000000 0.000000 0.000000 0.517188 0.758333 2.000000 0.000000 0.000000 0.000000 0.582812 0.777083 2.000000 0.484375 0.818750 2.000000 0.539062 0.852083 2.000000 0.000000 0.000000 0.000000 0.000000 0.000000 0.000000 0.000000 0.000000 0.000000 0.000000 0.000000 0.000000
0 0.909547 0.865167 0.180906 0.260667 0.989062 0.841667 2.000000 0.000000 0.000000 0.000000 0.978125 0.829167 2.000000 0.000000 0.000000 0.000000 0.945312 0.835417 2.000000 0.000000 0.000000 0.000000 0.893750 0.872917 2.000000 0.000000 0.000000 0.000000 0.842187 0.979167 2.000000 0.000000 0.000000 0.000000 0.000000 0.000000 0.000000 0.000000 0.000000 0.000000 0.000000 0.000000 0.000000 0.000000 0.000000 0.000000 0.000000 0.000000 0.000000 0.000000 0.000000 0.000000 0.000000 0.000000 0.000000
0 0.731500 0.227583 0.144625 0.320625 0.706250 0.143750 2.000000 0.717187 0.135417 2.000000 0.693750 0.131250 2.000000 0.729688 0.139583 2.000000 0.676562 0.131250 2.000000 0.748437 0.216667 2.000000 0.651563 0.216667 1.000000 0.787500 0.304167 2.000000 0.000000 0.000000 0.000000 0.753125 0.318750 2.000000 0.659375 0.327083 1.000000 0.737500 0.439583 1.000000 0.671875 0.439583 1.000000 0.000000 0.000000 0.000000 0.000000 0.000000 0.000000 0.000000 0.000000 0.000000 0.000000 0.000000 0.000000
0 0.822344 0.159417 0.172094 0.316375 0.000000 0.000000 0.000000 0.000000 0.000000 0.000000 0.000000 0.000000 0.000000 0.806250 0.037500 2.000000 0.859375 0.039583 2.000000 0.767188 0.137500 2.000000 0.890625 0.125000 2.000000 0.743750 0.252083 1.000000 0.000000 0.000000 0.000000 0.000000 0.000000 0.000000 0.000000 0.000000 0.000000 0.801562 0.337500 1.000000 0.868750 0.331250 1.000000 0.000000 0.000000 0.000000 0.000000 0.000000 0.000000 0.000000 0.000000 0.000000 0.000000 0.000000 0.000000
0 0.927758 0.274396 0.127359 0.281792 0.000000 0.000000 0.000000 0.000000 0.000000 0.000000 0.000000 0.000000 0.000000 0.000000 0.000000 0.000000 0.000000 0.000000 0.000000 0.871875 0.310417 1.000000 0.982812 0.308333 1.000000 0.000000 0.000000 0.000000 0.000000 0.000000 0.000000 0.000000 0.000000 0.000000 0.000000 0.000000 0.000000 0.000000 0.000000 0.000000 0.000000 0.000000 0.000000 0.000000 0.000000 0.000000 0.000000 0.000000 0.000000 0.000000 0.000000 0.000000 0.000000 0.000000 0.000000
0 0.894102 0.524719 0.133141 0.285396 0.865625 0.481250 2.000000 0.875000 0.470833 2.000000 0.854688 0.466667 2.000000 0.893750 0.472917 2.000000 0.837500 0.458333 2.000000 0.934375 0.537500 2.000000 0.809375 0.520833 1.000000 0.965625 0.654167 1.000000 0.000000 0.000000 0.000000 0.900000 0.693750 1.000000 0.000000 0.000000 0.000000 0.903125 0.752083 1.000000 0.000000 0.000000 0.000000 0.000000 0.000000 0.000000 0.000000 0.000000 0.000000 0.000000 0.000000 0.000000 0.000000 0.000000 0.000000
0 0.837742 0.715313 0.190172 0.569375 0.000000 0.000000 0.000000 0.000000 0.000000 0.000000 0.000000 0.000000 0.000000 0.750000 0.502083 2.000000 0.823438 0.497917 2.000000 0.717187 0.616667 1.000000 0.881250 0.595833 2.000000 0.000000 0.000000 0.000000 0.920312 0.720833 2.000000 0.000000 0.000000 0.000000 0.826562 0.693750 2.000000 0.775000 0.910417 2.000000 0.871875 0.895833 1.000000 0.000000 0.000000 0.000000 0.000000 0.000000 0.000000 0.000000 0.000000 0.000000 0.000000 0.000000 0.000000
0 0.039313 0.439927 0.077938 0.210979 0.000000 0.000000 0.000000 0.000000 0.000000 0.000000 0.000000 0.000000 0.000000 0.000000 0.000000 0.000000 0.000000 0.000000 0.000000 0.006250 0.497917 2.000000 0.000000 0.000000 0.000000 0.000000 0.000000 0.000000 0.000000 0.000000 0.000000 0.000000 0.000000 0.000000 0.000000 0.000000 0.000000 0.000000 0.000000 0.000000 0.000000 0.000000 0.000000 0.000000 0.000000 0.000000 0.000000 0.000000 0.000000 0.000000 0.000000 0.000000 0.000000 0.000000 0.000000
0 0.754266 0.440427 0.104219 0.257604 0.725000 0.375000 1.000000 0.734375 0.368750 2.000000 0.000000 0.000000 0.000000 0.757812 0.393750 2.000000 0.000000 0.000000 0.000000 0.720313 0.466667 2.000000 0.815625 0.450000 1.000000 0.000000 0.000000 0.000000 0.000000 0.000000 0.000000 0.000000 0.000000 0.000000 0.000000 0.000000 0.000000 0.000000 0.000000 0.000000 0.000000 0.000000 0.000000 0.000000 0.000000 0.000000 0.000000 0.000000 0.000000 0.000000 0.000000 0.000000 0.000000 0.000000 0.000000
0 0.038578 0.733375 0.077156 0.376375 0.000000 0.000000 0.000000 0.000000 0.000000 0.000000 0.000000 0.000000 0.000000 0.000000 0.000000 0.000000 0.045312 0.647917 2.000000 0.000000 0.000000 0.000000 0.010937 0.795833 2.000000 0.000000 0.000000 0.000000 0.062500 0.985417 1.000000 0.000000 0.000000 0.000000 0.000000 0.000000 0.000000 0.000000 0.000000 0.000000 0.000000 0.000000 0.000000 0.000000 0.000000 0.000000 0.000000 0.000000 0.000000 0.000000 0.000000 0.000000 0.000000 0.000000 0.000000
