0 0.668953 0.567062 0.468656 0.865875 0.628125 0.287938 2.000000 0.645312 0.266537 2.000000 0.612500 0.264591 2.000000 0.678125 0.254864 2.000000 0.581250 0.260700 2.000000 0.737500 0.385214 2.000000 0.510938 0.410506 2.000000 0.787500 0.575875 2.000000 0.456250 0.608949 2.000000 0.796875 0.519455 2.000000 0.539062 0.688716 2.000000 0.687500 0.838521 2.000000 0.553125 0.836576 2.000000 0.000000 0.000000 0.000000 0.000000 0.000000 0.000000 0.000000 0.000000 0.000000 0.000000 0.000000 0.000000
0 0.388070 0.576226 0.108359 0.391401 0.407813 0.418288 2.000000 0.410938 0.414397 2.000000 0.403125 0.414397 2.000000 0.000000 0.000000 0.000000 0.384375 0.416342 2.000000 0.401562 0.457198 2.000000 0.368750 0.459144 2.000000 0.000000 0.000000 0.000000 0.350000 0.507782 2.000000 0.000000 0.000000 0.000000 0.379688 0.527237 2.000000 0.396875 0.575875 2.000000 0.371875 0.577821 2.000000 0.381250 0.667315 2.000000 0.360938 0.667315 2.000000 0.365625 0.739300 2.000000 0.350000 0.747082 2.000000
0 0.222930 0.378453 0.062859 0.146829 0.000000 0.000000 0.000000 0.000000 0.000000 0.000000 0.000000 0.000000 0.000000 0.198437 0.385214 2.000000 0.243750 0.379377 2.000000 0.000000 0.000000 0.000000 0.000000 0.000000 0.000000 0.000000 0.000000 0.000000 0.000000 0.000000 0.000000 0.000000 0.000000 0.000000 0.000000 0.000000 0.000000 0.000000 0.000000 0.000000 0.000000 0.000000 0.000000 0.000000 0.000000 0.000000 0.000000 0.000000 0.000000 0.000000 0.000000 0.000000 0.000000 0.000000 0.000000
0 0.080500 0.357743 0.060562 0.099183 0.084375 0.340467 2.000000 0.085938 0.336576 2.000000 0.079687 0.336576 2.000000 0.000000 0.000000 0.000000 0.000000 0.000000 0.000000 0.101562 0.363813 2.000000 0.064062 0.363813 2.000000 0.110937 0.392996 1.000000 0.054688 0.387160 1.000000 0.000000 0.000000 0.000000 0.076563 0.389105 2.000000 0.101562 0.418288 1.000000 0.073438 0.420233 1.000000 0.000000 0.000000 0.000000 0.000000 0.000000 0.000000 0.000000 0.000000 0.000000 0.000000 0.000000 0.000000
0 0.223805 0.295574 0.084984 0.152198 0.214062 0.243191 2.000000 0.220312 0.235409 2.000000 0.209375 0.235409 2.000000 0.226562 0.239300 2.000000 0.000000 0.000000 0.000000 0.242188 0.268482 2.000000 0.195312 0.268482 2.000000 0.248438 0.299611 2.000000 0.189062 0.299611 2.000000 0.000000 0.000000 0.000000 0.000000 0.000000 0.000000 0.000000 0.000000 0.000000 0.000000 0.000000 0.000000 0.000000 0.000000 0.000000 0.000000 0.000000 0.000000 0.000000 0.000000 0.000000 0.000000 0.000000 0.000000
0 0.264945 0.241187 0.070734 0.106420 0.000000 0.000000 0.000000 0.000000 0.000000 0.000000 0.000000 0.000000 0.000000 0.000000 0.000000 0.000000 0.000000 0.000000 0.000000 0.285938 0.227626 2.000000 0.248438 0.227626 2.000000 0.296875 0.254864 2.000000 0.234375 0.252918 2.000000 0.289062 0.276265 2.000000 0.250000 0.262646 1.000000 0.279687 0.276265 2.000000 0.256250 0.278210 1.000000 0.000000 0.000000 0.000000 0.000000 0.000000 0.000000 0.000000 0.000000 0.000000 0.000000 0.000000 0.000000
0 0.177289 0.561984 0.127953 0.383463 0.185938 0.396887 2.000000 0.190625 0.391051 2.000000 0.181250 0.389105 2.000000 0.000000 0.000000 0.000000 0.165625 0.394942 2.000000 0.206250 0.439689 2.000000 0.148438 0.437743 2.000000 0.220312 0.492218 2.000000 0.125000 0.490272 2.000000 0.198437 0.484436 2.000000 0.160938 0.478599 2.000000 0.198437 0.556420 2.000000 0.162500 0.554475 2.000000 0.190625 0.638132 2.000000 0.160938 0.636187 2.000000 0.187500 0.721790 2.000000 0.154688 0.717899 2.000000
0 0.050180 0.556031 0.098828 0.393268 0.046875 0.396887 2.000000 0.051562 0.389105 2.000000 0.042188 0.391051 2.000000 0.000000 0.000000 0.000000 0.025000 0.392996 2.000000 0.070312 0.420233 2.000000 0.014063 0.428016 2.000000 0.089063 0.472763 2.000000 0.000000 0.000000 0.000000 0.081250 0.505837 2.000000 0.020313 0.513619 2.000000 0.060937 0.558366 2.000000 0.020313 0.556420 2.000000 0.053125 0.645914 2.000000 0.010937 0.640078 2.000000 0.018750 0.723735 2.000000 0.006250 0.727626 2.000000
0 0.933773 0.269115 0.072266 0.101732 0.000000 0.000000 0.000000 0.000000 0.000000 0.000000 0.000000 0.000000 0.000000 0.000000 0.000000 0.000000 0.000000 0.000000 0.000000 0.945312 0.274319 2.000000 0.914062 0.270428 2.000000 0.000000 0.000000 0.000000 0.904687 0.299611 2.000000 0.000000 0.000000 0.000000 0.929688 0.305447 2.000000 0.937500 0.313230 2.000000 0.914062 0.311284 2.000000 0.000000 0.000000 0.000000 0.920312 0.315175 2.000000 0.000000 0.000000 0.000000 0.000000 0.000000 0.000000
0 0.272219 0.445350 0.087469 0.212412 0.295312 0.367704 2.000000 0.000000 0.000000 0.000000 0.289062 0.361868 2.000000 0.000000 0.000000 0.000000 0.275000 0.369650 2.000000 0.295312 0.402724 2.000000 0.251563 0.404669 2.000000 0.304688 0.445525 2.000000 0.243750 0.439689 2.000000 0.306250 0.484436 1.000000 0.250000 0.484436 2.000000 0.290625 0.505837 2.000000 0.259375 0.505837 2.000000 0.000000 0.000000 0.000000 0.000000 0.000000 0.000000 0.000000 0.000000 0.000000 0.000000 0.000000 0.000000
0 0.145930 0.394163 0.063297 0.122802 0.167187 0.363813 2.000000 0.170313 0.359922 2.000000 0.160938 0.359922 2.000000 0.000000 0.000000 0.000000 0.148438 0.361868 2.000000 0.000000 0.000000 0.000000 0.126562 0.404669 2.000000 0.000000 0.000000 0.000000 0.000000 0.000000 0.000000 0.000000 0.000000 0.000000 0.000000 0.000000 0.000000 0.000000 0.000000 0.000000 0.000000 0.000000 0.000000 0.000000 0.000000 0.000000 0.000000 0.000000 0.000000 0.000000 0.000000 0.000000 0.000000 0.000000 0.000000
