0 0.305063 0.593406 0.175281 0.570771 0.000000 0.000000 0.000000 0.000000 0.000000 0.000000 0.000000 0.000000 0.000000 0.264062 0.364583 2.000000 0.000000 0.000000 0.000000 0.260937 0.412500 2.000000 0.348438 0.400000 2.000000 0.223438 0.495833 2.000000 0.370312 0.495833 2.000000 0.242188 0.560417 2.000000 0.320312 0.477083 2.000000 0.292187 0.581250 2.000000 0.350000 0.581250 2.000000 0.279687 0.710417 2.000000 0.348438 0.710417 2.000000 0.284375 0.833333 2.000000 0.368750 0.835417 2.000000
0 0.556180 0.649438 0.182016 0.400000 0.531250 0.508333 2.000000 0.537500 0.500000 2.000000 0.531250 0.500000 2.000000 0.562500 0.497917 2.000000 0.000000 0.000000 0.000000 0.573438 0.525000 2.000000 0.590625 0.522917 2.000000 0.585938 0.591667 2.000000 0.000000 0.000000 0.000000 0.526563 0.602083 2.000000 0.545312 0.618750 2.000000 0.589063 0.702083 2.000000 0.601562 0.687500 2.000000 0.481250 0.720833 2.000000 0.528125 0.670833 2.000000 0.556250 0.795833 2.000000 0.603125 0.760417 2.000000
0 0.712141 0.607344 0.125438 0.550687 0.671875 0.400000 2.000000 0.671875 0.385417 2.000000 0.000000 0.000000 0.000000 0.682813 0.381250 2.000000 0.000000 0.000000 0.000000 0.678125 0.441667 2.000000 0.742188 0.427083 2.000000 0.667188 0.535417 2.000000 0.720313 0.477083 2.000000 0.693750 0.512500 2.000000 0.678125 0.433333 2.000000 0.735938 0.595833 2.000000 0.756250 0.589583 2.000000 0.687500 0.706250 2.000000 0.717187 0.689583 2.000000 0.715625 0.841667 2.000000 0.726562 0.806250 2.000000
0 0.856977 0.209802 0.156609 0.416563 0.000000 0.000000 0.000000 0.000000 0.000000 0.000000 0.000000 0.000000 0.000000 0.000000 0.000000 0.000000 0.000000 0.000000 0.000000 0.000000 0.000000 0.000000 0.000000 0.000000 0.000000 0.923438 0.087500 2.000000 0.815625 0.075000 2.000000 0.876563 0.070833 2.000000 0.831250 0.085417 2.000000 0.881250 0.133333 2.000000 0.837500 0.131250 2.000000 0.876563 0.243750 2.000000 0.823438 0.241667 2.000000 0.873437 0.393750 2.000000 0.821875 0.385417 2.000000
0 0.683430 0.204490 0.085953 0.175271 0.682813 0.152083 2.000000 0.689063 0.143750 2.000000 0.676562 0.145833 2.000000 0.696875 0.147917 2.000000 0.668750 0.150000 2.000000 0.706250 0.187500 2.000000 0.665625 0.187500 2.000000 0.703125 0.256250 2.000000 0.646875 0.243750 2.000000 0.664062 0.260417 2.000000 0.684375 0.245833 2.000000 0.689063 0.287500 2.000000 0.662500 0.287500 2.000000 0.000000 0.000000 0.000000 0.000000 0.000000 0.000000 0.000000 0.000000 0.000000 0.000000 0.000000 0.000000
0 0.712492 0.145594 0.082109 0.291188 0.721875 0.029167 2.000000 0.728125 0.020833 2.000000 0.717187 0.018750 2.000000 0.735938 0.029167 2.000000 0.706250 0.020833 2.000000 0.737500 0.081250 2.000000 0.682813 0.081250 2.000000 0.728125 0.145833 2.000000 0.673438 0.150000 1.000000 0.689063 0.137500 1.000000 0.723437 0.147917 2.000000 0.725000 0.212500 1.000000 0.690625 0.210417 1.000000 0.000000 0.000000 0.000000 0.000000 0.000000 0.000000 0.000000 0.000000 0.000000 0.000000 0.000000 0.000000
0 0.607227 0.162406 0.087797 0.260313 0.606250 0.066667 2.000000 0.612500 0.058333 2.000000 0.601562 0.058333 2.000000 0.625000 0.062500 2.000000 0.593750 0.064583 2.000000 0.637500 0.110417 2.000000 0.575000 0.106250 2.000000 0.629687 0.162500 2.000000 0.565625 0.166667 1.000000 0.587500 0.150000 2.000000 0.615625 0.152083 2.000000 0.629687 0.237500 2.000000 0.582812 0.239583 1.000000 0.637500 0.312500 1.000000 0.582812 0.314583 1.000000 0.000000 0.000000 0.000000 0.000000 0.000000 0.000000
0 0.450000 0.166292 0.097750 0.202250 0.440625 0.104167 2.000000 0.446875 0.100000 2.000000 0.435937 0.100000 2.000000 0.457813 0.100000 2.000000 0.429688 0.104167 1.000000 0.478125 0.154167 2.000000 0.415625 0.156250 2.000000 0.492188 0.212500 1.000000 0.403125 0.208333 2.000000 0.475000 0.235417 2.000000 0.412500 0.222917 2.000000 0.468750 0.277083 1.000000 0.432812 0.277083 1.000000 0.000000 0.000000 0.000000 0.000000 0.000000 0.000000 0.000000 0.000000 0.000000 0.000000 0.000000 0.000000
0 0.424266 0.079104 0.085625 0.158208 0.439063 0.041667 2.000000 0.445312 0.029167 2.000000 0.434375 0.027083 2.000000 0.456250 0.035417 2.000000 0.423438 0.031250 1.000000 0.462500 0.083333 2.000000 0.406250 0.083333 2.000000 0.000000 0.000000 0.000000 0.389062 0.143750 2.000000 0.000000 0.000000 0.000000 0.407813 0.147917 2.000000 0.454688 0.189583 1.000000 0.410938 0.187500 1.000000 0.000000 0.000000 0.000000 0.000000 0.000000 0.000000 0.000000 0.000000 0.000000 0.000000 0.000000 0.000000
0 0.315977 0.158760 0.123266 0.201813 0.306250 0.110417 2.000000 0.312500 0.108333 2.000000 0.303125 0.108333 2.000000 0.000000 0.000000 0.000000 0.287500 0.095833 2.000000 0.335938 0.127083 2.000000 0.281250 0.135417 2.000000 0.371875 0.185417 2.000000 0.270313 0.208333 2.000000 0.346875 0.152083 2.000000 0.309375 0.220833 2.000000 0.331250 0.247917 1.000000 0.300000 0.250000 2.000000 0.000000 0.000000 0.000000 0.000000 0.000000 0.000000 0.000000 0.000000 0.000000 0.000000 0.000000 0.000000
0 0.538266 0.190885 0.123531 0.196229 0.540625 0.141667 2.000000 0.546875 0.133333 2.000000 0.535937 0.131250 2.000000 0.556250 0.131250 2.000000 0.525000 0.129167 2.000000 0.565625 0.158333 2.000000 0.517188 0.150000 2.000000 0.553125 0.216667 2.000000 0.490625 0.208333 2.000000 0.523438 0.272917 1.000000 0.479687 0.264583 2.000000 0.582812 0.283333 2.000000 0.543750 0.283333 1.000000 0.000000 0.000000 0.000000 0.000000 0.000000 0.000000 0.000000 0.000000 0.000000 0.000000 0.000000 0.000000
