0 0.846484 0.541667 0.224625 0.707191 0.815625 0.255499 2.000000 0.826562 0.241963 2.000000 0.807813 0.247039 2.000000 0.865625 0.243655 2.000000 0.000000 0.000000 0.000000 0.925000 0.329949 2.000000 0.800000 0.311337 2.000000 0.939063 0.443316 2.000000 0.778125 0.429780 2.000000 0.848437 0.495770 2.000000 0.773438 0.519459 1.000000 0.890625 0.529611 2.000000 0.795312 0.519459 1.000000 0.864062 0.688663 2.000000 0.776563 0.664975 2.000000 0.871875 0.857868 2.000000 0.837500 0.678511 2.000000
0 0.730750 0.373426 0.097375 0.219679 0.743750 0.296108 2.000000 0.751563 0.289340 2.000000 0.735938 0.289340 2.000000 0.760938 0.294416 2.000000 0.725000 0.297800 2.000000 0.778125 0.338409 1.000000 0.709375 0.326565 2.000000 0.779687 0.384095 1.000000 0.712500 0.375635 2.000000 0.732812 0.370558 2.000000 0.754687 0.394247 2.000000 0.756250 0.458545 1.000000 0.706250 0.456853 2.000000 0.000000 0.000000 0.000000 0.000000 0.000000 0.000000 0.000000 0.000000 0.000000 0.000000 0.000000 0.000000
0 0.680141 0.349399 0.093937 0.263130 0.000000 0.000000 0.000000 0.710938 0.258883 2.000000 0.696875 0.258883 2.000000 0.726562 0.252115 2.000000 0.689063 0.253807 1.000000 0.739062 0.294416 1.000000 0.676562 0.292724 2.000000 0.000000 0.000000 0.000000 0.642188 0.357022 2.000000 0.000000 0.000000 0.000000 0.704688 0.363790 1.000000 0.726562 0.387479 1.000000 0.679688 0.390863 2.000000 0.000000 0.000000 0.000000 0.000000 0.000000 0.000000 0.000000 0.000000 0.000000 0.000000 0.000000 0.000000
0 0.624648 0.259213 0.068984 0.135922 0.612500 0.226734 2.000000 0.617188 0.219966 2.000000 0.603125 0.219966 2.000000 0.626563 0.228426 2.000000 0.000000 0.000000 0.000000 0.643750 0.277496 2.000000 0.575000 0.279188 1.000000 0.639062 0.335025 1.000000 0.000000 0.000000 0.000000 0.000000 0.000000 0.000000 0.000000 0.000000 0.000000 0.625000 0.394247 1.000000 0.578125 0.394247 1.000000 0.000000 0.000000 0.000000 0.000000 0.000000 0.000000 0.000000 0.000000 0.000000 0.000000 0.000000 0.000000
0 0.493375 0.370584 0.096844 0.221980 0.496875 0.292724 2.000000 0.504687 0.285956 2.000000 0.492188 0.285956 2.000000 0.514062 0.294416 2.000000 0.484375 0.291032 2.000000 0.528125 0.341794 2.000000 0.465625 0.336717 2.000000 0.532813 0.395939 1.000000 0.451562 0.389171 2.000000 0.509375 0.395939 1.000000 0.479687 0.389171 2.000000 0.517188 0.446701 1.000000 0.465625 0.443316 2.000000 0.000000 0.000000 0.000000 0.000000 0.000000 0.000000 0.000000 0.000000 0.000000 0.000000 0.000000 0.000000
0 0.496000 0.267267 0.069937 0.109831 0.496875 0.250423 2.000000 0.504687 0.241963 2.000000 0.492188 0.241963 2.000000 0.517188 0.252115 2.000000 0.482812 0.252115 2.000000 0.528125 0.296108 1.000000 0.468750 0.294416 2.000000 0.000000 0.000000 0.000000 0.000000 0.000000 0.000000 0.000000 0.000000 0.000000 0.000000 0.000000 0.000000 0.000000 0.000000 0.000000 0.000000 0.000000 0.000000 0.000000 0.000000 0.000000 0.000000 0.000000 0.000000 0.000000 0.000000 0.000000 0.000000 0.000000 0.000000
0 0.526773 0.436269 0.071797 0.136430 0.510938 0.411168 2.000000 0.515625 0.404399 2.000000 0.506250 0.406091 2.000000 0.534375 0.401015 2.000000 0.000000 0.000000 0.000000 0.535937 0.431472 2.000000 0.507812 0.436548 2.000000 0.551562 0.472081 2.000000 0.498437 0.467005 2.000000 0.540625 0.495770 2.000000 0.493750 0.495770 2.000000 0.000000 0.000000 0.000000 0.000000 0.000000 0.000000 0.000000 0.000000 0.000000 0.000000 0.000000 0.000000 0.000000 0.000000 0.000000 0.000000 0.000000 0.000000
0 0.452695 0.486455 0.087953 0.082826 0.454688 0.477157 2.000000 0.460938 0.472081 2.000000 0.445312 0.472081 2.000000 0.471875 0.475465 2.000000 0.437500 0.477157 2.000000 0.492188 0.509306 1.000000 0.423438 0.509306 2.000000 0.000000 0.000000 0.000000 0.000000 0.000000 0.000000 0.000000 0.000000 0.000000 0.000000 0.000000 0.000000 0.000000 0.000000 0.000000 0.000000 0.000000 0.000000 0.000000 0.000000 0.000000 0.000000 0.000000 0.000000 0.000000 0.000000 0.000000 0.000000 0.000000 0.000000
0 0.084234 0.495347 0.094875 0.137157 0.081250 0.470389 2.000000 0.089063 0.461929 2.000000 0.075000 0.461929 2.000000 0.103125 0.460237 2.000000 0.000000 0.000000 0.000000 0.123438 0.497462 2.000000 0.060937 0.492386 2.000000 0.125000 0.548223 2.000000 0.037500 0.543147 1.000000 0.093750 0.514382 2.000000 0.051562 0.512690 2.000000 0.000000 0.000000 0.000000 0.000000 0.000000 0.000000 0.090625 0.517766 2.000000 0.059375 0.522843 2.000000 0.000000 0.000000 0.000000 0.000000 0.000000 0.000000
0 0.259594 0.313266 0.084625 0.127005 0.265625 0.280880 2.000000 0.271875 0.275804 2.000000 0.257812 0.275804 2.000000 0.276562 0.279188 2.000000 0.250000 0.279188 2.000000 0.293750 0.316413 1.000000 0.231250 0.316413 2.000000 0.000000 0.000000 0.000000 0.000000 0.000000 0.000000 0.000000 0.000000 0.000000 0.000000 0.000000 0.000000 0.000000 0.000000 0.000000 0.000000 0.000000 0.000000 0.000000 0.000000 0.000000 0.000000 0.000000 0.000000 0.000000 0.000000 0.000000 0.000000 0.000000 0.000000
0 0.717992 0.196633 0.074703 0.123587 0.712500 0.172589 2.000000 0.720313 0.167513 2.000000 0.707812 0.167513 2.000000 0.728125 0.170897 2.000000 0.701562 0.169205 2.000000 0.734375 0.199662 2.000000 0.690625 0.199662 2.000000 0.743750 0.236887 2.000000 0.682813 0.240271 1.000000 0.725000 0.228426 1.000000 0.684375 0.226734 2.000000 0.726562 0.263959 1.000000 0.689063 0.262267 1.000000 0.000000 0.000000 0.000000 0.670312 0.296108 1.000000 0.000000 0.000000 0.000000 0.000000 0.000000 0.000000
0 0.584602 0.340863 0.108016 0.247107 0.585938 0.253807 2.000000 0.590625 0.245347 2.000000 0.578125 0.245347 2.000000 0.601562 0.250423 2.000000 0.565625 0.250423 2.000000 0.620313 0.304569 2.000000 0.554688 0.299492 2.000000 0.628125 0.367174 2.000000 0.539062 0.326565 2.000000 0.629687 0.412860 2.000000 0.554688 0.275804 2.000000 0.598437 0.404399 2.000000 0.550000 0.402707 2.000000 0.587500 0.483926 1.000000 0.551562 0.483926 1.000000 0.000000 0.000000 0.000000 0.000000 0.000000 0.000000
