0 0.346875 0.309424 0.119500 0.542596 0.306250 0.191874 2.000000 0.000000 0.000000 0.000000 0.298438 0.191874 2.000000 0.000000 0.000000 0.000000 0.000000 0.000000 0.000000 0.320312 0.225734 2.000000 0.312500 0.239278 2.000000 0.342187 0.200903 2.000000 0.310937 0.146727 2.000000 0.359375 0.146727 2.000000 0.301563 0.074492 2.000000 0.337500 0.358916 2.000000 0.350000 0.347630 2.000000 0.345313 0.446953 2.000000 0.378125 0.455982 2.000000 0.325000 0.516930 1.000000 0.392188 0.544018 2.000000
0 0.217789 0.762675 0.243453 0.394018 0.000000 0.000000 0.000000 0.000000 0.000000 0.000000 0.000000 0.000000 0.000000 0.000000 0.000000 0.000000 0.000000 0.000000 0.000000 0.165625 0.652370 2.000000 0.209375 0.636569 2.000000 0.150000 0.717833 2.000000 0.000000 0.000000 0.000000 0.121875 0.731377 2.000000 0.000000 0.000000 0.000000 0.214062 0.765237 2.000000 0.237500 0.753950 2.000000 0.175000 0.846501 2.000000 0.253125 0.846501 2.000000 0.220312 0.927765 2.000000 0.317188 0.889391 2.000000
0 0.354625 0.744300 0.195500 0.395372 0.317188 0.571106 2.000000 0.323437 0.571106 2.000000 0.000000 0.000000 0.000000 0.329688 0.591422 2.000000 0.000000 0.000000 0.000000 0.331250 0.632054 2.000000 0.373437 0.625282 2.000000 0.314063 0.695260 2.000000 0.000000 0.000000 0.000000 0.275000 0.717833 2.000000 0.000000 0.000000 0.000000 0.346875 0.760722 2.000000 0.385937 0.760722 2.000000 0.298438 0.808126 2.000000 0.395313 0.837472 2.000000 0.348438 0.871332 2.000000 0.435937 0.914221 2.000000
0 0.424336 0.670790 0.147828 0.495124 0.000000 0.000000 0.000000 0.000000 0.000000 0.000000 0.000000 0.000000 0.000000 0.000000 0.000000 0.000000 0.000000 0.000000 0.000000 0.434375 0.530474 2.000000 0.403125 0.534989 1.000000 0.417187 0.496614 2.000000 0.368750 0.496614 2.000000 0.400000 0.442438 2.000000 0.346875 0.442438 1.000000 0.431250 0.668172 2.000000 0.406250 0.668172 2.000000 0.431250 0.778781 2.000000 0.412500 0.781038 2.000000 0.484375 0.866817 2.000000 0.440625 0.889391 2.000000
0 0.729516 0.683589 0.171094 0.388758 0.682813 0.514673 2.000000 0.689063 0.512415 2.000000 0.681250 0.512415 2.000000 0.000000 0.000000 0.000000 0.000000 0.000000 0.000000 0.712500 0.555305 2.000000 0.000000 0.000000 0.000000 0.721875 0.620767 2.000000 0.000000 0.000000 0.000000 0.684375 0.620767 2.000000 0.670312 0.641084 2.000000 0.723437 0.681716 2.000000 0.696875 0.670429 2.000000 0.743750 0.765237 2.000000 0.676562 0.747178 2.000000 0.792188 0.801354 2.000000 0.684375 0.839729 2.000000
0 0.777500 0.656151 0.092906 0.329278 0.748437 0.516930 2.000000 0.753125 0.512415 2.000000 0.745313 0.510158 2.000000 0.764062 0.519187 2.000000 0.000000 0.000000 0.000000 0.770312 0.555305 2.000000 0.748437 0.553047 2.000000 0.778125 0.604966 2.000000 0.000000 0.000000 0.000000 0.745313 0.598194 2.000000 0.742188 0.618510 2.000000 0.776563 0.668172 2.000000 0.753125 0.656885 2.000000 0.789062 0.733634 2.000000 0.734375 0.708804 1.000000 0.812500 0.785553 2.000000 0.764062 0.760722 1.000000
0 0.953711 0.673160 0.092578 0.414582 0.921875 0.489842 2.000000 0.928125 0.483070 2.000000 0.000000 0.000000 0.000000 0.000000 0.000000 0.000000 0.000000 0.000000 0.000000 0.956250 0.534989 2.000000 0.000000 0.000000 0.000000 0.967187 0.600451 2.000000 0.000000 0.000000 0.000000 0.928125 0.636569 2.000000 0.929688 0.654628 2.000000 0.973437 0.659142 2.000000 0.943750 0.659142 2.000000 0.970313 0.762980 2.000000 0.937500 0.751693 2.000000 0.000000 0.000000 0.000000 0.962500 0.848758 2.000000
0 0.297328 0.687698 0.097500 0.519865 0.300000 0.528217 2.000000 0.000000 0.000000 0.000000 0.290625 0.525959 2.000000 0.000000 0.000000 0.000000 0.285938 0.548533 2.000000 0.281250 0.584650 2.000000 0.301563 0.589165 2.000000 0.295312 0.516930 2.000000 0.331250 0.523702 2.000000 0.312500 0.462754 2.000000 0.334375 0.469526 2.000000 0.310937 0.715576 1.000000 0.301563 0.715576 1.000000 0.321875 0.805869 1.000000 0.298438 0.812641 2.000000 0.309375 0.902935 1.000000 0.262500 0.902935 2.000000
0 0.502781 0.697788 0.104219 0.389165 0.503125 0.530474 2.000000 0.507812 0.523702 2.000000 0.000000 0.000000 0.000000 0.518750 0.530474 2.000000 0.000000 0.000000 0.000000 0.529687 0.580135 2.000000 0.490625 0.582393 2.000000 0.550000 0.629797 1.000000 0.479687 0.625282 2.000000 0.550000 0.681716 2.000000 0.456250 0.659142 2.000000 0.531250 0.699774 2.000000 0.496875 0.699774 2.000000 0.496875 0.783296 2.000000 0.465625 0.772009 2.000000 0.514062 0.869074 2.000000 0.495312 0.846501 2.000000
0 0.556281 0.715688 0.133906 0.424289 0.559375 0.519187 2.000000 0.568750 0.519187 2.000000 0.000000 0.000000 0.000000 0.576562 0.539503 2.000000 0.000000 0.000000 0.000000 0.576562 0.568849 2.000000 0.571875 0.566591 2.000000 0.540625 0.604966 2.000000 0.000000 0.000000 0.000000 0.509375 0.580135 2.000000 0.000000 0.000000 0.000000 0.581250 0.699774 2.000000 0.585938 0.697517 2.000000 0.542188 0.792325 2.000000 0.575000 0.799097 2.000000 0.556250 0.909707 2.000000 0.601562 0.887133 2.000000
0 0.983086 0.613589 0.033828 0.302528 0.968750 0.485327 2.000000 0.971875 0.476298 2.000000 0.000000 0.000000 0.000000 0.987500 0.489842 2.000000 0.000000 0.000000 0.000000 0.989062 0.532731 2.000000 0.968750 0.525959 1.000000 0.000000 0.000000 0.000000 0.000000 0.000000 0.000000 0.000000 0.000000 0.000000 0.000000 0.000000 0.000000 0.000000 0.000000 0.000000 0.000000 0.000000 0.000000 0.000000 0.000000 0.000000 0.000000 0.000000 0.000000 0.000000 0.000000 0.000000 0.000000 0.000000 0.000000
