0 0.536820 0.598990 0.240859 0.463229 0.529687 0.410417 2.000000 0.000000 0.000000 0.000000 0.523438 0.400000 2.000000 0.000000 0.000000 0.000000 0.507812 0.404167 2.000000 0.529687 0.450000 2.000000 0.464062 0.460417 2.000000 0.545312 0.470833 2.000000 0.473438 0.508333 2.000000 0.496875 0.435417 2.000000 0.498437 0.462500 2.000000 0.526563 0.608333 2.000000 0.493750 0.625000 2.000000 0.512500 0.704167 2.000000 0.557813 0.689583 2.000000 0.440625 0.777083 2.000000 0.607812 0.785417 2.000000
0 0.288883 0.657167 0.166391 0.318875 0.335938 0.537500 2.000000 0.000000 0.000000 0.000000 0.331250 0.533333 2.000000 0.000000 0.000000 0.000000 0.310937 0.537500 2.000000 0.325000 0.583333 2.000000 0.279687 0.583333 2.000000 0.353125 0.608333 2.000000 0.248438 0.620833 2.000000 0.359375 0.629167 2.000000 0.239063 0.689583 2.000000 0.273438 0.689583 2.000000 0.228125 0.691667 2.000000 0.343750 0.668750 2.000000 0.293750 0.677083 2.000000 0.298438 0.781250 2.000000 0.254688 0.785417 2.000000
0 0.107203 0.600229 0.213687 0.428208 0.192188 0.437500 2.000000 0.000000 0.000000 0.000000 0.000000 0.000000 0.000000 0.000000 0.000000 0.000000 0.164062 0.433333 2.000000 0.134375 0.460417 2.000000 0.142187 0.470833 2.000000 0.000000 0.000000 0.000000 0.112500 0.552083 2.000000 0.000000 0.000000 0.000000 0.148438 0.610417 2.000000 0.081250 0.583333 2.000000 0.092188 0.587500 2.000000 0.045312 0.677083 2.000000 0.162500 0.670833 2.000000 0.000000 0.000000 0.000000 0.146875 0.791667 2.000000
0 0.618180 0.297667 0.077016 0.156500 0.629687 0.245833 2.000000 0.000000 0.000000 0.000000 0.626563 0.239583 2.000000 0.000000 0.000000 0.000000 0.614062 0.245833 2.000000 0.620313 0.279167 2.000000 0.595313 0.277083 2.000000 0.631250 0.333333 2.000000 0.590625 0.318750 2.000000 0.645312 0.379167 1.000000 0.629687 0.318750 2.000000 0.621875 0.385417 1.000000 0.607812 0.387500 1.000000 0.000000 0.000000 0.000000 0.000000 0.000000 0.000000 0.000000 0.000000 0.000000 0.000000 0.000000 0.000000
0 0.903234 0.192854 0.070813 0.087792 0.900000 0.179167 2.000000 0.903125 0.172917 2.000000 0.892188 0.172917 2.000000 0.910937 0.179167 2.000000 0.887500 0.181250 2.000000 0.926562 0.206250 2.000000 0.876563 0.208333 2.000000 0.932813 0.243750 1.000000 0.871875 0.245833 1.000000 0.000000 0.000000 0.000000 0.000000 0.000000 0.000000 0.000000 0.000000 0.000000 0.000000 0.000000 0.000000 0.000000 0.000000 0.000000 0.000000 0.000000 0.000000 0.000000 0.000000 0.000000 0.000000 0.000000 0.000000
0 0.656672 0.061094 0.078500 0.113479 0.643750 0.031250 2.000000 0.650000 0.025000 2.000000 0.640625 0.027083 2.000000 0.656250 0.029167 2.000000 0.632812 0.029167 1.000000 0.670312 0.054167 2.000000 0.625000 0.077083 2.000000 0.682813 0.097917 2.000000 0.000000 0.000000 0.000000 0.654687 0.120833 1.000000 0.000000 0.000000 0.000000 0.675000 0.137500 1.000000 0.643750 0.141667 1.000000 0.000000 0.000000 0.000000 0.000000 0.000000 0.000000 0.000000 0.000000 0.000000 0.000000 0.000000 0.000000
0 0.508625 0.103646 0.070438 0.102250 0.507812 0.079167 2.000000 0.510938 0.075000 2.000000 0.503125 0.075000 2.000000 0.000000 0.000000 0.000000 0.490625 0.081250 2.000000 0.503125 0.102083 2.000000 0.487500 0.104167 2.000000 0.521875 0.137500 2.000000 0.504687 0.147917 2.000000 0.515625 0.095833 1.000000 0.521875 0.125000 2.000000 0.525000 0.162500 1.000000 0.509375 0.170833 1.000000 0.000000 0.000000 0.000000 0.000000 0.000000 0.000000 0.000000 0.000000 0.000000 0.000000 0.000000 0.000000
0 0.282602 0.103500 0.057234 0.116417 0.000000 0.000000 0.000000 0.000000 0.000000 0.000000 0.000000 0.000000 0.000000 0.000000 0.000000 0.000000 0.298438 0.075000 2.000000 0.279687 0.106250 2.000000 0.282813 0.110417 2.000000 0.000000 0.000000 0.000000 0.284375 0.152083 2.000000 0.000000 0.000000 0.000000 0.000000 0.000000 0.000000 0.275000 0.172917 1.000000 0.279687 0.175000 1.000000 0.000000 0.000000 0.000000 0.000000 0.000000 0.000000 0.000000 0.000000 0.000000 0.000000 0.000000 0.000000
0 0.743852 0.290823 0.080047 0.154188 0.726562 0.239583 2.000000 0.734375 0.233333 2.000000 0.726562 0.233333 2.000000 0.746875 0.235417 2.000000 0.000000 0.000000 0.000000 0.770312 0.270833 2.000000 0.718750 0.272917 2.000000 0.775000 0.322917 1.000000 0.709375 0.325000 2.000000 0.778125 0.329167 1.000000 0.737500 0.368750 1.000000 0.000000 0.000000 0.000000 0.000000 0.000000 0.000000 0.000000 0.000000 0.000000 0.000000 0.000000 0.000000 0.000000 0.000000 0.000000 0.000000 0.000000 0.000000
0 0.211000 0.072479 0.096281 0.134167 0.210938 0.039583 2.000000 0.212500 0.033333 2.000000 0.206250 0.033333 2.000000 0.000000 0.000000 0.000000 0.193750 0.037500 2.000000 0.231250 0.068750 2.000000 0.181250 0.070833 2.000000 0.250000 0.116667 2.000000 0.168750 0.127083 1.000000 0.240625 0.133333 2.000000 0.193750 0.133333 2.000000 0.228125 0.147917 1.000000 0.198437 0.147917 1.000000 0.000000 0.000000 0.000000 0.000000 0.000000 0.000000 0.000000 0.000000 0.000000 0.000000 0.000000 0.000000
0 0.366852 0.105156 0.100672 0.109063 0.356250 0.081250 2.000000 0.360938 0.072917 2.000000 0.351562 0.075000 2.000000 0.370312 0.072917 2.000000 0.346875 0.070833 2.000000 0.385937 0.091667 2.000000 0.331250 0.122917 2.000000 0.410938 0.114583 2.000000 0.315625 0.162500 1.000000 0.395313 0.150000 2.000000 0.000000 0.000000 0.000000 0.000000 0.000000 0.000000 0.000000 0.000000 0.000000 0.000000 0.000000 0.000000 0.000000 0.000000 0.000000 0.000000 0.000000 0.000000 0.000000 0.000000 0.000000
0 0.143336 0.120479 0.079266 0.099833 0.143750 0.102083 2.000000 0.146875 0.095833 2.000000 0.137500 0.095833 2.000000 0.153125 0.095833 2.000000 0.131250 0.095833 2.000000 0.164062 0.116667 2.000000 0.120313 0.118750 2.000000 0.171875 0.152083 2.000000 0.117188 0.154167 2.000000 0.159375 0.152083 2.000000 0.137500 0.156250 2.000000 0.157812 0.189583 1.000000 0.114062 0.189583 1.000000 0.000000 0.000000 0.000000 0.000000 0.000000 0.000000 0.000000 0.000000 0.000000 0.000000 0.000000 0.000000
0 0.454539 0.295802 0.089141 0.205354 0.429688 0.225000 2.000000 0.434375 0.218750 2.000000 0.000000 0.000000 0.000000 0.448437 0.222917 2.000000 0.000000 0.000000 0.000000 0.475000 0.254167 2.000000 0.431250 0.258333 2.000000 0.487500 0.325000 2.000000 0.415625 0.306250 1.000000 0.479687 0.375000 2.000000 0.407813 0.337500 1.000000 0.451562 0.383333 1.000000 0.425000 0.383333 1.000000 0.000000 0.000000 0.000000 0.000000 0.000000 0.000000 0.000000 0.000000 0.000000 0.000000 0.000000 0.000000
