0 0.389828 0.445948 0.158906 0.623886 0.415625 0.210900 2.000000 0.418750 0.187204 2.000000 0.404687 0.189573 2.000000 0.429688 0.184834 2.000000 0.382812 0.196682 2.000000 0.418750 0.263033 2.000000 0.379688 0.246445 2.000000 0.000000 0.000000 0.000000 0.362500 0.336493 2.000000 0.445312 0.229858 2.000000 0.000000 0.000000 0.000000 0.404687 0.433649 2.000000 0.362500 0.426540 2.000000 0.000000 0.000000 0.000000 0.431250 0.504739 2.000000 0.000000 0.000000 0.000000 0.396875 0.663507 2.000000
0 0.603133 0.317062 0.075516 0.142986 0.589063 0.286730 2.000000 0.592187 0.277251 2.000000 0.584375 0.279621 2.000000 0.601562 0.277251 2.000000 0.579688 0.284360 2.000000 0.621875 0.331754 2.000000 0.570312 0.343602 2.000000 0.632812 0.383886 1.000000 0.565625 0.381517 1.000000 0.637500 0.419431 1.000000 0.000000 0.000000 0.000000 0.617188 0.419431 1.000000 0.582812 0.419431 1.000000 0.000000 0.000000 0.000000 0.000000 0.000000 0.000000 0.000000 0.000000 0.000000 0.000000 0.000000 0.000000
0 0.520836 0.410118 0.194109 0.568531 0.500000 0.215640 2.000000 0.509375 0.206161 2.000000 0.490625 0.201422 2.000000 0.000000 0.000000 0.000000 0.471875 0.194313 2.000000 0.504687 0.274882 2.000000 0.446875 0.265403 2.000000 0.548438 0.355450 2.000000 0.487500 0.341232 2.000000 0.606250 0.383886 1.000000 0.535937 0.383886 1.000000 0.498437 0.450237 2.000000 0.443750 0.443128 2.000000 0.554688 0.545024 1.000000 0.501563 0.407583 2.000000 0.560937 0.760664 1.000000 0.503125 0.599526 2.000000
0 0.099469 0.444893 0.078687 0.342346 0.100000 0.312796 2.000000 0.103125 0.305687 2.000000 0.095312 0.305687 2.000000 0.000000 0.000000 0.000000 0.085938 0.305687 2.000000 0.114062 0.345972 2.000000 0.078125 0.348341 2.000000 0.129688 0.388626 2.000000 0.065625 0.395735 2.000000 0.114062 0.419431 2.000000 0.085938 0.428910 2.000000 0.115625 0.433649 2.000000 0.087500 0.438389 2.000000 0.121875 0.502370 2.000000 0.089063 0.497630 2.000000 0.121875 0.575829 2.000000 0.085938 0.561611 2.000000
0 0.708930 0.426422 0.084078 0.303981 0.000000 0.000000 0.000000 0.000000 0.000000 0.000000 0.000000 0.000000 0.000000 0.728125 0.310427 2.000000 0.726562 0.310427 2.000000 0.726562 0.362559 2.000000 0.698438 0.350711 2.000000 0.000000 0.000000 0.000000 0.679688 0.428910 2.000000 0.000000 0.000000 0.000000 0.723437 0.445498 2.000000 0.712500 0.488152 2.000000 0.692187 0.483412 1.000000 0.718750 0.580569 1.000000 0.684375 0.580569 1.000000 0.721875 0.701422 1.000000 0.670312 0.703791 1.000000
0 0.892531 0.402038 0.086125 0.202701 0.904687 0.341232 2.000000 0.000000 0.000000 0.000000 0.898438 0.334123 2.000000 0.000000 0.000000 0.000000 0.884375 0.331754 2.000000 0.904687 0.386256 2.000000 0.856250 0.395735 2.000000 0.925000 0.438389 2.000000 0.000000 0.000000 0.000000 0.920312 0.459716 2.000000 0.000000 0.000000 0.000000 0.906250 0.495261 2.000000 0.871875 0.502370 1.000000 0.000000 0.000000 0.000000 0.000000 0.000000 0.000000 0.000000 0.000000 0.000000 0.000000 0.000000 0.000000
0 0.920719 0.657773 0.087781 0.319194 0.935937 0.537915 2.000000 0.935937 0.530806 2.000000 0.928125 0.530806 2.000000 0.000000 0.000000 0.000000 0.912500 0.533175 2.000000 0.940625 0.571090 2.000000 0.903125 0.573460 2.000000 0.954688 0.616114 2.000000 0.889062 0.625592 2.000000 0.954688 0.658768 2.000000 0.909375 0.663507 2.000000 0.934375 0.661137 2.000000 0.906250 0.663507 2.000000 0.928125 0.727488 2.000000 0.907813 0.725118 2.000000 0.926562 0.791469 2.000000 0.901563 0.789100 2.000000
0 0.970328 0.643555 0.059156 0.333649 0.970313 0.511848 2.000000 0.976562 0.504739 2.000000 0.965625 0.504739 2.000000 0.987500 0.509479 2.000000 0.959375 0.511848 2.000000 0.992188 0.549763 2.000000 0.954688 0.549763 2.000000 0.000000 0.000000 0.000000 0.937500 0.582938 1.000000 0.000000 0.000000 0.000000 0.943750 0.620853 1.000000 0.984375 0.625592 2.000000 0.956250 0.623223 1.000000 0.985938 0.708531 2.000000 0.956250 0.708531 2.000000 0.987500 0.781991 2.000000 0.953125 0.774882 2.000000
0 0.866422 0.628969 0.065344 0.338791 0.881250 0.488152 2.000000 0.884375 0.483412 2.000000 0.875000 0.483412 2.000000 0.000000 0.000000 0.000000 0.000000 0.000000 0.000000 0.889062 0.535545 2.000000 0.000000 0.000000 0.000000 0.000000 0.000000 0.000000 0.000000 0.000000 0.000000 0.000000 0.000000 0.000000 0.000000 0.000000 0.000000 0.884375 0.611374 1.000000 0.868750 0.606635 2.000000 0.890625 0.661137 1.000000 0.871875 0.668246 2.000000 0.887500 0.703791 1.000000 0.868750 0.713270 2.000000
0 0.814961 0.599680 0.103297 0.431919 0.815625 0.440758 2.000000 0.825000 0.431280 2.000000 0.812500 0.426540 2.000000 0.837500 0.438389 2.000000 0.806250 0.431280 2.000000 0.845313 0.495261 2.000000 0.795312 0.488152 2.000000 0.857812 0.547393 2.000000 0.776563 0.537915 2.000000 0.826562 0.563981 2.000000 0.800000 0.559242 2.000000 0.831250 0.623223 2.000000 0.798438 0.616114 2.000000 0.828125 0.708531 1.000000 0.790625 0.715640 1.000000 0.825000 0.793839 2.000000 0.781250 0.786730 2.000000
