0 0.358148 0.871906 0.210672 0.256188 0.453125 0.916667 2.000000 0.000000 0.000000 0.000000 0.414062 0.889583 2.000000 0.000000 0.000000 0.000000 0.325000 0.950000 2.000000 0.000000 0.000000 0.000000 0.000000 0.000000 0.000000 0.000000 0.000000 0.000000 0.000000 0.000000 0.000000 0.000000 0.000000 0.000000 0.000000 0.000000 0.000000 0.000000 0.000000 0.000000 0.000000 0.000000 0.000000 0.000000 0.000000 0.000000 0.000000 0.000000 0.000000 0.000000 0.000000 0.000000 0.000000 0.000000 0.000000
0 0.514047 0.711229 0.182031 0.469667 0.573438 0.597917 2.000000 0.570312 0.577083 2.000000 0.543750 0.585417 2.000000 0.000000 0.000000 0.000000 0.485938 0.627083 2.000000 0.564063 0.737500 2.000000 0.451562 0.806250 2.000000 0.000000 0.000000 0.000000 0.000000 0.000000 0.000000 0.000000 0.000000 0.000000 0.000000 0.000000 0.000000 0.000000 0.000000 0.000000 0.000000 0.000000 0.000000 0.000000 0.000000 0.000000 0.000000 0.000000 0.000000 0.000000 0.000000 0.000000 0.000000 0.000000 0.000000
0 0.817945 0.570000 0.287641 0.371750 0.884375 0.593750 2.000000 0.000000 0.000000 0.000000 0.889062 0.558333 2.000000 0.000000 0.000000 0.000000 0.848437 0.504167 2.000000 0.873437 0.620833 2.000000 0.721875 0.672917 2.000000 0.000000 0.000000 0.000000 0.000000 0.000000 0.000000 0.000000 0.000000 0.000000 0.000000 0.000000 0.000000 0.000000 0.000000 0.000000 0.000000 0.000000 0.000000 0.000000 0.000000 0.000000 0.000000 0.000000 0.000000 0.000000 0.000000 0.000000 0.000000 0.000000 0.000000
0 0.738102 0.396583 0.109141 0.129292 0.765625 0.402083 2.000000 0.000000 0.000000 0.000000 0.748437 0.391667 2.000000 0.000000 0.000000 0.000000 0.710938 0.414583 2.000000 0.000000 0.000000 0.000000 0.000000 0.000000 0.000000 0.000000 0.000000 0.000000 0.000000 0.000000 0.000000 0.000000 0.000000 0.000000 0.000000 0.000000 0.000000 0.000000 0.000000 0.000000 0.000000 0.000000 0.000000 0.000000 0.000000 0.000000 0.000000 0.000000 0.000000 0.000000 0.000000 0.000000 0.000000 0.000000 0.000000
0 0.335578 0.450177 0.151875 0.252688 0.373437 0.402083 2.000000 0.370312 0.383333 2.000000 0.353125 0.389583 2.000000 0.000000 0.000000 0.000000 0.312500 0.406250 2.000000 0.393750 0.506250 2.000000 0.279687 0.547917 2.000000 0.423438 0.635417 1.000000 0.276562 0.697917 1.000000 0.000000 0.000000 0.000000 0.000000 0.000000 0.000000 0.000000 0.000000 0.000000 0.000000 0.000000 0.000000 0.000000 0.000000 0.000000 0.000000 0.000000 0.000000 0.000000 0.000000 0.000000 0.000000 0.000000 0.000000
0 0.708773 0.258385 0.073328 0.088604 0.000000 0.000000 0.000000 0.000000 0.000000 0.000000 0.000000 0.000000 0.000000 0.703125 0.235417 2.000000 0.000000 0.000000 0.000000 0.723437 0.254167 2.000000 0.684375 0.260417 2.000000 0.737500 0.287500 2.000000 0.676562 0.291667 2.000000 0.000000 0.000000 0.000000 0.000000 0.000000 0.000000 0.000000 0.000000 0.000000 0.000000 0.000000 0.000000 0.000000 0.000000 0.000000 0.000000 0.000000 0.000000 0.000000 0.000000 0.000000 0.000000 0.000000 0.000000
0 0.084703 0.579771 0.168000 0.716000 0.082812 0.481250 1.000000 0.100000 0.462500 2.000000 0.068750 0.462500 2.000000 0.114062 0.487500 2.000000 0.035937 0.485417 2.000000 0.125000 0.597917 1.000000 0.026562 0.583333 2.000000 0.128125 0.754167 2.000000 0.014063 0.464583 2.000000 0.153125 0.895833 2.000000 0.051562 0.329167 2.000000 0.121875 0.962500 1.000000 0.051562 0.972917 1.000000 0.000000 0.000000 0.000000 0.000000 0.000000 0.000000 0.000000 0.000000 0.000000 0.000000 0.000000 0.000000
0 0.434438 0.268104 0.061875 0.074875 0.434375 0.291667 2.000000 0.440625 0.279167 2.000000 0.428125 0.281250 2.000000 0.000000 0.000000 0.000000 0.000000 0.000000 0.000000 0.000000 0.000000 0.000000 0.000000 0.000000 0.000000 0.000000 0.000000 0.000000 0.000000 0.000000 0.000000 0.000000 0.000000 0.000000 0.000000 0.000000 0.000000 0.000000 0.000000 0.000000 0.000000 0.000000 0.000000 0.000000 0.000000 0.000000 0.000000 0.000000 0.000000 0.000000 0.000000 0.000000 0.000000 0.000000 0.000000
0 0.330102 0.658823 0.232172 0.344062 0.329688 0.620833 2.000000 0.325000 0.608333 2.000000 0.312500 0.622917 2.000000 0.000000 0.000000 0.000000 0.000000 0.000000 0.000000 0.000000 0.000000 0.000000 0.248438 0.758333 2.000000 0.000000 0.000000 0.000000 0.326562 0.718750 2.000000 0.000000 0.000000 0.000000 0.390625 0.575000 2.000000 0.000000 0.000000 0.000000 0.000000 0.000000 0.000000 0.000000 0.000000 0.000000 0.000000 0.000000 0.000000 0.000000 0.000000 0.000000 0.000000 0.000000 0.000000
0 0.618516 0.422229 0.077781 0.113583 0.651563 0.443750 2.000000 0.000000 0.000000 0.000000 0.642188 0.433333 2.000000 0.000000 0.000000 0.000000 0.609375 0.429167 2.000000 0.601562 0.525000 1.000000 0.000000 0.000000 0.000000 0.000000 0.000000 0.000000 0.000000 0.000000 0.000000 0.000000 0.000000 0.000000 0.000000 0.000000 0.000000 0.000000 0.000000 0.000000 0.000000 0.000000 0.000000 0.000000 0.000000 0.000000 0.000000 0.000000 0.000000 0.000000 0.000000 0.000000 0.000000 0.000000 0.000000
0 0.138789 0.399031 0.078109 0.094188 0.173437 0.412500 2.000000 0.171875 0.397917 2.000000 0.157812 0.397917 2.000000 0.000000 0.000000 0.000000 0.125000 0.416667 2.000000 0.000000 0.000000 0.000000 0.000000 0.000000 0.000000 0.000000 0.000000 0.000000 0.000000 0.000000 0.000000 0.000000 0.000000 0.000000 0.000000 0.000000 0.000000 0.000000 0.000000 0.000000 0.000000 0.000000 0.000000 0.000000 0.000000 0.000000 0.000000 0.000000 0.000000 0.000000 0.000000 0.000000 0.000000 0.000000 0.000000
