0 0.666375 0.646162 0.283969 0.625282 0.698438 0.399061 2.000000 0.000000 0.000000 0.000000 0.692187 0.387324 2.000000 0.000000 0.000000 0.000000 0.676562 0.382629 2.000000 0.607812 0.436620 2.000000 0.696875 0.448357 2.000000 0.550000 0.481221 2.000000 0.000000 0.000000 0.000000 0.000000 0.000000 0.000000 0.000000 0.000000 0.000000 0.612500 0.645540 2.000000 0.681250 0.647887 2.000000 0.600000 0.772300 2.000000 0.737500 0.765258 2.000000 0.542188 0.927230 2.000000 0.762500 0.924883 2.000000
0 0.327297 0.716878 0.196813 0.448545 0.337500 0.570423 2.000000 0.000000 0.000000 0.000000 0.326562 0.558685 2.000000 0.000000 0.000000 0.000000 0.303125 0.553991 2.000000 0.306250 0.612676 2.000000 0.265625 0.615023 2.000000 0.326562 0.694836 2.000000 0.275000 0.741784 2.000000 0.365625 0.711268 2.000000 0.346875 0.727700 2.000000 0.306250 0.758216 2.000000 0.268750 0.769953 2.000000 0.409375 0.774648 2.000000 0.357812 0.819249 2.000000 0.320312 0.884977 2.000000 0.264062 0.873239 2.000000
0 0.542594 0.588192 0.101937 0.355258 0.556250 0.464789 1.000000 0.557813 0.457746 1.000000 0.550000 0.457746 1.000000 0.000000 0.000000 0.000000 0.535937 0.462441 2.000000 0.575000 0.514085 2.000000 0.517188 0.521127 2.000000 0.587500 0.579812 2.000000 0.500000 0.591549 2.000000 0.609375 0.598592 1.000000 0.529687 0.626761 2.000000 0.570312 0.654930 2.000000 0.534375 0.643192 2.000000 0.573438 0.720657 2.000000 0.559375 0.685446 2.000000 0.000000 0.000000 0.000000 0.559375 0.791080 1.000000
0 0.406570 0.575904 0.135828 0.263310 0.432812 0.490610 2.000000 0.435937 0.481221 2.000000 0.426563 0.481221 2.000000 0.000000 0.000000 0.000000 0.410938 0.483568 2.000000 0.450000 0.532864 2.000000 0.392188 0.528169 2.000000 0.457813 0.593897 2.000000 0.351562 0.502347 2.000000 0.434375 0.603286 2.000000 0.414062 0.504695 2.000000 0.420312 0.645540 1.000000 0.389062 0.643192 2.000000 0.462500 0.619718 1.000000 0.387500 0.739437 1.000000 0.459375 0.730047 1.000000 0.000000 0.000000 0.000000
0 0.134672 0.650822 0.117531 0.214695 0.126562 0.591549 1.000000 0.131250 0.582160 1.000000 0.120313 0.584507 2.000000 0.140625 0.584507 1.000000 0.110937 0.591549 2.000000 0.154688 0.631455 2.000000 0.103125 0.636150 2.000000 0.184375 0.666667 2.000000 0.085938 0.685446 2.000000 0.156250 0.605634 2.000000 0.104688 0.624413 2.000000 0.150000 0.776995 1.000000 0.107813 0.776995 1.000000 0.000000 0.000000 0.000000 0.000000 0.000000 0.000000 0.000000 0.000000 0.000000 0.000000 0.000000 0.000000
0 0.891648 0.614308 0.076797 0.204202 0.917188 0.553991 2.000000 0.000000 0.000000 0.000000 0.912500 0.544601 2.000000 0.000000 0.000000 0.000000 0.898438 0.549296 2.000000 0.900000 0.593897 2.000000 0.878125 0.603286 2.000000 0.000000 0.000000 0.000000 0.898438 0.673709 2.000000 0.000000 0.000000 0.000000 0.950000 0.680751 1.000000 0.000000 0.000000 0.000000 0.876563 0.718310 1.000000 0.000000 0.000000 0.000000 0.000000 0.000000 0.000000 0.000000 0.000000 0.000000 0.000000 0.000000 0.000000
0 0.940234 0.339988 0.055531 0.172042 0.935937 0.286385 2.000000 0.940625 0.279343 2.000000 0.932813 0.279343 2.000000 0.953125 0.288732 2.000000 0.000000 0.000000 0.000000 0.959375 0.330986 2.000000 0.920312 0.316901 2.000000 0.000000 0.000000 0.000000 0.940625 0.335681 2.000000 0.000000 0.000000 0.000000 0.960938 0.309859 2.000000 0.000000 0.000000 0.000000 0.000000 0.000000 0.000000 0.000000 0.000000 0.000000 0.000000 0.000000 0.000000 0.000000 0.000000 0.000000 0.000000 0.000000 0.000000
0 0.204086 0.337770 0.083734 0.132629 0.000000 0.000000 0.000000 0.000000 0.000000 0.000000 0.000000 0.000000 0.000000 0.185938 0.314554 2.000000 0.209375 0.312207 2.000000 0.179688 0.363850 2.000000 0.234375 0.361502 2.000000 0.000000 0.000000 0.000000 0.000000 0.000000 0.000000 0.000000 0.000000 0.000000 0.000000 0.000000 0.000000 0.000000 0.000000 0.000000 0.000000 0.000000 0.000000 0.000000 0.000000 0.000000 0.000000 0.000000 0.000000 0.000000 0.000000 0.000000 0.000000 0.000000 0.000000
0 0.321633 0.345012 0.067578 0.111432 0.345313 0.323944 1.000000 0.000000 0.000000 0.000000 0.340625 0.314554 2.000000 0.000000 0.000000 0.000000 0.325000 0.321596 2.000000 0.340625 0.356808 2.000000 0.306250 0.356808 2.000000 0.000000 0.000000 0.000000 0.300000 0.410798 1.000000 0.000000 0.000000 0.000000 0.000000 0.000000 0.000000 0.000000 0.000000 0.000000 0.000000 0.000000 0.000000 0.000000 0.000000 0.000000 0.000000 0.000000 0.000000 0.000000 0.000000 0.000000 0.000000 0.000000 0.000000
0 0.058297 0.581937 0.115969 0.697019 0.023438 0.300469 2.000000 0.023438 0.286385 2.000000 0.012500 0.286385 2.000000 0.000000 0.000000 0.000000 0.000000 0.000000 0.000000 0.018750 0.368545 2.000000 0.000000 0.000000 0.000000 0.000000 0.000000 0.000000 0.000000 0.000000 0.000000 0.023438 0.549296 2.000000 0.000000 0.000000 0.000000 0.000000 0.000000 0.000000 0.000000 0.000000 0.000000 0.000000 0.000000 0.000000 0.023438 0.718310 2.000000 0.000000 0.000000 0.000000 0.064062 0.868545 2.000000
0 0.491906 0.225446 0.063406 0.134836 0.485938 0.201878 2.000000 0.490625 0.194836 2.000000 0.484375 0.192488 2.000000 0.506250 0.199531 2.000000 0.000000 0.000000 0.000000 0.521875 0.239437 2.000000 0.465625 0.239437 2.000000 0.000000 0.000000 0.000000 0.000000 0.000000 0.000000 0.000000 0.000000 0.000000 0.000000 0.000000 0.000000 0.000000 0.000000 0.000000 0.000000 0.000000 0.000000 0.000000 0.000000 0.000000 0.000000 0.000000 0.000000 0.000000 0.000000 0.000000 0.000000 0.000000 0.000000
