0 0.516016 0.447568 0.357437 0.647996 0.000000 0.000000 0.000000 0.000000 0.000000 0.000000 0.000000 0.000000 0.000000 0.000000 0.000000 0.000000 0.000000 0.000000 0.000000 0.575000 0.240084 2.000000 0.604688 0.244259 2.000000 0.468750 0.359081 2.000000 0.000000 0.000000 0.000000 0.384375 0.421712 2.000000 0.000000 0.000000 0.000000 0.610938 0.494781 2.000000 0.650000 0.459290 2.000000 0.460938 0.521921 2.000000 0.000000 0.000000 0.000000 0.531250 0.695198 2.000000 0.000000 0.000000 0.000000
0 0.120523 0.254509 0.106203 0.394154 0.121875 0.089770 2.000000 0.121875 0.083507 2.000000 0.114062 0.083507 2.000000 0.000000 0.000000 0.000000 0.095312 0.091858 2.000000 0.137500 0.131524 2.000000 0.084375 0.131524 2.000000 0.167187 0.131524 2.000000 0.106250 0.164927 2.000000 0.157812 0.102296 2.000000 0.137500 0.123173 2.000000 0.137500 0.260960 2.000000 0.109375 0.260960 2.000000 0.135937 0.336117 2.000000 0.109375 0.338205 2.000000 0.128125 0.411273 2.000000 0.103125 0.415449 2.000000
0 0.216125 0.244948 0.082406 0.386514 0.000000 0.000000 0.000000 0.187500 0.075157 1.000000 0.000000 0.000000 0.000000 0.196875 0.079332 2.000000 0.000000 0.000000 0.000000 0.229687 0.121086 2.000000 0.195312 0.118998 2.000000 0.239063 0.175365 2.000000 0.179688 0.175365 2.000000 0.206250 0.158664 2.000000 0.178125 0.160752 2.000000 0.226562 0.248434 2.000000 0.193750 0.248434 2.000000 0.228125 0.329854 2.000000 0.196875 0.327766 2.000000 0.234375 0.411273 2.000000 0.196875 0.407098 2.000000
0 0.636469 0.157463 0.072500 0.205031 0.000000 0.000000 0.000000 0.000000 0.000000 0.000000 0.000000 0.000000 0.000000 0.612500 0.089770 2.000000 0.000000 0.000000 0.000000 0.615625 0.118998 2.000000 0.634375 0.116910 2.000000 0.621875 0.171190 2.000000 0.000000 0.000000 0.000000 0.612500 0.219207 1.000000 0.000000 0.000000 0.000000 0.637500 0.219207 2.000000 0.653125 0.215031 2.000000 0.625000 0.302714 1.000000 0.000000 0.000000 0.000000 0.660937 0.361169 1.000000 0.000000 0.000000 0.000000
0 0.798984 0.261451 0.080844 0.335762 0.000000 0.000000 0.000000 0.767188 0.127349 2.000000 0.000000 0.000000 0.000000 0.778125 0.127349 2.000000 0.000000 0.000000 0.000000 0.782813 0.164927 2.000000 0.800000 0.152401 2.000000 0.784375 0.219207 1.000000 0.000000 0.000000 0.000000 0.762500 0.252610 1.000000 0.000000 0.000000 0.000000 0.800000 0.248434 2.000000 0.818750 0.242171 2.000000 0.793750 0.321503 2.000000 0.804688 0.323591 2.000000 0.798438 0.402923 1.000000 0.848437 0.375783 1.000000
0 0.864516 0.267630 0.105156 0.347871 0.829688 0.133612 1.000000 0.832812 0.127349 2.000000 0.000000 0.000000 0.000000 0.846875 0.131524 2.000000 0.000000 0.000000 0.000000 0.851562 0.160752 2.000000 0.862500 0.160752 2.000000 0.854688 0.215031 2.000000 0.000000 0.000000 0.000000 0.828125 0.204593 2.000000 0.000000 0.000000 0.000000 0.864062 0.260960 2.000000 0.854688 0.263048 2.000000 0.867188 0.331942 2.000000 0.850000 0.346555 2.000000 0.920312 0.390397 1.000000 0.850000 0.413361 2.000000
0 0.944383 0.302244 0.089141 0.352797 0.909375 0.169102 2.000000 0.000000 0.000000 0.000000 0.000000 0.000000 0.000000 0.921875 0.167015 2.000000 0.000000 0.000000 0.000000 0.929688 0.202505 2.000000 0.954688 0.198330 2.000000 0.934375 0.258873 2.000000 0.000000 0.000000 0.000000 0.940625 0.321503 2.000000 0.000000 0.000000 0.000000 0.954688 0.298539 2.000000 0.978125 0.302714 2.000000 0.912500 0.361169 2.000000 0.987500 0.388309 1.000000 0.928125 0.457203 2.000000 0.000000 0.000000 0.000000
0 0.439063 0.144551 0.065438 0.162296 0.439063 0.081420 2.000000 0.440625 0.077244 2.000000 0.435937 0.079332 2.000000 0.000000 0.000000 0.000000 0.000000 0.000000 0.000000 0.435937 0.098121 2.000000 0.423438 0.108559 2.000000 0.446875 0.123173 2.000000 0.432812 0.127349 2.000000 0.462500 0.108559 2.000000 0.456250 0.110647 2.000000 0.450000 0.171190 2.000000 0.439063 0.179541 2.000000 0.000000 0.000000 0.000000 0.000000 0.000000 0.000000 0.000000 0.000000 0.000000 0.000000 0.000000 0.000000
0 0.739969 0.260303 0.086219 0.381524 0.710938 0.102296 2.000000 0.712500 0.098121 2.000000 0.000000 0.000000 0.000000 0.723437 0.102296 2.000000 0.000000 0.000000 0.000000 0.721875 0.139875 2.000000 0.754687 0.135699 2.000000 0.717187 0.198330 2.000000 0.000000 0.000000 0.000000 0.707812 0.246347 2.000000 0.000000 0.000000 0.000000 0.737500 0.248434 2.000000 0.762500 0.242171 2.000000 0.723437 0.331942 2.000000 0.746875 0.331942 2.000000 0.759375 0.394572 2.000000 0.753125 0.413361 2.000000
0 0.452125 0.274541 0.083969 0.175177 0.000000 0.000000 0.000000 0.000000 0.000000 0.000000 0.000000 0.000000 0.000000 0.000000 0.000000 0.000000 0.459375 0.221294 2.000000 0.445312 0.231733 2.000000 0.443750 0.235908 2.000000 0.465625 0.248434 2.000000 0.442188 0.271399 2.000000 0.475000 0.233820 2.000000 0.475000 0.286013 2.000000 0.451562 0.304802 2.000000 0.446875 0.319415 2.000000 0.000000 0.000000 0.000000 0.000000 0.000000 0.000000 0.000000 0.000000 0.000000 0.000000 0.000000 0.000000
