0 0.934078 0.281427 0.129937 0.224729 0.896875 0.277083 2.000000 0.896875 0.258333 2.000000 0.000000 0.000000 0.000000 0.928125 0.227083 2.000000 0.000000 0.000000 0.000000 0.000000 0.000000 0.000000 0.956250 0.252083 2.000000 0.000000 0.000000 0.000000 0.885938 0.337500 1.000000 0.000000 0.000000 0.000000 0.000000 0.000000 0.000000 0.000000 0.000000 0.000000 0.000000 0.000000 0.000000 0.000000 0.000000 0.000000 0.000000 0.000000 0.000000 0.000000 0.000000 0.000000 0.000000 0.000000 0.000000
0 0.522352 0.333198 0.100266 0.162354 0.520312 0.291667 2.000000 0.528125 0.281250 2.000000 0.514062 0.281250 2.000000 0.540625 0.289583 1.000000 0.000000 0.000000 0.000000 0.556250 0.329167 2.000000 0.490625 0.327083 2.000000 0.559375 0.395833 1.000000 0.482812 0.389583 2.000000 0.504687 0.387500 2.000000 0.535937 0.391667 2.000000 0.540625 0.445833 1.000000 0.500000 0.445833 1.000000 0.000000 0.000000 0.000000 0.000000 0.000000 0.000000 0.000000 0.000000 0.000000 0.000000 0.000000 0.000000
0 0.346414 0.507854 0.218609 0.369958 0.314063 0.408333 2.000000 0.321875 0.387500 2.000000 0.293750 0.393750 2.000000 0.000000 0.000000 0.000000 0.270313 0.408333 2.000000 0.314063 0.441667 2.000000 0.271875 0.487500 2.000000 0.364063 0.512500 2.000000 0.343750 0.583333 2.000000 0.398438 0.510417 2.000000 0.404687 0.537500 2.000000 0.329688 0.622917 2.000000 0.301563 0.672917 2.000000 0.000000 0.000000 0.000000 0.000000 0.000000 0.000000 0.000000 0.000000 0.000000 0.000000 0.000000 0.000000
0 0.208609 0.611240 0.235156 0.473271 0.212500 0.495833 2.000000 0.217188 0.475000 2.000000 0.195312 0.481250 2.000000 0.000000 0.000000 0.000000 0.150000 0.481250 2.000000 0.201563 0.539583 2.000000 0.121875 0.581250 2.000000 0.254688 0.697917 2.000000 0.132812 0.743750 1.000000 0.273438 0.637500 2.000000 0.209375 0.654167 2.000000 0.243750 0.733333 2.000000 0.187500 0.777083 2.000000 0.000000 0.000000 0.000000 0.000000 0.000000 0.000000 0.000000 0.000000 0.000000 0.000000 0.000000 0.000000
0 0.682648 0.396760 0.108047 0.281938 0.000000 0.000000 0.000000 0.667188 0.314583 2.000000 0.000000 0.000000 0.000000 0.679688 0.322917 2.000000 0.000000 0.000000 0.000000 0.717187 0.364583 2.000000 0.698438 0.358333 2.000000 0.648438 0.483333 2.000000 0.645312 0.425000 2.000000 0.000000 0.000000 0.000000 0.642188 0.439583 2.000000 0.701562 0.531250 1.000000 0.689063 0.502083 2.000000 0.000000 0.000000 0.000000 0.000000 0.000000 0.000000 0.000000 0.000000 0.000000 0.000000 0.000000 0.000000
0 0.768563 0.469156 0.184500 0.398396 0.768750 0.387500 2.000000 0.795312 0.366667 2.000000 0.764062 0.364583 2.000000 0.835938 0.381250 1.000000 0.000000 0.000000 0.000000 0.821875 0.495833 2.000000 0.768750 0.441667 2.000000 0.729688 0.631250 2.000000 0.709375 0.552083 2.000000 0.704688 0.595833 2.000000 0.693750 0.600000 2.000000 0.806250 0.752083 1.000000 0.781250 0.712500 1.000000 0.000000 0.000000 0.000000 0.000000 0.000000 0.000000 0.000000 0.000000 0.000000 0.000000 0.000000 0.000000
0 0.858992 0.641573 0.282016 0.694396 0.862500 0.418750 2.000000 0.884375 0.395833 2.000000 0.846875 0.404167 2.000000 0.951562 0.408333 2.000000 0.000000 0.000000 0.000000 0.948438 0.537500 2.000000 0.856250 0.554167 2.000000 0.893750 0.785417 2.000000 0.743750 0.704167 2.000000 0.814063 0.706250 2.000000 0.803125 0.668750 2.000000 0.948438 0.968750 2.000000 0.831250 0.887500 2.000000 0.000000 0.000000 0.000000 0.000000 0.000000 0.000000 0.000000 0.000000 0.000000 0.000000 0.000000 0.000000
0 0.645508 0.338760 0.080891 0.182021 0.662500 0.300000 2.000000 0.667188 0.287500 2.000000 0.651563 0.293750 2.000000 0.000000 0.000000 0.000000 0.645312 0.300000 2.000000 0.693750 0.350000 1.000000 0.656250 0.350000 2.000000 0.000000 0.000000 0.000000 0.621875 0.400000 2.000000 0.000000 0.000000 0.000000 0.632812 0.414583 2.000000 0.685937 0.472917 1.000000 0.660937 0.458333 1.000000 0.000000 0.000000 0.000000 0.000000 0.000000 0.000000 0.000000 0.000000 0.000000 0.000000 0.000000 0.000000
0 0.351352 0.382521 0.093922 0.238208 0.350000 0.322917 2.000000 0.356250 0.310417 2.000000 0.337500 0.306250 2.000000 0.000000 0.000000 0.000000 0.314063 0.314583 2.000000 0.340625 0.391667 2.000000 0.298438 0.412500 1.000000 0.385937 0.481250 2.000000 0.000000 0.000000 0.000000 0.000000 0.000000 0.000000 0.000000 0.000000 0.000000 0.371875 0.537500 1.000000 0.346875 0.562500 1.000000 0.000000 0.000000 0.000000 0.000000 0.000000 0.000000 0.000000 0.000000 0.000000 0.000000 0.000000 0.000000
0 0.401789 0.346604 0.107109 0.193667 0.401562 0.308333 2.000000 0.407813 0.300000 2.000000 0.392188 0.297917 2.000000 0.000000 0.000000 0.000000 0.371875 0.297917 2.000000 0.398438 0.343750 2.000000 0.365625 0.372917 2.000000 0.434375 0.416667 2.000000 0.421875 0.433333 2.000000 0.431250 0.368750 2.000000 0.439063 0.370833 2.000000 0.395313 0.475000 1.000000 0.378125 0.497917 1.000000 0.000000 0.000000 0.000000 0.000000 0.000000 0.000000 0.000000 0.000000 0.000000 0.000000 0.000000 0.000000
0 0.123875 0.654375 0.247750 0.667417 0.026562 0.445833 2.000000 0.035937 0.420833 2.000000 0.001563 0.422917 2.000000 0.000000 0.000000 0.000000 0.000000 0.000000 0.000000 0.075000 0.608333 2.000000 0.000000 0.000000 0.000000 0.142187 0.752083 2.000000 0.034375 0.958333 2.000000 0.210938 0.877083 2.000000 0.179688 0.966667 2.000000 0.160938 0.902083 2.000000 0.117188 0.952083 2.000000 0.000000 0.000000 0.000000 0.000000 0.000000 0.000000 0.000000 0.000000 0.000000 0.000000 0.000000 0.000000
