0 0.532940 0.614867 0.150320 0.475227 0.534000 0.416000 2.000000 0.544000 0.410667 2.000000 0.000000 0.000000 0.000000 0.566000 0.416000 2.000000 0.000000 0.000000 0.000000 0.584000 0.482667 2.000000 0.532000 0.466667 2.000000 0.588000 0.570667 2.000000 0.526000 0.530667 2.000000 0.546000 0.570667 2.000000 0.512000 0.549333 2.000000 0.570000 0.618667 2.000000 0.528000 0.600000 2.000000 0.554000 0.733333 2.000000 0.506000 0.720000 2.000000 0.566000 0.832000 1.000000 0.504000 0.818667 1.000000
0 0.775360 0.645067 0.126760 0.495787 0.804000 0.421333 1.000000 0.000000 0.000000 0.000000 0.796000 0.413333 2.000000 0.000000 0.000000 0.000000 0.772000 0.416000 2.000000 0.804000 0.469333 1.000000 0.756000 0.464000 2.000000 0.800000 0.538667 2.000000 0.738000 0.554667 2.000000 0.832000 0.546667 2.000000 0.748000 0.621333 2.000000 0.800000 0.610667 1.000000 0.774000 0.613333 2.000000 0.760000 0.741333 2.000000 0.768000 0.746667 2.000000 0.744000 0.821333 1.000000 0.776000 0.842667 2.000000
0 0.894830 0.435600 0.075500 0.224587 0.000000 0.000000 0.000000 0.000000 0.000000 0.000000 0.000000 0.000000 0.000000 0.882000 0.360000 2.000000 0.918000 0.365333 2.000000 0.866000 0.421333 2.000000 0.000000 0.000000 0.000000 0.876000 0.488000 2.000000 0.000000 0.000000 0.000000 0.872000 0.565333 1.000000 0.000000 0.000000 0.000000 0.000000 0.000000 0.000000 0.000000 0.000000 0.000000 0.000000 0.000000 0.000000 0.000000 0.000000 0.000000 0.000000 0.000000 0.000000 0.000000 0.000000 0.000000
0 0.916280 0.680307 0.167440 0.639387 0.928000 0.453333 2.000000 0.944000 0.437333 2.000000 0.922000 0.434667 2.000000 0.984000 0.453333 2.000000 0.000000 0.000000 0.000000 0.000000 0.000000 0.000000 0.900000 0.560000 1.000000 0.000000 0.000000 0.000000 0.000000 0.000000 0.000000 0.976000 0.728000 1.000000 0.872000 0.701333 2.000000 0.968000 0.885333 2.000000 0.880000 0.864000 2.000000 0.000000 0.000000 0.000000 0.000000 0.000000 0.000000 0.000000 0.000000 0.000000 0.000000 0.000000 0.000000
0 0.278150 0.544933 0.058460 0.251573 0.000000 0.000000 0.000000 0.000000 0.000000 0.000000 0.000000 0.000000 0.000000 0.000000 0.000000 0.000000 0.000000 0.000000 0.000000 0.250000 0.458667 1.000000 0.000000 0.000000 0.000000 0.256000 0.496000 2.000000 0.000000 0.000000 0.000000 0.238000 0.506667 1.000000 0.000000 0.000000 0.000000 0.290000 0.493333 2.000000 0.000000 0.000000 0.000000 0.274000 0.570667 2.000000 0.000000 0.000000 0.000000 0.284000 0.634667 2.000000 0.000000 0.000000 0.000000
0 0.248200 0.533453 0.086400 0.337520 0.218000 0.410667 2.000000 0.222000 0.402667 2.000000 0.214000 0.402667 2.000000 0.232000 0.402667 2.000000 0.000000 0.000000 0.000000 0.246000 0.424000 2.000000 0.208000 0.429333 1.000000 0.244000 0.477333 2.000000 0.000000 0.000000 0.000000 0.222000 0.466667 2.000000 0.000000 0.000000 0.000000 0.236000 0.520000 2.000000 0.214000 0.525333 1.000000 0.252000 0.618667 2.000000 0.000000 0.000000 0.000000 0.254000 0.682667 1.000000 0.000000 0.000000 0.000000
0 0.378340 0.479307 0.057960 0.237707 0.388000 0.386667 2.000000 0.390000 0.381333 2.000000 0.384000 0.384000 2.000000 0.000000 0.000000 0.000000 0.378000 0.386667 2.000000 0.392000 0.408000 2.000000 0.372000 0.408000 2.000000 0.404000 0.426667 1.000000 0.364000 0.448000 2.000000 0.400000 0.445333 2.000000 0.362000 0.477333 2.000000 0.392000 0.469333 2.000000 0.372000 0.469333 2.000000 0.394000 0.528000 2.000000 0.370000 0.520000 2.000000 0.394000 0.573333 2.000000 0.358000 0.573333 2.000000
0 0.485300 0.511853 0.094280 0.385680 0.464000 0.357333 2.000000 0.470000 0.352000 2.000000 0.000000 0.000000 0.000000 0.486000 0.352000 2.000000 0.000000 0.000000 0.000000 0.504000 0.400000 2.000000 0.486000 0.397333 2.000000 0.512000 0.466667 2.000000 0.000000 0.000000 0.000000 0.472000 0.474667 2.000000 0.000000 0.000000 0.000000 0.494000 0.514667 2.000000 0.480000 0.512000 2.000000 0.504000 0.608000 2.000000 0.488000 0.608000 2.000000 0.514000 0.680000 1.000000 0.486000 0.672000 2.000000
0 0.632990 0.649760 0.141460 0.697067 0.596000 0.370667 1.000000 0.604000 0.357333 2.000000 0.000000 0.000000 0.000000 0.632000 0.352000 2.000000 0.000000 0.000000 0.000000 0.664000 0.434667 2.000000 0.642000 0.437333 2.000000 0.686000 0.544000 2.000000 0.636000 0.536000 2.000000 0.604000 0.544000 2.000000 0.588000 0.546667 2.000000 0.654000 0.637333 2.000000 0.634000 0.632000 2.000000 0.634000 0.765333 2.000000 0.646000 0.757333 2.000000 0.650000 0.917333 2.000000 0.646000 0.869333 2.000000
0 0.831260 0.457853 0.065760 0.196667 0.836000 0.394667 2.000000 0.840000 0.386667 2.000000 0.830000 0.386667 2.000000 0.000000 0.000000 0.000000 0.810000 0.397333 2.000000 0.850000 0.450667 2.000000 0.788000 0.453333 1.000000 0.000000 0.000000 0.000000 0.000000 0.000000 0.000000 0.000000 0.000000 0.000000 0.000000 0.000000 0.000000 0.844000 0.576000 1.000000 0.806000 0.576000 1.000000 0.000000 0.000000 0.000000 0.000000 0.000000 0.000000 0.000000 0.000000 0.000000 0.000000 0.000000 0.000000
0 0.438950 0.502187 0.060340 0.299413 0.000000 0.000000 0.000000 0.000000 0.000000 0.000000 0.000000 0.000000 0.000000 0.426000 0.373333 2.000000 0.446000 0.373333 2.000000 0.424000 0.416000 2.000000 0.456000 0.413333 2.000000 0.420000 0.458667 2.000000 0.000000 0.000000 0.000000 0.412000 0.466667 2.000000 0.000000 0.000000 0.000000 0.430000 0.496000 2.000000 0.454000 0.485333 2.000000 0.430000 0.570667 2.000000 0.446000 0.562667 2.000000 0.440000 0.624000 2.000000 0.448000 0.621333 2.000000
