0 0.761540 0.456322 0.171040 0.301122 0.774000 0.361596 2.000000 0.788000 0.354115 2.000000 0.764000 0.351621 2.000000 0.802000 0.364090 2.000000 0.748000 0.364090 1.000000 0.822000 0.456359 2.000000 0.704000 0.438903 2.000000 0.832000 0.563591 2.000000 0.702000 0.573566 2.000000 0.748000 0.553616 1.000000 0.790000 0.576060 2.000000 0.802000 0.640898 1.000000 0.734000 0.638404 1.000000 0.808000 0.745636 1.000000 0.724000 0.743142 1.000000 0.000000 0.000000 0.000000 0.000000 0.000000 0.000000
0 0.923030 0.524177 0.153940 0.476933 0.926000 0.374065 2.000000 0.942000 0.359102 2.000000 0.918000 0.361596 2.000000 0.958000 0.361596 2.000000 0.906000 0.371571 2.000000 0.996000 0.431421 2.000000 0.878000 0.443890 2.000000 0.980000 0.543641 2.000000 0.862000 0.541147 2.000000 0.906000 0.563591 2.000000 0.958000 0.528678 2.000000 0.968000 0.650873 2.000000 0.902000 0.650873 2.000000 0.968000 0.827930 1.000000 0.898000 0.827930 1.000000 0.980000 0.942643 1.000000 0.910000 0.932668 1.000000
0 0.531070 0.776397 0.106660 0.278180 0.538000 0.720698 2.000000 0.550000 0.715711 2.000000 0.524000 0.705736 2.000000 0.000000 0.000000 0.000000 0.494000 0.720698 2.000000 0.554000 0.840399 2.000000 0.426000 0.783042 1.000000 0.534000 0.992519 1.000000 0.000000 0.000000 0.000000 0.000000 0.000000 0.000000 0.000000 0.000000 0.000000 0.000000 0.000000 0.000000 0.000000 0.000000 0.000000 0.000000 0.000000 0.000000 0.000000 0.000000 0.000000 0.000000 0.000000 0.000000 0.000000 0.000000 0.000000
0 0.402800 0.523254 0.733520 0.953491 0.228000 0.226933 2.000000 0.254000 0.192020 2.000000 0.200000 0.201995 2.000000 0.286000 0.179551 2.000000 0.176000 0.204489 2.000000 0.368000 0.266833 2.000000 0.176000 0.346633 2.000000 0.476000 0.344140 2.000000 0.190000 0.623441 2.000000 0.668000 0.411471 2.000000 0.246000 0.715711 2.000000 0.390000 0.650873 2.000000 0.254000 0.685786 2.000000 0.000000 0.000000 0.000000 0.070000 0.503741 2.000000 0.000000 0.000000 0.000000 0.302000 0.655860 2.000000
0 0.769330 0.706721 0.080580 0.121222 0.772000 0.708229 2.000000 0.786000 0.695761 2.000000 0.760000 0.693267 2.000000 0.802000 0.720698 1.000000 0.738000 0.718204 2.000000 0.842000 0.812968 1.000000 0.704000 0.812968 1.000000 0.000000 0.000000 0.000000 0.000000 0.000000 0.000000 0.000000 0.000000 0.000000 0.000000 0.000000 0.000000 0.000000 0.000000 0.000000 0.000000 0.000000 0.000000 0.000000 0.000000 0.000000 0.000000 0.000000 0.000000 0.000000 0.000000 0.000000 0.000000 0.000000 0.000000
0 0.967400 0.924401 0.065200 0.151197 0.990000 0.932668 2.000000 0.994000 0.920200 2.000000 0.970000 0.925187 2.000000 0.000000 0.000000 0.000000 0.940000 0.927681 1.000000 0.000000 0.000000 0.000000 0.000000 0.000000 0.000000 0.000000 0.000000 0.000000 0.000000 0.000000 0.000000 0.000000 0.000000 0.000000 0.000000 0.000000 0.000000 0.000000 0.000000 0.000000 0.000000 0.000000 0.000000 0.000000 0.000000 0.000000 0.000000 0.000000 0.000000 0.000000 0.000000 0.000000 0.000000 0.000000 0.000000
0 0.484900 0.531858 0.151000 0.287656 0.498000 0.379052 1.000000 0.506000 0.361596 1.000000 0.488000 0.361596 1.000000 0.000000 0.000000 0.000000 0.468000 0.364090 1.000000 0.530000 0.463840 2.000000 0.426000 0.456359 2.000000 0.544000 0.596010 2.000000 0.434000 0.581047 2.000000 0.460000 0.588529 2.000000 0.508000 0.566085 2.000000 0.522000 0.660848 1.000000 0.458000 0.670823 2.000000 0.000000 0.000000 0.000000 0.000000 0.000000 0.000000 0.000000 0.000000 0.000000 0.000000 0.000000 0.000000
0 0.620140 0.542756 0.157640 0.436883 0.626000 0.376559 2.000000 0.638000 0.361596 2.000000 0.612000 0.361596 2.000000 0.652000 0.379052 2.000000 0.588000 0.379052 1.000000 0.682000 0.468828 2.000000 0.560000 0.466334 2.000000 0.000000 0.000000 0.000000 0.000000 0.000000 0.000000 0.000000 0.000000 0.000000 0.000000 0.000000 0.000000 0.670000 0.655860 2.000000 0.588000 0.665835 1.000000 0.000000 0.000000 0.000000 0.000000 0.000000 0.000000 0.000000 0.000000 0.000000 0.000000 0.000000 0.000000
0 0.901180 0.930324 0.160680 0.139352 0.934000 0.930175 2.000000 0.940000 0.922693 2.000000 0.918000 0.920200 2.000000 0.000000 0.000000 0.000000 0.886000 0.932668 2.000000 0.000000 0.000000 0.000000 0.000000 0.000000 0.000000 0.000000 0.000000 0.000000 0.000000 0.000000 0.000000 0.000000 0.000000 0.000000 0.000000 0.000000 0.000000 0.000000 0.000000 0.000000 0.000000 0.000000 0.000000 0.000000 0.000000 0.000000 0.000000 0.000000 0.000000 0.000000 0.000000 0.000000 0.000000 0.000000 0.000000
0 0.753950 0.580137 0.124700 0.170698 0.752000 0.553616 2.000000 0.762000 0.543641 2.000000 0.740000 0.546135 2.000000 0.774000 0.551122 2.000000 0.724000 0.556110 2.000000 0.798000 0.615960 2.000000 0.704000 0.618454 2.000000 0.000000 0.000000 0.000000 0.708000 0.710723 1.000000 0.000000 0.000000 0.000000 0.000000 0.000000 0.000000 0.000000 0.000000 0.000000 0.000000 0.000000 0.000000 0.000000 0.000000 0.000000 0.000000 0.000000 0.000000 0.000000 0.000000 0.000000 0.000000 0.000000 0.000000
