0 0.166281 0.606423 0.131969 0.403243 0.175000 0.443069 2.000000 0.175000 0.433168 2.000000 0.167187 0.433168 2.000000 0.000000 0.000000 0.000000 0.151562 0.438119 2.000000 0.181250 0.490099 2.000000 0.137500 0.490099 2.000000 0.201563 0.527228 2.000000 0.123438 0.547030 2.000000 0.215625 0.554455 2.000000 0.107813 0.613861 2.000000 0.164062 0.606436 2.000000 0.140625 0.608911 2.000000 0.143750 0.690594 2.000000 0.160938 0.675743 2.000000 0.128125 0.754950 1.000000 0.181250 0.764851 2.000000
0 0.307672 0.551770 0.068844 0.118094 0.295312 0.522277 1.000000 0.298438 0.517327 2.000000 0.295312 0.517327 1.000000 0.309375 0.519802 2.000000 0.000000 0.000000 0.000000 0.328125 0.532178 2.000000 0.298438 0.534653 2.000000 0.318750 0.569307 2.000000 0.298438 0.566832 2.000000 0.304688 0.537129 2.000000 0.289062 0.566832 2.000000 0.323437 0.571782 2.000000 0.309375 0.574257 2.000000 0.315625 0.584158 2.000000 0.295312 0.586634 2.000000 0.000000 0.000000 0.000000 0.000000 0.000000 0.000000
0 0.399320 0.551163 0.077234 0.141436 0.396875 0.507426 2.000000 0.400000 0.502475 2.000000 0.396875 0.502475 2.000000 0.409375 0.502475 2.000000 0.000000 0.000000 0.000000 0.415625 0.527228 2.000000 0.400000 0.524752 2.000000 0.431250 0.551980 2.000000 0.390625 0.534653 2.000000 0.417187 0.564356 2.000000 0.370312 0.537129 2.000000 0.415625 0.574257 2.000000 0.401562 0.569307 2.000000 0.378125 0.571782 2.000000 0.000000 0.000000 0.000000 0.000000 0.000000 0.000000 0.000000 0.000000 0.000000
0 0.619188 0.634839 0.100719 0.438193 0.000000 0.000000 0.000000 0.000000 0.000000 0.000000 0.000000 0.000000 0.000000 0.604688 0.460396 2.000000 0.000000 0.000000 0.000000 0.600000 0.502475 2.000000 0.646875 0.500000 2.000000 0.587500 0.566832 2.000000 0.662500 0.561881 2.000000 0.000000 0.000000 0.000000 0.000000 0.000000 0.000000 0.607812 0.628713 2.000000 0.643750 0.633663 2.000000 0.601562 0.702970 2.000000 0.642188 0.715347 2.000000 0.598437 0.787129 2.000000 0.639062 0.806931 2.000000
0 0.720391 0.607215 0.093094 0.165569 0.712500 0.566832 2.000000 0.718750 0.564356 2.000000 0.712500 0.561881 2.000000 0.729688 0.566832 2.000000 0.000000 0.000000 0.000000 0.735938 0.589109 2.000000 0.703125 0.571782 2.000000 0.740625 0.638614 2.000000 0.692187 0.613861 2.000000 0.723437 0.668317 1.000000 0.707812 0.658416 2.000000 0.725000 0.648515 2.000000 0.703125 0.641089 2.000000 0.751563 0.668317 2.000000 0.679688 0.636139 2.000000 0.000000 0.000000 0.000000 0.000000 0.000000 0.000000
0 0.864273 0.609715 0.107953 0.212599 0.856250 0.542079 2.000000 0.859375 0.537129 2.000000 0.850000 0.537129 2.000000 0.867188 0.537129 2.000000 0.840625 0.539604 2.000000 0.878125 0.571782 2.000000 0.832812 0.574257 2.000000 0.895312 0.618812 2.000000 0.818750 0.616337 2.000000 0.865625 0.579208 2.000000 0.831250 0.626238 2.000000 0.873437 0.643564 2.000000 0.843750 0.641089 2.000000 0.910937 0.643564 2.000000 0.814063 0.636139 2.000000 0.892188 0.702970 2.000000 0.000000 0.000000 0.000000
0 0.972016 0.540545 0.055969 0.353614 0.981250 0.413366 2.000000 0.989062 0.405941 2.000000 0.976562 0.405941 2.000000 0.000000 0.000000 0.000000 0.970313 0.413366 1.000000 0.000000 0.000000 0.000000 0.967187 0.462871 2.000000 0.000000 0.000000 0.000000 0.951562 0.519802 2.000000 0.000000 0.000000 0.000000 0.956250 0.574257 2.000000 0.000000 0.000000 0.000000 0.984375 0.581683 2.000000 0.000000 0.000000 0.000000 0.989062 0.678218 2.000000 0.000000 0.000000 0.000000 0.000000 0.000000 0.000000
0 0.482508 0.555309 0.085203 0.171163 0.471875 0.502475 1.000000 0.476562 0.500000 2.000000 0.471875 0.497525 2.000000 0.489063 0.504950 2.000000 0.000000 0.000000 0.000000 0.501563 0.527228 2.000000 0.467187 0.524752 2.000000 0.510938 0.564356 2.000000 0.454688 0.566832 2.000000 0.492188 0.599010 2.000000 0.464062 0.599010 2.000000 0.490625 0.589109 2.000000 0.471875 0.589109 2.000000 0.510938 0.594059 2.000000 0.448437 0.596535 2.000000 0.000000 0.000000 0.000000 0.000000 0.000000 0.000000
0 0.359687 0.497698 0.050719 0.185792 0.368750 0.433168 2.000000 0.000000 0.000000 0.000000 0.367188 0.425743 2.000000 0.000000 0.000000 0.000000 0.360938 0.418317 2.000000 0.368750 0.435644 2.000000 0.351562 0.435644 2.000000 0.359375 0.465347 2.000000 0.342187 0.465347 1.000000 0.370312 0.470297 2.000000 0.353125 0.472772 1.000000 0.364063 0.502475 2.000000 0.346875 0.504950 1.000000 0.364063 0.564356 2.000000 0.348438 0.561881 2.000000 0.000000 0.000000 0.000000 0.000000 0.000000 0.000000
0 0.252117 0.583762 0.062234 0.314950 0.000000 0.000000 0.000000 0.000000 0.000000 0.000000 0.000000 0.000000 0.000000 0.000000 0.000000 0.000000 0.243750 0.435644 2.000000 0.234375 0.465347 2.000000 0.242188 0.467822 2.000000 0.000000 0.000000 0.000000 0.245312 0.527228 2.000000 0.000000 0.000000 0.000000 0.257812 0.574257 2.000000 0.232813 0.561881 2.000000 0.240625 0.566832 2.000000 0.234375 0.613861 2.000000 0.243750 0.636139 2.000000 0.240625 0.688119 2.000000 0.245312 0.698020 2.000000
