0 0.524664 0.545490 0.233516 0.511188 0.465625 0.343750 2.000000 0.471875 0.333333 2.000000 0.000000 0.000000 0.000000 0.000000 0.000000 0.000000 0.000000 0.000000 0.000000 0.470313 0.391667 2.000000 0.543750 0.377083 2.000000 0.000000 0.000000 0.000000 0.600000 0.350000 2.000000 0.000000 0.000000 0.000000 0.546875 0.339583 2.000000 0.506250 0.529167 2.000000 0.550000 0.525000 2.000000 0.462500 0.662500 2.000000 0.573438 0.637500 2.000000 0.443750 0.758333 2.000000 0.615625 0.725000 2.000000
0 0.735648 0.592344 0.201016 0.313063 0.670312 0.483333 2.000000 0.679688 0.472917 2.000000 0.000000 0.000000 0.000000 0.703125 0.477083 2.000000 0.000000 0.000000 0.000000 0.731250 0.518750 2.000000 0.714063 0.516667 2.000000 0.709375 0.585417 2.000000 0.696875 0.570833 2.000000 0.654687 0.616667 2.000000 0.660937 0.604167 2.000000 0.814063 0.612500 2.000000 0.793750 0.612500 2.000000 0.731250 0.610417 2.000000 0.728125 0.610417 2.000000 0.775000 0.725000 2.000000 0.768750 0.718750 2.000000
0 0.780867 0.266292 0.072547 0.082667 0.765625 0.250000 2.000000 0.771875 0.243750 2.000000 0.760938 0.243750 2.000000 0.784375 0.252083 2.000000 0.000000 0.000000 0.000000 0.804688 0.289583 2.000000 0.751563 0.289583 2.000000 0.000000 0.000000 0.000000 0.000000 0.000000 0.000000 0.000000 0.000000 0.000000 0.000000 0.000000 0.000000 0.000000 0.000000 0.000000 0.000000 0.000000 0.000000 0.000000 0.000000 0.000000 0.000000 0.000000 0.000000 0.000000 0.000000 0.000000 0.000000 0.000000 0.000000
0 0.245500 0.199573 0.065031 0.118021 0.231250 0.172917 2.000000 0.235937 0.168750 2.000000 0.228125 0.168750 2.000000 0.250000 0.177083 2.000000 0.000000 0.000000 0.000000 0.267188 0.206250 2.000000 0.214062 0.208333 1.000000 0.264062 0.237500 1.000000 0.210938 0.237500 1.000000 0.226562 0.239583 1.000000 0.239063 0.239583 2.000000 0.251563 0.270833 1.000000 0.220312 0.270833 1.000000 0.000000 0.000000 0.000000 0.000000 0.000000 0.000000 0.000000 0.000000 0.000000 0.000000 0.000000 0.000000
0 0.325297 0.165083 0.058094 0.105958 0.303125 0.145833 1.000000 0.309375 0.141667 2.000000 0.000000 0.000000 0.000000 0.328125 0.143750 2.000000 0.000000 0.000000 0.000000 0.351562 0.183333 2.000000 0.293750 0.177083 1.000000 0.000000 0.000000 0.000000 0.000000 0.000000 0.000000 0.000000 0.000000 0.000000 0.000000 0.000000 0.000000 0.000000 0.000000 0.000000 0.000000 0.000000 0.000000 0.000000 0.000000 0.000000 0.000000 0.000000 0.000000 0.000000 0.000000 0.000000 0.000000 0.000000 0.000000
0 0.356898 0.125969 0.070734 0.106729 0.335938 0.118750 2.000000 0.339062 0.108333 2.000000 0.331250 0.108333 2.000000 0.354687 0.100000 2.000000 0.000000 0.000000 0.000000 0.378125 0.118750 2.000000 0.320312 0.120833 1.000000 0.382812 0.168750 2.000000 0.315625 0.177083 1.000000 0.364063 0.202083 1.000000 0.000000 0.000000 0.000000 0.000000 0.000000 0.000000 0.000000 0.000000 0.000000 0.000000 0.000000 0.000000 0.000000 0.000000 0.000000 0.000000 0.000000 0.000000 0.000000 0.000000 0.000000
0 0.430344 0.214698 0.077594 0.172854 0.418750 0.166667 2.000000 0.425000 0.160417 2.000000 0.415625 0.160417 2.000000 0.439063 0.162500 2.000000 0.000000 0.000000 0.000000 0.446875 0.195833 2.000000 0.398438 0.200000 2.000000 0.454688 0.247917 2.000000 0.000000 0.000000 0.000000 0.428125 0.256250 2.000000 0.000000 0.000000 0.000000 0.434375 0.277083 1.000000 0.401562 0.279167 1.000000 0.000000 0.000000 0.000000 0.000000 0.000000 0.000000 0.000000 0.000000 0.000000 0.000000 0.000000 0.000000
0 0.373125 0.239583 0.066750 0.152583 0.365625 0.195833 2.000000 0.371875 0.191667 2.000000 0.359375 0.189583 2.000000 0.381250 0.193750 1.000000 0.351562 0.191667 1.000000 0.392188 0.231250 2.000000 0.339062 0.227083 1.000000 0.390625 0.297917 2.000000 0.000000 0.000000 0.000000 0.376563 0.245833 2.000000 0.000000 0.000000 0.000000 0.000000 0.000000 0.000000 0.000000 0.000000 0.000000 0.000000 0.000000 0.000000 0.000000 0.000000 0.000000 0.000000 0.000000 0.000000 0.000000 0.000000 0.000000
0 0.277391 0.238115 0.071688 0.161812 0.281250 0.197917 2.000000 0.287500 0.189583 2.000000 0.278125 0.189583 2.000000 0.303125 0.197917 2.000000 0.000000 0.000000 0.000000 0.307812 0.227083 2.000000 0.268750 0.222917 2.000000 0.000000 0.000000 0.000000 0.000000 0.000000 0.000000 0.295312 0.256250 2.000000 0.000000 0.000000 0.000000 0.306250 0.320833 1.000000 0.278125 0.320833 1.000000 0.000000 0.000000 0.000000 0.000000 0.000000 0.000000 0.000000 0.000000 0.000000 0.000000 0.000000 0.000000
0 0.846992 0.094021 0.100828 0.141750 0.832812 0.056250 2.000000 0.834375 0.050000 2.000000 0.829688 0.050000 2.000000 0.851562 0.052083 2.000000 0.000000 0.000000 0.000000 0.878125 0.089583 1.000000 0.809375 0.093750 2.000000 0.890625 0.129167 1.000000 0.803125 0.139583 2.000000 0.000000 0.000000 0.000000 0.823438 0.164583 1.000000 0.868750 0.162500 1.000000 0.825000 0.166667 1.000000 0.000000 0.000000 0.000000 0.000000 0.000000 0.000000 0.000000 0.000000 0.000000 0.000000 0.000000 0.000000
0 0.883141 0.249438 0.101125 0.103375 0.889062 0.237500 2.000000 0.893750 0.231250 2.000000 0.885938 0.231250 2.000000 0.000000 0.000000 0.000000 0.871875 0.229167 2.000000 0.912500 0.266667 2.000000 0.846875 0.268750 2.000000 0.000000 0.000000 0.000000 0.000000 0.000000 0.000000 0.000000 0.000000 0.000000 0.000000 0.000000 0.000000 0.000000 0.000000 0.000000 0.000000 0.000000 0.000000 0.000000 0.000000 0.000000 0.000000 0.000000 0.000000 0.000000 0.000000 0.000000 0.000000 0.000000 0.000000
0 0.125156 0.270875 0.073844 0.108167 0.120313 0.247917 2.000000 0.126562 0.243750 2.000000 0.117188 0.245833 2.000000 0.137500 0.250000 2.000000 0.000000 0.000000 0.000000 0.154688 0.283333 2.000000 0.101562 0.287500 2.000000 0.000000 0.000000 0.000000 0.000000 0.000000 0.000000 0.000000 0.000000 0.000000 0.000000 0.000000 0.000000 0.000000 0.000000 0.000000 0.000000 0.000000 0.000000 0.000000 0.000000 0.000000 0.000000 0.000000 0.000000 0.000000 0.000000 0.000000 0.000000 0.000000 0.000000
