0 0.661711 0.635917 0.274109 0.522417 0.543750 0.435417 2.000000 0.543750 0.427083 2.000000 0.000000 0.000000 0.000000 0.560937 0.422917 2.000000 0.000000 0.000000 0.000000 0.593750 0.454167 2.000000 0.578125 0.466667 2.000000 0.654687 0.489583 2.000000 0.596875 0.550000 2.000000 0.678125 0.568750 2.000000 0.534375 0.554167 1.000000 0.650000 0.595833 2.000000 0.676562 0.595833 2.000000 0.585938 0.704167 1.000000 0.690625 0.716667 2.000000 0.000000 0.000000 0.000000 0.762500 0.804167 2.000000
0 0.570672 0.744865 0.242094 0.510271 0.476562 0.581250 2.000000 0.487500 0.556250 2.000000 0.467187 0.560417 2.000000 0.525000 0.560417 2.000000 0.000000 0.000000 0.000000 0.565625 0.589583 2.000000 0.493750 0.662500 2.000000 0.575000 0.685417 2.000000 0.526563 0.783333 2.000000 0.509375 0.675000 2.000000 0.492188 0.720833 2.000000 0.635938 0.870833 2.000000 0.565625 0.885417 2.000000 0.000000 0.000000 0.000000 0.000000 0.000000 0.000000 0.000000 0.000000 0.000000 0.000000 0.000000 0.000000
0 0.476578 0.139271 0.082156 0.152583 0.464062 0.102083 2.000000 0.468750 0.095833 2.000000 0.459375 0.095833 2.000000 0.485938 0.095833 2.000000 0.000000 0.000000 0.000000 0.500000 0.125000 2.000000 0.456250 0.127083 2.000000 0.503125 0.181250 1.000000 0.450000 0.185417 2.000000 0.471875 0.206250 2.000000 0.468750 0.208333 2.000000 0.518750 0.202083 1.000000 0.485938 0.202083 2.000000 0.489063 0.206250 1.000000 0.442188 0.210417 2.000000 0.000000 0.000000 0.000000 0.000000 0.000000 0.000000
0 0.192156 0.177333 0.078656 0.095667 0.176563 0.183333 2.000000 0.184375 0.175000 2.000000 0.171875 0.177083 1.000000 0.196875 0.179167 2.000000 0.000000 0.000000 0.000000 0.209375 0.206250 2.000000 0.170313 0.206250 2.000000 0.170313 0.212500 2.000000 0.150000 0.216667 1.000000 0.134375 0.212500 1.000000 0.125000 0.214583 1.000000 0.000000 0.000000 0.000000 0.000000 0.000000 0.000000 0.000000 0.000000 0.000000 0.000000 0.000000 0.000000 0.000000 0.000000 0.000000 0.000000 0.000000 0.000000
0 0.341914 0.092937 0.136641 0.163000 0.343750 0.041667 2.000000 0.350000 0.035417 2.000000 0.340625 0.035417 2.000000 0.357812 0.037500 2.000000 0.335938 0.039583 2.000000 0.365625 0.075000 2.000000 0.320312 0.066667 2.000000 0.403125 0.081250 2.000000 0.307812 0.097917 2.000000 0.392188 0.087500 2.000000 0.301563 0.104167 2.000000 0.337500 0.152083 2.000000 0.306250 0.139583 2.000000 0.329688 0.143750 2.000000 0.321875 0.106250 2.000000 0.331250 0.162500 2.000000 0.271875 0.154167 1.000000
0 0.335875 0.179156 0.145969 0.103563 0.350000 0.160417 2.000000 0.354687 0.154167 2.000000 0.345313 0.154167 2.000000 0.367188 0.156250 2.000000 0.339062 0.158333 2.000000 0.375000 0.187500 2.000000 0.335938 0.187500 2.000000 0.351562 0.208333 2.000000 0.304688 0.200000 2.000000 0.298438 0.208333 2.000000 0.285938 0.208333 2.000000 0.389062 0.260417 1.000000 0.356250 0.260417 1.000000 0.000000 0.000000 0.000000 0.000000 0.000000 0.000000 0.000000 0.000000 0.000000 0.000000 0.000000 0.000000
0 0.844953 0.112302 0.093906 0.183271 0.803125 0.052083 2.000000 0.807813 0.043750 2.000000 0.801562 0.043750 1.000000 0.821875 0.043750 2.000000 0.000000 0.000000 0.000000 0.857812 0.085417 2.000000 0.787500 0.106250 1.000000 0.884375 0.139583 2.000000 0.000000 0.000000 0.000000 0.864062 0.143750 2.000000 0.000000 0.000000 0.000000 0.859375 0.191667 2.000000 0.815625 0.204167 1.000000 0.000000 0.000000 0.000000 0.000000 0.000000 0.000000 0.000000 0.000000 0.000000 0.000000 0.000000 0.000000
0 0.581102 0.166219 0.073578 0.091813 0.568750 0.156250 2.000000 0.576562 0.147917 2.000000 0.562500 0.147917 2.000000 0.587500 0.158333 2.000000 0.000000 0.000000 0.000000 0.607812 0.206250 2.000000 0.550000 0.204167 2.000000 0.000000 0.000000 0.000000 0.000000 0.000000 0.000000 0.000000 0.000000 0.000000 0.000000 0.000000 0.000000 0.000000 0.000000 0.000000 0.000000 0.000000 0.000000 0.000000 0.000000 0.000000 0.000000 0.000000 0.000000 0.000000 0.000000 0.000000 0.000000 0.000000 0.000000
0 0.638414 0.112906 0.095078 0.190146 0.639062 0.066667 2.000000 0.643750 0.060417 2.000000 0.634375 0.060417 2.000000 0.657813 0.058333 2.000000 0.000000 0.000000 0.000000 0.667188 0.095833 2.000000 0.623437 0.100000 2.000000 0.639062 0.156250 2.000000 0.596875 0.141667 2.000000 0.610938 0.150000 2.000000 0.631250 0.141667 2.000000 0.621875 0.193750 2.000000 0.601562 0.193750 1.000000 0.610938 0.208333 1.000000 0.000000 0.000000 0.000000 0.000000 0.000000 0.000000 0.000000 0.000000 0.000000
0 0.043586 0.187417 0.087172 0.086125 0.031250 0.183333 2.000000 0.037500 0.177083 2.000000 0.025000 0.177083 2.000000 0.046875 0.181250 2.000000 0.000000 0.000000 0.000000 0.053125 0.202083 2.000000 0.007812 0.206250 2.000000 0.034375 0.220833 2.000000 0.000000 0.000000 0.000000 0.018750 0.212500 2.000000 0.004687 0.218750 2.000000 0.000000 0.000000 0.000000 0.000000 0.000000 0.000000 0.000000 0.000000 0.000000 0.000000 0.000000 0.000000 0.000000 0.000000 0.000000 0.000000 0.000000 0.000000
0 0.531445 0.161250 0.076047 0.089042 0.525000 0.152083 2.000000 0.531250 0.145833 2.000000 0.520312 0.145833 2.000000 0.545312 0.152083 2.000000 0.514062 0.152083 1.000000 0.557813 0.200000 1.000000 0.512500 0.200000 2.000000 0.000000 0.000000 0.000000 0.000000 0.000000 0.000000 0.000000 0.000000 0.000000 0.495312 0.202083 2.000000 0.000000 0.000000 0.000000 0.000000 0.000000 0.000000 0.000000 0.000000 0.000000 0.000000 0.000000 0.000000 0.000000 0.000000 0.000000 0.000000 0.000000 0.000000
