0 0.600330 0.527464 0.144980 0.779324 0.656000 0.241546 2.000000 0.000000 0.000000 0.000000 0.648000 0.227053 2.000000 0.000000 0.000000 0.000000 0.618000 0.214976 2.000000 0.570000 0.287440 2.000000 0.586000 0.299517 2.000000 0.000000 0.000000 0.000000 0.590000 0.429952 2.000000 0.000000 0.000000 0.000000 0.620000 0.562802 2.000000 0.570000 0.562802 2.000000 0.596000 0.570048 2.000000 0.568000 0.705314 2.000000 0.590000 0.722222 2.000000 0.556000 0.830918 2.000000 0.580000 0.874396 2.000000
0 0.805670 0.625845 0.249340 0.725845 0.000000 0.000000 0.000000 0.000000 0.000000 0.000000 0.000000 0.000000 0.000000 0.000000 0.000000 0.000000 0.000000 0.000000 0.000000 0.786000 0.345411 2.000000 0.882000 0.374396 2.000000 0.780000 0.444444 2.000000 0.000000 0.000000 0.000000 0.746000 0.514493 1.000000 0.000000 0.000000 0.000000 0.842000 0.635266 2.000000 0.900000 0.620773 2.000000 0.786000 0.801932 2.000000 0.836000 0.792271 2.000000 0.738000 0.992754 1.000000 0.828000 0.963768 2.000000
0 0.820470 0.281437 0.178700 0.260652 0.812000 0.253623 2.000000 0.816000 0.241546 2.000000 0.802000 0.241546 2.000000 0.840000 0.214976 2.000000 0.786000 0.222222 2.000000 0.876000 0.275362 2.000000 0.760000 0.304348 2.000000 0.892000 0.352657 2.000000 0.742000 0.369565 2.000000 0.874000 0.405797 1.000000 0.758000 0.420290 1.000000 0.000000 0.000000 0.000000 0.000000 0.000000 0.000000 0.000000 0.000000 0.000000 0.000000 0.000000 0.000000 0.000000 0.000000 0.000000 0.000000 0.000000 0.000000
0 0.405890 0.339915 0.085860 0.356063 0.392000 0.198068 1.000000 0.396000 0.190821 2.000000 0.000000 0.000000 0.000000 0.410000 0.195652 2.000000 0.000000 0.000000 0.000000 0.402000 0.236715 2.000000 0.428000 0.234300 2.000000 0.388000 0.285024 2.000000 0.000000 0.000000 0.000000 0.374000 0.314010 2.000000 0.000000 0.000000 0.000000 0.390000 0.328502 2.000000 0.424000 0.326087 2.000000 0.396000 0.415459 2.000000 0.418000 0.410628 2.000000 0.392000 0.500000 2.000000 0.426000 0.490338 2.000000
0 0.485160 0.333056 0.069800 0.385000 0.476000 0.173913 2.000000 0.482000 0.169082 2.000000 0.474000 0.166667 1.000000 0.498000 0.173913 2.000000 0.000000 0.000000 0.000000 0.492000 0.212560 2.000000 0.000000 0.000000 0.000000 0.480000 0.268116 2.000000 0.000000 0.000000 0.000000 0.448000 0.287440 1.000000 0.000000 0.000000 0.000000 0.480000 0.347826 2.000000 0.000000 0.000000 0.000000 0.478000 0.417874 1.000000 0.000000 0.000000 0.000000 0.476000 0.500000 1.000000 0.000000 0.000000 0.000000
0 0.312370 0.315543 0.101660 0.340217 0.320000 0.176329 2.000000 0.000000 0.000000 0.000000 0.316000 0.169082 2.000000 0.000000 0.000000 0.000000 0.304000 0.173913 2.000000 0.280000 0.210145 2.000000 0.318000 0.205314 2.000000 0.268000 0.268116 2.000000 0.326000 0.253623 2.000000 0.296000 0.282609 2.000000 0.344000 0.297101 2.000000 0.288000 0.287440 2.000000 0.318000 0.289855 2.000000 0.296000 0.381643 2.000000 0.338000 0.384058 2.000000 0.308000 0.466184 2.000000 0.336000 0.471014 2.000000
0 0.220350 0.309130 0.073180 0.315169 0.224000 0.181159 2.000000 0.224000 0.171498 2.000000 0.216000 0.173913 2.000000 0.000000 0.000000 0.000000 0.208000 0.173913 2.000000 0.218000 0.207729 2.000000 0.202000 0.207729 2.000000 0.000000 0.000000 0.000000 0.204000 0.272947 2.000000 0.000000 0.000000 0.000000 0.236000 0.265700 2.000000 0.224000 0.304348 2.000000 0.214000 0.301932 2.000000 0.214000 0.367150 2.000000 0.218000 0.369565 2.000000 0.208000 0.439614 2.000000 0.214000 0.449275 2.000000
0 0.099100 0.312500 0.098160 0.387029 0.118000 0.149758 2.000000 0.118000 0.142512 2.000000 0.110000 0.140097 2.000000 0.000000 0.000000 0.000000 0.092000 0.144928 2.000000 0.070000 0.181159 2.000000 0.096000 0.176329 2.000000 0.000000 0.000000 0.000000 0.102000 0.241546 2.000000 0.000000 0.000000 0.000000 0.122000 0.289855 2.000000 0.070000 0.309179 2.000000 0.086000 0.311594 2.000000 0.086000 0.398551 2.000000 0.122000 0.408213 1.000000 0.092000 0.487923 2.000000 0.146000 0.473430 1.000000
0 0.954000 0.369662 0.092000 0.429227 0.000000 0.000000 0.000000 0.000000 0.000000 0.000000 0.000000 0.000000 0.000000 0.936000 0.195652 2.000000 0.000000 0.000000 0.000000 0.948000 0.239130 2.000000 0.990000 0.231884 2.000000 0.926000 0.314010 1.000000 0.000000 0.000000 0.000000 0.888000 0.355072 1.000000 0.000000 0.000000 0.000000 0.936000 0.386473 2.000000 0.968000 0.379227 2.000000 0.926000 0.471014 2.000000 0.958000 0.463768 2.000000 0.926000 0.550725 1.000000 0.948000 0.543478 2.000000
0 0.742960 0.266860 0.075520 0.201159 0.736000 0.202899 2.000000 0.740000 0.198068 2.000000 0.734000 0.198068 2.000000 0.750000 0.190821 2.000000 0.000000 0.000000 0.000000 0.764000 0.222222 2.000000 0.728000 0.217391 2.000000 0.772000 0.258454 2.000000 0.712000 0.251208 2.000000 0.742000 0.258454 2.000000 0.708000 0.282609 2.000000 0.750000 0.301932 2.000000 0.716000 0.294686 2.000000 0.000000 0.000000 0.000000 0.000000 0.000000 0.000000 0.000000 0.000000 0.000000 0.000000 0.000000 0.000000
0 0.518120 0.419481 0.116440 0.474662 0.554000 0.243961 2.000000 0.560000 0.234300 2.000000 0.548000 0.231884 2.000000 0.000000 0.000000 0.000000 0.528000 0.227053 2.000000 0.000000 0.000000 0.000000 0.522000 0.272947 2.000000 0.000000 0.000000 0.000000 0.550000 0.330918 1.000000 0.000000 0.000000 0.000000 0.000000 0.000000 0.000000 0.000000 0.000000 0.000000 0.524000 0.425121 2.000000 0.000000 0.000000 0.000000 0.522000 0.541063 2.000000 0.000000 0.000000 0.000000 0.522000 0.625604 2.000000
