0 0.111289 0.507798 0.121109 0.444258 0.115625 0.360097 2.000000 0.121875 0.352798 2.000000 0.104688 0.352798 2.000000 0.000000 0.000000 0.000000 0.085938 0.355231 2.000000 0.151562 0.430657 2.000000 0.062500 0.447689 2.000000 0.159375 0.535280 2.000000 0.073438 0.549878 2.000000 0.129688 0.603406 2.000000 0.114062 0.630170 2.000000 0.140625 0.627737 2.000000 0.087500 0.637470 2.000000 0.000000 0.000000 0.000000 0.000000 0.000000 0.000000 0.000000 0.000000 0.000000 0.000000 0.000000 0.000000
0 0.157016 0.351083 0.056813 0.132433 0.176563 0.340633 2.000000 0.000000 0.000000 0.000000 0.170313 0.333333 2.000000 0.000000 0.000000 0.000000 0.148438 0.338200 2.000000 0.185938 0.389294 1.000000 0.137500 0.406326 1.000000 0.000000 0.000000 0.000000 0.000000 0.000000 0.000000 0.000000 0.000000 0.000000 0.000000 0.000000 0.000000 0.000000 0.000000 0.000000 0.000000 0.000000 0.000000 0.000000 0.000000 0.000000 0.000000 0.000000 0.000000 0.000000 0.000000 0.000000 0.000000 0.000000 0.000000
0 0.408875 0.512737 0.132219 0.419294 0.410938 0.377129 2.000000 0.418750 0.362530 2.000000 0.403125 0.362530 2.000000 0.000000 0.000000 0.000000 0.387500 0.372263 2.000000 0.439063 0.445255 2.000000 0.370312 0.447689 2.000000 0.457813 0.564477 2.000000 0.351562 0.562044 2.000000 0.465625 0.654501 2.000000 0.357812 0.666667 2.000000 0.432812 0.605839 2.000000 0.393750 0.603406 2.000000 0.445312 0.729927 1.000000 0.395313 0.737226 1.000000 0.000000 0.000000 0.000000 0.000000 0.000000 0.000000
0 0.315398 0.441788 0.065891 0.296131 0.314063 0.347932 2.000000 0.320312 0.335766 2.000000 0.310937 0.335766 2.000000 0.339062 0.338200 2.000000 0.000000 0.000000 0.000000 0.364063 0.396594 1.000000 0.298438 0.399027 2.000000 0.000000 0.000000 0.000000 0.292187 0.503650 1.000000 0.000000 0.000000 0.000000 0.318750 0.566910 1.000000 0.000000 0.000000 0.000000 0.328125 0.557178 2.000000 0.000000 0.000000 0.000000 0.331250 0.703163 1.000000 0.000000 0.000000 0.000000 0.000000 0.000000 0.000000
0 0.370125 0.392847 0.084187 0.250754 0.000000 0.000000 0.000000 0.000000 0.000000 0.000000 0.000000 0.000000 0.000000 0.000000 0.000000 0.000000 0.373437 0.333333 2.000000 0.421875 0.389294 1.000000 0.348438 0.394161 2.000000 0.000000 0.000000 0.000000 0.343750 0.479319 2.000000 0.000000 0.000000 0.000000 0.000000 0.000000 0.000000 0.000000 0.000000 0.000000 0.000000 0.000000 0.000000 0.000000 0.000000 0.000000 0.000000 0.000000 0.000000 0.000000 0.000000 0.000000 0.000000 0.000000 0.000000
0 0.442750 0.378637 0.050562 0.176837 0.443750 0.343066 2.000000 0.446875 0.335766 2.000000 0.435937 0.335766 2.000000 0.000000 0.000000 0.000000 0.000000 0.000000 0.000000 0.460938 0.381995 2.000000 0.418750 0.384428 1.000000 0.000000 0.000000 0.000000 0.000000 0.000000 0.000000 0.000000 0.000000 0.000000 0.000000 0.000000 0.000000 0.000000 0.000000 0.000000 0.000000 0.000000 0.000000 0.000000 0.000000 0.000000 0.000000 0.000000 0.000000 0.000000 0.000000 0.000000 0.000000 0.000000 0.000000
0 0.575078 0.474161 0.142875 0.426959 0.581250 0.318735 2.000000 0.584375 0.304136 2.000000 0.570312 0.306569 2.000000 0.000000 0.000000 0.000000 0.551562 0.311436 2.000000 0.620313 0.403893 2.000000 0.526563 0.411192 2.000000 0.632812 0.503650 2.000000 0.518750 0.518248 2.000000 0.632812 0.603406 2.000000 0.525000 0.608273 2.000000 0.620313 0.632603 2.000000 0.548438 0.637470 2.000000 0.000000 0.000000 0.000000 0.000000 0.000000 0.000000 0.000000 0.000000 0.000000 0.000000 0.000000 0.000000
0 0.673875 0.446715 0.138719 0.450414 0.660937 0.272506 2.000000 0.667188 0.265207 2.000000 0.651563 0.265207 2.000000 0.675000 0.272506 1.000000 0.637500 0.284672 2.000000 0.709375 0.347932 2.000000 0.618750 0.360097 2.000000 0.728125 0.462287 2.000000 0.000000 0.000000 0.000000 0.725000 0.559611 2.000000 0.000000 0.000000 0.000000 0.695312 0.576642 2.000000 0.654687 0.579075 1.000000 0.000000 0.000000 0.000000 0.000000 0.000000 0.000000 0.000000 0.000000 0.000000 0.000000 0.000000 0.000000
0 0.259766 0.557299 0.112563 0.471922 0.264062 0.386861 2.000000 0.270313 0.374696 2.000000 0.254688 0.374696 2.000000 0.000000 0.000000 0.000000 0.235937 0.374696 1.000000 0.306250 0.450122 1.000000 0.209375 0.450122 1.000000 0.315625 0.542579 1.000000 0.215625 0.542579 2.000000 0.281250 0.608273 2.000000 0.257812 0.620438 2.000000 0.289062 0.622871 2.000000 0.232813 0.622871 2.000000 0.284375 0.729927 1.000000 0.235937 0.734793 2.000000 0.000000 0.000000 0.000000 0.000000 0.000000 0.000000
0 0.786594 0.444964 0.074406 0.427153 0.792188 0.265207 2.000000 0.796875 0.260341 2.000000 0.787500 0.260341 2.000000 0.000000 0.000000 0.000000 0.775000 0.267640 2.000000 0.815625 0.328467 1.000000 0.757812 0.335766 2.000000 0.000000 0.000000 0.000000 0.759375 0.403893 2.000000 0.000000 0.000000 0.000000 0.762500 0.459854 1.000000 0.815625 0.452555 2.000000 0.781250 0.457421 2.000000 0.815625 0.549878 2.000000 0.787500 0.554745 2.000000 0.817187 0.649635 1.000000 0.792188 0.652068 2.000000
0 0.507273 0.458844 0.084922 0.448345 0.542188 0.299270 1.000000 0.000000 0.000000 0.000000 0.535937 0.289538 2.000000 0.000000 0.000000 0.000000 0.512500 0.294404 2.000000 0.554688 0.369830 1.000000 0.482812 0.381995 2.000000 0.000000 0.000000 0.000000 0.481250 0.489051 2.000000 0.000000 0.000000 0.000000 0.523438 0.547445 1.000000 0.553125 0.574209 1.000000 0.501563 0.579075 2.000000 0.000000 0.000000 0.000000 0.509375 0.725061 1.000000 0.000000 0.000000 0.000000 0.000000 0.000000 0.000000
