0 0.459570 0.487351 0.067172 0.187208 0.470313 0.429594 2.000000 0.473438 0.424821 2.000000 0.467187 0.424821 2.000000 0.000000 0.000000 0.000000 0.462500 0.424821 2.000000 0.482812 0.436754 2.000000 0.457813 0.441527 2.000000 0.482812 0.455847 2.000000 0.432812 0.446301 2.000000 0.457813 0.448687 2.000000 0.460938 0.448687 2.000000 0.479687 0.508353 2.000000 0.459375 0.501193 2.000000 0.476562 0.577566 2.000000 0.437500 0.522673 2.000000 0.000000 0.000000 0.000000 0.456250 0.556086 2.000000
0 0.514508 0.494582 0.060984 0.188210 0.520312 0.427208 2.000000 0.525000 0.422434 2.000000 0.517188 0.422434 2.000000 0.000000 0.000000 0.000000 0.510938 0.427208 2.000000 0.531250 0.434368 2.000000 0.498437 0.439141 2.000000 0.540625 0.470167 2.000000 0.485938 0.467780 2.000000 0.528125 0.489260 2.000000 0.506250 0.489260 2.000000 0.523438 0.491647 2.000000 0.507812 0.494033 2.000000 0.526563 0.572792 2.000000 0.500000 0.527446 2.000000 0.000000 0.000000 0.000000 0.507812 0.558473 2.000000
0 0.584922 0.475967 0.066062 0.218043 0.578125 0.389021 2.000000 0.582812 0.381862 2.000000 0.575000 0.381862 2.000000 0.587500 0.386635 2.000000 0.570312 0.389021 1.000000 0.593750 0.417661 2.000000 0.565625 0.427208 2.000000 0.612500 0.439141 2.000000 0.000000 0.000000 0.000000 0.604688 0.460621 2.000000 0.000000 0.000000 0.000000 0.593750 0.484487 2.000000 0.576562 0.486874 1.000000 0.596875 0.553699 1.000000 0.579688 0.551313 1.000000 0.000000 0.000000 0.000000 0.000000 0.000000 0.000000
0 0.745461 0.496993 0.053453 0.197041 0.751563 0.431981 2.000000 0.753125 0.422434 2.000000 0.746875 0.424821 2.000000 0.000000 0.000000 0.000000 0.740625 0.424821 2.000000 0.759375 0.441527 2.000000 0.737500 0.434368 2.000000 0.754687 0.484487 2.000000 0.726562 0.484487 1.000000 0.737500 0.463007 2.000000 0.746875 0.474940 2.000000 0.757812 0.501193 2.000000 0.742188 0.496420 2.000000 0.756250 0.546539 2.000000 0.726562 0.520286 2.000000 0.762500 0.587112 2.000000 0.740625 0.570406 2.000000
0 0.801891 0.487136 0.059844 0.225107 0.804688 0.408115 2.000000 0.807813 0.398568 2.000000 0.800000 0.398568 2.000000 0.812500 0.405728 2.000000 0.798438 0.403341 2.000000 0.821875 0.417661 2.000000 0.784375 0.422434 2.000000 0.820312 0.451074 2.000000 0.778125 0.448687 2.000000 0.792188 0.443914 2.000000 0.801562 0.443914 2.000000 0.815625 0.494033 2.000000 0.798438 0.484487 2.000000 0.814063 0.594272 2.000000 0.784375 0.510740 2.000000 0.000000 0.000000 0.000000 0.792188 0.568019 2.000000
0 0.251227 0.674558 0.245578 0.260716 0.000000 0.000000 0.000000 0.000000 0.000000 0.000000 0.000000 0.000000 0.000000 0.000000 0.000000 0.000000 0.303125 0.582339 2.000000 0.296875 0.558473 2.000000 0.281250 0.610979 2.000000 0.328125 0.563246 2.000000 0.260937 0.646778 2.000000 0.360938 0.587112 2.000000 0.281250 0.692124 2.000000 0.220312 0.622912 2.000000 0.234375 0.634845 2.000000 0.196875 0.696897 2.000000 0.262500 0.708831 2.000000 0.143750 0.732697 2.000000 0.295312 0.787589 2.000000
0 0.162016 0.475072 0.056000 0.199308 0.153125 0.405728 2.000000 0.157812 0.398568 2.000000 0.150000 0.398568 2.000000 0.160938 0.403341 2.000000 0.000000 0.000000 0.000000 0.173437 0.427208 2.000000 0.143750 0.431981 2.000000 0.182812 0.453461 2.000000 0.137500 0.458234 2.000000 0.171875 0.479714 2.000000 0.151562 0.427208 2.000000 0.170313 0.503580 2.000000 0.146875 0.505967 2.000000 0.170313 0.568019 2.000000 0.148438 0.568019 2.000000 0.000000 0.000000 0.000000 0.000000 0.000000 0.000000
0 0.056570 0.460525 0.063641 0.217804 0.057813 0.381862 2.000000 0.060937 0.374702 2.000000 0.053125 0.374702 2.000000 0.064062 0.377088 2.000000 0.048438 0.374702 2.000000 0.070312 0.389021 2.000000 0.043750 0.391408 2.000000 0.076563 0.429594 2.000000 0.025000 0.424821 1.000000 0.056250 0.420048 2.000000 0.042188 0.422434 2.000000 0.076563 0.463007 2.000000 0.050000 0.472554 2.000000 0.060937 0.479714 2.000000 0.053125 0.527446 2.000000 0.068750 0.541766 2.000000 0.056250 0.579952 1.000000
0 0.581688 0.518616 0.071438 0.139809 0.576562 0.472554 2.000000 0.000000 0.000000 0.000000 0.573438 0.474940 2.000000 0.000000 0.000000 0.000000 0.564063 0.472554 2.000000 0.570312 0.491647 2.000000 0.559375 0.505967 2.000000 0.000000 0.000000 0.000000 0.564063 0.548926 2.000000 0.000000 0.000000 0.000000 0.587500 0.532220 2.000000 0.000000 0.000000 0.000000 0.568750 0.568019 2.000000 0.000000 0.000000 0.000000 0.612500 0.532220 2.000000 0.000000 0.000000 0.000000 0.606250 0.587112 1.000000
0 0.652086 0.485382 0.049453 0.200358 0.657813 0.408115 2.000000 0.659375 0.400955 2.000000 0.653125 0.400955 2.000000 0.664062 0.405728 2.000000 0.646875 0.405728 2.000000 0.670312 0.420048 2.000000 0.639062 0.422434 2.000000 0.662500 0.443914 2.000000 0.643750 0.455847 2.000000 0.640625 0.451074 2.000000 0.000000 0.000000 0.000000 0.660937 0.489260 1.000000 0.639062 0.489260 2.000000 0.664062 0.525060 2.000000 0.634375 0.556086 2.000000 0.000000 0.000000 0.000000 0.000000 0.000000 0.000000
0 0.694961 0.500716 0.057047 0.180668 0.693750 0.436754 2.000000 0.700000 0.431981 2.000000 0.690625 0.431981 2.000000 0.703125 0.434368 2.000000 0.687500 0.434368 2.000000 0.704688 0.463007 1.000000 0.679688 0.465394 2.000000 0.712500 0.448687 2.000000 0.671875 0.446301 2.000000 0.679688 0.455847 2.000000 0.706250 0.446301 2.000000 0.698438 0.522673 2.000000 0.682813 0.529833 2.000000 0.715625 0.527446 2.000000 0.689063 0.589499 1.000000 0.712500 0.572792 2.000000 0.000000 0.000000 0.000000
