0 0.341175 0.641552 0.292750 0.522328 0.350000 0.446121 2.000000 0.356667 0.431034 2.000000 0.341667 0.431034 2.000000 0.000000 0.000000 0.000000 0.311667 0.426724 2.000000 0.348333 0.484914 2.000000 0.270000 0.469828 2.000000 0.386667 0.540948 2.000000 0.293333 0.566810 2.000000 0.440000 0.581897 2.000000 0.356667 0.594828 2.000000 0.308333 0.616379 2.000000 0.243333 0.603448 2.000000 0.360000 0.676724 2.000000 0.260000 0.706897 2.000000 0.360000 0.793103 2.000000 0.213333 0.846983 2.000000
0 0.173967 0.570237 0.113533 0.461034 0.203333 0.375000 2.000000 0.210000 0.368534 2.000000 0.196667 0.368534 2.000000 0.000000 0.000000 0.000000 0.176667 0.377155 2.000000 0.210000 0.435345 2.000000 0.156667 0.428879 2.000000 0.215000 0.502155 2.000000 0.128333 0.489224 2.000000 0.218333 0.562500 1.000000 0.153333 0.446121 2.000000 0.195000 0.553879 2.000000 0.153333 0.551724 2.000000 0.215000 0.642241 2.000000 0.153333 0.653017 2.000000 0.220000 0.743534 2.000000 0.135000 0.762931 2.000000
0 0.693400 0.626972 0.232867 0.588772 0.658333 0.379310 2.000000 0.661667 0.366379 2.000000 0.641667 0.372845 2.000000 0.000000 0.000000 0.000000 0.626667 0.385776 2.000000 0.700000 0.398707 2.000000 0.623333 0.439655 2.000000 0.656667 0.478448 2.000000 0.600000 0.538793 2.000000 0.596667 0.471983 2.000000 0.588333 0.476293 2.000000 0.711667 0.549569 2.000000 0.666667 0.556034 2.000000 0.753333 0.728448 2.000000 0.656667 0.717672 2.000000 0.761667 0.846983 2.000000 0.663333 0.827586 2.000000
0 0.868325 0.510302 0.080983 0.283621 0.861667 0.398707 2.000000 0.865000 0.387931 2.000000 0.855000 0.390086 2.000000 0.871667 0.394397 2.000000 0.850000 0.396552 1.000000 0.888333 0.426724 2.000000 0.836667 0.433190 2.000000 0.893333 0.465517 2.000000 0.833333 0.471983 2.000000 0.896667 0.500000 2.000000 0.833333 0.500000 2.000000 0.873333 0.487069 2.000000 0.850000 0.491379 2.000000 0.880000 0.558190 2.000000 0.853333 0.558190 2.000000 0.888333 0.627155 2.000000 0.858333 0.620690 2.000000
0 0.782650 0.507425 0.076567 0.257435 0.798333 0.403017 2.000000 0.801667 0.396552 2.000000 0.791667 0.394397 2.000000 0.000000 0.000000 0.000000 0.785000 0.398707 1.000000 0.813333 0.428879 2.000000 0.771667 0.426724 2.000000 0.815000 0.467672 2.000000 0.756667 0.454741 2.000000 0.791667 0.476293 2.000000 0.750000 0.484914 2.000000 0.798333 0.491379 2.000000 0.780000 0.487069 2.000000 0.806667 0.562500 2.000000 0.773333 0.551724 2.000000 0.801667 0.618534 2.000000 0.771667 0.601293 1.000000
0 0.528700 0.541530 0.067433 0.212457 0.528333 0.461207 2.000000 0.000000 0.000000 0.000000 0.000000 0.000000 0.000000 0.536667 0.454741 2.000000 0.518333 0.459052 2.000000 0.000000 0.000000 0.000000 0.508333 0.482759 2.000000 0.551667 0.510776 2.000000 0.506667 0.506466 2.000000 0.545000 0.536638 2.000000 0.510000 0.538793 2.000000 0.536667 0.536638 2.000000 0.518333 0.538793 2.000000 0.543333 0.562500 2.000000 0.506667 0.558190 2.000000 0.000000 0.000000 0.000000 0.510000 0.625000 2.000000
0 0.527067 0.415388 0.056733 0.133017 0.525000 0.375000 2.000000 0.528333 0.370690 2.000000 0.520000 0.370690 2.000000 0.531667 0.372845 2.000000 0.513333 0.375000 2.000000 0.545000 0.403017 2.000000 0.503333 0.403017 2.000000 0.550000 0.446121 2.000000 0.503333 0.435345 2.000000 0.550000 0.476293 1.000000 0.505000 0.471983 2.000000 0.540000 0.471983 1.000000 0.515000 0.469828 1.000000 0.000000 0.000000 0.000000 0.000000 0.000000 0.000000 0.000000 0.000000 0.000000 0.000000 0.000000 0.000000
0 0.382767 0.540183 0.059533 0.214159 0.385000 0.461207 2.000000 0.390000 0.454741 2.000000 0.381667 0.454741 2.000000 0.395000 0.456897 2.000000 0.376667 0.452586 1.000000 0.405000 0.482759 2.000000 0.361667 0.487069 1.000000 0.403333 0.519397 2.000000 0.000000 0.000000 0.000000 0.371667 0.510776 1.000000 0.000000 0.000000 0.000000 0.388333 0.534483 1.000000 0.368333 0.532328 1.000000 0.388333 0.568966 2.000000 0.366667 0.566810 2.000000 0.380000 0.618534 2.000000 0.368333 0.616379 2.000000
0 0.625483 0.588039 0.054267 0.131810 0.000000 0.000000 0.000000 0.000000 0.000000 0.000000 0.000000 0.000000 0.000000 0.000000 0.000000 0.000000 0.000000 0.000000 0.000000 0.000000 0.000000 0.000000 0.000000 0.000000 0.000000 0.000000 0.000000 0.000000 0.000000 0.000000 0.000000 0.000000 0.000000 0.000000 0.000000 0.000000 0.000000 0.000000 0.000000 0.000000 0.000000 0.000000 0.000000 0.645000 0.564655 2.000000 0.608333 0.562500 2.000000 0.635000 0.633621 2.000000 0.616667 0.635776 2.000000
0 0.477550 0.542769 0.052467 0.208944 0.480000 0.463362 2.000000 0.485000 0.456897 2.000000 0.475000 0.456897 2.000000 0.493333 0.459052 1.000000 0.470000 0.459052 2.000000 0.496667 0.484914 2.000000 0.465000 0.484914 2.000000 0.498333 0.528017 2.000000 0.455000 0.519397 2.000000 0.470000 0.517241 2.000000 0.478333 0.515086 2.000000 0.490000 0.538793 2.000000 0.468333 0.538793 2.000000 0.490000 0.564655 2.000000 0.460000 0.560345 2.000000 0.483333 0.627155 2.000000 0.463333 0.620690 1.000000
