0 0.773406 0.453928 0.345406 0.876399 0.775000 0.098200 2.000000 0.793750 0.088380 2.000000 0.765625 0.086743 2.000000 0.821875 0.088380 2.000000 0.000000 0.000000 0.000000 0.854688 0.184943 2.000000 0.693750 0.176759 2.000000 0.851562 0.315876 2.000000 0.637500 0.281506 2.000000 0.864062 0.432079 2.000000 0.625000 0.407529 2.000000 0.814063 0.412439 2.000000 0.704688 0.407529 2.000000 0.850000 0.599018 2.000000 0.717187 0.582651 2.000000 0.854688 0.806874 2.000000 0.710938 0.823241 2.000000
0 0.312156 0.529214 0.585687 0.901113 0.371875 0.198036 2.000000 0.365625 0.183306 2.000000 0.348438 0.181669 2.000000 0.000000 0.000000 0.000000 0.287500 0.188216 2.000000 0.353125 0.276596 2.000000 0.254688 0.306056 2.000000 0.365625 0.394435 2.000000 0.381250 0.466448 2.000000 0.445312 0.472995 2.000000 0.514062 0.436989 2.000000 0.273438 0.527005 2.000000 0.178125 0.510638 2.000000 0.396875 0.675941 2.000000 0.175000 0.702128 2.000000 0.362500 0.896890 2.000000 0.078125 0.885434 2.000000
0 0.471977 0.638200 0.163047 0.247201 0.459375 0.564648 2.000000 0.465625 0.553191 2.000000 0.445312 0.554828 2.000000 0.479687 0.564648 2.000000 0.432812 0.564648 2.000000 0.503125 0.610475 2.000000 0.412500 0.602291 2.000000 0.521875 0.675941 2.000000 0.000000 0.000000 0.000000 0.485938 0.703764 2.000000 0.000000 0.000000 0.000000 0.481250 0.731588 2.000000 0.418750 0.728314 1.000000 0.532813 0.716858 2.000000 0.356250 0.710311 1.000000 0.418750 0.764321 1.000000 0.450000 0.765957 1.000000
0 0.062219 0.460671 0.124438 0.337087 0.032813 0.332242 2.000000 0.040625 0.322422 2.000000 0.026562 0.322422 2.000000 0.051562 0.327332 2.000000 0.007812 0.330606 1.000000 0.082812 0.382979 2.000000 0.000000 0.000000 0.000000 0.110937 0.446809 2.000000 0.000000 0.000000 0.000000 0.000000 0.000000 0.000000 0.000000 0.000000 0.000000 0.068750 0.528642 1.000000 0.014063 0.528642 2.000000 0.075000 0.639935 1.000000 0.017188 0.643208 1.000000 0.000000 0.000000 0.000000 0.000000 0.000000 0.000000
0 0.948805 0.484280 0.102391 0.401817 0.937500 0.317512 2.000000 0.946875 0.314239 2.000000 0.929688 0.310966 2.000000 0.954688 0.319149 2.000000 0.920312 0.310966 2.000000 0.964063 0.360065 2.000000 0.000000 0.000000 0.000000 0.987500 0.428805 2.000000 0.000000 0.000000 0.000000 0.959375 0.489362 2.000000 0.000000 0.000000 0.000000 0.940625 0.466448 2.000000 0.000000 0.000000 0.000000 0.953125 0.584288 2.000000 0.000000 0.000000 0.000000 0.956250 0.669394 1.000000 0.000000 0.000000 0.000000
0 0.617922 0.641424 0.151875 0.232275 0.626563 0.572831 2.000000 0.637500 0.564648 2.000000 0.617188 0.563011 2.000000 0.648438 0.574468 2.000000 0.603125 0.571195 2.000000 0.657813 0.612111 2.000000 0.590625 0.607201 2.000000 0.692187 0.646481 1.000000 0.559375 0.643208 2.000000 0.645312 0.656301 2.000000 0.617188 0.671031 2.000000 0.648438 0.743044 2.000000 0.604688 0.741408 2.000000 0.679688 0.649755 2.000000 0.579688 0.646481 2.000000 0.682813 0.741408 2.000000 0.601562 0.744681 2.000000
0 0.463344 0.358036 0.115437 0.149427 0.453125 0.324059 2.000000 0.462500 0.317512 2.000000 0.445312 0.319149 2.000000 0.470313 0.322422 2.000000 0.434375 0.324059 2.000000 0.496875 0.373159 1.000000 0.415625 0.373159 2.000000 0.000000 0.000000 0.000000 0.000000 0.000000 0.000000 0.000000 0.000000 0.000000 0.000000 0.000000 0.000000 0.485938 0.494272 1.000000 0.429688 0.492635 1.000000 0.000000 0.000000 0.000000 0.000000 0.000000 0.000000 0.000000 0.000000 0.000000 0.000000 0.000000 0.000000
0 0.087352 0.551015 0.053391 0.191915 0.082812 0.507365 2.000000 0.093750 0.497545 2.000000 0.073438 0.499182 2.000000 0.000000 0.000000 0.000000 0.065625 0.507365 2.000000 0.120313 0.540098 1.000000 0.054688 0.546645 1.000000 0.000000 0.000000 0.000000 0.032813 0.620295 1.000000 0.000000 0.000000 0.000000 0.068750 0.661211 1.000000 0.107813 0.669394 1.000000 0.071875 0.669394 1.000000 0.000000 0.000000 0.000000 0.000000 0.000000 0.000000 0.000000 0.000000 0.000000 0.000000 0.000000 0.000000
0 0.900758 0.331956 0.054953 0.170098 0.000000 0.000000 0.000000 0.000000 0.000000 0.000000 0.000000 0.000000 0.000000 0.881250 0.291326 2.000000 0.000000 0.000000 0.000000 0.000000 0.000000 0.000000 0.000000 0.000000 0.000000 0.918750 0.361702 2.000000 0.000000 0.000000 0.000000 0.878125 0.310966 1.000000 0.000000 0.000000 0.000000 0.000000 0.000000 0.000000 0.000000 0.000000 0.000000 0.000000 0.000000 0.000000 0.000000 0.000000 0.000000 0.000000 0.000000 0.000000 0.000000 0.000000 0.000000
0 0.146445 0.351514 0.078266 0.163944 0.160938 0.309329 2.000000 0.168750 0.302782 2.000000 0.153125 0.302782 2.000000 0.181250 0.307692 1.000000 0.139063 0.309329 2.000000 0.200000 0.360065 1.000000 0.121875 0.363339 1.000000 0.000000 0.000000 0.000000 0.000000 0.000000 0.000000 0.000000 0.000000 0.000000 0.000000 0.000000 0.000000 0.000000 0.000000 0.000000 0.000000 0.000000 0.000000 0.000000 0.000000 0.000000 0.000000 0.000000 0.000000 0.000000 0.000000 0.000000 0.000000 0.000000 0.000000
0 0.628250 0.411751 0.103563 0.271326 0.000000 0.000000 0.000000 0.000000 0.000000 0.000000 0.000000 0.000000 0.000000 0.000000 0.000000 0.000000 0.601562 0.319149 2.000000 0.670312 0.361702 2.000000 0.582812 0.369885 1.000000 0.000000 0.000000 0.000000 0.000000 0.000000 0.000000 0.000000 0.000000 0.000000 0.000000 0.000000 0.000000 0.662500 0.505728 2.000000 0.598437 0.510638 1.000000 0.000000 0.000000 0.000000 0.000000 0.000000 0.000000 0.000000 0.000000 0.000000 0.000000 0.000000 0.000000
0 0.595758 0.533617 0.155328 0.203372 0.617188 0.492635 2.000000 0.628125 0.476268 2.000000 0.000000 0.000000 0.000000 0.000000 0.000000 0.000000 0.000000 0.000000 0.000000 0.664062 0.535188 2.000000 0.571875 0.525368 2.000000 0.682813 0.594108 1.000000 0.526563 0.551555 2.000000 0.000000 0.000000 0.000000 0.576562 0.500818 2.000000 0.643750 0.677578 1.000000 0.570312 0.671031 1.000000 0.000000 0.000000 0.000000 0.000000 0.000000 0.000000 0.000000 0.000000 0.000000 0.000000 0.000000 0.000000
