0 0.255461 0.560562 0.144266 0.731944 0.300000 0.262295 2.000000 0.309375 0.252927 2.000000 0.290625 0.250585 2.000000 0.320312 0.266979 2.000000 0.273438 0.252927 2.000000 0.275000 0.316159 2.000000 0.242188 0.325527 2.000000 0.000000 0.000000 0.000000 0.201563 0.444965 2.000000 0.000000 0.000000 0.000000 0.207813 0.564403 2.000000 0.256250 0.543326 2.000000 0.228125 0.550351 2.000000 0.239063 0.690867 2.000000 0.246875 0.711944 2.000000 0.234375 0.798595 2.000000 0.245312 0.861827 2.000000
0 0.348586 0.562927 0.139422 0.680890 0.354687 0.292740 2.000000 0.360938 0.274005 2.000000 0.342187 0.274005 2.000000 0.000000 0.000000 0.000000 0.326562 0.274005 1.000000 0.353125 0.339578 2.000000 0.298438 0.353630 2.000000 0.000000 0.000000 0.000000 0.312500 0.470726 2.000000 0.000000 0.000000 0.000000 0.378125 0.484778 2.000000 0.357812 0.557377 2.000000 0.314063 0.580796 2.000000 0.356250 0.646370 2.000000 0.320312 0.667447 2.000000 0.340625 0.768150 2.000000 0.321875 0.840749 2.000000
0 0.568234 0.425843 0.404812 0.289906 0.390625 0.355972 2.000000 0.390625 0.341920 2.000000 0.379688 0.353630 2.000000 0.000000 0.000000 0.000000 0.370312 0.379391 1.000000 0.434375 0.370023 2.000000 0.396875 0.444965 2.000000 0.484375 0.323185 2.000000 0.409375 0.536300 2.000000 0.507812 0.262295 1.000000 0.423438 0.540984 2.000000 0.528125 0.405152 2.000000 0.526563 0.444965 2.000000 0.628125 0.325527 2.000000 0.615625 0.358314 2.000000 0.696875 0.428571 2.000000 0.698438 0.409836 2.000000
0 0.386914 0.243548 0.061859 0.155714 0.384375 0.220141 2.000000 0.390625 0.208431 2.000000 0.375000 0.208431 2.000000 0.400000 0.222482 2.000000 0.362500 0.224824 2.000000 0.412500 0.281030 2.000000 0.343750 0.281030 1.000000 0.000000 0.000000 0.000000 0.000000 0.000000 0.000000 0.000000 0.000000 0.000000 0.000000 0.000000 0.000000 0.000000 0.000000 0.000000 0.000000 0.000000 0.000000 0.000000 0.000000 0.000000 0.000000 0.000000 0.000000 0.000000 0.000000 0.000000 0.000000 0.000000 0.000000
0 0.572789 0.453173 0.152547 0.764052 0.556250 0.126464 2.000000 0.565625 0.117096 2.000000 0.545312 0.119438 2.000000 0.579688 0.133489 2.000000 0.532813 0.135831 1.000000 0.614062 0.220141 2.000000 0.506250 0.257611 2.000000 0.623437 0.339578 1.000000 0.506250 0.362998 2.000000 0.621875 0.377049 1.000000 0.504687 0.456674 1.000000 0.603125 0.412178 1.000000 0.537500 0.416862 1.000000 0.596875 0.601874 2.000000 0.528125 0.592506 2.000000 0.604688 0.765808 2.000000 0.532813 0.749415 2.000000
0 0.425133 0.498770 0.092297 0.608361 0.442188 0.255269 2.000000 0.451562 0.243560 2.000000 0.431250 0.243560 2.000000 0.459375 0.255269 1.000000 0.420312 0.255269 1.000000 0.464062 0.302108 1.000000 0.414062 0.313817 2.000000 0.000000 0.000000 0.000000 0.000000 0.000000 0.000000 0.000000 0.000000 0.000000 0.000000 0.000000 0.000000 0.454688 0.501171 1.000000 0.406250 0.501171 1.000000 0.454688 0.629977 2.000000 0.398438 0.632319 2.000000 0.448437 0.749415 2.000000 0.404687 0.742389 1.000000
0 0.683477 0.463653 0.105453 0.613349 0.676562 0.220141 2.000000 0.684375 0.206089 2.000000 0.668750 0.206089 2.000000 0.700000 0.210773 2.000000 0.659375 0.215457 2.000000 0.725000 0.257611 2.000000 0.637500 0.278689 1.000000 0.000000 0.000000 0.000000 0.000000 0.000000 0.000000 0.000000 0.000000 0.000000 0.000000 0.000000 0.000000 0.700000 0.480094 2.000000 0.653125 0.489461 2.000000 0.693750 0.594848 2.000000 0.657813 0.597190 2.000000 0.681250 0.700234 2.000000 0.651563 0.707260 2.000000
0 0.778266 0.463712 0.128188 0.624426 0.756250 0.220141 2.000000 0.764062 0.203747 2.000000 0.750000 0.206089 2.000000 0.781250 0.208431 2.000000 0.739062 0.213115 1.000000 0.806250 0.276347 2.000000 0.739062 0.290398 2.000000 0.828125 0.379391 2.000000 0.703125 0.320843 1.000000 0.821875 0.487119 2.000000 0.701562 0.243560 1.000000 0.789062 0.491803 2.000000 0.737500 0.491803 2.000000 0.781250 0.615925 2.000000 0.740625 0.608899 2.000000 0.765625 0.721311 2.000000 0.740625 0.730679 2.000000
0 0.887742 0.461358 0.120703 0.104403 0.000000 0.000000 0.000000 0.000000 0.000000 0.000000 0.000000 0.000000 0.000000 0.000000 0.000000 0.000000 0.000000 0.000000 0.000000 0.937500 0.466042 2.000000 0.910937 0.461358 2.000000 0.934375 0.489461 2.000000 0.906250 0.501171 2.000000 0.954688 0.489461 1.000000 0.000000 0.000000 0.000000 0.887500 0.482436 2.000000 0.871875 0.487119 2.000000 0.000000 0.000000 0.000000 0.828125 0.475410 2.000000 0.000000 0.000000 0.000000 0.000000 0.000000 0.000000
0 0.486961 0.474028 0.065859 0.579204 0.487500 0.234192 2.000000 0.489063 0.220141 2.000000 0.475000 0.224824 2.000000 0.504687 0.220141 2.000000 0.468750 0.234192 2.000000 0.529687 0.304450 1.000000 0.468750 0.316159 2.000000 0.000000 0.000000 0.000000 0.000000 0.000000 0.000000 0.000000 0.000000 0.000000 0.000000 0.000000 0.000000 0.535937 0.468384 1.000000 0.487500 0.475410 1.000000 0.537500 0.611241 1.000000 0.498437 0.604215 2.000000 0.537500 0.721311 1.000000 0.506250 0.711944 2.000000
