0 0.066844 0.123965 0.075250 0.246094 0.051562 0.028235 2.000000 0.056250 0.021176 2.000000 0.048438 0.023529 2.000000 0.060937 0.021176 2.000000 0.042188 0.023529 2.000000 0.068750 0.040000 2.000000 0.035937 0.047059 2.000000 0.062500 0.082353 2.000000 0.035937 0.087059 2.000000 0.046875 0.068235 2.000000 0.053125 0.070588 2.000000 0.082812 0.108235 2.000000 0.060937 0.112941 2.000000 0.092188 0.197647 2.000000 0.070312 0.185882 2.000000 0.095312 0.249412 1.000000 0.071875 0.240000 2.000000
0 0.111320 0.133141 0.066609 0.266282 0.000000 0.000000 0.000000 0.000000 0.000000 0.000000 0.000000 0.000000 0.000000 0.000000 0.000000 0.000000 0.000000 0.000000 0.000000 0.121875 0.023529 2.000000 0.100000 0.023529 2.000000 0.132812 0.054118 2.000000 0.085938 0.058824 2.000000 0.104688 0.051765 2.000000 0.000000 0.000000 0.000000 0.126562 0.091765 2.000000 0.103125 0.096471 2.000000 0.129688 0.171765 2.000000 0.109375 0.183529 2.000000 0.129688 0.237647 2.000000 0.121875 0.237647 2.000000
0 0.178937 0.137094 0.063000 0.270941 0.162500 0.004706 2.000000 0.000000 0.000000 0.000000 0.000000 0.000000 0.000000 0.176563 0.002353 2.000000 0.000000 0.000000 0.000000 0.190625 0.030588 2.000000 0.164062 0.028235 2.000000 0.198437 0.063529 2.000000 0.000000 0.000000 0.000000 0.173437 0.047059 2.000000 0.000000 0.000000 0.000000 0.187500 0.110588 2.000000 0.168750 0.108235 2.000000 0.182812 0.185882 2.000000 0.170313 0.188235 2.000000 0.203125 0.244706 2.000000 0.182812 0.244706 2.000000
0 0.240367 0.130071 0.076797 0.252047 0.243750 0.037647 2.000000 0.243750 0.030588 2.000000 0.237500 0.032941 2.000000 0.251563 0.018824 2.000000 0.000000 0.000000 0.000000 0.262500 0.018824 2.000000 0.226562 0.032941 2.000000 0.270313 0.063529 1.000000 0.209375 0.049412 2.000000 0.246875 0.065882 2.000000 0.207813 0.070588 2.000000 0.270313 0.129412 2.000000 0.246875 0.134118 2.000000 0.268750 0.192941 2.000000 0.251563 0.190588 2.000000 0.267188 0.251765 2.000000 0.251563 0.249412 2.000000
0 0.723625 0.605388 0.134000 0.340800 0.698438 0.491765 2.000000 0.701562 0.482353 2.000000 0.000000 0.000000 0.000000 0.000000 0.000000 0.000000 0.000000 0.000000 0.000000 0.740625 0.534118 2.000000 0.000000 0.000000 0.000000 0.714063 0.609412 2.000000 0.000000 0.000000 0.000000 0.665625 0.637647 2.000000 0.000000 0.000000 0.000000 0.754687 0.656471 2.000000 0.000000 0.000000 0.000000 0.679688 0.658824 2.000000 0.000000 0.000000 0.000000 0.748437 0.724706 2.000000 0.734375 0.710588 2.000000
0 0.484992 0.504941 0.104453 0.453929 0.487500 0.343529 2.000000 0.000000 0.000000 0.000000 0.000000 0.000000 0.000000 0.000000 0.000000 0.000000 0.000000 0.000000 0.000000 0.523438 0.357647 2.000000 0.465625 0.345882 2.000000 0.515625 0.404706 2.000000 0.450000 0.404706 2.000000 0.498437 0.336471 2.000000 0.440625 0.444706 2.000000 0.512500 0.494118 2.000000 0.475000 0.487059 2.000000 0.507812 0.583529 2.000000 0.453125 0.576471 2.000000 0.514062 0.694118 2.000000 0.464062 0.658824 2.000000
0 0.469211 0.153565 0.099203 0.246047 0.454688 0.058824 2.000000 0.000000 0.000000 0.000000 0.457813 0.056471 2.000000 0.468750 0.061176 2.000000 0.000000 0.000000 0.000000 0.482812 0.070588 2.000000 0.453125 0.070588 2.000000 0.487500 0.094118 2.000000 0.426563 0.089412 2.000000 0.460938 0.077647 2.000000 0.446875 0.082353 2.000000 0.495312 0.157647 2.000000 0.476562 0.162353 2.000000 0.482812 0.190588 2.000000 0.475000 0.209412 2.000000 0.490625 0.251765 2.000000 0.000000 0.000000 0.000000
0 0.893633 0.184412 0.065016 0.288729 0.881250 0.070588 2.000000 0.885938 0.065882 2.000000 0.881250 0.063529 2.000000 0.895312 0.068235 2.000000 0.000000 0.000000 0.000000 0.907813 0.084706 2.000000 0.878125 0.082353 2.000000 0.898438 0.098824 2.000000 0.859375 0.101176 1.000000 0.864062 0.098824 2.000000 0.893750 0.115294 1.000000 0.909375 0.169412 2.000000 0.890625 0.171765 2.000000 0.907813 0.261176 2.000000 0.875000 0.247059 2.000000 0.904687 0.317647 2.000000 0.889062 0.291765 2.000000
0 0.601938 0.167071 0.082094 0.276118 0.568750 0.063529 2.000000 0.571875 0.056471 2.000000 0.000000 0.000000 0.000000 0.585938 0.054118 2.000000 0.000000 0.000000 0.000000 0.606250 0.075294 2.000000 0.573438 0.072941 2.000000 0.601562 0.122353 2.000000 0.570312 0.112941 2.000000 0.584375 0.157647 2.000000 0.592187 0.091765 2.000000 0.623437 0.138824 2.000000 0.604688 0.138824 2.000000 0.626563 0.207059 2.000000 0.603125 0.204706 2.000000 0.617188 0.275294 2.000000 0.604688 0.272941 2.000000
0 0.664930 0.157988 0.087516 0.280635 0.662500 0.049412 2.000000 0.665625 0.044706 2.000000 0.660937 0.044706 2.000000 0.678125 0.047059 2.000000 0.000000 0.000000 0.000000 0.687500 0.065882 2.000000 0.648438 0.065882 2.000000 0.695312 0.089412 2.000000 0.623437 0.089412 2.000000 0.670312 0.098824 2.000000 0.640625 0.089412 2.000000 0.693750 0.155294 2.000000 0.660937 0.162353 2.000000 0.687500 0.228235 2.000000 0.659375 0.235294 2.000000 0.687500 0.296471 1.000000 0.675000 0.287059 1.000000
0 0.811914 0.501165 0.182734 0.493624 0.818750 0.310588 2.000000 0.823438 0.303529 2.000000 0.000000 0.000000 0.000000 0.843750 0.305882 2.000000 0.000000 0.000000 0.000000 0.878125 0.348235 2.000000 0.820312 0.334118 2.000000 0.895312 0.409412 2.000000 0.789062 0.374118 2.000000 0.892188 0.484706 2.000000 0.746875 0.367059 2.000000 0.856250 0.501176 2.000000 0.818750 0.496471 2.000000 0.857812 0.604706 2.000000 0.812500 0.595294 2.000000 0.857812 0.708235 2.000000 0.807813 0.705882 2.000000
0 0.952195 0.256071 0.095609 0.251153 0.979688 0.164706 2.000000 0.985938 0.160000 2.000000 0.975000 0.160000 2.000000 0.992188 0.157647 2.000000 0.970313 0.160000 1.000000 0.996875 0.190588 2.000000 0.970313 0.190588 2.000000 0.000000 0.000000 0.000000 0.957812 0.228235 2.000000 0.975000 0.261176 2.000000 0.956250 0.247059 2.000000 0.987500 0.256471 2.000000 0.973437 0.256471 2.000000 0.981250 0.268235 2.000000 0.929688 0.261176 2.000000 0.982812 0.348235 2.000000 0.931250 0.345882 2.000000
