0 0.179320 0.625840 0.353047 0.748321 0.170313 0.408521 2.000000 0.184375 0.380952 2.000000 0.140625 0.383459 2.000000 0.000000 0.000000 0.000000 0.101562 0.416040 2.000000 0.182812 0.488722 2.000000 0.059375 0.578947 2.000000 0.179688 0.741855 2.000000 0.062500 0.944862 2.000000 0.293750 0.684211 2.000000 0.212500 0.829574 2.000000 0.239063 0.872180 1.000000 0.146875 0.977444 2.000000 0.000000 0.000000 0.000000 0.000000 0.000000 0.000000 0.000000 0.000000 0.000000 0.000000 0.000000 0.000000
0 0.867914 0.513484 0.245172 0.617995 0.806250 0.363409 2.000000 0.812500 0.343358 2.000000 0.000000 0.000000 0.000000 0.848437 0.318296 2.000000 0.000000 0.000000 0.000000 0.940625 0.491228 2.000000 0.907813 0.375940 2.000000 0.942187 0.699248 2.000000 0.885938 0.533835 2.000000 0.851562 0.568922 2.000000 0.806250 0.508772 2.000000 0.882812 0.734336 2.000000 0.848437 0.651629 2.000000 0.732812 0.764411 1.000000 0.728125 0.651629 1.000000 0.000000 0.000000 0.000000 0.000000 0.000000 0.000000
0 0.394602 0.264937 0.192703 0.412982 0.385937 0.167920 2.000000 0.000000 0.000000 0.000000 0.373437 0.150376 2.000000 0.000000 0.000000 0.000000 0.334375 0.160401 2.000000 0.368750 0.225564 2.000000 0.304688 0.233083 1.000000 0.400000 0.375940 2.000000 0.331250 0.446115 1.000000 0.453125 0.385965 2.000000 0.420312 0.448622 1.000000 0.404687 0.426065 1.000000 0.373437 0.481203 1.000000 0.000000 0.000000 0.000000 0.000000 0.000000 0.000000 0.000000 0.000000 0.000000 0.000000 0.000000 0.000000
0 0.452891 0.212807 0.138594 0.323208 0.479687 0.157895 2.000000 0.000000 0.000000 0.000000 0.468750 0.137845 2.000000 0.000000 0.000000 0.000000 0.439063 0.122807 2.000000 0.437500 0.172932 2.000000 0.393750 0.203008 2.000000 0.448437 0.315789 2.000000 0.387500 0.363409 1.000000 0.487500 0.293233 2.000000 0.435937 0.323308 2.000000 0.454688 0.398496 1.000000 0.426563 0.433584 1.000000 0.535937 0.406015 1.000000 0.532813 0.448622 1.000000 0.000000 0.000000 0.000000 0.000000 0.000000 0.000000
0 0.525563 0.145476 0.112344 0.224085 0.532813 0.100251 2.000000 0.000000 0.000000 0.000000 0.528125 0.090226 2.000000 0.000000 0.000000 0.000000 0.517188 0.102757 2.000000 0.506250 0.142857 2.000000 0.492188 0.157895 2.000000 0.514062 0.225564 2.000000 0.484375 0.255639 2.000000 0.553125 0.215539 2.000000 0.537500 0.230576 2.000000 0.000000 0.000000 0.000000 0.000000 0.000000 0.000000 0.000000 0.000000 0.000000 0.000000 0.000000 0.000000 0.000000 0.000000 0.000000 0.000000 0.000000 0.000000
0 0.582164 0.119524 0.136328 0.188521 0.596875 0.082707 2.000000 0.000000 0.000000 0.000000 0.595313 0.075188 2.000000 0.000000 0.000000 0.000000 0.579688 0.065163 2.000000 0.581250 0.087719 2.000000 0.554688 0.085213 2.000000 0.589063 0.142857 2.000000 0.571875 0.147870 2.000000 0.626563 0.145363 2.000000 0.601562 0.115288 2.000000 0.560937 0.185464 1.000000 0.546875 0.195489 2.000000 0.000000 0.000000 0.000000 0.000000 0.000000 0.000000 0.000000 0.000000 0.000000 0.000000 0.000000 0.000000
0 0.844422 0.315313 0.189125 0.385664 0.000000 0.000000 0.000000 0.000000 0.000000 0.000000 0.000000 0.000000 0.000000 0.860938 0.220551 2.000000 0.000000 0.000000 0.000000 0.898438 0.310777 2.000000 0.000000 0.000000 0.000000 0.881250 0.486216 1.000000 0.843750 0.423559 2.000000 0.804688 0.426065 2.000000 0.804688 0.355890 1.000000 0.854688 0.573935 1.000000 0.000000 0.000000 0.000000 0.000000 0.000000 0.000000 0.000000 0.000000 0.000000 0.000000 0.000000 0.000000 0.000000 0.000000 0.000000
0 0.318242 0.418083 0.242891 0.490902 0.303125 0.323308 2.000000 0.312500 0.293233 2.000000 0.284375 0.308271 2.000000 0.000000 0.000000 0.000000 0.242188 0.305764 2.000000 0.289062 0.343358 2.000000 0.210938 0.441103 2.000000 0.000000 0.000000 0.000000 0.234375 0.634085 1.000000 0.373437 0.461153 2.000000 0.323437 0.536341 2.000000 0.357812 0.583960 1.000000 0.310937 0.671679 1.000000 0.000000 0.000000 0.000000 0.000000 0.000000 0.000000 0.000000 0.000000 0.000000 0.000000 0.000000 0.000000
0 0.803258 0.149812 0.060109 0.133108 0.776563 0.177945 2.000000 0.781250 0.162907 2.000000 0.000000 0.000000 0.000000 0.809375 0.152882 2.000000 0.000000 0.000000 0.000000 0.000000 0.000000 0.000000 0.000000 0.000000 0.000000 0.000000 0.000000 0.000000 0.000000 0.000000 0.000000 0.000000 0.000000 0.000000 0.784375 0.270677 1.000000 0.000000 0.000000 0.000000 0.000000 0.000000 0.000000 0.000000 0.000000 0.000000 0.000000 0.000000 0.000000 0.000000 0.000000 0.000000 0.000000 0.000000 0.000000
0 0.746594 0.176328 0.088406 0.163784 0.715625 0.162907 2.000000 0.717187 0.150376 2.000000 0.000000 0.000000 0.000000 0.735938 0.132832 2.000000 0.000000 0.000000 0.000000 0.770312 0.165414 2.000000 0.000000 0.000000 0.000000 0.781250 0.260652 1.000000 0.000000 0.000000 0.000000 0.748437 0.223058 2.000000 0.746875 0.185464 2.000000 0.000000 0.000000 0.000000 0.000000 0.000000 0.000000 0.000000 0.000000 0.000000 0.000000 0.000000 0.000000 0.000000 0.000000 0.000000 0.000000 0.000000 0.000000
