0 0.260328 0.626382 0.106031 0.382740 0.242188 0.477752 2.000000 0.246875 0.470726 2.000000 0.237500 0.468384 2.000000 0.259375 0.470726 2.000000 0.000000 0.000000 0.000000 0.282813 0.519906 2.000000 0.223438 0.519906 2.000000 0.303125 0.562061 2.000000 0.215625 0.564403 2.000000 0.281250 0.606557 2.000000 0.221875 0.604215 2.000000 0.262500 0.625293 2.000000 0.232813 0.629977 2.000000 0.257812 0.714286 2.000000 0.220312 0.711944 2.000000 0.253125 0.800937 2.000000 0.220312 0.798595 2.000000
0 0.372813 0.658911 0.089219 0.373794 0.373437 0.512881 2.000000 0.378125 0.503513 2.000000 0.370312 0.505855 2.000000 0.387500 0.508197 2.000000 0.000000 0.000000 0.000000 0.401562 0.555035 2.000000 0.357812 0.550351 2.000000 0.410938 0.618267 2.000000 0.348438 0.594848 2.000000 0.410938 0.669789 2.000000 0.339062 0.658080 2.000000 0.387500 0.655738 2.000000 0.356250 0.651054 2.000000 0.385937 0.740047 2.000000 0.342187 0.740047 2.000000 0.385937 0.814988 2.000000 0.332813 0.812646 2.000000
0 0.577187 0.675621 0.085562 0.368337 0.584375 0.536300 2.000000 0.587500 0.529274 2.000000 0.579688 0.529274 2.000000 0.600000 0.531616 2.000000 0.000000 0.000000 0.000000 0.604688 0.573770 2.000000 0.571875 0.573770 2.000000 0.601562 0.634660 2.000000 0.565625 0.622951 2.000000 0.579688 0.665105 2.000000 0.562500 0.662763 2.000000 0.596875 0.690867 2.000000 0.578125 0.690867 2.000000 0.600000 0.761124 2.000000 0.578125 0.758782 2.000000 0.606250 0.840749 2.000000 0.576562 0.838407 2.000000
0 0.780383 0.689883 0.100453 0.480890 0.745313 0.494145 2.000000 0.754687 0.489461 2.000000 0.745313 0.487119 2.000000 0.770312 0.496487 2.000000 0.000000 0.000000 0.000000 0.793750 0.540984 2.000000 0.745313 0.548009 2.000000 0.821875 0.587822 2.000000 0.000000 0.000000 0.000000 0.798438 0.655738 2.000000 0.743750 0.674473 1.000000 0.782813 0.686183 2.000000 0.750000 0.688525 1.000000 0.781250 0.796253 2.000000 0.753125 0.798595 2.000000 0.790625 0.892272 2.000000 0.768750 0.887588 2.000000
0 0.645102 0.654859 0.074047 0.314731 0.631250 0.536300 2.000000 0.637500 0.529274 2.000000 0.628125 0.529274 2.000000 0.650000 0.531616 2.000000 0.000000 0.000000 0.000000 0.667188 0.571429 2.000000 0.620313 0.578454 2.000000 0.673438 0.634660 2.000000 0.618750 0.639344 2.000000 0.667188 0.679157 2.000000 0.614062 0.686183 2.000000 0.657813 0.683841 2.000000 0.631250 0.686183 2.000000 0.670312 0.775176 1.000000 0.635938 0.777518 2.000000 0.679688 0.850117 1.000000 0.650000 0.847775 1.000000
0 0.042555 0.607201 0.081578 0.345269 0.039062 0.466042 2.000000 0.043750 0.461358 2.000000 0.034375 0.461358 2.000000 0.048438 0.463700 2.000000 0.028125 0.463700 1.000000 0.062500 0.501171 2.000000 0.018750 0.501171 2.000000 0.079687 0.557377 2.000000 0.007812 0.559719 2.000000 0.054688 0.538642 2.000000 0.039062 0.536300 2.000000 0.056250 0.615925 2.000000 0.023438 0.615925 2.000000 0.056250 0.693208 2.000000 0.023438 0.697892 2.000000 0.057813 0.763466 2.000000 0.025000 0.768150 2.000000
0 0.512898 0.517576 0.070484 0.179461 0.000000 0.000000 0.000000 0.000000 0.000000 0.000000 0.000000 0.000000 0.000000 0.514062 0.459016 2.000000 0.000000 0.000000 0.000000 0.539062 0.482436 2.000000 0.521875 0.484778 1.000000 0.539062 0.536300 2.000000 0.000000 0.000000 0.000000 0.540625 0.583138 2.000000 0.000000 0.000000 0.000000 0.531250 0.559719 2.000000 0.517188 0.555035 1.000000 0.498437 0.585480 2.000000 0.481250 0.585480 2.000000 0.520312 0.622951 1.000000 0.514062 0.625293 1.000000
0 0.486203 0.620199 0.066344 0.299836 0.489063 0.496487 2.000000 0.493750 0.489461 2.000000 0.489063 0.489461 2.000000 0.504687 0.494145 2.000000 0.000000 0.000000 0.000000 0.506250 0.529274 2.000000 0.501563 0.524590 2.000000 0.512500 0.576112 1.000000 0.000000 0.000000 0.000000 0.496875 0.606557 1.000000 0.000000 0.000000 0.000000 0.493750 0.611241 1.000000 0.490625 0.604215 1.000000 0.482812 0.672131 2.000000 0.479687 0.672131 2.000000 0.470313 0.740047 2.000000 0.468750 0.737705 2.000000
0 0.103453 0.623595 0.068969 0.375293 0.000000 0.000000 0.000000 0.000000 0.000000 0.000000 0.000000 0.000000 0.000000 0.000000 0.000000 0.000000 0.095312 0.466042 2.000000 0.106250 0.498829 2.000000 0.000000 0.000000 0.000000 0.115625 0.548009 2.000000 0.000000 0.000000 0.000000 0.104688 0.587822 2.000000 0.000000 0.000000 0.000000 0.095312 0.573770 2.000000 0.000000 0.000000 0.000000 0.089063 0.688525 2.000000 0.100000 0.693208 2.000000 0.115625 0.768150 2.000000 0.100000 0.777518 2.000000
0 0.547625 0.620035 0.056125 0.298337 0.551562 0.505855 2.000000 0.556250 0.494145 2.000000 0.548438 0.494145 2.000000 0.567187 0.496487 2.000000 0.000000 0.000000 0.000000 0.571875 0.526932 2.000000 0.554688 0.524590 2.000000 0.551562 0.559719 2.000000 0.545312 0.566745 2.000000 0.545312 0.522248 2.000000 0.539062 0.524590 2.000000 0.560937 0.608899 1.000000 0.546875 0.606557 2.000000 0.546875 0.702576 2.000000 0.523438 0.693208 2.000000 0.545312 0.758782 2.000000 0.562500 0.735363 1.000000
0 0.697266 0.710773 0.092969 0.351288 0.681250 0.585480 2.000000 0.685937 0.578454 2.000000 0.678125 0.580796 2.000000 0.701562 0.576112 2.000000 0.000000 0.000000 0.000000 0.718750 0.615925 2.000000 0.687500 0.613583 2.000000 0.725000 0.669789 2.000000 0.000000 0.000000 0.000000 0.000000 0.000000 0.000000 0.000000 0.000000 0.000000 0.717187 0.714286 2.000000 0.690625 0.711944 2.000000 0.721875 0.796253 2.000000 0.670312 0.789227 2.000000 0.732812 0.866511 1.000000 0.671875 0.864169 2.000000
