0 0.586343 0.371210 0.785761 0.341260 0.770149 0.358000 2.000000 0.785075 0.356000 2.000000 0.782090 0.344000 2.000000 0.791045 0.372000 2.000000 0.773134 0.328000 2.000000 0.722388 0.386000 2.000000 0.707463 0.306000 2.000000 0.779104 0.440000 2.000000 0.773134 0.222000 2.000000 0.832836 0.480000 2.000000 0.898507 0.214000 2.000000 0.477612 0.386000 2.000000 0.504478 0.342000 2.000000 0.340299 0.512000 2.000000 0.456716 0.460000 2.000000 0.146269 0.526000 1.000000 0.274627 0.488000 2.000000
0 0.155164 0.349190 0.199164 0.340980 0.205970 0.218000 2.000000 0.220896 0.220000 2.000000 0.202985 0.208000 2.000000 0.000000 0.000000 0.000000 0.179104 0.196000 2.000000 0.188060 0.262000 2.000000 0.113433 0.228000 1.000000 0.155224 0.324000 2.000000 0.000000 0.000000 0.000000 0.128358 0.378000 2.000000 0.000000 0.000000 0.000000 0.113433 0.386000 2.000000 0.068657 0.366000 1.000000 0.044776 0.464000 1.000000 0.000000 0.000000 0.000000 0.000000 0.000000 0.000000 0.000000 0.000000 0.000000
0 0.160582 0.234690 0.205164 0.278460 0.208955 0.178000 2.000000 0.000000 0.000000 0.000000 0.217910 0.166000 2.000000 0.000000 0.000000 0.000000 0.197015 0.146000 2.000000 0.000000 0.000000 0.000000 0.000000 0.000000 0.000000 0.101493 0.272000 2.000000 0.000000 0.000000 0.000000 0.092537 0.332000 2.000000 0.000000 0.000000 0.000000 0.000000 0.000000 0.000000 0.000000 0.000000 0.000000 0.000000 0.000000 0.000000 0.000000 0.000000 0.000000 0.000000 0.000000 0.000000 0.000000 0.000000 0.000000
0 0.723343 0.826300 0.173254 0.213120 0.785075 0.750000 2.000000 0.791045 0.746000 2.000000 0.782090 0.744000 2.000000 0.000000 0.000000 0.000000 0.767164 0.742000 2.000000 0.791045 0.774000 2.000000 0.746269 0.762000 2.000000 0.788060 0.804000 2.000000 0.734328 0.790000 2.000000 0.758209 0.788000 2.000000 0.779104 0.798000 2.000000 0.749254 0.832000 2.000000 0.722388 0.822000 2.000000 0.716418 0.882000 2.000000 0.686567 0.868000 2.000000 0.683582 0.914000 2.000000 0.656716 0.906000 2.000000
0 0.510507 0.774300 0.183642 0.236720 0.570149 0.682000 2.000000 0.579104 0.680000 2.000000 0.567164 0.676000 2.000000 0.585075 0.682000 2.000000 0.549254 0.676000 1.000000 0.591045 0.716000 2.000000 0.528358 0.696000 2.000000 0.585075 0.752000 2.000000 0.483582 0.724000 2.000000 0.570149 0.772000 2.000000 0.483582 0.754000 2.000000 0.546269 0.784000 2.000000 0.501493 0.768000 2.000000 0.522388 0.828000 2.000000 0.477612 0.816000 2.000000 0.447761 0.848000 2.000000 0.456716 0.872000 2.000000
0 0.305955 0.724810 0.114597 0.159380 0.000000 0.000000 0.000000 0.000000 0.000000 0.000000 0.000000 0.000000 0.000000 0.000000 0.000000 0.000000 0.000000 0.000000 0.000000 0.343284 0.680000 2.000000 0.313433 0.672000 2.000000 0.340299 0.716000 2.000000 0.292537 0.692000 2.000000 0.358209 0.698000 1.000000 0.304478 0.702000 2.000000 0.319403 0.726000 2.000000 0.310448 0.716000 2.000000 0.316418 0.756000 2.000000 0.280597 0.750000 2.000000 0.292537 0.794000 2.000000 0.256716 0.780000 2.000000
0 0.228896 0.715600 0.147940 0.215320 0.259701 0.636000 2.000000 0.268657 0.634000 2.000000 0.256716 0.630000 2.000000 0.280597 0.632000 2.000000 0.247761 0.624000 1.000000 0.289552 0.656000 2.000000 0.217910 0.640000 2.000000 0.277612 0.692000 2.000000 0.188060 0.666000 2.000000 0.250746 0.684000 2.000000 0.208955 0.676000 2.000000 0.232836 0.730000 2.000000 0.194030 0.720000 2.000000 0.214925 0.788000 2.000000 0.164179 0.768000 1.000000 0.000000 0.000000 0.000000 0.000000 0.000000 0.000000
0 0.418358 0.744990 0.143164 0.155860 0.468657 0.684000 2.000000 0.471642 0.682000 2.000000 0.465672 0.680000 2.000000 0.480597 0.686000 2.000000 0.456716 0.680000 2.000000 0.477612 0.706000 2.000000 0.438806 0.694000 2.000000 0.468657 0.726000 2.000000 0.420896 0.718000 2.000000 0.438806 0.718000 2.000000 0.453731 0.724000 2.000000 0.441791 0.750000 2.000000 0.414925 0.742000 2.000000 0.423881 0.786000 2.000000 0.388060 0.784000 2.000000 0.408955 0.810000 1.000000 0.367164 0.804000 2.000000
0 0.595522 0.812100 0.202925 0.193680 0.665672 0.740000 2.000000 0.668657 0.736000 2.000000 0.659701 0.736000 2.000000 0.000000 0.000000 0.000000 0.644776 0.732000 2.000000 0.662687 0.758000 2.000000 0.614925 0.748000 1.000000 0.680597 0.778000 2.000000 0.591045 0.778000 2.000000 0.680597 0.786000 2.000000 0.582090 0.806000 2.000000 0.635821 0.810000 2.000000 0.605970 0.804000 2.000000 0.594030 0.852000 2.000000 0.564179 0.850000 2.000000 0.564179 0.888000 2.000000 0.534328 0.886000 2.000000
0 0.093910 0.077530 0.187821 0.155060 0.000000 0.000000 0.000000 0.000000 0.000000 0.000000 0.000000 0.000000 0.000000 0.000000 0.000000 0.000000 0.000000 0.000000 0.000000 0.000000 0.000000 0.000000 0.000000 0.000000 0.000000 0.000000 0.000000 0.000000 0.000000 0.000000 0.000000 0.119403 0.092000 2.000000 0.000000 0.000000 0.000000 0.000000 0.000000 0.000000 0.000000 0.000000 0.000000 0.000000 0.000000 0.000000 0.000000 0.000000 0.000000 0.000000 0.000000 0.000000 0.000000 0.000000 0.000000
0 0.816672 0.849740 0.121463 0.171360 0.853731 0.776000 2.000000 0.865672 0.774000 2.000000 0.853731 0.772000 2.000000 0.000000 0.000000 0.000000 0.841791 0.770000 1.000000 0.862687 0.804000 2.000000 0.814925 0.792000 2.000000 0.859701 0.832000 2.000000 0.794030 0.810000 2.000000 0.853731 0.856000 1.000000 0.776119 0.836000 1.000000 0.826866 0.850000 2.000000 0.794030 0.842000 2.000000 0.811940 0.888000 2.000000 0.779104 0.880000 2.000000 0.802985 0.916000 2.000000 0.770149 0.906000 2.000000
