0 0.415500 0.669170 0.129875 0.322102 0.396875 0.575221 2.000000 0.403125 0.566372 2.000000 0.392188 0.570796 2.000000 0.420312 0.553097 2.000000 0.000000 0.000000 0.000000 0.440625 0.597345 2.000000 0.381250 0.606195 2.000000 0.454688 0.672566 2.000000 0.384375 0.688053 2.000000 0.410938 0.732301 2.000000 0.396875 0.765487 2.000000 0.440625 0.725664 2.000000 0.387500 0.727876 2.000000 0.462500 0.681416 2.000000 0.362500 0.732301 2.000000 0.460938 0.787611 2.000000 0.409375 0.772124 2.000000
0 0.657055 0.433020 0.130141 0.422456 0.648438 0.285398 2.000000 0.657813 0.276549 2.000000 0.640625 0.278761 2.000000 0.673438 0.276549 2.000000 0.631250 0.280973 2.000000 0.693750 0.345133 2.000000 0.612500 0.345133 2.000000 0.703125 0.431416 2.000000 0.607812 0.435841 2.000000 0.707812 0.515487 2.000000 0.601562 0.524336 2.000000 0.678125 0.497788 2.000000 0.631250 0.497788 2.000000 0.676562 0.628319 1.000000 0.631250 0.626106 1.000000 0.000000 0.000000 0.000000 0.000000 0.000000 0.000000
0 0.129352 0.523595 0.122203 0.651704 0.128125 0.285398 2.000000 0.139063 0.272124 2.000000 0.121875 0.272124 2.000000 0.000000 0.000000 0.000000 0.106250 0.267699 2.000000 0.157812 0.327434 2.000000 0.090625 0.327434 2.000000 0.171875 0.420354 2.000000 0.095312 0.426991 2.000000 0.184375 0.493363 2.000000 0.126562 0.491150 2.000000 0.156250 0.471239 2.000000 0.125000 0.471239 2.000000 0.145313 0.626106 2.000000 0.110937 0.619469 2.000000 0.140625 0.765487 2.000000 0.117188 0.769912 2.000000
0 0.763992 0.671261 0.124141 0.347389 0.756250 0.564159 2.000000 0.762500 0.550885 2.000000 0.748437 0.553097 2.000000 0.000000 0.000000 0.000000 0.734375 0.557522 2.000000 0.790625 0.603982 2.000000 0.725000 0.603982 2.000000 0.807813 0.681416 2.000000 0.707812 0.663717 2.000000 0.801562 0.765487 2.000000 0.760938 0.683628 2.000000 0.767188 0.736726 2.000000 0.735938 0.734513 2.000000 0.785937 0.763274 2.000000 0.720313 0.703540 2.000000 0.000000 0.000000 0.000000 0.732812 0.816372 2.000000
0 0.780938 0.454867 0.126688 0.389912 0.753125 0.323009 2.000000 0.757812 0.311947 2.000000 0.745313 0.311947 2.000000 0.768750 0.309735 2.000000 0.734375 0.309735 1.000000 0.792188 0.380531 2.000000 0.718750 0.387168 2.000000 0.801562 0.475664 2.000000 0.000000 0.000000 0.000000 0.806250 0.559735 2.000000 0.000000 0.000000 0.000000 0.790625 0.533186 2.000000 0.735938 0.535398 1.000000 0.796875 0.630531 1.000000 0.000000 0.000000 0.000000 0.820312 0.767699 1.000000 0.000000 0.000000 0.000000
0 0.831172 0.486847 0.122750 0.675642 0.814063 0.214602 2.000000 0.823438 0.205752 2.000000 0.806250 0.205752 2.000000 0.835938 0.212389 2.000000 0.795312 0.210177 2.000000 0.854688 0.278761 2.000000 0.773438 0.278761 1.000000 0.879687 0.389381 2.000000 0.000000 0.000000 0.000000 0.831250 0.382743 2.000000 0.000000 0.000000 0.000000 0.840625 0.477876 2.000000 0.779687 0.477876 1.000000 0.850000 0.630531 2.000000 0.000000 0.000000 0.000000 0.860938 0.787611 2.000000 0.000000 0.000000 0.000000
0 0.524430 0.383197 0.143141 0.331704 0.520312 0.294248 2.000000 0.531250 0.283186 2.000000 0.515625 0.283186 2.000000 0.543750 0.280973 2.000000 0.503125 0.280973 2.000000 0.564063 0.323009 2.000000 0.471875 0.329646 1.000000 0.600000 0.411504 1.000000 0.450000 0.433628 1.000000 0.562500 0.404867 2.000000 0.485938 0.420354 2.000000 0.553125 0.460177 2.000000 0.495312 0.455752 2.000000 0.565625 0.595133 1.000000 0.485938 0.601770 1.000000 0.000000 0.000000 0.000000 0.000000 0.000000 0.000000
0 0.644359 0.682024 0.133313 0.316836 0.634375 0.575221 2.000000 0.642188 0.566372 2.000000 0.628125 0.564159 2.000000 0.657813 0.575221 2.000000 0.617188 0.575221 2.000000 0.675000 0.623894 2.000000 0.604688 0.626106 2.000000 0.681250 0.710177 2.000000 0.582812 0.714602 2.000000 0.662500 0.727876 2.000000 0.606250 0.712389 1.000000 0.665625 0.738938 2.000000 0.618750 0.738938 2.000000 0.703125 0.752212 2.000000 0.595313 0.732301 2.000000 0.664062 0.807522 1.000000 0.610938 0.809735 2.000000
0 0.420422 0.401173 0.122969 0.397655 0.417187 0.269912 2.000000 0.426563 0.258850 2.000000 0.409375 0.258850 2.000000 0.437500 0.267699 2.000000 0.396875 0.267699 2.000000 0.453125 0.331858 2.000000 0.378125 0.338496 2.000000 0.462500 0.422566 1.000000 0.375000 0.422566 2.000000 0.465625 0.517699 2.000000 0.376563 0.511062 2.000000 0.435937 0.480088 2.000000 0.395313 0.475664 2.000000 0.000000 0.000000 0.000000 0.000000 0.000000 0.000000 0.000000 0.000000 0.000000 0.000000 0.000000 0.000000
0 0.531352 0.632080 0.129922 0.422168 0.525000 0.495575 2.000000 0.534375 0.486726 2.000000 0.517188 0.484513 2.000000 0.545312 0.486726 2.000000 0.501563 0.488938 1.000000 0.560937 0.539823 2.000000 0.492188 0.544248 2.000000 0.585938 0.610619 2.000000 0.475000 0.632743 1.000000 0.571875 0.670354 2.000000 0.482812 0.619469 2.000000 0.553125 0.712389 2.000000 0.501563 0.703540 2.000000 0.562500 0.816372 2.000000 0.495312 0.809735 2.000000 0.000000 0.000000 0.000000 0.000000 0.000000 0.000000
0 0.213805 0.665796 0.136703 0.323628 0.220312 0.575221 2.000000 0.231250 0.559735 2.000000 0.214062 0.561947 2.000000 0.240625 0.559735 2.000000 0.203125 0.561947 2.000000 0.250000 0.599558 2.000000 0.200000 0.601770 2.000000 0.259375 0.681416 2.000000 0.156250 0.670354 2.000000 0.232813 0.727876 2.000000 0.176563 0.738938 2.000000 0.239063 0.719027 2.000000 0.206250 0.719027 2.000000 0.000000 0.000000 0.000000 0.000000 0.000000 0.000000 0.000000 0.000000 0.000000 0.000000 0.000000 0.000000
0 0.311063 0.658485 0.107688 0.326128 0.314063 0.557522 2.000000 0.321875 0.548673 2.000000 0.307812 0.546460 2.000000 0.331250 0.542035 2.000000 0.295312 0.542035 1.000000 0.345313 0.581858 2.000000 0.276562 0.610619 2.000000 0.337500 0.657080 2.000000 0.276562 0.688053 2.000000 0.331250 0.568584 2.000000 0.285938 0.738938 2.000000 0.332813 0.699115 2.000000 0.290625 0.701327 2.000000 0.342187 0.674779 2.000000 0.000000 0.000000 0.000000 0.337500 0.787611 2.000000 0.000000 0.000000 0.000000
0 0.302320 0.385343 0.140578 0.432412 0.303125 0.245575 2.000000 0.310937 0.230088 2.000000 0.295312 0.232301 2.000000 0.320312 0.236726 2.000000 0.281250 0.232301 1.000000 0.326562 0.296460 2.000000 0.264062 0.292035 2.000000 0.348438 0.404867 2.000000 0.253125 0.420354 1.000000 0.351562 0.493363 2.000000 0.000000 0.000000 0.000000 0.321875 0.440265 2.000000 0.282813 0.442478 2.000000 0.321875 0.577434 1.000000 0.279687 0.577434 2.000000 0.000000 0.000000 0.000000 0.000000 0.000000 0.000000
