0 0.497547 0.506453 0.555704 0.587094 0.507042 0.293750 2.000000 0.523474 0.279687 2.000000 0.488263 0.279687 2.000000 0.553991 0.287500 2.000000 0.462441 0.285938 2.000000 0.586854 0.340625 2.000000 0.420188 0.335938 2.000000 0.631455 0.414062 2.000000 0.359155 0.404687 2.000000 0.539906 0.410938 1.000000 0.453052 0.407813 1.000000 0.532864 0.503125 1.000000 0.427230 0.498437 1.000000 0.664319 0.607812 2.000000 0.342723 0.603125 1.000000 0.706573 0.729688 2.000000 0.269953 0.731250 2.000000
0 0.393674 0.257133 0.076596 0.125203 0.361502 0.221875 2.000000 0.370892 0.218750 2.000000 0.000000 0.000000 0.000000 0.394366 0.221875 2.000000 0.000000 0.000000 0.000000 0.413146 0.257812 2.000000 0.000000 0.000000 0.000000 0.377934 0.298438 2.000000 0.000000 0.000000 0.000000 0.373239 0.260937 2.000000 0.000000 0.000000 0.000000 0.406103 0.325000 1.000000 0.000000 0.000000 0.000000 0.000000 0.000000 0.000000 0.000000 0.000000 0.000000 0.000000 0.000000 0.000000 0.000000 0.000000 0.000000
0 0.083885 0.299266 0.090211 0.160406 0.061033 0.246875 2.000000 0.070423 0.240625 2.000000 0.053991 0.240625 2.000000 0.079812 0.243750 2.000000 0.042254 0.242188 1.000000 0.098592 0.273438 2.000000 0.035211 0.273438 1.000000 0.112676 0.303125 2.000000 0.000000 0.000000 0.000000 0.100939 0.314063 2.000000 0.000000 0.000000 0.000000 0.084507 0.331250 2.000000 0.051643 0.331250 1.000000 0.000000 0.000000 0.000000 0.000000 0.000000 0.000000 0.000000 0.000000 0.000000 0.000000 0.000000 0.000000
0 0.841714 0.333211 0.124742 0.269516 0.861502 0.226562 2.000000 0.866197 0.221875 2.000000 0.856808 0.221875 2.000000 0.000000 0.000000 0.000000 0.833333 0.223438 2.000000 0.873239 0.251563 2.000000 0.819249 0.250000 2.000000 0.000000 0.000000 0.000000 0.814554 0.284375 2.000000 0.000000 0.000000 0.000000 0.868545 0.275000 2.000000 0.870892 0.331250 2.000000 0.823944 0.334375 2.000000 0.866197 0.392188 2.000000 0.823944 0.393750 2.000000 0.854460 0.453125 2.000000 0.814554 0.457813 2.000000
0 0.190070 0.345992 0.140986 0.305891 0.171362 0.220312 1.000000 0.176056 0.217188 1.000000 0.161972 0.217188 1.000000 0.192488 0.214062 2.000000 0.000000 0.000000 0.000000 0.232394 0.250000 2.000000 0.154930 0.251563 1.000000 0.239437 0.298438 2.000000 0.138498 0.310937 2.000000 0.246479 0.345313 2.000000 0.126761 0.348438 2.000000 0.215962 0.375000 2.000000 0.166667 0.376563 1.000000 0.211268 0.418750 2.000000 0.169014 0.421875 1.000000 0.213615 0.479687 2.000000 0.171362 0.479687 1.000000
0 0.957113 0.342703 0.077653 0.173031 0.969484 0.273438 1.000000 0.000000 0.000000 0.000000 0.962441 0.270313 2.000000 0.000000 0.000000 0.000000 0.946009 0.275000 2.000000 0.946009 0.292187 2.000000 0.936620 0.295312 2.000000 0.950704 0.325000 2.000000 0.934272 0.329688 2.000000 0.967136 0.337500 2.000000 0.962441 0.342187 2.000000 0.946009 0.346875 2.000000 0.934272 0.351562 2.000000 0.936620 0.387500 1.000000 0.929577 0.389062 1.000000 0.929577 0.425000 1.000000 0.924883 0.426563 1.000000
0 0.315575 0.254148 0.086690 0.121297 0.284038 0.214062 2.000000 0.291080 0.210938 2.000000 0.000000 0.000000 0.000000 0.307512 0.214062 2.000000 0.000000 0.000000 0.000000 0.333333 0.242188 2.000000 0.269953 0.239063 1.000000 0.349765 0.273438 2.000000 0.000000 0.000000 0.000000 0.328638 0.265625 2.000000 0.000000 0.000000 0.000000 0.314554 0.323437 1.000000 0.274648 0.323437 1.000000 0.000000 0.000000 0.000000 0.000000 0.000000 0.000000 0.000000 0.000000 0.000000 0.000000 0.000000 0.000000
0 0.715869 0.373805 0.088826 0.204172 0.718310 0.296875 2.000000 0.723005 0.292187 2.000000 0.713615 0.292187 2.000000 0.737089 0.292187 2.000000 0.000000 0.000000 0.000000 0.739437 0.323437 2.000000 0.687793 0.317188 2.000000 0.737089 0.342187 2.000000 0.678404 0.348438 2.000000 0.725352 0.350000 2.000000 0.720657 0.350000 2.000000 0.720657 0.379688 2.000000 0.694836 0.389062 2.000000 0.720657 0.410938 2.000000 0.701878 0.409375 2.000000 0.000000 0.000000 0.000000 0.000000 0.000000 0.000000
0 0.599284 0.258977 0.079131 0.134328 0.579812 0.221875 2.000000 0.589202 0.218750 2.000000 0.575117 0.217188 2.000000 0.000000 0.000000 0.000000 0.558685 0.214062 1.000000 0.612676 0.243750 2.000000 0.000000 0.000000 0.000000 0.626761 0.298438 2.000000 0.000000 0.000000 0.000000 0.640845 0.332813 1.000000 0.000000 0.000000 0.000000 0.593897 0.329688 1.000000 0.000000 0.000000 0.000000 0.000000 0.000000 0.000000 0.000000 0.000000 0.000000 0.000000 0.000000 0.000000 0.000000 0.000000 0.000000
0 0.038908 0.360734 0.075188 0.331031 0.000000 0.000000 0.000000 0.000000 0.000000 0.000000 0.000000 0.000000 0.000000 0.016432 0.221875 2.000000 0.000000 0.000000 0.000000 0.032864 0.259375 2.000000 0.000000 0.000000 0.000000 0.058685 0.312500 2.000000 0.000000 0.000000 0.000000 0.039906 0.348438 2.000000 0.000000 0.000000 0.000000 0.016432 0.348438 2.000000 0.000000 0.000000 0.000000 0.018779 0.431250 2.000000 0.000000 0.000000 0.000000 0.018779 0.495312 2.000000 0.000000 0.000000 0.000000
