0 0.412398 0.518439 0.543391 0.963122 0.528125 0.190141 2.000000 0.531250 0.166667 2.000000 0.501563 0.161972 2.000000 0.000000 0.000000 0.000000 0.431250 0.185446 2.000000 0.504687 0.323944 2.000000 0.379688 0.314554 2.000000 0.543750 0.544601 2.000000 0.335938 0.638498 2.000000 0.603125 0.645540 2.000000 0.485938 0.737089 2.000000 0.309375 0.619718 2.000000 0.193750 0.570423 2.000000 0.457813 0.974178 2.000000 0.198437 0.978873 2.000000 0.000000 0.000000 0.000000 0.000000 0.000000 0.000000
0 0.580719 0.244425 0.102563 0.316925 0.607812 0.150235 2.000000 0.609375 0.136150 2.000000 0.593750 0.143192 2.000000 0.000000 0.000000 0.000000 0.575000 0.159624 2.000000 0.637500 0.218310 1.000000 0.556250 0.239437 2.000000 0.000000 0.000000 0.000000 0.000000 0.000000 0.000000 0.000000 0.000000 0.000000 0.000000 0.000000 0.000000 0.635938 0.380282 1.000000 0.593750 0.392019 1.000000 0.000000 0.000000 0.000000 0.000000 0.000000 0.000000 0.000000 0.000000 0.000000 0.000000 0.000000 0.000000
0 0.258367 0.213251 0.108547 0.326174 0.259375 0.103286 2.000000 0.264062 0.093897 2.000000 0.250000 0.093897 2.000000 0.000000 0.000000 0.000000 0.232813 0.110329 2.000000 0.304688 0.183099 2.000000 0.214062 0.194836 1.000000 0.295312 0.281690 2.000000 0.207813 0.298122 2.000000 0.232813 0.276995 2.000000 0.248438 0.305164 2.000000 0.276562 0.366197 1.000000 0.223438 0.361502 2.000000 0.000000 0.000000 0.000000 0.000000 0.000000 0.000000 0.000000 0.000000 0.000000 0.000000 0.000000 0.000000
0 0.954242 0.327700 0.091516 0.171174 0.965625 0.312207 2.000000 0.976562 0.298122 2.000000 0.959375 0.298122 2.000000 0.987500 0.305164 2.000000 0.935937 0.309859 1.000000 0.000000 0.000000 0.000000 0.925000 0.377934 1.000000 0.000000 0.000000 0.000000 0.000000 0.000000 0.000000 0.000000 0.000000 0.000000 0.000000 0.000000 0.000000 0.000000 0.000000 0.000000 0.000000 0.000000 0.000000 0.000000 0.000000 0.000000 0.000000 0.000000 0.000000 0.000000 0.000000 0.000000 0.000000 0.000000 0.000000
0 0.606547 0.565164 0.321594 0.847183 0.693750 0.253521 2.000000 0.703125 0.227700 2.000000 0.681250 0.234742 2.000000 0.000000 0.000000 0.000000 0.645312 0.251174 2.000000 0.731250 0.300469 2.000000 0.601562 0.312207 2.000000 0.712500 0.457746 2.000000 0.573438 0.516432 2.000000 0.731250 0.549296 2.000000 0.675000 0.612676 1.000000 0.632812 0.488263 2.000000 0.589063 0.481221 2.000000 0.698438 0.694836 1.000000 0.515625 0.715962 2.000000 0.712500 0.922535 2.000000 0.442188 0.910798 1.000000
0 0.860789 0.313040 0.124391 0.192840 0.857812 0.288732 2.000000 0.864062 0.274648 2.000000 0.850000 0.274648 2.000000 0.000000 0.000000 0.000000 0.829688 0.284038 2.000000 0.900000 0.359155 2.000000 0.812500 0.359155 2.000000 0.000000 0.000000 0.000000 0.000000 0.000000 0.000000 0.000000 0.000000 0.000000 0.000000 0.000000 0.000000 0.000000 0.000000 0.000000 0.000000 0.000000 0.000000 0.000000 0.000000 0.000000 0.000000 0.000000 0.000000 0.000000 0.000000 0.000000 0.000000 0.000000 0.000000
0 0.760188 0.182746 0.094812 0.254272 0.740625 0.122066 2.000000 0.750000 0.105634 2.000000 0.731250 0.105634 2.000000 0.000000 0.000000 0.000000 0.720313 0.124413 2.000000 0.771875 0.178404 2.000000 0.714063 0.178404 1.000000 0.785937 0.274648 2.000000 0.000000 0.000000 0.000000 0.764062 0.326291 1.000000 0.000000 0.000000 0.000000 0.000000 0.000000 0.000000 0.000000 0.000000 0.000000 0.000000 0.000000 0.000000 0.000000 0.000000 0.000000 0.000000 0.000000 0.000000 0.000000 0.000000 0.000000
0 0.760930 0.327441 0.098922 0.161408 0.750000 0.312207 2.000000 0.759375 0.295775 2.000000 0.742188 0.295775 2.000000 0.773438 0.302817 2.000000 0.000000 0.000000 0.000000 0.798438 0.368545 2.000000 0.712500 0.368545 1.000000 0.000000 0.000000 0.000000 0.000000 0.000000 0.000000 0.000000 0.000000 0.000000 0.000000 0.000000 0.000000 0.000000 0.000000 0.000000 0.000000 0.000000 0.000000 0.000000 0.000000 0.000000 0.000000 0.000000 0.000000 0.000000 0.000000 0.000000 0.000000 0.000000 0.000000
0 0.871461 0.192723 0.161547 0.326009 0.889062 0.098592 2.000000 0.893750 0.086854 2.000000 0.879687 0.089202 2.000000 0.000000 0.000000 0.000000 0.859375 0.098592 2.000000 0.929688 0.190141 2.000000 0.831250 0.197183 2.000000 0.935937 0.291080 2.000000 0.806250 0.288732 2.000000 0.889062 0.291080 2.000000 0.000000 0.000000 0.000000 0.000000 0.000000 0.000000 0.000000 0.000000 0.000000 0.000000 0.000000 0.000000 0.000000 0.000000 0.000000 0.000000 0.000000 0.000000 0.000000 0.000000 0.000000
0 0.349266 0.179777 0.079281 0.202230 0.392188 0.133803 1.000000 0.390625 0.119718 1.000000 0.382812 0.122066 2.000000 0.000000 0.000000 0.000000 0.351562 0.138498 2.000000 0.390625 0.213615 1.000000 0.331250 0.215962 2.000000 0.000000 0.000000 0.000000 0.342187 0.302817 1.000000 0.000000 0.000000 0.000000 0.000000 0.000000 0.000000 0.000000 0.000000 0.000000 0.000000 0.000000 0.000000 0.000000 0.000000 0.000000 0.000000 0.000000 0.000000 0.000000 0.000000 0.000000 0.000000 0.000000 0.000000
0 0.725734 0.093486 0.157562 0.186972 0.717187 0.016432 2.000000 0.729688 0.004695 2.000000 0.707812 0.002347 2.000000 0.739062 0.007042 2.000000 0.696875 0.009390 1.000000 0.775000 0.100939 2.000000 0.681250 0.105634 2.000000 0.000000 0.000000 0.000000 0.000000 0.000000 0.000000 0.000000 0.000000 0.000000 0.000000 0.000000 0.000000 0.000000 0.000000 0.000000 0.000000 0.000000 0.000000 0.000000 0.000000 0.000000 0.000000 0.000000 0.000000 0.000000 0.000000 0.000000 0.000000 0.000000 0.000000
0 0.131766 0.335164 0.138406 0.530610 0.134375 0.140845 2.000000 0.139063 0.131455 2.000000 0.123438 0.131455 2.000000 0.000000 0.000000 0.000000 0.000000 0.000000 0.000000 0.139063 0.192488 2.000000 0.078125 0.199531 2.000000 0.173437 0.293427 2.000000 0.068750 0.316901 2.000000 0.154688 0.215962 2.000000 0.128125 0.260563 2.000000 0.154688 0.370892 2.000000 0.115625 0.368545 2.000000 0.000000 0.000000 0.000000 0.000000 0.000000 0.000000 0.000000 0.000000 0.000000 0.000000 0.000000 0.000000
