0 0.780915 0.811005 0.180882 0.349722 0.803922 0.673203 2.000000 0.813725 0.668301 2.000000 0.799020 0.668301 2.000000 0.826797 0.669935 2.000000 0.000000 0.000000 0.000000 0.851307 0.718954 2.000000 0.779412 0.712418 1.000000 0.854575 0.771242 2.000000 0.745098 0.748366 1.000000 0.852941 0.830065 2.000000 0.702614 0.754902 2.000000 0.833333 0.812092 2.000000 0.797386 0.813725 2.000000 0.849673 0.887255 2.000000 0.803922 0.877451 2.000000 0.848039 0.962418 2.000000 0.799020 0.955882 2.000000
0 0.368905 0.817042 0.086013 0.318105 0.349673 0.689542 2.000000 0.352941 0.683007 2.000000 0.344771 0.684641 2.000000 0.364379 0.684641 2.000000 0.333333 0.692810 2.000000 0.382353 0.712418 2.000000 0.333333 0.728758 1.000000 0.405229 0.753268 2.000000 0.000000 0.000000 0.000000 0.369281 0.769608 2.000000 0.000000 0.000000 0.000000 0.377451 0.799020 2.000000 0.341503 0.803922 1.000000 0.369281 0.887255 2.000000 0.361111 0.893791 2.000000 0.346405 0.942810 2.000000 0.374183 0.952614 2.000000
0 0.516675 0.814436 0.078382 0.315801 0.506536 0.689542 2.000000 0.511438 0.684641 2.000000 0.500000 0.684641 2.000000 0.000000 0.000000 0.000000 0.000000 0.000000 0.000000 0.545752 0.732026 2.000000 0.473856 0.720588 1.000000 0.552288 0.774510 2.000000 0.000000 0.000000 0.000000 0.524510 0.759804 2.000000 0.000000 0.000000 0.000000 0.521242 0.808824 2.000000 0.491830 0.808824 2.000000 0.527778 0.880719 2.000000 0.490196 0.883987 1.000000 0.526144 0.946078 2.000000 0.486928 0.949346 1.000000
0 0.848873 0.293113 0.238333 0.402533 0.864379 0.140523 2.000000 0.874183 0.133987 2.000000 0.857843 0.133987 2.000000 0.890523 0.143791 2.000000 0.841503 0.147059 2.000000 0.911765 0.178105 2.000000 0.826797 0.207516 2.000000 0.950980 0.142157 2.000000 0.815359 0.254902 2.000000 0.928105 0.062092 1.000000 0.789216 0.330065 2.000000 0.887255 0.325163 2.000000 0.833333 0.318627 2.000000 0.888889 0.419935 2.000000 0.777778 0.385621 2.000000 0.879085 0.503268 1.000000 0.772876 0.467320 2.000000
0 0.666340 0.333096 0.189542 0.323709 0.714052 0.207516 2.000000 0.722222 0.202614 2.000000 0.707516 0.204248 2.000000 0.738562 0.205882 2.000000 0.000000 0.000000 0.000000 0.733660 0.248366 2.000000 0.697712 0.232026 2.000000 0.710784 0.303922 2.000000 0.658497 0.263072 2.000000 0.666667 0.338235 2.000000 0.660131 0.235294 2.000000 0.689542 0.326797 2.000000 0.658497 0.313725 2.000000 0.678105 0.387255 2.000000 0.594771 0.336601 2.000000 0.666667 0.473856 2.000000 0.594771 0.413399 2.000000
0 0.519943 0.334975 0.131650 0.258971 0.522876 0.245098 2.000000 0.529412 0.238562 2.000000 0.516340 0.240196 2.000000 0.000000 0.000000 0.000000 0.495098 0.240196 2.000000 0.517974 0.281046 2.000000 0.478758 0.285948 2.000000 0.529412 0.339869 2.000000 0.477124 0.349673 2.000000 0.550654 0.364379 2.000000 0.526144 0.375817 2.000000 0.513072 0.356209 2.000000 0.480392 0.380719 2.000000 0.588235 0.385621 1.000000 0.575163 0.398693 2.000000 0.544118 0.465686 1.000000 0.534314 0.450980 2.000000
0 0.445458 0.313472 0.103170 0.242533 0.465686 0.220588 2.000000 0.473856 0.215686 2.000000 0.462418 0.214052 2.000000 0.000000 0.000000 0.000000 0.449346 0.220588 2.000000 0.490196 0.253268 2.000000 0.433007 0.254902 2.000000 0.000000 0.000000 0.000000 0.410131 0.308824 2.000000 0.000000 0.000000 0.000000 0.419935 0.282680 2.000000 0.480392 0.325163 1.000000 0.441176 0.326797 2.000000 0.531046 0.328431 1.000000 0.400327 0.382353 2.000000 0.468954 0.341503 1.000000 0.437908 0.403595 2.000000
0 0.671340 0.800629 0.087843 0.343840 0.668301 0.661765 2.000000 0.676471 0.653595 2.000000 0.663399 0.653595 2.000000 0.686275 0.656863 2.000000 0.655229 0.656863 2.000000 0.699346 0.696078 1.000000 0.645425 0.696078 1.000000 0.000000 0.000000 0.000000 0.000000 0.000000 0.000000 0.000000 0.000000 0.000000 0.000000 0.000000 0.000000 0.691176 0.805556 1.000000 0.650327 0.803922 2.000000 0.692810 0.879085 2.000000 0.656863 0.867647 2.000000 0.694444 0.944444 2.000000 0.661765 0.936275 2.000000
0 0.781021 0.218023 0.080866 0.207843 0.769608 0.151961 2.000000 0.774510 0.147059 2.000000 0.763072 0.148693 2.000000 0.789216 0.145425 2.000000 0.000000 0.000000 0.000000 0.799020 0.176471 2.000000 0.767974 0.176471 2.000000 0.808824 0.212418 2.000000 0.746732 0.200980 2.000000 0.812092 0.250000 2.000000 0.728758 0.223856 1.000000 0.803922 0.240196 2.000000 0.776144 0.233660 2.000000 0.754902 0.282680 2.000000 0.736928 0.258170 1.000000 0.807190 0.315359 1.000000 0.766340 0.290850 2.000000
0 0.264967 0.836373 0.092353 0.282810 0.243464 0.720588 2.000000 0.250000 0.715686 2.000000 0.236928 0.715686 2.000000 0.000000 0.000000 0.000000 0.225490 0.722222 2.000000 0.263072 0.750000 2.000000 0.215686 0.750000 1.000000 0.294118 0.787582 1.000000 0.000000 0.000000 0.000000 0.271242 0.833333 1.000000 0.000000 0.000000 0.000000 0.259804 0.848039 2.000000 0.230392 0.848039 1.000000 0.279412 0.905229 2.000000 0.232026 0.910131 1.000000 0.287582 0.957516 2.000000 0.238562 0.957516 2.000000
0 0.606609 0.243423 0.085637 0.155997 0.614379 0.196078 2.000000 0.620915 0.192810 2.000000 0.609477 0.192810 2.000000 0.000000 0.000000 0.000000 0.599673 0.192810 2.000000 0.633987 0.228758 2.000000 0.581699 0.230392 2.000000 0.635621 0.274510 2.000000 0.573529 0.274510 2.000000 0.620915 0.303922 2.000000 0.601307 0.264706 2.000000 0.616013 0.299020 2.000000 0.593137 0.299020 2.000000 0.000000 0.000000 0.000000 0.578431 0.315359 2.000000 0.000000 0.000000 0.000000 0.591503 0.397059 1.000000
