0 0.423630 0.494657 0.342500 0.988776 0.528000 0.265672 2.000000 0.000000 0.000000 0.000000 0.514000 0.256716 2.000000 0.000000 0.000000 0.000000 0.000000 0.000000 0.000000 0.528000 0.438806 2.000000 0.420000 0.501493 2.000000 0.562000 0.179104 2.000000 0.358000 0.656716 2.000000 0.000000 0.000000 0.000000 0.398000 0.423881 2.000000 0.434000 0.898507 2.000000 0.342000 0.883582 2.000000 0.000000 0.000000 0.000000 0.000000 0.000000 0.000000 0.000000 0.000000 0.000000 0.000000 0.000000 0.000000
0 0.946760 0.834537 0.106480 0.324776 0.990000 0.752239 2.000000 0.998000 0.740299 2.000000 0.978000 0.740299 2.000000 0.000000 0.000000 0.000000 0.964000 0.734328 2.000000 0.000000 0.000000 0.000000 0.938000 0.829851 2.000000 0.000000 0.000000 0.000000 0.916000 0.922388 2.000000 0.984000 0.814925 2.000000 0.998000 0.919403 2.000000 0.000000 0.000000 0.000000 0.938000 0.970149 2.000000 0.000000 0.000000 0.000000 0.000000 0.000000 0.000000 0.000000 0.000000 0.000000 0.000000 0.000000 0.000000
0 0.716880 0.815463 0.184520 0.318269 0.668000 0.728358 2.000000 0.682000 0.710448 2.000000 0.654000 0.719403 2.000000 0.696000 0.719403 2.000000 0.642000 0.746269 2.000000 0.718000 0.776119 2.000000 0.624000 0.841791 1.000000 0.774000 0.859701 2.000000 0.000000 0.000000 0.000000 0.764000 0.967164 1.000000 0.000000 0.000000 0.000000 0.758000 0.985075 1.000000 0.000000 0.000000 0.000000 0.000000 0.000000 0.000000 0.000000 0.000000 0.000000 0.000000 0.000000 0.000000 0.000000 0.000000 0.000000
0 0.735770 0.462567 0.140860 0.204478 0.748000 0.426866 2.000000 0.758000 0.417910 2.000000 0.738000 0.417910 2.000000 0.768000 0.426866 2.000000 0.726000 0.423881 1.000000 0.786000 0.480597 2.000000 0.722000 0.486567 2.000000 0.800000 0.528358 2.000000 0.676000 0.537313 2.000000 0.740000 0.561194 2.000000 0.722000 0.543284 2.000000 0.772000 0.623881 1.000000 0.730000 0.626866 1.000000 0.000000 0.000000 0.000000 0.000000 0.000000 0.000000 0.000000 0.000000 0.000000 0.000000 0.000000 0.000000
0 0.074050 0.221582 0.123700 0.394448 0.072000 0.089552 2.000000 0.080000 0.074627 2.000000 0.060000 0.077612 2.000000 0.092000 0.086567 2.000000 0.048000 0.086567 2.000000 0.116000 0.155224 2.000000 0.038000 0.161194 2.000000 0.000000 0.000000 0.000000 0.026000 0.241791 2.000000 0.000000 0.000000 0.000000 0.062000 0.259701 2.000000 0.106000 0.286567 1.000000 0.058000 0.292537 1.000000 0.000000 0.000000 0.000000 0.024000 0.301493 2.000000 0.000000 0.000000 0.000000 0.046000 0.382090 2.000000
0 0.282800 0.325522 0.168240 0.485194 0.300000 0.158209 2.000000 0.306000 0.143284 2.000000 0.286000 0.140299 2.000000 0.000000 0.000000 0.000000 0.266000 0.146269 2.000000 0.332000 0.223881 2.000000 0.236000 0.205970 2.000000 0.334000 0.328358 2.000000 0.224000 0.301493 2.000000 0.308000 0.367164 2.000000 0.000000 0.000000 0.000000 0.306000 0.382090 2.000000 0.252000 0.379104 2.000000 0.254000 0.435821 2.000000 0.212000 0.408955 2.000000 0.290000 0.531343 2.000000 0.224000 0.531343 2.000000
0 0.903960 0.462254 0.169480 0.180448 0.902000 0.438806 2.000000 0.908000 0.426866 2.000000 0.892000 0.429851 2.000000 0.932000 0.432836 2.000000 0.878000 0.429851 1.000000 0.954000 0.483582 2.000000 0.870000 0.489552 2.000000 0.956000 0.528358 2.000000 0.836000 0.528358 2.000000 0.894000 0.531343 2.000000 0.898000 0.537313 2.000000 0.000000 0.000000 0.000000 0.000000 0.000000 0.000000 0.000000 0.000000 0.000000 0.000000 0.000000 0.000000 0.000000 0.000000 0.000000 0.000000 0.000000 0.000000
0 0.141570 0.351582 0.154740 0.368537 0.140000 0.226866 2.000000 0.148000 0.217910 2.000000 0.132000 0.217910 2.000000 0.156000 0.223881 2.000000 0.116000 0.220896 2.000000 0.160000 0.283582 1.000000 0.094000 0.286567 1.000000 0.000000 0.000000 0.000000 0.074000 0.397015 2.000000 0.000000 0.000000 0.000000 0.102000 0.349254 2.000000 0.146000 0.405970 2.000000 0.118000 0.411940 1.000000 0.170000 0.379104 2.000000 0.142000 0.492537 2.000000 0.130000 0.516418 1.000000 0.000000 0.000000 0.000000
0 0.070010 0.631851 0.140020 0.401433 0.008000 0.507463 2.000000 0.016000 0.495522 2.000000 0.002000 0.495522 2.000000 0.000000 0.000000 0.000000 0.000000 0.000000 0.000000 0.034000 0.576119 2.000000 0.000000 0.000000 0.000000 0.128000 0.602985 2.000000 0.000000 0.000000 0.000000 0.068000 0.626866 2.000000 0.000000 0.000000 0.000000 0.022000 0.859701 1.000000 0.000000 0.000000 0.000000 0.000000 0.000000 0.000000 0.000000 0.000000 0.000000 0.000000 0.000000 0.000000 0.000000 0.000000 0.000000
0 0.903680 0.398507 0.142880 0.188776 0.000000 0.000000 0.000000 0.000000 0.000000 0.000000 0.000000 0.000000 0.000000 0.000000 0.000000 0.000000 0.000000 0.000000 0.000000 0.950000 0.450746 2.000000 0.862000 0.447761 2.000000 0.000000 0.000000 0.000000 0.842000 0.519403 1.000000 0.000000 0.000000 0.000000 0.000000 0.000000 0.000000 0.000000 0.000000 0.000000 0.000000 0.000000 0.000000 0.000000 0.000000 0.000000 0.000000 0.000000 0.000000 0.000000 0.000000 0.000000 0.000000 0.000000 0.000000
0 0.385920 0.260955 0.111360 0.299881 0.392000 0.185075 2.000000 0.398000 0.173134 2.000000 0.384000 0.173134 2.000000 0.000000 0.000000 0.000000 0.370000 0.185075 2.000000 0.430000 0.241791 2.000000 0.354000 0.238806 2.000000 0.000000 0.000000 0.000000 0.334000 0.319403 1.000000 0.000000 0.000000 0.000000 0.382000 0.322388 2.000000 0.424000 0.400000 1.000000 0.364000 0.400000 1.000000 0.000000 0.000000 0.000000 0.000000 0.000000 0.000000 0.000000 0.000000 0.000000 0.000000 0.000000 0.000000
