0 0.565802 0.534203 0.261104 0.558437 0.577083 0.315625 2.000000 0.589583 0.306250 2.000000 0.564583 0.306250 2.000000 0.612500 0.306250 2.000000 0.537500 0.304688 2.000000 0.635417 0.354687 2.000000 0.506250 0.353125 2.000000 0.670833 0.437500 2.000000 0.452083 0.418750 1.000000 0.679167 0.510938 2.000000 0.452083 0.476562 1.000000 0.622917 0.514062 2.000000 0.514583 0.512500 1.000000 0.627083 0.639062 2.000000 0.497917 0.632812 2.000000 0.635417 0.745313 2.000000 0.506250 0.750000 2.000000
0 0.290594 0.659773 0.230437 0.257422 0.270833 0.575000 2.000000 0.283333 0.568750 2.000000 0.254167 0.567187 2.000000 0.297917 0.579688 2.000000 0.231250 0.579688 2.000000 0.308333 0.593750 1.000000 0.191667 0.596875 1.000000 0.364583 0.703125 2.000000 0.183333 0.704688 1.000000 0.304167 0.643750 2.000000 0.222917 0.634375 2.000000 0.293750 0.717187 2.000000 0.218750 0.718750 2.000000 0.385417 0.715625 2.000000 0.175000 0.721875 1.000000 0.231250 0.760938 2.000000 0.316667 0.770312 2.000000
0 0.379021 0.513227 0.668167 0.608984 0.331250 0.270313 2.000000 0.331250 0.257812 2.000000 0.314583 0.259375 2.000000 0.000000 0.000000 0.000000 0.272917 0.259375 2.000000 0.337500 0.310937 2.000000 0.216667 0.307812 2.000000 0.362500 0.407813 2.000000 0.108333 0.282813 2.000000 0.400000 0.362500 2.000000 0.208333 0.260937 2.000000 0.320833 0.437500 2.000000 0.233333 0.454688 2.000000 0.472917 0.434375 2.000000 0.152083 0.615625 2.000000 0.600000 0.557813 2.000000 0.100000 0.770312 2.000000
0 0.798125 0.687641 0.403750 0.624719 0.000000 0.000000 0.000000 0.000000 0.000000 0.000000 0.000000 0.000000 0.000000 0.841667 0.440625 2.000000 0.935417 0.445312 2.000000 0.806250 0.482812 2.000000 0.983333 0.504687 2.000000 0.787500 0.531250 2.000000 0.000000 0.000000 0.000000 0.687500 0.623437 2.000000 0.000000 0.000000 0.000000 0.831250 0.659375 2.000000 0.954167 0.673438 2.000000 0.810417 0.821875 2.000000 0.897917 0.862500 2.000000 0.783333 0.909375 2.000000 0.850000 0.987500 2.000000
0 0.154302 0.391008 0.308604 0.543828 0.168750 0.207813 2.000000 0.000000 0.000000 0.000000 0.152083 0.193750 2.000000 0.000000 0.000000 0.000000 0.120833 0.198437 2.000000 0.000000 0.000000 0.000000 0.097917 0.239063 2.000000 0.000000 0.000000 0.000000 0.212500 0.262500 1.000000 0.000000 0.000000 0.000000 0.247917 0.176563 2.000000 0.131250 0.434375 2.000000 0.091667 0.453125 2.000000 0.127083 0.503125 2.000000 0.035417 0.600000 2.000000 0.000000 0.000000 0.000000 0.000000 0.000000 0.000000
0 0.066687 0.327945 0.133375 0.461547 0.000000 0.000000 0.000000 0.000000 0.000000 0.000000 0.000000 0.000000 0.000000 0.033333 0.248438 2.000000 0.000000 0.000000 0.000000 0.033333 0.275000 2.000000 0.116667 0.312500 2.000000 0.000000 0.000000 0.000000 0.000000 0.000000 0.000000 0.060417 0.142187 2.000000 0.000000 0.000000 0.000000 0.000000 0.000000 0.000000 0.033333 0.484375 2.000000 0.000000 0.000000 0.000000 0.000000 0.000000 0.000000 0.000000 0.000000 0.000000 0.000000 0.000000 0.000000
0 0.480250 0.656898 0.216458 0.276953 0.472917 0.556250 2.000000 0.000000 0.000000 0.000000 0.462500 0.545312 2.000000 0.000000 0.000000 0.000000 0.445833 0.554688 2.000000 0.543750 0.606250 1.000000 0.427083 0.606250 2.000000 0.575000 0.660937 2.000000 0.395833 0.657813 2.000000 0.531250 0.645312 1.000000 0.431250 0.650000 2.000000 0.533333 0.706250 1.000000 0.450000 0.704688 2.000000 0.572917 0.662500 2.000000 0.408333 0.665625 2.000000 0.470833 0.750000 1.000000 0.529167 0.753125 1.000000
0 0.427094 0.234219 0.179979 0.135969 0.404167 0.214062 2.000000 0.414583 0.206250 2.000000 0.391667 0.207813 2.000000 0.000000 0.000000 0.000000 0.377083 0.206250 2.000000 0.464583 0.239063 2.000000 0.341667 0.239063 2.000000 0.508333 0.295312 1.000000 0.300000 0.292187 1.000000 0.464583 0.301563 2.000000 0.366667 0.289062 2.000000 0.454167 0.334375 1.000000 0.350000 0.337500 1.000000 0.000000 0.000000 0.000000 0.000000 0.000000 0.000000 0.000000 0.000000 0.000000 0.000000 0.000000 0.000000
0 0.549750 0.142797 0.127250 0.134500 0.558333 0.109375 2.000000 0.566667 0.103125 2.000000 0.545833 0.103125 2.000000 0.000000 0.000000 0.000000 0.529167 0.112500 2.000000 0.595833 0.159375 2.000000 0.502083 0.151562 2.000000 0.602083 0.203125 2.000000 0.000000 0.000000 0.000000 0.572917 0.167187 2.000000 0.000000 0.000000 0.000000 0.000000 0.000000 0.000000 0.000000 0.000000 0.000000 0.000000 0.000000 0.000000 0.000000 0.000000 0.000000 0.000000 0.000000 0.000000 0.000000 0.000000 0.000000
0 0.550823 0.203773 0.153771 0.132891 0.545833 0.181250 2.000000 0.556250 0.173437 2.000000 0.533333 0.175000 2.000000 0.570833 0.173437 2.000000 0.522917 0.178125 2.000000 0.608333 0.217188 2.000000 0.487500 0.221875 2.000000 0.000000 0.000000 0.000000 0.000000 0.000000 0.000000 0.000000 0.000000 0.000000 0.000000 0.000000 0.000000 0.000000 0.000000 0.000000 0.000000 0.000000 0.000000 0.000000 0.000000 0.000000 0.000000 0.000000 0.000000 0.000000 0.000000 0.000000 0.000000 0.000000 0.000000
0 0.723604 0.632883 0.125958 0.247047 0.756250 0.546875 1.000000 0.768750 0.540625 1.000000 0.741667 0.542188 2.000000 0.781250 0.545312 1.000000 0.725000 0.545312 2.000000 0.797917 0.596875 1.000000 0.675000 0.593750 2.000000 0.000000 0.000000 0.000000 0.627083 0.667188 1.000000 0.000000 0.000000 0.000000 0.687500 0.692187 2.000000 0.781250 0.723437 1.000000 0.670833 0.721875 2.000000 0.000000 0.000000 0.000000 0.000000 0.000000 0.000000 0.000000 0.000000 0.000000 0.000000 0.000000 0.000000
0 0.794448 0.310016 0.228271 0.159125 0.793750 0.284375 2.000000 0.806250 0.275000 2.000000 0.785417 0.275000 2.000000 0.820833 0.284375 2.000000 0.772917 0.278125 2.000000 0.847917 0.331250 2.000000 0.720833 0.332813 2.000000 0.856250 0.389062 1.000000 0.729167 0.396875 1.000000 0.847917 0.426563 1.000000 0.770833 0.442188 1.000000 0.822917 0.440625 1.000000 0.743750 0.440625 1.000000 0.000000 0.000000 0.000000 0.754167 0.415625 1.000000 0.000000 0.000000 0.000000 0.000000 0.000000 0.000000
0 0.925573 0.280281 0.127312 0.215563 0.941667 0.209375 2.000000 0.952083 0.201563 2.000000 0.931250 0.203125 2.000000 0.977083 0.209375 1.000000 0.918750 0.209375 2.000000 0.985417 0.242188 1.000000 0.883333 0.242188 2.000000 0.000000 0.000000 0.000000 0.872917 0.296875 2.000000 0.000000 0.000000 0.000000 0.941667 0.301563 2.000000 0.979167 0.357812 1.000000 0.906250 0.360938 2.000000 0.000000 0.000000 0.000000 0.000000 0.000000 0.000000 0.000000 0.000000 0.000000 0.000000 0.000000 0.000000
