0 0.146820 0.523589 0.268109 0.925842 0.198437 0.227723 2.000000 0.220312 0.205446 2.000000 0.176563 0.195545 2.000000 0.000000 0.000000 0.000000 0.131250 0.220297 2.000000 0.231250 0.386139 2.000000 0.084375 0.423267 2.000000 0.000000 0.000000 0.000000 0.064062 0.742574 2.000000 0.000000 0.000000 0.000000 0.087500 0.680693 2.000000 0.195312 0.801980 2.000000 0.100000 0.806931 2.000000 0.000000 0.000000 0.000000 0.000000 0.000000 0.000000 0.000000 0.000000 0.000000 0.000000 0.000000 0.000000
0 0.363148 0.501114 0.272359 0.862921 0.334375 0.247525 2.000000 0.362500 0.225248 2.000000 0.317188 0.215347 2.000000 0.389062 0.210396 2.000000 0.290625 0.200495 2.000000 0.465625 0.388614 2.000000 0.243750 0.378713 1.000000 0.464062 0.658416 2.000000 0.000000 0.000000 0.000000 0.406250 0.844059 2.000000 0.000000 0.000000 0.000000 0.389062 0.757426 2.000000 0.253125 0.757426 2.000000 0.000000 0.000000 0.000000 0.000000 0.000000 0.000000 0.000000 0.000000 0.000000 0.000000 0.000000 0.000000
0 0.533375 0.472661 0.241156 0.766312 0.512500 0.262376 2.000000 0.531250 0.225248 2.000000 0.495312 0.232673 2.000000 0.564063 0.230198 2.000000 0.478125 0.235149 2.000000 0.626563 0.418317 2.000000 0.453125 0.381188 1.000000 0.626563 0.601485 2.000000 0.000000 0.000000 0.000000 0.606250 0.747525 2.000000 0.000000 0.000000 0.000000 0.592187 0.710396 2.000000 0.484375 0.720297 1.000000 0.648438 0.883663 1.000000 0.546875 0.943069 1.000000 0.000000 0.000000 0.000000 0.000000 0.000000 0.000000
0 0.802570 0.405408 0.382453 0.677946 0.693750 0.230198 2.000000 0.706250 0.188119 2.000000 0.662500 0.210396 2.000000 0.732812 0.185644 2.000000 0.646875 0.235149 2.000000 0.825000 0.309406 2.000000 0.646875 0.361386 2.000000 0.942187 0.423267 2.000000 0.618750 0.539604 1.000000 0.925000 0.680693 2.000000 0.610938 0.712871 1.000000 0.857812 0.730198 1.000000 0.728125 0.757426 1.000000 0.000000 0.000000 0.000000 0.000000 0.000000 0.000000 0.000000 0.000000 0.000000 0.000000 0.000000 0.000000
0 0.931945 0.361807 0.136109 0.548317 0.000000 0.000000 0.000000 0.000000 0.000000 0.000000 0.000000 0.000000 0.000000 0.934375 0.183168 2.000000 0.000000 0.000000 0.000000 0.915625 0.314356 2.000000 0.000000 0.000000 0.000000 0.000000 0.000000 0.000000 0.000000 0.000000 0.000000 0.000000 0.000000 0.000000 0.000000 0.000000 0.000000 0.906250 0.576733 1.000000 0.992188 0.564356 1.000000 0.000000 0.000000 0.000000 0.000000 0.000000 0.000000 0.000000 0.000000 0.000000 0.000000 0.000000 0.000000
0 0.771516 0.070421 0.075281 0.140842 0.784375 0.029703 2.000000 0.787500 0.022277 2.000000 0.779687 0.022277 2.000000 0.000000 0.000000 0.000000 0.764062 0.019802 2.000000 0.787500 0.064356 1.000000 0.743750 0.059406 2.000000 0.000000 0.000000 0.000000 0.000000 0.000000 0.000000 0.000000 0.000000 0.000000 0.000000 0.000000 0.000000 0.000000 0.000000 0.000000 0.000000 0.000000 0.000000 0.000000 0.000000 0.000000 0.000000 0.000000 0.000000 0.000000 0.000000 0.000000 0.000000 0.000000 0.000000
0 0.502164 0.062921 0.087953 0.125842 0.000000 0.000000 0.000000 0.000000 0.000000 0.000000 0.000000 0.000000 0.000000 0.000000 0.000000 0.000000 0.000000 0.000000 0.000000 0.000000 0.000000 0.000000 0.000000 0.000000 0.000000 0.000000 0.000000 0.000000 0.000000 0.000000 0.000000 0.000000 0.000000 0.000000 0.000000 0.000000 0.000000 0.481250 0.047030 2.000000 0.520312 0.056931 2.000000 0.000000 0.000000 0.000000 0.000000 0.000000 0.000000 0.000000 0.000000 0.000000 0.000000 0.000000 0.000000
0 0.292359 0.087970 0.077219 0.173020 0.000000 0.000000 0.000000 0.000000 0.000000 0.000000 0.000000 0.000000 0.000000 0.000000 0.000000 0.000000 0.000000 0.000000 0.000000 0.000000 0.000000 0.000000 0.000000 0.000000 0.000000 0.000000 0.000000 0.000000 0.000000 0.000000 0.000000 0.000000 0.000000 0.000000 0.000000 0.000000 0.000000 0.314063 0.054455 2.000000 0.275000 0.039604 2.000000 0.000000 0.000000 0.000000 0.279687 0.136139 2.000000 0.000000 0.000000 0.000000 0.000000 0.000000 0.000000
0 0.803352 0.132129 0.106984 0.242574 0.785937 0.034653 1.000000 0.792188 0.027228 1.000000 0.781250 0.024752 1.000000 0.000000 0.000000 0.000000 0.765625 0.019802 1.000000 0.789062 0.061881 2.000000 0.754687 0.064356 1.000000 0.000000 0.000000 0.000000 0.000000 0.000000 0.000000 0.000000 0.000000 0.000000 0.000000 0.000000 0.000000 0.000000 0.000000 0.000000 0.000000 0.000000 0.000000 0.000000 0.000000 0.000000 0.000000 0.000000 0.000000 0.000000 0.000000 0.000000 0.000000 0.000000 0.000000
0 0.561820 0.158354 0.075547 0.287203 0.589063 0.106436 2.000000 0.000000 0.000000 0.000000 0.000000 0.000000 0.000000 0.000000 0.000000 0.000000 0.568750 0.103960 2.000000 0.000000 0.000000 0.000000 0.539062 0.155941 1.000000 0.000000 0.000000 0.000000 0.567187 0.262376 1.000000 0.000000 0.000000 0.000000 0.578125 0.173267 2.000000 0.000000 0.000000 0.000000 0.000000 0.000000 0.000000 0.000000 0.000000 0.000000 0.000000 0.000000 0.000000 0.000000 0.000000 0.000000 0.000000 0.000000 0.000000
0 0.369992 0.067339 0.080984 0.132005 0.000000 0.000000 0.000000 0.000000 0.000000 0.000000 0.000000 0.000000 0.000000 0.000000 0.000000 0.000000 0.000000 0.000000 0.000000 0.000000 0.000000 0.000000 0.000000 0.000000 0.000000 0.000000 0.000000 0.000000 0.000000 0.000000 0.000000 0.000000 0.000000 0.000000 0.000000 0.000000 0.000000 0.345313 0.086634 1.000000 0.400000 0.089109 2.000000 0.000000 0.000000 0.000000 0.000000 0.000000 0.000000 0.000000 0.000000 0.000000 0.000000 0.000000 0.000000
