0 0.506695 0.504461 0.229609 0.641148 0.453125 0.271663 2.000000 0.465625 0.252927 2.000000 0.442188 0.257611 2.000000 0.489063 0.262295 2.000000 0.000000 0.000000 0.000000 0.496875 0.341920 2.000000 0.440625 0.351288 2.000000 0.512500 0.442623 2.000000 0.428125 0.430913 2.000000 0.478125 0.498829 2.000000 0.412500 0.496487 2.000000 0.512500 0.494145 2.000000 0.465625 0.508197 2.000000 0.534375 0.651054 2.000000 0.435937 0.627635 2.000000 0.593750 0.660422 2.000000 0.431250 0.779859 2.000000
0 0.743633 0.495960 0.133172 0.525269 0.740625 0.311475 2.000000 0.753125 0.304450 2.000000 0.735938 0.299766 2.000000 0.782813 0.316159 2.000000 0.000000 0.000000 0.000000 0.784375 0.393443 2.000000 0.735938 0.353630 2.000000 0.768750 0.487119 2.000000 0.000000 0.000000 0.000000 0.714063 0.468384 2.000000 0.000000 0.000000 0.000000 0.767188 0.538642 2.000000 0.739062 0.519906 2.000000 0.770312 0.648712 2.000000 0.698438 0.599532 2.000000 0.775000 0.725995 2.000000 0.746875 0.601874 2.000000
0 0.357219 0.896780 0.261344 0.206440 0.000000 0.000000 0.000000 0.000000 0.000000 0.000000 0.000000 0.000000 0.000000 0.259375 0.981265 2.000000 0.418750 0.981265 2.000000 0.000000 0.000000 0.000000 0.000000 0.000000 0.000000 0.000000 0.000000 0.000000 0.000000 0.000000 0.000000 0.000000 0.000000 0.000000 0.000000 0.000000 0.000000 0.000000 0.000000 0.000000 0.000000 0.000000 0.000000 0.000000 0.000000 0.000000 0.000000 0.000000 0.000000 0.000000 0.000000 0.000000 0.000000 0.000000 0.000000
0 0.091664 0.358103 0.180328 0.524778 0.057813 0.168618 2.000000 0.068750 0.154567 2.000000 0.048438 0.152225 2.000000 0.079687 0.166276 2.000000 0.031250 0.166276 2.000000 0.089063 0.224824 2.000000 0.014063 0.229508 2.000000 0.115625 0.339578 2.000000 0.043750 0.365340 2.000000 0.156250 0.344262 1.000000 0.115625 0.355972 2.000000 0.093750 0.377049 2.000000 0.029687 0.386417 1.000000 0.164062 0.379391 2.000000 0.087500 0.393443 2.000000 0.139063 0.566745 2.000000 0.090625 0.578454 2.000000
0 0.348633 0.252506 0.168797 0.330773 0.320312 0.168618 2.000000 0.325000 0.149883 2.000000 0.309375 0.152225 2.000000 0.335938 0.152225 2.000000 0.292187 0.163934 2.000000 0.339062 0.227166 2.000000 0.282813 0.234192 2.000000 0.000000 0.000000 0.000000 0.281250 0.325527 2.000000 0.000000 0.000000 0.000000 0.300000 0.348946 2.000000 0.000000 0.000000 0.000000 0.000000 0.000000 0.000000 0.000000 0.000000 0.000000 0.000000 0.000000 0.000000 0.000000 0.000000 0.000000 0.000000 0.000000 0.000000
0 0.372742 0.311358 0.135297 0.299953 0.365625 0.227166 2.000000 0.371875 0.217799 2.000000 0.357812 0.217799 2.000000 0.000000 0.000000 0.000000 0.343750 0.220141 2.000000 0.379688 0.264637 2.000000 0.348438 0.266979 2.000000 0.000000 0.000000 0.000000 0.328125 0.295082 2.000000 0.000000 0.000000 0.000000 0.325000 0.311475 2.000000 0.393750 0.327869 2.000000 0.362500 0.351288 2.000000 0.000000 0.000000 0.000000 0.389062 0.332553 2.000000 0.000000 0.000000 0.000000 0.393750 0.421546 2.000000
0 0.442898 0.221054 0.073328 0.207026 0.456250 0.182670 2.000000 0.462500 0.168618 2.000000 0.450000 0.168618 2.000000 0.473438 0.170960 2.000000 0.429688 0.170960 2.000000 0.000000 0.000000 0.000000 0.417187 0.245902 2.000000 0.000000 0.000000 0.000000 0.000000 0.000000 0.000000 0.000000 0.000000 0.000000 0.000000 0.000000 0.000000 0.000000 0.000000 0.000000 0.460938 0.379391 1.000000 0.000000 0.000000 0.000000 0.000000 0.000000 0.000000 0.000000 0.000000 0.000000 0.000000 0.000000 0.000000
0 0.913055 0.289895 0.173891 0.458431 0.910937 0.126464 2.000000 0.917188 0.114754 2.000000 0.900000 0.117096 2.000000 0.000000 0.000000 0.000000 0.879687 0.119438 2.000000 0.937500 0.145199 2.000000 0.879687 0.170960 2.000000 0.000000 0.000000 0.000000 0.948438 0.238876 2.000000 0.950000 0.257611 2.000000 0.946875 0.161593 2.000000 0.942187 0.259953 2.000000 0.895312 0.278689 2.000000 0.000000 0.000000 0.000000 0.956250 0.269321 2.000000 0.000000 0.000000 0.000000 0.979688 0.470726 2.000000
0 0.244109 0.193337 0.090531 0.247283 0.231250 0.100703 2.000000 0.237500 0.093677 2.000000 0.000000 0.000000 0.000000 0.253125 0.100703 2.000000 0.000000 0.000000 0.000000 0.267188 0.131148 2.000000 0.237500 0.133489 2.000000 0.285938 0.156909 2.000000 0.217188 0.170960 2.000000 0.278125 0.196721 1.000000 0.204687 0.206089 1.000000 0.264062 0.220141 2.000000 0.246875 0.220141 2.000000 0.268750 0.271663 1.000000 0.246875 0.274005 2.000000 0.000000 0.000000 0.000000 0.000000 0.000000 0.000000
0 0.542602 0.178630 0.130859 0.276511 0.487500 0.086651 2.000000 0.493750 0.077283 2.000000 0.485938 0.077283 2.000000 0.509375 0.074941 2.000000 0.000000 0.000000 0.000000 0.518750 0.105386 2.000000 0.496875 0.117096 2.000000 0.557813 0.163934 2.000000 0.517188 0.168618 2.000000 0.575000 0.220141 2.000000 0.529687 0.203747 2.000000 0.587500 0.133489 2.000000 0.557813 0.161593 2.000000 0.579688 0.222482 2.000000 0.531250 0.222482 2.000000 0.590625 0.320843 1.000000 0.525000 0.309133 1.000000
0 0.852352 0.322471 0.250391 0.433700 0.778125 0.149883 2.000000 0.785937 0.138173 2.000000 0.770312 0.140515 2.000000 0.000000 0.000000 0.000000 0.756250 0.154567 2.000000 0.804688 0.213115 2.000000 0.742188 0.220141 2.000000 0.823438 0.288056 2.000000 0.745313 0.306792 1.000000 0.000000 0.000000 0.000000 0.000000 0.000000 0.000000 0.814063 0.346604 2.000000 0.756250 0.372365 1.000000 0.864062 0.346604 2.000000 0.867188 0.304450 2.000000 0.851562 0.482436 2.000000 0.928125 0.423888 2.000000
0 0.866234 0.101745 0.145094 0.203489 0.000000 0.000000 0.000000 0.000000 0.000000 0.000000 0.000000 0.000000 0.000000 0.000000 0.000000 0.000000 0.000000 0.000000 0.000000 0.910937 0.002342 1.000000 0.829688 0.002342 2.000000 0.932813 0.070258 2.000000 0.801562 0.088993 2.000000 0.000000 0.000000 0.000000 0.828125 0.067916 2.000000 0.893750 0.159251 1.000000 0.837500 0.156909 2.000000 0.000000 0.000000 0.000000 0.000000 0.000000 0.000000 0.000000 0.000000 0.000000 0.000000 0.000000 0.000000
