0 0.467021 0.642672 0.243292 0.264906 0.000000 0.000000 0.000000 0.000000 0.000000 0.000000 0.000000 0.000000 0.000000 0.000000 0.000000 0.000000 0.000000 0.000000 0.000000 0.464583 0.559375 2.000000 0.527083 0.570312 2.000000 0.416667 0.584375 2.000000 0.575000 0.573438 2.000000 0.375000 0.589063 2.000000 0.581250 0.565625 2.000000 0.481250 0.631250 2.000000 0.512500 0.629687 2.000000 0.491667 0.692187 2.000000 0.518750 0.679688 2.000000 0.520833 0.750000 2.000000 0.552083 0.732812 2.000000
0 0.737240 0.427148 0.102063 0.162641 0.745833 0.373437 2.000000 0.750000 0.370312 2.000000 0.741667 0.370312 2.000000 0.762500 0.370312 2.000000 0.000000 0.000000 0.000000 0.766667 0.387500 2.000000 0.729167 0.385937 2.000000 0.775000 0.417187 2.000000 0.718750 0.406250 2.000000 0.756250 0.432812 2.000000 0.714583 0.428125 2.000000 0.760417 0.426563 2.000000 0.731250 0.425000 2.000000 0.737500 0.448437 2.000000 0.710417 0.448437 2.000000 0.733333 0.490625 2.000000 0.718750 0.487500 2.000000
0 0.546333 0.372008 0.075500 0.080047 0.535417 0.353125 2.000000 0.541667 0.350000 2.000000 0.535417 0.348438 2.000000 0.556250 0.353125 2.000000 0.000000 0.000000 0.000000 0.566667 0.365625 2.000000 0.525000 0.365625 2.000000 0.577083 0.395313 2.000000 0.522917 0.393750 2.000000 0.554167 0.407813 2.000000 0.531250 0.407813 2.000000 0.560417 0.404687 2.000000 0.531250 0.404687 2.000000 0.000000 0.000000 0.000000 0.000000 0.000000 0.000000 0.000000 0.000000 0.000000 0.000000 0.000000 0.000000
0 0.476708 0.368602 0.082833 0.086953 0.477083 0.342187 2.000000 0.481250 0.339062 2.000000 0.472917 0.339062 2.000000 0.000000 0.000000 0.000000 0.000000 0.000000 0.000000 0.506250 0.354687 2.000000 0.456250 0.354687 2.000000 0.500000 0.381250 2.000000 0.450000 0.379688 2.000000 0.000000 0.000000 0.000000 0.000000 0.000000 0.000000 0.000000 0.000000 0.000000 0.000000 0.000000 0.000000 0.000000 0.000000 0.000000 0.000000 0.000000 0.000000 0.000000 0.000000 0.000000 0.000000 0.000000 0.000000
0 0.338146 0.367109 0.085250 0.086094 0.333333 0.345313 2.000000 0.339583 0.340625 2.000000 0.329167 0.340625 2.000000 0.350000 0.337500 2.000000 0.322917 0.340625 2.000000 0.362500 0.354687 2.000000 0.316667 0.354687 2.000000 0.370833 0.389062 2.000000 0.308333 0.387500 2.000000 0.354167 0.401562 2.000000 0.318750 0.401562 2.000000 0.350000 0.401562 2.000000 0.318750 0.400000 2.000000 0.360417 0.414062 1.000000 0.297917 0.412500 1.000000 0.000000 0.000000 0.000000 0.000000 0.000000 0.000000
0 0.270781 0.362648 0.067437 0.078391 0.260417 0.345313 2.000000 0.268750 0.340625 2.000000 0.260417 0.339062 2.000000 0.279167 0.343750 2.000000 0.000000 0.000000 0.000000 0.300000 0.354687 2.000000 0.247917 0.354687 2.000000 0.293750 0.379688 2.000000 0.243750 0.382812 2.000000 0.262500 0.390625 2.000000 0.254167 0.381250 2.000000 0.000000 0.000000 0.000000 0.000000 0.000000 0.000000 0.000000 0.000000 0.000000 0.000000 0.000000 0.000000 0.000000 0.000000 0.000000 0.000000 0.000000 0.000000
0 0.300187 0.312789 0.072750 0.101172 0.297917 0.282813 2.000000 0.304167 0.278125 2.000000 0.295833 0.278125 2.000000 0.310417 0.282813 2.000000 0.287500 0.279687 1.000000 0.327083 0.296875 2.000000 0.272917 0.295312 2.000000 0.329167 0.323437 2.000000 0.268750 0.321875 2.000000 0.302083 0.343750 2.000000 0.000000 0.000000 0.000000 0.308333 0.332813 2.000000 0.285417 0.334375 1.000000 0.000000 0.000000 0.000000 0.000000 0.000000 0.000000 0.000000 0.000000 0.000000 0.000000 0.000000 0.000000
0 0.371115 0.320234 0.073729 0.107031 0.366667 0.287500 2.000000 0.370833 0.279687 2.000000 0.360417 0.282813 2.000000 0.381250 0.282813 2.000000 0.354167 0.285938 2.000000 0.389583 0.300000 2.000000 0.347917 0.301563 2.000000 0.000000 0.000000 0.000000 0.000000 0.000000 0.000000 0.000000 0.000000 0.000000 0.000000 0.000000 0.000000 0.000000 0.000000 0.000000 0.000000 0.000000 0.000000 0.000000 0.000000 0.000000 0.000000 0.000000 0.000000 0.000000 0.000000 0.000000 0.000000 0.000000 0.000000
0 0.614604 0.035633 0.067458 0.071266 0.614583 0.007812 2.000000 0.618750 0.004687 2.000000 0.610417 0.006250 2.000000 0.000000 0.000000 0.000000 0.000000 0.000000 0.000000 0.635417 0.020313 2.000000 0.600000 0.020313 2.000000 0.641667 0.040625 2.000000 0.587500 0.037500 2.000000 0.627083 0.051562 2.000000 0.585417 0.054688 2.000000 0.627083 0.046875 2.000000 0.606250 0.048438 2.000000 0.625000 0.068750 2.000000 0.595833 0.065625 2.000000 0.000000 0.000000 0.000000 0.000000 0.000000 0.000000
0 0.406260 0.070164 0.067687 0.095578 0.406250 0.042188 2.000000 0.412500 0.035937 2.000000 0.402083 0.037500 2.000000 0.000000 0.000000 0.000000 0.000000 0.000000 0.000000 0.433333 0.053125 2.000000 0.387500 0.053125 2.000000 0.431250 0.078125 2.000000 0.385417 0.073438 2.000000 0.418750 0.082812 2.000000 0.397917 0.056250 2.000000 0.000000 0.000000 0.000000 0.000000 0.000000 0.000000 0.000000 0.000000 0.000000 0.000000 0.000000 0.000000 0.000000 0.000000 0.000000 0.000000 0.000000 0.000000
0 0.411531 0.362500 0.076021 0.102469 0.412500 0.335938 2.000000 0.418750 0.332813 2.000000 0.410417 0.332813 2.000000 0.425000 0.332813 2.000000 0.404167 0.332813 2.000000 0.437500 0.354687 2.000000 0.393750 0.354687 2.000000 0.433333 0.384375 2.000000 0.383333 0.382812 2.000000 0.393750 0.378125 2.000000 0.414583 0.379688 2.000000 0.431250 0.398438 2.000000 0.400000 0.395313 2.000000 0.416667 0.414062 1.000000 0.379167 0.410938 1.000000 0.000000 0.000000 0.000000 0.000000 0.000000 0.000000
