0 0.532375 0.653923 0.190531 0.324707 0.000000 0.000000 0.000000 0.000000 0.000000 0.000000 0.000000 0.000000 0.000000 0.500000 0.635983 2.000000 0.000000 0.000000 0.000000 0.478125 0.728033 2.000000 0.592187 0.654812 2.000000 0.000000 0.000000 0.000000 0.000000 0.000000 0.000000 0.000000 0.000000 0.000000 0.000000 0.000000 0.000000 0.000000 0.000000 0.000000 0.000000 0.000000 0.000000 0.000000 0.000000 0.000000 0.000000 0.000000 0.000000 0.000000 0.000000 0.000000 0.000000 0.000000 0.000000
0 0.703234 0.684268 0.194687 0.577531 0.000000 0.000000 0.000000 0.000000 0.000000 0.000000 0.000000 0.000000 0.000000 0.725000 0.483264 2.000000 0.000000 0.000000 0.000000 0.723437 0.564854 2.000000 0.782813 0.539749 2.000000 0.668750 0.682008 2.000000 0.701562 0.562762 2.000000 0.631250 0.598326 2.000000 0.709375 0.493724 2.000000 0.745313 0.751046 2.000000 0.781250 0.730126 2.000000 0.000000 0.000000 0.000000 0.000000 0.000000 0.000000 0.000000 0.000000 0.000000 0.000000 0.000000 0.000000
0 0.935375 0.433577 0.129250 0.197406 0.950000 0.399582 2.000000 0.960938 0.393305 2.000000 0.942187 0.391213 2.000000 0.000000 0.000000 0.000000 0.000000 0.000000 0.000000 0.000000 0.000000 0.000000 0.910937 0.418410 2.000000 0.000000 0.000000 0.000000 0.868750 0.500000 1.000000 0.965625 0.497908 2.000000 0.887500 0.479079 2.000000 0.000000 0.000000 0.000000 0.000000 0.000000 0.000000 0.000000 0.000000 0.000000 0.000000 0.000000 0.000000 0.000000 0.000000 0.000000 0.000000 0.000000 0.000000
0 0.665398 0.371192 0.101016 0.147699 0.667188 0.341004 2.000000 0.678125 0.332636 2.000000 0.667188 0.330544 2.000000 0.696875 0.343096 2.000000 0.000000 0.000000 0.000000 0.700000 0.389121 2.000000 0.646875 0.378661 2.000000 0.701562 0.458159 1.000000 0.629687 0.433054 1.000000 0.000000 0.000000 0.000000 0.623437 0.416318 2.000000 0.689063 0.493724 1.000000 0.642188 0.483264 1.000000 0.000000 0.000000 0.000000 0.000000 0.000000 0.000000 0.000000 0.000000 0.000000 0.000000 0.000000 0.000000
0 0.512602 0.386820 0.139297 0.127782 0.514062 0.372385 2.000000 0.521875 0.366109 2.000000 0.507812 0.359833 2.000000 0.532813 0.378661 2.000000 0.495312 0.364017 1.000000 0.529687 0.401674 2.000000 0.479687 0.410042 2.000000 0.575000 0.407950 2.000000 0.000000 0.000000 0.000000 0.532813 0.420502 1.000000 0.000000 0.000000 0.000000 0.000000 0.000000 0.000000 0.000000 0.000000 0.000000 0.000000 0.000000 0.000000 0.000000 0.000000 0.000000 0.000000 0.000000 0.000000 0.000000 0.000000 0.000000
0 0.226070 0.495513 0.167453 0.219728 0.282813 0.479079 2.000000 0.292187 0.470711 2.000000 0.276562 0.468619 2.000000 0.000000 0.000000 0.000000 0.239063 0.462343 2.000000 0.000000 0.000000 0.000000 0.193750 0.523013 2.000000 0.000000 0.000000 0.000000 0.137500 0.583682 1.000000 0.000000 0.000000 0.000000 0.190625 0.583682 2.000000 0.000000 0.000000 0.000000 0.000000 0.000000 0.000000 0.000000 0.000000 0.000000 0.000000 0.000000 0.000000 0.000000 0.000000 0.000000 0.000000 0.000000 0.000000
0 0.308219 0.763253 0.328625 0.348347 0.000000 0.000000 0.000000 0.000000 0.000000 0.000000 0.000000 0.000000 0.000000 0.000000 0.000000 0.000000 0.000000 0.000000 0.000000 0.318750 0.807531 2.000000 0.428125 0.769874 2.000000 0.232813 0.815900 2.000000 0.000000 0.000000 0.000000 0.193750 0.771967 2.000000 0.000000 0.000000 0.000000 0.000000 0.000000 0.000000 0.000000 0.000000 0.000000 0.000000 0.000000 0.000000 0.000000 0.000000 0.000000 0.000000 0.000000 0.000000 0.000000 0.000000 0.000000
0 0.096656 0.519414 0.193312 0.289414 0.079687 0.485356 2.000000 0.092188 0.472803 2.000000 0.064062 0.474895 2.000000 0.000000 0.000000 0.000000 0.028125 0.472803 2.000000 0.109375 0.529289 2.000000 0.000000 0.000000 0.000000 0.159375 0.571130 2.000000 0.000000 0.000000 0.000000 0.171875 0.600418 2.000000 0.032813 0.556485 2.000000 0.000000 0.000000 0.000000 0.000000 0.000000 0.000000 0.000000 0.000000 0.000000 0.000000 0.000000 0.000000 0.000000 0.000000 0.000000 0.000000 0.000000 0.000000
0 0.416234 0.433703 0.110781 0.224728 0.442188 0.389121 2.000000 0.000000 0.000000 0.000000 0.431250 0.380753 2.000000 0.000000 0.000000 0.000000 0.401562 0.395397 2.000000 0.439063 0.445607 2.000000 0.379688 0.462343 2.000000 0.000000 0.000000 0.000000 0.000000 0.000000 0.000000 0.000000 0.000000 0.000000 0.000000 0.000000 0.000000 0.000000 0.000000 0.000000 0.000000 0.000000 0.000000 0.000000 0.000000 0.000000 0.000000 0.000000 0.000000 0.000000 0.000000 0.000000 0.000000 0.000000 0.000000
0 0.800305 0.396339 0.078641 0.163347 0.798438 0.372385 2.000000 0.809375 0.366109 2.000000 0.790625 0.359833 2.000000 0.821875 0.370293 2.000000 0.781250 0.359833 2.000000 0.829688 0.397490 2.000000 0.782813 0.384937 2.000000 0.779687 0.401674 2.000000 0.000000 0.000000 0.000000 0.779687 0.382845 2.000000 0.000000 0.000000 0.000000 0.800000 0.493724 1.000000 0.771875 0.479079 1.000000 0.000000 0.000000 0.000000 0.000000 0.000000 0.000000 0.000000 0.000000 0.000000 0.000000 0.000000 0.000000
