0 0.306992 0.617810 0.100859 0.292201 0.353125 0.526932 2.000000 0.000000 0.000000 0.000000 0.342187 0.517564 2.000000 0.000000 0.000000 0.000000 0.323437 0.522248 2.000000 0.342187 0.564403 2.000000 0.295312 0.555035 2.000000 0.000000 0.000000 0.000000 0.267188 0.629977 2.000000 0.000000 0.000000 0.000000 0.287500 0.721311 2.000000 0.343750 0.683841 1.000000 0.318750 0.697892 1.000000 0.000000 0.000000 0.000000 0.000000 0.000000 0.000000 0.000000 0.000000 0.000000 0.000000 0.000000 0.000000
0 0.402773 0.597330 0.136391 0.232787 0.423438 0.540984 2.000000 0.429688 0.526932 2.000000 0.412500 0.529274 2.000000 0.000000 0.000000 0.000000 0.395313 0.529274 2.000000 0.415625 0.578454 2.000000 0.387500 0.566745 2.000000 0.425000 0.627635 2.000000 0.337500 0.615925 2.000000 0.451562 0.651054 2.000000 0.392188 0.632319 2.000000 0.412500 0.695550 1.000000 0.403125 0.707260 1.000000 0.000000 0.000000 0.000000 0.482812 0.730679 1.000000 0.000000 0.000000 0.000000 0.000000 0.000000 0.000000
0 0.465398 0.542494 0.073141 0.149016 0.448437 0.505855 2.000000 0.456250 0.498829 2.000000 0.445312 0.496487 2.000000 0.464062 0.512881 2.000000 0.435937 0.498829 2.000000 0.470313 0.529274 2.000000 0.423438 0.529274 1.000000 0.490625 0.594848 2.000000 0.000000 0.000000 0.000000 0.467187 0.604215 2.000000 0.000000 0.000000 0.000000 0.000000 0.000000 0.000000 0.000000 0.000000 0.000000 0.000000 0.000000 0.000000 0.000000 0.000000 0.000000 0.000000 0.000000 0.000000 0.000000 0.000000 0.000000
0 0.539820 0.589871 0.150703 0.204567 0.000000 0.000000 0.000000 0.000000 0.000000 0.000000 0.000000 0.000000 0.000000 0.545312 0.545667 2.000000 0.584375 0.545667 2.000000 0.518750 0.592506 2.000000 0.601562 0.625293 2.000000 0.478125 0.669789 2.000000 0.000000 0.000000 0.000000 0.000000 0.000000 0.000000 0.000000 0.000000 0.000000 0.000000 0.000000 0.000000 0.000000 0.000000 0.000000 0.000000 0.000000 0.000000 0.000000 0.000000 0.000000 0.000000 0.000000 0.000000 0.000000 0.000000 0.000000
0 0.867500 0.768290 0.265000 0.463419 0.000000 0.000000 0.000000 0.801562 0.667447 2.000000 0.000000 0.000000 0.000000 0.829688 0.660422 2.000000 0.000000 0.000000 0.000000 0.820312 0.747073 2.000000 0.945312 0.707260 2.000000 0.754687 0.943794 2.000000 0.893750 0.868852 2.000000 0.796875 0.859485 2.000000 0.770312 0.861827 2.000000 0.000000 0.000000 0.000000 0.000000 0.000000 0.000000 0.000000 0.000000 0.000000 0.000000 0.000000 0.000000 0.000000 0.000000 0.000000 0.000000 0.000000 0.000000
0 0.918523 0.559988 0.076359 0.215199 0.910937 0.494145 2.000000 0.917188 0.487119 2.000000 0.907813 0.487119 2.000000 0.934375 0.496487 2.000000 0.000000 0.000000 0.000000 0.951562 0.531616 2.000000 0.890625 0.529274 2.000000 0.948438 0.597190 1.000000 0.904687 0.583138 2.000000 0.906250 0.594848 2.000000 0.939063 0.587822 1.000000 0.946875 0.648712 1.000000 0.909375 0.648712 1.000000 0.000000 0.000000 0.000000 0.000000 0.000000 0.000000 0.000000 0.000000 0.000000 0.000000 0.000000 0.000000
0 0.241383 0.819098 0.224891 0.339321 0.000000 0.000000 0.000000 0.000000 0.000000 0.000000 0.000000 0.000000 0.000000 0.000000 0.000000 0.000000 0.000000 0.000000 0.000000 0.156250 0.857143 2.000000 0.278125 0.880562 2.000000 0.000000 0.000000 0.000000 0.000000 0.000000 0.000000 0.000000 0.000000 0.000000 0.000000 0.000000 0.000000 0.000000 0.000000 0.000000 0.000000 0.000000 0.000000 0.000000 0.000000 0.000000 0.000000 0.000000 0.000000 0.000000 0.000000 0.000000 0.000000 0.000000 0.000000
0 0.126695 0.507869 0.169422 0.382014 0.160938 0.419204 2.000000 0.000000 0.000000 0.000000 0.160938 0.402810 2.000000 0.000000 0.000000 0.000000 0.135937 0.379391 2.000000 0.120313 0.447307 2.000000 0.076563 0.449649 2.000000 0.110937 0.564403 2.000000 0.082812 0.578454 2.000000 0.159375 0.540984 2.000000 0.142187 0.648712 1.000000 0.114062 0.665105 1.000000 0.076563 0.681499 1.000000 0.000000 0.000000 0.000000 0.000000 0.000000 0.000000 0.000000 0.000000 0.000000 0.000000 0.000000 0.000000
0 0.561727 0.794848 0.267766 0.383419 0.000000 0.000000 0.000000 0.000000 0.000000 0.000000 0.000000 0.000000 0.000000 0.509375 0.700234 1.000000 0.604688 0.686183 2.000000 0.434375 0.896956 2.000000 0.664062 0.915691 2.000000 0.000000 0.000000 0.000000 0.000000 0.000000 0.000000 0.000000 0.000000 0.000000 0.000000 0.000000 0.000000 0.000000 0.000000 0.000000 0.000000 0.000000 0.000000 0.000000 0.000000 0.000000 0.000000 0.000000 0.000000 0.000000 0.000000 0.000000 0.000000 0.000000 0.000000
0 0.652797 0.549145 0.071844 0.134169 0.646875 0.526932 2.000000 0.653125 0.519906 2.000000 0.643750 0.519906 2.000000 0.665625 0.519906 2.000000 0.000000 0.000000 0.000000 0.679688 0.555035 2.000000 0.628125 0.545667 2.000000 0.670312 0.622951 1.000000 0.621875 0.599532 1.000000 0.000000 0.000000 0.000000 0.000000 0.000000 0.000000 0.657813 0.637002 1.000000 0.621875 0.634660 1.000000 0.000000 0.000000 0.000000 0.000000 0.000000 0.000000 0.000000 0.000000 0.000000 0.000000 0.000000 0.000000
0 0.695133 0.625913 0.162453 0.270000 0.693750 0.562061 1.000000 0.695312 0.540984 2.000000 0.000000 0.000000 0.000000 0.709375 0.536300 2.000000 0.000000 0.000000 0.000000 0.693750 0.599532 2.000000 0.764062 0.597190 2.000000 0.660937 0.672131 2.000000 0.000000 0.000000 0.000000 0.000000 0.000000 0.000000 0.000000 0.000000 0.000000 0.667188 0.735363 2.000000 0.712500 0.737705 1.000000 0.000000 0.000000 0.000000 0.000000 0.000000 0.000000 0.000000 0.000000 0.000000 0.000000 0.000000 0.000000
0 0.110312 0.781733 0.155062 0.436534 0.000000 0.000000 0.000000 0.000000 0.000000 0.000000 0.000000 0.000000 0.000000 0.000000 0.000000 0.000000 0.148438 0.672131 2.000000 0.060937 0.758782 2.000000 0.117188 0.798595 2.000000 0.000000 0.000000 0.000000 0.201563 0.871194 1.000000 0.000000 0.000000 0.000000 0.000000 0.000000 0.000000 0.000000 0.000000 0.000000 0.000000 0.000000 0.000000 0.000000 0.000000 0.000000 0.000000 0.000000 0.000000 0.000000 0.000000 0.000000 0.000000 0.000000 0.000000
