0 0.716094 0.706745 0.131000 0.514623 0.721875 0.497642 2.000000 0.726562 0.490566 2.000000 0.717187 0.488208 2.000000 0.000000 0.000000 0.000000 0.701562 0.481132 2.000000 0.739062 0.544811 2.000000 0.676562 0.542453 2.000000 0.768750 0.591981 2.000000 0.662500 0.603774 2.000000 0.748437 0.537736 2.000000 0.693750 0.563679 2.000000 0.734375 0.672170 2.000000 0.685937 0.672170 2.000000 0.739062 0.801887 2.000000 0.700000 0.808962 2.000000 0.737500 0.915094 2.000000 0.706250 0.917453 2.000000
0 0.086344 0.677524 0.083375 0.361792 0.000000 0.000000 0.000000 0.000000 0.000000 0.000000 0.000000 0.000000 0.000000 0.075000 0.518868 2.000000 0.098437 0.521226 1.000000 0.060937 0.561321 2.000000 0.104688 0.563679 1.000000 0.050000 0.613208 2.000000 0.112500 0.615566 2.000000 0.053125 0.662736 2.000000 0.121875 0.662736 2.000000 0.071875 0.655660 2.000000 0.096875 0.660377 2.000000 0.076563 0.745283 2.000000 0.098437 0.747642 2.000000 0.068750 0.804245 2.000000 0.096875 0.818396 2.000000
0 0.871672 0.570778 0.096781 0.319104 0.860938 0.452830 2.000000 0.864062 0.445755 2.000000 0.854688 0.448113 2.000000 0.868750 0.450472 2.000000 0.850000 0.452830 2.000000 0.881250 0.476415 2.000000 0.845313 0.478774 2.000000 0.900000 0.514151 2.000000 0.831250 0.525943 2.000000 0.909375 0.551887 2.000000 0.000000 0.000000 0.000000 0.878125 0.551887 2.000000 0.854688 0.554245 2.000000 0.878125 0.629717 2.000000 0.856250 0.632075 2.000000 0.876563 0.681604 2.000000 0.862500 0.693396 2.000000
0 0.522164 0.571568 0.052797 0.252995 0.000000 0.000000 0.000000 0.000000 0.000000 0.000000 0.000000 0.000000 0.000000 0.000000 0.000000 0.000000 0.000000 0.000000 0.000000 0.535937 0.485849 2.000000 0.506250 0.488208 2.000000 0.539062 0.518868 2.000000 0.500000 0.528302 2.000000 0.528125 0.507075 2.000000 0.509375 0.507075 2.000000 0.534375 0.556604 2.000000 0.512500 0.556604 2.000000 0.529687 0.613208 2.000000 0.515625 0.615566 2.000000 0.526563 0.667453 2.000000 0.517188 0.658019 2.000000
0 0.314406 0.545177 0.049938 0.264127 0.328125 0.431604 2.000000 0.000000 0.000000 0.000000 0.000000 0.000000 0.000000 0.000000 0.000000 0.000000 0.318750 0.431604 2.000000 0.325000 0.457547 2.000000 0.298438 0.457547 2.000000 0.331250 0.488208 2.000000 0.292187 0.495283 2.000000 0.332813 0.530660 2.000000 0.296875 0.533019 2.000000 0.326562 0.535377 2.000000 0.307812 0.535377 2.000000 0.321875 0.589623 2.000000 0.310937 0.591981 2.000000 0.323437 0.648585 2.000000 0.306250 0.643868 2.000000
0 0.798266 0.683950 0.094875 0.483939 0.767188 0.488208 2.000000 0.776563 0.481132 2.000000 0.765625 0.478774 2.000000 0.792188 0.485849 2.000000 0.000000 0.000000 0.000000 0.810937 0.540094 2.000000 0.751563 0.542453 1.000000 0.829688 0.601415 2.000000 0.000000 0.000000 0.000000 0.835938 0.658019 2.000000 0.000000 0.000000 0.000000 0.800000 0.691038 2.000000 0.762500 0.691038 2.000000 0.809375 0.768868 2.000000 0.767188 0.783019 2.000000 0.798438 0.830189 2.000000 0.773438 0.872642 2.000000
0 0.214102 0.571946 0.060984 0.255495 0.226562 0.476415 2.000000 0.000000 0.000000 0.000000 0.220312 0.469340 2.000000 0.000000 0.000000 0.000000 0.212500 0.474057 2.000000 0.231250 0.500000 2.000000 0.193750 0.502358 2.000000 0.237500 0.533019 2.000000 0.187500 0.535377 2.000000 0.232813 0.566038 2.000000 0.195312 0.561321 2.000000 0.223438 0.570755 2.000000 0.204687 0.570755 2.000000 0.226562 0.617925 2.000000 0.200000 0.617925 2.000000 0.223438 0.662736 2.000000 0.200000 0.665094 2.000000
0 0.471914 0.537370 0.050141 0.224552 0.000000 0.000000 0.000000 0.000000 0.000000 0.000000 0.000000 0.000000 0.000000 0.000000 0.000000 0.000000 0.000000 0.000000 0.000000 0.489063 0.474057 2.000000 0.467187 0.466981 2.000000 0.489063 0.504717 2.000000 0.456250 0.490566 2.000000 0.496875 0.509434 1.000000 0.451562 0.521226 2.000000 0.479687 0.525943 2.000000 0.470313 0.525943 2.000000 0.484375 0.570755 2.000000 0.467187 0.575472 2.000000 0.487500 0.625000 2.000000 0.465625 0.615566 2.000000
0 0.278938 0.509434 0.040031 0.252358 0.275000 0.412736 2.000000 0.278125 0.405660 2.000000 0.273438 0.403302 2.000000 0.287500 0.405660 2.000000 0.000000 0.000000 0.000000 0.292187 0.429245 2.000000 0.271875 0.433962 2.000000 0.284375 0.452830 2.000000 0.262500 0.469340 2.000000 0.268750 0.426887 2.000000 0.265625 0.448113 2.000000 0.285938 0.509434 2.000000 0.270313 0.502358 2.000000 0.287500 0.558962 2.000000 0.267188 0.551887 2.000000 0.289062 0.613208 2.000000 0.273438 0.603774 2.000000
0 0.389961 0.553314 0.062172 0.283797 0.379688 0.436321 2.000000 0.381250 0.426887 2.000000 0.375000 0.426887 2.000000 0.390625 0.429245 2.000000 0.000000 0.000000 0.000000 0.404687 0.462264 2.000000 0.375000 0.457547 2.000000 0.412500 0.485849 2.000000 0.362500 0.481132 2.000000 0.409375 0.533019 2.000000 0.000000 0.000000 0.000000 0.390625 0.528302 2.000000 0.379688 0.533019 2.000000 0.395313 0.603774 2.000000 0.378125 0.606132 2.000000 0.398438 0.667453 2.000000 0.379688 0.672170 2.000000
