0 0.912198 0.691495 0.175605 0.474101 0.939542 0.524510 2.000000 0.949346 0.513072 2.000000 0.921569 0.517974 2.000000 0.970588 0.521242 2.000000 0.906863 0.531046 2.000000 0.975490 0.598039 2.000000 0.882353 0.588235 2.000000 0.973856 0.678105 2.000000 0.861111 0.661765 2.000000 0.954248 0.733660 2.000000 0.859477 0.717320 2.000000 0.934641 0.733660 2.000000 0.885621 0.723856 2.000000 0.934641 0.808824 2.000000 0.880719 0.802288 2.000000 0.928105 0.898693 2.000000 0.880719 0.882353 2.000000
0 0.724493 0.659485 0.154183 0.485310 0.722222 0.480392 2.000000 0.732026 0.470588 2.000000 0.710784 0.468954 2.000000 0.000000 0.000000 0.000000 0.676471 0.462418 2.000000 0.754902 0.527778 2.000000 0.655229 0.542484 1.000000 0.766340 0.602941 2.000000 0.651961 0.617647 2.000000 0.735294 0.665033 2.000000 0.671569 0.668301 2.000000 0.750000 0.676471 2.000000 0.686275 0.679739 2.000000 0.735294 0.777778 2.000000 0.700980 0.777778 2.000000 0.763072 0.848039 2.000000 0.699346 0.866013 1.000000
0 0.579085 0.659322 0.150948 0.505278 0.589869 0.480392 2.000000 0.599673 0.465686 2.000000 0.573529 0.468954 2.000000 0.000000 0.000000 0.000000 0.545752 0.475490 2.000000 0.619281 0.522876 2.000000 0.547386 0.521242 2.000000 0.632353 0.581699 2.000000 0.558824 0.588235 2.000000 0.614379 0.658497 2.000000 0.616013 0.599673 2.000000 0.604575 0.674837 2.000000 0.552288 0.673203 2.000000 0.598039 0.789216 2.000000 0.547386 0.787582 2.000000 0.594771 0.872549 2.000000 0.544118 0.877451 1.000000
0 0.399771 0.675678 0.191438 0.565310 0.418301 0.452614 2.000000 0.429739 0.439542 2.000000 0.397059 0.444444 2.000000 0.454248 0.447712 2.000000 0.372549 0.459150 2.000000 0.457516 0.547386 2.000000 0.349673 0.519608 2.000000 0.468954 0.635621 2.000000 0.318627 0.542484 2.000000 0.449346 0.694444 2.000000 0.346405 0.464052 2.000000 0.426471 0.694444 2.000000 0.366013 0.692810 2.000000 0.433007 0.790850 2.000000 0.357843 0.799020 2.000000 0.426471 0.901961 2.000000 0.366013 0.900327 2.000000
0 0.641895 0.454959 0.117124 0.204951 0.635621 0.418301 2.000000 0.642157 0.403595 2.000000 0.620915 0.410131 2.000000 0.663399 0.403595 2.000000 0.601307 0.421569 1.000000 0.691176 0.468954 1.000000 0.589869 0.480392 1.000000 0.000000 0.000000 0.000000 0.000000 0.000000 0.000000 0.000000 0.000000 0.000000 0.000000 0.000000 0.000000 0.665033 0.625817 1.000000 0.606209 0.627451 1.000000 0.000000 0.000000 0.000000 0.000000 0.000000 0.000000 0.000000 0.000000 0.000000 0.000000 0.000000 0.000000
0 0.060196 0.707500 0.120392 0.576046 0.094771 0.490196 2.000000 0.000000 0.000000 0.000000 0.086601 0.485294 2.000000 0.000000 0.000000 0.000000 0.034314 0.498366 2.000000 0.081699 0.563725 2.000000 0.000000 0.000000 0.000000 0.111111 0.645425 2.000000 0.000000 0.000000 0.000000 0.117647 0.728758 2.000000 0.011438 0.735294 2.000000 0.076797 0.735294 2.000000 0.008170 0.736928 2.000000 0.071895 0.826797 2.000000 0.003268 0.839869 2.000000 0.070261 0.933007 2.000000 0.004902 0.947712 2.000000
0 0.223145 0.670327 0.184592 0.593431 0.235294 0.437908 2.000000 0.248366 0.429739 2.000000 0.222222 0.429739 2.000000 0.000000 0.000000 0.000000 0.178105 0.442810 2.000000 0.267974 0.532680 2.000000 0.160131 0.534314 2.000000 0.287582 0.612745 2.000000 0.150327 0.627451 2.000000 0.285948 0.686275 2.000000 0.150327 0.697712 2.000000 0.256536 0.702614 2.000000 0.196078 0.702614 2.000000 0.258170 0.808824 2.000000 0.189542 0.805556 2.000000 0.263072 0.898693 2.000000 0.184641 0.911765 2.000000
0 0.855049 0.612467 0.144281 0.470980 0.879085 0.439542 2.000000 0.893791 0.429739 2.000000 0.869281 0.428105 2.000000 0.906863 0.441176 2.000000 0.848039 0.436275 2.000000 0.900327 0.491830 1.000000 0.828431 0.500000 2.000000 0.908497 0.571895 1.000000 0.812092 0.580065 2.000000 0.000000 0.000000 0.000000 0.795752 0.640523 2.000000 0.888889 0.637255 1.000000 0.826797 0.640523 2.000000 0.867647 0.733660 1.000000 0.821895 0.736928 2.000000 0.852941 0.813725 2.000000 0.812092 0.813725 2.000000
0 0.777639 0.565817 0.085049 0.471046 0.776144 0.408497 2.000000 0.787582 0.395425 2.000000 0.766340 0.395425 2.000000 0.000000 0.000000 0.000000 0.743464 0.385621 2.000000 0.803922 0.467320 2.000000 0.714052 0.455882 1.000000 0.000000 0.000000 0.000000 0.000000 0.000000 0.000000 0.000000 0.000000 0.000000 0.000000 0.000000 0.000000 0.776144 0.609477 1.000000 0.718954 0.599673 1.000000 0.761438 0.705882 1.000000 0.712418 0.720588 1.000000 0.759804 0.820261 1.000000 0.723856 0.818627 1.000000
0 0.506904 0.581855 0.122794 0.589363 0.524510 0.370915 2.000000 0.534314 0.351307 2.000000 0.508170 0.356209 2.000000 0.558824 0.336601 2.000000 0.485294 0.346405 1.000000 0.580065 0.415033 1.000000 0.480392 0.413399 2.000000 0.000000 0.000000 0.000000 0.000000 0.000000 0.000000 0.000000 0.000000 0.000000 0.000000 0.000000 0.000000 0.550654 0.576797 1.000000 0.513072 0.578431 2.000000 0.522876 0.709150 1.000000 0.475490 0.717320 2.000000 0.519608 0.823529 2.000000 0.464052 0.825163 2.000000
0 0.280090 0.434167 0.091912 0.198660 0.282680 0.411765 2.000000 0.299020 0.400327 2.000000 0.271242 0.393791 2.000000 0.305556 0.408497 2.000000 0.000000 0.000000 0.000000 0.307190 0.478758 2.000000 0.215686 0.472222 1.000000 0.000000 0.000000 0.000000 0.000000 0.000000 0.000000 0.000000 0.000000 0.000000 0.000000 0.000000 0.000000 0.000000 0.000000 0.000000 0.000000 0.000000 0.000000 0.000000 0.000000 0.000000 0.000000 0.000000 0.000000 0.000000 0.000000 0.000000 0.000000 0.000000 0.000000
0 0.976740 0.674657 0.046520 0.386699 0.000000 0.000000 0.000000 0.000000 0.000000 0.000000 0.000000 0.000000 0.000000 0.000000 0.000000 0.000000 0.000000 0.000000 0.000000 0.000000 0.000000 0.000000 0.977124 0.517974 2.000000 0.000000 0.000000 0.000000 0.000000 0.000000 0.000000 0.000000 0.000000 0.000000 0.000000 0.000000 0.000000 0.000000 0.000000 0.000000 0.000000 0.000000 0.000000 0.000000 0.000000 0.000000 0.000000 0.000000 0.000000 0.000000 0.000000 0.000000 0.000000 0.000000 0.000000
0 0.394657 0.373203 0.088889 0.077647 0.000000 0.000000 0.000000 0.426471 0.385621 2.000000 0.403595 0.385621 1.000000 0.000000 0.000000 0.000000 0.369281 0.401961 2.000000 0.000000 0.000000 0.000000 0.000000 0.000000 0.000000 0.000000 0.000000 0.000000 0.000000 0.000000 0.000000 0.000000 0.000000 0.000000 0.000000 0.000000 0.000000 0.000000 0.000000 0.000000 0.000000 0.000000 0.000000 0.000000 0.000000 0.000000 0.000000 0.000000 0.000000 0.000000 0.000000 0.000000 0.000000 0.000000 0.000000
