0 0.172859 0.529361 0.085562 0.390020 0.178125 0.381238 2.000000 0.184375 0.373253 2.000000 0.171875 0.373253 2.000000 0.192188 0.377246 2.000000 0.165625 0.373253 2.000000 0.204687 0.419162 2.000000 0.148438 0.419162 2.000000 0.209375 0.481038 1.000000 0.131250 0.473054 1.000000 0.201563 0.481038 2.000000 0.151562 0.506986 2.000000 0.193750 0.538922 1.000000 0.159375 0.538922 2.000000 0.195312 0.614770 2.000000 0.157812 0.620758 2.000000 0.193750 0.692615 2.000000 0.154688 0.698603 2.000000
0 0.259227 0.431168 0.077953 0.232595 0.246875 0.351297 2.000000 0.253125 0.345309 2.000000 0.239063 0.345309 2.000000 0.259375 0.351297 2.000000 0.231250 0.351297 2.000000 0.281250 0.397206 2.000000 0.215625 0.395210 1.000000 0.293750 0.449102 1.000000 0.000000 0.000000 0.000000 0.289062 0.467066 2.000000 0.000000 0.000000 0.000000 0.270313 0.508982 2.000000 0.231250 0.506986 1.000000 0.262500 0.602794 1.000000 0.000000 0.000000 0.000000 0.000000 0.000000 0.000000 0.000000 0.000000 0.000000
0 0.341969 0.404780 0.095469 0.225210 0.345313 0.335329 2.000000 0.351562 0.325349 2.000000 0.340625 0.325349 2.000000 0.357812 0.331337 2.000000 0.331250 0.333333 1.000000 0.370312 0.381238 2.000000 0.315625 0.379242 2.000000 0.381250 0.445110 2.000000 0.303125 0.441118 2.000000 0.375000 0.471058 2.000000 0.317188 0.495010 2.000000 0.000000 0.000000 0.000000 0.000000 0.000000 0.000000 0.000000 0.000000 0.000000 0.000000 0.000000 0.000000 0.000000 0.000000 0.000000 0.000000 0.000000 0.000000
0 0.519602 0.436627 0.097859 0.258802 0.510938 0.353293 2.000000 0.517188 0.345309 2.000000 0.506250 0.345309 2.000000 0.526563 0.345309 2.000000 0.000000 0.000000 0.000000 0.542188 0.387226 2.000000 0.490625 0.389222 2.000000 0.554688 0.443114 2.000000 0.473438 0.453094 1.000000 0.550000 0.453094 2.000000 0.490625 0.491018 1.000000 0.526563 0.546906 2.000000 0.500000 0.546906 1.000000 0.000000 0.000000 0.000000 0.000000 0.000000 0.000000 0.000000 0.000000 0.000000 0.000000 0.000000 0.000000
0 0.076695 0.511257 0.104016 0.468463 0.081250 0.339321 2.000000 0.087500 0.329341 2.000000 0.075000 0.329341 2.000000 0.000000 0.000000 0.000000 0.000000 0.000000 0.000000 0.106250 0.377246 2.000000 0.053125 0.377246 2.000000 0.121875 0.445110 2.000000 0.037500 0.445110 2.000000 0.120313 0.459082 2.000000 0.060937 0.469062 2.000000 0.098437 0.495010 2.000000 0.062500 0.497006 2.000000 0.098437 0.614770 2.000000 0.064062 0.610778 2.000000 0.098437 0.700599 2.000000 0.062500 0.700599 2.000000
0 0.651047 0.609950 0.086344 0.264092 0.639062 0.530938 2.000000 0.646875 0.524950 2.000000 0.634375 0.522954 2.000000 0.657813 0.518962 2.000000 0.626563 0.516966 2.000000 0.671875 0.542914 2.000000 0.612500 0.540918 1.000000 0.681250 0.612774 2.000000 0.620313 0.598802 2.000000 0.657813 0.616766 2.000000 0.657813 0.628743 2.000000 0.675000 0.628743 2.000000 0.637500 0.626747 2.000000 0.667188 0.718563 2.000000 0.618750 0.626747 2.000000 0.651563 0.694611 2.000000 0.631250 0.716567 2.000000
0 0.573102 0.611687 0.092641 0.261816 0.567187 0.526946 2.000000 0.571875 0.516966 2.000000 0.560937 0.516966 2.000000 0.582812 0.512974 1.000000 0.553125 0.514970 1.000000 0.598437 0.544910 2.000000 0.548438 0.550898 2.000000 0.612500 0.590818 1.000000 0.540625 0.610778 2.000000 0.607812 0.632735 1.000000 0.573438 0.622754 2.000000 0.584375 0.644711 2.000000 0.556250 0.634731 2.000000 0.584375 0.720559 2.000000 0.531250 0.632735 2.000000 0.000000 0.000000 0.000000 0.545312 0.714571 2.000000
0 0.416695 0.608752 0.075266 0.255709 0.412500 0.524950 2.000000 0.418750 0.518962 2.000000 0.407813 0.516966 2.000000 0.426563 0.520958 2.000000 0.395313 0.514970 1.000000 0.435937 0.562874 2.000000 0.382812 0.554890 1.000000 0.439063 0.616766 2.000000 0.000000 0.000000 0.000000 0.431250 0.624750 2.000000 0.000000 0.000000 0.000000 0.421875 0.660679 2.000000 0.393750 0.658683 2.000000 0.432812 0.728543 2.000000 0.392188 0.666667 2.000000 0.406250 0.694611 2.000000 0.395313 0.700599 2.000000
0 0.329047 0.591357 0.132594 0.322794 0.343750 0.477046 2.000000 0.348438 0.471058 2.000000 0.337500 0.471058 2.000000 0.357812 0.471058 2.000000 0.328125 0.471058 2.000000 0.370312 0.524950 2.000000 0.312500 0.518962 2.000000 0.375000 0.594810 2.000000 0.270313 0.558882 2.000000 0.371875 0.658683 2.000000 0.285938 0.602794 2.000000 0.353125 0.634731 2.000000 0.321875 0.630739 2.000000 0.346875 0.726547 2.000000 0.295312 0.634731 2.000000 0.323437 0.696607 2.000000 0.309375 0.716567 2.000000
0 0.217906 0.598633 0.096094 0.315669 0.217188 0.487026 2.000000 0.225000 0.481038 2.000000 0.212500 0.483034 2.000000 0.237500 0.481038 2.000000 0.000000 0.000000 0.000000 0.253125 0.522954 2.000000 0.200000 0.522954 2.000000 0.000000 0.000000 0.000000 0.176563 0.582834 2.000000 0.000000 0.000000 0.000000 0.203125 0.606786 2.000000 0.243750 0.632735 2.000000 0.215625 0.632735 2.000000 0.232813 0.734531 2.000000 0.228125 0.658683 2.000000 0.181250 0.712575 1.000000 0.217188 0.726547 2.000000
0 0.498539 0.615090 0.076672 0.244152 0.493750 0.538922 2.000000 0.498437 0.528942 2.000000 0.487500 0.528942 2.000000 0.510938 0.528942 2.000000 0.482812 0.532934 1.000000 0.528125 0.568862 2.000000 0.476562 0.550898 2.000000 0.526563 0.608782 2.000000 0.468750 0.582834 1.000000 0.520312 0.616766 2.000000 0.493750 0.616766 2.000000 0.495312 0.650699 2.000000 0.482812 0.634731 2.000000 0.521875 0.720559 2.000000 0.468750 0.616766 1.000000 0.492188 0.694611 2.000000 0.468750 0.694611 2.000000
0 0.744563 0.612725 0.096031 0.282216 0.753125 0.518962 2.000000 0.759375 0.510978 2.000000 0.746875 0.510978 2.000000 0.767188 0.514970 2.000000 0.000000 0.000000 0.000000 0.773438 0.558882 2.000000 0.731250 0.556886 2.000000 0.779687 0.612774 2.000000 0.715625 0.600798 2.000000 0.765625 0.636727 2.000000 0.714063 0.632735 2.000000 0.768750 0.644711 2.000000 0.745313 0.642715 2.000000 0.762500 0.728543 2.000000 0.731250 0.626747 2.000000 0.773438 0.710579 2.000000 0.728125 0.730539 2.000000
0 0.845156 0.599820 0.159281 0.303752 0.840625 0.493014 2.000000 0.845313 0.487026 2.000000 0.837500 0.487026 2.000000 0.864062 0.487026 2.000000 0.000000 0.000000 0.000000 0.884375 0.524950 2.000000 0.823438 0.530938 2.000000 0.903125 0.582834 1.000000 0.812500 0.582834 1.000000 0.878125 0.616766 2.000000 0.809375 0.628743 2.000000 0.871875 0.640719 1.000000 0.840625 0.640719 1.000000 0.868750 0.734531 2.000000 0.784375 0.630739 2.000000 0.907813 0.700599 2.000000 0.798438 0.722555 2.000000
