0 0.166914 0.575666 0.064422 0.205836 0.156250 0.494881 2.000000 0.157812 0.489761 2.000000 0.153125 0.489761 2.000000 0.000000 0.000000 0.000000 0.000000 0.000000 0.000000 0.175000 0.511945 2.000000 0.142187 0.518771 2.000000 0.182812 0.535836 2.000000 0.135937 0.551195 1.000000 0.170313 0.517065 2.000000 0.000000 0.000000 0.000000 0.175000 0.578498 2.000000 0.000000 0.000000 0.000000 0.187500 0.624573 2.000000 0.000000 0.000000 0.000000 0.190625 0.670648 2.000000 0.000000 0.000000 0.000000
0 0.112281 0.541945 0.064875 0.119761 0.103125 0.506826 2.000000 0.106250 0.503413 2.000000 0.100000 0.503413 2.000000 0.114062 0.505119 2.000000 0.095312 0.505119 2.000000 0.126562 0.523891 2.000000 0.090625 0.527304 2.000000 0.139063 0.558020 2.000000 0.085938 0.563140 2.000000 0.000000 0.000000 0.000000 0.103125 0.585324 2.000000 0.129688 0.587031 1.000000 0.100000 0.588737 2.000000 0.000000 0.000000 0.000000 0.000000 0.000000 0.000000 0.000000 0.000000 0.000000 0.000000 0.000000 0.000000
0 0.246219 0.579838 0.063687 0.208447 0.243750 0.500000 2.000000 0.246875 0.494881 2.000000 0.242188 0.494881 2.000000 0.253125 0.496587 2.000000 0.235937 0.496587 2.000000 0.265625 0.518771 2.000000 0.225000 0.517065 2.000000 0.270313 0.551195 2.000000 0.221875 0.551195 2.000000 0.270313 0.573379 2.000000 0.220312 0.585324 1.000000 0.253125 0.578498 2.000000 0.226562 0.578498 2.000000 0.254688 0.622867 2.000000 0.228125 0.617747 2.000000 0.257812 0.668942 2.000000 0.228125 0.668942 2.000000
0 0.796133 0.457235 0.057703 0.096314 0.793750 0.428328 2.000000 0.796875 0.424915 2.000000 0.790625 0.424915 2.000000 0.803125 0.426621 2.000000 0.784375 0.424915 2.000000 0.807813 0.440273 2.000000 0.776563 0.441980 2.000000 0.814063 0.467577 2.000000 0.771875 0.465870 1.000000 0.810937 0.486348 2.000000 0.768750 0.491468 1.000000 0.806250 0.496587 2.000000 0.779687 0.496587 1.000000 0.000000 0.000000 0.000000 0.000000 0.000000 0.000000 0.000000 0.000000 0.000000 0.000000 0.000000 0.000000
0 0.869875 0.580427 0.092812 0.113584 0.879687 0.544369 2.000000 0.884375 0.539249 2.000000 0.875000 0.539249 2.000000 0.890625 0.546075 1.000000 0.870313 0.544369 2.000000 0.895312 0.558020 2.000000 0.860938 0.564846 2.000000 0.910937 0.578498 2.000000 0.845313 0.602389 2.000000 0.904687 0.593857 2.000000 0.865625 0.622867 2.000000 0.895312 0.607509 2.000000 0.871875 0.610922 2.000000 0.000000 0.000000 0.000000 0.000000 0.000000 0.000000 0.000000 0.000000 0.000000 0.000000 0.000000 0.000000
0 0.729258 0.551263 0.053766 0.161331 0.723437 0.491468 2.000000 0.725000 0.488055 2.000000 0.718750 0.489761 2.000000 0.731250 0.488055 2.000000 0.715625 0.493174 2.000000 0.740625 0.508532 2.000000 0.715625 0.510239 2.000000 0.746875 0.532423 2.000000 0.710938 0.529010 2.000000 0.745313 0.556314 2.000000 0.712500 0.535836 2.000000 0.740625 0.551195 2.000000 0.721875 0.552901 2.000000 0.740625 0.588737 2.000000 0.723437 0.587031 2.000000 0.742188 0.621160 2.000000 0.729688 0.624573 2.000000
0 0.958203 0.576647 0.079781 0.110358 0.954688 0.546075 2.000000 0.957812 0.540956 2.000000 0.950000 0.542662 2.000000 0.000000 0.000000 0.000000 0.942187 0.544369 2.000000 0.975000 0.563140 2.000000 0.937500 0.564846 2.000000 0.979688 0.593857 2.000000 0.926562 0.604096 2.000000 0.000000 0.000000 0.000000 0.000000 0.000000 0.000000 0.973437 0.614334 2.000000 0.943750 0.617747 2.000000 0.976562 0.610922 2.000000 0.000000 0.000000 0.000000 0.000000 0.000000 0.000000 0.000000 0.000000 0.000000
0 0.925320 0.461613 0.041328 0.108549 0.000000 0.000000 0.000000 0.000000 0.000000 0.000000 0.000000 0.000000 0.000000 0.923438 0.418089 2.000000 0.000000 0.000000 0.000000 0.932813 0.431741 2.000000 0.912500 0.435154 2.000000 0.000000 0.000000 0.000000 0.000000 0.000000 0.000000 0.000000 0.000000 0.000000 0.000000 0.000000 0.000000 0.929688 0.457338 2.000000 0.920312 0.460751 2.000000 0.926562 0.479522 2.000000 0.929688 0.486348 2.000000 0.925000 0.503413 2.000000 0.935937 0.498294 2.000000
0 0.306625 0.622662 0.056563 0.103140 0.000000 0.000000 0.000000 0.000000 0.000000 0.000000 0.000000 0.000000 0.000000 0.307812 0.590444 2.000000 0.000000 0.000000 0.000000 0.323437 0.607509 2.000000 0.287500 0.614334 2.000000 0.332813 0.634812 1.000000 0.284375 0.643345 2.000000 0.318750 0.648464 2.000000 0.295312 0.645051 2.000000 0.325000 0.646758 2.000000 0.304688 0.648464 2.000000 0.000000 0.000000 0.000000 0.285938 0.655290 2.000000 0.000000 0.000000 0.000000 0.000000 0.000000 0.000000
0 0.044258 0.669633 0.068578 0.098823 0.035937 0.639932 2.000000 0.040625 0.634812 2.000000 0.031250 0.636519 2.000000 0.000000 0.000000 0.000000 0.000000 0.000000 0.000000 0.060937 0.651877 2.000000 0.026562 0.662116 1.000000 0.054688 0.687713 2.000000 0.000000 0.000000 0.000000 0.021875 0.677474 2.000000 0.000000 0.000000 0.000000 0.000000 0.000000 0.000000 0.000000 0.000000 0.000000 0.000000 0.000000 0.000000 0.000000 0.000000 0.000000 0.000000 0.000000 0.000000 0.000000 0.000000 0.000000
