0 0.452586 0.840521 0.132547 0.243542 0.000000 0.000000 0.000000 0.000000 0.000000 0.000000 0.000000 0.000000 0.000000 0.000000 0.000000 0.000000 0.000000 0.000000 0.000000 0.420312 0.793750 2.000000 0.500000 0.768750 2.000000 0.404687 0.837500 2.000000 0.000000 0.000000 0.000000 0.425000 0.770833 1.000000 0.000000 0.000000 0.000000 0.454688 0.929167 2.000000 0.492188 0.918750 2.000000 0.390625 0.808333 2.000000 0.000000 0.000000 0.000000 0.000000 0.000000 0.000000 0.000000 0.000000 0.000000
0 0.643547 0.653760 0.148125 0.202229 0.000000 0.000000 0.000000 0.000000 0.000000 0.000000 0.000000 0.000000 0.000000 0.000000 0.000000 0.000000 0.000000 0.000000 0.000000 0.678125 0.639583 2.000000 0.685937 0.604167 2.000000 0.629687 0.679167 2.000000 0.654687 0.620833 2.000000 0.600000 0.645833 2.000000 0.617188 0.620833 2.000000 0.675000 0.718750 2.000000 0.682813 0.672917 2.000000 0.596875 0.683333 2.000000 0.625000 0.610417 1.000000 0.615625 0.729167 2.000000 0.000000 0.000000 0.000000
0 0.885133 0.756760 0.141891 0.324312 0.000000 0.000000 0.000000 0.000000 0.000000 0.000000 0.000000 0.000000 0.000000 0.000000 0.000000 0.000000 0.000000 0.000000 0.000000 0.895312 0.629167 2.000000 0.875000 0.687500 2.000000 0.931250 0.695833 2.000000 0.887500 0.770833 2.000000 0.901563 0.733333 2.000000 0.907813 0.714583 2.000000 0.862500 0.743750 2.000000 0.848437 0.775000 2.000000 0.000000 0.000000 0.000000 0.820312 0.845833 2.000000 0.000000 0.000000 0.000000 0.000000 0.000000 0.000000
0 0.916383 0.873865 0.167234 0.227479 0.000000 0.000000 0.000000 0.000000 0.000000 0.000000 0.000000 0.000000 0.000000 0.000000 0.000000 0.000000 0.964063 0.810417 2.000000 0.921875 0.785417 2.000000 0.957812 0.866667 2.000000 0.959375 0.829167 2.000000 0.992188 0.900000 2.000000 0.984375 0.825000 1.000000 0.000000 0.000000 0.000000 0.887500 0.883333 2.000000 0.914062 0.922917 2.000000 0.839063 0.937500 2.000000 0.864062 0.991667 1.000000 0.814063 0.960417 1.000000 0.000000 0.000000 0.000000
0 0.758641 0.880198 0.117094 0.238729 0.767188 0.833333 2.000000 0.781250 0.829167 2.000000 0.764062 0.818750 2.000000 0.790625 0.829167 2.000000 0.757812 0.806250 2.000000 0.810937 0.837500 2.000000 0.739062 0.800000 2.000000 0.789062 0.902083 2.000000 0.717187 0.847917 2.000000 0.746875 0.941667 2.000000 0.712500 0.906250 2.000000 0.773438 0.920833 2.000000 0.735938 0.906250 2.000000 0.000000 0.000000 0.000000 0.000000 0.000000 0.000000 0.000000 0.000000 0.000000 0.000000 0.000000 0.000000
0 0.654258 0.930104 0.134984 0.139792 0.000000 0.000000 0.000000 0.000000 0.000000 0.000000 0.000000 0.000000 0.000000 0.673438 0.866667 2.000000 0.696875 0.922917 2.000000 0.660937 0.881250 2.000000 0.626563 0.983333 2.000000 0.687500 0.939583 2.000000 0.000000 0.000000 0.000000 0.700000 0.995833 2.000000 0.000000 0.000000 0.000000 0.000000 0.000000 0.000000 0.000000 0.000000 0.000000 0.000000 0.000000 0.000000 0.000000 0.000000 0.000000 0.000000 0.000000 0.000000 0.000000 0.000000 0.000000
0 0.670453 0.535417 0.167219 0.146708 0.720313 0.487500 2.000000 0.725000 0.485417 2.000000 0.000000 0.000000 0.000000 0.000000 0.000000 0.000000 0.000000 0.000000 0.000000 0.728125 0.535417 2.000000 0.710938 0.510417 2.000000 0.689063 0.533333 2.000000 0.000000 0.000000 0.000000 0.706250 0.504167 2.000000 0.000000 0.000000 0.000000 0.704688 0.560417 1.000000 0.684375 0.531250 2.000000 0.653125 0.533333 2.000000 0.651563 0.556250 2.000000 0.617188 0.575000 2.000000 0.625000 0.608333 1.000000
0 0.202180 0.718552 0.188891 0.535937 0.000000 0.000000 0.000000 0.156250 0.504167 2.000000 0.148438 0.510417 2.000000 0.154688 0.479167 2.000000 0.125000 0.518750 2.000000 0.000000 0.000000 0.000000 0.000000 0.000000 0.000000 0.000000 0.000000 0.000000 0.000000 0.000000 0.000000 0.000000 0.000000 0.000000 0.000000 0.000000 0.000000 0.000000 0.000000 0.000000 0.000000 0.000000 0.000000 0.000000 0.000000 0.000000 0.000000 0.000000 0.000000 0.000000 0.000000 0.000000 0.000000 0.000000 0.000000
0 0.936312 0.692448 0.124719 0.256188 0.000000 0.000000 0.000000 0.000000 0.000000 0.000000 0.000000 0.000000 0.000000 0.000000 0.000000 0.000000 0.000000 0.000000 0.000000 0.000000 0.000000 0.000000 0.995313 0.581250 2.000000 0.000000 0.000000 0.000000 0.967187 0.608333 2.000000 0.000000 0.000000 0.000000 0.976562 0.660417 2.000000 0.000000 0.000000 0.000000 0.962500 0.689583 2.000000 0.000000 0.000000 0.000000 0.000000 0.000000 0.000000 0.000000 0.000000 0.000000 0.000000 0.000000 0.000000
0 0.624453 0.521396 0.109781 0.115417 0.000000 0.000000 0.000000 0.000000 0.000000 0.000000 0.000000 0.000000 0.000000 0.000000 0.000000 0.000000 0.000000 0.000000 0.000000 0.646875 0.472917 1.000000 0.628125 0.456250 1.000000 0.625000 0.495833 2.000000 0.000000 0.000000 0.000000 0.601562 0.491667 1.000000 0.000000 0.000000 0.000000 0.665625 0.514583 2.000000 0.645312 0.495833 2.000000 0.612500 0.512500 2.000000 0.598437 0.495833 1.000000 0.603125 0.568750 2.000000 0.590625 0.552083 2.000000
