0 0.166143 0.432242 0.218428 0.234766 0.147420 0.345313 2.000000 0.152334 0.342187 2.000000 0.137592 0.342187 2.000000 0.000000 0.000000 0.000000 0.122850 0.340625 2.000000 0.194103 0.375000 1.000000 0.088452 0.375000 2.000000 0.213759 0.420312 1.000000 0.073710 0.420312 2.000000 0.235872 0.434375 1.000000 0.085995 0.434375 2.000000 0.176904 0.432812 1.000000 0.115479 0.434375 2.000000 0.253071 0.450000 2.000000 0.083538 0.456250 2.000000 0.267813 0.520312 1.000000 0.081081 0.523438 2.000000
0 0.800774 0.216453 0.117469 0.136813 0.800983 0.167187 2.000000 0.808354 0.164062 2.000000 0.791155 0.164062 2.000000 0.815725 0.167187 2.000000 0.778870 0.167187 2.000000 0.837838 0.192188 2.000000 0.759214 0.192188 2.000000 0.845209 0.225000 2.000000 0.756757 0.221875 2.000000 0.825553 0.240625 2.000000 0.788698 0.237500 2.000000 0.820639 0.265625 2.000000 0.776413 0.267188 1.000000 0.815725 0.218750 2.000000 0.786241 0.218750 2.000000 0.828010 0.270313 2.000000 0.788698 0.267188 2.000000
0 0.944152 0.301156 0.111695 0.080656 0.970516 0.284375 2.000000 0.972973 0.278125 2.000000 0.960688 0.281250 2.000000 0.000000 0.000000 0.000000 0.936118 0.285938 2.000000 0.990172 0.314063 2.000000 0.911548 0.315625 2.000000 0.000000 0.000000 0.000000 0.894349 0.356250 1.000000 0.000000 0.000000 0.000000 0.000000 0.000000 0.000000 0.000000 0.000000 0.000000 0.000000 0.000000 0.000000 0.000000 0.000000 0.000000 0.000000 0.000000 0.000000 0.000000 0.000000 0.000000 0.000000 0.000000 0.000000
0 0.526339 0.209414 0.116167 0.125609 0.506143 0.175000 2.000000 0.515971 0.173437 2.000000 0.506143 0.168750 2.000000 0.000000 0.000000 0.000000 0.000000 0.000000 0.000000 0.565111 0.187500 2.000000 0.491400 0.184375 2.000000 0.572482 0.231250 1.000000 0.479115 0.206250 2.000000 0.508600 0.243750 2.000000 0.481572 0.232813 2.000000 0.550369 0.239063 1.000000 0.508600 0.237500 2.000000 0.000000 0.000000 0.000000 0.000000 0.000000 0.000000 0.000000 0.000000 0.000000 0.000000 0.000000 0.000000
0 0.418268 0.190328 0.114619 0.097437 0.429975 0.160938 2.000000 0.434889 0.157812 2.000000 0.422604 0.157812 2.000000 0.000000 0.000000 0.000000 0.407862 0.162500 2.000000 0.461916 0.192188 2.000000 0.378378 0.192188 2.000000 0.459459 0.229687 2.000000 0.000000 0.000000 0.000000 0.000000 0.000000 0.000000 0.000000 0.000000 0.000000 0.000000 0.000000 0.000000 0.000000 0.000000 0.000000 0.471744 0.251563 1.000000 0.398034 0.259375 1.000000 0.000000 0.000000 0.000000 0.000000 0.000000 0.000000
0 0.669251 0.191688 0.128722 0.091406 0.675676 0.167187 2.000000 0.683047 0.164062 2.000000 0.670762 0.164062 2.000000 0.692875 0.167187 2.000000 0.658477 0.167187 2.000000 0.710074 0.192188 2.000000 0.633907 0.190625 2.000000 0.732187 0.231250 1.000000 0.621622 0.229687 2.000000 0.702703 0.225000 1.000000 0.670762 0.223438 2.000000 0.700246 0.256250 1.000000 0.648649 0.256250 1.000000 0.712531 0.215625 2.000000 0.678133 0.218750 2.000000 0.734644 0.276562 1.000000 0.656020 0.279687 1.000000
0 0.322285 0.195016 0.091990 0.088344 0.343980 0.176563 2.000000 0.343980 0.173437 2.000000 0.336609 0.171875 2.000000 0.000000 0.000000 0.000000 0.312039 0.176563 2.000000 0.341523 0.195312 2.000000 0.294840 0.195312 2.000000 0.343980 0.223438 1.000000 0.292383 0.231250 2.000000 0.358722 0.196875 2.000000 0.000000 0.000000 0.000000 0.000000 0.000000 0.000000 0.000000 0.000000 0.000000 0.000000 0.000000 0.000000 0.000000 0.000000 0.000000 0.000000 0.000000 0.000000 0.000000 0.000000 0.000000
0 0.078943 0.113469 0.142654 0.123469 0.078624 0.076563 2.000000 0.000000 0.000000 0.000000 0.071253 0.071875 2.000000 0.000000 0.000000 0.000000 0.054054 0.068750 2.000000 0.049140 0.087500 2.000000 0.046683 0.089063 2.000000 0.000000 0.000000 0.000000 0.090909 0.120313 2.000000 0.000000 0.000000 0.000000 0.135135 0.123438 2.000000 0.073710 0.139063 2.000000 0.068796 0.140625 2.000000 0.095823 0.121875 2.000000 0.135135 0.164062 1.000000 0.120393 0.162500 1.000000 0.000000 0.000000 0.000000
0 0.750897 0.141578 0.095405 0.098875 0.764128 0.121875 2.000000 0.771499 0.118750 2.000000 0.756757 0.120313 2.000000 0.778870 0.118750 2.000000 0.742015 0.120313 1.000000 0.788698 0.142187 2.000000 0.722359 0.146875 2.000000 0.803440 0.160938 1.000000 0.714988 0.176563 2.000000 0.788698 0.185938 1.000000 0.737101 0.190625 1.000000 0.000000 0.000000 0.000000 0.000000 0.000000 0.000000 0.000000 0.000000 0.000000 0.000000 0.000000 0.000000 0.000000 0.000000 0.000000 0.000000 0.000000 0.000000
0 0.092961 0.298531 0.100319 0.090000 0.117936 0.279687 2.000000 0.122850 0.275000 2.000000 0.110565 0.276562 2.000000 0.000000 0.000000 0.000000 0.085995 0.281250 2.000000 0.127764 0.307812 2.000000 0.068796 0.306250 2.000000 0.000000 0.000000 0.000000 0.073710 0.339062 2.000000 0.000000 0.000000 0.000000 0.000000 0.000000 0.000000 0.000000 0.000000 0.000000 0.000000 0.000000 0.000000 0.000000 0.000000 0.000000 0.000000 0.000000 0.000000 0.000000 0.000000 0.000000 0.000000 0.000000 0.000000
0 0.425872 0.112320 0.103096 0.105453 0.425061 0.079687 2.000000 0.429975 0.075000 2.000000 0.415233 0.076563 2.000000 0.000000 0.000000 0.000000 0.400491 0.079687 2.000000 0.452088 0.103125 2.000000 0.390663 0.098437 2.000000 0.466830 0.131250 2.000000 0.400491 0.131250 2.000000 0.000000 0.000000 0.000000 0.452088 0.134375 2.000000 0.000000 0.000000 0.000000 0.000000 0.000000 0.000000 0.000000 0.000000 0.000000 0.000000 0.000000 0.000000 0.000000 0.000000 0.000000 0.000000 0.000000 0.000000
0 0.437752 0.572148 0.630147 0.726547 0.000000 0.000000 0.000000 0.000000 0.000000 0.000000 0.000000 0.000000 0.000000 0.599509 0.331250 1.000000 0.665848 0.378125 2.000000 0.515971 0.335938 2.000000 0.643735 0.435937 2.000000 0.407862 0.223438 2.000000 0.628993 0.542188 2.000000 0.380835 0.234375 2.000000 0.697789 0.528125 2.000000 0.339066 0.481250 2.000000 0.432432 0.532813 2.000000 0.230958 0.648438 2.000000 0.348894 0.698438 2.000000 0.167076 0.793750 2.000000 0.289926 0.862500 2.000000
0 0.254386 0.268336 0.130885 0.144609 0.272727 0.220312 2.000000 0.277641 0.215625 2.000000 0.260442 0.215625 2.000000 0.000000 0.000000 0.000000 0.243243 0.221875 2.000000 0.302211 0.243750 2.000000 0.221130 0.246875 2.000000 0.000000 0.000000 0.000000 0.216216 0.296875 2.000000 0.000000 0.000000 0.000000 0.253071 0.315625 2.000000 0.285012 0.306250 1.000000 0.240786 0.307812 2.000000 0.000000 0.000000 0.000000 0.201474 0.323437 2.000000 0.000000 0.000000 0.000000 0.000000 0.000000 0.000000
