0 0.601070 0.536030 0.240422 0.430187 0.567187 0.384075 2.000000 0.568750 0.372365 2.000000 0.557813 0.379391 2.000000 0.000000 0.000000 0.000000 0.546875 0.381733 2.000000 0.589063 0.412178 2.000000 0.542188 0.405152 2.000000 0.529687 0.447307 2.000000 0.000000 0.000000 0.000000 0.514062 0.398126 2.000000 0.525000 0.395785 2.000000 0.625000 0.538642 2.000000 0.573438 0.555035 2.000000 0.646875 0.606557 2.000000 0.535937 0.641686 2.000000 0.703125 0.721311 2.000000 0.506250 0.718970 2.000000
0 0.846898 0.133185 0.074391 0.154988 0.851562 0.091335 2.000000 0.854688 0.084309 2.000000 0.846875 0.086651 2.000000 0.865625 0.091335 2.000000 0.837500 0.096019 1.000000 0.882812 0.138173 1.000000 0.821875 0.142857 2.000000 0.000000 0.000000 0.000000 0.814063 0.201405 2.000000 0.000000 0.000000 0.000000 0.835938 0.194379 2.000000 0.000000 0.000000 0.000000 0.000000 0.000000 0.000000 0.000000 0.000000 0.000000 0.000000 0.000000 0.000000 0.000000 0.000000 0.000000 0.000000 0.000000 0.000000
0 0.199844 0.542881 0.151344 0.383841 0.000000 0.000000 0.000000 0.000000 0.000000 0.000000 0.253125 0.400468 2.000000 0.000000 0.000000 0.000000 0.228125 0.398126 2.000000 0.225000 0.433255 2.000000 0.220312 0.428571 2.000000 0.000000 0.000000 0.000000 0.154688 0.484778 2.000000 0.000000 0.000000 0.000000 0.164062 0.559719 2.000000 0.182812 0.524590 2.000000 0.176563 0.524590 2.000000 0.000000 0.000000 0.000000 0.187500 0.597190 1.000000 0.000000 0.000000 0.000000 0.143750 0.686183 2.000000
0 0.251734 0.137237 0.098656 0.168431 0.250000 0.088993 2.000000 0.251563 0.081967 2.000000 0.242188 0.081967 2.000000 0.000000 0.000000 0.000000 0.226562 0.088993 2.000000 0.260937 0.124122 2.000000 0.218750 0.124122 2.000000 0.293750 0.185012 2.000000 0.221875 0.161593 2.000000 0.293750 0.147541 2.000000 0.251563 0.128806 2.000000 0.000000 0.000000 0.000000 0.000000 0.000000 0.000000 0.000000 0.000000 0.000000 0.000000 0.000000 0.000000 0.000000 0.000000 0.000000 0.000000 0.000000 0.000000
0 0.036086 0.297447 0.072172 0.423513 0.012500 0.124122 2.000000 0.018750 0.117096 2.000000 0.007812 0.117096 2.000000 0.000000 0.000000 0.000000 0.000000 0.000000 0.000000 0.035937 0.170960 2.000000 0.000000 0.000000 0.000000 0.040625 0.222482 2.000000 0.000000 0.000000 0.000000 0.000000 0.000000 0.000000 0.023438 0.220141 2.000000 0.029687 0.283372 2.000000 0.000000 0.000000 0.000000 0.035937 0.377049 2.000000 0.000000 0.000000 0.000000 0.043750 0.466042 2.000000 0.000000 0.000000 0.000000
0 0.475648 0.134930 0.087859 0.166487 0.462500 0.086651 2.000000 0.465625 0.081967 2.000000 0.456250 0.081967 2.000000 0.473438 0.088993 2.000000 0.446875 0.088993 2.000000 0.496875 0.128806 2.000000 0.434375 0.126464 2.000000 0.512500 0.180328 2.000000 0.000000 0.000000 0.000000 0.521875 0.131148 1.000000 0.000000 0.000000 0.000000 0.000000 0.000000 0.000000 0.000000 0.000000 0.000000 0.000000 0.000000 0.000000 0.000000 0.000000 0.000000 0.000000 0.000000 0.000000 0.000000 0.000000 0.000000
0 0.762930 0.134262 0.098797 0.146979 0.764062 0.105386 2.000000 0.770312 0.096019 2.000000 0.759375 0.096019 2.000000 0.775000 0.103044 2.000000 0.748437 0.103044 2.000000 0.779687 0.135831 2.000000 0.745313 0.128806 2.000000 0.798438 0.189696 2.000000 0.723437 0.156909 2.000000 0.000000 0.000000 0.000000 0.754687 0.182670 2.000000 0.000000 0.000000 0.000000 0.000000 0.000000 0.000000 0.000000 0.000000 0.000000 0.000000 0.000000 0.000000 0.000000 0.000000 0.000000 0.000000 0.000000 0.000000
0 0.246211 0.601370 0.193859 0.287330 0.000000 0.000000 0.000000 0.000000 0.000000 0.000000 0.000000 0.000000 0.000000 0.000000 0.000000 0.000000 0.242188 0.505855 2.000000 0.276562 0.543326 2.000000 0.225000 0.548009 2.000000 0.306250 0.557377 2.000000 0.176563 0.608899 2.000000 0.332813 0.559719 2.000000 0.165625 0.674473 2.000000 0.239063 0.665105 2.000000 0.201563 0.660422 2.000000 0.300000 0.625293 2.000000 0.217188 0.634660 2.000000 0.251563 0.718970 2.000000 0.189062 0.728337 2.000000
0 0.411383 0.146265 0.088047 0.139368 0.407813 0.119438 1.000000 0.412500 0.112412 1.000000 0.000000 0.000000 0.000000 0.425000 0.112412 2.000000 0.000000 0.000000 0.000000 0.439063 0.154567 2.000000 0.400000 0.142857 2.000000 0.410938 0.187354 2.000000 0.375000 0.175644 2.000000 0.387500 0.156909 2.000000 0.379688 0.142857 2.000000 0.000000 0.000000 0.000000 0.000000 0.000000 0.000000 0.000000 0.000000 0.000000 0.000000 0.000000 0.000000 0.000000 0.000000 0.000000 0.000000 0.000000 0.000000
0 0.571313 0.038044 0.096281 0.076089 0.000000 0.000000 0.000000 0.000000 0.000000 0.000000 0.000000 0.000000 0.000000 0.000000 0.000000 0.000000 0.000000 0.000000 0.000000 0.603125 0.004684 2.000000 0.532813 0.004684 2.000000 0.617188 0.039813 1.000000 0.529687 0.030445 2.000000 0.584375 0.081967 1.000000 0.548438 0.044496 2.000000 0.000000 0.000000 0.000000 0.000000 0.000000 0.000000 0.000000 0.000000 0.000000 0.000000 0.000000 0.000000 0.000000 0.000000 0.000000 0.000000 0.000000 0.000000
0 0.077695 0.163384 0.086453 0.128033 0.000000 0.000000 0.000000 0.000000 0.000000 0.000000 0.000000 0.000000 0.000000 0.000000 0.000000 0.000000 0.000000 0.000000 0.000000 0.101562 0.170960 2.000000 0.057813 0.170960 2.000000 0.000000 0.000000 0.000000 0.040625 0.182670 1.000000 0.000000 0.000000 0.000000 0.048438 0.145199 2.000000 0.100000 0.250585 1.000000 0.065625 0.252927 1.000000 0.000000 0.000000 0.000000 0.000000 0.000000 0.000000 0.000000 0.000000 0.000000 0.000000 0.000000 0.000000
