0 0.588066 0.815266 0.207028 0.114750 0.570755 0.792188 2.000000 0.584906 0.782813 2.000000 0.554245 0.784375 2.000000 0.603774 0.796875 2.000000 0.537736 0.801562 2.000000 0.643868 0.846875 2.000000 0.502358 0.854688 2.000000 0.646226 0.907813 1.000000 0.000000 0.000000 0.000000 0.000000 0.000000 0.000000 0.000000 0.000000 0.000000 0.000000 0.000000 0.000000 0.000000 0.000000 0.000000 0.000000 0.000000 0.000000 0.000000 0.000000 0.000000 0.000000 0.000000 0.000000 0.000000 0.000000 0.000000
0 0.594599 0.632875 0.183679 0.193594 0.566038 0.584375 2.000000 0.577830 0.578125 2.000000 0.000000 0.000000 0.000000 0.594340 0.575000 2.000000 0.000000 0.000000 0.000000 0.622642 0.603125 2.000000 0.580189 0.603125 2.000000 0.655660 0.635938 2.000000 0.000000 0.000000 0.000000 0.603774 0.646875 2.000000 0.000000 0.000000 0.000000 0.634434 0.670312 2.000000 0.596698 0.664062 2.000000 0.634434 0.710938 1.000000 0.601415 0.707812 2.000000 0.000000 0.000000 0.000000 0.000000 0.000000 0.000000
0 0.847642 0.810695 0.285755 0.158391 0.856132 0.775000 2.000000 0.870283 0.768750 2.000000 0.844340 0.768750 2.000000 0.886792 0.773438 2.000000 0.818396 0.770312 2.000000 0.926887 0.829688 2.000000 0.783019 0.818750 2.000000 0.915094 0.912500 1.000000 0.724057 0.884375 1.000000 0.000000 0.000000 0.000000 0.000000 0.000000 0.000000 0.000000 0.000000 0.000000 0.000000 0.000000 0.000000 0.000000 0.000000 0.000000 0.000000 0.000000 0.000000 0.000000 0.000000 0.000000 0.000000 0.000000 0.000000
0 0.685979 0.803414 0.117288 0.100172 0.683962 0.796875 2.000000 0.695755 0.789062 2.000000 0.669811 0.790625 2.000000 0.709906 0.793750 2.000000 0.650943 0.795312 2.000000 0.726415 0.828125 1.000000 0.639151 0.826562 1.000000 0.000000 0.000000 0.000000 0.000000 0.000000 0.000000 0.000000 0.000000 0.000000 0.000000 0.000000 0.000000 0.000000 0.000000 0.000000 0.000000 0.000000 0.000000 0.000000 0.000000 0.000000 0.000000 0.000000 0.000000 0.000000 0.000000 0.000000 0.000000 0.000000 0.000000
0 0.692771 0.703031 0.085212 0.108656 0.000000 0.000000 0.000000 0.000000 0.000000 0.000000 0.000000 0.000000 0.000000 0.000000 0.000000 0.000000 0.000000 0.000000 0.000000 0.733491 0.728125 1.000000 0.655660 0.725000 2.000000 0.000000 0.000000 0.000000 0.000000 0.000000 0.000000 0.000000 0.000000 0.000000 0.000000 0.000000 0.000000 0.000000 0.000000 0.000000 0.000000 0.000000 0.000000 0.000000 0.000000 0.000000 0.000000 0.000000 0.000000 0.000000 0.000000 0.000000 0.000000 0.000000 0.000000
0 0.822783 0.587305 0.133821 0.125703 0.801887 0.565625 2.000000 0.813679 0.560937 2.000000 0.794811 0.560937 2.000000 0.000000 0.000000 0.000000 0.000000 0.000000 0.000000 0.865566 0.601562 2.000000 0.752358 0.601562 1.000000 0.000000 0.000000 0.000000 0.000000 0.000000 0.000000 0.000000 0.000000 0.000000 0.000000 0.000000 0.000000 0.000000 0.000000 0.000000 0.000000 0.000000 0.000000 0.000000 0.000000 0.000000 0.000000 0.000000 0.000000 0.000000 0.000000 0.000000 0.000000 0.000000 0.000000
0 0.200814 0.806055 0.191061 0.093953 0.202830 0.806250 2.000000 0.212264 0.796875 2.000000 0.193396 0.798438 2.000000 0.231132 0.800000 2.000000 0.167453 0.804688 2.000000 0.247642 0.832812 2.000000 0.148585 0.828125 2.000000 0.000000 0.000000 0.000000 0.000000 0.000000 0.000000 0.000000 0.000000 0.000000 0.000000 0.000000 0.000000 0.000000 0.000000 0.000000 0.000000 0.000000 0.000000 0.000000 0.000000 0.000000 0.000000 0.000000 0.000000 0.000000 0.000000 0.000000 0.000000 0.000000 0.000000
0 0.947866 0.796414 0.104269 0.138328 0.912736 0.764062 2.000000 0.926887 0.756250 2.000000 0.903302 0.756250 2.000000 0.943396 0.760938 2.000000 0.896226 0.760938 1.000000 0.955189 0.793750 2.000000 0.891509 0.793750 1.000000 0.000000 0.000000 0.000000 0.000000 0.000000 0.000000 0.000000 0.000000 0.000000 0.000000 0.000000 0.000000 0.000000 0.000000 0.000000 0.000000 0.000000 0.000000 0.000000 0.000000 0.000000 0.000000 0.000000 0.000000 0.000000 0.000000 0.000000 0.000000 0.000000 0.000000
0 0.513231 0.794680 0.076179 0.149734 0.507075 0.757812 2.000000 0.516509 0.748437 2.000000 0.500000 0.750000 2.000000 0.000000 0.000000 0.000000 0.000000 0.000000 0.000000 0.549528 0.796875 1.000000 0.466981 0.795312 1.000000 0.000000 0.000000 0.000000 0.000000 0.000000 0.000000 0.000000 0.000000 0.000000 0.000000 0.000000 0.000000 0.000000 0.000000 0.000000 0.000000 0.000000 0.000000 0.000000 0.000000 0.000000 0.000000 0.000000 0.000000 0.000000 0.000000 0.000000 0.000000 0.000000 0.000000
0 0.740743 0.754969 0.065354 0.086344 0.738208 0.746875 2.000000 0.750000 0.742188 2.000000 0.731132 0.739062 2.000000 0.000000 0.000000 0.000000 0.714623 0.743750 2.000000 0.768868 0.787500 1.000000 0.705189 0.785937 1.000000 0.000000 0.000000 0.000000 0.000000 0.000000 0.000000 0.000000 0.000000 0.000000 0.000000 0.000000 0.000000 0.000000 0.000000 0.000000 0.000000 0.000000 0.000000 0.000000 0.000000 0.000000 0.000000 0.000000 0.000000 0.000000 0.000000 0.000000 0.000000 0.000000 0.000000
0 0.599741 0.765539 0.103208 0.111859 0.615566 0.745313 2.000000 0.627358 0.739062 2.000000 0.606132 0.739062 2.000000 0.639151 0.740625 2.000000 0.591981 0.740625 2.000000 0.653302 0.776563 1.000000 0.582547 0.775000 1.000000 0.000000 0.000000 0.000000 0.000000 0.000000 0.000000 0.000000 0.000000 0.000000 0.000000 0.000000 0.000000 0.000000 0.000000 0.000000 0.000000 0.000000 0.000000 0.000000 0.000000 0.000000 0.000000 0.000000 0.000000 0.000000 0.000000 0.000000 0.000000 0.000000 0.000000
0 0.355012 0.576219 0.259127 0.668937 0.379717 0.284375 2.000000 0.379717 0.275000 2.000000 0.356132 0.276562 2.000000 0.000000 0.000000 0.000000 0.301887 0.287500 2.000000 0.325472 0.359375 2.000000 0.311321 0.365625 2.000000 0.000000 0.000000 0.000000 0.283019 0.470313 2.000000 0.000000 0.000000 0.000000 0.417453 0.476562 2.000000 0.325472 0.518750 2.000000 0.308962 0.526563 2.000000 0.339623 0.700000 2.000000 0.386792 0.704688 2.000000 0.313679 0.862500 2.000000 0.346698 0.867188 2.000000
