0 0.415960 0.442695 0.582693 0.710109 0.353630 0.162500 2.000000 0.377049 0.146875 2.000000 0.000000 0.000000 0.000000 0.428571 0.145313 2.000000 0.000000 0.000000 0.000000 0.484778 0.195312 2.000000 0.384075 0.204687 2.000000 0.529274 0.270313 2.000000 0.306792 0.235937 2.000000 0.416862 0.228125 2.000000 0.379391 0.187500 2.000000 0.428571 0.373437 2.000000 0.353630 0.375000 2.000000 0.313817 0.560937 2.000000 0.456674 0.595313 2.000000 0.255269 0.720313 2.000000 0.618267 0.709375 2.000000
0 0.899040 0.334187 0.181827 0.169719 0.889930 0.295312 2.000000 0.903981 0.285938 2.000000 0.882904 0.285938 2.000000 0.920375 0.285938 2.000000 0.852459 0.285938 2.000000 0.927400 0.323437 2.000000 0.845433 0.323437 2.000000 0.976581 0.359375 2.000000 0.000000 0.000000 0.000000 0.948478 0.379688 2.000000 0.000000 0.000000 0.000000 0.920375 0.392188 2.000000 0.854801 0.392188 1.000000 0.000000 0.000000 0.000000 0.000000 0.000000 0.000000 0.000000 0.000000 0.000000 0.000000 0.000000 0.000000
0 0.261546 0.430961 0.160937 0.100672 0.000000 0.000000 0.000000 0.000000 0.000000 0.000000 0.000000 0.000000 0.000000 0.000000 0.000000 0.000000 0.000000 0.000000 0.000000 0.302108 0.443750 2.000000 0.224824 0.440625 2.000000 0.000000 0.000000 0.000000 0.000000 0.000000 0.000000 0.000000 0.000000 0.000000 0.000000 0.000000 0.000000 0.000000 0.000000 0.000000 0.000000 0.000000 0.000000 0.000000 0.000000 0.000000 0.000000 0.000000 0.000000 0.000000 0.000000 0.000000 0.000000 0.000000 0.000000
0 0.072998 0.415414 0.140281 0.127547 0.067916 0.392188 2.000000 0.084309 0.385937 2.000000 0.053864 0.385937 2.000000 0.100703 0.385937 2.000000 0.044496 0.392188 1.000000 0.105386 0.426563 2.000000 0.035129 0.428125 2.000000 0.117096 0.467187 2.000000 0.014052 0.462500 2.000000 0.044496 0.464062 2.000000 0.100703 0.462500 2.000000 0.000000 0.000000 0.000000 0.000000 0.000000 0.000000 0.000000 0.000000 0.000000 0.000000 0.000000 0.000000 0.000000 0.000000 0.000000 0.000000 0.000000 0.000000
0 0.607494 0.416281 0.157377 0.121906 0.576112 0.400000 2.000000 0.587822 0.398438 2.000000 0.569087 0.396875 2.000000 0.611241 0.403125 2.000000 0.000000 0.000000 0.000000 0.648712 0.445312 2.000000 0.524590 0.435937 1.000000 0.000000 0.000000 0.000000 0.000000 0.000000 0.000000 0.000000 0.000000 0.000000 0.000000 0.000000 0.000000 0.000000 0.000000 0.000000 0.000000 0.000000 0.000000 0.000000 0.000000 0.000000 0.000000 0.000000 0.000000 0.000000 0.000000 0.000000 0.000000 0.000000 0.000000
0 0.147166 0.177477 0.136909 0.137016 0.145199 0.150000 2.000000 0.163934 0.142187 2.000000 0.138173 0.142187 2.000000 0.180328 0.145313 2.000000 0.124122 0.148438 2.000000 0.203747 0.178125 1.000000 0.107728 0.181250 2.000000 0.199063 0.226562 2.000000 0.100703 0.229687 2.000000 0.000000 0.000000 0.000000 0.000000 0.000000 0.000000 0.000000 0.000000 0.000000 0.000000 0.000000 0.000000 0.000000 0.000000 0.000000 0.000000 0.000000 0.000000 0.000000 0.000000 0.000000 0.000000 0.000000 0.000000
0 0.396417 0.058203 0.172881 0.116406 0.386417 0.026562 2.000000 0.393443 0.018750 2.000000 0.377049 0.020313 2.000000 0.409836 0.021875 2.000000 0.362998 0.025000 2.000000 0.444965 0.062500 2.000000 0.339578 0.064062 2.000000 0.461358 0.106250 1.000000 0.327869 0.107813 2.000000 0.000000 0.000000 0.000000 0.000000 0.000000 0.000000 0.433255 0.131250 1.000000 0.358314 0.132812 1.000000 0.000000 0.000000 0.000000 0.000000 0.000000 0.000000 0.000000 0.000000 0.000000 0.000000 0.000000 0.000000
0 0.116850 0.051797 0.134028 0.083531 0.000000 0.000000 0.000000 0.000000 0.000000 0.000000 0.000000 0.000000 0.000000 0.147541 0.045312 2.000000 0.000000 0.000000 0.000000 0.173302 0.070312 2.000000 0.084309 0.068750 2.000000 0.000000 0.000000 0.000000 0.000000 0.000000 0.000000 0.000000 0.000000 0.000000 0.000000 0.000000 0.000000 0.000000 0.000000 0.000000 0.000000 0.000000 0.000000 0.000000 0.000000 0.000000 0.000000 0.000000 0.000000 0.000000 0.000000 0.000000 0.000000 0.000000 0.000000
0 0.079110 0.363922 0.155316 0.134969 0.044496 0.335938 2.000000 0.051522 0.328125 2.000000 0.037471 0.328125 2.000000 0.074941 0.329688 2.000000 0.000000 0.000000 0.000000 0.107728 0.354687 2.000000 0.011710 0.357812 2.000000 0.128806 0.407813 2.000000 0.000000 0.000000 0.000000 0.049180 0.378125 1.000000 0.000000 0.000000 0.000000 0.086651 0.428125 1.000000 0.028103 0.429688 1.000000 0.000000 0.000000 0.000000 0.000000 0.000000 0.000000 0.000000 0.000000 0.000000 0.000000 0.000000 0.000000
0 0.208255 0.216242 0.306674 0.150328 0.000000 0.000000 0.000000 0.000000 0.000000 0.000000 0.000000 0.000000 0.000000 0.000000 0.000000 0.000000 0.000000 0.000000 0.000000 0.199063 0.176563 2.000000 0.114754 0.178125 1.000000 0.000000 0.000000 0.000000 0.096019 0.235937 1.000000 0.000000 0.000000 0.000000 0.000000 0.000000 0.000000 0.000000 0.000000 0.000000 0.000000 0.000000 0.000000 0.000000 0.000000 0.000000 0.000000 0.000000 0.000000 0.000000 0.000000 0.000000 0.000000 0.000000 0.000000
0 0.730304 0.198766 0.142342 0.127750 0.683841 0.178125 2.000000 0.700234 0.170313 2.000000 0.676815 0.168750 2.000000 0.728337 0.173437 2.000000 0.000000 0.000000 0.000000 0.747073 0.203125 2.000000 0.660422 0.203125 1.000000 0.751756 0.256250 2.000000 0.648712 0.250000 1.000000 0.000000 0.000000 0.000000 0.000000 0.000000 0.000000 0.735363 0.278125 1.000000 0.676815 0.278125 1.000000 0.000000 0.000000 0.000000 0.000000 0.000000 0.000000 0.000000 0.000000 0.000000 0.000000 0.000000 0.000000
0 0.834087 0.179297 0.167705 0.135750 0.861827 0.139063 2.000000 0.000000 0.000000 0.000000 0.845433 0.134375 2.000000 0.000000 0.000000 0.000000 0.822014 0.137500 2.000000 0.871194 0.181250 2.000000 0.765808 0.179688 2.000000 0.885246 0.223438 2.000000 0.000000 0.000000 0.000000 0.000000 0.000000 0.000000 0.000000 0.000000 0.000000 0.840749 0.250000 1.000000 0.775176 0.251563 1.000000 0.000000 0.000000 0.000000 0.000000 0.000000 0.000000 0.000000 0.000000 0.000000 0.000000 0.000000 0.000000
0 0.232600 0.069406 0.119391 0.113969 0.213115 0.051562 2.000000 0.222482 0.045312 2.000000 0.203747 0.045312 2.000000 0.243560 0.043750 2.000000 0.192037 0.046875 1.000000 0.266979 0.075000 2.000000 0.187354 0.073438 2.000000 0.243560 0.114062 2.000000 0.182670 0.110937 1.000000 0.203747 0.089063 2.000000 0.217799 0.071875 2.000000 0.250585 0.135937 1.000000 0.192037 0.137500 1.000000 0.000000 0.000000 0.000000 0.000000 0.000000 0.000000 0.000000 0.000000 0.000000 0.000000 0.000000 0.000000
