0 0.552328 0.534835 0.267969 0.570802 0.564063 0.313679 2.000000 0.000000 0.000000 0.000000 0.553125 0.304245 2.000000 0.000000 0.000000 0.000000 0.529687 0.308962 2.000000 0.546875 0.360849 2.000000 0.484375 0.325472 2.000000 0.506250 0.396226 2.000000 0.432812 0.280660 2.000000 0.451562 0.353774 2.000000 0.446875 0.299528 2.000000 0.559375 0.523585 2.000000 0.514062 0.518868 2.000000 0.609375 0.632075 2.000000 0.482812 0.617925 2.000000 0.651563 0.747642 2.000000 0.451562 0.742925 2.000000
0 0.269461 0.657300 0.229266 0.388750 0.323437 0.525943 2.000000 0.000000 0.000000 0.000000 0.317188 0.514151 2.000000 0.000000 0.000000 0.000000 0.292187 0.525943 2.000000 0.287500 0.580189 2.000000 0.257812 0.563679 2.000000 0.315625 0.629717 2.000000 0.218750 0.629717 2.000000 0.370312 0.669811 2.000000 0.248438 0.676887 2.000000 0.209375 0.707547 2.000000 0.189062 0.712264 2.000000 0.276562 0.679245 2.000000 0.278125 0.691038 2.000000 0.207813 0.790094 2.000000 0.221875 0.804245 2.000000
0 0.196055 0.051450 0.089516 0.102901 0.189062 0.021226 2.000000 0.193750 0.016509 2.000000 0.184375 0.018868 2.000000 0.000000 0.000000 0.000000 0.173437 0.023585 2.000000 0.200000 0.054245 2.000000 0.173437 0.056604 2.000000 0.000000 0.000000 0.000000 0.170313 0.106132 1.000000 0.220312 0.063679 2.000000 0.000000 0.000000 0.000000 0.228125 0.117925 1.000000 0.204687 0.125000 1.000000 0.000000 0.000000 0.000000 0.000000 0.000000 0.000000 0.000000 0.000000 0.000000 0.000000 0.000000 0.000000
0 0.179195 0.291568 0.081797 0.280212 0.196875 0.191038 2.000000 0.201563 0.183962 2.000000 0.192188 0.183962 2.000000 0.000000 0.000000 0.000000 0.179688 0.186321 2.000000 0.209375 0.226415 1.000000 0.159375 0.224057 1.000000 0.226562 0.280660 1.000000 0.145313 0.280660 1.000000 0.209375 0.320755 2.000000 0.193750 0.313679 2.000000 0.209375 0.341981 2.000000 0.168750 0.339623 2.000000 0.000000 0.000000 0.000000 0.165625 0.415094 2.000000 0.000000 0.000000 0.000000 0.000000 0.000000 0.000000
0 0.297859 0.287123 0.062375 0.097925 0.287500 0.261792 2.000000 0.290625 0.254717 2.000000 0.281250 0.257075 2.000000 0.296875 0.257075 2.000000 0.271875 0.257075 2.000000 0.309375 0.299528 2.000000 0.264062 0.301887 1.000000 0.314063 0.360849 1.000000 0.000000 0.000000 0.000000 0.000000 0.000000 0.000000 0.000000 0.000000 0.000000 0.000000 0.000000 0.000000 0.000000 0.000000 0.000000 0.000000 0.000000 0.000000 0.000000 0.000000 0.000000 0.000000 0.000000 0.000000 0.000000 0.000000 0.000000
0 0.793805 0.314186 0.056703 0.137382 0.801562 0.268868 2.000000 0.804688 0.261792 2.000000 0.795312 0.264151 2.000000 0.812500 0.264151 2.000000 0.790625 0.266509 2.000000 0.815625 0.299528 2.000000 0.782813 0.301887 2.000000 0.000000 0.000000 0.000000 0.789062 0.363208 2.000000 0.000000 0.000000 0.000000 0.000000 0.000000 0.000000 0.812500 0.372642 2.000000 0.779687 0.372642 2.000000 0.000000 0.000000 0.000000 0.000000 0.000000 0.000000 0.000000 0.000000 0.000000 0.000000 0.000000 0.000000
0 0.725937 0.308172 0.077563 0.173797 0.000000 0.000000 0.000000 0.000000 0.000000 0.000000 0.000000 0.000000 0.000000 0.000000 0.000000 0.000000 0.729688 0.247642 2.000000 0.731250 0.292453 2.000000 0.710938 0.299528 1.000000 0.739062 0.349057 2.000000 0.712500 0.365566 1.000000 0.748437 0.360849 2.000000 0.740625 0.382075 1.000000 0.000000 0.000000 0.000000 0.704688 0.379717 2.000000 0.000000 0.000000 0.000000 0.751563 0.389151 1.000000 0.000000 0.000000 0.000000 0.000000 0.000000 0.000000
0 0.062469 0.589800 0.124937 0.531533 0.101562 0.403302 2.000000 0.000000 0.000000 0.000000 0.095312 0.386792 2.000000 0.000000 0.000000 0.000000 0.071875 0.391509 2.000000 0.031250 0.408019 2.000000 0.043750 0.431604 2.000000 0.009375 0.485849 2.000000 0.003125 0.509434 1.000000 0.040625 0.566038 2.000000 0.025000 0.589623 2.000000 0.000000 0.000000 0.000000 0.000000 0.000000 0.000000 0.057813 0.636792 2.000000 0.029687 0.653302 2.000000 0.021875 0.768868 2.000000 0.000000 0.000000 0.000000
0 0.102766 0.262877 0.108031 0.187170 0.114062 0.209906 2.000000 0.120313 0.205189 2.000000 0.107813 0.202830 2.000000 0.000000 0.000000 0.000000 0.093750 0.207547 2.000000 0.120313 0.252358 2.000000 0.079687 0.254717 2.000000 0.148438 0.285377 2.000000 0.070312 0.323113 2.000000 0.123438 0.308962 2.000000 0.103125 0.360849 1.000000 0.100000 0.351415 1.000000 0.065625 0.346698 1.000000 0.000000 0.000000 0.000000 0.000000 0.000000 0.000000 0.000000 0.000000 0.000000 0.000000 0.000000 0.000000
0 0.643328 0.262818 0.110156 0.273797 0.642188 0.158019 2.000000 0.646875 0.153302 2.000000 0.635938 0.153302 2.000000 0.651563 0.158019 2.000000 0.629687 0.158019 2.000000 0.656250 0.191038 2.000000 0.615625 0.183962 2.000000 0.692187 0.195755 2.000000 0.592187 0.221698 2.000000 0.679688 0.195755 2.000000 0.593750 0.271226 1.000000 0.646875 0.306604 2.000000 0.617188 0.308962 2.000000 0.654687 0.363208 2.000000 0.621875 0.386792 2.000000 0.609375 0.400943 1.000000 0.621875 0.443396 1.000000
