0 0.906773 0.529239 0.065172 0.173981 0.879687 0.480094 1.000000 0.881250 0.473068 2.000000 0.000000 0.000000 0.000000 0.890625 0.466042 2.000000 0.000000 0.000000 0.000000 0.892188 0.491803 2.000000 0.914062 0.473068 2.000000 0.893750 0.548009 2.000000 0.000000 0.000000 0.000000 0.884375 0.573770 2.000000 0.000000 0.000000 0.000000 0.914062 0.576112 2.000000 0.934375 0.569087 2.000000 0.000000 0.000000 0.000000 0.000000 0.000000 0.000000 0.000000 0.000000 0.000000 0.000000 0.000000 0.000000
0 0.805836 0.537658 0.065234 0.241311 0.000000 0.000000 0.000000 0.000000 0.000000 0.000000 0.000000 0.000000 0.000000 0.000000 0.000000 0.000000 0.796875 0.484778 2.000000 0.812500 0.494145 2.000000 0.785937 0.501171 2.000000 0.834375 0.475410 2.000000 0.809375 0.496487 2.000000 0.826562 0.442623 2.000000 0.814063 0.456674 2.000000 0.807813 0.587822 2.000000 0.784375 0.587822 2.000000 0.810937 0.662763 1.000000 0.782813 0.655738 2.000000 0.000000 0.000000 0.000000 0.000000 0.000000 0.000000
0 0.691063 0.663630 0.125375 0.190164 0.698438 0.615925 2.000000 0.701562 0.606557 2.000000 0.695312 0.606557 2.000000 0.000000 0.000000 0.000000 0.681250 0.594848 2.000000 0.701562 0.604215 2.000000 0.660937 0.618267 2.000000 0.720313 0.632319 1.000000 0.662500 0.679157 2.000000 0.720313 0.611241 1.000000 0.687500 0.725995 2.000000 0.676562 0.679157 2.000000 0.643750 0.686183 2.000000 0.715625 0.686183 1.000000 0.681250 0.688525 2.000000 0.735938 0.735363 2.000000 0.726562 0.733021 2.000000
0 0.613836 0.666358 0.110984 0.169813 0.000000 0.000000 0.000000 0.000000 0.000000 0.000000 0.000000 0.000000 0.000000 0.000000 0.000000 0.000000 0.625000 0.615925 2.000000 0.620313 0.615925 2.000000 0.600000 0.608899 2.000000 0.000000 0.000000 0.000000 0.632812 0.637002 2.000000 0.000000 0.000000 0.000000 0.657813 0.625293 1.000000 0.589063 0.700234 2.000000 0.567187 0.702576 2.000000 0.632812 0.681499 1.000000 0.606250 0.676815 2.000000 0.000000 0.000000 0.000000 0.648438 0.730679 2.000000
0 0.525687 0.680773 0.113281 0.167307 0.528125 0.641686 2.000000 0.000000 0.000000 0.000000 0.521875 0.632319 2.000000 0.000000 0.000000 0.000000 0.509375 0.625293 2.000000 0.514062 0.639344 2.000000 0.489063 0.639344 2.000000 0.520312 0.690867 2.000000 0.504687 0.702576 2.000000 0.539062 0.716628 1.000000 0.518750 0.742389 1.000000 0.000000 0.000000 0.000000 0.481250 0.714286 2.000000 0.000000 0.000000 0.000000 0.514062 0.695550 2.000000 0.000000 0.000000 0.000000 0.548438 0.733021 2.000000
0 0.449719 0.682822 0.118844 0.181054 0.000000 0.000000 0.000000 0.468750 0.632319 2.000000 0.460938 0.634660 2.000000 0.000000 0.000000 0.000000 0.446875 0.629977 2.000000 0.000000 0.000000 0.000000 0.428125 0.637002 2.000000 0.000000 0.000000 0.000000 0.462500 0.648712 2.000000 0.000000 0.000000 0.000000 0.489063 0.639344 1.000000 0.000000 0.000000 0.000000 0.401562 0.718970 2.000000 0.468750 0.702576 1.000000 0.429688 0.700234 2.000000 0.000000 0.000000 0.000000 0.470313 0.747073 2.000000
0 0.346734 0.701920 0.087500 0.179532 0.364063 0.655738 2.000000 0.000000 0.000000 0.000000 0.357812 0.651054 2.000000 0.000000 0.000000 0.000000 0.348438 0.644028 2.000000 0.359375 0.644028 2.000000 0.320312 0.660422 2.000000 0.382812 0.679157 2.000000 0.315625 0.721311 2.000000 0.379688 0.665105 2.000000 0.329688 0.765808 2.000000 0.335938 0.730679 2.000000 0.315625 0.730679 2.000000 0.379688 0.723653 1.000000 0.364063 0.721311 1.000000 0.381250 0.793911 1.000000 0.373437 0.793911 1.000000
0 0.274984 0.690550 0.068875 0.134871 0.300000 0.665105 2.000000 0.304688 0.658080 2.000000 0.298438 0.658080 2.000000 0.000000 0.000000 0.000000 0.285938 0.658080 2.000000 0.292187 0.667447 2.000000 0.276562 0.662763 2.000000 0.000000 0.000000 0.000000 0.287500 0.707260 2.000000 0.000000 0.000000 0.000000 0.304688 0.695550 1.000000 0.279687 0.730679 2.000000 0.259375 0.730679 2.000000 0.301563 0.756440 1.000000 0.292187 0.761124 1.000000 0.000000 0.000000 0.000000 0.000000 0.000000 0.000000
0 0.101953 0.716862 0.092969 0.197752 0.114062 0.660422 2.000000 0.000000 0.000000 0.000000 0.107813 0.651054 2.000000 0.000000 0.000000 0.000000 0.093750 0.648712 2.000000 0.109375 0.672131 2.000000 0.073438 0.683841 2.000000 0.134375 0.707260 1.000000 0.065625 0.747073 2.000000 0.129688 0.697892 2.000000 0.082812 0.786885 2.000000 0.098437 0.756440 2.000000 0.075000 0.754098 2.000000 0.000000 0.000000 0.000000 0.121875 0.751756 2.000000 0.000000 0.000000 0.000000 0.146875 0.810304 1.000000
0 0.901461 0.658700 0.077359 0.121756 0.914062 0.641686 2.000000 0.000000 0.000000 0.000000 0.912500 0.637002 2.000000 0.000000 0.000000 0.000000 0.903125 0.627635 2.000000 0.000000 0.000000 0.000000 0.887500 0.641686 2.000000 0.000000 0.000000 0.000000 0.903125 0.679157 2.000000 0.000000 0.000000 0.000000 0.925000 0.707260 2.000000 0.000000 0.000000 0.000000 0.878125 0.704918 2.000000 0.931250 0.683841 2.000000 0.921875 0.695550 2.000000 0.000000 0.000000 0.000000 0.000000 0.000000 0.000000
0 0.763594 0.652681 0.079469 0.094824 0.778125 0.646370 2.000000 0.000000 0.000000 0.000000 0.776563 0.641686 2.000000 0.000000 0.000000 0.000000 0.765625 0.634660 2.000000 0.773438 0.639344 2.000000 0.754687 0.658080 2.000000 0.795312 0.644028 2.000000 0.760938 0.702576 1.000000 0.790625 0.625293 2.000000 0.000000 0.000000 0.000000 0.000000 0.000000 0.000000 0.737500 0.709602 1.000000 0.000000 0.000000 0.000000 0.000000 0.000000 0.000000 0.000000 0.000000 0.000000 0.000000 0.000000 0.000000
