0 0.678227 0.438500 0.225891 0.219958 0.000000 0.000000 0.000000 0.000000 0.000000 0.000000 0.000000 0.000000 0.000000 0.000000 0.000000 0.000000 0.000000 0.000000 0.000000 0.615625 0.391667 2.000000 0.603125 0.366667 2.000000 0.000000 0.000000 0.000000 0.000000 0.000000 0.000000 0.000000 0.000000 0.000000 0.000000 0.000000 0.000000 0.703125 0.362500 2.000000 0.684375 0.341667 2.000000 0.701562 0.460417 1.000000 0.000000 0.000000 0.000000 0.762500 0.500000 2.000000 0.000000 0.000000 0.000000
0 0.797305 0.747177 0.286609 0.248021 0.000000 0.000000 0.000000 0.000000 0.000000 0.000000 0.000000 0.000000 0.000000 0.000000 0.000000 0.000000 0.000000 0.000000 0.000000 0.700000 0.660417 2.000000 0.723437 0.662500 2.000000 0.751563 0.647917 2.000000 0.703125 0.747917 2.000000 0.746875 0.718750 2.000000 0.670312 0.797917 2.000000 0.789062 0.652083 2.000000 0.820312 0.647917 2.000000 0.731250 0.747917 2.000000 0.865625 0.775000 1.000000 0.764062 0.858333 2.000000 0.925000 0.845833 1.000000
0 0.287664 0.598177 0.212328 0.315062 0.385937 0.506250 1.000000 0.000000 0.000000 0.000000 0.379688 0.495833 1.000000 0.000000 0.000000 0.000000 0.364063 0.495833 2.000000 0.360938 0.514583 2.000000 0.337500 0.514583 2.000000 0.296875 0.537500 2.000000 0.290625 0.560417 2.000000 0.321875 0.566667 2.000000 0.281250 0.620833 1.000000 0.284375 0.589583 2.000000 0.260937 0.589583 2.000000 0.342187 0.622917 2.000000 0.260937 0.689583 2.000000 0.356250 0.718750 2.000000 0.196875 0.708333 2.000000
0 0.337203 0.452562 0.163594 0.158458 0.000000 0.000000 0.000000 0.000000 0.000000 0.000000 0.000000 0.000000 0.000000 0.000000 0.000000 0.000000 0.390625 0.416667 2.000000 0.368750 0.408333 2.000000 0.368750 0.431250 2.000000 0.000000 0.000000 0.000000 0.326562 0.470833 2.000000 0.000000 0.000000 0.000000 0.000000 0.000000 0.000000 0.287500 0.454167 2.000000 0.298438 0.472917 2.000000 0.000000 0.000000 0.000000 0.000000 0.000000 0.000000 0.000000 0.000000 0.000000 0.000000 0.000000 0.000000
0 0.314328 0.887646 0.129781 0.202250 0.000000 0.000000 0.000000 0.000000 0.000000 0.000000 0.000000 0.000000 0.000000 0.000000 0.000000 0.000000 0.000000 0.000000 0.000000 0.315625 0.856250 2.000000 0.334375 0.879167 2.000000 0.000000 0.000000 0.000000 0.307812 0.979167 2.000000 0.000000 0.000000 0.000000 0.000000 0.000000 0.000000 0.000000 0.000000 0.000000 0.000000 0.000000 0.000000 0.000000 0.000000 0.000000 0.000000 0.000000 0.000000 0.000000 0.000000 0.000000 0.000000 0.000000 0.000000
0 0.160039 0.469313 0.156609 0.282667 0.225000 0.377083 2.000000 0.000000 0.000000 0.000000 0.225000 0.370833 2.000000 0.000000 0.000000 0.000000 0.214062 0.368750 2.000000 0.196875 0.368750 2.000000 0.185938 0.389583 2.000000 0.000000 0.000000 0.000000 0.140625 0.406250 2.000000 0.000000 0.000000 0.000000 0.156250 0.447917 2.000000 0.117188 0.433333 2.000000 0.125000 0.443750 2.000000 0.131250 0.541667 2.000000 0.200000 0.491667 2.000000 0.068750 0.552083 1.000000 0.179688 0.577083 2.000000
0 0.669102 0.574156 0.208984 0.226979 0.578125 0.522917 2.000000 0.581250 0.516667 2.000000 0.000000 0.000000 0.000000 0.593750 0.504167 2.000000 0.000000 0.000000 0.000000 0.620313 0.497917 2.000000 0.618750 0.525000 2.000000 0.670312 0.537500 2.000000 0.606250 0.595833 2.000000 0.651563 0.583333 2.000000 0.592187 0.660417 2.000000 0.707812 0.502083 2.000000 0.707812 0.518750 2.000000 0.664062 0.595833 1.000000 0.000000 0.000000 0.000000 0.690625 0.683333 1.000000 0.000000 0.000000 0.000000
0 0.704766 0.675792 0.253344 0.222292 0.000000 0.000000 0.000000 0.000000 0.000000 0.000000 0.000000 0.000000 0.000000 0.639062 0.612500 2.000000 0.000000 0.000000 0.000000 0.659375 0.581250 2.000000 0.651563 0.637500 2.000000 0.701562 0.604167 2.000000 0.634375 0.697917 2.000000 0.678125 0.664583 1.000000 0.601562 0.739583 2.000000 0.743750 0.597917 2.000000 0.754687 0.591667 2.000000 0.690625 0.652083 1.000000 0.765625 0.693750 1.000000 0.707812 0.741667 1.000000 0.814063 0.722917 2.000000
0 0.906594 0.502594 0.110594 0.387021 0.000000 0.000000 0.000000 0.000000 0.000000 0.000000 0.000000 0.000000 0.000000 0.887500 0.345833 2.000000 0.000000 0.000000 0.000000 0.901563 0.377083 2.000000 0.900000 0.377083 2.000000 0.937500 0.433333 2.000000 0.000000 0.000000 0.000000 0.918750 0.487500 2.000000 0.909375 0.462500 1.000000 0.948438 0.468750 2.000000 0.945312 0.466667 2.000000 0.914062 0.564583 2.000000 0.907813 0.570833 2.000000 0.925000 0.656250 2.000000 0.906250 0.650000 2.000000
0 0.438312 0.583125 0.124687 0.246750 0.476562 0.539583 1.000000 0.000000 0.000000 0.000000 0.481250 0.529167 2.000000 0.000000 0.000000 0.000000 0.471875 0.512500 2.000000 0.442188 0.506250 2.000000 0.450000 0.525000 2.000000 0.432812 0.585417 2.000000 0.442188 0.591667 2.000000 0.445312 0.643750 1.000000 0.470313 0.647917 2.000000 0.360938 0.487500 1.000000 0.354687 0.510417 1.000000 0.392188 0.558333 2.000000 0.382812 0.570833 1.000000 0.376563 0.639583 1.000000 0.371875 0.675000 1.000000
0 0.900164 0.876625 0.101359 0.246750 0.000000 0.000000 0.000000 0.854688 0.806250 2.000000 0.000000 0.000000 0.000000 0.867188 0.814583 2.000000 0.893750 0.810417 2.000000 0.890625 0.852083 2.000000 0.907813 0.837500 2.000000 0.901563 0.945833 2.000000 0.000000 0.000000 0.000000 0.000000 0.000000 0.000000 0.000000 0.000000 0.000000 0.912500 0.993750 2.000000 0.914062 0.987500 2.000000 0.000000 0.000000 0.000000 0.000000 0.000000 0.000000 0.000000 0.000000 0.000000 0.000000 0.000000 0.000000
0 0.656023 0.435625 0.157359 0.091250 0.606250 0.456250 2.000000 0.604688 0.445833 2.000000 0.000000 0.000000 0.000000 0.612500 0.429167 2.000000 0.000000 0.000000 0.000000 0.623437 0.397917 2.000000 0.618750 0.460417 2.000000 0.667188 0.400000 2.000000 0.610938 0.518750 1.000000 0.660937 0.452083 2.000000 0.000000 0.000000 0.000000 0.707812 0.427083 2.000000 0.712500 0.422917 2.000000 0.665625 0.487500 1.000000 0.000000 0.000000 0.000000 0.000000 0.000000 0.000000 0.000000 0.000000 0.000000
0 0.893414 0.392885 0.083234 0.352896 0.000000 0.000000 0.000000 0.000000 0.000000 0.000000 0.000000 0.000000 0.000000 0.000000 0.000000 0.000000 0.000000 0.000000 0.000000 0.898438 0.291667 2.000000 0.000000 0.000000 0.000000 0.917188 0.370833 1.000000 0.000000 0.000000 0.000000 0.892188 0.425000 2.000000 0.000000 0.000000 0.000000 0.925000 0.387500 1.000000 0.000000 0.000000 0.000000 0.901563 0.481250 1.000000 0.879687 0.460417 2.000000 0.904687 0.564583 1.000000 0.900000 0.525000 2.000000
