0 0.062281 0.539244 0.117531 0.724688 0.042188 0.260870 2.000000 0.056250 0.247637 2.000000 0.031250 0.247637 2.000000 0.000000 0.000000 0.000000 0.004687 0.247637 1.000000 0.082812 0.338374 2.000000 0.000000 0.000000 0.000000 0.087500 0.434783 2.000000 0.000000 0.000000 0.000000 0.103125 0.531191 2.000000 0.000000 0.000000 0.000000 0.073438 0.516068 2.000000 0.021875 0.525520 2.000000 0.062500 0.674858 2.000000 0.034375 0.693762 2.000000 0.056250 0.822306 2.000000 0.004687 0.822306 1.000000
0 0.129727 0.480198 0.144547 0.733176 0.151562 0.211720 2.000000 0.000000 0.000000 0.000000 0.143750 0.198488 2.000000 0.000000 0.000000 0.000000 0.103125 0.194707 2.000000 0.151562 0.270321 2.000000 0.071875 0.281664 1.000000 0.000000 0.000000 0.000000 0.000000 0.000000 0.000000 0.000000 0.000000 0.000000 0.000000 0.000000 0.000000 0.153125 0.434783 2.000000 0.106250 0.440454 2.000000 0.135937 0.610586 2.000000 0.101562 0.614367 2.000000 0.125000 0.761815 2.000000 0.095312 0.782609 2.000000
0 0.199852 0.459480 0.067828 0.306560 0.187500 0.370510 2.000000 0.196875 0.362949 2.000000 0.175000 0.359168 2.000000 0.206250 0.364839 2.000000 0.000000 0.000000 0.000000 0.207813 0.415879 2.000000 0.156250 0.412098 1.000000 0.217188 0.483932 2.000000 0.000000 0.000000 0.000000 0.220312 0.542533 2.000000 0.000000 0.000000 0.000000 0.200000 0.559546 2.000000 0.165625 0.565217 1.000000 0.184375 0.640832 1.000000 0.157812 0.644612 1.000000 0.185938 0.739130 1.000000 0.159375 0.754253 1.000000
0 0.304187 0.472750 0.080063 0.388828 0.303125 0.325142 2.000000 0.309375 0.321361 2.000000 0.295312 0.321361 2.000000 0.000000 0.000000 0.000000 0.273438 0.323251 2.000000 0.310937 0.361059 2.000000 0.271875 0.361059 1.000000 0.323437 0.410208 2.000000 0.262500 0.404537 1.000000 0.325000 0.393195 2.000000 0.275000 0.396975 1.000000 0.314063 0.466919 2.000000 0.289062 0.466919 2.000000 0.307812 0.555766 2.000000 0.285938 0.553875 2.000000 0.307812 0.627599 2.000000 0.287500 0.631380 2.000000
0 0.273539 0.243724 0.081797 0.179811 0.282813 0.209830 2.000000 0.287500 0.202268 2.000000 0.271875 0.202268 2.000000 0.000000 0.000000 0.000000 0.253125 0.209830 2.000000 0.298438 0.257089 2.000000 0.235937 0.255198 1.000000 0.000000 0.000000 0.000000 0.000000 0.000000 0.000000 0.000000 0.000000 0.000000 0.000000 0.000000 0.000000 0.000000 0.000000 0.000000 0.000000 0.000000 0.000000 0.000000 0.000000 0.000000 0.000000 0.000000 0.000000 0.000000 0.000000 0.000000 0.000000 0.000000 0.000000
0 0.928273 0.412694 0.143453 0.335595 0.967187 0.310019 2.000000 0.976562 0.300567 2.000000 0.964063 0.298677 2.000000 0.987500 0.306238 2.000000 0.954688 0.298677 2.000000 0.995313 0.342155 1.000000 0.946875 0.327032 2.000000 0.000000 0.000000 0.000000 0.915625 0.359168 2.000000 0.990625 0.410208 2.000000 0.887500 0.395085 2.000000 0.971875 0.425331 2.000000 0.939063 0.417769 2.000000 0.970313 0.487713 2.000000 0.935937 0.487713 2.000000 0.967187 0.557656 2.000000 0.929688 0.555766 2.000000
0 0.425352 0.409556 0.100297 0.453932 0.432812 0.251418 2.000000 0.437500 0.240076 2.000000 0.420312 0.240076 2.000000 0.448437 0.238185 2.000000 0.407813 0.241966 2.000000 0.460938 0.293006 2.000000 0.393750 0.289225 1.000000 0.456250 0.361059 2.000000 0.389062 0.353497 2.000000 0.000000 0.000000 0.000000 0.381250 0.415879 2.000000 0.435937 0.406427 2.000000 0.404687 0.406427 2.000000 0.428125 0.504726 2.000000 0.401562 0.502836 2.000000 0.434375 0.589792 2.000000 0.390625 0.589792 2.000000
0 0.496117 0.387448 0.097016 0.487108 0.496875 0.190926 2.000000 0.503125 0.181474 2.000000 0.489063 0.181474 2.000000 0.517188 0.185255 2.000000 0.475000 0.185255 2.000000 0.534375 0.232514 2.000000 0.456250 0.230624 1.000000 0.529687 0.308129 2.000000 0.456250 0.308129 1.000000 0.509375 0.376181 2.000000 0.460938 0.376181 1.000000 0.517188 0.370510 2.000000 0.476562 0.370510 2.000000 0.515625 0.502836 2.000000 0.471875 0.495274 2.000000 0.512500 0.582231 2.000000 0.467187 0.586011 2.000000
0 0.562883 0.353922 0.072297 0.343875 0.564063 0.226843 2.000000 0.573438 0.219282 2.000000 0.557813 0.219282 2.000000 0.585938 0.224953 2.000000 0.545312 0.226843 2.000000 0.595313 0.279773 1.000000 0.534375 0.279773 1.000000 0.604688 0.338374 1.000000 0.523438 0.345936 1.000000 0.589063 0.319471 1.000000 0.535937 0.334594 2.000000 0.578125 0.400756 1.000000 0.540625 0.398866 2.000000 0.573438 0.491493 2.000000 0.546875 0.491493 2.000000 0.573438 0.574669 1.000000 0.551562 0.572779 1.000000
0 0.252836 0.460444 0.072484 0.423195 0.253125 0.296786 2.000000 0.262500 0.289225 2.000000 0.245312 0.287335 2.000000 0.000000 0.000000 0.000000 0.000000 0.000000 0.000000 0.000000 0.000000 0.000000 0.000000 0.000000 0.000000 0.000000 0.000000 0.000000 0.000000 0.000000 0.000000 0.000000 0.000000 0.000000 0.000000 0.000000 0.000000 0.242188 0.436673 2.000000 0.000000 0.000000 0.000000 0.254688 0.514178 2.000000 0.000000 0.000000 0.000000 0.248438 0.621928 1.000000 0.000000 0.000000 0.000000
0 0.880133 0.377750 0.100203 0.397429 0.873437 0.223062 2.000000 0.881250 0.217391 2.000000 0.867188 0.217391 2.000000 0.892188 0.219282 2.000000 0.856250 0.223062 2.000000 0.901563 0.260870 2.000000 0.845313 0.264650 2.000000 0.923438 0.296786 2.000000 0.000000 0.000000 0.000000 0.900000 0.336484 2.000000 0.000000 0.000000 0.000000 0.879687 0.368620 2.000000 0.843750 0.366730 1.000000 0.870313 0.455577 2.000000 0.835938 0.442344 1.000000 0.867188 0.555766 2.000000 0.000000 0.000000 0.000000
0 0.352094 0.399565 0.083000 0.426276 0.357812 0.238185 2.000000 0.362500 0.230624 2.000000 0.351562 0.232514 2.000000 0.000000 0.000000 0.000000 0.328125 0.238185 2.000000 0.379688 0.277883 2.000000 0.318750 0.293006 2.000000 0.385937 0.338374 2.000000 0.328125 0.357278 2.000000 0.389062 0.402647 1.000000 0.351562 0.410208 2.000000 0.365625 0.413989 2.000000 0.334375 0.419660 2.000000 0.362500 0.504726 2.000000 0.329688 0.506616 1.000000 0.354687 0.595463 2.000000 0.320312 0.603025 1.000000
