0 0.835078 0.420527 0.095281 0.292482 0.842187 0.332553 2.000000 0.846875 0.323185 2.000000 0.837500 0.325527 2.000000 0.000000 0.000000 0.000000 0.823438 0.313817 2.000000 0.864062 0.330211 2.000000 0.807813 0.330211 2.000000 0.870313 0.398126 2.000000 0.789062 0.402810 1.000000 0.864062 0.374707 2.000000 0.803125 0.402810 2.000000 0.850000 0.428571 2.000000 0.815625 0.426230 2.000000 0.871875 0.456674 2.000000 0.800000 0.451991 2.000000 0.856250 0.540984 2.000000 0.820312 0.538642 2.000000
0 0.192359 0.654426 0.166563 0.289742 0.210938 0.550351 2.000000 0.214062 0.545667 2.000000 0.201563 0.545667 2.000000 0.000000 0.000000 0.000000 0.184375 0.548009 2.000000 0.217188 0.592506 2.000000 0.156250 0.578454 2.000000 0.232813 0.667447 2.000000 0.146875 0.653396 2.000000 0.254688 0.714286 2.000000 0.176563 0.714286 2.000000 0.179688 0.688525 2.000000 0.131250 0.690867 2.000000 0.234375 0.707260 2.000000 0.165625 0.693208 2.000000 0.196875 0.754098 2.000000 0.126562 0.758782 2.000000
0 0.132352 0.519321 0.137859 0.530539 0.170313 0.299766 2.000000 0.000000 0.000000 0.000000 0.165625 0.292740 2.000000 0.000000 0.000000 0.000000 0.143750 0.297424 2.000000 0.181250 0.341920 2.000000 0.123438 0.341920 2.000000 0.184375 0.405152 2.000000 0.075000 0.412178 2.000000 0.182812 0.456674 2.000000 0.110937 0.470726 2.000000 0.175000 0.494145 2.000000 0.132812 0.484778 2.000000 0.173437 0.615925 1.000000 0.125000 0.620609 2.000000 0.160938 0.744731 1.000000 0.107813 0.751756 2.000000
0 0.629391 0.273349 0.091281 0.114239 0.621875 0.243560 2.000000 0.625000 0.238876 2.000000 0.617188 0.238876 2.000000 0.628125 0.248244 2.000000 0.607812 0.243560 2.000000 0.635938 0.281030 2.000000 0.595313 0.276347 2.000000 0.668750 0.306792 2.000000 0.585938 0.313817 2.000000 0.648438 0.297424 2.000000 0.600000 0.306792 2.000000 0.000000 0.000000 0.000000 0.000000 0.000000 0.000000 0.000000 0.000000 0.000000 0.000000 0.000000 0.000000 0.000000 0.000000 0.000000 0.000000 0.000000 0.000000
0 0.544141 0.287576 0.084562 0.167845 0.532813 0.245902 2.000000 0.540625 0.238876 2.000000 0.532813 0.236534 2.000000 0.554688 0.245902 2.000000 0.000000 0.000000 0.000000 0.560937 0.278689 2.000000 0.514062 0.274005 2.000000 0.579688 0.320843 1.000000 0.515625 0.337237 1.000000 0.567187 0.274005 2.000000 0.000000 0.000000 0.000000 0.564063 0.367681 1.000000 0.523438 0.370023 1.000000 0.000000 0.000000 0.000000 0.000000 0.000000 0.000000 0.000000 0.000000 0.000000 0.000000 0.000000 0.000000
0 0.435609 0.254368 0.086406 0.155199 0.442188 0.217799 2.000000 0.445312 0.210773 2.000000 0.437500 0.210773 2.000000 0.000000 0.000000 0.000000 0.420312 0.217799 1.000000 0.462500 0.248244 2.000000 0.409375 0.255269 2.000000 0.468750 0.306792 2.000000 0.400000 0.304450 2.000000 0.431250 0.318501 1.000000 0.439063 0.320843 1.000000 0.000000 0.000000 0.000000 0.000000 0.000000 0.000000 0.000000 0.000000 0.000000 0.000000 0.000000 0.000000 0.000000 0.000000 0.000000 0.000000 0.000000 0.000000
0 0.277180 0.249063 0.078734 0.120515 0.287500 0.229508 2.000000 0.290625 0.224824 2.000000 0.279687 0.224824 2.000000 0.000000 0.000000 0.000000 0.265625 0.227166 1.000000 0.296875 0.266979 2.000000 0.250000 0.252927 2.000000 0.312500 0.309133 1.000000 0.245312 0.299766 1.000000 0.303125 0.259953 2.000000 0.000000 0.000000 0.000000 0.000000 0.000000 0.000000 0.000000 0.000000 0.000000 0.000000 0.000000 0.000000 0.000000 0.000000 0.000000 0.000000 0.000000 0.000000 0.000000 0.000000 0.000000
0 0.339734 0.315714 0.088094 0.119344 0.332813 0.292740 2.000000 0.339062 0.288056 2.000000 0.326562 0.288056 2.000000 0.343750 0.297424 2.000000 0.317188 0.297424 2.000000 0.354687 0.337237 2.000000 0.304688 0.339578 2.000000 0.378125 0.381733 1.000000 0.293750 0.379391 1.000000 0.000000 0.000000 0.000000 0.000000 0.000000 0.000000 0.350000 0.409836 1.000000 0.317188 0.409836 1.000000 0.000000 0.000000 0.000000 0.000000 0.000000 0.000000 0.000000 0.000000 0.000000 0.000000 0.000000 0.000000
0 0.491445 0.593361 0.168297 0.478618 0.487500 0.400468 2.000000 0.490625 0.391101 2.000000 0.481250 0.393443 2.000000 0.000000 0.000000 0.000000 0.465625 0.400468 2.000000 0.510938 0.440281 2.000000 0.459375 0.433255 2.000000 0.462500 0.461358 2.000000 0.421875 0.447307 2.000000 0.431250 0.428571 2.000000 0.425000 0.409836 2.000000 0.512500 0.583138 2.000000 0.478125 0.583138 2.000000 0.520312 0.702576 2.000000 0.437500 0.681499 2.000000 0.559375 0.800937 2.000000 0.437500 0.789227 2.000000
0 0.229109 0.092564 0.085625 0.137447 0.245312 0.060890 2.000000 0.000000 0.000000 0.000000 0.240625 0.053864 2.000000 0.000000 0.000000 0.000000 0.220312 0.058548 2.000000 0.250000 0.096019 2.000000 0.198437 0.086651 2.000000 0.262500 0.152225 2.000000 0.210938 0.149883 2.000000 0.000000 0.000000 0.000000 0.240625 0.161593 1.000000 0.000000 0.000000 0.000000 0.000000 0.000000 0.000000 0.000000 0.000000 0.000000 0.000000 0.000000 0.000000 0.000000 0.000000 0.000000 0.000000 0.000000 0.000000
0 0.519516 0.109461 0.081500 0.125433 0.521875 0.079625 2.000000 0.525000 0.072600 2.000000 0.517188 0.072600 2.000000 0.000000 0.000000 0.000000 0.504687 0.077283 2.000000 0.532813 0.121780 2.000000 0.485938 0.121780 2.000000 0.000000 0.000000 0.000000 0.506250 0.170960 1.000000 0.554688 0.138173 2.000000 0.537500 0.142857 2.000000 0.526563 0.208431 1.000000 0.498437 0.208431 1.000000 0.000000 0.000000 0.000000 0.000000 0.000000 0.000000 0.000000 0.000000 0.000000 0.000000 0.000000 0.000000
