0 0.652758 0.729683 0.187078 0.537394 0.645312 0.532864 2.000000 0.653125 0.521127 2.000000 0.000000 0.000000 0.000000 0.678125 0.525822 2.000000 0.000000 0.000000 0.000000 0.712500 0.600939 2.000000 0.621875 0.600939 2.000000 0.720313 0.685446 2.000000 0.603125 0.685446 2.000000 0.685937 0.737089 1.000000 0.621875 0.739437 1.000000 0.685937 0.760563 1.000000 0.625000 0.758216 1.000000 0.718750 0.840376 2.000000 0.571875 0.854460 2.000000 0.729688 0.976526 2.000000 0.584375 0.953052 2.000000
0 0.546438 0.634014 0.112437 0.252254 0.521875 0.575117 2.000000 0.528125 0.565728 2.000000 0.518750 0.565728 1.000000 0.545312 0.563380 2.000000 0.000000 0.000000 0.000000 0.573438 0.615023 2.000000 0.503125 0.629108 2.000000 0.582812 0.666667 2.000000 0.501563 0.715962 1.000000 0.562500 0.690141 2.000000 0.000000 0.000000 0.000000 0.573438 0.751174 2.000000 0.528125 0.755869 1.000000 0.606250 0.840376 1.000000 0.000000 0.000000 0.000000 0.000000 0.000000 0.000000 0.000000 0.000000 0.000000
0 0.297656 0.742688 0.110688 0.492136 0.310937 0.553991 2.000000 0.312500 0.539906 2.000000 0.301563 0.542254 2.000000 0.000000 0.000000 0.000000 0.281250 0.542254 2.000000 0.329688 0.605634 2.000000 0.264062 0.603286 2.000000 0.000000 0.000000 0.000000 0.262500 0.666667 2.000000 0.000000 0.000000 0.000000 0.306250 0.652582 2.000000 0.325000 0.744131 1.000000 0.278125 0.748826 2.000000 0.000000 0.000000 0.000000 0.270313 0.807512 2.000000 0.000000 0.000000 0.000000 0.264062 0.938967 2.000000
0 0.143727 0.875305 0.056766 0.247934 0.148438 0.765258 2.000000 0.000000 0.000000 0.000000 0.000000 0.000000 0.000000 0.157812 0.762911 2.000000 0.140625 0.765258 1.000000 0.156250 0.798122 2.000000 0.135937 0.800469 2.000000 0.156250 0.835681 2.000000 0.000000 0.000000 0.000000 0.132812 0.868545 2.000000 0.000000 0.000000 0.000000 0.151562 0.884977 2.000000 0.134375 0.884977 2.000000 0.153125 0.948357 2.000000 0.140625 0.950704 2.000000 0.000000 0.000000 0.000000 0.000000 0.000000 0.000000
0 0.048687 0.837054 0.080437 0.325892 0.023438 0.718310 2.000000 0.029687 0.713615 2.000000 0.023438 0.713615 2.000000 0.045312 0.708920 2.000000 0.000000 0.000000 0.000000 0.067187 0.741784 2.000000 0.021875 0.751174 2.000000 0.081250 0.781690 2.000000 0.000000 0.000000 0.000000 0.059375 0.784038 2.000000 0.000000 0.000000 0.000000 0.057813 0.873239 2.000000 0.026562 0.873239 2.000000 0.060937 0.955399 2.000000 0.026562 0.957746 2.000000 0.000000 0.000000 0.000000 0.000000 0.000000 0.000000
0 0.787828 0.815047 0.068344 0.368967 0.767188 0.669014 2.000000 0.771875 0.661972 2.000000 0.764062 0.659624 2.000000 0.787500 0.664319 2.000000 0.000000 0.000000 0.000000 0.798438 0.715962 2.000000 0.762500 0.711268 2.000000 0.000000 0.000000 0.000000 0.000000 0.000000 0.000000 0.000000 0.000000 0.000000 0.000000 0.000000 0.000000 0.787500 0.826291 2.000000 0.759375 0.826291 2.000000 0.793750 0.917840 2.000000 0.765625 0.910798 2.000000 0.000000 0.000000 0.000000 0.000000 0.000000 0.000000
0 0.834078 0.831209 0.072031 0.329930 0.828125 0.720657 2.000000 0.831250 0.708920 2.000000 0.000000 0.000000 0.000000 0.851562 0.708920 2.000000 0.000000 0.000000 0.000000 0.862500 0.760563 2.000000 0.845313 0.758216 2.000000 0.867188 0.826291 1.000000 0.000000 0.000000 0.000000 0.828125 0.823944 2.000000 0.000000 0.000000 0.000000 0.860938 0.896714 1.000000 0.845313 0.889671 2.000000 0.000000 0.000000 0.000000 0.000000 0.000000 0.000000 0.000000 0.000000 0.000000 0.000000 0.000000 0.000000
0 0.105500 0.871279 0.052406 0.257019 0.109375 0.769953 2.000000 0.114062 0.765258 2.000000 0.104688 0.767606 2.000000 0.000000 0.000000 0.000000 0.098437 0.772300 2.000000 0.125000 0.805164 2.000000 0.089063 0.807512 2.000000 0.125000 0.840376 2.000000 0.082812 0.845070 2.000000 0.112500 0.877934 2.000000 0.100000 0.884977 2.000000 0.114062 0.899061 2.000000 0.095312 0.899061 2.000000 0.000000 0.000000 0.000000 0.000000 0.000000 0.000000 0.000000 0.000000 0.000000 0.000000 0.000000 0.000000
0 0.177273 0.775223 0.042203 0.173873 0.171875 0.723005 2.000000 0.176563 0.718310 2.000000 0.167187 0.718310 2.000000 0.182812 0.725352 2.000000 0.164062 0.725352 2.000000 0.192188 0.753521 2.000000 0.157812 0.758216 1.000000 0.189062 0.795775 1.000000 0.000000 0.000000 0.000000 0.170313 0.826291 1.000000 0.000000 0.000000 0.000000 0.182812 0.835681 2.000000 0.167187 0.835681 1.000000 0.000000 0.000000 0.000000 0.000000 0.000000 0.000000 0.000000 0.000000 0.000000 0.000000 0.000000 0.000000
0 0.947109 0.772981 0.069062 0.243192 0.925000 0.685446 2.000000 0.926562 0.680751 2.000000 0.000000 0.000000 0.000000 0.939063 0.683099 2.000000 0.000000 0.000000 0.000000 0.929688 0.723005 2.000000 0.970313 0.718310 1.000000 0.921875 0.765258 2.000000 0.000000 0.000000 0.000000 0.000000 0.000000 0.000000 0.000000 0.000000 0.000000 0.935937 0.805164 2.000000 0.967187 0.802817 1.000000 0.921875 0.823944 1.000000 0.000000 0.000000 0.000000 0.928125 0.863850 2.000000 0.000000 0.000000 0.000000
