0 0.166594 0.581639 0.333188 0.836722 0.000000 0.000000 0.000000 0.000000 0.000000 0.000000 0.000000 0.000000 0.000000 0.000000 0.000000 0.000000 0.215625 0.294444 2.000000 0.021875 0.436111 2.000000 0.225000 0.511111 2.000000 0.000000 0.000000 0.000000 0.260937 0.822222 2.000000 0.000000 0.000000 0.000000 0.301563 0.680556 2.000000 0.073438 0.936111 2.000000 0.175000 0.938889 2.000000 0.000000 0.000000 0.000000 0.000000 0.000000 0.000000 0.000000 0.000000 0.000000 0.000000 0.000000 0.000000
0 0.730617 0.561806 0.151672 0.665167 0.000000 0.000000 0.000000 0.000000 0.000000 0.000000 0.000000 0.000000 0.000000 0.723437 0.283333 2.000000 0.757812 0.288889 2.000000 0.695312 0.372222 2.000000 0.781250 0.372222 2.000000 0.675000 0.444444 2.000000 0.795312 0.486111 2.000000 0.673438 0.538889 2.000000 0.789062 0.550000 2.000000 0.701562 0.541667 2.000000 0.765625 0.538889 2.000000 0.704688 0.711111 2.000000 0.756250 0.711111 2.000000 0.701562 0.869444 1.000000 0.757812 0.863889 2.000000
0 0.441961 0.627542 0.140766 0.339528 0.000000 0.000000 0.000000 0.000000 0.000000 0.000000 0.000000 0.000000 0.000000 0.414062 0.516667 1.000000 0.462500 0.522222 2.000000 0.395313 0.583333 2.000000 0.471875 0.594444 2.000000 0.378125 0.666667 2.000000 0.500000 0.708333 1.000000 0.000000 0.000000 0.000000 0.495312 0.633333 2.000000 0.400000 0.786111 1.000000 0.453125 0.791667 1.000000 0.000000 0.000000 0.000000 0.000000 0.000000 0.000000 0.000000 0.000000 0.000000 0.000000 0.000000 0.000000
0 0.576406 0.801125 0.270500 0.375306 0.576562 0.738889 2.000000 0.589063 0.708333 2.000000 0.000000 0.000000 0.000000 0.610938 0.727778 2.000000 0.000000 0.000000 0.000000 0.654687 0.919444 1.000000 0.685937 0.900000 2.000000 0.000000 0.000000 0.000000 0.000000 0.000000 0.000000 0.464062 0.888889 2.000000 0.000000 0.000000 0.000000 0.000000 0.000000 0.000000 0.000000 0.000000 0.000000 0.000000 0.000000 0.000000 0.000000 0.000000 0.000000 0.000000 0.000000 0.000000 0.000000 0.000000 0.000000
0 0.428656 0.406097 0.087875 0.233194 0.435937 0.333333 2.000000 0.434375 0.325000 2.000000 0.429688 0.327778 2.000000 0.000000 0.000000 0.000000 0.412500 0.330556 2.000000 0.445312 0.363889 2.000000 0.403125 0.372222 2.000000 0.467187 0.408333 2.000000 0.385937 0.419444 2.000000 0.451562 0.386111 2.000000 0.412500 0.408333 2.000000 0.443750 0.486111 1.000000 0.412500 0.491667 2.000000 0.000000 0.000000 0.000000 0.000000 0.000000 0.000000 0.000000 0.000000 0.000000 0.000000 0.000000 0.000000
0 0.503141 0.450125 0.065625 0.369639 0.000000 0.000000 0.000000 0.000000 0.000000 0.000000 0.000000 0.000000 0.000000 0.501563 0.308333 2.000000 0.000000 0.000000 0.000000 0.512500 0.358333 2.000000 0.509375 0.358333 2.000000 0.503125 0.427778 2.000000 0.501563 0.413889 2.000000 0.485938 0.383333 2.000000 0.489063 0.383333 2.000000 0.510938 0.472222 2.000000 0.507812 0.472222 2.000000 0.509375 0.580556 2.000000 0.506250 0.577778 2.000000 0.000000 0.000000 0.000000 0.000000 0.000000 0.000000
0 0.471484 0.353375 0.050562 0.197750 0.467187 0.291667 2.000000 0.471875 0.286111 2.000000 0.464062 0.283333 2.000000 0.482812 0.288889 2.000000 0.000000 0.000000 0.000000 0.498437 0.330556 1.000000 0.453125 0.327778 2.000000 0.000000 0.000000 0.000000 0.000000 0.000000 0.000000 0.000000 0.000000 0.000000 0.000000 0.000000 0.000000 0.489063 0.455556 1.000000 0.459375 0.450000 1.000000 0.000000 0.000000 0.000000 0.000000 0.000000 0.000000 0.000000 0.000000 0.000000 0.000000 0.000000 0.000000
0 0.593805 0.410875 0.102203 0.429750 0.000000 0.000000 0.000000 0.000000 0.000000 0.000000 0.000000 0.000000 0.000000 0.000000 0.000000 0.000000 0.623437 0.247222 1.000000 0.578125 0.283333 2.000000 0.593750 0.283333 2.000000 0.581250 0.386111 2.000000 0.615625 0.400000 2.000000 0.620313 0.427778 2.000000 0.626563 0.341667 1.000000 0.575000 0.505556 2.000000 0.590625 0.513889 2.000000 0.000000 0.000000 0.000000 0.000000 0.000000 0.000000 0.000000 0.000000 0.000000 0.000000 0.000000 0.000000
0 0.380641 0.374125 0.041719 0.177528 0.000000 0.000000 0.000000 0.000000 0.000000 0.000000 0.000000 0.000000 0.000000 0.000000 0.000000 0.000000 0.392188 0.327778 2.000000 0.359375 0.338889 1.000000 0.384375 0.369444 2.000000 0.000000 0.000000 0.000000 0.000000 0.000000 0.000000 0.000000 0.000000 0.000000 0.000000 0.000000 0.000000 0.000000 0.000000 0.000000 0.000000 0.000000 0.000000 0.000000 0.000000 0.000000 0.000000 0.000000 0.000000 0.000000 0.000000 0.000000 0.000000 0.000000 0.000000
0 0.493609 0.703375 0.216156 0.373028 0.526563 0.647222 2.000000 0.542188 0.627778 2.000000 0.521875 0.627778 2.000000 0.575000 0.627778 2.000000 0.000000 0.000000 0.000000 0.601562 0.722222 1.000000 0.498437 0.725000 2.000000 0.000000 0.000000 0.000000 0.432812 0.838889 2.000000 0.000000 0.000000 0.000000 0.415625 0.800000 2.000000 0.000000 0.000000 0.000000 0.000000 0.000000 0.000000 0.000000 0.000000 0.000000 0.000000 0.000000 0.000000 0.000000 0.000000 0.000000 0.000000 0.000000 0.000000
0 0.378000 0.638931 0.094125 0.398861 0.406250 0.494444 2.000000 0.000000 0.000000 0.000000 0.400000 0.486111 2.000000 0.000000 0.000000 0.000000 0.376563 0.500000 2.000000 0.382812 0.566667 2.000000 0.364063 0.572222 1.000000 0.000000 0.000000 0.000000 0.418750 0.638889 1.000000 0.000000 0.000000 0.000000 0.415625 0.555556 1.000000 0.368750 0.747222 2.000000 0.351562 0.755556 1.000000 0.000000 0.000000 0.000000 0.000000 0.000000 0.000000 0.000000 0.000000 0.000000 0.000000 0.000000 0.000000
0 0.266445 0.394417 0.070422 0.245500 0.000000 0.000000 0.000000 0.000000 0.000000 0.000000 0.000000 0.000000 0.000000 0.000000 0.000000 0.000000 0.000000 0.000000 0.000000 0.240625 0.344444 1.000000 0.281250 0.347222 2.000000 0.239063 0.397222 2.000000 0.289062 0.405556 2.000000 0.000000 0.000000 0.000000 0.296875 0.383333 2.000000 0.245312 0.436111 2.000000 0.268750 0.436111 2.000000 0.250000 0.533333 1.000000 0.268750 0.536111 1.000000 0.000000 0.000000 0.000000 0.000000 0.000000 0.000000
0 0.862750 0.577125 0.135875 0.542861 0.000000 0.000000 0.000000 0.000000 0.000000 0.000000 0.000000 0.000000 0.000000 0.000000 0.000000 0.000000 0.000000 0.000000 0.000000 0.917188 0.341667 2.000000 0.864062 0.347222 2.000000 0.000000 0.000000 0.000000 0.843750 0.433333 2.000000 0.857812 0.400000 2.000000 0.850000 0.361111 2.000000 0.890625 0.500000 1.000000 0.851562 0.494444 2.000000 0.853125 0.644444 2.000000 0.850000 0.663889 2.000000 0.843750 0.800000 2.000000 0.873437 0.791667 1.000000
