0 0.464195 0.552787 0.176141 0.434005 0.467187 0.381733 2.000000 0.470313 0.374707 2.000000 0.460938 0.377049 2.000000 0.000000 0.000000 0.000000 0.442188 0.393443 2.000000 0.481250 0.423888 2.000000 0.453125 0.428571 2.000000 0.504687 0.449649 2.000000 0.485938 0.470726 2.000000 0.525000 0.456674 2.000000 0.525000 0.466042 2.000000 0.481250 0.557377 2.000000 0.453125 0.550351 2.000000 0.495312 0.648712 2.000000 0.429688 0.639344 2.000000 0.506250 0.730679 2.000000 0.404687 0.721311 2.000000
0 0.899148 0.432471 0.048641 0.256511 0.912500 0.332553 2.000000 0.917188 0.325527 2.000000 0.907813 0.325527 2.000000 0.000000 0.000000 0.000000 0.901563 0.337237 2.000000 0.920312 0.374707 2.000000 0.893750 0.374707 2.000000 0.000000 0.000000 0.000000 0.881250 0.412178 2.000000 0.000000 0.000000 0.000000 0.884375 0.456674 2.000000 0.918750 0.459016 2.000000 0.898438 0.459016 2.000000 0.921875 0.533958 2.000000 0.903125 0.522248 1.000000 0.000000 0.000000 0.000000 0.906250 0.587822 1.000000
0 0.267070 0.543044 0.071828 0.261077 0.268750 0.442623 2.000000 0.270313 0.440281 2.000000 0.264062 0.440281 2.000000 0.000000 0.000000 0.000000 0.000000 0.000000 0.000000 0.285938 0.475410 2.000000 0.250000 0.473068 2.000000 0.292187 0.508197 2.000000 0.242188 0.503513 1.000000 0.289062 0.531616 2.000000 0.248438 0.540984 1.000000 0.276562 0.536300 2.000000 0.259375 0.536300 2.000000 0.287500 0.566745 2.000000 0.262500 0.569087 2.000000 0.282813 0.625293 2.000000 0.262500 0.632319 2.000000
0 0.264219 0.370023 0.113906 0.145621 0.260937 0.330211 2.000000 0.262500 0.323185 2.000000 0.256250 0.323185 2.000000 0.268750 0.320843 2.000000 0.250000 0.320843 2.000000 0.285938 0.367681 2.000000 0.237500 0.367681 2.000000 0.310937 0.388759 2.000000 0.220312 0.400468 2.000000 0.287500 0.426230 2.000000 0.237500 0.430913 2.000000 0.279687 0.466042 1.000000 0.243750 0.463700 1.000000 0.000000 0.000000 0.000000 0.000000 0.000000 0.000000 0.000000 0.000000 0.000000 0.000000 0.000000 0.000000
0 0.791797 0.467412 0.051656 0.169953 0.000000 0.000000 0.000000 0.000000 0.000000 0.000000 0.000000 0.000000 0.000000 0.790625 0.405152 2.000000 0.000000 0.000000 0.000000 0.787500 0.423888 2.000000 0.809375 0.423888 2.000000 0.776563 0.454333 2.000000 0.000000 0.000000 0.000000 0.000000 0.000000 0.000000 0.000000 0.000000 0.000000 0.787500 0.480094 2.000000 0.803125 0.480094 2.000000 0.000000 0.000000 0.000000 0.000000 0.000000 0.000000 0.773438 0.531616 2.000000 0.796875 0.536300 2.000000
0 0.338094 0.531464 0.073469 0.240445 0.332813 0.442623 2.000000 0.337500 0.437939 2.000000 0.329688 0.437939 2.000000 0.000000 0.000000 0.000000 0.000000 0.000000 0.000000 0.345313 0.475410 2.000000 0.312500 0.468384 2.000000 0.346875 0.510539 2.000000 0.301563 0.503513 2.000000 0.332813 0.531616 2.000000 0.310937 0.517564 2.000000 0.334375 0.524590 2.000000 0.314063 0.529274 2.000000 0.356250 0.555035 2.000000 0.317188 0.548009 2.000000 0.365625 0.615925 2.000000 0.323437 0.613583 2.000000
0 0.201945 0.467049 0.060859 0.333489 0.000000 0.000000 0.000000 0.217188 0.320843 2.000000 0.209375 0.323185 2.000000 0.000000 0.000000 0.000000 0.196875 0.332553 2.000000 0.226562 0.372365 1.000000 0.192188 0.367681 2.000000 0.240625 0.400468 1.000000 0.185938 0.407494 2.000000 0.240625 0.442623 1.000000 0.189062 0.463700 1.000000 0.223438 0.468384 2.000000 0.200000 0.468384 2.000000 0.215625 0.562061 2.000000 0.198437 0.550351 1.000000 0.218750 0.615925 2.000000 0.198437 0.618267 2.000000
0 0.391984 0.526756 0.070813 0.251218 0.387500 0.435597 2.000000 0.389062 0.426230 2.000000 0.384375 0.428571 2.000000 0.393750 0.430913 2.000000 0.376563 0.430913 2.000000 0.398438 0.461358 2.000000 0.365625 0.468384 2.000000 0.403125 0.494145 2.000000 0.362500 0.505855 2.000000 0.403125 0.524590 2.000000 0.381250 0.536300 2.000000 0.390625 0.519906 2.000000 0.375000 0.524590 2.000000 0.409375 0.552693 2.000000 0.362500 0.552693 1.000000 0.395313 0.606557 2.000000 0.364063 0.613583 1.000000
0 0.051328 0.490375 0.071000 0.372787 0.059375 0.339578 2.000000 0.060937 0.332553 2.000000 0.053125 0.332553 2.000000 0.000000 0.000000 0.000000 0.040625 0.337237 2.000000 0.042188 0.370023 2.000000 0.031250 0.370023 2.000000 0.000000 0.000000 0.000000 0.057813 0.372365 2.000000 0.000000 0.000000 0.000000 0.078125 0.355972 2.000000 0.042188 0.491803 2.000000 0.040625 0.494145 2.000000 0.042188 0.578454 2.000000 0.062500 0.573770 2.000000 0.042188 0.660422 2.000000 0.079687 0.665105 2.000000
0 0.678898 0.520480 0.070328 0.232670 0.000000 0.000000 0.000000 0.000000 0.000000 0.000000 0.000000 0.000000 0.000000 0.684375 0.423888 2.000000 0.000000 0.000000 0.000000 0.673438 0.449649 2.000000 0.701562 0.447307 2.000000 0.654687 0.498829 1.000000 0.707812 0.498829 1.000000 0.000000 0.000000 0.000000 0.000000 0.000000 0.000000 0.673438 0.524590 1.000000 0.696875 0.529274 1.000000 0.000000 0.000000 0.000000 0.000000 0.000000 0.000000 0.698438 0.545667 1.000000 0.673438 0.613583 2.000000
0 0.403422 0.427073 0.065625 0.212553 0.409375 0.348946 2.000000 0.414062 0.344262 2.000000 0.404687 0.344262 2.000000 0.000000 0.000000 0.000000 0.396875 0.346604 2.000000 0.425000 0.386417 2.000000 0.389062 0.386417 2.000000 0.437500 0.419204 1.000000 0.373437 0.421546 1.000000 0.000000 0.000000 0.000000 0.000000 0.000000 0.000000 0.420312 0.477752 2.000000 0.393750 0.480094 1.000000 0.420312 0.533958 1.000000 0.389062 0.533958 1.000000 0.000000 0.000000 0.000000 0.000000 0.000000 0.000000
0 0.169961 0.502354 0.068859 0.189204 0.178125 0.447307 2.000000 0.179688 0.440281 2.000000 0.175000 0.440281 2.000000 0.000000 0.000000 0.000000 0.000000 0.000000 0.000000 0.189062 0.477752 2.000000 0.159375 0.475410 2.000000 0.000000 0.000000 0.000000 0.151562 0.512881 2.000000 0.000000 0.000000 0.000000 0.153125 0.531616 2.000000 0.182812 0.545667 2.000000 0.162500 0.545667 2.000000 0.196875 0.566745 2.000000 0.150000 0.578454 1.000000 0.196875 0.634660 1.000000 0.146875 0.644028 1.000000
