0 0.621328 0.550058 0.286781 0.687343 0.603125 0.270396 2.000000 0.610938 0.258741 2.000000 0.589063 0.258741 2.000000 0.000000 0.000000 0.000000 0.573438 0.270396 2.000000 0.618750 0.340326 2.000000 0.532813 0.344988 2.000000 0.671875 0.391608 2.000000 0.512500 0.396270 1.000000 0.720313 0.421911 1.000000 0.512500 0.414918 2.000000 0.610938 0.491841 1.000000 0.548438 0.503497 2.000000 0.000000 0.000000 0.000000 0.537500 0.615385 2.000000 0.000000 0.000000 0.000000 0.506250 0.778555 2.000000
0 0.197148 0.516270 0.267703 0.712261 0.200000 0.228438 2.000000 0.207813 0.212121 2.000000 0.190625 0.212121 2.000000 0.000000 0.000000 0.000000 0.168750 0.216783 2.000000 0.220312 0.279720 2.000000 0.145313 0.277389 2.000000 0.271875 0.351981 2.000000 0.131250 0.354312 2.000000 0.240625 0.272727 2.000000 0.168750 0.261072 2.000000 0.220312 0.461538 1.000000 0.164062 0.466200 2.000000 0.000000 0.000000 0.000000 0.128125 0.638695 2.000000 0.000000 0.000000 0.000000 0.092188 0.815851 2.000000
0 0.396891 0.353800 0.168187 0.346853 0.390625 0.226107 2.000000 0.392188 0.216783 2.000000 0.381250 0.216783 2.000000 0.000000 0.000000 0.000000 0.364063 0.235431 2.000000 0.404687 0.289044 2.000000 0.348438 0.286713 2.000000 0.431250 0.347319 2.000000 0.323437 0.342657 2.000000 0.456250 0.342657 2.000000 0.320312 0.361305 2.000000 0.403125 0.419580 1.000000 0.356250 0.414918 2.000000 0.000000 0.000000 0.000000 0.334375 0.498834 2.000000 0.000000 0.000000 0.000000 0.312500 0.615385 1.000000
0 0.065422 0.377121 0.095531 0.281329 0.104688 0.286713 2.000000 0.000000 0.000000 0.000000 0.100000 0.279720 2.000000 0.000000 0.000000 0.000000 0.079687 0.282051 2.000000 0.103125 0.312354 2.000000 0.068750 0.312354 2.000000 0.000000 0.000000 0.000000 0.050000 0.358974 2.000000 0.000000 0.000000 0.000000 0.031250 0.410256 2.000000 0.103125 0.393939 1.000000 0.073438 0.393939 2.000000 0.000000 0.000000 0.000000 0.075000 0.405594 2.000000 0.000000 0.000000 0.000000 0.062500 0.489510 2.000000
0 0.754164 0.299872 0.133828 0.184592 0.714063 0.270396 1.000000 0.720313 0.261072 2.000000 0.000000 0.000000 0.000000 0.742188 0.258741 2.000000 0.000000 0.000000 0.000000 0.778125 0.310023 2.000000 0.717187 0.307692 2.000000 0.803125 0.365967 2.000000 0.696875 0.372960 1.000000 0.815625 0.403263 1.000000 0.000000 0.000000 0.000000 0.000000 0.000000 0.000000 0.000000 0.000000 0.000000 0.000000 0.000000 0.000000 0.000000 0.000000 0.000000 0.000000 0.000000 0.000000 0.000000 0.000000 0.000000
0 0.530438 0.249371 0.078687 0.189697 0.504687 0.202797 1.000000 0.510938 0.191142 2.000000 0.000000 0.000000 0.000000 0.532813 0.191142 2.000000 0.000000 0.000000 0.000000 0.562500 0.233100 2.000000 0.506250 0.242424 2.000000 0.000000 0.000000 0.000000 0.507812 0.279720 2.000000 0.000000 0.000000 0.000000 0.514062 0.312354 2.000000 0.565625 0.326340 1.000000 0.523438 0.335664 2.000000 0.000000 0.000000 0.000000 0.000000 0.000000 0.000000 0.000000 0.000000 0.000000 0.000000 0.000000 0.000000
0 0.061055 0.266177 0.113516 0.167413 0.089063 0.230769 2.000000 0.092188 0.221445 2.000000 0.079687 0.219114 2.000000 0.000000 0.000000 0.000000 0.057813 0.230769 2.000000 0.109375 0.277389 2.000000 0.028125 0.277389 2.000000 0.000000 0.000000 0.000000 0.012500 0.337995 1.000000 0.000000 0.000000 0.000000 0.000000 0.000000 0.000000 0.096875 0.400932 1.000000 0.043750 0.403263 1.000000 0.000000 0.000000 0.000000 0.000000 0.000000 0.000000 0.000000 0.000000 0.000000 0.000000 0.000000 0.000000
0 0.054211 0.516888 0.108422 0.430233 0.000000 0.000000 0.000000 0.000000 0.000000 0.000000 0.006250 0.379953 2.000000 0.000000 0.000000 0.000000 0.000000 0.000000 0.000000 0.000000 0.000000 0.000000 0.001563 0.473193 2.000000 0.000000 0.000000 0.000000 0.054688 0.571096 2.000000 0.000000 0.000000 0.000000 0.085938 0.454545 2.000000 0.000000 0.000000 0.000000 0.000000 0.000000 0.000000 0.000000 0.000000 0.000000 0.000000 0.000000 0.000000 0.000000 0.000000 0.000000 0.000000 0.000000 0.000000
0 0.835359 0.285909 0.062687 0.232704 0.000000 0.000000 0.000000 0.000000 0.000000 0.000000 0.000000 0.000000 0.000000 0.000000 0.000000 0.000000 0.000000 0.000000 0.000000 0.848437 0.261072 2.000000 0.821875 0.247086 2.000000 0.851562 0.340326 2.000000 0.000000 0.000000 0.000000 0.840625 0.379953 2.000000 0.000000 0.000000 0.000000 0.000000 0.000000 0.000000 0.000000 0.000000 0.000000 0.000000 0.000000 0.000000 0.000000 0.000000 0.000000 0.000000 0.000000 0.000000 0.000000 0.000000 0.000000
0 0.901281 0.265897 0.061781 0.267040 0.893750 0.172494 2.000000 0.900000 0.160839 2.000000 0.000000 0.000000 0.000000 0.918750 0.160839 2.000000 0.000000 0.000000 0.000000 0.910937 0.230769 2.000000 0.937500 0.198135 1.000000 0.895312 0.307692 2.000000 0.000000 0.000000 0.000000 0.879687 0.358974 2.000000 0.000000 0.000000 0.000000 0.000000 0.000000 0.000000 0.000000 0.000000 0.000000 0.000000 0.000000 0.000000 0.000000 0.000000 0.000000 0.000000 0.000000 0.000000 0.000000 0.000000 0.000000
