0 0.660539 0.772104 0.290859 0.452750 0.626563 0.658333 2.000000 0.635938 0.633333 2.000000 0.000000 0.000000 0.000000 0.664062 0.652083 2.000000 0.000000 0.000000 0.000000 0.701562 0.735417 2.000000 0.734375 0.693750 2.000000 0.625000 0.881250 2.000000 0.660937 0.825000 2.000000 0.554688 0.831250 2.000000 0.593750 0.789583 2.000000 0.704688 0.952083 2.000000 0.717187 0.945833 2.000000 0.531250 0.981250 2.000000 0.000000 0.000000 0.000000 0.000000 0.000000 0.000000 0.000000 0.000000 0.000000
0 0.559617 0.532937 0.108891 0.121958 0.567187 0.489583 1.000000 0.571875 0.487500 1.000000 0.562500 0.485417 1.000000 0.000000 0.000000 0.000000 0.554688 0.485417 1.000000 0.567187 0.522917 1.000000 0.543750 0.522917 1.000000 0.585938 0.543750 1.000000 0.568750 0.564583 2.000000 0.000000 0.000000 0.000000 0.593750 0.547917 1.000000 0.000000 0.000000 0.000000 0.000000 0.000000 0.000000 0.000000 0.000000 0.000000 0.000000 0.000000 0.000000 0.000000 0.000000 0.000000 0.000000 0.000000 0.000000
0 0.493531 0.563667 0.106375 0.199375 0.000000 0.000000 0.000000 0.000000 0.000000 0.000000 0.000000 0.000000 0.000000 0.000000 0.000000 0.000000 0.501563 0.510417 2.000000 0.490625 0.537500 1.000000 0.465625 0.543750 2.000000 0.000000 0.000000 0.000000 0.465625 0.612500 1.000000 0.521875 0.581250 1.000000 0.517188 0.593750 2.000000 0.000000 0.000000 0.000000 0.464062 0.643750 1.000000 0.000000 0.000000 0.000000 0.000000 0.000000 0.000000 0.000000 0.000000 0.000000 0.000000 0.000000 0.000000
0 0.325531 0.670010 0.168531 0.266146 0.315625 0.612500 2.000000 0.326562 0.597917 2.000000 0.304688 0.597917 2.000000 0.337500 0.589583 2.000000 0.289062 0.595833 2.000000 0.334375 0.650000 1.000000 0.275000 0.660417 2.000000 0.396875 0.712500 2.000000 0.321875 0.745833 1.000000 0.375000 0.647917 1.000000 0.401562 0.722917 1.000000 0.298438 0.795833 1.000000 0.273438 0.831250 1.000000 0.000000 0.000000 0.000000 0.000000 0.000000 0.000000 0.000000 0.000000 0.000000 0.000000 0.000000 0.000000
0 0.136516 0.748313 0.229219 0.440458 0.198437 0.602083 2.000000 0.000000 0.000000 0.000000 0.190625 0.593750 2.000000 0.000000 0.000000 0.000000 0.157812 0.595833 2.000000 0.175000 0.666667 2.000000 0.098437 0.691667 2.000000 0.000000 0.000000 0.000000 0.037500 0.808333 2.000000 0.228125 0.810417 2.000000 0.115625 0.847917 2.000000 0.212500 0.875000 2.000000 0.156250 0.904167 2.000000 0.303125 0.891667 1.000000 0.292187 0.931250 1.000000 0.000000 0.000000 0.000000 0.000000 0.000000 0.000000
0 0.357945 0.810500 0.237234 0.377625 0.000000 0.000000 0.000000 0.000000 0.000000 0.000000 0.000000 0.000000 0.000000 0.307812 0.695833 1.000000 0.376563 0.691667 2.000000 0.259375 0.777083 1.000000 0.379688 0.783333 2.000000 0.000000 0.000000 0.000000 0.445312 0.820833 2.000000 0.000000 0.000000 0.000000 0.395313 0.754167 2.000000 0.000000 0.000000 0.000000 0.000000 0.000000 0.000000 0.000000 0.000000 0.000000 0.465625 0.989583 2.000000 0.000000 0.000000 0.000000 0.000000 0.000000 0.000000
0 0.730836 0.647604 0.129328 0.227625 0.000000 0.000000 0.000000 0.000000 0.000000 0.000000 0.000000 0.000000 0.000000 0.000000 0.000000 0.000000 0.000000 0.000000 0.000000 0.695312 0.668750 1.000000 0.743750 0.637500 2.000000 0.667188 0.758333 1.000000 0.000000 0.000000 0.000000 0.610938 0.725000 1.000000 0.000000 0.000000 0.000000 0.732812 0.827083 1.000000 0.773438 0.797917 1.000000 0.000000 0.000000 0.000000 0.000000 0.000000 0.000000 0.000000 0.000000 0.000000 0.000000 0.000000 0.000000
0 0.763406 0.603854 0.107594 0.192250 0.725000 0.575000 1.000000 0.732812 0.558333 2.000000 0.717187 0.562500 1.000000 0.756250 0.556250 2.000000 0.000000 0.000000 0.000000 0.775000 0.608333 2.000000 0.767188 0.570833 2.000000 0.793750 0.675000 2.000000 0.000000 0.000000 0.000000 0.767188 0.727083 1.000000 0.000000 0.000000 0.000000 0.000000 0.000000 0.000000 0.000000 0.000000 0.000000 0.000000 0.000000 0.000000 0.000000 0.000000 0.000000 0.000000 0.000000 0.000000 0.000000 0.000000 0.000000
0 0.798281 0.522771 0.061469 0.153583 0.781250 0.481250 2.000000 0.787500 0.477083 2.000000 0.778125 0.479167 2.000000 0.803125 0.477083 2.000000 0.000000 0.000000 0.000000 0.812500 0.520833 2.000000 0.790625 0.518750 2.000000 0.818750 0.585417 2.000000 0.000000 0.000000 0.000000 0.779687 0.585417 1.000000 0.000000 0.000000 0.000000 0.000000 0.000000 0.000000 0.000000 0.000000 0.000000 0.000000 0.000000 0.000000 0.000000 0.000000 0.000000 0.000000 0.000000 0.000000 0.000000 0.000000 0.000000
0 0.570742 0.506896 0.084672 0.096250 0.567187 0.491667 2.000000 0.571875 0.485417 2.000000 0.564063 0.485417 2.000000 0.576562 0.487500 2.000000 0.554688 0.485417 2.000000 0.562500 0.520833 2.000000 0.543750 0.514583 2.000000 0.584375 0.545833 2.000000 0.568750 0.566667 1.000000 0.593750 0.537500 2.000000 0.596875 0.543750 2.000000 0.000000 0.000000 0.000000 0.000000 0.000000 0.000000 0.000000 0.000000 0.000000 0.000000 0.000000 0.000000 0.000000 0.000000 0.000000 0.000000 0.000000 0.000000
0 0.421352 0.615740 0.107859 0.184271 0.425000 0.583333 2.000000 0.421875 0.568750 2.000000 0.409375 0.570833 2.000000 0.000000 0.000000 0.000000 0.381250 0.570833 2.000000 0.417187 0.614583 2.000000 0.360938 0.629167 1.000000 0.460938 0.668750 2.000000 0.365625 0.725000 1.000000 0.446875 0.627083 2.000000 0.414062 0.693750 2.000000 0.000000 0.000000 0.000000 0.000000 0.000000 0.000000 0.000000 0.000000 0.000000 0.000000 0.000000 0.000000 0.000000 0.000000 0.000000 0.000000 0.000000 0.000000
