0 0.249516 0.662958 0.096625 0.372582 0.000000 0.000000 0.000000 0.000000 0.000000 0.000000 0.000000 0.000000 0.000000 0.234375 0.511737 1.000000 0.260937 0.511737 1.000000 0.220312 0.551643 2.000000 0.271875 0.546948 2.000000 0.215625 0.610329 2.000000 0.281250 0.610329 2.000000 0.204687 0.664319 2.000000 0.282813 0.654930 2.000000 0.234375 0.652582 2.000000 0.260937 0.650235 2.000000 0.228125 0.739437 2.000000 0.270313 0.727700 2.000000 0.228125 0.830986 2.000000 0.245312 0.800469 2.000000
0 0.468930 0.667042 0.073297 0.359531 0.456250 0.518779 2.000000 0.460938 0.511737 2.000000 0.453125 0.511737 2.000000 0.471875 0.509390 2.000000 0.000000 0.000000 0.000000 0.479687 0.549296 2.000000 0.442188 0.549296 2.000000 0.496875 0.589202 2.000000 0.439063 0.600939 2.000000 0.484375 0.591549 2.000000 0.446875 0.575117 2.000000 0.476562 0.654930 2.000000 0.443750 0.654930 2.000000 0.476562 0.732394 2.000000 0.448437 0.741784 2.000000 0.479687 0.814554 2.000000 0.457813 0.779343 2.000000
0 0.073461 0.667793 0.095953 0.364883 0.070312 0.511737 2.000000 0.076563 0.507042 2.000000 0.067187 0.507042 2.000000 0.085938 0.516432 1.000000 0.000000 0.000000 0.000000 0.096875 0.558685 2.000000 0.054688 0.558685 2.000000 0.103125 0.607981 2.000000 0.046875 0.615023 2.000000 0.089063 0.657277 2.000000 0.040625 0.664319 2.000000 0.085938 0.659624 2.000000 0.056250 0.657277 2.000000 0.085938 0.744131 2.000000 0.051562 0.732394 2.000000 0.103125 0.776995 2.000000 0.053125 0.821596 2.000000
0 0.343680 0.693228 0.069297 0.299413 0.000000 0.000000 0.000000 0.000000 0.000000 0.000000 0.000000 0.000000 0.000000 0.000000 0.000000 0.000000 0.000000 0.000000 0.000000 0.318750 0.568075 2.000000 0.357812 0.570423 2.000000 0.000000 0.000000 0.000000 0.000000 0.000000 0.000000 0.000000 0.000000 0.000000 0.000000 0.000000 0.000000 0.321875 0.666667 2.000000 0.354687 0.669014 2.000000 0.326562 0.737089 2.000000 0.351562 0.734742 2.000000 0.332813 0.816901 2.000000 0.350000 0.795775 2.000000
0 0.657734 0.672406 0.066125 0.367676 0.651563 0.516432 2.000000 0.657813 0.514085 2.000000 0.650000 0.509390 2.000000 0.664062 0.518779 2.000000 0.645312 0.514085 1.000000 0.676562 0.558685 2.000000 0.637500 0.558685 2.000000 0.679688 0.593897 2.000000 0.631250 0.591549 2.000000 0.671875 0.553991 2.000000 0.643750 0.565728 2.000000 0.670312 0.654930 1.000000 0.646875 0.652582 2.000000 0.664062 0.734742 2.000000 0.656250 0.737089 2.000000 0.653125 0.786385 2.000000 0.657813 0.821596 1.000000
0 0.429187 0.621009 0.047188 0.244648 0.445312 0.530516 2.000000 0.450000 0.525822 2.000000 0.442188 0.525822 2.000000 0.000000 0.000000 0.000000 0.435937 0.518779 1.000000 0.000000 0.000000 0.000000 0.425000 0.549296 2.000000 0.000000 0.000000 0.000000 0.410938 0.570423 2.000000 0.000000 0.000000 0.000000 0.409375 0.593897 2.000000 0.443750 0.619718 1.000000 0.429688 0.619718 2.000000 0.000000 0.000000 0.000000 0.429688 0.671362 2.000000 0.000000 0.000000 0.000000 0.431250 0.720657 2.000000
0 0.134133 0.634613 0.061672 0.263592 0.117188 0.518779 2.000000 0.121875 0.514085 2.000000 0.117188 0.514085 2.000000 0.131250 0.516432 2.000000 0.000000 0.000000 0.000000 0.145313 0.546948 2.000000 0.115625 0.546948 1.000000 0.146875 0.582160 2.000000 0.114062 0.591549 2.000000 0.125000 0.570423 2.000000 0.114062 0.624413 2.000000 0.139063 0.633803 2.000000 0.117188 0.631455 2.000000 0.135937 0.683099 2.000000 0.112500 0.680751 2.000000 0.137500 0.741784 2.000000 0.121875 0.737089 2.000000
0 0.566914 0.654577 0.059922 0.342958 0.573438 0.514085 2.000000 0.576562 0.507042 2.000000 0.568750 0.509390 2.000000 0.000000 0.000000 0.000000 0.559375 0.514085 2.000000 0.582812 0.551643 2.000000 0.554688 0.551643 2.000000 0.589063 0.600939 2.000000 0.546875 0.591549 2.000000 0.579688 0.582160 2.000000 0.557813 0.558685 2.000000 0.578125 0.645540 1.000000 0.556250 0.647887 2.000000 0.587500 0.723005 2.000000 0.565625 0.718310 2.000000 0.570312 0.753521 2.000000 0.567187 0.791080 2.000000
0 0.902836 0.767523 0.194328 0.444155 0.898438 0.598592 1.000000 0.906250 0.582160 1.000000 0.889062 0.582160 2.000000 0.000000 0.000000 0.000000 0.000000 0.000000 0.000000 0.932813 0.664319 2.000000 0.842187 0.652582 2.000000 0.953125 0.760563 2.000000 0.815625 0.746479 2.000000 0.989062 0.852113 2.000000 0.850000 0.748826 2.000000 0.904687 0.887324 2.000000 0.854688 0.887324 1.000000 0.000000 0.000000 0.000000 0.000000 0.000000 0.000000 0.000000 0.000000 0.000000 0.000000 0.000000 0.000000
0 0.514344 0.633380 0.042969 0.216667 0.509375 0.556338 2.000000 0.512500 0.551643 2.000000 0.506250 0.551643 2.000000 0.518750 0.549296 2.000000 0.500000 0.551643 1.000000 0.526563 0.570423 2.000000 0.495312 0.570423 1.000000 0.529687 0.603286 2.000000 0.000000 0.000000 0.000000 0.528125 0.631455 2.000000 0.000000 0.000000 0.000000 0.517188 0.626761 2.000000 0.503125 0.624413 1.000000 0.518750 0.683099 2.000000 0.498437 0.678404 2.000000 0.512500 0.715962 2.000000 0.506250 0.725352 2.000000
