0 0.165313 0.827704 0.092094 0.324312 0.151562 0.722611 2.000000 0.153125 0.713287 2.000000 0.150000 0.713287 2.000000 0.179688 0.715618 2.000000 0.000000 0.000000 0.000000 0.184375 0.773893 2.000000 0.168750 0.764569 2.000000 0.189062 0.834499 2.000000 0.000000 0.000000 0.000000 0.175000 0.892774 2.000000 0.000000 0.000000 0.000000 0.185938 0.890443 2.000000 0.171875 0.888112 2.000000 0.164062 0.990676 1.000000 0.142187 0.981352 2.000000 0.000000 0.000000 0.000000 0.000000 0.000000 0.000000
0 0.307289 0.751690 0.084359 0.393263 0.326562 0.589744 2.000000 0.000000 0.000000 0.000000 0.321875 0.585082 2.000000 0.000000 0.000000 0.000000 0.306250 0.589744 2.000000 0.332813 0.631702 2.000000 0.279687 0.634033 2.000000 0.339062 0.692308 2.000000 0.279687 0.699301 2.000000 0.339062 0.750583 2.000000 0.287500 0.759907 2.000000 0.318750 0.748252 2.000000 0.298438 0.748252 2.000000 0.332813 0.827506 2.000000 0.295312 0.836830 2.000000 0.306250 0.885781 2.000000 0.296875 0.920746 2.000000
0 0.405953 0.684266 0.064781 0.200000 0.421875 0.622378 2.000000 0.425000 0.617716 2.000000 0.418750 0.617716 2.000000 0.000000 0.000000 0.000000 0.404687 0.620047 2.000000 0.435937 0.657343 2.000000 0.389062 0.657343 2.000000 0.000000 0.000000 0.000000 0.378125 0.713287 2.000000 0.000000 0.000000 0.000000 0.385937 0.762238 2.000000 0.000000 0.000000 0.000000 0.000000 0.000000 0.000000 0.000000 0.000000 0.000000 0.000000 0.000000 0.000000 0.000000 0.000000 0.000000 0.000000 0.000000 0.000000
0 0.240258 0.760676 0.073797 0.298881 0.251563 0.645688 1.000000 0.000000 0.000000 0.000000 0.250000 0.636364 2.000000 0.000000 0.000000 0.000000 0.000000 0.000000 0.000000 0.000000 0.000000 0.000000 0.228125 0.671329 2.000000 0.000000 0.000000 0.000000 0.226562 0.717949 2.000000 0.000000 0.000000 0.000000 0.231250 0.769231 2.000000 0.000000 0.000000 0.000000 0.228125 0.771562 2.000000 0.000000 0.000000 0.000000 0.240625 0.836830 2.000000 0.000000 0.000000 0.000000 0.257812 0.892774 2.000000
0 0.102805 0.789417 0.100797 0.421166 0.095312 0.624709 2.000000 0.104688 0.617716 2.000000 0.000000 0.000000 0.000000 0.121875 0.631702 2.000000 0.000000 0.000000 0.000000 0.129688 0.687646 2.000000 0.098437 0.685315 1.000000 0.135937 0.752914 2.000000 0.060937 0.755245 2.000000 0.090625 0.752914 2.000000 0.075000 0.752914 2.000000 0.121875 0.850816 2.000000 0.103125 0.850816 2.000000 0.093750 0.953380 2.000000 0.115625 0.965035 2.000000 0.000000 0.000000 0.000000 0.000000 0.000000 0.000000
0 0.043617 0.758322 0.087234 0.415291 0.000000 0.000000 0.000000 0.000000 0.000000 0.000000 0.078125 0.578089 2.000000 0.000000 0.000000 0.000000 0.067187 0.582751 2.000000 0.031250 0.617716 2.000000 0.076563 0.622378 1.000000 0.009375 0.689977 2.000000 0.081250 0.682984 1.000000 0.039062 0.694639 2.000000 0.000000 0.000000 0.000000 0.021875 0.724942 2.000000 0.053125 0.736597 2.000000 0.014063 0.757576 2.000000 0.053125 0.832168 2.000000 0.012500 0.827506 2.000000 0.040625 0.930070 2.000000
0 0.575367 0.715455 0.131078 0.194266 0.000000 0.000000 0.000000 0.000000 0.000000 0.000000 0.000000 0.000000 0.000000 0.000000 0.000000 0.000000 0.546875 0.652681 2.000000 0.581250 0.710956 1.000000 0.525000 0.699301 2.000000 0.603125 0.750583 1.000000 0.000000 0.000000 0.000000 0.628125 0.787879 2.000000 0.000000 0.000000 0.000000 0.000000 0.000000 0.000000 0.000000 0.000000 0.000000 0.000000 0.000000 0.000000 0.000000 0.000000 0.000000 0.000000 0.000000 0.000000 0.000000 0.000000 0.000000
0 0.666445 0.701329 0.093078 0.178135 0.670312 0.638695 2.000000 0.000000 0.000000 0.000000 0.662500 0.634033 2.000000 0.000000 0.000000 0.000000 0.654687 0.638695 2.000000 0.707812 0.689977 2.000000 0.640625 0.699301 1.000000 0.000000 0.000000 0.000000 0.628125 0.759907 2.000000 0.000000 0.000000 0.000000 0.000000 0.000000 0.000000 0.706250 0.820513 1.000000 0.650000 0.820513 1.000000 0.000000 0.000000 0.000000 0.000000 0.000000 0.000000 0.000000 0.000000 0.000000 0.000000 0.000000 0.000000
0 0.089070 0.654277 0.045297 0.139650 0.070312 0.627040 2.000000 0.079687 0.617716 2.000000 0.070312 0.620047 1.000000 0.093750 0.629371 2.000000 0.000000 0.000000 0.000000 0.106250 0.689977 2.000000 0.078125 0.694639 2.000000 0.000000 0.000000 0.000000 0.057813 0.759907 1.000000 0.000000 0.000000 0.000000 0.079687 0.755245 1.000000 0.000000 0.000000 0.000000 0.000000 0.000000 0.000000 0.000000 0.000000 0.000000 0.000000 0.000000 0.000000 0.000000 0.000000 0.000000 0.000000 0.000000 0.000000
0 0.454422 0.682855 0.053187 0.152284 0.470313 0.638695 2.000000 0.471875 0.631702 2.000000 0.462500 0.634033 2.000000 0.000000 0.000000 0.000000 0.000000 0.000000 0.000000 0.478125 0.678322 2.000000 0.435937 0.678322 2.000000 0.000000 0.000000 0.000000 0.439063 0.727273 2.000000 0.000000 0.000000 0.000000 0.000000 0.000000 0.000000 0.479687 0.757576 1.000000 0.454688 0.759907 1.000000 0.000000 0.000000 0.000000 0.000000 0.000000 0.000000 0.000000 0.000000 0.000000 0.000000 0.000000 0.000000
