0 0.386300 0.101477 0.187635 0.134109 0.395785 0.076563 2.000000 0.402810 0.070312 2.000000 0.388759 0.068750 2.000000 0.419204 0.064062 2.000000 0.370023 0.059375 1.000000 0.437939 0.087500 2.000000 0.334895 0.090625 2.000000 0.466042 0.128125 2.000000 0.320843 0.151562 2.000000 0.430913 0.092188 2.000000 0.367681 0.165625 2.000000 0.416862 0.187500 1.000000 0.355972 0.189062 1.000000 0.416862 0.207813 1.000000 0.353630 0.207813 1.000000 0.000000 0.000000 0.000000 0.000000 0.000000 0.000000
0 0.462611 0.053164 0.145269 0.106328 0.466042 0.012500 2.000000 0.470726 0.004687 2.000000 0.456674 0.007812 2.000000 0.000000 0.000000 0.000000 0.430913 0.010937 2.000000 0.498829 0.042188 2.000000 0.402810 0.040625 1.000000 0.515222 0.089063 2.000000 0.000000 0.000000 0.000000 0.487119 0.123438 1.000000 0.000000 0.000000 0.000000 0.482436 0.115625 1.000000 0.421546 0.115625 1.000000 0.000000 0.000000 0.000000 0.000000 0.000000 0.000000 0.000000 0.000000 0.000000 0.000000 0.000000 0.000000
0 0.590890 0.066734 0.128337 0.125594 0.611241 0.010937 2.000000 0.615925 0.006250 2.000000 0.599532 0.007812 2.000000 0.000000 0.000000 0.000000 0.573770 0.014063 2.000000 0.644028 0.039062 2.000000 0.548009 0.043750 2.000000 0.000000 0.000000 0.000000 0.552693 0.087500 2.000000 0.000000 0.000000 0.000000 0.590164 0.126562 2.000000 0.634660 0.117188 1.000000 0.562061 0.121875 1.000000 0.000000 0.000000 0.000000 0.000000 0.000000 0.000000 0.000000 0.000000 0.000000 0.000000 0.000000 0.000000
0 0.811827 0.105070 0.125152 0.128547 0.819672 0.073438 2.000000 0.826698 0.068750 2.000000 0.810304 0.068750 2.000000 0.000000 0.000000 0.000000 0.786885 0.070312 2.000000 0.850117 0.103125 2.000000 0.763466 0.103125 2.000000 0.852459 0.148438 2.000000 0.765808 0.154688 2.000000 0.831382 0.173437 1.000000 0.796253 0.173437 1.000000 0.840749 0.167187 2.000000 0.777518 0.167187 1.000000 0.838407 0.192188 1.000000 0.777518 0.190625 1.000000 0.840749 0.229687 1.000000 0.779859 0.229687 1.000000
0 0.881230 0.060703 0.126066 0.121406 0.894614 0.015625 2.000000 0.903981 0.007812 2.000000 0.885246 0.009375 2.000000 0.915691 0.009375 2.000000 0.871194 0.014063 2.000000 0.932084 0.042188 2.000000 0.833724 0.035937 2.000000 0.000000 0.000000 0.000000 0.829040 0.089063 1.000000 0.000000 0.000000 0.000000 0.878220 0.051562 2.000000 0.000000 0.000000 0.000000 0.000000 0.000000 0.000000 0.000000 0.000000 0.000000 0.000000 0.000000 0.000000 0.000000 0.000000 0.000000 0.000000 0.000000 0.000000
0 0.471112 0.571805 0.291733 0.597328 0.590164 0.445312 2.000000 0.000000 0.000000 0.000000 0.578454 0.439063 2.000000 0.000000 0.000000 0.000000 0.552693 0.434375 2.000000 0.557377 0.500000 2.000000 0.536300 0.453125 2.000000 0.496487 0.582812 2.000000 0.548009 0.385937 2.000000 0.562061 0.579688 2.000000 0.545667 0.310937 2.000000 0.454333 0.598437 2.000000 0.419204 0.584375 2.000000 0.463700 0.707812 2.000000 0.379391 0.695312 2.000000 0.405152 0.814063 2.000000 0.341920 0.801562 2.000000
0 0.298747 0.087609 0.144005 0.175219 0.304450 0.007812 2.000000 0.311475 0.003125 2.000000 0.290398 0.006250 2.000000 0.000000 0.000000 0.000000 0.274005 0.012500 1.000000 0.355972 0.042188 2.000000 0.250585 0.043750 2.000000 0.362998 0.090625 1.000000 0.252927 0.096875 2.000000 0.323185 0.096875 1.000000 0.306792 0.079687 2.000000 0.000000 0.000000 0.000000 0.285714 0.110937 2.000000 0.000000 0.000000 0.000000 0.243560 0.131250 2.000000 0.000000 0.000000 0.000000 0.248244 0.187500 1.000000
0 0.673653 0.101766 0.148103 0.128531 0.686183 0.071875 2.000000 0.693208 0.065625 2.000000 0.676815 0.064062 2.000000 0.000000 0.000000 0.000000 0.653396 0.065625 2.000000 0.728337 0.100000 2.000000 0.627635 0.100000 2.000000 0.728337 0.151562 2.000000 0.625293 0.151562 2.000000 0.683841 0.184375 1.000000 0.672131 0.182812 1.000000 0.000000 0.000000 0.000000 0.000000 0.000000 0.000000 0.000000 0.000000 0.000000 0.000000 0.000000 0.000000 0.000000 0.000000 0.000000 0.000000 0.000000 0.000000
0 0.741956 0.058711 0.095902 0.117422 0.749415 0.020313 2.000000 0.751756 0.012500 2.000000 0.740047 0.014063 2.000000 0.000000 0.000000 0.000000 0.718970 0.018750 2.000000 0.772834 0.046875 2.000000 0.700234 0.046875 2.000000 0.000000 0.000000 0.000000 0.000000 0.000000 0.000000 0.000000 0.000000 0.000000 0.000000 0.000000 0.000000 0.761124 0.112500 1.000000 0.723653 0.112500 1.000000 0.000000 0.000000 0.000000 0.000000 0.000000 0.000000 0.000000 0.000000 0.000000 0.000000 0.000000 0.000000
0 0.930527 0.096930 0.138946 0.135266 0.985948 0.064062 2.000000 0.988290 0.057813 2.000000 0.974239 0.059375 2.000000 0.000000 0.000000 0.000000 0.948478 0.065625 2.000000 0.000000 0.000000 0.000000 0.908665 0.096875 2.000000 0.000000 0.000000 0.000000 0.887588 0.150000 2.000000 0.000000 0.000000 0.000000 0.932084 0.170313 1.000000 0.000000 0.000000 0.000000 0.920375 0.173437 1.000000 0.000000 0.000000 0.000000 0.000000 0.000000 0.000000 0.000000 0.000000 0.000000 0.000000 0.000000 0.000000
0 0.225820 0.056672 0.100351 0.111688 0.000000 0.000000 0.000000 0.000000 0.000000 0.000000 0.000000 0.000000 0.000000 0.000000 0.000000 0.000000 0.000000 0.000000 0.000000 0.000000 0.000000 0.000000 0.000000 0.000000 0.000000 0.000000 0.000000 0.000000 0.192037 0.020313 2.000000 0.318501 0.040625 1.000000 0.210773 0.035937 2.000000 0.281030 0.045312 1.000000 0.234192 0.045312 2.000000 0.000000 0.000000 0.000000 0.210773 0.064062 2.000000 0.000000 0.000000 0.000000 0.229508 0.125000 1.000000
