0 0.523648 0.498875 0.236484 0.763500 0.496875 0.268750 2.000000 0.504687 0.258333 2.000000 0.000000 0.000000 0.000000 0.539062 0.262500 2.000000 0.000000 0.000000 0.000000 0.575000 0.343750 2.000000 0.482812 0.339583 2.000000 0.601562 0.452083 2.000000 0.459375 0.445833 2.000000 0.578125 0.422917 2.000000 0.521875 0.435417 2.000000 0.560937 0.533333 2.000000 0.501563 0.535417 2.000000 0.589063 0.681250 2.000000 0.467187 0.672917 2.000000 0.609375 0.829167 2.000000 0.435937 0.833333 2.000000
0 0.429289 0.307302 0.075672 0.290813 0.410938 0.164583 1.000000 0.420312 0.154167 1.000000 0.000000 0.000000 0.000000 0.429688 0.158333 1.000000 0.000000 0.000000 0.000000 0.439063 0.206250 2.000000 0.442188 0.197917 2.000000 0.437500 0.268750 2.000000 0.000000 0.000000 0.000000 0.426563 0.314583 2.000000 0.000000 0.000000 0.000000 0.435937 0.312500 2.000000 0.443750 0.314583 2.000000 0.412500 0.381250 2.000000 0.437500 0.402083 2.000000 0.398438 0.458333 1.000000 0.457813 0.462500 1.000000
0 0.252805 0.403365 0.087641 0.110104 0.250000 0.391667 2.000000 0.254688 0.385417 2.000000 0.245312 0.385417 2.000000 0.265625 0.391667 2.000000 0.000000 0.000000 0.000000 0.270313 0.410417 2.000000 0.229687 0.416667 2.000000 0.281250 0.439583 2.000000 0.220312 0.445833 2.000000 0.240625 0.452083 2.000000 0.259375 0.441667 2.000000 0.000000 0.000000 0.000000 0.000000 0.000000 0.000000 0.000000 0.000000 0.000000 0.000000 0.000000 0.000000 0.000000 0.000000 0.000000 0.000000 0.000000 0.000000
0 0.795625 0.683083 0.067281 0.196833 0.789062 0.616667 2.000000 0.796875 0.612500 2.000000 0.000000 0.000000 0.000000 0.814063 0.614583 2.000000 0.000000 0.000000 0.000000 0.834375 0.650000 1.000000 0.775000 0.650000 1.000000 0.831250 0.716667 1.000000 0.767188 0.708333 2.000000 0.787500 0.697917 2.000000 0.810937 0.693750 2.000000 0.821875 0.770833 1.000000 0.782813 0.772917 2.000000 0.823438 0.856250 1.000000 0.779687 0.852083 1.000000 0.000000 0.000000 0.000000 0.000000 0.000000 0.000000
0 0.933031 0.686010 0.110438 0.232937 0.932813 0.602083 2.000000 0.939063 0.597917 2.000000 0.934375 0.595833 2.000000 0.956250 0.608333 2.000000 0.000000 0.000000 0.000000 0.962500 0.652083 2.000000 0.923438 0.641667 2.000000 0.959375 0.710417 2.000000 0.901563 0.679167 2.000000 0.931250 0.737500 2.000000 0.887500 0.666667 2.000000 0.964063 0.743750 2.000000 0.932813 0.756250 2.000000 0.945312 0.735417 2.000000 0.935937 0.820833 1.000000 0.945312 0.827083 1.000000 0.000000 0.000000 0.000000
0 0.041141 0.392385 0.082063 0.122729 0.051562 0.362500 2.000000 0.054688 0.356250 2.000000 0.045312 0.356250 2.000000 0.064062 0.364583 2.000000 0.037500 0.362500 2.000000 0.071875 0.389583 2.000000 0.025000 0.389583 2.000000 0.062500 0.416667 1.000000 0.004687 0.420833 2.000000 0.028125 0.416667 2.000000 0.040625 0.443750 2.000000 0.000000 0.000000 0.000000 0.000000 0.000000 0.000000 0.000000 0.000000 0.000000 0.000000 0.000000 0.000000 0.000000 0.000000 0.000000 0.000000 0.000000 0.000000
0 0.090961 0.400781 0.083703 0.110146 0.093750 0.385417 2.000000 0.100000 0.379167 2.000000 0.089063 0.377083 2.000000 0.110937 0.385417 2.000000 0.082812 0.381250 2.000000 0.123438 0.414583 2.000000 0.068750 0.412500 2.000000 0.129688 0.464583 1.000000 0.046875 0.456250 1.000000 0.000000 0.000000 0.000000 0.000000 0.000000 0.000000 0.000000 0.000000 0.000000 0.000000 0.000000 0.000000 0.000000 0.000000 0.000000 0.000000 0.000000 0.000000 0.000000 0.000000 0.000000 0.000000 0.000000 0.000000
0 0.170219 0.401729 0.086563 0.105625 0.168750 0.381250 2.000000 0.173437 0.377083 2.000000 0.164062 0.377083 2.000000 0.000000 0.000000 0.000000 0.000000 0.000000 0.000000 0.193750 0.412500 2.000000 0.143750 0.416667 2.000000 0.200000 0.439583 2.000000 0.132812 0.443750 2.000000 0.154688 0.439583 2.000000 0.182812 0.439583 2.000000 0.193750 0.493750 1.000000 0.150000 0.493750 1.000000 0.000000 0.000000 0.000000 0.000000 0.000000 0.000000 0.000000 0.000000 0.000000 0.000000 0.000000 0.000000
0 0.696773 0.383167 0.097797 0.130375 0.685937 0.350000 2.000000 0.692187 0.345833 2.000000 0.684375 0.343750 2.000000 0.707812 0.354167 2.000000 0.000000 0.000000 0.000000 0.718750 0.381250 2.000000 0.671875 0.379167 2.000000 0.715625 0.431250 2.000000 0.653125 0.422917 2.000000 0.668750 0.420833 2.000000 0.703125 0.420833 2.000000 0.000000 0.000000 0.000000 0.000000 0.000000 0.000000 0.000000 0.000000 0.000000 0.000000 0.000000 0.000000 0.000000 0.000000 0.000000 0.000000 0.000000 0.000000
0 0.786914 0.377333 0.097328 0.125292 0.775000 0.368750 2.000000 0.779687 0.360417 2.000000 0.768750 0.358333 2.000000 0.790625 0.360417 2.000000 0.762500 0.364583 2.000000 0.807813 0.408333 2.000000 0.754687 0.408333 2.000000 0.812500 0.462500 1.000000 0.748437 0.458333 1.000000 0.000000 0.000000 0.000000 0.000000 0.000000 0.000000 0.796875 0.502083 1.000000 0.000000 0.000000 0.000000 0.000000 0.000000 0.000000 0.000000 0.000000 0.000000 0.000000 0.000000 0.000000 0.000000 0.000000 0.000000
0 0.914555 0.390917 0.102641 0.112042 0.921875 0.356250 2.000000 0.928125 0.352083 2.000000 0.917188 0.352083 2.000000 0.935937 0.354167 2.000000 0.000000 0.000000 0.000000 0.954688 0.385417 2.000000 0.893750 0.389583 2.000000 0.950000 0.416667 2.000000 0.870313 0.427083 2.000000 0.923438 0.385417 2.000000 0.873437 0.468750 1.000000 0.939063 0.462500 1.000000 0.890625 0.462500 1.000000 0.000000 0.000000 0.000000 0.000000 0.000000 0.000000 0.000000 0.000000 0.000000 0.000000 0.000000 0.000000
0 0.878922 0.370135 0.068750 0.155646 0.889062 0.320833 2.000000 0.895312 0.316667 2.000000 0.884375 0.318750 2.000000 0.907813 0.318750 2.000000 0.000000 0.000000 0.000000 0.921875 0.356250 1.000000 0.862500 0.364583 2.000000 0.000000 0.000000 0.000000 0.851562 0.412500 2.000000 0.000000 0.000000 0.000000 0.860938 0.445833 1.000000 0.915625 0.445833 1.000000 0.875000 0.447917 1.000000 0.000000 0.000000 0.000000 0.000000 0.000000 0.000000 0.000000 0.000000 0.000000 0.000000 0.000000 0.000000
