0 0.571437 0.768031 0.129667 0.358250 0.531250 0.629687 2.000000 0.535417 0.626563 2.000000 0.000000 0.000000 0.000000 0.562500 0.626563 2.000000 0.000000 0.000000 0.000000 0.595833 0.660937 2.000000 0.556250 0.659375 2.000000 0.604167 0.731250 2.000000 0.000000 0.000000 0.000000 0.550000 0.712500 2.000000 0.000000 0.000000 0.000000 0.589583 0.767188 2.000000 0.550000 0.765625 2.000000 0.595833 0.848437 2.000000 0.539583 0.845313 2.000000 0.600000 0.923438 2.000000 0.552083 0.917188 2.000000
0 0.482708 0.762937 0.119875 0.312406 0.000000 0.000000 0.000000 0.000000 0.000000 0.000000 0.000000 0.000000 0.000000 0.458333 0.634375 2.000000 0.495833 0.635938 2.000000 0.431250 0.673438 2.000000 0.504167 0.668750 2.000000 0.433333 0.710938 2.000000 0.531250 0.725000 1.000000 0.000000 0.000000 0.000000 0.000000 0.000000 0.000000 0.458333 0.742188 2.000000 0.500000 0.740625 2.000000 0.495833 0.828125 2.000000 0.489583 0.826562 2.000000 0.527083 0.887500 2.000000 0.466667 0.901563 2.000000
0 0.922469 0.721344 0.155063 0.323594 0.000000 0.000000 0.000000 0.000000 0.000000 0.000000 0.933333 0.589063 2.000000 0.000000 0.000000 0.000000 0.920833 0.590625 2.000000 0.872917 0.625000 2.000000 0.918750 0.625000 2.000000 0.000000 0.000000 0.000000 0.931250 0.675000 2.000000 0.000000 0.000000 0.000000 0.952083 0.709375 2.000000 0.885417 0.714063 2.000000 0.929167 0.712500 2.000000 0.893750 0.793750 2.000000 0.956250 0.792188 2.000000 0.887500 0.867188 2.000000 0.983333 0.860938 2.000000
0 0.762823 0.734523 0.091646 0.234234 0.777083 0.640625 2.000000 0.779167 0.637500 2.000000 0.768750 0.637500 2.000000 0.000000 0.000000 0.000000 0.756250 0.637500 2.000000 0.795833 0.665625 2.000000 0.737500 0.664062 2.000000 0.806250 0.698438 2.000000 0.722917 0.701562 2.000000 0.791667 0.734375 2.000000 0.729167 0.735938 2.000000 0.785417 0.720313 2.000000 0.750000 0.720313 2.000000 0.783333 0.784375 2.000000 0.758333 0.787500 2.000000 0.777083 0.831250 2.000000 0.762500 0.829688 2.000000
0 0.974000 0.724156 0.052000 0.215875 0.000000 0.000000 0.000000 0.000000 0.000000 0.000000 0.000000 0.000000 0.000000 0.000000 0.000000 0.000000 0.970833 0.632812 2.000000 0.000000 0.000000 0.000000 0.989583 0.653125 2.000000 0.000000 0.000000 0.000000 0.000000 0.000000 0.000000 0.000000 0.000000 0.000000 0.000000 0.000000 0.000000 0.954167 0.717187 1.000000 0.981250 0.714063 2.000000 0.958333 0.775000 1.000000 0.989583 0.776563 2.000000 0.962500 0.817187 1.000000 0.989583 0.815625 2.000000
0 0.117667 0.777336 0.121125 0.283016 0.000000 0.000000 0.000000 0.000000 0.000000 0.000000 0.000000 0.000000 0.000000 0.000000 0.000000 0.000000 0.125000 0.656250 2.000000 0.081250 0.687500 2.000000 0.125000 0.685937 2.000000 0.072917 0.723437 2.000000 0.122917 0.728125 2.000000 0.000000 0.000000 0.000000 0.141667 0.760938 2.000000 0.089583 0.762500 2.000000 0.125000 0.762500 2.000000 0.093750 0.842187 2.000000 0.166667 0.834375 2.000000 0.072917 0.898438 2.000000 0.200000 0.898438 1.000000
0 0.400479 0.791469 0.117875 0.321750 0.422917 0.656250 2.000000 0.000000 0.000000 0.000000 0.418750 0.651563 2.000000 0.000000 0.000000 0.000000 0.395833 0.656250 2.000000 0.356250 0.693750 2.000000 0.393750 0.696875 2.000000 0.000000 0.000000 0.000000 0.402083 0.751563 2.000000 0.000000 0.000000 0.000000 0.450000 0.756250 2.000000 0.368750 0.776563 2.000000 0.395833 0.775000 2.000000 0.416667 0.859375 2.000000 0.397917 0.859375 2.000000 0.366667 0.929688 2.000000 0.404167 0.940625 2.000000
0 0.691854 0.724383 0.052167 0.133016 0.666667 0.675000 1.000000 0.668750 0.670312 2.000000 0.000000 0.000000 0.000000 0.679167 0.667188 2.000000 0.000000 0.000000 0.000000 0.691667 0.678125 2.000000 0.681250 0.684375 2.000000 0.700000 0.693750 2.000000 0.000000 0.000000 0.000000 0.672917 0.689063 1.000000 0.000000 0.000000 0.000000 0.697917 0.714063 2.000000 0.689583 0.717187 2.000000 0.700000 0.746875 2.000000 0.695833 0.748437 2.000000 0.704167 0.778125 2.000000 0.697917 0.778125 2.000000
0 0.653760 0.731961 0.053854 0.134422 0.000000 0.000000 0.000000 0.000000 0.000000 0.000000 0.000000 0.000000 0.000000 0.000000 0.000000 0.000000 0.000000 0.000000 0.000000 0.643750 0.687500 2.000000 0.668750 0.684375 2.000000 0.633333 0.704688 2.000000 0.000000 0.000000 0.000000 0.000000 0.000000 0.000000 0.000000 0.000000 0.000000 0.647917 0.725000 2.000000 0.666667 0.725000 2.000000 0.645833 0.754687 2.000000 0.662500 0.751563 2.000000 0.647917 0.787500 2.000000 0.662500 0.785937 2.000000
0 0.836021 0.748047 0.089458 0.263531 0.000000 0.000000 0.000000 0.000000 0.000000 0.000000 0.000000 0.000000 0.000000 0.000000 0.000000 0.000000 0.872917 0.635938 1.000000 0.831250 0.660937 2.000000 0.866667 0.657813 1.000000 0.812500 0.696875 2.000000 0.866667 0.695312 2.000000 0.837500 0.720313 2.000000 0.870833 0.731250 2.000000 0.831250 0.731250 2.000000 0.860417 0.732812 2.000000 0.833333 0.804688 2.000000 0.000000 0.000000 0.000000 0.808333 0.862500 2.000000 0.000000 0.000000 0.000000
0 0.339885 0.765211 0.075021 0.311859 0.000000 0.000000 0.000000 0.000000 0.000000 0.000000 0.000000 0.000000 0.000000 0.000000 0.000000 0.000000 0.333333 0.639062 2.000000 0.000000 0.000000 0.000000 0.320833 0.671875 2.000000 0.000000 0.000000 0.000000 0.320833 0.717187 2.000000 0.000000 0.000000 0.000000 0.327083 0.764062 2.000000 0.000000 0.000000 0.000000 0.308333 0.768750 1.000000 0.000000 0.000000 0.000000 0.325000 0.826562 2.000000 0.000000 0.000000 0.000000 0.356250 0.893750 2.000000
