0 0.386211 0.390117 0.122891 0.683521 0.376563 0.117371 2.000000 0.381250 0.100939 2.000000 0.364063 0.107981 2.000000 0.392188 0.100939 2.000000 0.351562 0.122066 1.000000 0.418750 0.178404 2.000000 0.346875 0.173709 2.000000 0.435937 0.295775 2.000000 0.353125 0.267606 2.000000 0.360938 0.307512 2.000000 0.335938 0.347418 2.000000 0.410938 0.394366 2.000000 0.368750 0.392019 2.000000 0.396875 0.539906 2.000000 0.382812 0.539906 2.000000 0.423438 0.704225 2.000000 0.407813 0.706573 2.000000
0 0.415078 0.899437 0.411344 0.184272 0.000000 0.000000 0.000000 0.000000 0.000000 0.000000 0.000000 0.000000 0.000000 0.000000 0.000000 0.000000 0.000000 0.000000 0.000000 0.542188 0.953052 2.000000 0.517188 0.941315 2.000000 0.000000 0.000000 0.000000 0.000000 0.000000 0.000000 0.000000 0.000000 0.000000 0.000000 0.000000 0.000000 0.404687 0.964789 1.000000 0.354687 0.962441 2.000000 0.351562 0.830986 2.000000 0.273438 0.840376 2.000000 0.000000 0.000000 0.000000 0.000000 0.000000 0.000000
0 0.586461 0.908627 0.421703 0.182746 0.000000 0.000000 0.000000 0.000000 0.000000 0.000000 0.000000 0.000000 0.000000 0.000000 0.000000 0.000000 0.753125 0.884977 2.000000 0.679688 0.903756 2.000000 0.737500 0.950704 2.000000 0.000000 0.000000 0.000000 0.000000 0.000000 0.000000 0.000000 0.000000 0.000000 0.753125 0.913146 2.000000 0.585938 0.960094 2.000000 0.625000 0.967136 2.000000 0.000000 0.000000 0.000000 0.000000 0.000000 0.000000 0.412500 0.990610 2.000000 0.448437 0.969484 2.000000
0 0.774312 0.532512 0.226375 0.488732 0.000000 0.000000 0.000000 0.000000 0.000000 0.000000 0.000000 0.000000 0.000000 0.698438 0.354460 2.000000 0.740625 0.342723 2.000000 0.700000 0.415493 2.000000 0.757812 0.389671 2.000000 0.687500 0.488263 2.000000 0.807813 0.377934 2.000000 0.676562 0.500000 2.000000 0.851562 0.366197 2.000000 0.715625 0.558685 2.000000 0.759375 0.553991 2.000000 0.721875 0.645540 2.000000 0.750000 0.645540 2.000000 0.737500 0.758216 1.000000 0.750000 0.746479 2.000000
0 0.325008 0.138838 0.058016 0.121901 0.000000 0.000000 0.000000 0.000000 0.000000 0.000000 0.000000 0.000000 0.000000 0.000000 0.000000 0.000000 0.000000 0.000000 0.000000 0.307812 0.129108 2.000000 0.342187 0.119718 2.000000 0.304688 0.169014 2.000000 0.350000 0.147887 2.000000 0.000000 0.000000 0.000000 0.000000 0.000000 0.000000 0.317188 0.194836 1.000000 0.340625 0.192488 1.000000 0.000000 0.000000 0.000000 0.000000 0.000000 0.000000 0.000000 0.000000 0.000000 0.000000 0.000000 0.000000
0 0.927312 0.425094 0.145375 0.169390 0.000000 0.000000 0.000000 0.000000 0.000000 0.000000 0.000000 0.000000 0.000000 0.000000 0.000000 0.000000 0.000000 0.000000 0.000000 0.996875 0.384977 2.000000 0.000000 0.000000 0.000000 0.956250 0.410798 2.000000 0.000000 0.000000 0.000000 0.000000 0.000000 0.000000 0.000000 0.000000 0.000000 0.928125 0.476526 2.000000 0.970313 0.476526 2.000000 0.898438 0.356808 2.000000 0.000000 0.000000 0.000000 0.887500 0.474178 2.000000 0.000000 0.000000 0.000000
0 0.548547 0.260458 0.101437 0.278286 0.000000 0.000000 0.000000 0.000000 0.000000 0.000000 0.000000 0.000000 0.000000 0.000000 0.000000 0.000000 0.000000 0.000000 0.000000 0.523438 0.225352 2.000000 0.584375 0.218310 2.000000 0.000000 0.000000 0.000000 0.000000 0.000000 0.000000 0.000000 0.000000 0.000000 0.000000 0.000000 0.000000 0.539062 0.389671 2.000000 0.581250 0.389671 2.000000 0.000000 0.000000 0.000000 0.000000 0.000000 0.000000 0.000000 0.000000 0.000000 0.000000 0.000000 0.000000
0 0.975680 0.175552 0.048641 0.282887 0.000000 0.000000 0.000000 0.000000 0.000000 0.000000 0.000000 0.000000 0.000000 0.000000 0.000000 0.000000 0.000000 0.000000 0.000000 0.982812 0.077465 2.000000 0.000000 0.000000 0.000000 0.964063 0.176056 2.000000 0.000000 0.000000 0.000000 0.990625 0.176056 2.000000 0.000000 0.000000 0.000000 0.000000 0.000000 0.000000 0.000000 0.000000 0.000000 0.000000 0.000000 0.000000 0.000000 0.000000 0.000000 0.000000 0.000000 0.000000 0.000000 0.000000 0.000000
0 0.201617 0.553404 0.134047 0.507512 0.198437 0.373239 2.000000 0.000000 0.000000 0.000000 0.196875 0.359155 2.000000 0.000000 0.000000 0.000000 0.179688 0.361502 2.000000 0.154688 0.406103 2.000000 0.176563 0.413146 2.000000 0.167187 0.507042 2.000000 0.193750 0.476526 2.000000 0.192188 0.544601 2.000000 0.242188 0.464789 2.000000 0.146875 0.546948 2.000000 0.168750 0.542254 2.000000 0.167187 0.685446 2.000000 0.187500 0.678404 2.000000 0.164062 0.772300 2.000000 0.185938 0.767606 2.000000
0 0.703000 0.025423 0.172406 0.048357 0.000000 0.000000 0.000000 0.000000 0.000000 0.000000 0.000000 0.000000 0.000000 0.000000 0.000000 0.000000 0.000000 0.000000 0.000000 0.615625 0.007042 1.000000 0.000000 0.000000 0.000000 0.000000 0.000000 0.000000 0.000000 0.000000 0.000000 0.000000 0.000000 0.000000 0.000000 0.000000 0.000000 0.673438 0.028169 2.000000 0.681250 0.018779 2.000000 0.714063 0.042254 2.000000 0.717187 0.032864 2.000000 0.757812 0.039906 2.000000 0.762500 0.028169 2.000000
