0 0.296014 0.532078 0.188256 0.381844 0.350913 0.382812 2.000000 0.000000 0.000000 0.000000 0.342799 0.378125 2.000000 0.000000 0.000000 0.000000 0.308316 0.376563 2.000000 0.334686 0.407813 2.000000 0.275862 0.417187 2.000000 0.322515 0.450000 2.000000 0.279919 0.481250 2.000000 0.350913 0.457813 2.000000 0.340771 0.482812 2.000000 0.290061 0.526563 2.000000 0.249493 0.528125 2.000000 0.312373 0.600000 2.000000 0.259635 0.598437 2.000000 0.310345 0.700000 2.000000 0.235294 0.698438 2.000000
0 0.777972 0.170016 0.155010 0.080781 0.789047 0.160938 2.000000 0.799189 0.154688 2.000000 0.782961 0.154688 2.000000 0.815416 0.157812 2.000000 0.000000 0.000000 0.000000 0.833671 0.192188 2.000000 0.744422 0.178125 2.000000 0.000000 0.000000 0.000000 0.707911 0.210938 1.000000 0.809331 0.192188 2.000000 0.000000 0.000000 0.000000 0.000000 0.000000 0.000000 0.000000 0.000000 0.000000 0.000000 0.000000 0.000000 0.000000 0.000000 0.000000 0.000000 0.000000 0.000000 0.000000 0.000000 0.000000
0 0.469594 0.163094 0.132901 0.079000 0.458418 0.157812 2.000000 0.468560 0.151562 2.000000 0.452333 0.151562 2.000000 0.484787 0.154688 2.000000 0.000000 0.000000 0.000000 0.507099 0.187500 2.000000 0.425963 0.187500 2.000000 0.000000 0.000000 0.000000 0.000000 0.000000 0.000000 0.000000 0.000000 0.000000 0.000000 0.000000 0.000000 0.000000 0.000000 0.000000 0.000000 0.000000 0.000000 0.000000 0.000000 0.000000 0.000000 0.000000 0.000000 0.000000 0.000000 0.000000 0.000000 0.000000 0.000000
0 0.190659 0.153336 0.137708 0.082109 0.192698 0.143750 2.000000 0.202840 0.140625 2.000000 0.186613 0.139063 2.000000 0.217039 0.148438 2.000000 0.176471 0.137500 2.000000 0.235294 0.173437 2.000000 0.148073 0.168750 2.000000 0.249493 0.212500 1.000000 0.123732 0.207813 1.000000 0.000000 0.000000 0.000000 0.000000 0.000000 0.000000 0.000000 0.000000 0.000000 0.000000 0.000000 0.000000 0.000000 0.000000 0.000000 0.000000 0.000000 0.000000 0.000000 0.000000 0.000000 0.000000 0.000000 0.000000
0 0.545872 0.140258 0.116653 0.125328 0.549696 0.109375 2.000000 0.557809 0.104688 2.000000 0.541582 0.103125 2.000000 0.572008 0.106250 2.000000 0.535497 0.107813 2.000000 0.584178 0.137500 2.000000 0.509128 0.135937 2.000000 0.588235 0.178125 1.000000 0.494929 0.175000 1.000000 0.000000 0.000000 0.000000 0.000000 0.000000 0.000000 0.559838 0.203125 1.000000 0.507099 0.203125 1.000000 0.000000 0.000000 0.000000 0.000000 0.000000 0.000000 0.000000 0.000000 0.000000 0.000000 0.000000 0.000000
0 0.687008 0.498203 0.139452 0.363000 0.681542 0.356250 2.000000 0.687627 0.350000 2.000000 0.673428 0.351562 2.000000 0.716024 0.354687 2.000000 0.000000 0.000000 0.000000 0.740365 0.385937 1.000000 0.655172 0.392188 2.000000 0.000000 0.000000 0.000000 0.657201 0.448437 2.000000 0.000000 0.000000 0.000000 0.687627 0.498437 2.000000 0.768763 0.482812 1.000000 0.709939 0.492188 2.000000 0.780933 0.559375 1.000000 0.707911 0.575000 1.000000 0.807302 0.629687 1.000000 0.740365 0.662500 2.000000
0 0.678509 0.136219 0.150041 0.125500 0.677485 0.104688 2.000000 0.687627 0.100000 2.000000 0.669371 0.100000 2.000000 0.705882 0.104688 2.000000 0.659229 0.106250 2.000000 0.726166 0.143750 2.000000 0.624746 0.139063 2.000000 0.000000 0.000000 0.000000 0.000000 0.000000 0.000000 0.000000 0.000000 0.000000 0.000000 0.000000 0.000000 0.000000 0.000000 0.000000 0.000000 0.000000 0.000000 0.000000 0.000000 0.000000 0.000000 0.000000 0.000000 0.000000 0.000000 0.000000 0.000000 0.000000 0.000000
0 0.256389 0.116414 0.065233 0.086734 0.249493 0.103125 2.000000 0.255578 0.098437 2.000000 0.241379 0.100000 2.000000 0.273834 0.100000 2.000000 0.235294 0.103125 1.000000 0.292089 0.132812 1.000000 0.219067 0.132812 1.000000 0.000000 0.000000 0.000000 0.000000 0.000000 0.000000 0.000000 0.000000 0.000000 0.000000 0.000000 0.000000 0.279919 0.193750 1.000000 0.227181 0.193750 1.000000 0.000000 0.000000 0.000000 0.000000 0.000000 0.000000 0.000000 0.000000 0.000000 0.000000 0.000000 0.000000
0 0.378529 0.119273 0.110933 0.129484 0.352941 0.089063 2.000000 0.361055 0.084375 2.000000 0.346856 0.084375 2.000000 0.379310 0.085938 2.000000 0.000000 0.000000 0.000000 0.409736 0.118750 2.000000 0.320487 0.120313 1.000000 0.383367 0.167187 1.000000 0.000000 0.000000 0.000000 0.000000 0.000000 0.000000 0.000000 0.000000 0.000000 0.000000 0.000000 0.000000 0.000000 0.000000 0.000000 0.000000 0.000000 0.000000 0.000000 0.000000 0.000000 0.000000 0.000000 0.000000 0.000000 0.000000 0.000000
0 0.940558 0.038711 0.116288 0.076266 0.963489 0.020313 2.000000 0.971602 0.015625 2.000000 0.955375 0.014063 2.000000 0.987830 0.015625 2.000000 0.947262 0.014063 2.000000 0.993915 0.046875 2.000000 0.914807 0.046875 2.000000 0.995943 0.084375 1.000000 0.890467 0.079687 1.000000 0.977688 0.043750 2.000000 0.000000 0.000000 0.000000 0.969574 0.100000 1.000000 0.922921 0.100000 1.000000 0.000000 0.000000 0.000000 0.000000 0.000000 0.000000 0.000000 0.000000 0.000000 0.000000 0.000000 0.000000
0 0.311369 0.157422 0.111785 0.079219 0.300203 0.146875 2.000000 0.308316 0.142187 2.000000 0.292089 0.142187 2.000000 0.320487 0.146875 2.000000 0.281947 0.146875 2.000000 0.350913 0.181250 2.000000 0.273834 0.175000 2.000000 0.324544 0.221875 1.000000 0.265720 0.220312 1.000000 0.290061 0.181250 2.000000 0.265720 0.189062 2.000000 0.000000 0.000000 0.000000 0.000000 0.000000 0.000000 0.000000 0.000000 0.000000 0.000000 0.000000 0.000000 0.000000 0.000000 0.000000 0.000000 0.000000 0.000000
