0 0.507586 0.713604 0.200172 0.407875 0.507812 0.552083 2.000000 0.507812 0.543750 2.000000 0.500000 0.547917 2.000000 0.000000 0.000000 0.000000 0.482812 0.556250 2.000000 0.521875 0.581250 2.000000 0.462500 0.583333 2.000000 0.482812 0.577083 2.000000 0.420312 0.587500 2.000000 0.457813 0.543750 2.000000 0.440625 0.550000 2.000000 0.534375 0.708333 2.000000 0.495312 0.710417 2.000000 0.546875 0.793750 2.000000 0.457813 0.797917 2.000000 0.587500 0.879167 2.000000 0.442188 0.885417 2.000000
0 0.071477 0.724688 0.141516 0.415667 0.104688 0.564583 2.000000 0.000000 0.000000 0.000000 0.095312 0.554167 2.000000 0.000000 0.000000 0.000000 0.079687 0.560417 2.000000 0.093750 0.600000 2.000000 0.042188 0.595833 2.000000 0.101562 0.670833 2.000000 0.025000 0.662500 2.000000 0.114062 0.725000 2.000000 0.039062 0.733333 2.000000 0.075000 0.722917 2.000000 0.032813 0.720833 2.000000 0.112500 0.789583 2.000000 0.037500 0.806250 2.000000 0.114062 0.889583 2.000000 0.007812 0.897917 2.000000
0 0.958945 0.736781 0.082109 0.226271 0.981250 0.650000 2.000000 0.984375 0.643750 2.000000 0.975000 0.643750 2.000000 0.000000 0.000000 0.000000 0.962500 0.652083 2.000000 0.992188 0.683333 2.000000 0.942187 0.681250 2.000000 0.000000 0.000000 0.000000 0.920312 0.731250 2.000000 0.000000 0.000000 0.000000 0.937500 0.760417 2.000000 0.976562 0.785417 2.000000 0.948438 0.781250 2.000000 0.000000 0.000000 0.000000 0.946875 0.783333 2.000000 0.000000 0.000000 0.000000 0.000000 0.000000 0.000000
0 0.777023 0.734229 0.101359 0.256750 0.784375 0.645833 2.000000 0.785937 0.637500 2.000000 0.778125 0.639583 2.000000 0.000000 0.000000 0.000000 0.762500 0.643750 2.000000 0.796875 0.668750 2.000000 0.753125 0.666667 2.000000 0.823438 0.664583 2.000000 0.734375 0.668750 2.000000 0.779687 0.662500 2.000000 0.770312 0.675000 2.000000 0.792188 0.768750 2.000000 0.760938 0.772917 2.000000 0.814063 0.737500 1.000000 0.756250 0.858333 1.000000 0.814063 0.833333 2.000000 0.000000 0.000000 0.000000
0 0.752102 0.547490 0.074516 0.118604 0.729688 0.520833 2.000000 0.732812 0.518750 2.000000 0.000000 0.000000 0.000000 0.748437 0.520833 2.000000 0.000000 0.000000 0.000000 0.773438 0.541667 2.000000 0.725000 0.545833 2.000000 0.779687 0.593750 2.000000 0.726562 0.595833 2.000000 0.000000 0.000000 0.000000 0.000000 0.000000 0.000000 0.000000 0.000000 0.000000 0.000000 0.000000 0.000000 0.000000 0.000000 0.000000 0.000000 0.000000 0.000000 0.000000 0.000000 0.000000 0.000000 0.000000 0.000000
0 0.402656 0.745125 0.047875 0.192875 0.395313 0.681250 2.000000 0.400000 0.677083 2.000000 0.392188 0.677083 2.000000 0.000000 0.000000 0.000000 0.381250 0.675000 2.000000 0.410938 0.710417 2.000000 0.370312 0.712500 1.000000 0.414062 0.739583 2.000000 0.359375 0.743750 1.000000 0.409375 0.779167 2.000000 0.000000 0.000000 0.000000 0.403125 0.777083 2.000000 0.373437 0.775000 1.000000 0.000000 0.000000 0.000000 0.359375 0.762500 1.000000 0.000000 0.000000 0.000000 0.000000 0.000000 0.000000
0 0.305242 0.767073 0.119484 0.226854 0.000000 0.000000 0.000000 0.000000 0.000000 0.000000 0.000000 0.000000 0.000000 0.000000 0.000000 0.000000 0.000000 0.000000 0.000000 0.300000 0.666667 2.000000 0.246875 0.668750 1.000000 0.304688 0.720833 2.000000 0.000000 0.000000 0.000000 0.300000 0.752083 2.000000 0.000000 0.000000 0.000000 0.296875 0.758333 2.000000 0.257812 0.762500 1.000000 0.329688 0.766667 2.000000 0.253125 0.775000 2.000000 0.346875 0.850000 2.000000 0.253125 0.858333 2.000000
0 0.369719 0.468698 0.072625 0.144104 0.384375 0.427083 2.000000 0.000000 0.000000 0.000000 0.379688 0.420833 2.000000 0.000000 0.000000 0.000000 0.365625 0.427083 2.000000 0.393750 0.464583 2.000000 0.343750 0.464583 2.000000 0.404687 0.508333 2.000000 0.000000 0.000000 0.000000 0.384375 0.527083 2.000000 0.000000 0.000000 0.000000 0.000000 0.000000 0.000000 0.000000 0.000000 0.000000 0.000000 0.000000 0.000000 0.000000 0.000000 0.000000 0.000000 0.000000 0.000000 0.000000 0.000000 0.000000
0 0.705594 0.375469 0.058937 0.112688 0.718750 0.341667 2.000000 0.720313 0.337500 2.000000 0.714063 0.337500 2.000000 0.000000 0.000000 0.000000 0.701562 0.345833 2.000000 0.729688 0.368750 2.000000 0.690625 0.362500 1.000000 0.728125 0.404167 2.000000 0.692187 0.402083 2.000000 0.000000 0.000000 0.000000 0.709375 0.370833 2.000000 0.709375 0.427083 2.000000 0.687500 0.425000 2.000000 0.000000 0.000000 0.000000 0.000000 0.000000 0.000000 0.000000 0.000000 0.000000 0.000000 0.000000 0.000000
0 0.256969 0.693365 0.096250 0.387521 0.256250 0.533333 2.000000 0.260937 0.527083 2.000000 0.251563 0.527083 2.000000 0.270313 0.533333 2.000000 0.243750 0.533333 2.000000 0.282813 0.575000 2.000000 0.229687 0.572917 1.000000 0.295312 0.633333 2.000000 0.215625 0.618750 2.000000 0.265625 0.647917 2.000000 0.234375 0.641667 1.000000 0.271875 0.689583 2.000000 0.237500 0.689583 2.000000 0.275000 0.781250 2.000000 0.235937 0.779167 2.000000 0.270313 0.860417 2.000000 0.234375 0.858333 1.000000
0 0.828953 0.542188 0.078406 0.109333 0.842187 0.518750 2.000000 0.000000 0.000000 0.000000 0.839063 0.516667 2.000000 0.000000 0.000000 0.000000 0.823438 0.518750 2.000000 0.853125 0.541667 2.000000 0.801562 0.541667 2.000000 0.856250 0.602083 1.000000 0.807813 0.604167 1.000000 0.000000 0.000000 0.000000 0.000000 0.000000 0.000000 0.842187 0.622917 1.000000 0.818750 0.622917 1.000000 0.000000 0.000000 0.000000 0.000000 0.000000 0.000000 0.000000 0.000000 0.000000 0.000000 0.000000 0.000000
0 0.901828 0.540354 0.071750 0.101667 0.901563 0.516667 2.000000 0.904687 0.510417 2.000000 0.896875 0.512500 2.000000 0.000000 0.000000 0.000000 0.889062 0.518750 2.000000 0.921875 0.547917 2.000000 0.875000 0.547917 2.000000 0.931250 0.597917 1.000000 0.875000 0.595833 1.000000 0.000000 0.000000 0.000000 0.000000 0.000000 0.000000 0.000000 0.000000 0.000000 0.000000 0.000000 0.000000 0.000000 0.000000 0.000000 0.000000 0.000000 0.000000 0.000000 0.000000 0.000000 0.000000 0.000000 0.000000
