0 0.637672 0.442847 0.138781 0.434306 0.625000 0.269151 2.000000 0.632812 0.258799 2.000000 0.620313 0.260870 2.000000 0.646875 0.267081 2.000000 0.612500 0.265010 2.000000 0.651563 0.325052 2.000000 0.596875 0.325052 2.000000 0.668750 0.399586 2.000000 0.575000 0.420290 2.000000 0.659375 0.325052 2.000000 0.610938 0.391304 2.000000 0.651563 0.426501 2.000000 0.612500 0.426501 2.000000 0.690625 0.503106 2.000000 0.643750 0.511387 2.000000 0.000000 0.000000 0.000000 0.000000 0.000000 0.000000
0 0.502109 0.444431 0.174750 0.474990 0.489063 0.281573 2.000000 0.495312 0.269151 2.000000 0.482812 0.262940 2.000000 0.000000 0.000000 0.000000 0.462500 0.262940 2.000000 0.490625 0.316770 2.000000 0.445312 0.320911 2.000000 0.490625 0.335404 2.000000 0.456250 0.407867 2.000000 0.512500 0.354037 2.000000 0.490625 0.474120 2.000000 0.459375 0.443064 2.000000 0.414062 0.459627 1.000000 0.545312 0.505176 2.000000 0.510938 0.525880 2.000000 0.556250 0.650104 2.000000 0.515625 0.654244 2.000000
0 0.139063 0.474151 0.189938 0.503375 0.117188 0.279503 2.000000 0.125000 0.269151 2.000000 0.109375 0.269151 2.000000 0.135937 0.279503 2.000000 0.095312 0.277433 2.000000 0.154688 0.333333 2.000000 0.085938 0.341615 2.000000 0.171875 0.403727 2.000000 0.057813 0.428571 2.000000 0.150000 0.453416 2.000000 0.104688 0.474120 2.000000 0.173437 0.461698 2.000000 0.115625 0.463768 2.000000 0.203125 0.538302 2.000000 0.168750 0.544513 2.000000 0.209375 0.685300 2.000000 0.171875 0.687371 2.000000
0 0.204047 0.403323 0.135063 0.552733 0.189062 0.171843 2.000000 0.200000 0.157350 2.000000 0.182812 0.159420 2.000000 0.210938 0.167702 2.000000 0.170313 0.169772 2.000000 0.223438 0.229814 2.000000 0.154688 0.229814 2.000000 0.243750 0.291925 2.000000 0.140625 0.306418 1.000000 0.223438 0.327122 2.000000 0.185938 0.327122 2.000000 0.225000 0.385093 2.000000 0.171875 0.389234 1.000000 0.234375 0.530021 2.000000 0.000000 0.000000 0.000000 0.243750 0.677019 1.000000 0.000000 0.000000 0.000000
0 0.403016 0.393219 0.110781 0.520393 0.406250 0.186335 2.000000 0.414062 0.175983 2.000000 0.400000 0.175983 2.000000 0.425000 0.190476 2.000000 0.390625 0.188406 2.000000 0.432812 0.240166 2.000000 0.373437 0.242236 2.000000 0.445312 0.314700 1.000000 0.354687 0.322981 1.000000 0.420312 0.343685 1.000000 0.000000 0.000000 0.000000 0.414062 0.372671 2.000000 0.378125 0.372671 1.000000 0.000000 0.000000 0.000000 0.000000 0.000000 0.000000 0.000000 0.000000 0.000000 0.000000 0.000000 0.000000
0 0.556664 0.307433 0.113891 0.353623 0.518750 0.188406 2.000000 0.523438 0.175983 2.000000 0.509375 0.175983 2.000000 0.537500 0.178054 2.000000 0.501563 0.178054 1.000000 0.551562 0.233954 2.000000 0.490625 0.227743 1.000000 0.598437 0.304348 2.000000 0.000000 0.000000 0.000000 0.000000 0.000000 0.000000 0.000000 0.000000 0.000000 0.540625 0.347826 2.000000 0.496875 0.347826 1.000000 0.000000 0.000000 0.000000 0.000000 0.000000 0.000000 0.000000 0.000000 0.000000 0.000000 0.000000 0.000000
0 0.750945 0.329400 0.131078 0.426791 0.746875 0.182195 2.000000 0.753125 0.167702 2.000000 0.743750 0.171843 2.000000 0.776563 0.169772 2.000000 0.000000 0.000000 0.000000 0.793750 0.223602 2.000000 0.739062 0.217391 2.000000 0.801562 0.318841 2.000000 0.717187 0.296066 2.000000 0.789062 0.343685 2.000000 0.703125 0.347826 2.000000 0.757812 0.387164 2.000000 0.729688 0.385093 2.000000 0.748437 0.476190 2.000000 0.718750 0.472050 2.000000 0.000000 0.000000 0.000000 0.000000 0.000000 0.000000
0 0.846500 0.440694 0.200281 0.490745 0.884375 0.262940 2.000000 0.890625 0.250518 2.000000 0.875000 0.252588 2.000000 0.907813 0.252588 2.000000 0.000000 0.000000 0.000000 0.928125 0.304348 2.000000 0.851562 0.296066 2.000000 0.926562 0.380952 2.000000 0.837500 0.349896 2.000000 0.910937 0.426501 2.000000 0.828125 0.372671 2.000000 0.892188 0.414079 2.000000 0.850000 0.403727 2.000000 0.000000 0.000000 0.000000 0.000000 0.000000 0.000000 0.000000 0.000000 0.000000 0.000000 0.000000 0.000000
0 0.692406 0.603209 0.160500 0.240290 0.715625 0.542443 2.000000 0.723437 0.530021 2.000000 0.707812 0.530021 2.000000 0.739062 0.532091 2.000000 0.000000 0.000000 0.000000 0.743750 0.563147 2.000000 0.714063 0.554865 2.000000 0.729688 0.639752 2.000000 0.695312 0.619048 2.000000 0.673438 0.679089 2.000000 0.679688 0.670807 2.000000 0.723437 0.660455 2.000000 0.704688 0.656315 2.000000 0.714063 0.666667 2.000000 0.648438 0.662526 2.000000 0.651563 0.697723 2.000000 0.687500 0.699793 2.000000
0 0.358891 0.609886 0.143437 0.251077 0.320312 0.548654 2.000000 0.328125 0.536232 2.000000 0.312500 0.536232 2.000000 0.000000 0.000000 0.000000 0.296875 0.538302 2.000000 0.332813 0.577640 2.000000 0.289062 0.583851 1.000000 0.351562 0.641822 2.000000 0.281250 0.652174 1.000000 0.365625 0.662526 2.000000 0.345313 0.681159 2.000000 0.334375 0.672878 1.000000 0.306250 0.672878 1.000000 0.398438 0.664596 2.000000 0.306250 0.703934 1.000000 0.323437 0.712215 1.000000 0.390625 0.720497 2.000000
0 0.344281 0.444348 0.182844 0.493665 0.323437 0.258799 2.000000 0.331250 0.250518 2.000000 0.317188 0.250518 2.000000 0.340625 0.254658 2.000000 0.301563 0.256729 2.000000 0.354687 0.318841 2.000000 0.290625 0.318841 2.000000 0.384375 0.391304 2.000000 0.262500 0.395445 2.000000 0.357812 0.412008 2.000000 0.284375 0.347826 2.000000 0.348438 0.451346 2.000000 0.306250 0.451346 2.000000 0.000000 0.000000 0.000000 0.000000 0.000000 0.000000 0.000000 0.000000 0.000000 0.000000 0.000000 0.000000
