0 0.693914 0.476035 0.050734 0.211224 0.000000 0.000000 0.000000 0.000000 0.000000 0.000000 0.000000 0.000000 0.000000 0.687500 0.385882 2.000000 0.698438 0.385882 2.000000 0.679688 0.409412 2.000000 0.707812 0.407059 2.000000 0.671875 0.440000 1.000000 0.714063 0.440000 2.000000 0.679688 0.465882 2.000000 0.709375 0.465882 2.000000 0.685937 0.482353 2.000000 0.703125 0.480000 2.000000 0.684375 0.515294 2.000000 0.701562 0.512941 2.000000 0.684375 0.557647 2.000000 0.698438 0.560000 2.000000
0 0.618445 0.564188 0.061328 0.180188 0.000000 0.000000 0.000000 0.000000 0.000000 0.000000 0.000000 0.000000 0.000000 0.000000 0.000000 0.000000 0.000000 0.000000 0.000000 0.628125 0.534118 2.000000 0.600000 0.534118 2.000000 0.640625 0.583529 2.000000 0.596875 0.564706 2.000000 0.609375 0.600000 2.000000 0.000000 0.000000 0.000000 0.000000 0.000000 0.000000 0.000000 0.000000 0.000000 0.000000 0.000000 0.000000 0.000000 0.000000 0.000000 0.000000 0.000000 0.000000 0.000000 0.000000 0.000000
0 0.230766 0.896259 0.129250 0.207482 0.209375 0.863529 2.000000 0.215625 0.849412 2.000000 0.203125 0.851765 2.000000 0.237500 0.844706 2.000000 0.000000 0.000000 0.000000 0.278125 0.901176 2.000000 0.192188 0.905882 2.000000 0.000000 0.000000 0.000000 0.000000 0.000000 0.000000 0.225000 0.948235 2.000000 0.000000 0.000000 0.000000 0.000000 0.000000 0.000000 0.000000 0.000000 0.000000 0.000000 0.000000 0.000000 0.000000 0.000000 0.000000 0.000000 0.000000 0.000000 0.000000 0.000000 0.000000
0 0.594727 0.739706 0.083328 0.301953 0.595313 0.628235 2.000000 0.600000 0.618824 2.000000 0.589063 0.618824 2.000000 0.606250 0.621176 2.000000 0.581250 0.625882 2.000000 0.625000 0.668235 2.000000 0.570312 0.682353 2.000000 0.000000 0.000000 0.000000 0.559375 0.755294 2.000000 0.000000 0.000000 0.000000 0.578125 0.804706 2.000000 0.632812 0.809412 1.000000 0.595313 0.816471 2.000000 0.000000 0.000000 0.000000 0.600000 0.905882 1.000000 0.000000 0.000000 0.000000 0.000000 0.000000 0.000000
0 0.831227 0.846200 0.125047 0.307600 0.846875 0.741176 2.000000 0.854688 0.736471 2.000000 0.840625 0.734118 2.000000 0.862500 0.743529 2.000000 0.831250 0.736471 2.000000 0.876563 0.807059 2.000000 0.809375 0.795294 2.000000 0.881250 0.872941 2.000000 0.784375 0.863529 2.000000 0.884375 0.941176 2.000000 0.776563 0.922353 2.000000 0.862500 0.938824 2.000000 0.820312 0.934118 2.000000 0.000000 0.000000 0.000000 0.000000 0.000000 0.000000 0.000000 0.000000 0.000000 0.000000 0.000000 0.000000
0 0.791117 0.754588 0.080547 0.218353 0.810937 0.694118 2.000000 0.815625 0.687059 2.000000 0.804688 0.684706 2.000000 0.000000 0.000000 0.000000 0.792188 0.689412 2.000000 0.825000 0.729412 2.000000 0.779687 0.734118 2.000000 0.000000 0.000000 0.000000 0.760938 0.785882 2.000000 0.000000 0.000000 0.000000 0.776563 0.797647 2.000000 0.000000 0.000000 0.000000 0.789062 0.854118 1.000000 0.000000 0.000000 0.000000 0.793750 0.927059 1.000000 0.000000 0.000000 0.000000 0.000000 0.000000 0.000000
0 0.751430 0.791576 0.084828 0.416847 0.746875 0.625882 2.000000 0.753125 0.618824 2.000000 0.740625 0.621176 2.000000 0.760938 0.621176 2.000000 0.732812 0.625882 2.000000 0.778125 0.670588 2.000000 0.726562 0.677647 2.000000 0.790625 0.729412 1.000000 0.729688 0.729412 2.000000 0.000000 0.000000 0.000000 0.739062 0.668235 2.000000 0.776563 0.818824 1.000000 0.737500 0.825882 2.000000 0.779687 0.929412 1.000000 0.739062 0.924706 2.000000 0.000000 0.000000 0.000000 0.000000 0.000000 0.000000
0 0.110078 0.896459 0.136719 0.207082 0.134375 0.861176 2.000000 0.137500 0.844706 2.000000 0.121875 0.856471 2.000000 0.000000 0.000000 0.000000 0.096875 0.872941 2.000000 0.164062 0.898824 2.000000 0.065625 0.912941 2.000000 0.000000 0.000000 0.000000 0.000000 0.000000 0.000000 0.000000 0.000000 0.000000 0.000000 0.000000 0.000000 0.000000 0.000000 0.000000 0.000000 0.000000 0.000000 0.000000 0.000000 0.000000 0.000000 0.000000 0.000000 0.000000 0.000000 0.000000 0.000000 0.000000 0.000000
0 0.817422 0.632506 0.086344 0.172635 0.840625 0.592941 2.000000 0.839063 0.585882 2.000000 0.834375 0.585882 2.000000 0.000000 0.000000 0.000000 0.817187 0.588235 2.000000 0.840625 0.625882 2.000000 0.785937 0.625882 2.000000 0.848437 0.691765 1.000000 0.779687 0.689412 1.000000 0.857812 0.750588 1.000000 0.000000 0.000000 0.000000 0.835938 0.745882 1.000000 0.801562 0.748235 1.000000 0.000000 0.000000 0.000000 0.000000 0.000000 0.000000 0.000000 0.000000 0.000000 0.000000 0.000000 0.000000
0 0.947344 0.803706 0.105313 0.392118 0.976562 0.654118 2.000000 0.975000 0.640000 2.000000 0.967187 0.649412 2.000000 0.000000 0.000000 0.000000 0.945312 0.651765 2.000000 0.981250 0.677647 2.000000 0.926562 0.691765 2.000000 0.995313 0.762353 2.000000 0.907813 0.774118 2.000000 0.000000 0.000000 0.000000 0.910937 0.840000 2.000000 0.981250 0.814118 2.000000 0.939063 0.816471 2.000000 0.995313 0.922353 2.000000 0.948438 0.929412 1.000000 0.000000 0.000000 0.000000 0.000000 0.000000 0.000000
