0 0.855125 0.431458 0.115031 0.687639 0.851562 0.172222 2.000000 0.859375 0.163889 2.000000 0.850000 0.161111 2.000000 0.878125 0.163889 2.000000 0.000000 0.000000 0.000000 0.887500 0.225000 2.000000 0.832812 0.236111 2.000000 0.889062 0.308333 2.000000 0.820312 0.341667 2.000000 0.864062 0.227778 2.000000 0.809375 0.427778 2.000000 0.867188 0.433333 2.000000 0.835938 0.433333 2.000000 0.881250 0.577778 2.000000 0.837500 0.577778 2.000000 0.881250 0.725000 2.000000 0.842187 0.722222 2.000000
0 0.747461 0.452708 0.076016 0.511250 0.000000 0.000000 0.000000 0.000000 0.000000 0.000000 0.000000 0.000000 0.000000 0.000000 0.000000 0.000000 0.000000 0.000000 0.000000 0.723437 0.302778 2.000000 0.756250 0.294444 2.000000 0.715625 0.355556 1.000000 0.773438 0.358333 2.000000 0.000000 0.000000 0.000000 0.753125 0.383333 2.000000 0.726562 0.425000 2.000000 0.751563 0.425000 2.000000 0.726562 0.550000 2.000000 0.754687 0.547222 2.000000 0.721875 0.669444 1.000000 0.743750 0.666667 1.000000
0 0.698125 0.446306 0.044469 0.458444 0.000000 0.000000 0.000000 0.000000 0.000000 0.000000 0.712500 0.247222 2.000000 0.000000 0.000000 0.000000 0.693750 0.258333 2.000000 0.714063 0.316667 2.000000 0.681250 0.319444 1.000000 0.000000 0.000000 0.000000 0.000000 0.000000 0.000000 0.000000 0.000000 0.000000 0.000000 0.000000 0.000000 0.712500 0.433333 2.000000 0.682813 0.436111 1.000000 0.714063 0.547222 2.000000 0.679688 0.552778 1.000000 0.000000 0.000000 0.000000 0.681250 0.647222 1.000000
0 0.089945 0.578833 0.174828 0.813056 0.000000 0.000000 0.000000 0.000000 0.000000 0.000000 0.000000 0.000000 0.000000 0.000000 0.000000 0.000000 0.000000 0.000000 0.000000 0.009375 0.408333 2.000000 0.000000 0.000000 0.000000 0.007812 0.633333 2.000000 0.000000 0.000000 0.000000 0.000000 0.000000 0.000000 0.000000 0.000000 0.000000 0.020313 0.844444 2.000000 0.000000 0.000000 0.000000 0.000000 0.000000 0.000000 0.000000 0.000000 0.000000 0.000000 0.000000 0.000000 0.000000 0.000000 0.000000
0 0.455680 0.530528 0.147422 0.809667 0.420312 0.230556 2.000000 0.428125 0.208333 2.000000 0.410938 0.213889 2.000000 0.446875 0.191667 2.000000 0.000000 0.000000 0.000000 0.476562 0.263889 2.000000 0.414062 0.283333 2.000000 0.517188 0.383333 2.000000 0.403125 0.430556 2.000000 0.479687 0.394444 2.000000 0.404687 0.375000 2.000000 0.470313 0.513889 2.000000 0.431250 0.513889 2.000000 0.493750 0.680556 2.000000 0.435937 0.680556 2.000000 0.504687 0.866667 2.000000 0.448437 0.863889 2.000000
0 0.165594 0.582028 0.222469 0.813500 0.167187 0.263889 2.000000 0.176563 0.250000 2.000000 0.156250 0.250000 2.000000 0.000000 0.000000 0.000000 0.125000 0.272222 2.000000 0.195312 0.369444 2.000000 0.103125 0.369444 2.000000 0.229687 0.536111 2.000000 0.000000 0.000000 0.000000 0.259375 0.655556 2.000000 0.000000 0.000000 0.000000 0.193750 0.744444 2.000000 0.115625 0.744444 1.000000 0.176563 0.894444 2.000000 0.121875 0.925000 1.000000 0.000000 0.000000 0.000000 0.000000 0.000000 0.000000
0 0.217273 0.427931 0.062078 0.632861 0.245312 0.188889 2.000000 0.245312 0.177778 2.000000 0.237500 0.175000 2.000000 0.000000 0.000000 0.000000 0.207813 0.169444 2.000000 0.234375 0.272222 2.000000 0.178125 0.255556 1.000000 0.000000 0.000000 0.000000 0.000000 0.000000 0.000000 0.000000 0.000000 0.000000 0.000000 0.000000 0.000000 0.223438 0.572222 1.000000 0.185938 0.552778 1.000000 0.000000 0.000000 0.000000 0.000000 0.000000 0.000000 0.000000 0.000000 0.000000 0.000000 0.000000 0.000000
0 0.272891 0.451208 0.039750 0.206639 0.282813 0.363889 2.000000 0.285938 0.361111 2.000000 0.279687 0.358333 2.000000 0.000000 0.000000 0.000000 0.276562 0.361111 2.000000 0.289062 0.380556 2.000000 0.275000 0.377778 2.000000 0.000000 0.000000 0.000000 0.259375 0.402778 2.000000 0.000000 0.000000 0.000000 0.270313 0.416667 2.000000 0.285938 0.436111 2.000000 0.275000 0.433333 2.000000 0.281250 0.483333 2.000000 0.275000 0.483333 2.000000 0.273438 0.533333 2.000000 0.273438 0.541667 2.000000
0 0.668406 0.456028 0.053781 0.548000 0.000000 0.000000 0.000000 0.000000 0.000000 0.000000 0.000000 0.000000 0.000000 0.000000 0.000000 0.000000 0.654687 0.225000 1.000000 0.690625 0.280556 1.000000 0.637500 0.277778 1.000000 0.690625 0.377778 2.000000 0.000000 0.000000 0.000000 0.000000 0.000000 0.000000 0.000000 0.000000 0.000000 0.682813 0.413889 2.000000 0.657813 0.408333 2.000000 0.670312 0.575000 2.000000 0.650000 0.575000 2.000000 0.664062 0.680556 2.000000 0.650000 0.675000 2.000000
0 0.611445 0.500861 0.138797 0.831167 0.554688 0.177778 1.000000 0.554688 0.158333 2.000000 0.000000 0.000000 0.000000 0.573438 0.130556 2.000000 0.000000 0.000000 0.000000 0.621875 0.188889 2.000000 0.584375 0.230556 2.000000 0.653125 0.316667 2.000000 0.585938 0.355556 2.000000 0.640625 0.430556 2.000000 0.576562 0.455556 1.000000 0.618750 0.463889 2.000000 0.590625 0.469444 2.000000 0.606250 0.630556 2.000000 0.600000 0.636111 2.000000 0.646875 0.825000 2.000000 0.610938 0.838889 2.000000
