0 0.384414 0.530338 0.303234 0.907853 0.375000 0.255882 2.000000 0.371875 0.223529 2.000000 0.359375 0.235294 2.000000 0.000000 0.000000 0.000000 0.310937 0.241176 2.000000 0.392188 0.244118 2.000000 0.278125 0.420588 2.000000 0.451562 0.241176 2.000000 0.259375 0.670588 2.000000 0.510938 0.241176 2.000000 0.279687 0.855882 2.000000 0.442188 0.694118 2.000000 0.340625 0.747059 2.000000 0.000000 0.000000 0.000000 0.000000 0.000000 0.000000 0.000000 0.000000 0.000000 0.000000 0.000000 0.000000
0 0.157625 0.695603 0.086406 0.164853 0.146875 0.667647 2.000000 0.151562 0.655882 2.000000 0.140625 0.655882 2.000000 0.159375 0.658824 2.000000 0.134375 0.658824 1.000000 0.173437 0.726471 2.000000 0.121875 0.732353 2.000000 0.000000 0.000000 0.000000 0.000000 0.000000 0.000000 0.000000 0.000000 0.000000 0.000000 0.000000 0.000000 0.000000 0.000000 0.000000 0.000000 0.000000 0.000000 0.000000 0.000000 0.000000 0.000000 0.000000 0.000000 0.000000 0.000000 0.000000 0.000000 0.000000 0.000000
0 0.533039 0.809735 0.103859 0.334824 0.531250 0.694118 2.000000 0.535937 0.682353 2.000000 0.525000 0.679412 2.000000 0.542188 0.688235 2.000000 0.515625 0.682353 2.000000 0.542188 0.752941 2.000000 0.496875 0.752941 2.000000 0.571875 0.785294 2.000000 0.000000 0.000000 0.000000 0.556250 0.732353 2.000000 0.000000 0.000000 0.000000 0.539062 0.905882 2.000000 0.503125 0.905882 2.000000 0.000000 0.000000 0.000000 0.000000 0.000000 0.000000 0.000000 0.000000 0.000000 0.000000 0.000000 0.000000
0 0.630906 0.867868 0.053750 0.233853 0.625000 0.794118 2.000000 0.628125 0.788235 2.000000 0.617188 0.791176 2.000000 0.000000 0.000000 0.000000 0.000000 0.000000 0.000000 0.632812 0.832353 2.000000 0.610938 0.850000 1.000000 0.000000 0.000000 0.000000 0.000000 0.000000 0.000000 0.000000 0.000000 0.000000 0.000000 0.000000 0.000000 0.000000 0.000000 0.000000 0.000000 0.000000 0.000000 0.000000 0.000000 0.000000 0.000000 0.000000 0.000000 0.000000 0.000000 0.000000 0.000000 0.000000 0.000000
0 0.769602 0.836765 0.093828 0.276882 0.765625 0.744118 2.000000 0.770312 0.735294 2.000000 0.762500 0.735294 2.000000 0.779687 0.741176 2.000000 0.756250 0.741176 2.000000 0.795312 0.805882 2.000000 0.739062 0.800000 2.000000 0.798438 0.876471 2.000000 0.737500 0.861765 2.000000 0.762500 0.876471 2.000000 0.781250 0.876471 2.000000 0.790625 0.929412 2.000000 0.742188 0.926471 1.000000 0.000000 0.000000 0.000000 0.000000 0.000000 0.000000 0.000000 0.000000 0.000000 0.000000 0.000000 0.000000
0 0.860867 0.869632 0.080766 0.214735 0.860938 0.814706 2.000000 0.867188 0.805882 2.000000 0.857812 0.805882 2.000000 0.878125 0.808824 2.000000 0.851562 0.808824 1.000000 0.885938 0.870588 2.000000 0.848437 0.861765 2.000000 0.892188 0.926471 2.000000 0.834375 0.935294 2.000000 0.876563 0.982353 1.000000 0.846875 0.970588 2.000000 0.867188 0.982353 1.000000 0.840625 0.976471 1.000000 0.000000 0.000000 0.000000 0.000000 0.000000 0.000000 0.000000 0.000000 0.000000 0.000000 0.000000 0.000000
0 0.078977 0.745912 0.067547 0.238765 0.076563 0.676471 2.000000 0.081250 0.670588 2.000000 0.071875 0.667647 2.000000 0.095312 0.676471 2.000000 0.000000 0.000000 0.000000 0.107813 0.741176 2.000000 0.054688 0.723529 2.000000 0.101562 0.814706 2.000000 0.000000 0.000000 0.000000 0.062500 0.782353 2.000000 0.000000 0.000000 0.000000 0.085938 0.882353 1.000000 0.051562 0.876471 1.000000 0.000000 0.000000 0.000000 0.000000 0.000000 0.000000 0.000000 0.000000 0.000000 0.000000 0.000000 0.000000
0 0.824750 0.847824 0.041406 0.220353 0.826562 0.785294 2.000000 0.831250 0.773529 2.000000 0.820312 0.776471 2.000000 0.835938 0.779412 2.000000 0.812500 0.782353 2.000000 0.850000 0.841176 1.000000 0.803125 0.841176 1.000000 0.000000 0.000000 0.000000 0.000000 0.000000 0.000000 0.000000 0.000000 0.000000 0.000000 0.000000 0.000000 0.000000 0.000000 0.000000 0.000000 0.000000 0.000000 0.000000 0.000000 0.000000 0.000000 0.000000 0.000000 0.000000 0.000000 0.000000 0.000000 0.000000 0.000000
0 0.665094 0.827265 0.063469 0.251941 0.646875 0.741176 2.000000 0.650000 0.729412 2.000000 0.642188 0.729412 2.000000 0.662500 0.735294 2.000000 0.634375 0.738235 1.000000 0.678125 0.805882 2.000000 0.623437 0.802941 1.000000 0.000000 0.000000 0.000000 0.000000 0.000000 0.000000 0.000000 0.000000 0.000000 0.000000 0.000000 0.000000 0.000000 0.000000 0.000000 0.000000 0.000000 0.000000 0.000000 0.000000 0.000000 0.000000 0.000000 0.000000 0.000000 0.000000 0.000000 0.000000 0.000000 0.000000
0 0.938312 0.846750 0.091063 0.259735 0.942187 0.764706 2.000000 0.946875 0.755882 2.000000 0.935937 0.758824 2.000000 0.954688 0.764706 2.000000 0.929688 0.764706 2.000000 0.967187 0.835294 2.000000 0.920312 0.826471 2.000000 0.976562 0.897059 2.000000 0.914062 0.888235 2.000000 0.934375 0.926471 2.000000 0.957812 0.908824 2.000000 0.957812 0.958824 2.000000 0.920312 0.947059 2.000000 0.000000 0.000000 0.000000 0.000000 0.000000 0.000000 0.000000 0.000000 0.000000 0.000000 0.000000 0.000000
