0 0.459555 0.703907 0.162141 0.376469 0.442188 0.605923 2.000000 0.451562 0.592255 2.000000 0.000000 0.000000 0.000000 0.481250 0.594533 2.000000 0.000000 0.000000 0.000000 0.496875 0.665148 2.000000 0.496875 0.646925 2.000000 0.500000 0.797267 2.000000 0.445312 0.719818 2.000000 0.443750 0.742597 2.000000 0.392188 0.767654 2.000000 0.515625 0.856492 2.000000 0.520312 0.842825 2.000000 0.403125 0.776765 2.000000 0.423438 0.774487 2.000000 0.340625 0.874715 1.000000 0.348438 0.867882 1.000000
0 0.301242 0.702882 0.104203 0.237380 0.301563 0.649203 2.000000 0.306250 0.637813 2.000000 0.293750 0.640091 2.000000 0.318750 0.633257 2.000000 0.282813 0.637813 1.000000 0.335938 0.669704 2.000000 0.000000 0.000000 0.000000 0.345313 0.738041 2.000000 0.000000 0.000000 0.000000 0.318750 0.697039 2.000000 0.000000 0.000000 0.000000 0.000000 0.000000 0.000000 0.000000 0.000000 0.000000 0.000000 0.000000 0.000000 0.000000 0.000000 0.000000 0.000000 0.000000 0.000000 0.000000 0.000000 0.000000
0 0.279734 0.427665 0.092812 0.238155 0.293750 0.343964 2.000000 0.000000 0.000000 0.000000 0.290625 0.330296 1.000000 0.000000 0.000000 0.000000 0.270313 0.330296 1.000000 0.256250 0.369021 2.000000 0.254688 0.373576 2.000000 0.276562 0.428246 2.000000 0.270313 0.451025 2.000000 0.301563 0.407745 2.000000 0.303125 0.419134 2.000000 0.260937 0.492027 2.000000 0.257812 0.496583 2.000000 0.270313 0.583144 1.000000 0.267188 0.587699 1.000000 0.000000 0.000000 0.000000 0.000000 0.000000 0.000000
0 0.229422 0.760125 0.205469 0.466219 0.256250 0.610478 2.000000 0.000000 0.000000 0.000000 0.250000 0.589977 2.000000 0.000000 0.000000 0.000000 0.228125 0.583144 2.000000 0.150000 0.662870 2.000000 0.217188 0.669704 2.000000 0.000000 0.000000 0.000000 0.250000 0.820046 2.000000 0.000000 0.000000 0.000000 0.303125 0.783599 2.000000 0.168750 0.913440 2.000000 0.198437 0.917995 2.000000 0.000000 0.000000 0.000000 0.303125 0.881549 2.000000 0.000000 0.000000 0.000000 0.246875 0.952164 2.000000
0 0.613219 0.623531 0.125312 0.237859 0.000000 0.000000 0.000000 0.000000 0.000000 0.000000 0.000000 0.000000 0.000000 0.603125 0.560364 2.000000 0.634375 0.558087 2.000000 0.581250 0.585421 2.000000 0.645312 0.578588 2.000000 0.000000 0.000000 0.000000 0.659375 0.678815 2.000000 0.000000 0.000000 0.000000 0.000000 0.000000 0.000000 0.571875 0.706150 2.000000 0.617188 0.708428 2.000000 0.000000 0.000000 0.000000 0.000000 0.000000 0.000000 0.000000 0.000000 0.000000 0.000000 0.000000 0.000000
0 0.410258 0.646401 0.119109 0.207836 0.398438 0.603645 2.000000 0.400000 0.594533 2.000000 0.000000 0.000000 0.000000 0.415625 0.583144 2.000000 0.000000 0.000000 0.000000 0.435937 0.615034 2.000000 0.435937 0.610478 2.000000 0.437500 0.674260 2.000000 0.432812 0.660592 2.000000 0.398438 0.667426 2.000000 0.414062 0.642369 2.000000 0.420312 0.735763 2.000000 0.425000 0.722096 2.000000 0.371875 0.676538 2.000000 0.375000 0.671982 2.000000 0.000000 0.000000 0.000000 0.340625 0.735763 1.000000
0 0.862656 0.600888 0.202969 0.199590 0.893750 0.544419 2.000000 0.898438 0.535308 2.000000 0.000000 0.000000 0.000000 0.915625 0.539863 2.000000 0.000000 0.000000 0.000000 0.921875 0.576310 2.000000 0.921875 0.567198 2.000000 0.925000 0.653759 2.000000 0.000000 0.000000 0.000000 0.889062 0.644647 2.000000 0.000000 0.000000 0.000000 0.932813 0.674260 2.000000 0.931250 0.665148 2.000000 0.873437 0.669704 2.000000 0.879687 0.658314 2.000000 0.810937 0.694761 2.000000 0.792188 0.676538 2.000000
0 0.576625 0.580456 0.073219 0.183508 0.000000 0.000000 0.000000 0.000000 0.000000 0.000000 0.000000 0.000000 0.000000 0.000000 0.000000 0.000000 0.601562 0.526196 1.000000 0.570312 0.546697 2.000000 0.581250 0.574032 2.000000 0.000000 0.000000 0.000000 0.000000 0.000000 0.000000 0.000000 0.000000 0.000000 0.000000 0.000000 0.000000 0.559375 0.656036 1.000000 0.562500 0.669704 1.000000 0.000000 0.000000 0.000000 0.000000 0.000000 0.000000 0.000000 0.000000 0.000000 0.000000 0.000000 0.000000
0 0.270023 0.623371 0.053672 0.180957 0.281250 0.576310 2.000000 0.287500 0.569476 2.000000 0.275000 0.567198 2.000000 0.000000 0.000000 0.000000 0.259375 0.567198 1.000000 0.290625 0.624146 1.000000 0.250000 0.624146 1.000000 0.000000 0.000000 0.000000 0.000000 0.000000 0.000000 0.000000 0.000000 0.000000 0.000000 0.000000 0.000000 0.000000 0.000000 0.000000 0.000000 0.000000 0.000000 0.000000 0.000000 0.000000 0.000000 0.000000 0.000000 0.000000 0.000000 0.000000 0.000000 0.000000 0.000000
0 0.869570 0.559989 0.081016 0.147631 0.857812 0.535308 2.000000 0.860938 0.526196 2.000000 0.000000 0.000000 0.000000 0.875000 0.521640 2.000000 0.000000 0.000000 0.000000 0.892188 0.553531 2.000000 0.881250 0.551253 2.000000 0.896875 0.621868 2.000000 0.868750 0.610478 2.000000 0.868750 0.583144 2.000000 0.846875 0.592255 2.000000 0.889062 0.640091 1.000000 0.000000 0.000000 0.000000 0.837500 0.605923 1.000000 0.000000 0.000000 0.000000 0.801562 0.660592 1.000000 0.000000 0.000000 0.000000
