0 0.625148 0.558188 0.145203 0.384750 0.648438 0.431250 2.000000 0.000000 0.000000 0.000000 0.645312 0.418750 2.000000 0.000000 0.000000 0.000000 0.625000 0.414583 2.000000 0.609375 0.462500 2.000000 0.596875 0.472917 2.000000 0.000000 0.000000 0.000000 0.617188 0.545833 2.000000 0.000000 0.000000 0.000000 0.667188 0.541667 2.000000 0.606250 0.568750 2.000000 0.587500 0.589583 2.000000 0.690625 0.585417 1.000000 0.673438 0.606250 2.000000 0.682813 0.708333 1.000000 0.642188 0.716667 2.000000
0 0.672867 0.449167 0.092078 0.170375 0.684375 0.420833 2.000000 0.687500 0.410417 2.000000 0.681250 0.410417 2.000000 0.000000 0.000000 0.000000 0.665625 0.400000 2.000000 0.676562 0.439583 2.000000 0.637500 0.450000 2.000000 0.692187 0.456250 2.000000 0.635938 0.489583 2.000000 0.704688 0.481250 2.000000 0.681250 0.497917 2.000000 0.000000 0.000000 0.000000 0.653125 0.581250 1.000000 0.000000 0.000000 0.000000 0.704688 0.593750 1.000000 0.000000 0.000000 0.000000 0.000000 0.000000 0.000000
0 0.836797 0.606750 0.217406 0.269667 0.856250 0.575000 2.000000 0.868750 0.558333 2.000000 0.845313 0.558333 2.000000 0.000000 0.000000 0.000000 0.820312 0.541667 2.000000 0.895312 0.612500 2.000000 0.776563 0.610417 2.000000 0.917188 0.702083 1.000000 0.742188 0.710417 2.000000 0.000000 0.000000 0.000000 0.800000 0.716667 2.000000 0.000000 0.000000 0.000000 0.000000 0.000000 0.000000 0.000000 0.000000 0.000000 0.000000 0.000000 0.000000 0.000000 0.000000 0.000000 0.000000 0.000000 0.000000
0 0.893609 0.452604 0.051906 0.145542 0.000000 0.000000 0.000000 0.870313 0.414583 2.000000 0.000000 0.000000 0.000000 0.884375 0.418750 2.000000 0.000000 0.000000 0.000000 0.904687 0.470833 2.000000 0.895312 0.458333 2.000000 0.881250 0.516667 1.000000 0.000000 0.000000 0.000000 0.853125 0.483333 1.000000 0.000000 0.000000 0.000000 0.882812 0.558333 1.000000 0.876563 0.550000 1.000000 0.000000 0.000000 0.000000 0.000000 0.000000 0.000000 0.000000 0.000000 0.000000 0.000000 0.000000 0.000000
0 0.228047 0.538281 0.125000 0.317563 0.192188 0.420833 2.000000 0.200000 0.412500 2.000000 0.187500 0.412500 1.000000 0.214062 0.412500 2.000000 0.182812 0.414583 1.000000 0.243750 0.452083 1.000000 0.175000 0.454167 2.000000 0.251563 0.508333 1.000000 0.000000 0.000000 0.000000 0.225000 0.539583 1.000000 0.000000 0.000000 0.000000 0.237500 0.545833 1.000000 0.200000 0.547917 1.000000 0.231250 0.593750 1.000000 0.000000 0.000000 0.000000 0.270313 0.654167 2.000000 0.000000 0.000000 0.000000
0 0.097977 0.681302 0.195953 0.518021 0.000000 0.000000 0.000000 0.000000 0.000000 0.000000 0.000000 0.000000 0.000000 0.084375 0.489583 2.000000 0.000000 0.000000 0.000000 0.101562 0.564583 2.000000 0.143750 0.527083 2.000000 0.096875 0.681250 2.000000 0.000000 0.000000 0.000000 0.039062 0.639583 2.000000 0.000000 0.000000 0.000000 0.142187 0.741667 1.000000 0.184375 0.716667 1.000000 0.006250 0.750000 2.000000 0.053125 0.729167 2.000000 0.098437 0.883333 2.000000 0.117188 0.852083 2.000000
0 0.158789 0.399625 0.070672 0.120458 0.000000 0.000000 0.000000 0.000000 0.000000 0.000000 0.187500 0.375000 2.000000 0.000000 0.000000 0.000000 0.179688 0.368750 2.000000 0.142187 0.395833 2.000000 0.165625 0.410417 2.000000 0.000000 0.000000 0.000000 0.000000 0.000000 0.000000 0.000000 0.000000 0.000000 0.000000 0.000000 0.000000 0.000000 0.000000 0.000000 0.000000 0.000000 0.000000 0.000000 0.000000 0.000000 0.000000 0.000000 0.000000 0.000000 0.000000 0.000000 0.000000 0.000000 0.000000
0 0.315242 0.433594 0.122547 0.169396 0.000000 0.000000 0.000000 0.000000 0.000000 0.000000 0.000000 0.000000 0.000000 0.307812 0.372917 2.000000 0.339062 0.377083 2.000000 0.292187 0.412500 2.000000 0.346875 0.414583 2.000000 0.267188 0.462500 2.000000 0.362500 0.464583 2.000000 0.275000 0.422917 2.000000 0.350000 0.450000 2.000000 0.295312 0.512500 1.000000 0.335938 0.512500 1.000000 0.000000 0.000000 0.000000 0.000000 0.000000 0.000000 0.000000 0.000000 0.000000 0.000000 0.000000 0.000000
0 0.030219 0.472260 0.060437 0.145104 0.000000 0.000000 0.000000 0.000000 0.000000 0.000000 0.056250 0.439583 2.000000 0.000000 0.000000 0.000000 0.040625 0.450000 2.000000 0.048438 0.468750 2.000000 0.014063 0.479167 2.000000 0.000000 0.000000 0.000000 0.000000 0.000000 0.000000 0.000000 0.000000 0.000000 0.000000 0.000000 0.000000 0.000000 0.000000 0.000000 0.000000 0.000000 0.000000 0.000000 0.000000 0.000000 0.000000 0.000000 0.000000 0.000000 0.000000 0.000000 0.000000 0.000000 0.000000
0 0.935563 0.528937 0.102563 0.263750 0.915625 0.447917 1.000000 0.915625 0.441667 2.000000 0.000000 0.000000 0.000000 0.923438 0.445833 2.000000 0.000000 0.000000 0.000000 0.964063 0.514583 2.000000 0.935937 0.495833 2.000000 0.951562 0.587500 2.000000 0.000000 0.000000 0.000000 0.909375 0.547917 2.000000 0.000000 0.000000 0.000000 0.943750 0.643750 2.000000 0.921875 0.627083 2.000000 0.000000 0.000000 0.000000 0.000000 0.000000 0.000000 0.000000 0.000000 0.000000 0.000000 0.000000 0.000000
