0 0.132305 0.686510 0.136516 0.244937 0.104688 0.610417 2.000000 0.107813 0.602083 2.000000 0.098437 0.606250 2.000000 0.126562 0.600000 2.000000 0.000000 0.000000 0.000000 0.151562 0.643750 2.000000 0.092188 0.652083 2.000000 0.176563 0.695833 2.000000 0.079687 0.725000 2.000000 0.178125 0.754167 2.000000 0.075000 0.791667 2.000000 0.145313 0.785417 1.000000 0.112500 0.791667 1.000000 0.000000 0.000000 0.000000 0.000000 0.000000 0.000000 0.000000 0.000000 0.000000 0.000000 0.000000 0.000000
0 0.044656 0.722469 0.075844 0.406729 0.000000 0.000000 0.000000 0.000000 0.000000 0.000000 0.000000 0.000000 0.000000 0.000000 0.000000 0.000000 0.073438 0.556250 2.000000 0.021875 0.614583 2.000000 0.082812 0.602083 1.000000 0.000000 0.000000 0.000000 0.000000 0.000000 0.000000 0.000000 0.000000 0.000000 0.000000 0.000000 0.000000 0.040625 0.722917 2.000000 0.078125 0.718750 1.000000 0.050000 0.808333 2.000000 0.000000 0.000000 0.000000 0.053125 0.900000 2.000000 0.000000 0.000000 0.000000
0 0.818258 0.879781 0.214047 0.217979 0.000000 0.000000 0.000000 0.000000 0.000000 0.000000 0.000000 0.000000 0.000000 0.000000 0.000000 0.000000 0.890625 0.918750 2.000000 0.748437 0.933333 2.000000 0.000000 0.000000 0.000000 0.000000 0.000000 0.000000 0.000000 0.000000 0.000000 0.000000 0.000000 0.000000 0.000000 0.000000 0.000000 0.000000 0.000000 0.000000 0.000000 0.000000 0.000000 0.000000 0.000000 0.000000 0.000000 0.000000 0.000000 0.000000 0.000000 0.000000 0.000000 0.000000 0.000000
0 0.594727 0.836740 0.190734 0.326521 0.000000 0.000000 0.000000 0.000000 0.000000 0.000000 0.000000 0.000000 0.000000 0.585938 0.764583 1.000000 0.667188 0.789583 2.000000 0.531250 0.862500 2.000000 0.660937 0.975000 2.000000 0.000000 0.000000 0.000000 0.000000 0.000000 0.000000 0.000000 0.000000 0.000000 0.000000 0.000000 0.000000 0.000000 0.000000 0.000000 0.000000 0.000000 0.000000 0.000000 0.000000 0.000000 0.000000 0.000000 0.000000 0.000000 0.000000 0.000000 0.000000 0.000000 0.000000
0 0.768578 0.811938 0.226344 0.346833 0.862500 0.745833 2.000000 0.000000 0.000000 0.000000 0.856250 0.731250 2.000000 0.000000 0.000000 0.000000 0.821875 0.731250 2.000000 0.723437 0.777083 2.000000 0.810937 0.839583 1.000000 0.670312 0.822917 2.000000 0.000000 0.000000 0.000000 0.706250 0.933333 2.000000 0.000000 0.000000 0.000000 0.000000 0.000000 0.000000 0.000000 0.000000 0.000000 0.000000 0.000000 0.000000 0.000000 0.000000 0.000000 0.000000 0.000000 0.000000 0.000000 0.000000 0.000000
0 0.483219 0.816333 0.096469 0.367333 0.506250 0.685417 2.000000 0.510938 0.670833 2.000000 0.496875 0.677083 2.000000 0.000000 0.000000 0.000000 0.471875 0.691667 2.000000 0.501563 0.720833 2.000000 0.453125 0.764583 2.000000 0.517188 0.808333 2.000000 0.459375 0.852083 2.000000 0.000000 0.000000 0.000000 0.493750 0.914583 2.000000 0.500000 0.887500 2.000000 0.465625 0.900000 2.000000 0.000000 0.000000 0.000000 0.000000 0.000000 0.000000 0.000000 0.000000 0.000000 0.000000 0.000000 0.000000
0 0.329734 0.582021 0.074375 0.184083 0.000000 0.000000 0.000000 0.000000 0.000000 0.000000 0.000000 0.000000 0.000000 0.317188 0.518750 2.000000 0.339062 0.516667 2.000000 0.301563 0.550000 2.000000 0.356250 0.550000 2.000000 0.298438 0.600000 1.000000 0.365625 0.597917 1.000000 0.000000 0.000000 0.000000 0.000000 0.000000 0.000000 0.310937 0.627083 1.000000 0.351562 0.627083 1.000000 0.310937 0.689583 1.000000 0.350000 0.687500 1.000000 0.310937 0.747917 1.000000 0.348438 0.745833 1.000000
0 0.508398 0.628156 0.078797 0.297396 0.000000 0.000000 0.000000 0.000000 0.000000 0.000000 0.000000 0.000000 0.000000 0.487500 0.516667 2.000000 0.000000 0.000000 0.000000 0.503125 0.545833 2.000000 0.515625 0.527083 2.000000 0.537500 0.585417 2.000000 0.000000 0.000000 0.000000 0.531250 0.631250 2.000000 0.000000 0.000000 0.000000 0.517188 0.639583 2.000000 0.518750 0.631250 2.000000 0.537500 0.710417 1.000000 0.512500 0.712500 1.000000 0.556250 0.766667 1.000000 0.514062 0.766667 1.000000
0 0.603328 0.601010 0.125156 0.180563 0.000000 0.000000 0.000000 0.000000 0.000000 0.000000 0.000000 0.000000 0.000000 0.000000 0.000000 0.000000 0.000000 0.000000 0.000000 0.568750 0.604167 2.000000 0.635938 0.604167 2.000000 0.546875 0.675000 2.000000 0.651563 0.687500 1.000000 0.000000 0.000000 0.000000 0.000000 0.000000 0.000000 0.579688 0.714583 1.000000 0.626563 0.716667 1.000000 0.000000 0.000000 0.000000 0.000000 0.000000 0.000000 0.000000 0.000000 0.000000 0.000000 0.000000 0.000000
0 0.329500 0.788771 0.146625 0.400000 0.368750 0.627083 1.000000 0.000000 0.000000 0.000000 0.357812 0.625000 2.000000 0.000000 0.000000 0.000000 0.339062 0.643750 2.000000 0.351562 0.679167 2.000000 0.296875 0.704167 2.000000 0.000000 0.000000 0.000000 0.268750 0.808333 2.000000 0.000000 0.000000 0.000000 0.317188 0.858333 2.000000 0.368750 0.856250 2.000000 0.342187 0.866667 2.000000 0.000000 0.000000 0.000000 0.000000 0.000000 0.000000 0.000000 0.000000 0.000000 0.000000 0.000000 0.000000
0 0.274359 0.631125 0.072531 0.254000 0.000000 0.000000 0.000000 0.000000 0.000000 0.000000 0.000000 0.000000 0.000000 0.264062 0.527083 1.000000 0.290625 0.535417 2.000000 0.251563 0.570833 2.000000 0.292187 0.572917 2.000000 0.000000 0.000000 0.000000 0.279687 0.620833 2.000000 0.000000 0.000000 0.000000 0.301563 0.672917 2.000000 0.250000 0.652083 2.000000 0.275000 0.652083 2.000000 0.262500 0.722917 2.000000 0.289062 0.722917 1.000000 0.000000 0.000000 0.000000 0.000000 0.000000 0.000000
0 0.175086 0.646167 0.068641 0.258083 0.000000 0.000000 0.000000 0.000000 0.000000 0.000000 0.000000 0.000000 0.000000 0.000000 0.000000 0.000000 0.000000 0.000000 0.000000 0.167187 0.575000 2.000000 0.153125 0.581250 2.000000 0.000000 0.000000 0.000000 0.184375 0.625000 2.000000 0.000000 0.000000 0.000000 0.192188 0.610417 2.000000 0.190625 0.670833 2.000000 0.178125 0.677083 1.000000 0.198437 0.737500 2.000000 0.187500 0.737500 1.000000 0.000000 0.000000 0.000000 0.000000 0.000000 0.000000
