0 0.536109 0.541448 0.269281 0.454937 0.000000 0.000000 0.000000 0.000000 0.000000 0.000000 0.000000 0.000000 0.000000 0.000000 0.000000 0.000000 0.526563 0.358333 2.000000 0.473438 0.383333 2.000000 0.535937 0.400000 2.000000 0.432812 0.368750 2.000000 0.473438 0.439583 2.000000 0.000000 0.000000 0.000000 0.418750 0.400000 2.000000 0.487500 0.552083 2.000000 0.543750 0.547917 2.000000 0.451562 0.631250 2.000000 0.582812 0.641667 2.000000 0.423438 0.743750 2.000000 0.634375 0.727083 2.000000
0 0.294758 0.594594 0.234797 0.304062 0.307812 0.500000 2.000000 0.307812 0.491667 2.000000 0.300000 0.491667 2.000000 0.000000 0.000000 0.000000 0.276562 0.491667 2.000000 0.304688 0.533333 2.000000 0.237500 0.531250 2.000000 0.342187 0.577083 2.000000 0.192188 0.568750 2.000000 0.370312 0.581250 2.000000 0.217188 0.618750 2.000000 0.264062 0.618750 2.000000 0.207813 0.622917 2.000000 0.320312 0.618750 2.000000 0.264062 0.631250 2.000000 0.268750 0.708333 2.000000 0.201563 0.718750 2.000000
0 0.079391 0.581073 0.158781 0.398646 0.131250 0.431250 2.000000 0.000000 0.000000 0.000000 0.126562 0.422917 2.000000 0.000000 0.000000 0.000000 0.104688 0.427083 2.000000 0.095312 0.456250 2.000000 0.065625 0.460417 2.000000 0.023438 0.535417 2.000000 0.056250 0.562500 2.000000 0.081250 0.558333 2.000000 0.000000 0.000000 0.000000 0.018750 0.560417 2.000000 0.000000 0.000000 0.000000 0.089063 0.591667 2.000000 0.068750 0.597917 2.000000 0.056250 0.708333 2.000000 0.031250 0.722917 2.000000
0 0.220680 0.070688 0.089266 0.141375 0.215625 0.031250 2.000000 0.218750 0.027083 2.000000 0.210938 0.027083 2.000000 0.000000 0.000000 0.000000 0.195312 0.031250 2.000000 0.231250 0.062500 2.000000 0.190625 0.070833 2.000000 0.253125 0.083333 2.000000 0.185938 0.118750 1.000000 0.257812 0.110417 2.000000 0.000000 0.000000 0.000000 0.000000 0.000000 0.000000 0.000000 0.000000 0.000000 0.000000 0.000000 0.000000 0.000000 0.000000 0.000000 0.000000 0.000000 0.000000 0.000000 0.000000 0.000000
0 0.432867 0.064750 0.067484 0.125208 0.448437 0.031250 2.000000 0.450000 0.022917 2.000000 0.443750 0.022917 2.000000 0.000000 0.000000 0.000000 0.431250 0.029167 2.000000 0.454688 0.066667 2.000000 0.418750 0.064583 2.000000 0.459375 0.120833 2.000000 0.406250 0.120833 2.000000 0.000000 0.000000 0.000000 0.000000 0.000000 0.000000 0.445312 0.137500 1.000000 0.423438 0.137500 1.000000 0.000000 0.000000 0.000000 0.000000 0.000000 0.000000 0.000000 0.000000 0.000000 0.000000 0.000000 0.000000
0 0.739148 0.056625 0.094109 0.111542 0.753125 0.020833 2.000000 0.754687 0.016667 2.000000 0.750000 0.016667 2.000000 0.000000 0.000000 0.000000 0.732812 0.014583 2.000000 0.756250 0.050000 2.000000 0.701562 0.045833 2.000000 0.768750 0.100000 2.000000 0.709375 0.083333 2.000000 0.748437 0.045833 2.000000 0.740625 0.102083 2.000000 0.764062 0.125000 1.000000 0.725000 0.127083 1.000000 0.776563 0.081250 2.000000 0.000000 0.000000 0.000000 0.745313 0.139583 1.000000 0.000000 0.000000 0.000000
0 0.806766 0.053031 0.089031 0.104229 0.782813 0.018750 2.000000 0.785937 0.012500 2.000000 0.778125 0.014583 2.000000 0.793750 0.012500 2.000000 0.773438 0.018750 2.000000 0.804688 0.037500 2.000000 0.771875 0.052083 2.000000 0.840625 0.041667 2.000000 0.796875 0.079167 2.000000 0.829688 0.029167 2.000000 0.820312 0.054167 2.000000 0.821875 0.110417 1.000000 0.793750 0.120833 1.000000 0.835938 0.062500 2.000000 0.000000 0.000000 0.000000 0.867188 0.127083 1.000000 0.000000 0.000000 0.000000
0 0.913344 0.050135 0.067719 0.100229 0.903125 0.010417 2.000000 0.906250 0.004167 2.000000 0.898438 0.004167 2.000000 0.912500 0.008333 1.000000 0.890625 0.008333 1.000000 0.932813 0.037500 2.000000 0.887500 0.047917 2.000000 0.939063 0.085417 2.000000 0.892188 0.079167 2.000000 0.000000 0.000000 0.000000 0.000000 0.000000 0.000000 0.931250 0.091667 2.000000 0.909375 0.095833 2.000000 0.000000 0.000000 0.000000 0.000000 0.000000 0.000000 0.000000 0.000000 0.000000 0.000000 0.000000 0.000000
0 0.743500 0.367531 0.069219 0.086479 0.743750 0.358333 2.000000 0.746875 0.350000 2.000000 0.735938 0.352083 2.000000 0.000000 0.000000 0.000000 0.725000 0.358333 2.000000 0.759375 0.383333 2.000000 0.718750 0.385417 2.000000 0.000000 0.000000 0.000000 0.000000 0.000000 0.000000 0.000000 0.000000 0.000000 0.000000 0.000000 0.000000 0.000000 0.000000 0.000000 0.000000 0.000000 0.000000 0.000000 0.000000 0.000000 0.000000 0.000000 0.000000 0.000000 0.000000 0.000000 0.000000 0.000000 0.000000
0 0.976172 0.046437 0.047656 0.092875 0.000000 0.000000 0.000000 0.000000 0.000000 0.000000 0.000000 0.000000 0.000000 0.000000 0.000000 0.000000 0.000000 0.000000 0.000000 0.000000 0.000000 0.000000 0.979688 0.033333 2.000000 0.000000 0.000000 0.000000 0.981250 0.089583 2.000000 0.000000 0.000000 0.000000 0.000000 0.000000 0.000000 0.000000 0.000000 0.000000 0.000000 0.000000 0.000000 0.000000 0.000000 0.000000 0.000000 0.000000 0.000000 0.000000 0.000000 0.000000 0.000000 0.000000 0.000000
0 0.503047 0.061469 0.078156 0.122937 0.503125 0.018750 2.000000 0.507812 0.014583 2.000000 0.496875 0.014583 2.000000 0.000000 0.000000 0.000000 0.487500 0.020833 2.000000 0.521875 0.058333 2.000000 0.478125 0.060417 2.000000 0.532813 0.114583 1.000000 0.479687 0.118750 2.000000 0.000000 0.000000 0.000000 0.504687 0.135417 1.000000 0.525000 0.160417 1.000000 0.492188 0.162500 1.000000 0.000000 0.000000 0.000000 0.000000 0.000000 0.000000 0.000000 0.000000 0.000000 0.000000 0.000000 0.000000
0 0.158086 0.074677 0.090203 0.130562 0.145313 0.045833 2.000000 0.148438 0.041667 2.000000 0.139063 0.041667 2.000000 0.000000 0.000000 0.000000 0.126562 0.047917 2.000000 0.167187 0.079167 2.000000 0.120313 0.083333 2.000000 0.000000 0.000000 0.000000 0.126562 0.127083 2.000000 0.000000 0.000000 0.000000 0.153125 0.106250 2.000000 0.000000 0.000000 0.000000 0.000000 0.000000 0.000000 0.000000 0.000000 0.000000 0.000000 0.000000 0.000000 0.000000 0.000000 0.000000 0.000000 0.000000 0.000000
