0 0.538266 0.408385 0.309969 0.593854 0.612500 0.204167 2.000000 0.000000 0.000000 0.000000 0.606250 0.185417 2.000000 0.000000 0.000000 0.000000 0.570312 0.177083 2.000000 0.556250 0.233333 2.000000 0.529687 0.208333 2.000000 0.000000 0.000000 0.000000 0.487500 0.212500 2.000000 0.000000 0.000000 0.000000 0.456250 0.247917 2.000000 0.451562 0.435417 2.000000 0.506250 0.427083 2.000000 0.526563 0.427083 2.000000 0.601562 0.464583 2.000000 0.467187 0.647917 2.000000 0.626563 0.654167 2.000000
0 0.111937 0.595510 0.220500 0.808979 0.153125 0.322917 2.000000 0.159375 0.304167 2.000000 0.140625 0.304167 2.000000 0.000000 0.000000 0.000000 0.000000 0.000000 0.000000 0.114062 0.377083 2.000000 0.032813 0.379167 2.000000 0.000000 0.000000 0.000000 0.000000 0.000000 0.000000 0.000000 0.000000 0.000000 0.000000 0.668750 1.000000 0.000000 0.000000 0.000000 0.040625 0.716667 2.000000 0.000000 0.000000 0.000000 0.000000 0.000000 0.000000 0.000000 0.000000 0.000000 0.000000 0.000000 0.000000
0 0.740695 0.367979 0.066828 0.213333 0.723437 0.306250 2.000000 0.728125 0.300000 2.000000 0.718750 0.302083 2.000000 0.737500 0.295833 2.000000 0.000000 0.000000 0.000000 0.756250 0.325000 2.000000 0.715625 0.335417 2.000000 0.751563 0.368750 2.000000 0.000000 0.000000 0.000000 0.721875 0.375000 1.000000 0.000000 0.000000 0.000000 0.756250 0.410417 2.000000 0.731250 0.412500 2.000000 0.756250 0.464583 2.000000 0.735938 0.464583 2.000000 0.762500 0.535417 1.000000 0.742188 0.531250 1.000000
0 0.948133 0.404010 0.093109 0.342438 0.939063 0.281250 2.000000 0.943750 0.272917 2.000000 0.931250 0.275000 2.000000 0.950000 0.270833 2.000000 0.923438 0.275000 1.000000 0.964063 0.310417 2.000000 0.912500 0.320833 2.000000 0.975000 0.362500 2.000000 0.906250 0.366667 2.000000 0.982812 0.427083 2.000000 0.912500 0.412500 2.000000 0.968750 0.404167 2.000000 0.923438 0.402083 2.000000 0.970313 0.506250 2.000000 0.926562 0.458333 2.000000 0.982812 0.583333 1.000000 0.937500 0.562500 2.000000
0 0.236570 0.424677 0.081422 0.115562 0.220312 0.408333 2.000000 0.225000 0.402083 2.000000 0.212500 0.406250 2.000000 0.231250 0.400000 1.000000 0.204687 0.410417 2.000000 0.243750 0.433333 2.000000 0.206250 0.435417 2.000000 0.270313 0.477083 2.000000 0.000000 0.000000 0.000000 0.000000 0.000000 0.000000 0.000000 0.000000 0.000000 0.239063 0.510417 1.000000 0.214062 0.510417 1.000000 0.000000 0.000000 0.000000 0.000000 0.000000 0.000000 0.000000 0.000000 0.000000 0.000000 0.000000 0.000000
0 0.312328 0.430115 0.064750 0.101729 0.285938 0.408333 1.000000 0.289062 0.404167 2.000000 0.000000 0.000000 0.000000 0.307812 0.406250 2.000000 0.000000 0.000000 0.000000 0.321875 0.429167 2.000000 0.307812 0.431250 2.000000 0.304688 0.481250 1.000000 0.296875 0.479167 2.000000 0.279687 0.472917 1.000000 0.275000 0.483333 1.000000 0.000000 0.000000 0.000000 0.000000 0.000000 0.000000 0.000000 0.000000 0.000000 0.000000 0.000000 0.000000 0.000000 0.000000 0.000000 0.000000 0.000000 0.000000
0 0.370602 0.415490 0.055453 0.135146 0.356250 0.391667 2.000000 0.360938 0.387500 2.000000 0.351562 0.387500 2.000000 0.368750 0.383333 2.000000 0.000000 0.000000 0.000000 0.384375 0.410417 2.000000 0.356250 0.414583 2.000000 0.385937 0.462500 2.000000 0.000000 0.000000 0.000000 0.000000 0.000000 0.000000 0.000000 0.000000 0.000000 0.000000 0.000000 0.000000 0.000000 0.000000 0.000000 0.000000 0.000000 0.000000 0.000000 0.000000 0.000000 0.000000 0.000000 0.000000 0.000000 0.000000 0.000000
0 0.805516 0.408698 0.095188 0.321271 0.789062 0.291667 2.000000 0.792188 0.285417 2.000000 0.784375 0.289583 2.000000 0.801562 0.281250 2.000000 0.778125 0.291667 2.000000 0.821875 0.314583 1.000000 0.771875 0.327083 2.000000 0.000000 0.000000 0.000000 0.771875 0.387500 2.000000 0.000000 0.000000 0.000000 0.776563 0.435417 2.000000 0.826562 0.416667 2.000000 0.789062 0.422917 2.000000 0.828125 0.475000 1.000000 0.798438 0.497917 1.000000 0.832812 0.535417 2.000000 0.801562 0.554167 1.000000
0 0.865828 0.400573 0.085344 0.345146 0.853125 0.268750 2.000000 0.856250 0.258333 2.000000 0.846875 0.260417 2.000000 0.867188 0.258333 2.000000 0.000000 0.000000 0.000000 0.884375 0.295833 2.000000 0.832812 0.314583 2.000000 0.896875 0.347917 2.000000 0.837500 0.375000 2.000000 0.000000 0.000000 0.000000 0.876563 0.422917 2.000000 0.890625 0.402083 2.000000 0.865625 0.410417 2.000000 0.000000 0.000000 0.000000 0.859375 0.456250 2.000000 0.000000 0.000000 0.000000 0.887500 0.543750 2.000000
0 0.601961 0.387677 0.076234 0.179063 0.590625 0.356250 2.000000 0.592187 0.347917 2.000000 0.582812 0.350000 2.000000 0.000000 0.000000 0.000000 0.000000 0.000000 0.000000 0.604688 0.375000 2.000000 0.581250 0.387500 2.000000 0.643750 0.416667 1.000000 0.571875 0.439583 1.000000 0.623437 0.454167 2.000000 0.575000 0.391667 2.000000 0.606250 0.477083 1.000000 0.587500 0.483333 1.000000 0.000000 0.000000 0.000000 0.000000 0.000000 0.000000 0.000000 0.000000 0.000000 0.000000 0.000000 0.000000
0 0.681320 0.424771 0.064859 0.098542 0.675000 0.406250 2.000000 0.679688 0.400000 2.000000 0.670312 0.400000 2.000000 0.687500 0.402083 2.000000 0.662500 0.402083 2.000000 0.696875 0.427083 2.000000 0.657813 0.433333 2.000000 0.709375 0.462500 2.000000 0.664062 0.472917 2.000000 0.676562 0.456250 2.000000 0.690625 0.452083 2.000000 0.709375 0.510417 1.000000 0.678125 0.510417 1.000000 0.000000 0.000000 0.000000 0.000000 0.000000 0.000000 0.000000 0.000000 0.000000 0.000000 0.000000 0.000000
