0 0.493320 0.566737 0.122016 0.600000 0.498437 0.328671 2.000000 0.504687 0.321678 2.000000 0.493750 0.314685 2.000000 0.000000 0.000000 0.000000 0.471875 0.307692 2.000000 0.467187 0.361305 2.000000 0.456250 0.349650 2.000000 0.000000 0.000000 0.000000 0.471875 0.433566 1.000000 0.000000 0.000000 0.000000 0.514062 0.421911 2.000000 0.475000 0.550117 2.000000 0.462500 0.552448 2.000000 0.460938 0.675991 2.000000 0.468750 0.682984 2.000000 0.453125 0.790210 2.000000 0.454688 0.804196 2.000000
0 0.217398 0.525909 0.105672 0.691445 0.254688 0.251748 2.000000 0.000000 0.000000 0.000000 0.251563 0.235431 2.000000 0.000000 0.000000 0.000000 0.235937 0.235431 2.000000 0.198437 0.277389 2.000000 0.181250 0.279720 2.000000 0.000000 0.000000 0.000000 0.201563 0.398601 1.000000 0.000000 0.000000 0.000000 0.242188 0.487179 2.000000 0.209375 0.517483 2.000000 0.185938 0.519814 2.000000 0.206250 0.675991 2.000000 0.171875 0.682984 1.000000 0.185938 0.827506 2.000000 0.153125 0.836830 1.000000
0 0.653937 0.601958 0.066781 0.442564 0.671875 0.433566 2.000000 0.000000 0.000000 0.000000 0.667188 0.424242 2.000000 0.000000 0.000000 0.000000 0.650000 0.421911 2.000000 0.667188 0.475524 2.000000 0.620313 0.470862 1.000000 0.679688 0.540793 2.000000 0.615625 0.538462 1.000000 0.679688 0.592075 2.000000 0.000000 0.000000 0.000000 0.653125 0.585082 1.000000 0.626563 0.580420 2.000000 0.642188 0.692308 2.000000 0.620313 0.689977 1.000000 0.637500 0.785548 2.000000 0.609375 0.780886 1.000000
0 0.049445 0.370245 0.095766 0.496480 0.082812 0.202797 2.000000 0.000000 0.000000 0.000000 0.078125 0.191142 2.000000 0.000000 0.000000 0.000000 0.051562 0.181818 2.000000 0.076563 0.277389 2.000000 0.006250 0.256410 2.000000 0.089063 0.372960 2.000000 0.006250 0.349650 2.000000 0.090625 0.433566 1.000000 0.006250 0.449883 2.000000 0.060937 0.454545 2.000000 0.026562 0.449883 2.000000 0.057813 0.596737 1.000000 0.037500 0.599068 1.000000 0.000000 0.000000 0.000000 0.000000 0.000000 0.000000
0 0.420453 0.556305 0.110219 0.628368 0.446875 0.319347 2.000000 0.454688 0.314685 2.000000 0.443750 0.305361 2.000000 0.000000 0.000000 0.000000 0.420312 0.286713 2.000000 0.428125 0.365967 2.000000 0.385937 0.349650 2.000000 0.432812 0.473193 2.000000 0.396875 0.433566 2.000000 0.459375 0.494172 1.000000 0.454688 0.435897 2.000000 0.428125 0.554779 2.000000 0.400000 0.547786 2.000000 0.429688 0.692308 1.000000 0.393750 0.687646 2.000000 0.432812 0.813520 1.000000 0.381250 0.811189 2.000000
0 0.542461 0.585513 0.102984 0.523287 0.565625 0.375291 2.000000 0.000000 0.000000 0.000000 0.559375 0.363636 2.000000 0.000000 0.000000 0.000000 0.539062 0.368298 2.000000 0.557813 0.414918 1.000000 0.512500 0.412587 1.000000 0.551562 0.512821 2.000000 0.507812 0.494172 1.000000 0.575000 0.473193 1.000000 0.534375 0.524476 2.000000 0.548438 0.564103 2.000000 0.504687 0.564103 2.000000 0.553125 0.703963 2.000000 0.504687 0.713287 2.000000 0.556250 0.811189 2.000000 0.504687 0.825175 2.000000
0 0.595867 0.590350 0.076047 0.480932 0.606250 0.391608 2.000000 0.614062 0.384615 2.000000 0.603125 0.382284 2.000000 0.000000 0.000000 0.000000 0.589063 0.386946 2.000000 0.617188 0.447552 2.000000 0.573438 0.431235 1.000000 0.621875 0.508159 2.000000 0.000000 0.000000 0.000000 0.000000 0.000000 0.000000 0.000000 0.000000 0.000000 0.612500 0.578089 2.000000 0.579688 0.578089 2.000000 0.607812 0.703963 2.000000 0.578125 0.694639 2.000000 0.598437 0.776224 2.000000 0.578125 0.792541 2.000000
0 0.721469 0.596375 0.105187 0.452611 0.723437 0.414918 2.000000 0.000000 0.000000 0.000000 0.721875 0.405594 2.000000 0.000000 0.000000 0.000000 0.707812 0.400932 2.000000 0.717187 0.466200 2.000000 0.678125 0.445221 2.000000 0.725000 0.529138 2.000000 0.676562 0.531469 1.000000 0.743750 0.559441 2.000000 0.696875 0.564103 2.000000 0.717187 0.585082 2.000000 0.696875 0.573427 2.000000 0.737500 0.671329 1.000000 0.707812 0.666667 2.000000 0.726562 0.785548 1.000000 0.693750 0.792541 2.000000
0 0.756672 0.602739 0.084687 0.426177 0.760938 0.442890 2.000000 0.764062 0.438228 2.000000 0.756250 0.438228 2.000000 0.000000 0.000000 0.000000 0.739062 0.428904 2.000000 0.782813 0.456876 1.000000 0.725000 0.461538 2.000000 0.789062 0.517483 2.000000 0.718750 0.524476 1.000000 0.789062 0.545455 2.000000 0.739062 0.561772 1.000000 0.768750 0.592075 2.000000 0.734375 0.596737 1.000000 0.759375 0.696970 2.000000 0.734375 0.689977 2.000000 0.748437 0.794872 2.000000 0.726562 0.794872 2.000000
0 0.167406 0.529114 0.148750 0.769510 0.179688 0.235431 2.000000 0.000000 0.000000 0.000000 0.175000 0.209790 2.000000 0.000000 0.000000 0.000000 0.164062 0.200466 2.000000 0.118750 0.265734 2.000000 0.139063 0.261072 2.000000 0.000000 0.000000 0.000000 0.143750 0.379953 2.000000 0.000000 0.000000 0.000000 0.212500 0.407925 2.000000 0.139063 0.470862 2.000000 0.160938 0.473193 2.000000 0.131250 0.675991 2.000000 0.150000 0.682984 2.000000 0.120313 0.850816 2.000000 0.128125 0.881119 1.000000
0 0.344797 0.531667 0.132844 0.716620 0.392188 0.263403 2.000000 0.000000 0.000000 0.000000 0.390625 0.244755 2.000000 0.000000 0.000000 0.000000 0.370312 0.240093 2.000000 0.326562 0.307692 2.000000 0.354687 0.310023 2.000000 0.000000 0.000000 0.000000 0.354687 0.419580 2.000000 0.000000 0.000000 0.000000 0.389062 0.501166 2.000000 0.331250 0.515152 2.000000 0.360938 0.512821 2.000000 0.314063 0.685315 2.000000 0.346875 0.685315 2.000000 0.296875 0.841492 2.000000 0.326562 0.855478 2.000000
