0 0.424102 0.483548 0.566953 0.887892 0.489063 0.194379 2.000000 0.490625 0.161593 2.000000 0.000000 0.000000 0.000000 0.512500 0.140515 2.000000 0.000000 0.000000 0.000000 0.520312 0.262295 2.000000 0.654687 0.281030 2.000000 0.390625 0.421546 2.000000 0.689063 0.489461 2.000000 0.292187 0.463700 2.000000 0.000000 0.000000 0.000000 0.528125 0.615925 2.000000 0.645312 0.620609 2.000000 0.559375 0.929742 1.000000 0.603125 0.932084 1.000000 0.000000 0.000000 0.000000 0.000000 0.000000 0.000000
0 0.404813 0.565328 0.203906 0.842693 0.421875 0.241218 2.000000 0.000000 0.000000 0.000000 0.403125 0.215457 2.000000 0.000000 0.000000 0.000000 0.364063 0.234192 2.000000 0.410938 0.386417 1.000000 0.354687 0.367681 2.000000 0.000000 0.000000 0.000000 0.368750 0.562061 2.000000 0.000000 0.000000 0.000000 0.439063 0.489461 2.000000 0.400000 0.702576 2.000000 0.350000 0.700234 2.000000 0.393750 0.946136 2.000000 0.368750 0.974239 2.000000 0.000000 0.000000 0.000000 0.000000 0.000000 0.000000
0 0.790828 0.417916 0.194906 0.503372 0.737500 0.316159 2.000000 0.746875 0.290398 2.000000 0.725000 0.295082 2.000000 0.000000 0.000000 0.000000 0.000000 0.000000 0.000000 0.821875 0.341920 2.000000 0.714063 0.362998 1.000000 0.815625 0.468384 2.000000 0.000000 0.000000 0.000000 0.721875 0.505855 2.000000 0.000000 0.000000 0.000000 0.829688 0.648712 2.000000 0.765625 0.655738 2.000000 0.812500 0.913349 1.000000 0.768750 0.906323 1.000000 0.000000 0.000000 0.000000 0.000000 0.000000 0.000000
0 0.937258 0.242482 0.122297 0.151429 0.959375 0.229508 2.000000 0.968750 0.213115 2.000000 0.954688 0.217799 2.000000 0.985938 0.213115 2.000000 0.945312 0.227166 1.000000 0.000000 0.000000 0.000000 0.942187 0.262295 2.000000 0.000000 0.000000 0.000000 0.892188 0.297424 2.000000 0.000000 0.000000 0.000000 0.929688 0.295082 2.000000 0.000000 0.000000 0.000000 0.000000 0.000000 0.000000 0.000000 0.000000 0.000000 0.000000 0.000000 0.000000 0.000000 0.000000 0.000000 0.000000 0.000000 0.000000
0 0.926953 0.555621 0.100000 0.189227 0.940625 0.519906 2.000000 0.946875 0.505855 2.000000 0.931250 0.505855 2.000000 0.000000 0.000000 0.000000 0.912500 0.517564 2.000000 0.960938 0.580796 2.000000 0.878125 0.566745 2.000000 0.000000 0.000000 0.000000 0.000000 0.000000 0.000000 0.000000 0.000000 0.000000 0.000000 0.000000 0.000000 0.000000 0.000000 0.000000 0.000000 0.000000 0.000000 0.000000 0.000000 0.000000 0.000000 0.000000 0.000000 0.000000 0.000000 0.000000 0.000000 0.000000 0.000000
0 0.784594 0.204578 0.075531 0.149016 0.762500 0.170960 2.000000 0.770312 0.159251 2.000000 0.756250 0.161593 2.000000 0.785937 0.180328 2.000000 0.000000 0.000000 0.000000 0.804688 0.224824 2.000000 0.737500 0.224824 1.000000 0.801562 0.283372 1.000000 0.000000 0.000000 0.000000 0.000000 0.000000 0.000000 0.000000 0.000000 0.000000 0.000000 0.000000 0.000000 0.000000 0.000000 0.000000 0.000000 0.000000 0.000000 0.000000 0.000000 0.000000 0.000000 0.000000 0.000000 0.000000 0.000000 0.000000
0 0.195945 0.613501 0.119359 0.251780 0.154688 0.538642 2.000000 0.162500 0.533958 2.000000 0.153125 0.529274 2.000000 0.185938 0.533958 2.000000 0.000000 0.000000 0.000000 0.214062 0.566745 2.000000 0.162500 0.566745 2.000000 0.232813 0.672131 1.000000 0.151562 0.655738 2.000000 0.000000 0.000000 0.000000 0.153125 0.709602 2.000000 0.209375 0.716628 1.000000 0.185938 0.716628 2.000000 0.000000 0.000000 0.000000 0.000000 0.000000 0.000000 0.000000 0.000000 0.000000 0.000000 0.000000 0.000000
0 0.763102 0.161733 0.147609 0.221639 0.756250 0.117096 2.000000 0.765625 0.107728 2.000000 0.754687 0.105386 2.000000 0.787500 0.112412 2.000000 0.000000 0.000000 0.000000 0.815625 0.175644 2.000000 0.748437 0.152225 1.000000 0.814063 0.252927 1.000000 0.700000 0.187354 2.000000 0.000000 0.000000 0.000000 0.734375 0.142857 2.000000 0.000000 0.000000 0.000000 0.000000 0.000000 0.000000 0.000000 0.000000 0.000000 0.000000 0.000000 0.000000 0.000000 0.000000 0.000000 0.000000 0.000000 0.000000
0 0.647977 0.086979 0.087859 0.170960 0.618750 0.042155 2.000000 0.628125 0.032787 2.000000 0.000000 0.000000 0.000000 0.650000 0.037471 2.000000 0.000000 0.000000 0.000000 0.678125 0.103044 2.000000 0.625000 0.093677 2.000000 0.000000 0.000000 0.000000 0.621875 0.189696 1.000000 0.000000 0.000000 0.000000 0.617188 0.159251 2.000000 0.665625 0.208431 1.000000 0.634375 0.208431 1.000000 0.000000 0.000000 0.000000 0.000000 0.000000 0.000000 0.000000 0.000000 0.000000 0.000000 0.000000 0.000000
0 0.586500 0.090539 0.073656 0.181077 0.570312 0.018735 2.000000 0.575000 0.007026 2.000000 0.565625 0.007026 2.000000 0.000000 0.000000 0.000000 0.000000 0.000000 0.000000 0.604688 0.056206 2.000000 0.000000 0.000000 0.000000 0.600000 0.142857 2.000000 0.000000 0.000000 0.000000 0.575000 0.114754 1.000000 0.000000 0.000000 0.000000 0.582812 0.192037 1.000000 0.000000 0.000000 0.000000 0.000000 0.000000 0.000000 0.000000 0.000000 0.000000 0.000000 0.000000 0.000000 0.000000 0.000000 0.000000
0 0.194211 0.273419 0.085797 0.105574 0.189062 0.262295 2.000000 0.195312 0.250585 2.000000 0.182812 0.252927 2.000000 0.212500 0.262295 2.000000 0.000000 0.000000 0.000000 0.223438 0.304450 2.000000 0.162500 0.316159 2.000000 0.212500 0.346604 1.000000 0.000000 0.000000 0.000000 0.156250 0.362998 1.000000 0.000000 0.000000 0.000000 0.000000 0.000000 0.000000 0.000000 0.000000 0.000000 0.000000 0.000000 0.000000 0.000000 0.000000 0.000000 0.000000 0.000000 0.000000 0.000000 0.000000 0.000000
