0 0.422852 0.536865 0.202766 0.410063 0.418750 0.370833 2.000000 0.423438 0.366667 2.000000 0.000000 0.000000 0.000000 0.440625 0.368750 2.000000 0.000000 0.000000 0.000000 0.442188 0.404167 2.000000 0.475000 0.397917 2.000000 0.378125 0.400000 2.000000 0.460938 0.460417 2.000000 0.334375 0.383333 2.000000 0.439063 0.477083 2.000000 0.485938 0.520833 2.000000 0.506250 0.520833 2.000000 0.428125 0.593750 2.000000 0.459375 0.620833 2.000000 0.446875 0.708333 2.000000 0.501563 0.704167 2.000000
0 0.932937 0.589177 0.126750 0.436896 0.000000 0.000000 0.000000 0.000000 0.000000 0.000000 0.000000 0.000000 0.000000 0.906250 0.410417 2.000000 0.000000 0.000000 0.000000 0.904687 0.456250 2.000000 0.960938 0.452083 2.000000 0.901563 0.516667 2.000000 0.992188 0.502083 2.000000 0.879687 0.545833 2.000000 0.000000 0.000000 0.000000 0.926562 0.564583 2.000000 0.967187 0.562500 2.000000 0.907813 0.677083 2.000000 0.928125 0.670833 2.000000 0.942187 0.754167 2.000000 0.962500 0.666667 2.000000
0 0.906109 0.392708 0.098969 0.377500 0.904687 0.243750 2.000000 0.909375 0.237500 2.000000 0.898438 0.235417 2.000000 0.921875 0.243750 2.000000 0.000000 0.000000 0.000000 0.935937 0.285417 2.000000 0.879687 0.281250 2.000000 0.946875 0.343750 2.000000 0.867188 0.335417 2.000000 0.946875 0.395833 2.000000 0.865625 0.391667 2.000000 0.917188 0.397917 1.000000 0.885938 0.397917 2.000000 0.000000 0.000000 0.000000 0.885938 0.466667 2.000000 0.000000 0.000000 0.000000 0.882812 0.562500 2.000000
0 0.693664 0.301281 0.073578 0.306021 0.000000 0.000000 0.000000 0.000000 0.000000 0.000000 0.000000 0.000000 0.000000 0.000000 0.000000 0.000000 0.000000 0.000000 0.000000 0.704688 0.206250 2.000000 0.664062 0.216667 2.000000 0.723437 0.258333 1.000000 0.665625 0.252083 1.000000 0.721875 0.229167 2.000000 0.678125 0.214583 2.000000 0.706250 0.320833 1.000000 0.681250 0.325000 2.000000 0.710938 0.385417 1.000000 0.684375 0.387500 2.000000 0.718750 0.439583 1.000000 0.687500 0.443750 2.000000
0 0.384227 0.123250 0.057734 0.095625 0.379688 0.108333 2.000000 0.385937 0.102083 2.000000 0.373437 0.102083 2.000000 0.000000 0.000000 0.000000 0.000000 0.000000 0.000000 0.401562 0.143750 2.000000 0.365625 0.143750 2.000000 0.000000 0.000000 0.000000 0.000000 0.000000 0.000000 0.000000 0.000000 0.000000 0.000000 0.000000 0.000000 0.000000 0.000000 0.000000 0.000000 0.000000 0.000000 0.000000 0.000000 0.000000 0.000000 0.000000 0.000000 0.000000 0.000000 0.000000 0.000000 0.000000 0.000000
0 0.332313 0.119281 0.058313 0.086104 0.323437 0.110417 2.000000 0.326562 0.104167 2.000000 0.317188 0.104167 2.000000 0.337500 0.106250 2.000000 0.000000 0.000000 0.000000 0.350000 0.135417 2.000000 0.310937 0.135417 2.000000 0.345313 0.181250 1.000000 0.310937 0.177083 1.000000 0.000000 0.000000 0.000000 0.000000 0.000000 0.000000 0.000000 0.000000 0.000000 0.000000 0.000000 0.000000 0.000000 0.000000 0.000000 0.000000 0.000000 0.000000 0.000000 0.000000 0.000000 0.000000 0.000000 0.000000
0 0.490711 0.108104 0.072641 0.119375 0.493750 0.083333 2.000000 0.500000 0.077083 2.000000 0.489063 0.079167 2.000000 0.509375 0.081250 2.000000 0.485938 0.081250 2.000000 0.515625 0.108333 2.000000 0.478125 0.104167 2.000000 0.517188 0.150000 1.000000 0.460938 0.133333 1.000000 0.000000 0.000000 0.000000 0.453125 0.162500 1.000000 0.500000 0.175000 1.000000 0.473438 0.170833 1.000000 0.468750 0.139583 2.000000 0.000000 0.000000 0.000000 0.468750 0.193750 1.000000 0.000000 0.000000 0.000000
0 0.427641 0.131052 0.077063 0.082188 0.403125 0.122917 2.000000 0.407813 0.116667 2.000000 0.401562 0.118750 2.000000 0.423438 0.118750 2.000000 0.000000 0.000000 0.000000 0.443750 0.141667 2.000000 0.398438 0.152083 2.000000 0.000000 0.000000 0.000000 0.000000 0.000000 0.000000 0.000000 0.000000 0.000000 0.000000 0.000000 0.000000 0.000000 0.000000 0.000000 0.000000 0.000000 0.000000 0.000000 0.000000 0.000000 0.000000 0.000000 0.000000 0.000000 0.000000 0.000000 0.000000 0.000000 0.000000
0 0.549406 0.105063 0.091063 0.144625 0.559375 0.070833 2.000000 0.564063 0.062500 2.000000 0.556250 0.062500 2.000000 0.573438 0.062500 2.000000 0.548438 0.064583 2.000000 0.582812 0.100000 2.000000 0.534375 0.104167 2.000000 0.585938 0.139583 2.000000 0.518750 0.143750 2.000000 0.000000 0.000000 0.000000 0.515625 0.154167 2.000000 0.000000 0.000000 0.000000 0.000000 0.000000 0.000000 0.000000 0.000000 0.000000 0.000000 0.000000 0.000000 0.000000 0.000000 0.000000 0.000000 0.000000 0.000000
0 0.019422 0.889125 0.035813 0.221750 0.000000 0.000000 0.000000 0.000000 0.000000 0.000000 0.000000 0.000000 0.000000 0.000000 0.000000 0.000000 0.000000 0.000000 0.000000 0.000000 0.000000 0.000000 0.001563 0.783333 2.000000 0.000000 0.000000 0.000000 0.029687 0.864583 2.000000 0.000000 0.000000 0.000000 0.000000 0.000000 0.000000 0.000000 0.000000 0.000000 0.003125 0.914583 2.000000 0.000000 0.000000 0.000000 0.000000 0.000000 0.000000 0.000000 0.000000 0.000000 0.000000 0.000000 0.000000
