0 0.217195 0.696862 0.434391 0.606276 0.079687 0.548009 2.000000 0.084375 0.519906 2.000000 0.045312 0.517564 2.000000 0.000000 0.000000 0.000000 0.000000 0.000000 0.000000 0.142187 0.681499 2.000000 0.000000 0.000000 0.000000 0.265625 0.880562 2.000000 0.000000 0.000000 0.000000 0.000000 0.000000 0.000000 0.000000 0.000000 0.000000 0.000000 0.000000 0.000000 0.000000 0.000000 0.000000 0.000000 0.000000 0.000000 0.000000 0.000000 0.000000 0.000000 0.000000 0.000000 0.000000 0.000000 0.000000
0 0.286266 0.550679 0.124719 0.387400 0.253125 0.402810 2.000000 0.257812 0.393443 2.000000 0.000000 0.000000 0.000000 0.268750 0.400468 2.000000 0.000000 0.000000 0.000000 0.253125 0.437939 2.000000 0.309375 0.430913 2.000000 0.229687 0.498829 2.000000 0.000000 0.000000 0.000000 0.000000 0.000000 0.000000 0.000000 0.000000 0.000000 0.271875 0.604215 2.000000 0.328125 0.590164 2.000000 0.240625 0.711944 2.000000 0.000000 0.000000 0.000000 0.264062 0.800937 1.000000 0.000000 0.000000 0.000000
0 0.549672 0.689005 0.299719 0.618244 0.551562 0.473068 1.000000 0.554688 0.459016 2.000000 0.000000 0.000000 0.000000 0.568750 0.468384 2.000000 0.000000 0.000000 0.000000 0.564063 0.555035 2.000000 0.665625 0.536300 2.000000 0.507812 0.660422 2.000000 0.000000 0.000000 0.000000 0.434375 0.714286 2.000000 0.000000 0.000000 0.000000 0.595313 0.822014 2.000000 0.676562 0.800937 2.000000 0.446875 0.861827 2.000000 0.000000 0.000000 0.000000 0.000000 0.000000 0.000000 0.000000 0.000000 0.000000
0 0.351680 0.443290 0.088422 0.348689 0.000000 0.000000 0.000000 0.000000 0.000000 0.000000 0.000000 0.000000 0.000000 0.317188 0.306792 1.000000 0.351562 0.304450 1.000000 0.323437 0.367681 2.000000 0.370312 0.348946 2.000000 0.331250 0.430913 2.000000 0.382812 0.374707 2.000000 0.328125 0.489461 1.000000 0.387500 0.337237 1.000000 0.343750 0.501171 2.000000 0.376563 0.489461 1.000000 0.348438 0.578454 2.000000 0.368750 0.573770 1.000000 0.351562 0.683841 1.000000 0.368750 0.679157 1.000000
0 0.454688 0.308197 0.050000 0.161593 0.470313 0.266979 2.000000 0.000000 0.000000 0.000000 0.467187 0.259953 2.000000 0.000000 0.000000 0.000000 0.457813 0.252927 2.000000 0.460938 0.281030 2.000000 0.439063 0.281030 2.000000 0.000000 0.000000 0.000000 0.439063 0.327869 2.000000 0.000000 0.000000 0.000000 0.473438 0.334895 2.000000 0.467187 0.367681 2.000000 0.450000 0.370023 2.000000 0.000000 0.000000 0.000000 0.000000 0.000000 0.000000 0.000000 0.000000 0.000000 0.000000 0.000000 0.000000
0 0.680492 0.517260 0.133266 0.529602 0.000000 0.000000 0.000000 0.000000 0.000000 0.000000 0.000000 0.000000 0.000000 0.000000 0.000000 0.000000 0.000000 0.000000 0.000000 0.650000 0.421546 2.000000 0.723437 0.412178 2.000000 0.000000 0.000000 0.000000 0.000000 0.000000 0.000000 0.000000 0.000000 0.000000 0.000000 0.000000 0.000000 0.660937 0.646370 1.000000 0.710938 0.641686 2.000000 0.000000 0.000000 0.000000 0.000000 0.000000 0.000000 0.000000 0.000000 0.000000 0.000000 0.000000 0.000000
0 0.922367 0.560984 0.155266 0.458923 0.909375 0.381733 2.000000 0.920312 0.372365 2.000000 0.907813 0.372365 1.000000 0.943750 0.374707 2.000000 0.000000 0.000000 0.000000 0.982812 0.449649 2.000000 0.915625 0.437939 2.000000 0.951562 0.566745 2.000000 0.909375 0.524590 2.000000 0.882812 0.599532 2.000000 0.876563 0.594848 2.000000 0.945312 0.583138 2.000000 0.903125 0.583138 2.000000 0.890625 0.611241 2.000000 0.000000 0.000000 0.000000 0.909375 0.772834 1.000000 0.000000 0.000000 0.000000
0 0.377367 0.582939 0.111672 0.402974 0.384375 0.440281 2.000000 0.393750 0.435597 2.000000 0.378125 0.430913 2.000000 0.401562 0.433255 2.000000 0.368750 0.428571 2.000000 0.396875 0.475410 2.000000 0.364063 0.468384 1.000000 0.418750 0.571429 2.000000 0.364063 0.583138 2.000000 0.381250 0.632319 2.000000 0.337500 0.639344 1.000000 0.387500 0.585480 2.000000 0.365625 0.578454 2.000000 0.000000 0.000000 0.000000 0.000000 0.000000 0.000000 0.000000 0.000000 0.000000 0.000000 0.000000 0.000000
0 0.164203 0.503888 0.121313 0.287822 0.160938 0.402810 2.000000 0.000000 0.000000 0.000000 0.151562 0.395785 2.000000 0.000000 0.000000 0.000000 0.131250 0.407494 2.000000 0.167187 0.456674 2.000000 0.115625 0.454333 2.000000 0.000000 0.000000 0.000000 0.134375 0.526932 2.000000 0.000000 0.000000 0.000000 0.187500 0.498829 2.000000 0.175000 0.590164 2.000000 0.137500 0.604215 2.000000 0.000000 0.000000 0.000000 0.000000 0.000000 0.000000 0.000000 0.000000 0.000000 0.000000 0.000000 0.000000
0 0.502609 0.509344 0.116937 0.296019 0.000000 0.000000 0.000000 0.000000 0.000000 0.000000 0.489063 0.430913 2.000000 0.500000 0.428571 2.000000 0.000000 0.000000 0.000000 0.496875 0.487119 2.000000 0.553125 0.482436 1.000000 0.460938 0.562061 2.000000 0.000000 0.000000 0.000000 0.450000 0.522248 2.000000 0.000000 0.000000 0.000000 0.517188 0.646370 1.000000 0.557813 0.641686 1.000000 0.510938 0.754098 1.000000 0.553125 0.749415 1.000000 0.000000 0.000000 0.000000 0.000000 0.000000 0.000000
0 0.793984 0.550808 0.129281 0.456651 0.821875 0.372365 2.000000 0.000000 0.000000 0.000000 0.817187 0.365340 2.000000 0.000000 0.000000 0.000000 0.800000 0.367681 2.000000 0.745313 0.409836 2.000000 0.821875 0.440281 2.000000 0.723437 0.503513 1.000000 0.829688 0.524590 2.000000 0.000000 0.000000 0.000000 0.859375 0.580796 1.000000 0.745313 0.580796 2.000000 0.790625 0.587822 2.000000 0.748437 0.723653 2.000000 0.801562 0.730679 1.000000 0.732812 0.868852 1.000000 0.832812 0.861827 1.000000
0 0.886891 0.440398 0.052531 0.146511 0.893750 0.372365 2.000000 0.895312 0.370023 2.000000 0.887500 0.370023 2.000000 0.000000 0.000000 0.000000 0.879687 0.372365 2.000000 0.904687 0.412178 2.000000 0.868750 0.405152 2.000000 0.000000 0.000000 0.000000 0.862500 0.444965 2.000000 0.000000 0.000000 0.000000 0.000000 0.000000 0.000000 0.896875 0.484778 2.000000 0.867188 0.477752 1.000000 0.000000 0.000000 0.000000 0.000000 0.000000 0.000000 0.000000 0.000000 0.000000 0.000000 0.000000 0.000000
