0 0.117297 0.711705 0.219844 0.502264 0.203125 0.567335 2.000000 0.000000 0.000000 0.000000 0.204687 0.555874 2.000000 0.000000 0.000000 0.000000 0.187500 0.532951 2.000000 0.000000 0.000000 0.000000 0.168750 0.573066 2.000000 0.000000 0.000000 0.000000 0.153125 0.684814 2.000000 0.000000 0.000000 0.000000 0.164062 0.753582 2.000000 0.023438 0.593123 2.000000 0.054688 0.601719 2.000000 0.059375 0.744986 2.000000 0.146875 0.736390 2.000000 0.067187 0.882521 2.000000 0.114062 0.911175 2.000000
0 0.366047 0.640673 0.105844 0.296877 0.368750 0.575931 2.000000 0.000000 0.000000 0.000000 0.000000 0.000000 0.000000 0.000000 0.000000 0.000000 0.000000 0.000000 0.000000 0.389062 0.593123 2.000000 0.329688 0.581662 2.000000 0.396875 0.679083 2.000000 0.317188 0.681948 2.000000 0.407813 0.762178 2.000000 0.345313 0.756447 1.000000 0.379688 0.656160 2.000000 0.346875 0.656160 2.000000 0.396875 0.716332 2.000000 0.346875 0.670487 2.000000 0.401562 0.808023 1.000000 0.353125 0.785100 1.000000
0 0.366297 0.502264 0.096469 0.195129 0.365625 0.481375 2.000000 0.373437 0.469914 2.000000 0.360938 0.469914 2.000000 0.378125 0.467049 2.000000 0.353125 0.464183 2.000000 0.387500 0.492837 2.000000 0.340625 0.487106 2.000000 0.403125 0.541547 2.000000 0.326562 0.541547 2.000000 0.000000 0.000000 0.000000 0.000000 0.000000 0.000000 0.000000 0.000000 0.000000 0.000000 0.000000 0.000000 0.000000 0.000000 0.000000 0.000000 0.000000 0.000000 0.000000 0.000000 0.000000 0.000000 0.000000 0.000000
0 0.851328 0.700000 0.268156 0.529398 0.860938 0.547278 2.000000 0.871875 0.530086 2.000000 0.857812 0.527221 2.000000 0.000000 0.000000 0.000000 0.839063 0.498567 2.000000 0.887500 0.515759 2.000000 0.804688 0.521490 2.000000 0.921875 0.538682 2.000000 0.764062 0.564470 2.000000 0.954688 0.575931 2.000000 0.737500 0.627507 2.000000 0.842187 0.676218 2.000000 0.800000 0.676218 2.000000 0.878125 0.776504 2.000000 0.793750 0.822350 2.000000 0.828125 0.911175 2.000000 0.743750 0.833811 2.000000
0 0.622508 0.550989 0.232828 0.689885 0.640625 0.306590 2.000000 0.645312 0.286533 2.000000 0.632812 0.289398 2.000000 0.000000 0.000000 0.000000 0.607812 0.283668 2.000000 0.673438 0.329513 2.000000 0.587500 0.366762 2.000000 0.720313 0.372493 2.000000 0.567187 0.475645 2.000000 0.728125 0.458453 2.000000 0.521875 0.578797 2.000000 0.660937 0.510029 2.000000 0.617188 0.495702 2.000000 0.662500 0.647564 2.000000 0.660937 0.604585 2.000000 0.582812 0.773639 2.000000 0.660937 0.819484 2.000000
0 0.733008 0.662607 0.091453 0.441719 0.000000 0.000000 0.000000 0.000000 0.000000 0.000000 0.000000 0.000000 0.000000 0.000000 0.000000 0.000000 0.000000 0.000000 0.000000 0.754687 0.515759 2.000000 0.700000 0.527221 2.000000 0.764062 0.581662 1.000000 0.696875 0.587393 2.000000 0.767188 0.656160 2.000000 0.693750 0.659026 2.000000 0.742188 0.644699 1.000000 0.714063 0.647564 2.000000 0.748437 0.724928 2.000000 0.704688 0.724928 2.000000 0.768750 0.859599 2.000000 0.704688 0.853868 2.000000
0 0.591617 0.704384 0.148484 0.443095 0.592187 0.567335 2.000000 0.596875 0.555874 2.000000 0.584375 0.555874 2.000000 0.000000 0.000000 0.000000 0.575000 0.547278 2.000000 0.617188 0.567335 1.000000 0.562500 0.598854 2.000000 0.000000 0.000000 0.000000 0.550000 0.696275 2.000000 0.000000 0.000000 0.000000 0.529687 0.790831 2.000000 0.614062 0.687679 2.000000 0.560937 0.702006 2.000000 0.637500 0.713467 1.000000 0.604688 0.719198 2.000000 0.631250 0.856734 2.000000 0.617188 0.859599 2.000000
0 0.462383 0.617307 0.099422 0.296046 0.464062 0.553009 2.000000 0.470313 0.541547 2.000000 0.459375 0.541547 2.000000 0.000000 0.000000 0.000000 0.000000 0.000000 0.000000 0.487500 0.535817 2.000000 0.439063 0.544413 2.000000 0.506250 0.607450 2.000000 0.418750 0.627507 2.000000 0.000000 0.000000 0.000000 0.425000 0.696275 2.000000 0.000000 0.000000 0.000000 0.000000 0.000000 0.000000 0.000000 0.000000 0.000000 0.000000 0.000000 0.000000 0.000000 0.000000 0.000000 0.000000 0.000000 0.000000
0 0.283852 0.520100 0.070672 0.298768 0.276562 0.426934 2.000000 0.282813 0.415473 2.000000 0.271875 0.415473 2.000000 0.000000 0.000000 0.000000 0.000000 0.000000 0.000000 0.296875 0.455587 2.000000 0.259375 0.449857 1.000000 0.314063 0.518625 2.000000 0.000000 0.000000 0.000000 0.306250 0.550143 2.000000 0.000000 0.000000 0.000000 0.281250 0.613181 2.000000 0.262500 0.607450 2.000000 0.287500 0.679083 1.000000 0.000000 0.000000 0.000000 0.000000 0.000000 0.000000 0.000000 0.000000 0.000000
0 0.235453 0.596562 0.148094 0.349799 0.000000 0.000000 0.000000 0.000000 0.000000 0.000000 0.000000 0.000000 0.000000 0.000000 0.000000 0.000000 0.000000 0.000000 0.000000 0.262500 0.495702 2.000000 0.207813 0.492837 1.000000 0.275000 0.598854 2.000000 0.000000 0.000000 0.000000 0.290625 0.699140 2.000000 0.000000 0.000000 0.000000 0.221875 0.553009 2.000000 0.187500 0.553009 1.000000 0.240625 0.661891 2.000000 0.212500 0.664756 2.000000 0.000000 0.000000 0.000000 0.000000 0.000000 0.000000
0 0.934711 0.651347 0.107828 0.535072 0.906250 0.432665 2.000000 0.910937 0.418338 2.000000 0.901563 0.424069 2.000000 0.921875 0.418338 2.000000 0.000000 0.000000 0.000000 0.950000 0.467049 2.000000 0.898438 0.489971 2.000000 0.973437 0.547278 2.000000 0.892188 0.573066 1.000000 0.939063 0.587393 1.000000 0.884375 0.638968 2.000000 0.943750 0.621777 2.000000 0.906250 0.633238 2.000000 0.948438 0.767908 2.000000 0.920312 0.773639 2.000000 0.973437 0.876791 2.000000 0.931250 0.888252 2.000000
