0 0.580836 0.737079 0.196859 0.422477 0.589063 0.607477 2.000000 0.598437 0.598131 2.000000 0.579688 0.595794 2.000000 0.604688 0.600467 2.000000 0.562500 0.600467 2.000000 0.623437 0.651869 2.000000 0.543750 0.647196 2.000000 0.668750 0.735981 2.000000 0.526563 0.761682 2.000000 0.623437 0.789720 2.000000 0.546875 0.810748 2.000000 0.612500 0.771028 2.000000 0.560937 0.771028 2.000000 0.657813 0.808411 2.000000 0.489063 0.775701 1.000000 0.562500 0.871495 2.000000 0.573438 0.878505 2.000000
0 0.392984 0.720234 0.202875 0.402243 0.392188 0.598131 2.000000 0.396875 0.586449 2.000000 0.379688 0.586449 2.000000 0.000000 0.000000 0.000000 0.364063 0.591121 1.000000 0.437500 0.658879 2.000000 0.353125 0.663551 2.000000 0.465625 0.754673 2.000000 0.301563 0.747664 2.000000 0.446875 0.761682 2.000000 0.332813 0.813084 2.000000 0.429688 0.815421 2.000000 0.354687 0.815421 2.000000 0.454688 0.813084 2.000000 0.295312 0.806075 2.000000 0.348438 0.883178 2.000000 0.364063 0.899533 2.000000
0 0.354711 0.515759 0.149109 0.360350 0.353125 0.399533 2.000000 0.362500 0.387850 2.000000 0.343750 0.387850 2.000000 0.370312 0.394860 2.000000 0.332813 0.401869 2.000000 0.406250 0.464953 2.000000 0.309375 0.476636 2.000000 0.417187 0.560748 2.000000 0.295312 0.572430 2.000000 0.376563 0.567757 1.000000 0.325000 0.584112 2.000000 0.384375 0.654206 1.000000 0.332813 0.656542 2.000000 0.379688 0.789720 1.000000 0.332813 0.796729 1.000000 0.000000 0.000000 0.000000 0.000000 0.000000 0.000000
0 0.441156 0.301285 0.127750 0.390421 0.445312 0.170561 2.000000 0.451562 0.156542 2.000000 0.434375 0.158879 2.000000 0.462500 0.168224 2.000000 0.421875 0.168224 2.000000 0.482812 0.247664 2.000000 0.398438 0.242991 2.000000 0.495312 0.329439 1.000000 0.384375 0.334112 2.000000 0.468750 0.401869 2.000000 0.414062 0.404206 2.000000 0.464062 0.404206 2.000000 0.406250 0.401869 2.000000 0.459375 0.518692 1.000000 0.412500 0.516355 1.000000 0.454688 0.654206 1.000000 0.418750 0.654206 1.000000
0 0.615648 0.505479 0.166734 0.375350 0.618750 0.392523 2.000000 0.628125 0.378505 2.000000 0.609375 0.378505 2.000000 0.639062 0.383178 2.000000 0.595313 0.385514 2.000000 0.657813 0.448598 2.000000 0.575000 0.455607 2.000000 0.684375 0.539720 2.000000 0.546875 0.544393 2.000000 0.659375 0.565421 2.000000 0.587500 0.572430 1.000000 0.657813 0.635514 2.000000 0.590625 0.640187 1.000000 0.000000 0.000000 0.000000 0.000000 0.000000 0.000000 0.000000 0.000000 0.000000 0.000000 0.000000 0.000000
0 0.712055 0.300140 0.155453 0.414299 0.715625 0.154206 2.000000 0.723437 0.142523 2.000000 0.706250 0.144860 2.000000 0.734375 0.151869 2.000000 0.692187 0.156542 2.000000 0.757812 0.228972 2.000000 0.662500 0.228972 2.000000 0.767188 0.313084 1.000000 0.648438 0.343458 2.000000 0.750000 0.397196 1.000000 0.673438 0.408879 2.000000 0.742188 0.411215 2.000000 0.678125 0.404206 2.000000 0.739062 0.539720 1.000000 0.682813 0.542056 1.000000 0.729688 0.700935 1.000000 0.679688 0.696262 1.000000
0 0.165313 0.751682 0.231438 0.366308 0.173437 0.647196 2.000000 0.176563 0.628505 2.000000 0.160938 0.635514 2.000000 0.187500 0.626168 1.000000 0.143750 0.640187 2.000000 0.220312 0.689252 2.000000 0.128125 0.689252 2.000000 0.267188 0.778037 2.000000 0.076563 0.759346 2.000000 0.254688 0.808411 2.000000 0.090625 0.794393 2.000000 0.192188 0.838785 2.000000 0.148438 0.834112 2.000000 0.225000 0.841121 2.000000 0.087500 0.852804 2.000000 0.145313 0.901869 2.000000 0.196875 0.887850 2.000000
0 0.855141 0.277629 0.138688 0.362640 0.854688 0.151869 2.000000 0.864062 0.144860 2.000000 0.846875 0.144860 2.000000 0.875000 0.154206 2.000000 0.832812 0.156542 2.000000 0.896875 0.247664 2.000000 0.809375 0.254673 2.000000 0.914062 0.317757 2.000000 0.793750 0.345794 2.000000 0.895312 0.413551 1.000000 0.815625 0.413551 2.000000 0.884375 0.429907 1.000000 0.826562 0.429907 2.000000 0.000000 0.000000 0.000000 0.000000 0.000000 0.000000 0.000000 0.000000 0.000000 0.000000 0.000000 0.000000
0 0.222273 0.537079 0.132328 0.412243 0.215625 0.392523 2.000000 0.221875 0.378505 2.000000 0.207813 0.380841 2.000000 0.237500 0.380841 2.000000 0.195312 0.390187 2.000000 0.265625 0.474299 2.000000 0.171875 0.488318 2.000000 0.265625 0.572430 2.000000 0.167187 0.570093 1.000000 0.243750 0.584112 2.000000 0.182812 0.584112 2.000000 0.254688 0.679907 2.000000 0.187500 0.677570 1.000000 0.000000 0.000000 0.000000 0.000000 0.000000 0.000000 0.000000 0.000000 0.000000 0.000000 0.000000 0.000000
0 0.491250 0.556086 0.130875 0.499977 0.490625 0.373832 2.000000 0.495312 0.362150 2.000000 0.484375 0.364486 2.000000 0.510938 0.371495 2.000000 0.468750 0.369159 2.000000 0.532813 0.455607 2.000000 0.451562 0.453271 2.000000 0.550000 0.558411 1.000000 0.439063 0.551402 2.000000 0.503125 0.567757 2.000000 0.487500 0.565421 2.000000 0.518750 0.647196 2.000000 0.470313 0.644860 2.000000 0.520312 0.773364 1.000000 0.470313 0.771028 1.000000 0.000000 0.000000 0.000000 0.000000 0.000000 0.000000
0 0.773641 0.484369 0.158156 0.353832 0.767188 0.378505 2.000000 0.776563 0.366822 2.000000 0.757812 0.366822 2.000000 0.787500 0.376168 2.000000 0.742188 0.378505 2.000000 0.814063 0.448598 2.000000 0.720313 0.457944 2.000000 0.832812 0.558411 2.000000 0.704688 0.556075 2.000000 0.800000 0.558411 2.000000 0.737500 0.574766 1.000000 0.809375 0.668224 1.000000 0.750000 0.672897 1.000000 0.000000 0.000000 0.000000 0.000000 0.000000 0.000000 0.000000 0.000000 0.000000 0.000000 0.000000 0.000000
0 0.914258 0.476449 0.147891 0.311121 0.901563 0.390187 2.000000 0.912500 0.380841 2.000000 0.890625 0.376168 2.000000 0.918750 0.394860 2.000000 0.878125 0.387850 2.000000 0.948438 0.453271 2.000000 0.851562 0.457944 2.000000 0.971875 0.551402 2.000000 0.840625 0.556075 1.000000 0.932813 0.558411 2.000000 0.884375 0.556075 1.000000 0.925000 0.626168 1.000000 0.871875 0.628505 1.000000 0.923438 0.757009 1.000000 0.878125 0.759346 1.000000 0.000000 0.000000 0.000000 0.000000 0.000000 0.000000
0 0.086523 0.587173 0.155266 0.504953 0.090625 0.406542 2.000000 0.098437 0.390187 2.000000 0.081250 0.390187 2.000000 0.112500 0.392523 2.000000 0.062500 0.397196 2.000000 0.140625 0.483645 2.000000 0.043750 0.478972 2.000000 0.150000 0.570093 1.000000 0.015625 0.565421 2.000000 0.120313 0.581776 2.000000 0.046875 0.591121 2.000000 0.135937 0.700935 1.000000 0.068750 0.700935 1.000000 0.000000 0.000000 0.000000 0.068750 0.810748 2.000000 0.000000 0.000000 0.000000 0.000000 0.000000 0.000000
