0 0.193414 0.746615 0.332766 0.481979 0.000000 0.000000 0.000000 0.000000 0.000000 0.000000 0.000000 0.000000 0.000000 0.000000 0.000000 0.000000 0.259375 0.581250 2.000000 0.104688 0.631250 2.000000 0.257812 0.664583 2.000000 0.040625 0.768750 2.000000 0.314063 0.791667 2.000000 0.000000 0.000000 0.000000 0.325000 0.743750 2.000000 0.089063 0.925000 2.000000 0.212500 0.954167 2.000000 0.000000 0.000000 0.000000 0.000000 0.000000 0.000000 0.000000 0.000000 0.000000 0.000000 0.000000 0.000000
0 0.074883 0.590510 0.138109 0.469854 0.000000 0.000000 0.000000 0.000000 0.000000 0.000000 0.000000 0.000000 0.000000 0.000000 0.000000 0.000000 0.110937 0.470833 2.000000 0.104688 0.497917 1.000000 0.048438 0.527083 2.000000 0.000000 0.000000 0.000000 0.093750 0.670833 1.000000 0.000000 0.000000 0.000000 0.131250 0.547917 2.000000 0.000000 0.000000 0.000000 0.060937 0.756250 1.000000 0.000000 0.000000 0.000000 0.000000 0.000000 0.000000 0.000000 0.000000 0.000000 0.000000 0.000000 0.000000
0 0.143000 0.483990 0.075750 0.242354 0.145313 0.435417 2.000000 0.148438 0.420833 2.000000 0.135937 0.418750 1.000000 0.000000 0.000000 0.000000 0.000000 0.000000 0.000000 0.143750 0.475000 2.000000 0.000000 0.000000 0.000000 0.168750 0.570833 2.000000 0.000000 0.000000 0.000000 0.203125 0.629167 1.000000 0.000000 0.000000 0.000000 0.000000 0.000000 0.000000 0.000000 0.000000 0.000000 0.000000 0.000000 0.000000 0.000000 0.000000 0.000000 0.000000 0.000000 0.000000 0.000000 0.000000 0.000000
0 0.463070 0.426510 0.111734 0.184354 0.456250 0.397917 2.000000 0.464062 0.387500 2.000000 0.448437 0.387500 2.000000 0.479687 0.381250 2.000000 0.435937 0.381250 2.000000 0.495312 0.416667 2.000000 0.431250 0.408333 2.000000 0.506250 0.502083 1.000000 0.434375 0.493750 2.000000 0.000000 0.000000 0.000000 0.500000 0.502083 1.000000 0.498437 0.541667 1.000000 0.445312 0.543750 1.000000 0.000000 0.000000 0.000000 0.504687 0.597917 1.000000 0.000000 0.000000 0.000000 0.000000 0.000000 0.000000
0 0.378773 0.439177 0.122016 0.240729 0.378125 0.385417 2.000000 0.000000 0.000000 0.000000 0.373437 0.379167 2.000000 0.000000 0.000000 0.000000 0.346875 0.375000 2.000000 0.375000 0.418750 2.000000 0.321875 0.427083 2.000000 0.387500 0.489583 2.000000 0.000000 0.000000 0.000000 0.412500 0.504167 2.000000 0.337500 0.516667 1.000000 0.385937 0.543750 1.000000 0.345313 0.556250 1.000000 0.000000 0.000000 0.000000 0.000000 0.000000 0.000000 0.000000 0.000000 0.000000 0.000000 0.000000 0.000000
0 0.703492 0.436677 0.100578 0.134812 0.732812 0.433333 2.000000 0.739062 0.427083 2.000000 0.726562 0.422917 2.000000 0.000000 0.000000 0.000000 0.712500 0.410417 2.000000 0.739062 0.441667 2.000000 0.679688 0.429167 2.000000 0.000000 0.000000 0.000000 0.662500 0.491667 2.000000 0.000000 0.000000 0.000000 0.710938 0.497917 1.000000 0.000000 0.000000 0.000000 0.000000 0.000000 0.000000 0.000000 0.000000 0.000000 0.000000 0.000000 0.000000 0.000000 0.000000 0.000000 0.000000 0.000000 0.000000
0 0.852812 0.461792 0.155062 0.168542 0.795312 0.456250 2.000000 0.803125 0.441667 2.000000 0.790625 0.441667 2.000000 0.828125 0.435417 2.000000 0.000000 0.000000 0.000000 0.873437 0.441667 2.000000 0.804688 0.450000 2.000000 0.854688 0.531250 2.000000 0.778125 0.527083 1.000000 0.795312 0.525000 2.000000 0.000000 0.000000 0.000000 0.906250 0.570833 1.000000 0.850000 0.564583 1.000000 0.000000 0.000000 0.000000 0.000000 0.000000 0.000000 0.000000 0.000000 0.000000 0.000000 0.000000 0.000000
0 0.892414 0.386521 0.058984 0.170792 0.000000 0.000000 0.000000 0.000000 0.000000 0.000000 0.000000 0.000000 0.000000 0.000000 0.000000 0.000000 0.000000 0.000000 0.000000 0.870313 0.350000 2.000000 0.910937 0.356250 2.000000 0.000000 0.000000 0.000000 0.000000 0.000000 0.000000 0.000000 0.000000 0.000000 0.000000 0.000000 0.000000 0.873437 0.416667 2.000000 0.898438 0.422917 2.000000 0.000000 0.000000 0.000000 0.000000 0.000000 0.000000 0.000000 0.000000 0.000000 0.000000 0.000000 0.000000
0 0.287359 0.472052 0.131156 0.230354 0.267188 0.431250 2.000000 0.279687 0.420833 2.000000 0.257812 0.416667 2.000000 0.301563 0.422917 2.000000 0.000000 0.000000 0.000000 0.312500 0.441667 2.000000 0.243750 0.450000 2.000000 0.329688 0.537500 2.000000 0.246875 0.552083 1.000000 0.287500 0.552083 2.000000 0.317188 0.568750 2.000000 0.000000 0.000000 0.000000 0.000000 0.000000 0.000000 0.000000 0.000000 0.000000 0.000000 0.000000 0.000000 0.000000 0.000000 0.000000 0.000000 0.000000 0.000000
0 0.790625 0.397792 0.087344 0.162708 0.809375 0.364583 2.000000 0.820312 0.360417 2.000000 0.801562 0.356250 2.000000 0.826562 0.362500 2.000000 0.795312 0.360417 1.000000 0.835938 0.402083 1.000000 0.776563 0.402083 2.000000 0.851562 0.468750 1.000000 0.759375 0.466667 2.000000 0.000000 0.000000 0.000000 0.000000 0.000000 0.000000 0.000000 0.000000 0.000000 0.000000 0.000000 0.000000 0.000000 0.000000 0.000000 0.000000 0.000000 0.000000 0.000000 0.000000 0.000000 0.000000 0.000000 0.000000
