0 0.921117 0.416234 0.138328 0.397469 0.914062 0.251563 2.000000 0.918750 0.243750 2.000000 0.906250 0.245312 2.000000 0.000000 0.000000 0.000000 0.893750 0.245312 2.000000 0.940625 0.293750 2.000000 0.870313 0.301563 2.000000 0.954688 0.345313 2.000000 0.864062 0.359375 2.000000 0.973437 0.385937 2.000000 0.860938 0.412500 2.000000 0.934375 0.404687 2.000000 0.889062 0.406250 2.000000 0.921875 0.493750 2.000000 0.903125 0.498437 2.000000 0.895312 0.584375 2.000000 0.906250 0.581250 2.000000
0 0.437078 0.551000 0.546063 0.770781 0.479687 0.270313 2.000000 0.490625 0.256250 2.000000 0.471875 0.256250 2.000000 0.000000 0.000000 0.000000 0.435937 0.253125 2.000000 0.523438 0.306250 2.000000 0.437500 0.337500 2.000000 0.584375 0.331250 2.000000 0.437500 0.442188 2.000000 0.660937 0.296875 1.000000 0.467187 0.510938 2.000000 0.495312 0.532813 2.000000 0.415625 0.528125 2.000000 0.528125 0.693750 2.000000 0.315625 0.675000 2.000000 0.556250 0.867188 2.000000 0.228125 0.653125 2.000000
0 0.314172 0.365242 0.115125 0.294641 0.000000 0.000000 0.000000 0.000000 0.000000 0.000000 0.000000 0.000000 0.000000 0.000000 0.000000 0.000000 0.318750 0.242188 2.000000 0.292187 0.271875 2.000000 0.304688 0.273438 2.000000 0.000000 0.000000 0.000000 0.309375 0.320312 2.000000 0.000000 0.000000 0.000000 0.310937 0.360938 2.000000 0.287500 0.360938 2.000000 0.298438 0.362500 2.000000 0.314063 0.439063 2.000000 0.296875 0.428125 2.000000 0.329688 0.493750 1.000000 0.282813 0.501563 2.000000
0 0.158664 0.307773 0.120922 0.197953 0.164062 0.231250 2.000000 0.168750 0.226562 2.000000 0.000000 0.000000 0.000000 0.178125 0.226562 2.000000 0.000000 0.000000 0.000000 0.198437 0.246875 2.000000 0.165625 0.248438 2.000000 0.209375 0.268750 2.000000 0.143750 0.273438 2.000000 0.209375 0.295312 2.000000 0.112500 0.292187 2.000000 0.196875 0.309375 2.000000 0.175000 0.309375 2.000000 0.192188 0.353125 2.000000 0.175000 0.342187 2.000000 0.171875 0.384375 2.000000 0.178125 0.400000 2.000000
0 0.381055 0.307445 0.091141 0.230703 0.000000 0.000000 0.000000 0.000000 0.000000 0.000000 0.000000 0.000000 0.000000 0.359375 0.207813 1.000000 0.000000 0.000000 0.000000 0.351562 0.235937 2.000000 0.393750 0.235937 2.000000 0.340625 0.278125 2.000000 0.401562 0.270313 2.000000 0.000000 0.000000 0.000000 0.000000 0.000000 0.000000 0.360938 0.301563 2.000000 0.387500 0.298438 2.000000 0.365625 0.357812 2.000000 0.389062 0.357812 2.000000 0.356250 0.412500 2.000000 0.389062 0.414062 2.000000
0 0.752891 0.385078 0.257250 0.394375 0.665625 0.228125 2.000000 0.671875 0.225000 2.000000 0.000000 0.000000 0.000000 0.693750 0.218750 2.000000 0.000000 0.000000 0.000000 0.700000 0.257812 1.000000 0.718750 0.256250 2.000000 0.714063 0.303125 2.000000 0.762500 0.295312 2.000000 0.664062 0.307812 1.000000 0.721875 0.301563 2.000000 0.729688 0.362500 2.000000 0.717187 0.364063 2.000000 0.765625 0.454688 2.000000 0.695312 0.456250 2.000000 0.856250 0.498437 2.000000 0.673438 0.551562 2.000000
0 0.848820 0.266453 0.038078 0.138844 0.000000 0.000000 0.000000 0.000000 0.000000 0.000000 0.000000 0.000000 0.000000 0.000000 0.000000 0.000000 0.000000 0.000000 0.000000 0.842187 0.226562 2.000000 0.857812 0.225000 1.000000 0.839063 0.246875 2.000000 0.864062 0.240625 2.000000 0.851562 0.257812 2.000000 0.862500 0.254688 2.000000 0.843750 0.268750 2.000000 0.854688 0.268750 2.000000 0.850000 0.293750 2.000000 0.854688 0.292187 2.000000 0.856250 0.317188 2.000000 0.853125 0.317188 2.000000
0 0.340375 0.170086 0.044000 0.110391 0.000000 0.000000 0.000000 0.000000 0.000000 0.000000 0.000000 0.000000 0.000000 0.000000 0.000000 0.000000 0.000000 0.000000 0.000000 0.346875 0.140625 2.000000 0.328125 0.145313 2.000000 0.000000 0.000000 0.000000 0.000000 0.000000 0.000000 0.000000 0.000000 0.000000 0.000000 0.000000 0.000000 0.348438 0.179688 2.000000 0.334375 0.184375 2.000000 0.356250 0.198437 2.000000 0.335938 0.207813 2.000000 0.000000 0.000000 0.000000 0.000000 0.000000 0.000000
0 0.243820 0.272711 0.048922 0.137797 0.229687 0.217188 2.000000 0.231250 0.214062 2.000000 0.228125 0.214062 1.000000 0.000000 0.000000 0.000000 0.000000 0.000000 0.000000 0.251563 0.228125 2.000000 0.225000 0.229687 2.000000 0.260937 0.243750 2.000000 0.000000 0.000000 0.000000 0.264062 0.254688 2.000000 0.000000 0.000000 0.000000 0.248438 0.268750 2.000000 0.237500 0.268750 2.000000 0.245312 0.296875 2.000000 0.240625 0.304688 2.000000 0.250000 0.328125 2.000000 0.243750 0.326562 2.000000
0 0.560141 0.320172 0.074406 0.146562 0.000000 0.000000 0.000000 0.000000 0.000000 0.000000 0.000000 0.000000 0.000000 0.000000 0.000000 0.000000 0.000000 0.000000 0.000000 0.551562 0.250000 1.000000 0.582812 0.259375 2.000000 0.000000 0.000000 0.000000 0.000000 0.000000 0.000000 0.000000 0.000000 0.000000 0.000000 0.000000 0.000000 0.545312 0.304688 2.000000 0.573438 0.304688 2.000000 0.551562 0.342187 1.000000 0.000000 0.000000 0.000000 0.559375 0.376563 2.000000 0.584375 0.354687 1.000000
