0 0.069102 0.549438 0.138203 0.617958 0.106250 0.291667 1.000000 0.101562 0.289583 2.000000 0.106250 0.285417 1.000000 0.000000 0.000000 0.000000 0.065625 0.297917 2.000000 0.085938 0.343750 2.000000 0.046875 0.345833 2.000000 0.000000 0.000000 0.000000 0.012500 0.431250 2.000000 0.000000 0.000000 0.000000 0.043750 0.516667 2.000000 0.087500 0.541667 2.000000 0.045312 0.570833 2.000000 0.092188 0.683333 2.000000 0.045312 0.693750 2.000000 0.096875 0.833333 2.000000 0.043750 0.833333 2.000000
0 0.234336 0.706615 0.213016 0.417146 0.304688 0.587500 2.000000 0.309375 0.575000 2.000000 0.298438 0.568750 2.000000 0.000000 0.000000 0.000000 0.279687 0.566667 2.000000 0.000000 0.000000 0.000000 0.228125 0.602083 2.000000 0.000000 0.000000 0.000000 0.239063 0.695833 2.000000 0.000000 0.000000 0.000000 0.293750 0.720833 2.000000 0.000000 0.000000 0.000000 0.153125 0.756250 2.000000 0.000000 0.000000 0.000000 0.267188 0.743750 2.000000 0.000000 0.000000 0.000000 0.192188 0.852083 2.000000
0 0.227078 0.339750 0.140906 0.348833 0.218750 0.197917 2.000000 0.223438 0.191667 2.000000 0.212500 0.193750 2.000000 0.000000 0.000000 0.000000 0.193750 0.197917 2.000000 0.239063 0.229167 2.000000 0.181250 0.231250 2.000000 0.292187 0.262500 2.000000 0.165625 0.268750 2.000000 0.270313 0.268750 2.000000 0.212500 0.275000 2.000000 0.221875 0.368750 2.000000 0.185938 0.372917 2.000000 0.268750 0.375000 2.000000 0.176563 0.481250 1.000000 0.240625 0.466667 2.000000 0.000000 0.000000 0.000000
0 0.460219 0.393812 0.165469 0.245125 0.435937 0.327083 2.000000 0.437500 0.318750 2.000000 0.428125 0.320833 2.000000 0.000000 0.000000 0.000000 0.414062 0.316667 2.000000 0.456250 0.331250 2.000000 0.396875 0.341667 2.000000 0.487500 0.306250 1.000000 0.395313 0.414583 2.000000 0.453125 0.277083 2.000000 0.437500 0.433333 2.000000 0.445312 0.441667 2.000000 0.415625 0.445833 2.000000 0.426563 0.522917 1.000000 0.393750 0.431250 2.000000 0.000000 0.000000 0.000000 0.390625 0.525000 1.000000
0 0.953203 0.351302 0.093594 0.276646 0.960938 0.256250 2.000000 0.967187 0.250000 2.000000 0.954688 0.250000 2.000000 0.973437 0.254167 2.000000 0.945312 0.254167 2.000000 0.987500 0.275000 2.000000 0.929688 0.270833 2.000000 0.000000 0.000000 0.000000 0.920312 0.287500 2.000000 0.981250 0.291667 2.000000 0.970313 0.289583 2.000000 0.964063 0.414583 2.000000 0.923438 0.412500 2.000000 0.959375 0.502083 1.000000 0.929688 0.502083 1.000000 0.000000 0.000000 0.000000 0.000000 0.000000 0.000000
0 0.657320 0.060135 0.108328 0.119063 0.000000 0.000000 0.000000 0.000000 0.000000 0.000000 0.000000 0.000000 0.000000 0.000000 0.000000 0.000000 0.000000 0.000000 0.000000 0.000000 0.000000 0.000000 0.685937 0.006250 2.000000 0.706250 0.045833 2.000000 0.653125 0.022917 2.000000 0.700000 0.112500 2.000000 0.626563 0.035417 2.000000 0.687500 0.097917 2.000000 0.654687 0.091667 2.000000 0.000000 0.000000 0.000000 0.000000 0.000000 0.000000 0.000000 0.000000 0.000000 0.000000 0.000000 0.000000
0 0.648031 0.548323 0.200563 0.651687 0.628125 0.320833 2.000000 0.642188 0.300000 2.000000 0.631250 0.295833 2.000000 0.653125 0.291667 2.000000 0.612500 0.285417 1.000000 0.689063 0.318750 2.000000 0.598437 0.345833 2.000000 0.718750 0.402083 2.000000 0.564063 0.422917 2.000000 0.660937 0.400000 2.000000 0.626563 0.431250 2.000000 0.681250 0.539583 2.000000 0.621875 0.537500 2.000000 0.696875 0.670833 2.000000 0.628125 0.681250 2.000000 0.709375 0.825000 2.000000 0.642188 0.822917 2.000000
0 0.613219 0.352479 0.138781 0.332458 0.621875 0.239583 2.000000 0.623437 0.227083 2.000000 0.612500 0.227083 2.000000 0.000000 0.000000 0.000000 0.593750 0.222917 2.000000 0.639062 0.247917 1.000000 0.571875 0.247917 2.000000 0.673438 0.285417 2.000000 0.575000 0.281250 2.000000 0.626563 0.285417 1.000000 0.621875 0.279167 1.000000 0.620313 0.397917 1.000000 0.570312 0.395833 1.000000 0.000000 0.000000 0.000000 0.564063 0.487500 1.000000 0.000000 0.000000 0.000000 0.557813 0.581250 1.000000
0 0.757758 0.270948 0.117672 0.072313 0.000000 0.000000 0.000000 0.757812 0.272917 2.000000 0.751563 0.272917 2.000000 0.764062 0.262500 1.000000 0.732812 0.272917 2.000000 0.767188 0.289583 2.000000 0.721875 0.287500 2.000000 0.812500 0.287500 1.000000 0.706250 0.287500 1.000000 0.779687 0.283333 2.000000 0.748437 0.287500 2.000000 0.000000 0.000000 0.000000 0.000000 0.000000 0.000000 0.000000 0.000000 0.000000 0.000000 0.000000 0.000000 0.000000 0.000000 0.000000 0.000000 0.000000 0.000000
0 0.963203 0.056177 0.072469 0.112354 0.979688 0.033333 2.000000 0.984375 0.027083 2.000000 0.976562 0.027083 2.000000 0.990625 0.027083 2.000000 0.959375 0.031250 2.000000 0.998437 0.062500 1.000000 0.940625 0.064583 2.000000 0.000000 0.000000 0.000000 0.000000 0.000000 0.000000 0.000000 0.000000 0.000000 0.000000 0.000000 0.000000 0.000000 0.000000 0.000000 0.000000 0.000000 0.000000 0.000000 0.000000 0.000000 0.000000 0.000000 0.000000 0.000000 0.000000 0.000000 0.000000 0.000000 0.000000
0 0.755602 0.395854 0.099016 0.163833 0.754687 0.277083 1.000000 0.759375 0.272917 1.000000 0.748437 0.272917 1.000000 0.000000 0.000000 0.000000 0.732812 0.275000 1.000000 0.767188 0.283333 1.000000 0.720313 0.283333 1.000000 0.809375 0.287500 1.000000 0.700000 0.287500 1.000000 0.775000 0.281250 1.000000 0.746875 0.287500 1.000000 0.756250 0.397917 2.000000 0.717187 0.393750 1.000000 0.787500 0.391667 1.000000 0.698438 0.395833 1.000000 0.759375 0.493750 1.000000 0.709375 0.485417 1.000000
