0 0.305396 0.484586 0.192833 0.238734 0.308333 0.412500 2.000000 0.316667 0.401562 2.000000 0.295833 0.401562 2.000000 0.339583 0.407813 2.000000 0.275000 0.406250 2.000000 0.368750 0.462500 2.000000 0.258333 0.454688 2.000000 0.383333 0.531250 1.000000 0.214583 0.523438 2.000000 0.000000 0.000000 0.000000 0.000000 0.000000 0.000000 0.322917 0.565625 1.000000 0.268750 0.567187 2.000000 0.000000 0.000000 0.000000 0.000000 0.000000 0.000000 0.000000 0.000000 0.000000 0.000000 0.000000 0.000000
0 0.105927 0.492656 0.210812 0.258281 0.152083 0.429688 2.000000 0.168750 0.417187 2.000000 0.131250 0.415625 2.000000 0.000000 0.000000 0.000000 0.097917 0.417187 2.000000 0.185417 0.462500 1.000000 0.060417 0.465625 2.000000 0.000000 0.000000 0.000000 0.000000 0.000000 0.000000 0.000000 0.000000 0.000000 0.000000 0.000000 0.000000 0.000000 0.000000 0.000000 0.000000 0.000000 0.000000 0.000000 0.000000 0.000000 0.000000 0.000000 0.000000 0.000000 0.000000 0.000000 0.000000 0.000000 0.000000
0 0.226594 0.367969 0.102063 0.083969 0.000000 0.000000 0.000000 0.000000 0.000000 0.000000 0.000000 0.000000 0.000000 0.220833 0.362500 2.000000 0.000000 0.000000 0.000000 0.258333 0.367188 2.000000 0.191667 0.368750 2.000000 0.235417 0.406250 2.000000 0.000000 0.000000 0.000000 0.204167 0.370312 2.000000 0.000000 0.000000 0.000000 0.000000 0.000000 0.000000 0.000000 0.000000 0.000000 0.000000 0.000000 0.000000 0.000000 0.000000 0.000000 0.000000 0.000000 0.000000 0.000000 0.000000 0.000000
0 0.130344 0.642703 0.248688 0.373031 0.162500 0.514062 2.000000 0.177083 0.500000 2.000000 0.137500 0.496875 2.000000 0.000000 0.000000 0.000000 0.093750 0.515625 2.000000 0.193750 0.550000 2.000000 0.058333 0.590625 2.000000 0.000000 0.000000 0.000000 0.118750 0.737500 2.000000 0.000000 0.000000 0.000000 0.000000 0.000000 0.000000 0.000000 0.000000 0.000000 0.068750 0.768750 2.000000 0.000000 0.000000 0.000000 0.000000 0.000000 0.000000 0.000000 0.000000 0.000000 0.000000 0.000000 0.000000
0 0.816937 0.307453 0.113583 0.098812 0.000000 0.000000 0.000000 0.000000 0.000000 0.000000 0.000000 0.000000 0.000000 0.000000 0.000000 0.000000 0.862500 0.285938 2.000000 0.808333 0.300000 2.000000 0.827083 0.307812 2.000000 0.768750 0.335938 2.000000 0.864583 0.334375 1.000000 0.000000 0.000000 0.000000 0.000000 0.000000 0.000000 0.000000 0.000000 0.000000 0.000000 0.000000 0.000000 0.000000 0.000000 0.000000 0.000000 0.000000 0.000000 0.000000 0.000000 0.000000 0.000000 0.000000 0.000000
0 0.057875 0.368250 0.115750 0.090906 0.054167 0.356250 2.000000 0.062500 0.351562 2.000000 0.052083 0.348438 2.000000 0.089583 0.351562 2.000000 0.000000 0.000000 0.000000 0.116667 0.368750 1.000000 0.041667 0.367188 2.000000 0.000000 0.000000 0.000000 0.008333 0.401562 2.000000 0.000000 0.000000 0.000000 0.066667 0.404687 1.000000 0.108333 0.451562 1.000000 0.050000 0.451562 1.000000 0.000000 0.000000 0.000000 0.000000 0.000000 0.000000 0.000000 0.000000 0.000000 0.000000 0.000000 0.000000
0 0.337938 0.351336 0.079958 0.085609 0.318750 0.331250 2.000000 0.322917 0.326562 2.000000 0.000000 0.000000 0.000000 0.337500 0.328125 2.000000 0.000000 0.000000 0.000000 0.350000 0.343750 2.000000 0.354167 0.339062 2.000000 0.337500 0.370312 2.000000 0.335417 0.364063 2.000000 0.314583 0.353125 2.000000 0.327083 0.342187 2.000000 0.000000 0.000000 0.000000 0.000000 0.000000 0.000000 0.000000 0.000000 0.000000 0.000000 0.000000 0.000000 0.000000 0.000000 0.000000 0.000000 0.000000 0.000000
0 0.873406 0.624719 0.206729 0.485406 0.829167 0.459375 2.000000 0.852083 0.442188 2.000000 0.814583 0.448437 2.000000 0.912500 0.443750 2.000000 0.000000 0.000000 0.000000 0.950000 0.540625 2.000000 0.835417 0.521875 2.000000 0.931250 0.642188 2.000000 0.795833 0.623437 2.000000 0.795833 0.748437 1.000000 0.695833 0.589063 1.000000 0.845833 0.731250 2.000000 0.777083 0.701562 1.000000 0.000000 0.000000 0.000000 0.000000 0.000000 0.000000 0.000000 0.000000 0.000000 0.000000 0.000000 0.000000
0 0.805427 0.470352 0.186021 0.253703 0.787500 0.407813 2.000000 0.812500 0.393750 2.000000 0.787500 0.395313 2.000000 0.000000 0.000000 0.000000 0.000000 0.000000 0.000000 0.000000 0.000000 0.000000 0.787500 0.450000 1.000000 0.000000 0.000000 0.000000 0.756250 0.556250 2.000000 0.760417 0.584375 2.000000 0.000000 0.000000 0.000000 0.789583 0.590625 2.000000 0.770833 0.573438 2.000000 0.000000 0.000000 0.000000 0.000000 0.000000 0.000000 0.000000 0.000000 0.000000 0.000000 0.000000 0.000000
0 0.529365 0.432398 0.267313 0.193641 0.468750 0.392188 2.000000 0.481250 0.382812 2.000000 0.458333 0.384375 2.000000 0.512500 0.376563 2.000000 0.000000 0.000000 0.000000 0.564583 0.409375 2.000000 0.445833 0.415625 2.000000 0.637500 0.451562 2.000000 0.406250 0.481250 2.000000 0.616667 0.500000 2.000000 0.416667 0.531250 1.000000 0.556250 0.545312 1.000000 0.481250 0.545312 1.000000 0.000000 0.000000 0.000000 0.000000 0.000000 0.000000 0.000000 0.000000 0.000000 0.000000 0.000000 0.000000
