0 0.448195 0.603914 0.046422 0.240617 0.000000 0.000000 0.000000 0.000000 0.000000 0.000000 0.000000 0.000000 0.000000 0.000000 0.000000 0.000000 0.000000 0.000000 0.000000 0.434375 0.520988 2.000000 0.464062 0.518519 1.000000 0.000000 0.000000 0.000000 0.000000 0.000000 0.000000 0.000000 0.000000 0.000000 0.000000 0.000000 0.000000 0.434375 0.590123 2.000000 0.454688 0.590123 2.000000 0.432812 0.661728 2.000000 0.451562 0.659259 2.000000 0.434375 0.711111 2.000000 0.445312 0.708642 2.000000
0 0.281062 0.599556 0.059781 0.234667 0.000000 0.000000 0.000000 0.000000 0.000000 0.000000 0.000000 0.000000 0.000000 0.281250 0.493827 2.000000 0.295312 0.493827 2.000000 0.268750 0.516049 2.000000 0.296875 0.516049 2.000000 0.256250 0.558025 2.000000 0.303125 0.555556 2.000000 0.276562 0.548148 2.000000 0.301563 0.582716 2.000000 0.275000 0.577778 2.000000 0.293750 0.577778 2.000000 0.276562 0.649383 2.000000 0.290625 0.646914 2.000000 0.276562 0.701235 2.000000 0.289062 0.701235 2.000000
0 0.363102 0.624049 0.045328 0.195210 0.000000 0.000000 0.000000 0.000000 0.000000 0.000000 0.000000 0.000000 0.000000 0.000000 0.000000 0.000000 0.000000 0.000000 0.000000 0.346875 0.543210 2.000000 0.373437 0.540741 2.000000 0.346875 0.575309 2.000000 0.379688 0.575309 2.000000 0.000000 0.000000 0.000000 0.000000 0.000000 0.000000 0.351562 0.622222 2.000000 0.370312 0.622222 2.000000 0.351562 0.661728 2.000000 0.365625 0.666667 2.000000 0.350000 0.708642 2.000000 0.364063 0.708642 2.000000
0 0.593398 0.624728 0.042922 0.196617 0.000000 0.000000 0.000000 0.000000 0.000000 0.000000 0.000000 0.000000 0.000000 0.000000 0.000000 0.000000 0.000000 0.000000 0.000000 0.584375 0.553086 2.000000 0.604688 0.553086 2.000000 0.578125 0.597531 2.000000 0.610938 0.585185 2.000000 0.000000 0.000000 0.000000 0.000000 0.000000 0.000000 0.584375 0.617284 2.000000 0.601562 0.617284 2.000000 0.587500 0.671605 2.000000 0.603125 0.669136 2.000000 0.589063 0.708642 2.000000 0.603125 0.708642 2.000000
0 0.838625 0.635605 0.043844 0.228938 0.000000 0.000000 0.000000 0.000000 0.000000 0.000000 0.000000 0.000000 0.000000 0.000000 0.000000 0.000000 0.000000 0.000000 0.000000 0.851562 0.543210 2.000000 0.821875 0.540741 2.000000 0.853125 0.580247 2.000000 0.000000 0.000000 0.000000 0.835938 0.553086 2.000000 0.000000 0.000000 0.000000 0.842187 0.607407 2.000000 0.825000 0.607407 2.000000 0.840625 0.656790 2.000000 0.821875 0.659259 2.000000 0.839063 0.708642 2.000000 0.823438 0.716049 2.000000
0 0.650969 0.633926 0.042031 0.197580 0.000000 0.000000 0.000000 0.000000 0.000000 0.000000 0.000000 0.000000 0.000000 0.000000 0.000000 0.000000 0.000000 0.000000 0.000000 0.635938 0.558025 2.000000 0.654687 0.558025 2.000000 0.000000 0.000000 0.000000 0.664062 0.600000 2.000000 0.000000 0.000000 0.000000 0.000000 0.000000 0.000000 0.643750 0.629630 2.000000 0.659375 0.632099 2.000000 0.651563 0.669136 2.000000 0.656250 0.671605 2.000000 0.000000 0.000000 0.000000 0.000000 0.000000 0.000000
0 0.752859 0.620333 0.050094 0.220469 0.000000 0.000000 0.000000 0.000000 0.000000 0.000000 0.000000 0.000000 0.000000 0.000000 0.000000 0.000000 0.000000 0.000000 0.000000 0.754687 0.565432 2.000000 0.757812 0.555556 2.000000 0.000000 0.000000 0.000000 0.000000 0.000000 0.000000 0.000000 0.000000 0.000000 0.000000 0.000000 0.000000 0.751563 0.627160 2.000000 0.756250 0.624691 2.000000 0.750000 0.679012 2.000000 0.748437 0.674074 2.000000 0.753125 0.711111 2.000000 0.756250 0.698765 2.000000
0 0.195250 0.590519 0.046906 0.240198 0.000000 0.000000 0.000000 0.000000 0.000000 0.000000 0.000000 0.000000 0.000000 0.000000 0.000000 0.000000 0.200000 0.486420 2.000000 0.179688 0.508642 2.000000 0.203125 0.508642 2.000000 0.173437 0.545679 1.000000 0.212500 0.545679 2.000000 0.000000 0.000000 0.000000 0.000000 0.000000 0.000000 0.182812 0.592593 1.000000 0.201563 0.590123 2.000000 0.185938 0.649383 2.000000 0.212500 0.639506 2.000000 0.000000 0.000000 0.000000 0.203125 0.686420 2.000000
0 0.560172 0.626407 0.041000 0.199679 0.000000 0.000000 0.000000 0.000000 0.000000 0.000000 0.000000 0.000000 0.000000 0.000000 0.000000 0.000000 0.000000 0.000000 0.000000 0.550000 0.560494 2.000000 0.575000 0.553086 2.000000 0.000000 0.000000 0.000000 0.000000 0.000000 0.000000 0.000000 0.000000 0.000000 0.000000 0.000000 0.000000 0.554688 0.614815 2.000000 0.573438 0.614815 2.000000 0.559375 0.659259 2.000000 0.575000 0.661728 1.000000 0.557813 0.703704 2.000000 0.575000 0.701235 1.000000
0 0.503234 0.639210 0.049562 0.170815 0.000000 0.000000 0.000000 0.000000 0.000000 0.000000 0.000000 0.000000 0.000000 0.000000 0.000000 0.000000 0.000000 0.000000 0.000000 0.000000 0.000000 0.000000 0.515625 0.572840 2.000000 0.000000 0.000000 0.000000 0.514062 0.604938 2.000000 0.000000 0.000000 0.000000 0.000000 0.000000 0.000000 0.493750 0.629630 2.000000 0.506250 0.627160 2.000000 0.495312 0.669136 2.000000 0.507812 0.669136 2.000000 0.495312 0.698765 2.000000 0.503125 0.708642 2.000000
0 0.026789 0.581679 0.045953 0.290519 0.000000 0.000000 0.000000 0.000000 0.000000 0.000000 0.000000 0.000000 0.000000 0.000000 0.000000 0.000000 0.000000 0.000000 0.000000 0.039062 0.483951 2.000000 0.000000 0.000000 0.000000 0.043750 0.513580 2.000000 0.000000 0.000000 0.000000 0.018750 0.516049 1.000000 0.000000 0.000000 0.000000 0.026562 0.558025 2.000000 0.000000 0.000000 0.000000 0.025000 0.624691 2.000000 0.000000 0.000000 0.000000 0.023438 0.693827 2.000000 0.000000 0.000000 0.000000
0 0.697531 0.618173 0.062594 0.229827 0.709375 0.535802 2.000000 0.715625 0.528395 2.000000 0.706250 0.525926 2.000000 0.000000 0.000000 0.000000 0.698438 0.525926 1.000000 0.717187 0.540741 2.000000 0.689063 0.540741 1.000000 0.721875 0.570370 2.000000 0.673438 0.565432 2.000000 0.718750 0.590123 2.000000 0.684375 0.587654 2.000000 0.709375 0.609877 2.000000 0.692187 0.609877 2.000000 0.703125 0.664198 2.000000 0.692187 0.666667 2.000000 0.700000 0.706173 2.000000 0.690625 0.706173 2.000000
