0 0.458242 0.527656 0.290922 0.699563 0.457813 0.393750 2.000000 0.462500 0.354167 2.000000 0.431250 0.379167 2.000000 0.000000 0.000000 0.000000 0.365625 0.402083 2.000000 0.470313 0.437500 2.000000 0.354687 0.491667 2.000000 0.507812 0.550000 2.000000 0.340625 0.647917 2.000000 0.557813 0.641667 2.000000 0.385937 0.775000 1.000000 0.460938 0.704167 2.000000 0.387500 0.743750 2.000000 0.000000 0.000000 0.000000 0.000000 0.000000 0.000000 0.000000 0.000000 0.000000 0.000000 0.000000 0.000000
0 0.269422 0.492115 0.535469 0.981979 0.254688 0.247917 2.000000 0.273438 0.193750 2.000000 0.245312 0.206250 2.000000 0.000000 0.000000 0.000000 0.134375 0.162500 2.000000 0.093750 0.314583 2.000000 0.054688 0.489583 2.000000 0.032813 0.489583 2.000000 0.176563 0.818750 2.000000 0.189062 0.533333 2.000000 0.448437 0.777083 2.000000 0.142187 0.808333 2.000000 0.093750 0.945833 2.000000 0.000000 0.000000 0.000000 0.000000 0.000000 0.000000 0.000000 0.000000 0.000000 0.000000 0.000000 0.000000
0 0.578086 0.500000 0.182016 0.393250 0.590625 0.443750 2.000000 0.612500 0.425000 2.000000 0.570312 0.422917 2.000000 0.639062 0.408333 2.000000 0.542188 0.410417 2.000000 0.654687 0.506250 2.000000 0.523438 0.500000 2.000000 0.000000 0.000000 0.000000 0.495312 0.604167 2.000000 0.000000 0.000000 0.000000 0.532813 0.704167 1.000000 0.000000 0.000000 0.000000 0.000000 0.000000 0.000000 0.000000 0.000000 0.000000 0.000000 0.000000 0.000000 0.000000 0.000000 0.000000 0.000000 0.000000 0.000000
0 0.734063 0.442260 0.159406 0.315437 0.723437 0.414583 2.000000 0.743750 0.395833 2.000000 0.712500 0.385417 2.000000 0.765625 0.393750 2.000000 0.696875 0.362500 2.000000 0.748437 0.418750 2.000000 0.682813 0.435417 2.000000 0.748437 0.495833 1.000000 0.681250 0.533333 2.000000 0.782813 0.533333 1.000000 0.754687 0.566667 2.000000 0.704688 0.541667 2.000000 0.667188 0.564583 1.000000 0.000000 0.000000 0.000000 0.000000 0.000000 0.000000 0.000000 0.000000 0.000000 0.000000 0.000000 0.000000
0 0.806852 0.263281 0.154641 0.339438 0.818750 0.220833 2.000000 0.840625 0.212500 2.000000 0.807813 0.197917 2.000000 0.854688 0.227083 2.000000 0.784375 0.191667 2.000000 0.845313 0.264583 2.000000 0.754687 0.252083 2.000000 0.840625 0.335417 2.000000 0.731250 0.337500 1.000000 0.860938 0.418750 1.000000 0.739062 0.431250 1.000000 0.796875 0.420833 1.000000 0.745313 0.418750 1.000000 0.000000 0.000000 0.000000 0.000000 0.000000 0.000000 0.000000 0.000000 0.000000 0.000000 0.000000 0.000000
0 0.452117 0.239719 0.243422 0.476479 0.000000 0.000000 0.000000 0.000000 0.000000 0.000000 0.000000 0.000000 0.000000 0.000000 0.000000 0.000000 0.000000 0.000000 0.000000 0.495312 0.010417 2.000000 0.364063 0.029167 2.000000 0.507812 0.127083 2.000000 0.390625 0.200000 1.000000 0.534375 0.154167 2.000000 0.481250 0.154167 2.000000 0.489063 0.295833 1.000000 0.401562 0.327083 1.000000 0.489063 0.500000 1.000000 0.426563 0.531250 1.000000 0.000000 0.000000 0.000000 0.000000 0.000000 0.000000
0 0.954617 0.377187 0.090766 0.192083 0.000000 0.000000 0.000000 0.000000 0.000000 0.000000 0.000000 0.000000 0.000000 0.000000 0.000000 0.000000 0.000000 0.000000 0.000000 0.000000 0.000000 0.000000 0.987500 0.350000 2.000000 0.000000 0.000000 0.000000 0.926562 0.414583 2.000000 0.000000 0.000000 0.000000 0.992188 0.452083 2.000000 0.000000 0.000000 0.000000 0.000000 0.000000 0.000000 0.000000 0.000000 0.000000 0.000000 0.000000 0.000000 0.000000 0.000000 0.000000 0.000000 0.000000 0.000000
0 0.854805 0.207187 0.201297 0.407542 0.000000 0.000000 0.000000 0.000000 0.000000 0.000000 0.000000 0.000000 0.000000 0.000000 0.000000 0.000000 0.000000 0.000000 0.000000 0.935937 0.006250 1.000000 0.800000 0.008333 2.000000 0.920312 0.147917 2.000000 0.762500 0.120833 2.000000 0.867188 0.100000 2.000000 0.806250 0.075000 2.000000 0.871875 0.225000 2.000000 0.789062 0.206250 1.000000 0.860938 0.422917 1.000000 0.000000 0.000000 0.000000 0.000000 0.000000 0.000000 0.000000 0.000000 0.000000
0 0.434031 0.290073 0.146000 0.390271 0.446875 0.235417 2.000000 0.456250 0.210417 2.000000 0.431250 0.216667 1.000000 0.000000 0.000000 0.000000 0.387500 0.222917 1.000000 0.468750 0.285417 2.000000 0.400000 0.295833 1.000000 0.485938 0.406250 2.000000 0.000000 0.000000 0.000000 0.000000 0.000000 0.000000 0.000000 0.000000 0.000000 0.000000 0.000000 0.000000 0.000000 0.000000 0.000000 0.000000 0.000000 0.000000 0.000000 0.000000 0.000000 0.000000 0.000000 0.000000 0.000000 0.000000 0.000000
0 0.920273 0.627156 0.159453 0.074521 0.000000 0.000000 0.000000 0.000000 0.000000 0.000000 0.000000 0.000000 0.000000 0.000000 0.000000 0.000000 0.000000 0.000000 0.000000 0.000000 0.000000 0.000000 0.000000 0.000000 0.000000 0.000000 0.000000 0.000000 0.000000 0.000000 0.000000 0.000000 0.000000 0.000000 0.904687 0.622917 2.000000 0.000000 0.000000 0.000000 0.000000 0.000000 0.000000 0.000000 0.000000 0.000000 0.000000 0.000000 0.000000 0.000000 0.000000 0.000000 0.000000 0.000000 0.000000
