0 0.549414 0.509873 0.386078 0.966441 0.371875 0.156780 2.000000 0.389062 0.133475 2.000000 0.000000 0.000000 0.000000 0.443750 0.150424 2.000000 0.000000 0.000000 0.000000 0.540625 0.201271 2.000000 0.381250 0.264831 2.000000 0.592187 0.324153 2.000000 0.495312 0.391949 2.000000 0.667188 0.377119 2.000000 0.639062 0.360169 2.000000 0.554688 0.612288 2.000000 0.446875 0.631356 2.000000 0.512500 0.887712 2.000000 0.415625 0.927966 2.000000 0.000000 0.000000 0.000000 0.000000 0.000000 0.000000
0 0.235930 0.135456 0.221078 0.270911 0.000000 0.000000 0.000000 0.000000 0.000000 0.000000 0.000000 0.000000 0.000000 0.000000 0.000000 0.000000 0.000000 0.000000 0.000000 0.000000 0.000000 0.000000 0.000000 0.000000 0.000000 0.301563 0.065678 2.000000 0.142187 0.088983 2.000000 0.237500 0.038136 2.000000 0.134375 0.173729 2.000000 0.267188 0.213983 1.000000 0.168750 0.207627 2.000000 0.259375 0.387712 1.000000 0.157812 0.372881 1.000000 0.000000 0.000000 0.000000 0.000000 0.000000 0.000000
0 0.733367 0.126939 0.157078 0.248877 0.000000 0.000000 0.000000 0.000000 0.000000 0.000000 0.000000 0.000000 0.000000 0.000000 0.000000 0.000000 0.000000 0.000000 0.000000 0.000000 0.000000 0.000000 0.000000 0.000000 0.000000 0.000000 0.000000 0.000000 0.806250 0.101695 2.000000 0.000000 0.000000 0.000000 0.000000 0.000000 0.000000 0.670312 0.194915 2.000000 0.743750 0.197034 1.000000 0.000000 0.000000 0.000000 0.000000 0.000000 0.000000 0.000000 0.000000 0.000000 0.000000 0.000000 0.000000
0 0.985086 0.138114 0.029828 0.267034 0.000000 0.000000 0.000000 0.000000 0.000000 0.000000 0.000000 0.000000 0.000000 0.000000 0.000000 0.000000 0.000000 0.000000 0.000000 0.000000 0.000000 0.000000 0.000000 0.000000 0.000000 0.990625 0.082627 2.000000 0.000000 0.000000 0.000000 0.984375 0.171610 2.000000 0.000000 0.000000 0.000000 0.000000 0.000000 0.000000 0.000000 0.000000 0.000000 0.000000 0.000000 0.000000 0.000000 0.000000 0.000000 0.000000 0.000000 0.000000 0.000000 0.000000 0.000000
0 0.835875 0.077108 0.066375 0.113411 0.000000 0.000000 0.000000 0.000000 0.000000 0.000000 0.000000 0.000000 0.000000 0.000000 0.000000 0.000000 0.859375 0.065678 2.000000 0.000000 0.000000 0.000000 0.000000 0.000000 0.000000 0.000000 0.000000 0.000000 0.000000 0.000000 0.000000 0.000000 0.000000 0.000000 0.000000 0.000000 0.000000 0.000000 0.000000 0.000000 0.000000 0.000000 0.000000 0.000000 0.000000 0.000000 0.000000 0.000000 0.000000 0.000000 0.000000 0.000000 0.000000 0.000000 0.000000
0 0.806125 0.393718 0.259625 0.535869 0.815625 0.203390 2.000000 0.828125 0.194915 2.000000 0.804688 0.194915 2.000000 0.864062 0.203390 2.000000 0.000000 0.000000 0.000000 0.889062 0.292373 2.000000 0.778125 0.300847 2.000000 0.909375 0.432203 2.000000 0.771875 0.413136 2.000000 0.806250 0.472458 2.000000 0.735938 0.455508 2.000000 0.875000 0.487288 2.000000 0.795312 0.472458 2.000000 0.771875 0.546610 2.000000 0.700000 0.546610 2.000000 0.709375 0.722458 1.000000 0.751563 0.703390 1.000000
0 0.910977 0.207839 0.117141 0.246737 0.868750 0.154661 1.000000 0.884375 0.137712 2.000000 0.000000 0.000000 0.000000 0.907813 0.148305 2.000000 0.000000 0.000000 0.000000 0.943750 0.250000 2.000000 0.856250 0.250000 1.000000 0.945312 0.366525 1.000000 0.000000 0.000000 0.000000 0.000000 0.000000 0.000000 0.000000 0.000000 0.000000 0.940625 0.438559 1.000000 0.860938 0.430085 1.000000 0.000000 0.000000 0.000000 0.000000 0.000000 0.000000 0.000000 0.000000 0.000000 0.000000 0.000000 0.000000
0 0.725320 0.183898 0.169859 0.261229 0.715625 0.139831 2.000000 0.731250 0.127119 2.000000 0.710938 0.127119 2.000000 0.764062 0.135593 2.000000 0.000000 0.000000 0.000000 0.790625 0.226695 2.000000 0.676562 0.230932 1.000000 0.000000 0.000000 0.000000 0.000000 0.000000 0.000000 0.000000 0.000000 0.000000 0.000000 0.000000 0.000000 0.000000 0.000000 0.000000 0.000000 0.000000 0.000000 0.000000 0.000000 0.000000 0.000000 0.000000 0.000000 0.000000 0.000000 0.000000 0.000000 0.000000 0.000000
0 0.309977 0.177405 0.116922 0.206801 0.323437 0.167373 2.000000 0.334375 0.154661 2.000000 0.317188 0.152542 2.000000 0.357812 0.163136 2.000000 0.000000 0.000000 0.000000 0.384375 0.226695 1.000000 0.284375 0.216102 2.000000 0.000000 0.000000 0.000000 0.253125 0.264831 2.000000 0.367188 0.281780 1.000000 0.276562 0.275424 1.000000 0.000000 0.000000 0.000000 0.000000 0.000000 0.000000 0.000000 0.000000 0.000000 0.000000 0.000000 0.000000 0.000000 0.000000 0.000000 0.000000 0.000000 0.000000
0 0.601633 0.151578 0.137234 0.303157 0.000000 0.000000 0.000000 0.000000 0.000000 0.000000 0.000000 0.000000 0.000000 0.000000 0.000000 0.000000 0.000000 0.000000 0.000000 0.000000 0.000000 0.000000 0.000000 0.000000 0.000000 0.560937 0.122881 2.000000 0.000000 0.000000 0.000000 0.000000 0.000000 0.000000 0.000000 0.000000 0.000000 0.596875 0.218220 1.000000 0.000000 0.000000 0.000000 0.000000 0.000000 0.000000 0.000000 0.000000 0.000000 0.000000 0.000000 0.000000 0.000000 0.000000 0.000000
