0 0.951953 0.441577 0.064719 0.312351 0.943750 0.305155 2.000000 0.946875 0.298969 2.000000 0.939063 0.301031 2.000000 0.956250 0.309278 2.000000 0.934375 0.309278 2.000000 0.953125 0.342268 2.000000 0.000000 0.000000 0.000000 0.954688 0.385567 2.000000 0.000000 0.000000 0.000000 0.956250 0.424742 2.000000 0.000000 0.000000 0.000000 0.943750 0.420619 2.000000 0.951562 0.422680 2.000000 0.953125 0.501031 2.000000 0.962500 0.486598 2.000000 0.967187 0.567010 2.000000 0.970313 0.544330 2.000000
0 0.875594 0.431402 0.092563 0.351959 0.876563 0.284536 2.000000 0.881250 0.280412 2.000000 0.873437 0.280412 2.000000 0.887500 0.290722 2.000000 0.865625 0.286598 2.000000 0.900000 0.334021 2.000000 0.848437 0.329897 2.000000 0.914062 0.375258 2.000000 0.839063 0.369072 2.000000 0.898438 0.383505 2.000000 0.864062 0.377320 2.000000 0.889062 0.416495 2.000000 0.857812 0.416495 2.000000 0.881250 0.498969 2.000000 0.859375 0.498969 2.000000 0.876563 0.569072 2.000000 0.851562 0.569072 2.000000
0 0.813656 0.449680 0.068937 0.319856 0.807813 0.331959 2.000000 0.810937 0.325773 2.000000 0.803125 0.327835 2.000000 0.815625 0.321649 2.000000 0.793750 0.323711 2.000000 0.826562 0.354639 2.000000 0.787500 0.360825 2.000000 0.835938 0.381443 2.000000 0.795312 0.389691 1.000000 0.835938 0.400000 2.000000 0.806250 0.402062 2.000000 0.823438 0.437113 2.000000 0.803125 0.441237 2.000000 0.823438 0.511340 2.000000 0.807813 0.509278 2.000000 0.821875 0.573196 2.000000 0.809375 0.577320 2.000000
0 0.763789 0.463649 0.066516 0.296165 0.760938 0.342268 2.000000 0.764062 0.336082 2.000000 0.756250 0.336082 2.000000 0.000000 0.000000 0.000000 0.000000 0.000000 0.000000 0.784375 0.367010 2.000000 0.740625 0.371134 2.000000 0.792188 0.418557 2.000000 0.739062 0.418557 2.000000 0.784375 0.418557 2.000000 0.753125 0.418557 2.000000 0.778125 0.445361 2.000000 0.756250 0.445361 2.000000 0.778125 0.503093 2.000000 0.753125 0.501031 2.000000 0.779687 0.564948 2.000000 0.756250 0.562887 2.000000
0 0.706828 0.465155 0.068344 0.294103 0.695312 0.346392 2.000000 0.698438 0.340206 2.000000 0.690625 0.342268 2.000000 0.707812 0.346392 2.000000 0.687500 0.346392 2.000000 0.725000 0.375258 2.000000 0.675000 0.381443 1.000000 0.734375 0.418557 1.000000 0.668750 0.422680 1.000000 0.720313 0.420619 2.000000 0.678125 0.420619 1.000000 0.718750 0.453608 2.000000 0.690625 0.453608 2.000000 0.720313 0.517526 2.000000 0.695312 0.519588 2.000000 0.725000 0.564948 2.000000 0.696875 0.573196 2.000000
0 0.644734 0.458577 0.072656 0.316412 0.640625 0.336082 2.000000 0.643750 0.329897 2.000000 0.635938 0.329897 2.000000 0.000000 0.000000 0.000000 0.000000 0.000000 0.000000 0.660937 0.364948 1.000000 0.626563 0.364948 2.000000 0.675000 0.426804 1.000000 0.618750 0.391753 2.000000 0.657813 0.416495 2.000000 0.620313 0.426804 1.000000 0.653125 0.439175 2.000000 0.631250 0.437113 2.000000 0.656250 0.509278 2.000000 0.632812 0.505155 2.000000 0.657813 0.579381 2.000000 0.635938 0.575258 2.000000
0 0.532156 0.467381 0.072875 0.326804 0.532813 0.331959 2.000000 0.537500 0.327835 2.000000 0.526563 0.327835 2.000000 0.000000 0.000000 0.000000 0.000000 0.000000 0.000000 0.551562 0.369072 2.000000 0.512500 0.367010 2.000000 0.564063 0.402062 2.000000 0.504687 0.395876 2.000000 0.551562 0.420619 2.000000 0.509375 0.412371 2.000000 0.545312 0.443299 2.000000 0.523438 0.443299 2.000000 0.545312 0.521649 2.000000 0.525000 0.523711 2.000000 0.543750 0.600000 2.000000 0.526563 0.602062 2.000000
0 0.475648 0.454381 0.074203 0.352763 0.476562 0.311340 2.000000 0.479687 0.303093 2.000000 0.470313 0.305155 2.000000 0.487500 0.309278 2.000000 0.467187 0.311340 1.000000 0.504687 0.346392 2.000000 0.453125 0.348454 2.000000 0.515625 0.391753 1.000000 0.445312 0.389691 2.000000 0.503125 0.418557 2.000000 0.468750 0.397938 2.000000 0.492188 0.430928 2.000000 0.467187 0.430928 2.000000 0.492188 0.521649 2.000000 0.467187 0.519588 2.000000 0.492188 0.587629 2.000000 0.470313 0.583505 2.000000
0 0.410469 0.459062 0.075125 0.316887 0.403125 0.334021 2.000000 0.407813 0.325773 2.000000 0.398438 0.323711 2.000000 0.000000 0.000000 0.000000 0.000000 0.000000 0.000000 0.426563 0.360825 2.000000 0.384375 0.364948 2.000000 0.443750 0.426804 2.000000 0.379688 0.420619 2.000000 0.437500 0.418557 2.000000 0.392188 0.418557 2.000000 0.420312 0.447423 2.000000 0.401562 0.449485 2.000000 0.425000 0.515464 2.000000 0.404687 0.515464 2.000000 0.429688 0.577320 2.000000 0.410938 0.581443 2.000000
0 0.295992 0.457258 0.067672 0.353979 0.281250 0.309278 2.000000 0.285938 0.305155 2.000000 0.276562 0.305155 2.000000 0.293750 0.309278 2.000000 0.270313 0.311340 2.000000 0.303125 0.348454 2.000000 0.264062 0.352577 1.000000 0.318750 0.402062 2.000000 0.000000 0.000000 0.000000 0.304688 0.418557 2.000000 0.000000 0.000000 0.000000 0.296875 0.445361 2.000000 0.271875 0.447423 2.000000 0.301563 0.534021 2.000000 0.282813 0.534021 2.000000 0.303125 0.591753 2.000000 0.282813 0.597938 2.000000
0 0.173016 0.475361 0.066594 0.351505 0.170313 0.331959 2.000000 0.173437 0.319588 2.000000 0.162500 0.323711 2.000000 0.181250 0.323711 2.000000 0.157812 0.323711 2.000000 0.195312 0.358763 2.000000 0.145313 0.364948 2.000000 0.193750 0.393814 2.000000 0.148438 0.414433 2.000000 0.195312 0.443299 2.000000 0.162500 0.428866 2.000000 0.190625 0.463918 2.000000 0.150000 0.463918 2.000000 0.192188 0.521649 2.000000 0.157812 0.515464 2.000000 0.192188 0.614433 2.000000 0.164062 0.612371 2.000000
0 0.348367 0.468897 0.065172 0.317629 0.339062 0.342268 2.000000 0.342187 0.334021 2.000000 0.334375 0.334021 2.000000 0.000000 0.000000 0.000000 0.000000 0.000000 0.000000 0.362500 0.373196 2.000000 0.323437 0.373196 1.000000 0.370312 0.410309 2.000000 0.318750 0.406186 1.000000 0.362500 0.437113 2.000000 0.321875 0.432990 2.000000 0.354687 0.449485 2.000000 0.335938 0.447423 2.000000 0.359375 0.521649 2.000000 0.337500 0.519588 2.000000 0.365625 0.581443 2.000000 0.337500 0.591753 2.000000
0 0.238406 0.465670 0.084156 0.371423 0.232813 0.315464 2.000000 0.237500 0.311340 2.000000 0.226562 0.311340 2.000000 0.243750 0.315464 2.000000 0.218750 0.315464 2.000000 0.256250 0.358763 2.000000 0.209375 0.367010 2.000000 0.270313 0.400000 2.000000 0.204687 0.406186 2.000000 0.251563 0.437113 2.000000 0.228125 0.441237 2.000000 0.256250 0.459794 2.000000 0.223438 0.463918 2.000000 0.253125 0.536082 2.000000 0.226562 0.536082 2.000000 0.253125 0.606186 2.000000 0.231250 0.610309 2.000000
