0 0.624359 0.545047 0.178812 0.646393 0.648438 0.299766 2.000000 0.659375 0.285714 2.000000 0.642188 0.283372 2.000000 0.678125 0.297424 2.000000 0.000000 0.000000 0.000000 0.682813 0.355972 2.000000 0.628125 0.362998 2.000000 0.621875 0.433255 2.000000 0.000000 0.000000 0.000000 0.570312 0.419204 2.000000 0.000000 0.000000 0.000000 0.671875 0.524590 2.000000 0.623437 0.508197 2.000000 0.626563 0.723653 2.000000 0.596875 0.620609 2.000000 0.623437 0.840749 2.000000 0.570312 0.747073 2.000000
0 0.686758 0.483770 0.231797 0.656768 0.709375 0.257611 2.000000 0.720313 0.245902 2.000000 0.704688 0.245902 2.000000 0.737500 0.255269 2.000000 0.000000 0.000000 0.000000 0.768750 0.330211 2.000000 0.675000 0.311475 1.000000 0.803125 0.440281 1.000000 0.620313 0.295082 2.000000 0.000000 0.000000 0.000000 0.587500 0.220141 2.000000 0.746875 0.515222 2.000000 0.678125 0.505855 1.000000 0.721875 0.667447 2.000000 0.681250 0.674473 2.000000 0.721875 0.805621 1.000000 0.707812 0.702576 1.000000
0 0.835984 0.499415 0.328031 0.742482 0.731250 0.222482 2.000000 0.739062 0.201405 2.000000 0.000000 0.000000 0.000000 0.773438 0.194379 2.000000 0.000000 0.000000 0.000000 0.803125 0.255269 2.000000 0.784375 0.278689 2.000000 0.842187 0.358314 2.000000 0.000000 0.000000 0.000000 0.798438 0.461358 2.000000 0.000000 0.000000 0.000000 0.857812 0.444965 2.000000 0.834375 0.456674 2.000000 0.940625 0.627635 2.000000 0.765625 0.608899 2.000000 0.000000 0.000000 0.000000 0.742188 0.803279 2.000000
0 0.095203 0.538208 0.190406 0.662927 0.123438 0.264637 2.000000 0.132812 0.252927 2.000000 0.115625 0.250585 2.000000 0.146875 0.271663 2.000000 0.101562 0.269321 1.000000 0.165625 0.360656 2.000000 0.060937 0.344262 2.000000 0.171875 0.442623 2.000000 0.043750 0.426230 2.000000 0.178125 0.526932 2.000000 0.026562 0.482436 2.000000 0.128125 0.533958 2.000000 0.053125 0.526932 2.000000 0.120313 0.662763 2.000000 0.034375 0.669789 2.000000 0.140625 0.786885 2.000000 0.010937 0.824356 2.000000
0 0.086961 0.471909 0.167922 0.741569 0.100000 0.161593 2.000000 0.107813 0.145199 2.000000 0.090625 0.149883 2.000000 0.115625 0.154567 2.000000 0.076563 0.163934 2.000000 0.142187 0.224824 2.000000 0.048438 0.245902 2.000000 0.156250 0.351288 1.000000 0.053125 0.360656 1.000000 0.000000 0.000000 0.000000 0.000000 0.000000 0.000000 0.118750 0.442623 1.000000 0.051562 0.437939 1.000000 0.087500 0.604215 1.000000 0.031250 0.604215 1.000000 0.067187 0.761124 2.000000 0.000000 0.000000 0.000000
0 0.528648 0.567400 0.142922 0.432927 0.575000 0.386417 2.000000 0.578125 0.377049 2.000000 0.567187 0.377049 2.000000 0.000000 0.000000 0.000000 0.557813 0.379391 2.000000 0.570312 0.421546 1.000000 0.556250 0.421546 1.000000 0.000000 0.000000 0.000000 0.534375 0.489461 2.000000 0.000000 0.000000 0.000000 0.578125 0.512881 2.000000 0.576562 0.578454 2.000000 0.556250 0.576112 2.000000 0.590625 0.667447 1.000000 0.540625 0.665105 2.000000 0.593750 0.772834 1.000000 0.478125 0.714286 2.000000
0 0.808734 0.603759 0.078563 0.411593 0.000000 0.000000 0.000000 0.000000 0.000000 0.000000 0.000000 0.000000 0.000000 0.000000 0.000000 0.000000 0.000000 0.000000 0.000000 0.815625 0.388759 1.000000 0.757812 0.379391 1.000000 0.000000 0.000000 0.000000 0.000000 0.000000 0.000000 0.000000 0.000000 0.000000 0.000000 0.000000 0.000000 0.807813 0.524590 1.000000 0.770312 0.517564 1.000000 0.807813 0.655738 2.000000 0.000000 0.000000 0.000000 0.796875 0.784543 2.000000 0.000000 0.000000 0.000000
0 0.344789 0.167237 0.078516 0.174988 0.335938 0.107728 2.000000 0.339062 0.103044 2.000000 0.331250 0.103044 2.000000 0.000000 0.000000 0.000000 0.326562 0.105386 2.000000 0.350000 0.124122 2.000000 0.320312 0.126464 2.000000 0.353125 0.168618 2.000000 0.335938 0.166276 2.000000 0.337500 0.170960 2.000000 0.334375 0.131148 2.000000 0.350000 0.173302 2.000000 0.331250 0.177986 2.000000 0.362500 0.177986 2.000000 0.346875 0.177986 2.000000 0.373437 0.234192 2.000000 0.350000 0.231850 2.000000
0 0.028000 0.190468 0.055406 0.186042 0.023438 0.131148 2.000000 0.026562 0.121780 2.000000 0.020313 0.121780 2.000000 0.032813 0.126464 2.000000 0.015625 0.121780 2.000000 0.032813 0.154567 2.000000 0.006250 0.152225 2.000000 0.042188 0.192037 2.000000 0.004687 0.196721 2.000000 0.032813 0.196721 2.000000 0.021875 0.194379 2.000000 0.028125 0.220141 1.000000 0.003125 0.220141 2.000000 0.050000 0.194379 2.000000 0.015625 0.189696 2.000000 0.000000 0.000000 0.000000 0.020313 0.257611 2.000000
0 0.090734 0.050164 0.085625 0.100328 0.000000 0.000000 0.000000 0.000000 0.000000 0.000000 0.000000 0.000000 0.000000 0.000000 0.000000 0.000000 0.000000 0.000000 0.000000 0.101562 0.007026 2.000000 0.070312 0.007026 2.000000 0.121875 0.032787 2.000000 0.062500 0.051522 2.000000 0.118750 0.049180 2.000000 0.053125 0.088993 2.000000 0.107813 0.081967 1.000000 0.082812 0.081967 1.000000 0.000000 0.000000 0.000000 0.000000 0.000000 0.000000 0.000000 0.000000 0.000000 0.000000 0.000000 0.000000
0 0.179688 0.083958 0.073156 0.167916 0.000000 0.000000 0.000000 0.000000 0.000000 0.000000 0.000000 0.000000 0.000000 0.000000 0.000000 0.000000 0.000000 0.000000 0.000000 0.182812 0.009368 2.000000 0.154688 0.011710 2.000000 0.187500 0.049180 2.000000 0.148438 0.042155 1.000000 0.181250 0.079625 2.000000 0.165625 0.077283 1.000000 0.179688 0.070258 2.000000 0.000000 0.000000 0.000000 0.203125 0.086651 2.000000 0.000000 0.000000 0.000000 0.200000 0.128806 2.000000 0.000000 0.000000 0.000000
0 0.493820 0.320691 0.093453 0.173232 0.478125 0.269321 2.000000 0.479687 0.262295 2.000000 0.473438 0.262295 2.000000 0.000000 0.000000 0.000000 0.467187 0.266979 2.000000 0.485938 0.288056 2.000000 0.459375 0.288056 2.000000 0.487500 0.327869 2.000000 0.473438 0.325527 2.000000 0.000000 0.000000 0.000000 0.475000 0.295082 2.000000 0.476562 0.344262 2.000000 0.454688 0.355972 2.000000 0.496875 0.355972 2.000000 0.485938 0.365340 2.000000 0.529687 0.384075 2.000000 0.520312 0.402810 2.000000
