0 0.248594 0.452438 0.271344 0.874167 0.295312 0.177083 2.000000 0.321875 0.145833 2.000000 0.273438 0.137500 2.000000 0.357812 0.181250 2.000000 0.234375 0.168750 2.000000 0.356250 0.314583 1.000000 0.193750 0.314583 2.000000 0.376563 0.462500 1.000000 0.134375 0.458333 2.000000 0.409375 0.477083 1.000000 0.195312 0.491667 2.000000 0.345313 0.581250 1.000000 0.229687 0.593750 2.000000 0.000000 0.000000 0.000000 0.160938 0.827083 2.000000 0.000000 0.000000 0.000000 0.000000 0.000000 0.000000
0 0.498133 0.456385 0.061891 0.196729 0.500000 0.379167 2.000000 0.503125 0.375000 2.000000 0.498437 0.375000 2.000000 0.510938 0.381250 2.000000 0.000000 0.000000 0.000000 0.517188 0.402083 2.000000 0.487500 0.393750 2.000000 0.520312 0.437500 2.000000 0.476562 0.402083 2.000000 0.521875 0.472917 2.000000 0.468750 0.379167 2.000000 0.507812 0.452083 2.000000 0.490625 0.450000 2.000000 0.504687 0.500000 2.000000 0.489063 0.497917 2.000000 0.506250 0.539583 2.000000 0.492188 0.535417 2.000000
0 0.914328 0.498875 0.072469 0.233708 0.907813 0.406250 2.000000 0.910937 0.402083 2.000000 0.000000 0.000000 0.000000 0.920312 0.406250 2.000000 0.000000 0.000000 0.000000 0.934375 0.431250 2.000000 0.906250 0.431250 2.000000 0.943750 0.466667 2.000000 0.000000 0.000000 0.000000 0.931250 0.491667 2.000000 0.000000 0.000000 0.000000 0.921875 0.491667 2.000000 0.904687 0.489583 2.000000 0.923438 0.537500 2.000000 0.901563 0.533333 2.000000 0.923438 0.585417 2.000000 0.901563 0.579167 2.000000
0 0.789828 0.477354 0.048688 0.201292 0.785937 0.391667 2.000000 0.790625 0.389583 2.000000 0.000000 0.000000 0.000000 0.801562 0.393750 2.000000 0.000000 0.000000 0.000000 0.807813 0.414583 2.000000 0.784375 0.412500 2.000000 0.795312 0.433333 2.000000 0.771875 0.437500 2.000000 0.781250 0.425000 2.000000 0.785937 0.435417 2.000000 0.798438 0.479167 2.000000 0.781250 0.479167 2.000000 0.796875 0.518750 2.000000 0.782813 0.514583 2.000000 0.795312 0.556250 2.000000 0.779687 0.554167 2.000000
0 0.870789 0.485313 0.061266 0.229792 0.859375 0.393750 2.000000 0.862500 0.389583 2.000000 0.000000 0.000000 0.000000 0.873437 0.389583 2.000000 0.000000 0.000000 0.000000 0.889062 0.410417 2.000000 0.859375 0.412500 2.000000 0.903125 0.452083 1.000000 0.000000 0.000000 0.000000 0.000000 0.000000 0.000000 0.000000 0.000000 0.000000 0.878125 0.458333 2.000000 0.860938 0.458333 2.000000 0.879687 0.512500 2.000000 0.859375 0.514583 2.000000 0.884375 0.577083 2.000000 0.862500 0.572917 2.000000
0 0.971820 0.509469 0.054672 0.235813 0.973437 0.416667 2.000000 0.975000 0.408333 2.000000 0.000000 0.000000 0.000000 0.985938 0.412500 2.000000 0.971875 0.408333 2.000000 0.990625 0.439583 2.000000 0.968750 0.437500 2.000000 0.000000 0.000000 0.000000 0.000000 0.000000 0.000000 0.000000 0.000000 0.000000 0.000000 0.000000 0.000000 0.984375 0.506250 2.000000 0.962500 0.502083 2.000000 0.984375 0.552083 2.000000 0.960938 0.550000 2.000000 0.985938 0.600000 2.000000 0.959375 0.597917 2.000000
0 0.726711 0.457823 0.047516 0.189562 0.723437 0.383333 2.000000 0.726562 0.379167 2.000000 0.723437 0.377083 2.000000 0.734375 0.383333 2.000000 0.000000 0.000000 0.000000 0.737500 0.404167 2.000000 0.718750 0.402083 2.000000 0.743750 0.435417 2.000000 0.718750 0.431250 2.000000 0.737500 0.454167 2.000000 0.714063 0.450000 2.000000 0.729688 0.458333 2.000000 0.715625 0.458333 2.000000 0.729688 0.500000 2.000000 0.718750 0.500000 2.000000 0.732812 0.541667 2.000000 0.725000 0.533333 2.000000
0 0.831687 0.481615 0.051875 0.215104 0.820312 0.400000 2.000000 0.823438 0.393750 2.000000 0.817187 0.393750 2.000000 0.829688 0.393750 2.000000 0.000000 0.000000 0.000000 0.842187 0.418750 2.000000 0.817187 0.418750 2.000000 0.848437 0.454167 2.000000 0.000000 0.000000 0.000000 0.846875 0.487500 2.000000 0.000000 0.000000 0.000000 0.835938 0.487500 2.000000 0.818750 0.487500 2.000000 0.834375 0.527083 2.000000 0.820312 0.527083 2.000000 0.834375 0.564583 2.000000 0.820312 0.560417 2.000000
0 0.625813 0.460354 0.040000 0.163833 0.614062 0.395833 2.000000 0.615625 0.391667 2.000000 0.000000 0.000000 0.000000 0.621875 0.389583 2.000000 0.000000 0.000000 0.000000 0.617188 0.406250 2.000000 0.637500 0.408333 2.000000 0.610938 0.429167 2.000000 0.642188 0.439583 2.000000 0.000000 0.000000 0.000000 0.000000 0.000000 0.000000 0.621875 0.454167 2.000000 0.631250 0.454167 2.000000 0.618750 0.497917 2.000000 0.628125 0.497917 2.000000 0.615625 0.531250 2.000000 0.625000 0.533333 2.000000
0 0.596031 0.499448 0.038562 0.148104 0.000000 0.000000 0.000000 0.587500 0.435417 2.000000 0.000000 0.000000 0.000000 0.593750 0.437500 2.000000 0.000000 0.000000 0.000000 0.587500 0.458333 2.000000 0.607812 0.458333 1.000000 0.582812 0.477083 2.000000 0.609375 0.479167 2.000000 0.581250 0.489583 1.000000 0.610938 0.497917 2.000000 0.590625 0.500000 2.000000 0.606250 0.500000 2.000000 0.589063 0.535417 2.000000 0.604688 0.533333 2.000000 0.587500 0.562500 2.000000 0.612500 0.558333 2.000000
