0 0.428664 0.367953 0.052453 0.212830 0.000000 0.000000 0.000000 0.000000 0.000000 0.000000 0.000000 0.000000 0.000000 0.000000 0.000000 0.000000 0.428125 0.296703 2.000000 0.404687 0.332418 2.000000 0.443750 0.329670 2.000000 0.404687 0.373626 2.000000 0.448437 0.376374 2.000000 0.000000 0.000000 0.000000 0.000000 0.000000 0.000000 0.415625 0.406593 2.000000 0.439063 0.409341 2.000000 0.000000 0.000000 0.000000 0.000000 0.000000 0.000000 0.000000 0.000000 0.000000 0.000000 0.000000 0.000000
0 0.534406 0.448640 0.052969 0.449863 0.000000 0.000000 0.000000 0.000000 0.000000 0.000000 0.000000 0.000000 0.000000 0.532813 0.263736 2.000000 0.000000 0.000000 0.000000 0.556250 0.307692 2.000000 0.000000 0.000000 0.000000 0.535937 0.340659 2.000000 0.000000 0.000000 0.000000 0.539062 0.296703 2.000000 0.000000 0.000000 0.000000 0.548438 0.420330 2.000000 0.529687 0.423077 2.000000 0.546875 0.552198 2.000000 0.515625 0.516484 2.000000 0.550000 0.645604 1.000000 0.507812 0.629121 1.000000
0 0.701984 0.405920 0.106313 0.479533 0.700000 0.236264 2.000000 0.707812 0.228022 2.000000 0.693750 0.225275 2.000000 0.723437 0.225275 2.000000 0.000000 0.000000 0.000000 0.737500 0.299451 2.000000 0.678125 0.296703 2.000000 0.739062 0.398352 2.000000 0.662500 0.370879 2.000000 0.734375 0.491758 2.000000 0.657813 0.445055 2.000000 0.707812 0.500000 2.000000 0.681250 0.497253 2.000000 0.000000 0.000000 0.000000 0.000000 0.000000 0.000000 0.000000 0.000000 0.000000 0.000000 0.000000 0.000000
0 0.363234 0.314918 0.055594 0.205385 0.000000 0.000000 0.000000 0.000000 0.000000 0.000000 0.000000 0.000000 0.000000 0.000000 0.000000 0.000000 0.000000 0.000000 0.000000 0.343750 0.277473 2.000000 0.376563 0.280220 2.000000 0.342187 0.321429 2.000000 0.387500 0.315934 2.000000 0.000000 0.000000 0.000000 0.000000 0.000000 0.000000 0.353125 0.354396 2.000000 0.373437 0.354396 2.000000 0.356250 0.431319 1.000000 0.373437 0.439560 1.000000 0.000000 0.000000 0.000000 0.000000 0.000000 0.000000
0 0.604055 0.395591 0.083453 0.440192 0.601562 0.233516 2.000000 0.603125 0.225275 2.000000 0.593750 0.225275 2.000000 0.000000 0.000000 0.000000 0.582812 0.228022 2.000000 0.620313 0.291209 2.000000 0.567187 0.293956 2.000000 0.614062 0.381868 2.000000 0.546875 0.365385 1.000000 0.578125 0.379121 2.000000 0.582812 0.359890 2.000000 0.610938 0.428571 2.000000 0.570312 0.431319 2.000000 0.603125 0.571429 2.000000 0.575000 0.565934 2.000000 0.000000 0.000000 0.000000 0.000000 0.000000 0.000000
0 0.466008 0.359574 0.050328 0.253049 0.460938 0.266484 2.000000 0.464062 0.260989 2.000000 0.460938 0.258242 2.000000 0.471875 0.260989 2.000000 0.000000 0.000000 0.000000 0.473438 0.291209 2.000000 0.460938 0.288462 2.000000 0.456250 0.310440 2.000000 0.000000 0.000000 0.000000 0.000000 0.000000 0.000000 0.000000 0.000000 0.000000 0.470313 0.362637 2.000000 0.454688 0.365385 2.000000 0.467187 0.423077 2.000000 0.457813 0.431319 2.000000 0.470313 0.483516 2.000000 0.459375 0.483516 2.000000
0 0.640070 0.405934 0.057672 0.390385 0.609375 0.252747 1.000000 0.612500 0.247253 2.000000 0.000000 0.000000 0.000000 0.621875 0.244505 2.000000 0.000000 0.000000 0.000000 0.640625 0.277473 2.000000 0.612500 0.280220 1.000000 0.662500 0.302198 2.000000 0.000000 0.000000 0.000000 0.643750 0.346154 2.000000 0.000000 0.000000 0.000000 0.632812 0.379121 1.000000 0.612500 0.379121 1.000000 0.631250 0.461538 2.000000 0.000000 0.000000 0.000000 0.637500 0.576923 2.000000 0.000000 0.000000 0.000000
0 0.823563 0.556923 0.152031 0.849011 0.000000 0.000000 0.000000 0.784375 0.208791 1.000000 0.000000 0.000000 0.000000 0.792188 0.214286 2.000000 0.832812 0.219780 2.000000 0.807813 0.304945 2.000000 0.848437 0.304945 2.000000 0.806250 0.395604 2.000000 0.884375 0.390110 2.000000 0.796875 0.480769 2.000000 0.860938 0.478022 1.000000 0.817187 0.590659 2.000000 0.840625 0.587912 2.000000 0.804688 0.758242 2.000000 0.829688 0.755495 2.000000 0.806250 0.947802 2.000000 0.835938 0.934066 2.000000
0 0.166648 0.358970 0.072391 0.373929 0.140625 0.208791 2.000000 0.142187 0.203297 2.000000 0.137500 0.206044 2.000000 0.153125 0.206044 2.000000 0.000000 0.000000 0.000000 0.164062 0.244505 2.000000 0.156250 0.241758 2.000000 0.171875 0.293956 2.000000 0.000000 0.000000 0.000000 0.167187 0.351648 2.000000 0.000000 0.000000 0.000000 0.164062 0.332418 2.000000 0.160938 0.335165 2.000000 0.171875 0.439560 2.000000 0.153125 0.439560 2.000000 0.190625 0.510989 2.000000 0.156250 0.513736 2.000000
0 0.151328 0.361415 0.054281 0.306511 0.000000 0.000000 0.000000 0.000000 0.000000 0.000000 0.000000 0.000000 0.000000 0.000000 0.000000 0.000000 0.000000 0.000000 0.000000 0.132812 0.260989 2.000000 0.159375 0.258242 1.000000 0.128125 0.307692 2.000000 0.000000 0.000000 0.000000 0.128125 0.351648 2.000000 0.000000 0.000000 0.000000 0.143750 0.337912 2.000000 0.162500 0.337912 1.000000 0.146875 0.425824 2.000000 0.173437 0.423077 1.000000 0.146875 0.491758 2.000000 0.173437 0.491758 2.000000
0 0.913922 0.503242 0.159031 0.817912 0.843750 0.195055 1.000000 0.846875 0.175824 2.000000 0.000000 0.000000 0.000000 0.873437 0.167582 2.000000 0.000000 0.000000 0.000000 0.931250 0.233516 2.000000 0.873437 0.236264 2.000000 0.981250 0.376374 2.000000 0.000000 0.000000 0.000000 0.954688 0.472527 2.000000 0.000000 0.000000 0.000000 0.929688 0.467033 2.000000 0.878125 0.461538 1.000000 0.914062 0.662088 2.000000 0.862500 0.653846 2.000000 0.929688 0.840659 2.000000 0.875000 0.793956 2.000000
