0 0.650390 0.586617 0.164020 0.322096 0.000000 0.000000 0.000000 0.000000 0.000000 0.000000 0.000000 0.000000 0.000000 0.638000 0.473054 2.000000 0.000000 0.000000 0.000000 0.664000 0.511976 2.000000 0.624000 0.514970 2.000000 0.640000 0.556886 2.000000 0.000000 0.000000 0.000000 0.598000 0.571856 2.000000 0.000000 0.000000 0.000000 0.714000 0.634731 2.000000 0.678000 0.631737 2.000000 0.642000 0.613772 2.000000 0.000000 0.000000 0.000000 0.704000 0.703593 2.000000 0.000000 0.000000 0.000000
0 0.811630 0.537186 0.240660 0.443293 0.000000 0.000000 0.000000 0.000000 0.000000 0.000000 0.000000 0.000000 0.000000 0.812000 0.356287 2.000000 0.000000 0.000000 0.000000 0.842000 0.407186 2.000000 0.778000 0.425150 2.000000 0.886000 0.476048 2.000000 0.754000 0.473054 2.000000 0.898000 0.571856 2.000000 0.720000 0.520958 2.000000 0.880000 0.538922 2.000000 0.836000 0.532934 2.000000 0.876000 0.589820 2.000000 0.784000 0.592814 2.000000 0.908000 0.727545 2.000000 0.800000 0.712575 2.000000
0 0.509630 0.549446 0.358780 0.474162 0.398000 0.377246 2.000000 0.402000 0.365269 2.000000 0.000000 0.000000 0.000000 0.424000 0.362275 2.000000 0.000000 0.000000 0.000000 0.452000 0.380240 2.000000 0.424000 0.422156 2.000000 0.426000 0.434132 2.000000 0.404000 0.508982 2.000000 0.390000 0.458084 2.000000 0.352000 0.529940 1.000000 0.524000 0.526946 2.000000 0.542000 0.526946 2.000000 0.444000 0.637725 2.000000 0.580000 0.667665 2.000000 0.504000 0.739521 2.000000 0.664000 0.724551 2.000000
0 0.300130 0.162395 0.113460 0.294431 0.296000 0.050898 2.000000 0.304000 0.044910 2.000000 0.290000 0.044910 2.000000 0.312000 0.053892 2.000000 0.000000 0.000000 0.000000 0.328000 0.101796 2.000000 0.266000 0.098802 2.000000 0.342000 0.164671 2.000000 0.258000 0.164671 2.000000 0.314000 0.209581 2.000000 0.274000 0.209581 2.000000 0.324000 0.209581 2.000000 0.280000 0.209581 2.000000 0.332000 0.230539 2.000000 0.252000 0.218563 2.000000 0.330000 0.308383 1.000000 0.252000 0.299401 2.000000
0 0.501070 0.179820 0.116420 0.285389 0.506000 0.083832 2.000000 0.510000 0.074850 2.000000 0.500000 0.077844 2.000000 0.522000 0.077844 2.000000 0.000000 0.000000 0.000000 0.536000 0.125749 2.000000 0.486000 0.125749 2.000000 0.546000 0.179641 2.000000 0.454000 0.173653 2.000000 0.506000 0.161677 2.000000 0.480000 0.158683 2.000000 0.528000 0.233533 2.000000 0.482000 0.227545 2.000000 0.490000 0.215569 2.000000 0.480000 0.185629 1.000000 0.492000 0.326347 1.000000 0.514000 0.242515 2.000000
0 0.620720 0.211737 0.098600 0.164251 0.000000 0.000000 0.000000 0.622000 0.176647 2.000000 0.612000 0.176647 2.000000 0.000000 0.000000 0.000000 0.000000 0.000000 0.000000 0.654000 0.218563 2.000000 0.600000 0.218563 2.000000 0.650000 0.284431 2.000000 0.578000 0.275449 2.000000 0.624000 0.233533 2.000000 0.590000 0.212575 2.000000 0.638000 0.335329 1.000000 0.598000 0.335329 1.000000 0.660000 0.362275 1.000000 0.554000 0.371257 1.000000 0.000000 0.000000 0.000000 0.000000 0.000000 0.000000
0 0.183130 0.308997 0.141100 0.492126 0.146000 0.116766 2.000000 0.152000 0.107784 2.000000 0.140000 0.107784 2.000000 0.000000 0.000000 0.000000 0.000000 0.000000 0.000000 0.180000 0.143713 2.000000 0.150000 0.155689 2.000000 0.202000 0.236527 2.000000 0.154000 0.230539 2.000000 0.170000 0.296407 2.000000 0.132000 0.275449 2.000000 0.228000 0.269461 2.000000 0.204000 0.275449 2.000000 0.212000 0.389222 2.000000 0.202000 0.392216 2.000000 0.232000 0.505988 2.000000 0.210000 0.497006 2.000000
0 0.780660 0.177111 0.092040 0.274222 0.752000 0.095808 2.000000 0.754000 0.086826 2.000000 0.000000 0.000000 0.000000 0.772000 0.092814 2.000000 0.000000 0.000000 0.000000 0.808000 0.131737 2.000000 0.750000 0.128743 2.000000 0.808000 0.209581 2.000000 0.740000 0.209581 2.000000 0.780000 0.227545 2.000000 0.750000 0.203593 2.000000 0.784000 0.227545 2.000000 0.758000 0.224551 2.000000 0.804000 0.230539 2.000000 0.736000 0.227545 1.000000 0.806000 0.308383 2.000000 0.740000 0.302395 1.000000
0 0.591670 0.167365 0.085380 0.257425 0.594000 0.080838 2.000000 0.600000 0.074850 2.000000 0.588000 0.074850 2.000000 0.000000 0.000000 0.000000 0.000000 0.000000 0.000000 0.618000 0.122754 2.000000 0.568000 0.119760 2.000000 0.620000 0.167665 1.000000 0.560000 0.164671 2.000000 0.608000 0.191617 1.000000 0.566000 0.206587 2.000000 0.600000 0.197605 1.000000 0.576000 0.203593 2.000000 0.604000 0.233533 1.000000 0.558000 0.236527 2.000000 0.604000 0.290419 1.000000 0.560000 0.290419 2.000000
0 0.692070 0.163533 0.101860 0.257605 0.686000 0.089820 2.000000 0.692000 0.080838 2.000000 0.682000 0.080838 2.000000 0.706000 0.086826 2.000000 0.000000 0.000000 0.000000 0.726000 0.125749 2.000000 0.658000 0.125749 2.000000 0.730000 0.188623 2.000000 0.646000 0.185629 1.000000 0.000000 0.000000 0.000000 0.000000 0.000000 0.000000 0.714000 0.239521 2.000000 0.672000 0.239521 2.000000 0.652000 0.176647 2.000000 0.000000 0.000000 0.000000 0.654000 0.266467 1.000000 0.000000 0.000000 0.000000
