0 0.787102 0.501311 0.068891 0.153583 0.795312 0.454333 2.000000 0.798438 0.447307 2.000000 0.793750 0.449649 2.000000 0.804688 0.440281 2.000000 0.000000 0.000000 0.000000 0.815625 0.470726 2.000000 0.795312 0.468384 2.000000 0.807813 0.494145 2.000000 0.785937 0.496487 2.000000 0.795312 0.503513 2.000000 0.782813 0.503513 2.000000 0.806250 0.505855 1.000000 0.790625 0.503513 2.000000 0.771875 0.515222 2.000000 0.757812 0.515222 2.000000 0.773438 0.571429 1.000000 0.760938 0.564403 2.000000
0 0.476039 0.536745 0.128609 0.363934 0.437500 0.400468 2.000000 0.440625 0.398126 2.000000 0.000000 0.000000 0.000000 0.000000 0.000000 0.000000 0.000000 0.000000 0.000000 0.476562 0.426230 2.000000 0.440625 0.430913 2.000000 0.510938 0.451991 2.000000 0.000000 0.000000 0.000000 0.496875 0.510539 2.000000 0.421875 0.484778 2.000000 0.489063 0.517564 2.000000 0.457813 0.522248 2.000000 0.485938 0.599532 2.000000 0.468750 0.622951 2.000000 0.503125 0.697892 2.000000 0.509375 0.625293 2.000000
0 0.201500 0.502963 0.099437 0.359602 0.193750 0.367681 2.000000 0.196875 0.360656 2.000000 0.187500 0.360656 2.000000 0.000000 0.000000 0.000000 0.178125 0.358314 2.000000 0.214062 0.391101 2.000000 0.167187 0.393443 2.000000 0.229687 0.444965 2.000000 0.170313 0.414520 2.000000 0.203125 0.468384 2.000000 0.165625 0.456674 2.000000 0.214062 0.505855 2.000000 0.181250 0.503513 2.000000 0.220312 0.580796 2.000000 0.164062 0.562061 2.000000 0.235937 0.639344 2.000000 0.175000 0.644028 2.000000
0 0.887570 0.559180 0.224859 0.489883 0.000000 0.000000 0.000000 0.000000 0.000000 0.000000 0.000000 0.000000 0.000000 0.828125 0.360656 2.000000 0.000000 0.000000 0.000000 0.843750 0.388759 2.000000 0.859375 0.384075 2.000000 0.851562 0.480094 2.000000 0.901563 0.477752 2.000000 0.801562 0.517564 2.000000 0.912500 0.555035 2.000000 0.865625 0.531616 2.000000 0.882812 0.515222 2.000000 0.817187 0.660422 2.000000 0.895312 0.676815 2.000000 0.862500 0.789227 2.000000 0.985938 0.728337 2.000000
0 0.067914 0.452108 0.055234 0.178970 0.065625 0.374707 2.000000 0.068750 0.372365 2.000000 0.064062 0.372365 2.000000 0.071875 0.374707 2.000000 0.057813 0.377049 1.000000 0.078125 0.395785 2.000000 0.053125 0.402810 2.000000 0.085938 0.421546 2.000000 0.050000 0.421546 2.000000 0.087500 0.440281 2.000000 0.050000 0.447307 2.000000 0.078125 0.456674 2.000000 0.060937 0.456674 2.000000 0.081250 0.491803 2.000000 0.064062 0.496487 2.000000 0.085938 0.522248 2.000000 0.067187 0.524590 2.000000
0 0.743117 0.493806 0.073141 0.167330 0.745313 0.435597 2.000000 0.748437 0.430913 2.000000 0.742188 0.430913 2.000000 0.753125 0.430913 2.000000 0.000000 0.000000 0.000000 0.760938 0.451991 2.000000 0.732812 0.451991 2.000000 0.773438 0.484778 2.000000 0.720313 0.480094 2.000000 0.757812 0.498829 2.000000 0.720313 0.496487 2.000000 0.757812 0.515222 2.000000 0.732812 0.515222 2.000000 0.000000 0.000000 0.000000 0.717187 0.508197 2.000000 0.000000 0.000000 0.000000 0.712500 0.566745 2.000000
0 0.923789 0.464731 0.053516 0.215176 0.906250 0.388759 2.000000 0.910937 0.386417 2.000000 0.904687 0.384075 2.000000 0.920312 0.391101 2.000000 0.000000 0.000000 0.000000 0.926562 0.423888 2.000000 0.909375 0.423888 1.000000 0.942187 0.463700 2.000000 0.000000 0.000000 0.000000 0.943750 0.517564 2.000000 0.000000 0.000000 0.000000 0.926562 0.501171 2.000000 0.920312 0.498829 2.000000 0.929688 0.580796 1.000000 0.906250 0.573770 1.000000 0.934375 0.651054 1.000000 0.918750 0.625293 1.000000
0 0.403242 0.545386 0.137953 0.339625 0.400000 0.426230 2.000000 0.404687 0.419204 2.000000 0.398438 0.419204 2.000000 0.418750 0.412178 2.000000 0.000000 0.000000 0.000000 0.432812 0.440281 2.000000 0.392188 0.456674 2.000000 0.000000 0.000000 0.000000 0.376563 0.508197 2.000000 0.437500 0.456674 1.000000 0.351562 0.515222 2.000000 0.442188 0.552693 2.000000 0.414062 0.557377 2.000000 0.407813 0.613583 2.000000 0.425000 0.620609 2.000000 0.389062 0.683841 2.000000 0.451562 0.625293 2.000000
0 0.445648 0.514227 0.097047 0.388220 0.448437 0.370023 1.000000 0.454688 0.362998 1.000000 0.445312 0.358314 1.000000 0.462500 0.360656 2.000000 0.000000 0.000000 0.000000 0.479687 0.398126 2.000000 0.429688 0.398126 2.000000 0.489063 0.442623 1.000000 0.418750 0.447307 1.000000 0.000000 0.000000 0.000000 0.000000 0.000000 0.000000 0.465625 0.501171 1.000000 0.432812 0.498829 1.000000 0.457813 0.578454 1.000000 0.423438 0.569087 1.000000 0.451562 0.660422 2.000000 0.415625 0.660422 2.000000
0 0.691016 0.501148 0.071219 0.250539 0.673438 0.409836 2.000000 0.678125 0.405152 2.000000 0.670312 0.402810 2.000000 0.687500 0.400468 2.000000 0.000000 0.000000 0.000000 0.685937 0.428571 2.000000 0.689063 0.426230 2.000000 0.690625 0.463700 2.000000 0.703125 0.461358 1.000000 0.667188 0.484778 2.000000 0.000000 0.000000 0.000000 0.689063 0.489461 2.000000 0.685937 0.489461 2.000000 0.685937 0.548009 2.000000 0.679688 0.543326 2.000000 0.712500 0.604215 2.000000 0.676562 0.608899 2.000000
