0 0.663305 0.333633 0.214578 0.343941 0.573438 0.241458 2.000000 0.575000 0.227790 2.000000 0.568750 0.227790 2.000000 0.000000 0.000000 0.000000 0.000000 0.000000 0.000000 0.607812 0.223235 2.000000 0.637500 0.177677 2.000000 0.603125 0.316629 2.000000 0.682813 0.179954 2.000000 0.576562 0.339408 1.000000 0.000000 0.000000 0.000000 0.690625 0.282460 2.000000 0.714063 0.261959 2.000000 0.625000 0.373576 2.000000 0.700000 0.410023 2.000000 0.584375 0.480638 2.000000 0.762500 0.455581 2.000000
0 0.279000 0.724715 0.521000 0.505604 0.000000 0.000000 0.000000 0.000000 0.000000 0.000000 0.000000 0.000000 0.000000 0.000000 0.000000 0.000000 0.317188 0.913440 2.000000 0.000000 0.000000 0.000000 0.000000 0.000000 0.000000 0.000000 0.000000 0.000000 0.000000 0.000000 0.000000 0.000000 0.000000 0.000000 0.000000 0.000000 0.000000 0.000000 0.000000 0.000000 0.000000 0.000000 0.000000 0.000000 0.000000 0.000000 0.000000 0.000000 0.000000 0.000000 0.000000 0.000000 0.000000 0.000000 0.000000
0 0.824773 0.097016 0.095266 0.131071 0.000000 0.000000 0.000000 0.000000 0.000000 0.000000 0.000000 0.000000 0.000000 0.000000 0.000000 0.000000 0.000000 0.000000 0.000000 0.853125 0.052392 2.000000 0.796875 0.050114 2.000000 0.860938 0.111617 2.000000 0.782813 0.093394 2.000000 0.831250 0.148064 2.000000 0.789062 0.036446 1.000000 0.840625 0.189066 1.000000 0.798438 0.189066 1.000000 0.000000 0.000000 0.000000 0.000000 0.000000 0.000000 0.000000 0.000000 0.000000 0.000000 0.000000 0.000000
0 0.405547 0.106982 0.073938 0.123257 0.404687 0.072893 2.000000 0.409375 0.066059 2.000000 0.401562 0.066059 2.000000 0.418750 0.068337 2.000000 0.393750 0.068337 2.000000 0.428125 0.100228 2.000000 0.387500 0.100228 2.000000 0.437500 0.154897 2.000000 0.376563 0.152620 2.000000 0.414062 0.157175 2.000000 0.401562 0.161731 2.000000 0.000000 0.000000 0.000000 0.000000 0.000000 0.000000 0.000000 0.000000 0.000000 0.000000 0.000000 0.000000 0.000000 0.000000 0.000000 0.000000 0.000000 0.000000
0 0.483305 0.102073 0.077797 0.129613 0.492188 0.066059 2.000000 0.496875 0.059226 2.000000 0.485938 0.059226 2.000000 0.503125 0.061503 2.000000 0.478125 0.061503 2.000000 0.512500 0.100228 2.000000 0.457813 0.095672 2.000000 0.514062 0.154897 2.000000 0.448437 0.152620 2.000000 0.492188 0.154897 2.000000 0.471875 0.154897 2.000000 0.000000 0.000000 0.000000 0.000000 0.000000 0.000000 0.000000 0.000000 0.000000 0.000000 0.000000 0.000000 0.000000 0.000000 0.000000 0.000000 0.000000 0.000000
0 0.246641 0.099658 0.092594 0.133030 0.253125 0.068337 2.000000 0.257812 0.066059 2.000000 0.248438 0.066059 2.000000 0.267188 0.066059 2.000000 0.239063 0.066059 2.000000 0.278125 0.093394 2.000000 0.229687 0.097950 2.000000 0.285938 0.150342 2.000000 0.210938 0.152620 2.000000 0.253125 0.150342 2.000000 0.250000 0.166287 1.000000 0.000000 0.000000 0.000000 0.000000 0.000000 0.000000 0.000000 0.000000 0.000000 0.000000 0.000000 0.000000 0.000000 0.000000 0.000000 0.000000 0.000000 0.000000
0 0.151648 0.108166 0.083203 0.125216 0.156250 0.079727 2.000000 0.156250 0.072893 2.000000 0.148438 0.072893 2.000000 0.165625 0.068337 2.000000 0.135937 0.075171 1.000000 0.179688 0.093394 2.000000 0.125000 0.095672 2.000000 0.192188 0.145786 1.000000 0.115625 0.145786 2.000000 0.000000 0.000000 0.000000 0.140625 0.170843 1.000000 0.176563 0.186788 1.000000 0.129688 0.186788 1.000000 0.000000 0.000000 0.000000 0.000000 0.000000 0.000000 0.000000 0.000000 0.000000 0.000000 0.000000 0.000000
0 0.324445 0.098736 0.075109 0.129089 0.326562 0.066059 2.000000 0.328125 0.059226 2.000000 0.321875 0.061503 2.000000 0.335938 0.061503 2.000000 0.314063 0.066059 2.000000 0.348438 0.091116 2.000000 0.298438 0.095672 2.000000 0.353125 0.145786 2.000000 0.295312 0.145786 2.000000 0.339062 0.150342 2.000000 0.321875 0.150342 2.000000 0.000000 0.000000 0.000000 0.000000 0.000000 0.000000 0.000000 0.000000 0.000000 0.000000 0.000000 0.000000 0.000000 0.000000 0.000000 0.000000 0.000000 0.000000
0 0.561719 0.100797 0.082531 0.137950 0.560937 0.054670 2.000000 0.564063 0.052392 2.000000 0.556250 0.050114 2.000000 0.570312 0.054670 2.000000 0.550000 0.054670 2.000000 0.584375 0.093394 2.000000 0.534375 0.095672 2.000000 0.589063 0.150342 2.000000 0.528125 0.148064 2.000000 0.573438 0.154897 2.000000 0.546875 0.166287 2.000000 0.576562 0.189066 1.000000 0.545312 0.189066 1.000000 0.000000 0.000000 0.000000 0.000000 0.000000 0.000000 0.000000 0.000000 0.000000 0.000000 0.000000 0.000000
0 0.057977 0.102050 0.085953 0.137585 0.060937 0.056948 2.000000 0.065625 0.050114 2.000000 0.057813 0.052392 2.000000 0.000000 0.000000 0.000000 0.042188 0.054670 2.000000 0.078125 0.079727 2.000000 0.034375 0.084282 2.000000 0.093750 0.152620 2.000000 0.034375 0.145786 2.000000 0.053125 0.157175 2.000000 0.045312 0.097950 2.000000 0.075000 0.177677 1.000000 0.046875 0.177677 1.000000 0.000000 0.000000 0.000000 0.000000 0.000000 0.000000 0.000000 0.000000 0.000000 0.000000 0.000000 0.000000
0 0.752508 0.098918 0.055047 0.126902 0.000000 0.000000 0.000000 0.000000 0.000000 0.000000 0.000000 0.000000 0.000000 0.000000 0.000000 0.000000 0.000000 0.000000 0.000000 0.000000 0.000000 0.000000 0.759375 0.082005 2.000000 0.000000 0.000000 0.000000 0.765625 0.138952 2.000000 0.000000 0.000000 0.000000 0.754687 0.150342 2.000000 0.000000 0.000000 0.000000 0.000000 0.000000 0.000000 0.000000 0.000000 0.000000 0.000000 0.000000 0.000000 0.000000 0.000000 0.000000 0.000000 0.000000 0.000000
0 0.712422 0.096549 0.070094 0.140251 0.707812 0.045558 2.000000 0.710938 0.041002 2.000000 0.704688 0.041002 2.000000 0.729688 0.043280 2.000000 0.000000 0.000000 0.000000 0.739062 0.079727 2.000000 0.703125 0.088838 1.000000 0.717187 0.120729 2.000000 0.000000 0.000000 0.000000 0.695312 0.104784 2.000000 0.000000 0.000000 0.000000 0.000000 0.000000 0.000000 0.000000 0.000000 0.000000 0.000000 0.000000 0.000000 0.000000 0.000000 0.000000 0.000000 0.000000 0.000000 0.000000 0.000000 0.000000
