0 0.484273 0.464052 0.086953 0.415738 0.000000 0.000000 0.000000 0.000000 0.000000 0.000000 0.000000 0.000000 0.000000 0.475000 0.288056 1.000000 0.495312 0.285714 2.000000 0.451562 0.337237 1.000000 0.506250 0.334895 2.000000 0.456250 0.400468 2.000000 0.521875 0.409836 2.000000 0.000000 0.000000 0.000000 0.512500 0.444965 2.000000 0.462500 0.442623 2.000000 0.496875 0.444965 2.000000 0.464062 0.557377 2.000000 0.493750 0.557377 2.000000 0.464062 0.648712 2.000000 0.501563 0.655738 2.000000
0 0.876172 0.531487 0.108094 0.575808 0.853125 0.295082 2.000000 0.854688 0.288056 2.000000 0.000000 0.000000 0.000000 0.873437 0.285714 2.000000 0.000000 0.000000 0.000000 0.871875 0.360656 2.000000 0.914062 0.365340 2.000000 0.842187 0.440281 2.000000 0.000000 0.000000 0.000000 0.832812 0.498829 2.000000 0.000000 0.000000 0.000000 0.871875 0.517564 2.000000 0.900000 0.519906 2.000000 0.865625 0.653396 2.000000 0.898438 0.653396 2.000000 0.860938 0.784543 2.000000 0.895312 0.784543 2.000000
0 0.820180 0.502564 0.071672 0.555199 0.789062 0.274005 2.000000 0.790625 0.266979 2.000000 0.000000 0.000000 0.000000 0.801562 0.274005 2.000000 0.000000 0.000000 0.000000 0.807813 0.332553 2.000000 0.831250 0.313817 2.000000 0.806250 0.416862 2.000000 0.000000 0.000000 0.000000 0.790625 0.468384 2.000000 0.000000 0.000000 0.000000 0.807813 0.505855 2.000000 0.000000 0.000000 0.000000 0.814063 0.632319 2.000000 0.000000 0.000000 0.000000 0.820312 0.758782 2.000000 0.000000 0.000000 0.000000
0 0.769148 0.486241 0.072453 0.507002 0.000000 0.000000 0.000000 0.000000 0.000000 0.000000 0.000000 0.000000 0.000000 0.745313 0.269321 2.000000 0.000000 0.000000 0.000000 0.756250 0.320843 2.000000 0.782813 0.318501 2.000000 0.757812 0.391101 2.000000 0.000000 0.000000 0.000000 0.775000 0.461358 2.000000 0.000000 0.000000 0.000000 0.754687 0.473068 2.000000 0.790625 0.482436 1.000000 0.751563 0.580796 2.000000 0.776563 0.578454 2.000000 0.760938 0.700234 2.000000 0.789062 0.690867 2.000000
0 0.705313 0.472377 0.072094 0.470609 0.678125 0.283372 1.000000 0.679688 0.274005 2.000000 0.000000 0.000000 0.000000 0.685937 0.276347 2.000000 0.000000 0.000000 0.000000 0.685937 0.334895 2.000000 0.729688 0.327869 2.000000 0.689063 0.402810 2.000000 0.000000 0.000000 0.000000 0.714063 0.444965 2.000000 0.000000 0.000000 0.000000 0.696875 0.456674 2.000000 0.728125 0.454333 2.000000 0.698438 0.555035 2.000000 0.723437 0.543326 2.000000 0.703125 0.665105 2.000000 0.728125 0.655738 2.000000
0 0.565234 0.462237 0.068969 0.355059 0.560937 0.320843 2.000000 0.562500 0.311475 2.000000 0.556250 0.313817 2.000000 0.575000 0.302108 2.000000 0.000000 0.000000 0.000000 0.587500 0.348946 2.000000 0.559375 0.351288 1.000000 0.598437 0.405152 1.000000 0.551562 0.398126 2.000000 0.573438 0.398126 2.000000 0.000000 0.000000 0.000000 0.578125 0.440281 2.000000 0.557813 0.442623 2.000000 0.581250 0.524590 2.000000 0.562500 0.526932 2.000000 0.579688 0.618267 2.000000 0.565625 0.618267 2.000000
0 0.147680 0.568536 0.208391 0.355059 0.123438 0.463700 1.000000 0.000000 0.000000 0.000000 0.117188 0.449649 1.000000 0.000000 0.000000 0.000000 0.096875 0.459016 2.000000 0.118750 0.522248 2.000000 0.090625 0.531616 2.000000 0.170313 0.594848 2.000000 0.084375 0.660422 1.000000 0.204687 0.632319 2.000000 0.140625 0.620609 2.000000 0.128125 0.651054 1.000000 0.110937 0.674473 1.000000 0.000000 0.000000 0.000000 0.000000 0.000000 0.000000 0.000000 0.000000 0.000000 0.000000 0.000000 0.000000
0 0.158133 0.420199 0.072859 0.279321 0.157812 0.311475 2.000000 0.159375 0.302108 2.000000 0.153125 0.304450 2.000000 0.164062 0.304450 2.000000 0.143750 0.306792 2.000000 0.171875 0.341920 2.000000 0.139063 0.339578 2.000000 0.182812 0.372365 2.000000 0.125000 0.384075 2.000000 0.168750 0.393443 2.000000 0.142187 0.391101 2.000000 0.165625 0.430913 2.000000 0.143750 0.430913 2.000000 0.168750 0.496487 2.000000 0.146875 0.498829 2.000000 0.179688 0.540984 2.000000 0.148438 0.543326 1.000000
0 0.220141 0.435808 0.064625 0.272506 0.215625 0.316159 2.000000 0.217188 0.313817 2.000000 0.209375 0.313817 2.000000 0.221875 0.316159 2.000000 0.203125 0.318501 2.000000 0.226562 0.355972 2.000000 0.196875 0.348946 2.000000 0.234375 0.400468 2.000000 0.187500 0.398126 1.000000 0.221875 0.428571 2.000000 0.200000 0.428571 2.000000 0.221875 0.437939 2.000000 0.203125 0.437939 2.000000 0.226562 0.498829 2.000000 0.206250 0.498829 2.000000 0.229687 0.550351 2.000000 0.207813 0.552693 2.000000
0 0.349633 0.417588 0.071141 0.320000 0.348438 0.288056 2.000000 0.350000 0.283372 2.000000 0.342187 0.283372 2.000000 0.000000 0.000000 0.000000 0.334375 0.285714 2.000000 0.365625 0.316159 2.000000 0.325000 0.316159 2.000000 0.371875 0.367681 2.000000 0.315625 0.370023 2.000000 0.357812 0.402810 2.000000 0.329688 0.391101 2.000000 0.353125 0.409836 2.000000 0.334375 0.412178 2.000000 0.354687 0.491803 2.000000 0.332813 0.498829 2.000000 0.353125 0.552693 2.000000 0.335938 0.557377 2.000000
0 0.281313 0.424110 0.088031 0.293560 0.271875 0.304450 2.000000 0.273438 0.302108 2.000000 0.267188 0.302108 2.000000 0.000000 0.000000 0.000000 0.259375 0.306792 2.000000 0.284375 0.341920 2.000000 0.250000 0.344262 2.000000 0.293750 0.386417 2.000000 0.243750 0.391101 2.000000 0.278125 0.400468 2.000000 0.259375 0.398126 2.000000 0.279687 0.416862 2.000000 0.260937 0.416862 2.000000 0.284375 0.484778 2.000000 0.262500 0.484778 2.000000 0.287500 0.550351 2.000000 0.264062 0.548009 2.000000
0 0.037484 0.508993 0.071969 0.208993 0.051562 0.451991 2.000000 0.000000 0.000000 0.000000 0.048438 0.442623 2.000000 0.007812 0.444965 2.000000 0.035937 0.456674 2.000000 0.006250 0.510539 2.000000 0.045312 0.536300 2.000000 0.000000 0.000000 0.000000 0.059375 0.594848 2.000000 0.000000 0.000000 0.000000 0.000000 0.000000 0.000000 0.000000 0.000000 0.000000 0.000000 0.000000 0.000000 0.000000 0.000000 0.000000 0.000000 0.000000 0.000000 0.000000 0.000000 0.000000 0.000000 0.000000 0.000000
0 0.364578 0.470527 0.186938 0.366862 0.451562 0.325527 1.000000 0.451562 0.318501 1.000000 0.446875 0.320843 2.000000 0.000000 0.000000 0.000000 0.432812 0.325527 2.000000 0.442188 0.351288 2.000000 0.428125 0.353630 2.000000 0.000000 0.000000 0.000000 0.428125 0.412178 2.000000 0.000000 0.000000 0.000000 0.453125 0.421546 2.000000 0.000000 0.000000 0.000000 0.000000 0.000000 0.000000 0.000000 0.000000 0.000000 0.000000 0.000000 0.000000 0.000000 0.000000 0.000000 0.000000 0.000000 0.000000
