0 0.421019 0.577531 0.532155 0.651687 0.618267 0.325000 2.000000 0.637002 0.310937 2.000000 0.599532 0.310937 2.000000 0.000000 0.000000 0.000000 0.564403 0.314063 2.000000 0.655738 0.385937 2.000000 0.522248 0.326562 2.000000 0.590164 0.459375 2.000000 0.426230 0.381250 2.000000 0.470726 0.437500 2.000000 0.395785 0.425000 2.000000 0.545667 0.575000 2.000000 0.405152 0.564063 2.000000 0.587822 0.714063 2.000000 0.318501 0.684375 2.000000 0.557377 0.814063 2.000000 0.236534 0.842187 2.000000
0 0.837400 0.324227 0.165621 0.128797 0.836066 0.310937 2.000000 0.845433 0.300000 2.000000 0.824356 0.300000 2.000000 0.868852 0.303125 2.000000 0.798595 0.303125 2.000000 0.896956 0.342187 2.000000 0.772834 0.340625 2.000000 0.000000 0.000000 0.000000 0.000000 0.000000 0.000000 0.000000 0.000000 0.000000 0.000000 0.000000 0.000000 0.000000 0.000000 0.000000 0.000000 0.000000 0.000000 0.000000 0.000000 0.000000 0.000000 0.000000 0.000000 0.000000 0.000000 0.000000 0.000000 0.000000 0.000000
0 0.227354 0.304492 0.178501 0.146078 0.243560 0.265625 2.000000 0.250585 0.257812 2.000000 0.222482 0.257812 2.000000 0.262295 0.267188 2.000000 0.194379 0.270313 2.000000 0.295082 0.303125 2.000000 0.161593 0.309375 1.000000 0.285714 0.364063 2.000000 0.161593 0.359375 2.000000 0.000000 0.000000 0.000000 0.000000 0.000000 0.000000 0.259953 0.404687 1.000000 0.182670 0.404687 1.000000 0.000000 0.000000 0.000000 0.000000 0.000000 0.000000 0.000000 0.000000 0.000000 0.000000 0.000000 0.000000
0 0.538677 0.245055 0.087049 0.082641 0.540984 0.239063 2.000000 0.552693 0.232813 2.000000 0.529274 0.231250 2.000000 0.564403 0.239063 2.000000 0.503513 0.235937 1.000000 0.000000 0.000000 0.000000 0.000000 0.000000 0.000000 0.000000 0.000000 0.000000 0.000000 0.000000 0.000000 0.000000 0.000000 0.000000 0.000000 0.000000 0.000000 0.000000 0.000000 0.000000 0.000000 0.000000 0.000000 0.000000 0.000000 0.000000 0.000000 0.000000 0.000000 0.000000 0.000000 0.000000 0.000000 0.000000 0.000000
0 0.138314 0.235000 0.122904 0.140875 0.175644 0.200000 2.000000 0.182670 0.193750 2.000000 0.159251 0.195312 2.000000 0.000000 0.000000 0.000000 0.121780 0.206250 2.000000 0.222482 0.246875 1.000000 0.096019 0.264062 2.000000 0.000000 0.000000 0.000000 0.000000 0.000000 0.000000 0.000000 0.000000 0.000000 0.000000 0.000000 0.000000 0.000000 0.000000 0.000000 0.000000 0.000000 0.000000 0.000000 0.000000 0.000000 0.000000 0.000000 0.000000 0.000000 0.000000 0.000000 0.000000 0.000000 0.000000
0 0.699637 0.297711 0.151874 0.172859 0.690867 0.256250 2.000000 0.702576 0.248438 2.000000 0.672131 0.248438 2.000000 0.000000 0.000000 0.000000 0.641686 0.253125 2.000000 0.730679 0.296875 2.000000 0.615925 0.296875 1.000000 0.733021 0.378125 2.000000 0.000000 0.000000 0.000000 0.000000 0.000000 0.000000 0.000000 0.000000 0.000000 0.688525 0.398438 1.000000 0.620609 0.396875 1.000000 0.000000 0.000000 0.000000 0.000000 0.000000 0.000000 0.000000 0.000000 0.000000 0.000000 0.000000 0.000000
0 0.792553 0.266180 0.162108 0.134266 0.777518 0.254688 2.000000 0.791569 0.248438 2.000000 0.761124 0.250000 2.000000 0.000000 0.000000 0.000000 0.730679 0.256250 2.000000 0.840749 0.293750 1.000000 0.700234 0.296875 1.000000 0.859485 0.354687 1.000000 0.674473 0.353125 1.000000 0.000000 0.000000 0.000000 0.000000 0.000000 0.000000 0.814988 0.390625 1.000000 0.716628 0.390625 1.000000 0.000000 0.000000 0.000000 0.000000 0.000000 0.000000 0.000000 0.000000 0.000000 0.000000 0.000000 0.000000
0 0.075527 0.278266 0.151054 0.157625 0.051522 0.237500 2.000000 0.063232 0.231250 2.000000 0.037471 0.231250 2.000000 0.000000 0.000000 0.000000 0.000000 0.000000 0.000000 0.107728 0.287500 2.000000 0.000000 0.000000 0.000000 0.135831 0.364063 1.000000 0.000000 0.000000 0.000000 0.000000 0.000000 0.000000 0.000000 0.000000 0.000000 0.088993 0.387500 1.000000 0.000000 0.000000 0.000000 0.000000 0.000000 0.000000 0.000000 0.000000 0.000000 0.000000 0.000000 0.000000 0.000000 0.000000 0.000000
0 0.336639 0.266727 0.133700 0.147047 0.353630 0.235937 2.000000 0.370023 0.228125 2.000000 0.341920 0.228125 2.000000 0.000000 0.000000 0.000000 0.313817 0.231250 2.000000 0.393443 0.276562 1.000000 0.290398 0.273438 2.000000 0.000000 0.000000 0.000000 0.000000 0.000000 0.000000 0.000000 0.000000 0.000000 0.000000 0.000000 0.000000 0.377049 0.373437 1.000000 0.304450 0.371875 1.000000 0.000000 0.000000 0.000000 0.000000 0.000000 0.000000 0.000000 0.000000 0.000000 0.000000 0.000000 0.000000
0 0.457248 0.281102 0.233888 0.175703 0.473068 0.242188 2.000000 0.487119 0.235937 2.000000 0.459016 0.235937 2.000000 0.503513 0.239063 2.000000 0.430913 0.239063 2.000000 0.531616 0.293750 2.000000 0.393443 0.293750 2.000000 0.543326 0.368750 1.000000 0.367681 0.360938 2.000000 0.440281 0.359375 1.000000 0.482436 0.357812 1.000000 0.519906 0.406250 1.000000 0.412178 0.404687 1.000000 0.000000 0.000000 0.000000 0.000000 0.000000 0.000000 0.000000 0.000000 0.000000 0.000000 0.000000 0.000000
