0 0.126094 0.729674 0.164250 0.540653 0.070312 0.563969 2.000000 0.000000 0.000000 0.000000 0.000000 0.000000 0.000000 0.095312 0.535248 2.000000 0.000000 0.000000 0.000000 0.117188 0.605744 2.000000 0.134375 0.566580 2.000000 0.142187 0.691906 2.000000 0.126562 0.673629 2.000000 0.087500 0.712794 2.000000 0.084375 0.671018 2.000000 0.131250 0.762402 2.000000 0.153125 0.738903 2.000000 0.121875 0.926893 2.000000 0.156250 0.913838 2.000000 0.000000 0.000000 0.000000 0.000000 0.000000 0.000000
0 0.223539 0.555744 0.105891 0.321253 0.232813 0.438642 2.000000 0.235937 0.436031 2.000000 0.228125 0.436031 2.000000 0.000000 0.000000 0.000000 0.215625 0.436031 2.000000 0.251563 0.469974 2.000000 0.212500 0.475196 2.000000 0.267188 0.506527 2.000000 0.195312 0.509138 2.000000 0.262500 0.522193 2.000000 0.179688 0.537859 2.000000 0.250000 0.569191 2.000000 0.225000 0.571802 2.000000 0.256250 0.637076 2.000000 0.221875 0.634465 2.000000 0.260937 0.686684 2.000000 0.215625 0.691906 2.000000
0 0.468289 0.512611 0.100953 0.463916 0.465625 0.328982 2.000000 0.471875 0.315927 2.000000 0.459375 0.321149 2.000000 0.000000 0.000000 0.000000 0.448437 0.323760 2.000000 0.498437 0.381201 2.000000 0.442188 0.378590 2.000000 0.506250 0.454308 2.000000 0.432812 0.441253 2.000000 0.473438 0.459530 2.000000 0.434375 0.501305 1.000000 0.487500 0.524804 2.000000 0.451562 0.519582 2.000000 0.481250 0.608355 2.000000 0.445312 0.608355 2.000000 0.478125 0.710183 2.000000 0.439063 0.699739 2.000000
0 0.590891 0.378995 0.076906 0.269217 0.000000 0.000000 0.000000 0.000000 0.000000 0.000000 0.000000 0.000000 0.000000 0.579688 0.274151 2.000000 0.596875 0.268930 2.000000 0.568750 0.326371 2.000000 0.615625 0.310705 2.000000 0.570312 0.360313 2.000000 0.620313 0.342037 2.000000 0.565625 0.396867 2.000000 0.621875 0.373368 2.000000 0.592187 0.407311 2.000000 0.612500 0.402089 2.000000 0.592187 0.459530 1.000000 0.610938 0.454308 2.000000 0.590625 0.527415 1.000000 0.612500 0.524804 1.000000
0 0.673852 0.381932 0.061016 0.238225 0.682813 0.281984 2.000000 0.682813 0.276762 2.000000 0.678125 0.276762 2.000000 0.000000 0.000000 0.000000 0.671875 0.284595 2.000000 0.689063 0.315927 2.000000 0.662500 0.308094 2.000000 0.696875 0.344648 2.000000 0.646875 0.342037 2.000000 0.692187 0.373368 2.000000 0.654687 0.370757 2.000000 0.682813 0.378590 2.000000 0.662500 0.375979 2.000000 0.679688 0.430809 2.000000 0.657813 0.428198 2.000000 0.679688 0.475196 2.000000 0.654687 0.475196 2.000000
0 0.842781 0.381292 0.058750 0.265091 0.000000 0.000000 0.000000 0.000000 0.000000 0.000000 0.000000 0.000000 0.000000 0.000000 0.000000 0.000000 0.000000 0.000000 0.000000 0.821875 0.287206 1.000000 0.853125 0.284595 2.000000 0.818750 0.323760 2.000000 0.864062 0.318538 2.000000 0.000000 0.000000 0.000000 0.862500 0.347258 2.000000 0.835938 0.360313 2.000000 0.851562 0.355091 2.000000 0.835938 0.396867 2.000000 0.000000 0.000000 0.000000 0.856250 0.449086 2.000000 0.000000 0.000000 0.000000
0 0.782000 0.530339 0.090094 0.453943 0.781250 0.357702 2.000000 0.789062 0.349869 2.000000 0.778125 0.349869 2.000000 0.801562 0.352480 2.000000 0.000000 0.000000 0.000000 0.812500 0.409922 2.000000 0.000000 0.000000 0.000000 0.806250 0.488251 2.000000 0.000000 0.000000 0.000000 0.764062 0.485640 2.000000 0.000000 0.000000 0.000000 0.790625 0.550914 2.000000 0.764062 0.550914 2.000000 0.789062 0.637076 2.000000 0.765625 0.626632 2.000000 0.800000 0.720627 2.000000 0.771875 0.702350 2.000000
0 0.052094 0.374556 0.055594 0.212141 0.046875 0.297650 2.000000 0.048438 0.295039 2.000000 0.043750 0.295039 2.000000 0.054688 0.295039 2.000000 0.000000 0.000000 0.000000 0.062500 0.315927 2.000000 0.037500 0.318538 2.000000 0.070312 0.352480 2.000000 0.037500 0.347258 2.000000 0.073438 0.375979 2.000000 0.034375 0.368146 1.000000 0.059375 0.368146 2.000000 0.045312 0.368146 2.000000 0.056250 0.417755 2.000000 0.048438 0.415144 2.000000 0.059375 0.459530 2.000000 0.054688 0.454308 2.000000
0 0.915687 0.433903 0.082531 0.356057 0.935937 0.310705 2.000000 0.939063 0.302872 2.000000 0.932813 0.302872 2.000000 0.000000 0.000000 0.000000 0.918750 0.297650 2.000000 0.942187 0.321149 2.000000 0.903125 0.321149 2.000000 0.954688 0.368146 1.000000 0.887500 0.375979 2.000000 0.929688 0.370757 2.000000 0.910937 0.386423 2.000000 0.931250 0.422977 1.000000 0.912500 0.422977 1.000000 0.932813 0.485640 1.000000 0.901563 0.493473 2.000000 0.926562 0.563969 1.000000 0.884375 0.558747 2.000000
0 0.105336 0.357272 0.066484 0.203159 0.000000 0.000000 0.000000 0.000000 0.000000 0.000000 0.000000 0.000000 0.000000 0.000000 0.000000 0.000000 0.000000 0.000000 0.000000 0.084375 0.297650 1.000000 0.110937 0.318538 2.000000 0.000000 0.000000 0.000000 0.123438 0.352480 2.000000 0.000000 0.000000 0.000000 0.132812 0.370757 2.000000 0.000000 0.000000 0.000000 0.000000 0.000000 0.000000 0.000000 0.000000 0.000000 0.000000 0.000000 0.000000 0.000000 0.000000 0.000000 0.000000 0.000000 0.000000
0 0.579555 0.542363 0.098484 0.272977 0.559375 0.483029 2.000000 0.562500 0.469974 2.000000 0.556250 0.469974 2.000000 0.573438 0.454308 2.000000 0.000000 0.000000 0.000000 0.592187 0.475196 2.000000 0.551562 0.477807 2.000000 0.596875 0.537859 2.000000 0.550000 0.532637 2.000000 0.589063 0.595300 2.000000 0.546875 0.574413 2.000000 0.584375 0.571802 2.000000 0.559375 0.574413 2.000000 0.601562 0.624021 2.000000 0.550000 0.637076 2.000000 0.000000 0.000000 0.000000 0.000000 0.000000 0.000000
0 0.308500 0.575862 0.087375 0.242167 0.000000 0.000000 0.000000 0.000000 0.000000 0.000000 0.000000 0.000000 0.000000 0.000000 0.000000 0.000000 0.320312 0.530026 2.000000 0.342187 0.506527 2.000000 0.293750 0.509138 2.000000 0.340625 0.571802 2.000000 0.295312 0.584856 2.000000 0.337500 0.631854 2.000000 0.312500 0.637076 2.000000 0.303125 0.496084 2.000000 0.268750 0.496084 1.000000 0.317188 0.574413 2.000000 0.282813 0.574413 2.000000 0.321875 0.660574 2.000000 0.285938 0.657963 2.000000
