0 0.356241 0.623312 0.522646 0.571531 0.332553 0.398438 1.000000 0.348946 0.406250 2.000000 0.000000 0.000000 0.000000 0.370023 0.434375 2.000000 0.000000 0.000000 0.000000 0.344262 0.475000 2.000000 0.428571 0.432812 2.000000 0.266979 0.571875 2.000000 0.473068 0.373437 2.000000 0.149883 0.567187 2.000000 0.522248 0.348438 2.000000 0.412178 0.579688 2.000000 0.468384 0.551562 2.000000 0.461358 0.720313 2.000000 0.508197 0.690625 2.000000 0.550351 0.831250 2.000000 0.557377 0.803125 2.000000
0 0.539321 0.327961 0.102482 0.149828 0.543326 0.292187 2.000000 0.555035 0.285938 2.000000 0.536300 0.285938 2.000000 0.578454 0.287500 2.000000 0.000000 0.000000 0.000000 0.599532 0.329688 1.000000 0.505855 0.332813 2.000000 0.000000 0.000000 0.000000 0.498829 0.382812 1.000000 0.000000 0.000000 0.000000 0.000000 0.000000 0.000000 0.000000 0.000000 0.000000 0.000000 0.000000 0.000000 0.000000 0.000000 0.000000 0.000000 0.000000 0.000000 0.000000 0.000000 0.000000 0.000000 0.000000 0.000000
0 0.892564 0.366289 0.127986 0.094391 0.866511 0.359375 2.000000 0.875878 0.354687 2.000000 0.859485 0.354687 2.000000 0.901639 0.357812 2.000000 0.000000 0.000000 0.000000 0.943794 0.401562 2.000000 0.843091 0.403125 2.000000 0.000000 0.000000 0.000000 0.000000 0.000000 0.000000 0.000000 0.000000 0.000000 0.000000 0.000000 0.000000 0.000000 0.000000 0.000000 0.000000 0.000000 0.000000 0.000000 0.000000 0.000000 0.000000 0.000000 0.000000 0.000000 0.000000 0.000000 0.000000 0.000000 0.000000
0 0.161159 0.227531 0.208126 0.185156 0.168618 0.176563 2.000000 0.177986 0.168750 2.000000 0.163934 0.167187 2.000000 0.199063 0.171875 2.000000 0.000000 0.000000 0.000000 0.227166 0.209375 2.000000 0.145199 0.204687 2.000000 0.257611 0.264062 2.000000 0.070258 0.226562 2.000000 0.210773 0.268750 2.000000 0.086651 0.248438 2.000000 0.229508 0.296875 1.000000 0.163934 0.293750 2.000000 0.154567 0.273438 2.000000 0.159251 0.303125 2.000000 0.000000 0.000000 0.000000 0.000000 0.000000 0.000000
0 0.373501 0.323547 0.120023 0.121500 0.398126 0.290625 2.000000 0.402810 0.289062 2.000000 0.384075 0.285938 2.000000 0.421546 0.290625 2.000000 0.370023 0.289062 2.000000 0.421546 0.325000 1.000000 0.365340 0.323437 2.000000 0.000000 0.000000 0.000000 0.339578 0.342187 2.000000 0.000000 0.000000 0.000000 0.353630 0.295312 2.000000 0.000000 0.000000 0.000000 0.000000 0.000000 0.000000 0.000000 0.000000 0.000000 0.000000 0.000000 0.000000 0.000000 0.000000 0.000000 0.000000 0.000000 0.000000
0 0.731792 0.321437 0.134778 0.112125 0.730679 0.296875 2.000000 0.740047 0.290625 2.000000 0.721311 0.292187 2.000000 0.758782 0.296875 2.000000 0.000000 0.000000 0.000000 0.775176 0.326562 2.000000 0.690867 0.331250 2.000000 0.000000 0.000000 0.000000 0.681499 0.381250 1.000000 0.000000 0.000000 0.000000 0.000000 0.000000 0.000000 0.000000 0.000000 0.000000 0.000000 0.000000 0.000000 0.000000 0.000000 0.000000 0.000000 0.000000 0.000000 0.000000 0.000000 0.000000 0.000000 0.000000 0.000000
0 0.638817 0.274227 0.131920 0.155266 0.620609 0.234375 2.000000 0.632319 0.228125 2.000000 0.613583 0.228125 2.000000 0.651054 0.231250 2.000000 0.604215 0.231250 2.000000 0.674473 0.260937 2.000000 0.576112 0.265625 2.000000 0.693208 0.309375 2.000000 0.000000 0.000000 0.000000 0.644028 0.342187 2.000000 0.000000 0.000000 0.000000 0.000000 0.000000 0.000000 0.000000 0.000000 0.000000 0.000000 0.000000 0.000000 0.000000 0.000000 0.000000 0.000000 0.000000 0.000000 0.000000 0.000000 0.000000
0 0.615035 0.364414 0.198782 0.110641 0.590164 0.339062 2.000000 0.599532 0.335938 2.000000 0.583138 0.335938 2.000000 0.627635 0.339062 2.000000 0.000000 0.000000 0.000000 0.662763 0.370312 2.000000 0.548009 0.373437 2.000000 0.674473 0.415625 2.000000 0.531616 0.417187 2.000000 0.000000 0.000000 0.000000 0.000000 0.000000 0.000000 0.000000 0.000000 0.000000 0.000000 0.000000 0.000000 0.000000 0.000000 0.000000 0.000000 0.000000 0.000000 0.000000 0.000000 0.000000 0.000000 0.000000 0.000000
0 0.316335 0.214266 0.129625 0.157875 0.292740 0.179688 2.000000 0.302108 0.171875 2.000000 0.288056 0.173437 2.000000 0.325527 0.168750 2.000000 0.000000 0.000000 0.000000 0.360656 0.206250 2.000000 0.269321 0.204687 2.000000 0.365340 0.259375 1.000000 0.245902 0.248438 1.000000 0.304450 0.275000 2.000000 0.276347 0.278125 1.000000 0.327869 0.268750 1.000000 0.290398 0.267188 2.000000 0.000000 0.000000 0.000000 0.000000 0.000000 0.000000 0.000000 0.000000 0.000000 0.000000 0.000000 0.000000
0 0.141511 0.373414 0.149859 0.109734 0.140515 0.351562 2.000000 0.154567 0.346875 2.000000 0.131148 0.345313 2.000000 0.168618 0.353125 2.000000 0.119438 0.350000 2.000000 0.187354 0.384375 2.000000 0.103044 0.382812 2.000000 0.000000 0.000000 0.000000 0.000000 0.000000 0.000000 0.000000 0.000000 0.000000 0.000000 0.000000 0.000000 0.000000 0.000000 0.000000 0.000000 0.000000 0.000000 0.000000 0.000000 0.000000 0.000000 0.000000 0.000000 0.000000 0.000000 0.000000 0.000000 0.000000 0.000000
0 0.282295 0.378188 0.137143 0.097094 0.274005 0.368750 2.000000 0.283372 0.360938 2.000000 0.266979 0.360938 2.000000 0.302108 0.357812 2.000000 0.252927 0.364063 2.000000 0.337237 0.396875 2.000000 0.229508 0.404687 2.000000 0.000000 0.000000 0.000000 0.000000 0.000000 0.000000 0.000000 0.000000 0.000000 0.000000 0.000000 0.000000 0.000000 0.000000 0.000000 0.000000 0.000000 0.000000 0.000000 0.000000 0.000000 0.000000 0.000000 0.000000 0.000000 0.000000 0.000000 0.000000 0.000000 0.000000
0 0.739005 0.214000 0.123583 0.136344 0.718970 0.179688 2.000000 0.733021 0.175000 2.000000 0.714286 0.171875 2.000000 0.758782 0.176563 2.000000 0.000000 0.000000 0.000000 0.779859 0.209375 2.000000 0.700234 0.204687 2.000000 0.786885 0.250000 2.000000 0.690867 0.256250 2.000000 0.000000 0.000000 0.000000 0.735363 0.273438 1.000000 0.000000 0.000000 0.000000 0.000000 0.000000 0.000000 0.000000 0.000000 0.000000 0.000000 0.000000 0.000000 0.000000 0.000000 0.000000 0.000000 0.000000 0.000000
0 0.924555 0.272586 0.150562 0.273672 0.941452 0.171875 2.000000 0.950820 0.165625 2.000000 0.936768 0.164062 2.000000 0.967213 0.170313 2.000000 0.925059 0.168750 2.000000 0.974239 0.207813 2.000000 0.908665 0.196875 2.000000 0.978923 0.257812 2.000000 0.887588 0.246875 2.000000 0.967213 0.271875 2.000000 0.957845 0.267188 2.000000 0.939110 0.276562 2.000000 0.911007 0.273438 2.000000 0.969555 0.304688 2.000000 0.925059 0.307812 2.000000 0.988290 0.387500 2.000000 0.943794 0.381250 2.000000
