0 0.627188 0.792130 0.123719 0.384260 0.000000 0.000000 0.000000 0.000000 0.000000 0.000000 0.000000 0.000000 0.000000 0.600000 0.639013 1.000000 0.632812 0.639013 2.000000 0.592187 0.690583 1.000000 0.650000 0.674888 1.000000 0.589063 0.773543 2.000000 0.673438 0.762332 2.000000 0.576562 0.831839 2.000000 0.000000 0.000000 0.000000 0.000000 0.000000 0.000000 0.000000 0.000000 0.000000 0.000000 0.000000 0.000000 0.000000 0.000000 0.000000 0.000000 0.000000 0.000000 0.000000 0.000000 0.000000
0 0.684961 0.784798 0.076391 0.428027 0.646875 0.612108 2.000000 0.650000 0.607623 2.000000 0.000000 0.000000 0.000000 0.665625 0.607623 2.000000 0.000000 0.000000 0.000000 0.676562 0.647982 2.000000 0.695312 0.636771 2.000000 0.676562 0.721973 1.000000 0.000000 0.000000 0.000000 0.671875 0.795964 1.000000 0.000000 0.000000 0.000000 0.684375 0.775785 1.000000 0.703125 0.775785 2.000000 0.682813 0.876682 2.000000 0.687500 0.874439 2.000000 0.692187 0.979821 2.000000 0.704688 0.961883 2.000000
0 0.785141 0.726670 0.054531 0.286614 0.790625 0.607623 2.000000 0.790625 0.600897 2.000000 0.784375 0.603139 2.000000 0.000000 0.000000 0.000000 0.778125 0.607623 2.000000 0.798438 0.639013 2.000000 0.765625 0.639013 2.000000 0.806250 0.677130 2.000000 0.756250 0.674888 1.000000 0.798438 0.672646 2.000000 0.776563 0.679372 2.000000 0.793750 0.717489 2.000000 0.771875 0.717489 1.000000 0.784375 0.764574 2.000000 0.776563 0.771300 2.000000 0.776563 0.838565 2.000000 0.782813 0.838565 2.000000
0 0.838289 0.758206 0.073234 0.293318 0.832812 0.636771 2.000000 0.837500 0.634529 2.000000 0.829688 0.634529 2.000000 0.846875 0.639013 2.000000 0.000000 0.000000 0.000000 0.854688 0.663677 2.000000 0.817187 0.670404 2.000000 0.868750 0.701794 2.000000 0.806250 0.708520 2.000000 0.846875 0.690583 2.000000 0.826562 0.708520 2.000000 0.850000 0.744395 2.000000 0.832812 0.746637 2.000000 0.860938 0.800448 2.000000 0.834375 0.809417 2.000000 0.846875 0.858744 2.000000 0.837500 0.869955 2.000000
0 0.377609 0.697388 0.041281 0.218184 0.000000 0.000000 0.000000 0.000000 0.000000 0.000000 0.000000 0.000000 0.000000 0.368750 0.607623 1.000000 0.381250 0.605381 2.000000 0.362500 0.627803 2.000000 0.387500 0.623318 1.000000 0.357812 0.661435 1.000000 0.390625 0.654709 1.000000 0.000000 0.000000 0.000000 0.000000 0.000000 0.000000 0.367188 0.679372 2.000000 0.385937 0.677130 1.000000 0.373437 0.737668 2.000000 0.382812 0.735426 2.000000 0.376563 0.786996 2.000000 0.384375 0.782511 2.000000
0 0.290086 0.672892 0.040797 0.154126 0.300000 0.609865 2.000000 0.000000 0.000000 0.000000 0.298438 0.605381 2.000000 0.000000 0.000000 0.000000 0.292187 0.609865 2.000000 0.301563 0.625561 2.000000 0.281250 0.625561 2.000000 0.306250 0.650224 2.000000 0.271875 0.641256 2.000000 0.304688 0.668161 2.000000 0.281250 0.654709 2.000000 0.296875 0.670404 2.000000 0.285938 0.670404 2.000000 0.298438 0.706278 2.000000 0.282813 0.704036 2.000000 0.298438 0.733184 2.000000 0.281250 0.730942 2.000000
0 0.708992 0.748879 0.049828 0.339955 0.685937 0.614350 1.000000 0.689063 0.603139 1.000000 0.000000 0.000000 0.000000 0.698438 0.605381 2.000000 0.000000 0.000000 0.000000 0.718750 0.636771 2.000000 0.693750 0.634529 1.000000 0.721875 0.683857 1.000000 0.000000 0.000000 0.000000 0.700000 0.630045 2.000000 0.000000 0.000000 0.000000 0.717187 0.730942 1.000000 0.700000 0.730942 1.000000 0.709375 0.816143 2.000000 0.689063 0.809417 1.000000 0.718750 0.890135 2.000000 0.696875 0.869955 2.000000
0 0.749703 0.746973 0.054500 0.304036 0.737500 0.618834 2.000000 0.739062 0.612108 2.000000 0.731250 0.612108 2.000000 0.000000 0.000000 0.000000 0.725000 0.623318 2.000000 0.748437 0.645740 2.000000 0.723437 0.645740 1.000000 0.756250 0.674888 2.000000 0.000000 0.000000 0.000000 0.762500 0.686099 2.000000 0.000000 0.000000 0.000000 0.751563 0.724215 2.000000 0.734375 0.726457 1.000000 0.740625 0.793722 2.000000 0.737500 0.798206 2.000000 0.735938 0.845291 2.000000 0.739062 0.849776 2.000000
0 0.132688 0.817713 0.085469 0.353946 0.109375 0.679372 2.000000 0.114062 0.670404 2.000000 0.107813 0.670404 2.000000 0.128125 0.668161 2.000000 0.000000 0.000000 0.000000 0.148438 0.704036 2.000000 0.110937 0.704036 2.000000 0.162500 0.764574 2.000000 0.089063 0.753363 1.000000 0.131250 0.762332 2.000000 0.101562 0.755605 2.000000 0.137500 0.822870 2.000000 0.107813 0.822870 1.000000 0.137500 0.890135 2.000000 0.107813 0.890135 2.000000 0.142187 0.955157 2.000000 0.104688 0.968610 2.000000
0 0.580805 0.728161 0.049297 0.261121 0.000000 0.000000 0.000000 0.000000 0.000000 0.000000 0.000000 0.000000 0.000000 0.000000 0.000000 0.000000 0.593750 0.618834 2.000000 0.607812 0.650224 1.000000 0.578125 0.639013 1.000000 0.000000 0.000000 0.000000 0.567187 0.677130 2.000000 0.000000 0.000000 0.000000 0.584375 0.672646 2.000000 0.596875 0.726457 1.000000 0.576562 0.721973 2.000000 0.595313 0.789238 1.000000 0.578125 0.775785 1.000000 0.590625 0.827354 1.000000 0.568750 0.825112 1.000000
