0 0.357469 0.606487 0.270156 0.765105 0.354687 0.362998 2.000000 0.378125 0.346604 2.000000 0.345313 0.337237 2.000000 0.418750 0.355972 2.000000 0.000000 0.000000 0.000000 0.439063 0.466042 2.000000 0.301563 0.473068 2.000000 0.470313 0.723653 2.000000 0.290625 0.620609 2.000000 0.371875 0.646370 2.000000 0.260937 0.733021 2.000000 0.425000 0.889930 2.000000 0.314063 0.885246 2.000000 0.000000 0.000000 0.000000 0.000000 0.000000 0.000000 0.000000 0.000000 0.000000 0.000000 0.000000 0.000000
0 0.662680 0.627248 0.264484 0.720726 0.632812 0.414520 2.000000 0.657813 0.388759 2.000000 0.618750 0.393443 2.000000 0.696875 0.381733 2.000000 0.000000 0.000000 0.000000 0.737500 0.533958 2.000000 0.587500 0.536300 2.000000 0.767188 0.756440 2.000000 0.582812 0.718970 1.000000 0.670312 0.714286 2.000000 0.562500 0.812646 1.000000 0.696875 0.943794 2.000000 0.607812 0.943794 2.000000 0.000000 0.000000 0.000000 0.000000 0.000000 0.000000 0.000000 0.000000 0.000000 0.000000 0.000000 0.000000
0 0.669977 0.197916 0.100766 0.244590 0.678125 0.142857 2.000000 0.682813 0.133489 2.000000 0.667188 0.133489 2.000000 0.000000 0.000000 0.000000 0.651563 0.140515 2.000000 0.695312 0.196721 2.000000 0.648438 0.192037 2.000000 0.710938 0.255269 2.000000 0.643750 0.262295 2.000000 0.000000 0.000000 0.000000 0.000000 0.000000 0.000000 0.707812 0.309133 1.000000 0.671875 0.311475 1.000000 0.000000 0.000000 0.000000 0.000000 0.000000 0.000000 0.000000 0.000000 0.000000 0.000000 0.000000 0.000000
0 0.154313 0.641721 0.272313 0.580492 0.071875 0.423888 2.000000 0.085938 0.409836 2.000000 0.000000 0.000000 0.000000 0.118750 0.407494 2.000000 0.000000 0.000000 0.000000 0.154688 0.456674 2.000000 0.093750 0.496487 2.000000 0.176563 0.580796 2.000000 0.079687 0.587822 2.000000 0.123438 0.632319 2.000000 0.054688 0.573770 2.000000 0.225000 0.615925 2.000000 0.214062 0.641686 2.000000 0.126562 0.676815 2.000000 0.159375 0.751756 2.000000 0.165625 0.882904 2.000000 0.257812 0.793911 2.000000
0 0.065305 0.173993 0.130516 0.347986 0.000000 0.000000 0.000000 0.000000 0.000000 0.000000 0.000000 0.000000 0.000000 0.000000 0.000000 0.000000 0.000000 0.000000 0.000000 0.082812 0.037471 2.000000 0.014063 0.053864 2.000000 0.096875 0.124122 2.000000 0.021875 0.135831 1.000000 0.090625 0.170960 2.000000 0.054688 0.173302 2.000000 0.075000 0.173302 2.000000 0.042188 0.180328 1.000000 0.110937 0.187354 2.000000 0.043750 0.222482 1.000000 0.110937 0.348946 1.000000 0.076563 0.355972 1.000000
0 0.469281 0.141569 0.050969 0.274145 0.470313 0.035129 2.000000 0.476562 0.025761 2.000000 0.459375 0.025761 1.000000 0.489063 0.037471 2.000000 0.448437 0.035129 1.000000 0.501563 0.100703 1.000000 0.000000 0.000000 0.000000 0.000000 0.000000 0.000000 0.000000 0.000000 0.000000 0.000000 0.000000 0.000000 0.000000 0.000000 0.000000 0.495312 0.255269 1.000000 0.450000 0.255269 1.000000 0.000000 0.000000 0.000000 0.000000 0.000000 0.000000 0.000000 0.000000 0.000000 0.000000 0.000000 0.000000
0 0.583984 0.196077 0.108844 0.279883 0.000000 0.000000 0.000000 0.000000 0.000000 0.000000 0.000000 0.000000 0.000000 0.000000 0.000000 0.000000 0.000000 0.000000 0.000000 0.609375 0.166276 2.000000 0.557813 0.170960 2.000000 0.000000 0.000000 0.000000 0.584375 0.234192 2.000000 0.000000 0.000000 0.000000 0.604688 0.170960 2.000000 0.617188 0.337237 1.000000 0.581250 0.341920 1.000000 0.000000 0.000000 0.000000 0.000000 0.000000 0.000000 0.000000 0.000000 0.000000 0.000000 0.000000 0.000000
0 0.183492 0.182717 0.138266 0.361405 0.000000 0.000000 0.000000 0.000000 0.000000 0.000000 0.000000 0.000000 0.000000 0.000000 0.000000 0.000000 0.000000 0.000000 0.000000 0.207813 0.030445 2.000000 0.125000 0.039813 2.000000 0.226562 0.142857 2.000000 0.128125 0.135831 2.000000 0.206250 0.100703 2.000000 0.175000 0.096019 2.000000 0.207813 0.168618 2.000000 0.151562 0.170960 2.000000 0.226562 0.185012 2.000000 0.142187 0.194379 2.000000 0.226562 0.325527 2.000000 0.139063 0.325527 2.000000
0 0.770297 0.142857 0.123031 0.285714 0.781250 0.016393 2.000000 0.785937 0.004684 2.000000 0.770312 0.002342 1.000000 0.000000 0.000000 0.000000 0.000000 0.000000 0.000000 0.792188 0.088993 2.000000 0.732812 0.084309 2.000000 0.803125 0.182670 2.000000 0.728125 0.187354 2.000000 0.814063 0.229508 2.000000 0.773438 0.243560 2.000000 0.795312 0.278689 2.000000 0.756250 0.278689 1.000000 0.000000 0.000000 0.000000 0.000000 0.000000 0.000000 0.000000 0.000000 0.000000 0.000000 0.000000 0.000000
0 0.537320 0.146651 0.097266 0.285995 0.562500 0.058548 2.000000 0.568750 0.039813 2.000000 0.550000 0.042155 2.000000 0.000000 0.000000 0.000000 0.537500 0.049180 2.000000 0.565625 0.105386 1.000000 0.000000 0.000000 0.000000 0.000000 0.000000 0.000000 0.501563 0.196721 2.000000 0.000000 0.000000 0.000000 0.523438 0.255269 2.000000 0.559375 0.248244 1.000000 0.515625 0.259953 2.000000 0.000000 0.000000 0.000000 0.000000 0.000000 0.000000 0.000000 0.000000 0.000000 0.000000 0.000000 0.000000
0 0.426156 0.147319 0.090688 0.288173 0.000000 0.000000 0.000000 0.000000 0.000000 0.000000 0.000000 0.000000 0.000000 0.000000 0.000000 0.000000 0.000000 0.000000 0.000000 0.451562 0.107728 2.000000 0.421875 0.110070 2.000000 0.000000 0.000000 0.000000 0.000000 0.000000 0.000000 0.000000 0.000000 0.000000 0.000000 0.000000 0.000000 0.000000 0.000000 0.000000 0.000000 0.000000 0.000000 0.000000 0.000000 0.000000 0.000000 0.000000 0.000000 0.000000 0.000000 0.000000 0.000000 0.000000 0.000000
