0 0.830082 0.725844 0.339836 0.525844 0.000000 0.000000 0.000000 0.000000 0.000000 0.000000 0.000000 0.000000 0.000000 0.000000 0.000000 0.000000 0.906323 0.568750 2.000000 0.763466 0.698438 2.000000 0.857143 0.754687 2.000000 0.000000 0.000000 0.000000 0.000000 0.000000 0.000000 0.000000 0.000000 0.000000 0.000000 0.000000 0.000000 0.000000 0.000000 0.000000 0.000000 0.000000 0.000000 0.000000 0.000000 0.000000 0.000000 0.000000 0.000000 0.000000 0.000000 0.000000 0.000000 0.000000 0.000000
0 0.087810 0.624758 0.175621 0.276609 0.173302 0.600000 2.000000 0.000000 0.000000 0.000000 0.131148 0.576562 2.000000 0.000000 0.000000 0.000000 0.000000 0.000000 0.000000 0.000000 0.000000 0.000000 0.000000 0.000000 0.000000 0.000000 0.000000 0.000000 0.000000 0.000000 0.000000 0.000000 0.000000 0.000000 0.000000 0.000000 0.000000 0.000000 0.000000 0.000000 0.000000 0.000000 0.000000 0.000000 0.000000 0.000000 0.000000 0.000000 0.000000 0.000000 0.000000 0.000000 0.000000 0.000000 0.000000
0 0.034368 0.700586 0.068735 0.310953 0.058548 0.664062 2.000000 0.000000 0.000000 0.000000 0.028103 0.637500 2.000000 0.000000 0.000000 0.000000 0.000000 0.000000 0.000000 0.000000 0.000000 0.000000 0.000000 0.000000 0.000000 0.000000 0.000000 0.000000 0.000000 0.000000 0.000000 0.000000 0.000000 0.000000 0.000000 0.000000 0.000000 0.000000 0.000000 0.000000 0.000000 0.000000 0.000000 0.000000 0.000000 0.000000 0.000000 0.000000 0.000000 0.000000 0.000000 0.000000 0.000000 0.000000 0.000000
0 0.131417 0.493984 0.125129 0.122438 0.000000 0.000000 0.000000 0.119438 0.478125 2.000000 0.070258 0.476562 1.000000 0.180328 0.487500 2.000000 0.000000 0.000000 0.000000 0.000000 0.000000 0.000000 0.000000 0.000000 0.000000 0.000000 0.000000 0.000000 0.000000 0.000000 0.000000 0.000000 0.000000 0.000000 0.000000 0.000000 0.000000 0.000000 0.000000 0.000000 0.000000 0.000000 0.000000 0.000000 0.000000 0.000000 0.000000 0.000000 0.000000 0.000000 0.000000 0.000000 0.000000 0.000000 0.000000
0 0.192201 0.399414 0.278595 0.294109 0.194379 0.320312 2.000000 0.208431 0.310937 2.000000 0.177986 0.306250 2.000000 0.243560 0.314063 2.000000 0.000000 0.000000 0.000000 0.271663 0.368750 2.000000 0.110070 0.357812 2.000000 0.283372 0.450000 2.000000 0.091335 0.423438 2.000000 0.318501 0.510938 1.000000 0.072600 0.479687 2.000000 0.215457 0.473438 2.000000 0.124122 0.467187 1.000000 0.000000 0.000000 0.000000 0.000000 0.000000 0.000000 0.000000 0.000000 0.000000 0.000000 0.000000 0.000000
0 0.719309 0.659344 0.176042 0.337375 0.000000 0.000000 0.000000 0.740047 0.565625 2.000000 0.695550 0.564063 2.000000 0.775176 0.564063 1.000000 0.651054 0.554688 1.000000 0.000000 0.000000 0.000000 0.608899 0.653125 1.000000 0.000000 0.000000 0.000000 0.000000 0.000000 0.000000 0.000000 0.000000 0.000000 0.000000 0.000000 0.000000 0.000000 0.000000 0.000000 0.000000 0.000000 0.000000 0.000000 0.000000 0.000000 0.000000 0.000000 0.000000 0.000000 0.000000 0.000000 0.000000 0.000000 0.000000
0 0.436698 0.596297 0.858595 0.782719 0.519906 0.539062 2.000000 0.573770 0.485938 2.000000 0.456674 0.471875 2.000000 0.000000 0.000000 0.000000 0.334895 0.485938 2.000000 0.456674 0.734375 2.000000 0.262295 0.776563 2.000000 0.000000 0.000000 0.000000 0.000000 0.000000 0.000000 0.000000 0.000000 0.000000 0.000000 0.000000 0.000000 0.000000 0.000000 0.000000 0.000000 0.000000 0.000000 0.000000 0.000000 0.000000 0.000000 0.000000 0.000000 0.000000 0.000000 0.000000 0.000000 0.000000 0.000000
0 0.207822 0.559898 0.103091 0.062328 0.000000 0.000000 0.000000 0.250585 0.585938 1.000000 0.215457 0.587500 1.000000 0.000000 0.000000 0.000000 0.173302 0.578125 2.000000 0.000000 0.000000 0.000000 0.000000 0.000000 0.000000 0.000000 0.000000 0.000000 0.000000 0.000000 0.000000 0.000000 0.000000 0.000000 0.000000 0.000000 0.000000 0.000000 0.000000 0.000000 0.000000 0.000000 0.000000 0.000000 0.000000 0.000000 0.000000 0.000000 0.000000 0.000000 0.000000 0.000000 0.000000 0.000000 0.000000
0 0.177471 0.644805 0.126979 0.129734 0.189696 0.667188 1.000000 0.215457 0.648438 1.000000 0.170960 0.651563 2.000000 0.000000 0.000000 0.000000 0.000000 0.000000 0.000000 0.000000 0.000000 0.000000 0.000000 0.000000 0.000000 0.000000 0.000000 0.000000 0.000000 0.000000 0.000000 0.000000 0.000000 0.000000 0.000000 0.000000 0.000000 0.000000 0.000000 0.000000 0.000000 0.000000 0.000000 0.000000 0.000000 0.000000 0.000000 0.000000 0.000000 0.000000 0.000000 0.000000 0.000000 0.000000 0.000000
0 0.645433 0.545273 0.072881 0.124359 0.644028 0.556250 2.000000 0.665105 0.537500 2.000000 0.622951 0.537500 1.000000 0.000000 0.000000 0.000000 0.000000 0.000000 0.000000 0.000000 0.000000 0.000000 0.000000 0.000000 0.000000 0.000000 0.000000 0.000000 0.000000 0.000000 0.000000 0.000000 0.000000 0.000000 0.000000 0.000000 0.000000 0.000000 0.000000 0.000000 0.000000 0.000000 0.000000 0.000000 0.000000 0.000000 0.000000 0.000000 0.000000 0.000000 0.000000 0.000000 0.000000 0.000000 0.000000
