0 0.148398 0.640443 0.244297 0.220226 0.000000 0.000000 0.000000 0.000000 0.000000 0.000000 0.190625 0.615652 2.000000 0.000000 0.000000 0.000000 0.142187 0.624348 2.000000 0.185938 0.695652 2.000000 0.073438 0.692174 2.000000 0.000000 0.000000 0.000000 0.129688 0.779130 1.000000 0.000000 0.000000 0.000000 0.181250 0.673043 2.000000 0.000000 0.000000 0.000000 0.000000 0.000000 0.000000 0.000000 0.000000 0.000000 0.000000 0.000000 0.000000 0.000000 0.000000 0.000000 0.000000 0.000000 0.000000
0 0.110031 0.488765 0.216031 0.487652 0.029687 0.339130 2.000000 0.045312 0.321739 2.000000 0.000000 0.000000 0.000000 0.095312 0.316522 2.000000 0.000000 0.000000 0.000000 0.170313 0.387826 2.000000 0.045312 0.393043 2.000000 0.187500 0.486957 2.000000 0.025000 0.521739 2.000000 0.093750 0.457391 2.000000 0.026562 0.500870 2.000000 0.115625 0.641739 1.000000 0.046875 0.643478 2.000000 0.100000 0.747826 1.000000 0.026562 0.746087 1.000000 0.000000 0.000000 0.000000 0.000000 0.000000 0.000000
0 0.631227 0.226609 0.182672 0.198365 0.626563 0.212174 2.000000 0.643750 0.200000 2.000000 0.615625 0.200000 2.000000 0.654687 0.206957 2.000000 0.601562 0.205217 2.000000 0.690625 0.283478 2.000000 0.564063 0.281739 2.000000 0.000000 0.000000 0.000000 0.000000 0.000000 0.000000 0.000000 0.000000 0.000000 0.000000 0.000000 0.000000 0.000000 0.000000 0.000000 0.000000 0.000000 0.000000 0.000000 0.000000 0.000000 0.000000 0.000000 0.000000 0.000000 0.000000 0.000000 0.000000 0.000000 0.000000
0 0.689625 0.189635 0.153188 0.277252 0.720313 0.109565 1.000000 0.737500 0.100870 1.000000 0.706250 0.090435 1.000000 0.000000 0.000000 0.000000 0.682813 0.093913 2.000000 0.746875 0.194783 2.000000 0.634375 0.172174 1.000000 0.000000 0.000000 0.000000 0.000000 0.000000 0.000000 0.000000 0.000000 0.000000 0.000000 0.000000 0.000000 0.721875 0.302609 2.000000 0.654687 0.299130 1.000000 0.000000 0.000000 0.000000 0.000000 0.000000 0.000000 0.000000 0.000000 0.000000 0.000000 0.000000 0.000000
0 0.131586 0.159243 0.170109 0.289930 0.182812 0.078261 2.000000 0.192188 0.064348 2.000000 0.164062 0.064348 2.000000 0.000000 0.000000 0.000000 0.139063 0.085217 1.000000 0.000000 0.000000 0.000000 0.110937 0.140870 2.000000 0.000000 0.000000 0.000000 0.079687 0.205217 2.000000 0.000000 0.000000 0.000000 0.084375 0.246957 2.000000 0.000000 0.000000 0.000000 0.142187 0.257391 2.000000 0.000000 0.000000 0.000000 0.000000 0.000000 0.000000 0.000000 0.000000 0.000000 0.000000 0.000000 0.000000
0 0.045430 0.097409 0.090859 0.190748 0.028125 0.003478 2.000000 0.000000 0.000000 0.000000 0.000000 0.000000 0.000000 0.000000 0.000000 0.000000 0.000000 0.000000 0.000000 0.051562 0.074783 2.000000 0.000000 0.000000 0.000000 0.081250 0.161739 1.000000 0.000000 0.000000 0.000000 0.021875 0.187826 1.000000 0.000000 0.000000 0.000000 0.020313 0.177391 2.000000 0.000000 0.000000 0.000000 0.006250 0.206957 1.000000 0.000000 0.000000 0.000000 0.000000 0.000000 0.000000 0.000000 0.000000 0.000000
0 0.093023 0.061948 0.107516 0.123896 0.110937 0.003478 2.000000 0.000000 0.000000 0.000000 0.000000 0.000000 0.000000 0.000000 0.000000 0.000000 0.000000 0.000000 0.000000 0.134375 0.053913 2.000000 0.048438 0.041739 2.000000 0.000000 0.000000 0.000000 0.000000 0.000000 0.000000 0.000000 0.000000 0.000000 0.000000 0.000000 0.000000 0.000000 0.000000 0.000000 0.000000 0.000000 0.000000 0.000000 0.000000 0.000000 0.000000 0.000000 0.000000 0.000000 0.000000 0.000000 0.000000 0.000000 0.000000
0 0.369273 0.088791 0.114391 0.156435 0.359375 0.095652 2.000000 0.371875 0.088696 2.000000 0.343750 0.080000 2.000000 0.000000 0.000000 0.000000 0.317188 0.074783 2.000000 0.000000 0.000000 0.000000 0.000000 0.000000 0.000000 0.000000 0.000000 0.000000 0.000000 0.000000 0.000000 0.000000 0.000000 0.000000 0.000000 0.000000 0.000000 0.000000 0.000000 0.000000 0.000000 0.000000 0.000000 0.000000 0.000000 0.000000 0.000000 0.000000 0.000000 0.000000 0.000000 0.000000 0.000000 0.000000 0.000000
0 0.548563 0.128130 0.138969 0.256261 0.590625 0.067826 2.000000 0.601562 0.059130 2.000000 0.579688 0.055652 2.000000 0.000000 0.000000 0.000000 0.540625 0.055652 2.000000 0.567187 0.123478 2.000000 0.509375 0.111304 2.000000 0.000000 0.000000 0.000000 0.567187 0.238261 2.000000 0.000000 0.000000 0.000000 0.585938 0.132174 2.000000 0.000000 0.000000 0.000000 0.000000 0.000000 0.000000 0.000000 0.000000 0.000000 0.000000 0.000000 0.000000 0.000000 0.000000 0.000000 0.000000 0.000000 0.000000
0 0.820063 0.071696 0.070531 0.141757 0.821875 0.003478 2.000000 0.000000 0.000000 0.000000 0.000000 0.000000 0.000000 0.000000 0.000000 0.000000 0.000000 0.000000 0.000000 0.000000 0.000000 0.000000 0.792188 0.040000 2.000000 0.000000 0.000000 0.000000 0.000000 0.000000 0.000000 0.000000 0.000000 0.000000 0.000000 0.000000 0.000000 0.000000 0.000000 0.000000 0.812500 0.130435 1.000000 0.000000 0.000000 0.000000 0.000000 0.000000 0.000000 0.000000 0.000000 0.000000 0.000000 0.000000 0.000000
0 0.950969 0.092635 0.096062 0.168539 0.968750 0.057391 2.000000 0.985938 0.050435 2.000000 0.957812 0.046957 2.000000 0.000000 0.000000 0.000000 0.931250 0.057391 2.000000 0.000000 0.000000 0.000000 0.903125 0.151304 1.000000 0.000000 0.000000 0.000000 0.000000 0.000000 0.000000 0.000000 0.000000 0.000000 0.000000 0.000000 0.000000 0.000000 0.000000 0.000000 0.000000 0.000000 0.000000 0.000000 0.000000 0.000000 0.000000 0.000000 0.000000 0.000000 0.000000 0.000000 0.000000 0.000000 0.000000
0 0.806805 0.225235 0.167953 0.216000 0.789062 0.189565 2.000000 0.798438 0.175652 2.000000 0.778125 0.173913 2.000000 0.815625 0.182609 2.000000 0.751563 0.182609 1.000000 0.846875 0.267826 2.000000 0.725000 0.259130 1.000000 0.881250 0.332174 2.000000 0.000000 0.000000 0.000000 0.790625 0.333913 1.000000 0.000000 0.000000 0.000000 0.000000 0.000000 0.000000 0.000000 0.000000 0.000000 0.000000 0.000000 0.000000 0.000000 0.000000 0.000000 0.000000 0.000000 0.000000 0.000000 0.000000 0.000000
0 0.361703 0.525183 0.667406 0.911687 0.321875 0.206957 2.000000 0.328125 0.179130 2.000000 0.296875 0.194783 2.000000 0.000000 0.000000 0.000000 0.251563 0.208696 2.000000 0.407813 0.191304 2.000000 0.281250 0.342609 2.000000 0.490625 0.306087 2.000000 0.382812 0.474783 2.000000 0.546875 0.455652 2.000000 0.507812 0.540870 2.000000 0.487500 0.485217 2.000000 0.362500 0.521739 2.000000 0.596875 0.779130 2.000000 0.334375 0.862609 2.000000 0.000000 0.000000 0.000000 0.081250 0.940870 2.000000
