0 0.361510 0.590667 0.207700 0.341067 0.434000 0.493333 2.000000 0.442000 0.480000 2.000000 0.426000 0.480000 2.000000 0.000000 0.000000 0.000000 0.396000 0.480000 2.000000 0.446000 0.514667 2.000000 0.350000 0.522667 2.000000 0.434000 0.605333 2.000000 0.286000 0.621333 2.000000 0.386000 0.645333 2.000000 0.332000 0.701333 2.000000 0.394000 0.624000 2.000000 0.340000 0.621333 2.000000 0.446000 0.653333 2.000000 0.272000 0.661333 2.000000 0.318000 0.733333 2.000000 0.388000 0.714667 2.000000
0 0.835950 0.675280 0.242700 0.442720 0.000000 0.000000 0.000000 0.000000 0.000000 0.000000 0.000000 0.000000 0.000000 0.818000 0.517333 2.000000 0.890000 0.509333 2.000000 0.840000 0.608000 2.000000 0.906000 0.584000 2.000000 0.798000 0.746667 2.000000 0.000000 0.000000 0.000000 0.800000 0.621333 2.000000 0.000000 0.000000 0.000000 0.866000 0.805333 2.000000 0.852000 0.752000 2.000000 0.738000 0.789333 2.000000 0.772000 0.677333 2.000000 0.000000 0.000000 0.000000 0.760000 0.773333 2.000000
0 0.723120 0.435933 0.183560 0.374853 0.724000 0.288000 2.000000 0.000000 0.000000 0.000000 0.000000 0.000000 0.000000 0.000000 0.000000 0.000000 0.692000 0.285333 2.000000 0.724000 0.352000 2.000000 0.666000 0.336000 2.000000 0.726000 0.429333 2.000000 0.664000 0.405333 2.000000 0.730000 0.450667 2.000000 0.676000 0.429333 2.000000 0.710000 0.442667 2.000000 0.678000 0.440000 2.000000 0.738000 0.480000 2.000000 0.692000 0.490667 2.000000 0.770000 0.565333 2.000000 0.704000 0.573333 2.000000
0 0.816720 0.372507 0.145680 0.235733 0.778000 0.298667 2.000000 0.784000 0.285333 2.000000 0.776000 0.285333 2.000000 0.000000 0.000000 0.000000 0.000000 0.000000 0.000000 0.854000 0.357333 2.000000 0.766000 0.357333 2.000000 0.860000 0.426667 2.000000 0.750000 0.418667 2.000000 0.828000 0.466667 2.000000 0.802000 0.466667 2.000000 0.000000 0.000000 0.000000 0.000000 0.000000 0.000000 0.000000 0.000000 0.000000 0.000000 0.000000 0.000000 0.000000 0.000000 0.000000 0.000000 0.000000 0.000000
0 0.941500 0.470467 0.117000 0.471440 0.996000 0.282667 2.000000 0.000000 0.000000 0.000000 0.988000 0.272000 2.000000 0.000000 0.000000 0.000000 0.960000 0.282667 2.000000 0.000000 0.000000 0.000000 0.922000 0.344000 2.000000 0.000000 0.000000 0.000000 0.890000 0.429333 2.000000 0.000000 0.000000 0.000000 0.912000 0.448000 2.000000 0.000000 0.000000 0.000000 0.930000 0.506667 2.000000 0.000000 0.000000 0.000000 0.000000 0.000000 0.000000 0.000000 0.000000 0.000000 0.000000 0.000000 0.000000
0 0.494080 0.622000 0.170600 0.471467 0.538000 0.437333 2.000000 0.000000 0.000000 0.000000 0.526000 0.434667 2.000000 0.000000 0.000000 0.000000 0.000000 0.000000 0.000000 0.554000 0.488000 2.000000 0.464000 0.538667 2.000000 0.574000 0.576000 2.000000 0.476000 0.608000 2.000000 0.544000 0.637333 2.000000 0.478000 0.645333 2.000000 0.536000 0.624000 2.000000 0.492000 0.624000 2.000000 0.524000 0.682667 2.000000 0.468000 0.666667 2.000000 0.472000 0.762667 2.000000 0.480000 0.792000 2.000000
0 0.384330 0.319813 0.180540 0.240000 0.328000 0.237333 2.000000 0.328000 0.229333 2.000000 0.322000 0.229333 2.000000 0.000000 0.000000 0.000000 0.308000 0.232000 2.000000 0.332000 0.264000 2.000000 0.306000 0.274667 2.000000 0.352000 0.314667 1.000000 0.330000 0.312000 2.000000 0.354000 0.272000 2.000000 0.344000 0.274667 2.000000 0.364000 0.325333 1.000000 0.344000 0.341333 1.000000 0.428000 0.333333 2.000000 0.410000 0.338667 2.000000 0.436000 0.416000 2.000000 0.440000 0.413333 2.000000
0 0.399290 0.276320 0.136340 0.182560 0.382000 0.213333 1.000000 0.386000 0.208000 1.000000 0.376000 0.208000 1.000000 0.000000 0.000000 0.000000 0.370000 0.213333 2.000000 0.392000 0.234667 1.000000 0.370000 0.242667 2.000000 0.418000 0.256000 1.000000 0.000000 0.000000 0.000000 0.402000 0.226667 1.000000 0.000000 0.000000 0.000000 0.424000 0.293333 1.000000 0.404000 0.304000 2.000000 0.484000 0.290667 1.000000 0.450000 0.304000 1.000000 0.000000 0.000000 0.000000 0.458000 0.362667 1.000000
0 0.189120 0.379387 0.157880 0.285760 0.148000 0.285333 2.000000 0.156000 0.274667 2.000000 0.142000 0.274667 2.000000 0.000000 0.000000 0.000000 0.128000 0.274667 2.000000 0.182000 0.306667 2.000000 0.122000 0.330667 2.000000 0.210000 0.354667 2.000000 0.152000 0.394667 2.000000 0.234000 0.386667 2.000000 0.144000 0.325333 2.000000 0.000000 0.000000 0.000000 0.000000 0.000000 0.000000 0.000000 0.000000 0.000000 0.000000 0.000000 0.000000 0.000000 0.000000 0.000000 0.000000 0.000000 0.000000
0 0.143250 0.419093 0.205620 0.334827 0.100000 0.290667 2.000000 0.000000 0.000000 0.000000 0.092000 0.282667 2.000000 0.000000 0.000000 0.000000 0.070000 0.290667 2.000000 0.098000 0.338667 2.000000 0.056000 0.349333 2.000000 0.138000 0.397333 2.000000 0.104000 0.402667 2.000000 0.108000 0.416000 2.000000 0.100000 0.344000 2.000000 0.120000 0.437333 2.000000 0.084000 0.458667 1.000000 0.216000 0.434667 2.000000 0.204000 0.442667 2.000000 0.200000 0.541333 2.000000 0.176000 0.560000 2.000000
0 0.627580 0.469880 0.187360 0.400560 0.620000 0.298667 2.000000 0.000000 0.000000 0.000000 0.610000 0.290667 2.000000 0.000000 0.000000 0.000000 0.000000 0.000000 0.000000 0.630000 0.352000 2.000000 0.558000 0.362667 2.000000 0.636000 0.421333 2.000000 0.544000 0.434667 1.000000 0.586000 0.429333 2.000000 0.584000 0.402667 2.000000 0.630000 0.480000 2.000000 0.580000 0.480000 2.000000 0.640000 0.514667 2.000000 0.656000 0.469333 2.000000 0.648000 0.677333 1.000000 0.672000 0.608000 2.000000
0 0.671560 0.258107 0.076640 0.162613 0.682000 0.205333 2.000000 0.686000 0.200000 2.000000 0.678000 0.200000 2.000000 0.696000 0.202667 2.000000 0.000000 0.000000 0.000000 0.706000 0.234667 2.000000 0.656000 0.234667 2.000000 0.000000 0.000000 0.000000 0.000000 0.000000 0.000000 0.000000 0.000000 0.000000 0.644000 0.277333 2.000000 0.698000 0.304000 1.000000 0.658000 0.301333 2.000000 0.000000 0.000000 0.000000 0.644000 0.301333 2.000000 0.000000 0.000000 0.000000 0.000000 0.000000 0.000000
