0 0.226922 0.377523 0.051094 0.251682 0.232813 0.275701 2.000000 0.000000 0.000000 0.000000 0.228125 0.271028 2.000000 0.000000 0.000000 0.000000 0.220312 0.280374 2.000000 0.207813 0.303738 2.000000 0.218750 0.303738 2.000000 0.000000 0.000000 0.000000 0.221875 0.336449 2.000000 0.000000 0.000000 0.000000 0.235937 0.380841 2.000000 0.210938 0.380841 2.000000 0.220312 0.385514 2.000000 0.226562 0.432243 2.000000 0.235937 0.432243 2.000000 0.225000 0.488318 2.000000 0.212500 0.471963 2.000000
0 0.444445 0.521016 0.188078 0.795304 0.454688 0.264019 2.000000 0.468750 0.247664 2.000000 0.440625 0.250000 2.000000 0.493750 0.247664 2.000000 0.423438 0.247664 2.000000 0.498437 0.336449 2.000000 0.409375 0.329439 2.000000 0.514062 0.411215 2.000000 0.390625 0.399533 2.000000 0.512500 0.478972 2.000000 0.385937 0.464953 2.000000 0.485938 0.567757 2.000000 0.425000 0.567757 1.000000 0.501563 0.672897 2.000000 0.389062 0.684579 2.000000 0.512500 0.843458 2.000000 0.392188 0.848131 2.000000
0 0.186719 0.371893 0.034719 0.171402 0.189062 0.299065 2.000000 0.190625 0.294393 2.000000 0.185938 0.294393 2.000000 0.193750 0.301402 2.000000 0.182812 0.301402 2.000000 0.203125 0.317757 2.000000 0.176563 0.320093 1.000000 0.000000 0.000000 0.000000 0.175000 0.343458 2.000000 0.000000 0.000000 0.000000 0.173437 0.366822 2.000000 0.196875 0.364486 2.000000 0.182812 0.364486 2.000000 0.195312 0.399533 2.000000 0.184375 0.401869 2.000000 0.193750 0.436916 2.000000 0.189062 0.441589 2.000000
0 0.135914 0.376180 0.056828 0.175771 0.125000 0.303738 2.000000 0.128125 0.301402 2.000000 0.121875 0.301402 2.000000 0.000000 0.000000 0.000000 0.000000 0.000000 0.000000 0.142187 0.324766 2.000000 0.117188 0.329439 2.000000 0.151562 0.350467 2.000000 0.112500 0.359813 1.000000 0.156250 0.369159 2.000000 0.000000 0.000000 0.000000 0.140625 0.373832 2.000000 0.125000 0.376168 2.000000 0.140625 0.406542 2.000000 0.128125 0.411215 2.000000 0.139063 0.441589 2.000000 0.131250 0.446262 2.000000
0 0.093602 0.370841 0.063516 0.278318 0.000000 0.000000 0.000000 0.000000 0.000000 0.000000 0.000000 0.000000 0.000000 0.073438 0.254673 2.000000 0.000000 0.000000 0.000000 0.085938 0.282710 2.000000 0.000000 0.000000 0.000000 0.000000 0.000000 0.000000 0.000000 0.000000 0.000000 0.000000 0.000000 0.000000 0.000000 0.000000 0.000000 0.090625 0.371495 2.000000 0.000000 0.000000 0.000000 0.098437 0.434579 2.000000 0.000000 0.000000 0.000000 0.109375 0.485981 2.000000 0.000000 0.000000 0.000000
0 0.068133 0.393131 0.058109 0.307757 0.000000 0.000000 0.000000 0.000000 0.000000 0.000000 0.000000 0.000000 0.000000 0.000000 0.000000 0.000000 0.000000 0.000000 0.000000 0.076563 0.301402 2.000000 0.000000 0.000000 0.000000 0.089063 0.338785 2.000000 0.000000 0.000000 0.000000 0.070312 0.350467 2.000000 0.000000 0.000000 0.000000 0.067187 0.364486 2.000000 0.000000 0.000000 0.000000 0.048438 0.418224 2.000000 0.000000 0.000000 0.000000 0.051562 0.500000 1.000000 0.000000 0.000000 0.000000
0 0.961047 0.322909 0.067625 0.247173 0.000000 0.000000 0.000000 0.953125 0.250000 1.000000 0.000000 0.000000 0.000000 0.959375 0.254673 2.000000 0.000000 0.000000 0.000000 0.942187 0.287383 2.000000 0.995313 0.280374 1.000000 0.000000 0.000000 0.000000 0.000000 0.000000 0.000000 0.000000 0.000000 0.000000 0.000000 0.000000 0.000000 0.943750 0.399533 2.000000 0.973437 0.394860 2.000000 0.000000 0.000000 0.000000 0.000000 0.000000 0.000000 0.000000 0.000000 0.000000 0.000000 0.000000 0.000000
0 0.038539 0.387757 0.077078 0.345701 0.000000 0.000000 0.000000 0.000000 0.000000 0.000000 0.000000 0.000000 0.000000 0.000000 0.000000 0.000000 0.000000 0.000000 0.000000 0.000000 0.000000 0.000000 0.000000 0.000000 0.000000 0.000000 0.000000 0.000000 0.000000 0.000000 0.000000 0.000000 0.000000 0.000000 0.000000 0.000000 0.000000 0.020313 0.313084 2.000000 0.000000 0.000000 0.000000 0.012500 0.432243 2.000000 0.000000 0.000000 0.000000 0.051562 0.502336 2.000000 0.003125 0.511682 2.000000
0 0.566563 0.498879 0.129250 0.719112 0.539062 0.271028 2.000000 0.550000 0.254673 2.000000 0.528125 0.257009 2.000000 0.575000 0.254673 2.000000 0.000000 0.000000 0.000000 0.579688 0.327103 2.000000 0.506250 0.331776 1.000000 0.596875 0.406542 2.000000 0.000000 0.000000 0.000000 0.576562 0.469626 2.000000 0.000000 0.000000 0.000000 0.573438 0.528037 2.000000 0.518750 0.525701 1.000000 0.590625 0.630841 2.000000 0.000000 0.000000 0.000000 0.609375 0.785047 2.000000 0.000000 0.000000 0.000000
0 0.924055 0.316414 0.077953 0.229276 0.000000 0.000000 0.000000 0.000000 0.000000 0.000000 0.000000 0.000000 0.000000 0.945312 0.238318 2.000000 0.000000 0.000000 0.000000 0.925000 0.268692 2.000000 0.957812 0.278037 1.000000 0.000000 0.000000 0.000000 0.000000 0.000000 0.000000 0.000000 0.000000 0.000000 0.000000 0.000000 0.000000 0.901563 0.406542 2.000000 0.921875 0.408879 2.000000 0.000000 0.000000 0.000000 0.000000 0.000000 0.000000 0.000000 0.000000 0.000000 0.000000 0.000000 0.000000
