0 0.669453 0.693875 0.094125 0.227833 0.667188 0.635417 2.000000 0.671875 0.618750 2.000000 0.656250 0.625000 2.000000 0.000000 0.000000 0.000000 0.628125 0.627083 1.000000 0.690625 0.691667 2.000000 0.617188 0.689583 1.000000 0.692187 0.802083 2.000000 0.000000 0.000000 0.000000 0.000000 0.000000 0.000000 0.000000 0.000000 0.000000 0.668750 0.818750 1.000000 0.626563 0.814583 1.000000 0.000000 0.000000 0.000000 0.000000 0.000000 0.000000 0.000000 0.000000 0.000000 0.000000 0.000000 0.000000
0 0.645734 0.805948 0.227219 0.377354 0.645312 0.700000 1.000000 0.000000 0.000000 0.000000 0.634375 0.685417 2.000000 0.000000 0.000000 0.000000 0.600000 0.702083 2.000000 0.000000 0.000000 0.000000 0.582812 0.779167 2.000000 0.000000 0.000000 0.000000 0.659375 0.925000 2.000000 0.000000 0.000000 0.000000 0.684375 0.883333 2.000000 0.000000 0.000000 0.000000 0.596875 0.991667 2.000000 0.000000 0.000000 0.000000 0.000000 0.000000 0.000000 0.000000 0.000000 0.000000 0.000000 0.000000 0.000000
0 0.584672 0.564083 0.088906 0.139250 0.603125 0.529167 2.000000 0.607812 0.522917 2.000000 0.596875 0.522917 2.000000 0.000000 0.000000 0.000000 0.581250 0.529167 2.000000 0.621875 0.581250 2.000000 0.562500 0.577083 2.000000 0.620313 0.647917 1.000000 0.548438 0.635417 1.000000 0.000000 0.000000 0.000000 0.000000 0.000000 0.000000 0.607812 0.695833 1.000000 0.565625 0.691667 1.000000 0.000000 0.000000 0.000000 0.000000 0.000000 0.000000 0.000000 0.000000 0.000000 0.000000 0.000000 0.000000
0 0.172750 0.823594 0.345500 0.330354 0.242188 0.829167 2.000000 0.232813 0.797917 2.000000 0.206250 0.812500 2.000000 0.000000 0.000000 0.000000 0.120313 0.847917 2.000000 0.298438 0.968750 2.000000 0.029687 0.964583 2.000000 0.000000 0.000000 0.000000 0.000000 0.000000 0.000000 0.000000 0.000000 0.000000 0.000000 0.000000 0.000000 0.000000 0.000000 0.000000 0.000000 0.000000 0.000000 0.000000 0.000000 0.000000 0.000000 0.000000 0.000000 0.000000 0.000000 0.000000 0.000000 0.000000 0.000000
0 0.338914 0.602198 0.131984 0.203104 0.337500 0.543750 2.000000 0.337500 0.535417 2.000000 0.325000 0.535417 2.000000 0.000000 0.000000 0.000000 0.303125 0.552083 2.000000 0.348438 0.587500 2.000000 0.281250 0.583333 2.000000 0.395313 0.608333 1.000000 0.306250 0.631250 2.000000 0.392188 0.581250 2.000000 0.357812 0.562500 2.000000 0.348438 0.708333 1.000000 0.307812 0.710417 1.000000 0.000000 0.000000 0.000000 0.301563 0.789583 1.000000 0.000000 0.000000 0.000000 0.000000 0.000000 0.000000
0 0.254148 0.703823 0.117828 0.359938 0.278125 0.591667 2.000000 0.000000 0.000000 0.000000 0.270313 0.583333 2.000000 0.000000 0.000000 0.000000 0.237500 0.606250 2.000000 0.206250 0.672917 1.000000 0.254688 0.722917 2.000000 0.000000 0.000000 0.000000 0.279687 0.872917 2.000000 0.000000 0.000000 0.000000 0.314063 0.872917 1.000000 0.000000 0.000000 0.000000 0.228125 0.920833 1.000000 0.000000 0.000000 0.000000 0.000000 0.000000 0.000000 0.000000 0.000000 0.000000 0.000000 0.000000 0.000000
0 0.079758 0.705937 0.140297 0.369083 0.117188 0.581250 2.000000 0.118750 0.566667 2.000000 0.104688 0.570833 2.000000 0.000000 0.000000 0.000000 0.000000 0.000000 0.000000 0.128125 0.629167 2.000000 0.053125 0.662500 2.000000 0.000000 0.000000 0.000000 0.075000 0.768750 2.000000 0.000000 0.000000 0.000000 0.000000 0.000000 0.000000 0.000000 0.000000 0.000000 0.000000 0.000000 0.000000 0.000000 0.000000 0.000000 0.000000 0.000000 0.000000 0.000000 0.000000 0.000000 0.000000 0.000000 0.000000
0 0.148789 0.569740 0.063453 0.189104 0.159375 0.537500 2.000000 0.167187 0.525000 2.000000 0.150000 0.525000 2.000000 0.000000 0.000000 0.000000 0.126562 0.529167 2.000000 0.167187 0.591667 2.000000 0.107813 0.591667 1.000000 0.000000 0.000000 0.000000 0.000000 0.000000 0.000000 0.000000 0.000000 0.000000 0.000000 0.000000 0.000000 0.000000 0.000000 0.000000 0.000000 0.000000 0.000000 0.000000 0.000000 0.000000 0.000000 0.000000 0.000000 0.000000 0.000000 0.000000 0.000000 0.000000 0.000000
0 0.537641 0.543823 0.060688 0.116854 0.548438 0.514583 2.000000 0.548438 0.510417 2.000000 0.542188 0.512500 2.000000 0.000000 0.000000 0.000000 0.528125 0.514583 2.000000 0.554688 0.545833 2.000000 0.517188 0.550000 2.000000 0.556250 0.589583 2.000000 0.540625 0.589583 2.000000 0.531250 0.600000 1.000000 0.539062 0.552083 2.000000 0.000000 0.000000 0.000000 0.000000 0.000000 0.000000 0.000000 0.000000 0.000000 0.000000 0.000000 0.000000 0.000000 0.000000 0.000000 0.000000 0.000000 0.000000
0 0.819945 0.830344 0.183703 0.316854 0.000000 0.000000 0.000000 0.000000 0.000000 0.000000 0.000000 0.000000 0.000000 0.854688 0.762500 2.000000 0.000000 0.000000 0.000000 0.746875 0.837500 2.000000 0.868750 0.856250 2.000000 0.000000 0.000000 0.000000 0.000000 0.000000 0.000000 0.000000 0.000000 0.000000 0.000000 0.000000 0.000000 0.000000 0.000000 0.000000 0.000000 0.000000 0.000000 0.000000 0.000000 0.000000 0.000000 0.000000 0.000000 0.000000 0.000000 0.000000 0.000000 0.000000 0.000000
0 0.440891 0.750896 0.203500 0.323000 0.425000 0.643750 2.000000 0.000000 0.000000 0.000000 0.412500 0.633333 2.000000 0.000000 0.000000 0.000000 0.385937 0.660417 2.000000 0.407813 0.756250 2.000000 0.379688 0.710417 2.000000 0.478125 0.816667 2.000000 0.471875 0.647917 2.000000 0.514062 0.720833 2.000000 0.495312 0.606250 2.000000 0.000000 0.000000 0.000000 0.000000 0.000000 0.000000 0.000000 0.000000 0.000000 0.000000 0.000000 0.000000 0.000000 0.000000 0.000000 0.000000 0.000000 0.000000
