0 0.521125 0.672802 0.176063 0.434271 0.478125 0.539583 2.000000 0.484375 0.529167 2.000000 0.468750 0.531250 2.000000 0.000000 0.000000 0.000000 0.000000 0.000000 0.000000 0.510938 0.589583 2.000000 0.420312 0.591667 1.000000 0.557813 0.702083 2.000000 0.370312 0.681250 1.000000 0.559375 0.685417 2.000000 0.000000 0.000000 0.000000 0.479687 0.785417 2.000000 0.425000 0.783333 1.000000 0.553125 0.741667 2.000000 0.401562 0.731250 1.000000 0.551562 0.854167 2.000000 0.365625 0.854167 1.000000
0 0.247977 0.616563 0.182484 0.549958 0.318750 0.420833 2.000000 0.326562 0.406250 1.000000 0.301563 0.404167 2.000000 0.000000 0.000000 0.000000 0.000000 0.000000 0.000000 0.343750 0.450000 1.000000 0.248438 0.452083 2.000000 0.312500 0.562500 2.000000 0.157812 0.547917 2.000000 0.282813 0.604167 2.000000 0.240625 0.595833 2.000000 0.271875 0.579167 2.000000 0.198437 0.570833 2.000000 0.000000 0.000000 0.000000 0.284375 0.672917 2.000000 0.193750 0.806250 2.000000 0.248438 0.833333 2.000000
0 0.397750 0.580906 0.219094 0.716854 0.476562 0.302083 2.000000 0.000000 0.000000 0.000000 0.465625 0.291667 2.000000 0.000000 0.000000 0.000000 0.437500 0.287500 2.000000 0.371875 0.335417 2.000000 0.465625 0.345833 2.000000 0.309375 0.377083 1.000000 0.468750 0.418750 2.000000 0.378125 0.329167 2.000000 0.409375 0.331250 2.000000 0.329688 0.535417 2.000000 0.392188 0.520833 2.000000 0.400000 0.714583 2.000000 0.453125 0.681250 2.000000 0.360938 0.879167 2.000000 0.434375 0.785417 2.000000
0 0.722898 0.366490 0.143047 0.295396 0.000000 0.000000 0.000000 0.000000 0.000000 0.000000 0.000000 0.000000 0.000000 0.000000 0.000000 0.000000 0.739062 0.262500 2.000000 0.670312 0.322917 2.000000 0.750000 0.322917 2.000000 0.000000 0.000000 0.000000 0.779687 0.439583 2.000000 0.000000 0.000000 0.000000 0.762500 0.502083 2.000000 0.685937 0.541667 1.000000 0.732812 0.545833 1.000000 0.000000 0.000000 0.000000 0.000000 0.000000 0.000000 0.000000 0.000000 0.000000 0.000000 0.000000 0.000000
0 0.606344 0.339552 0.102313 0.224021 0.590625 0.279167 2.000000 0.603125 0.266667 2.000000 0.587500 0.268750 2.000000 0.623437 0.277083 2.000000 0.000000 0.000000 0.000000 0.626563 0.333333 2.000000 0.581250 0.329167 1.000000 0.643750 0.416667 2.000000 0.546875 0.310417 1.000000 0.000000 0.000000 0.000000 0.515625 0.266667 1.000000 0.618750 0.485417 1.000000 0.575000 0.470833 1.000000 0.000000 0.000000 0.000000 0.000000 0.000000 0.000000 0.000000 0.000000 0.000000 0.000000 0.000000 0.000000
0 0.596633 0.438948 0.141578 0.150562 0.582812 0.414583 2.000000 0.590625 0.402083 2.000000 0.573438 0.406250 2.000000 0.604688 0.408333 2.000000 0.559375 0.420833 2.000000 0.629687 0.475000 2.000000 0.554688 0.481250 2.000000 0.000000 0.000000 0.000000 0.000000 0.000000 0.000000 0.000000 0.000000 0.000000 0.000000 0.000000 0.000000 0.000000 0.000000 0.000000 0.000000 0.000000 0.000000 0.000000 0.000000 0.000000 0.000000 0.000000 0.000000 0.000000 0.000000 0.000000 0.000000 0.000000 0.000000
0 0.848992 0.339146 0.090609 0.333333 0.829688 0.229167 2.000000 0.835938 0.218750 2.000000 0.825000 0.220833 2.000000 0.850000 0.225000 2.000000 0.810937 0.225000 2.000000 0.865625 0.308333 2.000000 0.793750 0.300000 1.000000 0.873437 0.400000 2.000000 0.000000 0.000000 0.000000 0.839063 0.362500 1.000000 0.000000 0.000000 0.000000 0.843750 0.454167 2.000000 0.000000 0.000000 0.000000 0.000000 0.000000 0.000000 0.000000 0.000000 0.000000 0.000000 0.000000 0.000000 0.000000 0.000000 0.000000
0 0.890609 0.470927 0.055750 0.091938 0.892188 0.477083 2.000000 0.900000 0.470833 2.000000 0.884375 0.470833 2.000000 0.910937 0.468750 2.000000 0.871875 0.468750 2.000000 0.928125 0.520833 1.000000 0.851562 0.520833 1.000000 0.000000 0.000000 0.000000 0.000000 0.000000 0.000000 0.000000 0.000000 0.000000 0.000000 0.000000 0.000000 0.000000 0.000000 0.000000 0.000000 0.000000 0.000000 0.000000 0.000000 0.000000 0.000000 0.000000 0.000000 0.000000 0.000000 0.000000 0.000000 0.000000 0.000000
0 0.107297 0.413990 0.113719 0.219104 0.118750 0.360417 2.000000 0.000000 0.000000 0.000000 0.109375 0.354167 2.000000 0.000000 0.000000 0.000000 0.076563 0.366667 2.000000 0.132812 0.410417 2.000000 0.050000 0.416667 1.000000 0.165625 0.458333 1.000000 0.000000 0.000000 0.000000 0.000000 0.000000 0.000000 0.000000 0.000000 0.000000 0.000000 0.000000 0.000000 0.000000 0.000000 0.000000 0.000000 0.000000 0.000000 0.000000 0.000000 0.000000 0.000000 0.000000 0.000000 0.000000 0.000000 0.000000
0 0.223789 0.336740 0.100203 0.168563 0.235937 0.314583 2.000000 0.243750 0.302083 2.000000 0.226562 0.306250 2.000000 0.257812 0.312500 2.000000 0.215625 0.312500 2.000000 0.276562 0.377083 1.000000 0.190625 0.379167 2.000000 0.000000 0.000000 0.000000 0.000000 0.000000 0.000000 0.000000 0.000000 0.000000 0.000000 0.000000 0.000000 0.000000 0.000000 0.000000 0.000000 0.000000 0.000000 0.000000 0.000000 0.000000 0.000000 0.000000 0.000000 0.000000 0.000000 0.000000 0.000000 0.000000 0.000000
0 0.938109 0.235719 0.072781 0.150188 0.945312 0.206250 2.000000 0.956250 0.197917 2.000000 0.935937 0.195833 2.000000 0.964063 0.210417 2.000000 0.920312 0.212500 2.000000 0.973437 0.279167 1.000000 0.901563 0.258333 1.000000 0.000000 0.000000 0.000000 0.000000 0.000000 0.000000 0.000000 0.000000 0.000000 0.000000 0.000000 0.000000 0.000000 0.000000 0.000000 0.000000 0.000000 0.000000 0.000000 0.000000 0.000000 0.000000 0.000000 0.000000 0.000000 0.000000 0.000000 0.000000 0.000000 0.000000
0 0.045617 0.442531 0.087391 0.154229 0.029687 0.427083 2.000000 0.032813 0.410417 2.000000 0.017188 0.414583 2.000000 0.050000 0.429167 2.000000 0.000000 0.000000 0.000000 0.060937 0.485417 2.000000 0.000000 0.000000 0.000000 0.000000 0.000000 0.000000 0.000000 0.000000 0.000000 0.000000 0.000000 0.000000 0.000000 0.000000 0.000000 0.000000 0.000000 0.000000 0.000000 0.000000 0.000000 0.000000 0.000000 0.000000 0.000000 0.000000 0.000000 0.000000 0.000000 0.000000 0.000000 0.000000 0.000000
0 0.793102 0.364333 0.093422 0.288583 0.000000 0.000000 0.000000 0.000000 0.000000 0.000000 0.000000 0.000000 0.000000 0.000000 0.000000 0.000000 0.000000 0.000000 0.000000 0.737500 0.316667 1.000000 0.809375 0.318750 2.000000 0.000000 0.000000 0.000000 0.832812 0.420833 2.000000 0.000000 0.000000 0.000000 0.801562 0.464583 2.000000 0.754687 0.495833 1.000000 0.809375 0.495833 2.000000 0.000000 0.000000 0.000000 0.000000 0.000000 0.000000 0.000000 0.000000 0.000000 0.000000 0.000000 0.000000
