0 0.680141 0.592819 0.157500 0.327401 0.000000 0.000000 0.000000 0.000000 0.000000 0.000000 0.000000 0.000000 0.000000 0.731250 0.489559 2.000000 0.685937 0.487239 2.000000 0.742188 0.480278 2.000000 0.664062 0.508121 2.000000 0.742188 0.554524 2.000000 0.673438 0.621810 2.000000 0.748437 0.552204 2.000000 0.678125 0.700696 2.000000 0.692187 0.568445 2.000000 0.640625 0.552204 2.000000 0.684375 0.684455 2.000000 0.617188 0.656613 2.000000 0.679688 0.791183 1.000000 0.614062 0.728538 1.000000
0 0.551000 0.523596 0.135844 0.271926 0.543750 0.466357 2.000000 0.550000 0.457077 2.000000 0.539062 0.457077 2.000000 0.568750 0.440835 2.000000 0.000000 0.000000 0.000000 0.595313 0.480278 2.000000 0.523438 0.473318 2.000000 0.000000 0.000000 0.000000 0.490625 0.517401 2.000000 0.631250 0.519722 1.000000 0.495312 0.596288 1.000000 0.589063 0.600928 2.000000 0.535937 0.598608 2.000000 0.609375 0.645012 1.000000 0.575000 0.624130 2.000000 0.000000 0.000000 0.000000 0.000000 0.000000 0.000000
0 0.660383 0.454501 0.101641 0.186032 0.668750 0.419954 2.000000 0.670312 0.406032 2.000000 0.659375 0.410673 2.000000 0.000000 0.000000 0.000000 0.640625 0.415313 2.000000 0.695312 0.431555 2.000000 0.631250 0.466357 2.000000 0.000000 0.000000 0.000000 0.628125 0.554524 1.000000 0.000000 0.000000 0.000000 0.000000 0.000000 0.000000 0.000000 0.000000 0.000000 0.000000 0.000000 0.000000 0.760938 0.607889 1.000000 0.000000 0.000000 0.000000 0.000000 0.000000 0.000000 0.000000 0.000000 0.000000
0 0.559453 0.375812 0.087844 0.151671 0.554688 0.348028 2.000000 0.557813 0.338747 2.000000 0.545312 0.343387 2.000000 0.000000 0.000000 0.000000 0.534375 0.343387 2.000000 0.582812 0.368910 1.000000 0.526563 0.387471 2.000000 0.598437 0.422274 2.000000 0.000000 0.000000 0.000000 0.000000 0.000000 0.000000 0.000000 0.000000 0.000000 0.000000 0.000000 0.000000 0.000000 0.000000 0.000000 0.000000 0.000000 0.000000 0.000000 0.000000 0.000000 0.000000 0.000000 0.000000 0.000000 0.000000 0.000000
0 0.627625 0.368295 0.076250 0.192367 0.604688 0.329466 2.000000 0.612500 0.317865 2.000000 0.598437 0.322506 2.000000 0.628125 0.310905 2.000000 0.000000 0.000000 0.000000 0.646875 0.373550 1.000000 0.607812 0.364269 2.000000 0.000000 0.000000 0.000000 0.000000 0.000000 0.000000 0.000000 0.000000 0.000000 0.000000 0.000000 0.000000 0.640625 0.494200 1.000000 0.609375 0.484919 1.000000 0.000000 0.000000 0.000000 0.000000 0.000000 0.000000 0.000000 0.000000 0.000000 0.000000 0.000000 0.000000
0 0.479070 0.445603 0.106234 0.233712 0.492188 0.399072 2.000000 0.496875 0.392111 2.000000 0.484375 0.392111 2.000000 0.000000 0.000000 0.000000 0.471875 0.373550 2.000000 0.514062 0.408353 2.000000 0.453125 0.408353 2.000000 0.000000 0.000000 0.000000 0.434375 0.484919 2.000000 0.000000 0.000000 0.000000 0.473438 0.494200 2.000000 0.506250 0.503480 1.000000 0.457813 0.503480 2.000000 0.531250 0.540603 1.000000 0.464062 0.545244 2.000000 0.000000 0.000000 0.000000 0.000000 0.000000 0.000000
0 0.412914 0.392285 0.121516 0.251346 0.432812 0.324826 2.000000 0.435937 0.310905 2.000000 0.425000 0.315545 2.000000 0.443750 0.310905 2.000000 0.415625 0.320186 2.000000 0.457813 0.354988 2.000000 0.396875 0.357309 2.000000 0.000000 0.000000 0.000000 0.357812 0.389791 2.000000 0.000000 0.000000 0.000000 0.382812 0.452436 2.000000 0.445312 0.454756 1.000000 0.401562 0.461717 2.000000 0.000000 0.000000 0.000000 0.429688 0.494200 2.000000 0.000000 0.000000 0.000000 0.000000 0.000000 0.000000
0 0.380648 0.334710 0.072672 0.214153 0.406250 0.266821 2.000000 0.410938 0.257541 2.000000 0.400000 0.259861 2.000000 0.000000 0.000000 0.000000 0.385937 0.266821 2.000000 0.432812 0.313225 1.000000 0.376563 0.313225 2.000000 0.000000 0.000000 0.000000 0.353125 0.306265 2.000000 0.000000 0.000000 0.000000 0.371875 0.262181 2.000000 0.423438 0.433875 1.000000 0.389062 0.433875 2.000000 0.000000 0.000000 0.000000 0.000000 0.000000 0.000000 0.000000 0.000000 0.000000 0.000000 0.000000 0.000000
0 0.467227 0.285371 0.056359 0.132506 0.467187 0.264501 2.000000 0.473438 0.252900 2.000000 0.464062 0.250580 2.000000 0.489063 0.255220 2.000000 0.000000 0.000000 0.000000 0.496875 0.285383 1.000000 0.439063 0.299304 1.000000 0.000000 0.000000 0.000000 0.000000 0.000000 0.000000 0.000000 0.000000 0.000000 0.000000 0.000000 0.000000 0.484375 0.366589 1.000000 0.451562 0.382831 1.000000 0.000000 0.000000 0.000000 0.000000 0.000000 0.000000 0.000000 0.000000 0.000000 0.000000 0.000000 0.000000
0 0.327992 0.307239 0.098109 0.202135 0.000000 0.000000 0.000000 0.000000 0.000000 0.000000 0.000000 0.000000 0.000000 0.000000 0.000000 0.000000 0.343750 0.248260 2.000000 0.370312 0.283063 1.000000 0.326562 0.283063 2.000000 0.000000 0.000000 0.000000 0.307812 0.327146 2.000000 0.000000 0.000000 0.000000 0.293750 0.338747 2.000000 0.364063 0.375870 1.000000 0.326562 0.378190 2.000000 0.000000 0.000000 0.000000 0.000000 0.000000 0.000000 0.000000 0.000000 0.000000 0.000000 0.000000 0.000000
