0 0.237812 0.247869 0.054406 0.195691 0.242188 0.180328 2.000000 0.250000 0.175644 2.000000 0.240625 0.175644 2.000000 0.260937 0.180328 2.000000 0.000000 0.000000 0.000000 0.273438 0.229508 1.000000 0.220312 0.227166 2.000000 0.000000 0.000000 0.000000 0.212500 0.278689 1.000000 0.000000 0.000000 0.000000 0.223438 0.327869 1.000000 0.264062 0.358314 1.000000 0.232813 0.358314 1.000000 0.000000 0.000000 0.000000 0.000000 0.000000 0.000000 0.000000 0.000000 0.000000 0.000000 0.000000 0.000000
0 0.445117 0.346780 0.195953 0.333747 0.451562 0.252927 2.000000 0.454688 0.243560 2.000000 0.443750 0.243560 2.000000 0.000000 0.000000 0.000000 0.423438 0.255269 2.000000 0.465625 0.309133 2.000000 0.387500 0.325527 2.000000 0.506250 0.367681 1.000000 0.000000 0.000000 0.000000 0.000000 0.000000 0.000000 0.357812 0.400468 2.000000 0.450000 0.470726 1.000000 0.417187 0.475410 1.000000 0.510938 0.508197 1.000000 0.375000 0.498829 2.000000 0.512500 0.627635 1.000000 0.373437 0.651054 1.000000
0 0.539867 0.260948 0.085672 0.134871 0.532813 0.229508 2.000000 0.537500 0.222482 2.000000 0.528125 0.222482 2.000000 0.543750 0.227166 2.000000 0.518750 0.224824 2.000000 0.551562 0.266979 2.000000 0.506250 0.269321 2.000000 0.562500 0.337237 1.000000 0.500000 0.327869 1.000000 0.543750 0.323185 1.000000 0.518750 0.311475 2.000000 0.546875 0.365340 1.000000 0.514062 0.367681 1.000000 0.000000 0.000000 0.000000 0.000000 0.000000 0.000000 0.000000 0.000000 0.000000 0.000000 0.000000 0.000000
0 0.699766 0.303829 0.050625 0.143396 0.698438 0.269321 2.000000 0.704688 0.266979 2.000000 0.695312 0.259953 2.000000 0.707812 0.271663 2.000000 0.687500 0.259953 2.000000 0.695312 0.304450 2.000000 0.671875 0.299766 1.000000 0.707812 0.351288 2.000000 0.675000 0.362998 1.000000 0.712500 0.316159 2.000000 0.685937 0.323185 2.000000 0.000000 0.000000 0.000000 0.000000 0.000000 0.000000 0.000000 0.000000 0.000000 0.000000 0.000000 0.000000 0.000000 0.000000 0.000000 0.000000 0.000000 0.000000
0 0.752164 0.388642 0.070891 0.310070 0.767188 0.276347 2.000000 0.771875 0.271663 2.000000 0.762500 0.271663 2.000000 0.000000 0.000000 0.000000 0.000000 0.000000 0.000000 0.776563 0.309133 2.000000 0.728125 0.306792 2.000000 0.779687 0.379391 2.000000 0.725000 0.362998 2.000000 0.778125 0.416862 2.000000 0.732812 0.398126 2.000000 0.757812 0.437939 2.000000 0.732812 0.435597 2.000000 0.750000 0.508197 2.000000 0.728125 0.508197 2.000000 0.751563 0.569087 1.000000 0.725000 0.578454 1.000000
0 0.902562 0.548314 0.194875 0.426979 0.000000 0.000000 0.000000 0.000000 0.000000 0.000000 0.000000 0.000000 0.000000 0.000000 0.000000 0.000000 0.000000 0.000000 0.000000 0.968750 0.444965 2.000000 0.000000 0.000000 0.000000 0.921875 0.496487 2.000000 0.000000 0.000000 0.000000 0.884375 0.496487 2.000000 0.000000 0.000000 0.000000 0.970313 0.583138 2.000000 0.000000 0.000000 0.000000 0.876563 0.587822 2.000000 0.000000 0.000000 0.000000 0.864062 0.709602 2.000000 0.000000 0.000000 0.000000
0 0.819922 0.353267 0.071469 0.257494 0.823438 0.262295 2.000000 0.826562 0.255269 2.000000 0.817187 0.255269 2.000000 0.000000 0.000000 0.000000 0.803125 0.255269 2.000000 0.825000 0.299766 2.000000 0.798438 0.297424 2.000000 0.846875 0.339578 2.000000 0.804688 0.339578 2.000000 0.845313 0.297424 2.000000 0.815625 0.297424 2.000000 0.825000 0.400468 2.000000 0.801562 0.405152 2.000000 0.000000 0.000000 0.000000 0.000000 0.000000 0.000000 0.000000 0.000000 0.000000 0.000000 0.000000 0.000000
0 0.873422 0.352119 0.072500 0.245176 0.882812 0.269321 2.000000 0.885938 0.264637 2.000000 0.878125 0.264637 2.000000 0.000000 0.000000 0.000000 0.865625 0.264637 2.000000 0.892188 0.311475 2.000000 0.851562 0.309133 1.000000 0.904687 0.367681 2.000000 0.839063 0.362998 1.000000 0.893750 0.377049 2.000000 0.868750 0.370023 2.000000 0.882812 0.414520 1.000000 0.853125 0.412178 2.000000 0.000000 0.000000 0.000000 0.000000 0.000000 0.000000 0.000000 0.000000 0.000000 0.000000 0.000000 0.000000
0 0.686680 0.628525 0.098953 0.368525 0.000000 0.000000 0.000000 0.000000 0.000000 0.000000 0.000000 0.000000 0.000000 0.656250 0.466042 2.000000 0.675000 0.466042 2.000000 0.645312 0.510539 2.000000 0.692187 0.498829 2.000000 0.645312 0.569087 2.000000 0.000000 0.000000 0.000000 0.000000 0.000000 0.000000 0.000000 0.000000 0.000000 0.685937 0.594848 2.000000 0.717187 0.585480 2.000000 0.685937 0.697892 2.000000 0.729688 0.693208 1.000000 0.685937 0.786885 2.000000 0.000000 0.000000 0.000000
0 0.347789 0.344450 0.095953 0.411616 0.376563 0.187354 2.000000 0.379688 0.180328 2.000000 0.371875 0.177986 2.000000 0.000000 0.000000 0.000000 0.360938 0.177986 2.000000 0.384375 0.238876 2.000000 0.332813 0.229508 2.000000 0.392188 0.278689 1.000000 0.318750 0.302108 2.000000 0.384375 0.337237 1.000000 0.335938 0.332553 2.000000 0.362500 0.379391 1.000000 0.335938 0.377049 2.000000 0.364063 0.456674 1.000000 0.323437 0.442623 2.000000 0.364063 0.526932 1.000000 0.317188 0.517564 2.000000
0 0.285961 0.329555 0.066359 0.367822 0.287500 0.180328 2.000000 0.290625 0.173302 2.000000 0.281250 0.173302 2.000000 0.000000 0.000000 0.000000 0.273438 0.185012 2.000000 0.306250 0.220141 2.000000 0.262500 0.220141 2.000000 0.315625 0.266979 1.000000 0.262500 0.274005 2.000000 0.300000 0.306792 2.000000 0.284375 0.311475 2.000000 0.303125 0.344262 2.000000 0.279687 0.344262 2.000000 0.300000 0.435597 2.000000 0.267188 0.433255 1.000000 0.298438 0.519906 1.000000 0.260937 0.519906 1.000000
0 0.045773 0.288911 0.075984 0.129906 0.064062 0.255269 2.000000 0.067187 0.252927 2.000000 0.059375 0.250585 2.000000 0.000000 0.000000 0.000000 0.046875 0.257611 2.000000 0.078125 0.297424 2.000000 0.034375 0.292740 2.000000 0.000000 0.000000 0.000000 0.000000 0.000000 0.000000 0.000000 0.000000 0.000000 0.000000 0.000000 0.000000 0.000000 0.000000 0.000000 0.000000 0.000000 0.000000 0.000000 0.000000 0.000000 0.000000 0.000000 0.000000 0.000000 0.000000 0.000000 0.000000 0.000000 0.000000
