0 0.568258 0.504490 0.863484 0.986521 0.000000 0.000000 0.000000 0.000000 0.000000 0.000000 0.000000 0.000000 0.000000 0.760938 0.247917 2.000000 0.000000 0.000000 0.000000 0.801562 0.564583 2.000000 0.989062 0.481250 2.000000 0.510938 0.766667 2.000000 0.000000 0.000000 0.000000 0.635938 0.420833 2.000000 0.000000 0.000000 0.000000 0.606250 0.979167 2.000000 0.715625 0.927083 2.000000 0.173437 0.981250 2.000000 0.000000 0.000000 0.000000 0.000000 0.000000 0.000000 0.000000 0.000000 0.000000
0 0.262078 0.243635 0.318531 0.487271 0.000000 0.000000 0.000000 0.000000 0.000000 0.000000 0.000000 0.000000 0.000000 0.000000 0.000000 0.000000 0.000000 0.000000 0.000000 0.245312 0.114583 2.000000 0.387500 0.102083 2.000000 0.159375 0.316667 2.000000 0.403125 0.254167 2.000000 0.168750 0.385417 2.000000 0.000000 0.000000 0.000000 0.229687 0.456250 2.000000 0.357812 0.452083 1.000000 0.085938 0.445833 1.000000 0.000000 0.000000 0.000000 0.078125 0.683333 1.000000 0.000000 0.000000 0.000000
0 0.522477 0.205625 0.138203 0.402250 0.000000 0.000000 0.000000 0.000000 0.000000 0.000000 0.000000 0.000000 0.000000 0.000000 0.000000 0.000000 0.000000 0.000000 0.000000 0.000000 0.000000 0.000000 0.000000 0.000000 0.000000 0.000000 0.000000 0.000000 0.000000 0.000000 0.000000 0.000000 0.000000 0.000000 0.000000 0.000000 0.000000 0.529687 0.110417 2.000000 0.470313 0.108333 2.000000 0.504687 0.333333 2.000000 0.493750 0.331250 2.000000 0.000000 0.000000 0.000000 0.000000 0.000000 0.000000
0 0.739047 0.198885 0.392687 0.384271 0.000000 0.000000 0.000000 0.000000 0.000000 0.000000 0.000000 0.000000 0.000000 0.000000 0.000000 0.000000 0.000000 0.000000 0.000000 0.000000 0.000000 0.000000 0.000000 0.000000 0.000000 0.000000 0.000000 0.000000 0.000000 0.000000 0.000000 0.000000 0.000000 0.000000 0.575000 0.075000 2.000000 0.764062 0.147917 1.000000 0.643750 0.133333 2.000000 0.000000 0.000000 0.000000 0.618750 0.420833 1.000000 0.000000 0.000000 0.000000 0.000000 0.000000 0.000000
0 0.058992 0.759552 0.117984 0.453937 0.000000 0.000000 0.000000 0.000000 0.000000 0.000000 0.000000 0.000000 0.000000 0.000000 0.000000 0.000000 0.000000 0.000000 0.000000 0.000000 0.000000 0.000000 0.026562 0.591667 2.000000 0.000000 0.000000 0.000000 0.092188 0.787500 2.000000 0.000000 0.000000 0.000000 0.000000 0.000000 0.000000 0.000000 0.000000 0.000000 0.032813 0.991667 1.000000 0.000000 0.000000 0.000000 0.000000 0.000000 0.000000 0.000000 0.000000 0.000000 0.000000 0.000000 0.000000
0 0.126961 0.112375 0.079047 0.215250 0.000000 0.000000 0.000000 0.000000 0.000000 0.000000 0.000000 0.000000 0.000000 0.000000 0.000000 0.000000 0.000000 0.000000 0.000000 0.000000 0.000000 0.000000 0.000000 0.000000 0.000000 0.000000 0.000000 0.000000 0.000000 0.000000 0.000000 0.000000 0.000000 0.000000 0.000000 0.000000 0.000000 0.132812 0.056250 2.000000 0.107813 0.047917 2.000000 0.000000 0.000000 0.000000 0.000000 0.000000 0.000000 0.000000 0.000000 0.000000 0.000000 0.000000 0.000000
0 0.194789 0.070094 0.117547 0.140188 0.000000 0.000000 0.000000 0.000000 0.000000 0.000000 0.000000 0.000000 0.000000 0.000000 0.000000 0.000000 0.000000 0.000000 0.000000 0.000000 0.000000 0.000000 0.000000 0.000000 0.000000 0.000000 0.000000 0.000000 0.000000 0.000000 0.000000 0.204687 0.025000 2.000000 0.159375 0.022917 2.000000 0.212500 0.052083 2.000000 0.165625 0.047917 2.000000 0.000000 0.000000 0.000000 0.000000 0.000000 0.000000 0.000000 0.000000 0.000000 0.000000 0.000000 0.000000
0 0.953594 0.207010 0.092812 0.414021 0.000000 0.000000 0.000000 0.000000 0.000000 0.000000 0.000000 0.000000 0.000000 0.000000 0.000000 0.000000 0.000000 0.000000 0.000000 0.000000 0.000000 0.000000 0.000000 0.000000 0.000000 0.000000 0.000000 0.000000 0.871875 0.010417 1.000000 0.000000 0.000000 0.000000 0.000000 0.000000 0.000000 0.982812 0.152083 2.000000 0.928125 0.152083 1.000000 0.000000 0.000000 0.000000 0.932813 0.291667 2.000000 0.000000 0.000000 0.000000 0.935937 0.402083 1.000000
0 0.039680 0.108802 0.077891 0.215229 0.000000 0.000000 0.000000 0.000000 0.000000 0.000000 0.000000 0.000000 0.000000 0.000000 0.000000 0.000000 0.000000 0.000000 0.000000 0.000000 0.000000 0.000000 0.000000 0.000000 0.000000 0.000000 0.000000 0.000000 0.000000 0.000000 0.000000 0.000000 0.000000 0.000000 0.000000 0.000000 0.000000 0.032813 0.112500 2.000000 0.000000 0.000000 0.000000 0.000000 0.000000 0.000000 0.000000 0.000000 0.000000 0.000000 0.000000 0.000000 0.000000 0.000000 0.000000
0 0.432859 0.202292 0.074875 0.369958 0.000000 0.000000 0.000000 0.000000 0.000000 0.000000 0.000000 0.000000 0.000000 0.000000 0.000000 0.000000 0.000000 0.000000 0.000000 0.000000 0.000000 0.000000 0.000000 0.000000 0.000000 0.000000 0.000000 0.000000 0.000000 0.000000 0.000000 0.000000 0.000000 0.000000 0.000000 0.000000 0.000000 0.457813 0.008333 1.000000 0.415625 0.008333 1.000000 0.459375 0.143750 1.000000 0.401562 0.120833 1.000000 0.000000 0.000000 0.000000 0.000000 0.000000 0.000000
0 0.428945 0.199354 0.049172 0.205417 0.000000 0.000000 0.000000 0.000000 0.000000 0.000000 0.000000 0.000000 0.000000 0.000000 0.000000 0.000000 0.000000 0.000000 0.000000 0.000000 0.000000 0.000000 0.000000 0.000000 0.000000 0.000000 0.000000 0.000000 0.000000 0.000000 0.000000 0.000000 0.000000 0.000000 0.000000 0.000000 0.000000 0.412500 0.010417 1.000000 0.445312 0.014583 1.000000 0.412500 0.164583 1.000000 0.445312 0.170833 2.000000 0.414062 0.264583 2.000000 0.435937 0.268750 2.000000
