0 0.779227 0.618235 0.239297 0.725224 0.737500 0.392941 2.000000 0.000000 0.000000 0.000000 0.000000 0.000000 0.000000 0.775000 0.355294 2.000000 0.000000 0.000000 0.000000 0.798438 0.517647 2.000000 0.784375 0.512941 2.000000 0.796875 0.748235 2.000000 0.757812 0.628235 2.000000 0.685937 0.705882 2.000000 0.701562 0.668235 2.000000 0.756250 0.858824 2.000000 0.742188 0.854118 2.000000 0.000000 0.000000 0.000000 0.000000 0.000000 0.000000 0.000000 0.000000 0.000000 0.000000 0.000000 0.000000
0 0.440430 0.714188 0.126828 0.571624 0.000000 0.000000 0.000000 0.000000 0.000000 0.000000 0.000000 0.000000 0.000000 0.000000 0.000000 0.000000 0.445312 0.515294 2.000000 0.423438 0.588235 2.000000 0.420312 0.647059 2.000000 0.000000 0.000000 0.000000 0.418750 0.832941 2.000000 0.473438 0.778824 2.000000 0.464062 0.887059 2.000000 0.453125 0.830588 2.000000 0.448437 0.887059 2.000000 0.000000 0.000000 0.000000 0.000000 0.000000 0.000000 0.000000 0.000000 0.000000 0.000000 0.000000 0.000000
0 0.252195 0.861800 0.182047 0.276400 0.284375 0.788235 2.000000 0.000000 0.000000 0.000000 0.273438 0.792941 2.000000 0.000000 0.000000 0.000000 0.237500 0.851765 2.000000 0.282813 0.856471 2.000000 0.175000 0.985882 2.000000 0.000000 0.000000 0.000000 0.000000 0.000000 0.000000 0.321875 0.990588 2.000000 0.000000 0.000000 0.000000 0.000000 0.000000 0.000000 0.000000 0.000000 0.000000 0.000000 0.000000 0.000000 0.000000 0.000000 0.000000 0.000000 0.000000 0.000000 0.000000 0.000000 0.000000
0 0.525109 0.467882 0.125594 0.365129 0.554688 0.374118 2.000000 0.557813 0.367059 2.000000 0.545312 0.364706 2.000000 0.000000 0.000000 0.000000 0.525000 0.334118 2.000000 0.575000 0.371765 2.000000 0.493750 0.357647 2.000000 0.567187 0.465882 2.000000 0.496875 0.475294 2.000000 0.556250 0.538824 2.000000 0.539062 0.550588 2.000000 0.539062 0.505882 2.000000 0.490625 0.503529 2.000000 0.535937 0.616471 1.000000 0.495312 0.621176 1.000000 0.532813 0.741176 1.000000 0.495312 0.752941 1.000000
0 0.661828 0.870341 0.150719 0.231459 0.000000 0.000000 0.000000 0.000000 0.000000 0.000000 0.000000 0.000000 0.000000 0.634375 0.863529 2.000000 0.000000 0.000000 0.000000 0.620313 0.962353 2.000000 0.709375 0.964706 2.000000 0.000000 0.000000 0.000000 0.000000 0.000000 0.000000 0.000000 0.000000 0.000000 0.000000 0.000000 0.000000 0.000000 0.000000 0.000000 0.000000 0.000000 0.000000 0.000000 0.000000 0.000000 0.000000 0.000000 0.000000 0.000000 0.000000 0.000000 0.000000 0.000000 0.000000
0 0.344219 0.690494 0.078438 0.457976 0.367188 0.524706 2.000000 0.000000 0.000000 0.000000 0.360938 0.520000 2.000000 0.000000 0.000000 0.000000 0.000000 0.000000 0.000000 0.350000 0.571765 2.000000 0.326562 0.590588 2.000000 0.000000 0.000000 0.000000 0.331250 0.672941 2.000000 0.000000 0.000000 0.000000 0.350000 0.738824 2.000000 0.354687 0.705882 2.000000 0.334375 0.722353 2.000000 0.348438 0.807059 1.000000 0.337500 0.811765 1.000000 0.353125 0.865882 2.000000 0.343750 0.891765 2.000000
0 0.280430 0.735694 0.100453 0.479812 0.309375 0.560000 2.000000 0.000000 0.000000 0.000000 0.301563 0.552941 2.000000 0.000000 0.000000 0.000000 0.000000 0.000000 0.000000 0.281250 0.609412 2.000000 0.278125 0.644706 2.000000 0.000000 0.000000 0.000000 0.290625 0.767059 2.000000 0.000000 0.000000 0.000000 0.307812 0.828235 2.000000 0.301563 0.795294 2.000000 0.300000 0.832941 2.000000 0.000000 0.000000 0.000000 0.312500 0.905882 2.000000 0.000000 0.000000 0.000000 0.314063 0.990588 1.000000
0 0.609320 0.343118 0.067766 0.169012 0.603125 0.320000 2.000000 0.610938 0.310588 2.000000 0.596875 0.310588 2.000000 0.617188 0.312941 2.000000 0.585938 0.315294 2.000000 0.625000 0.357647 2.000000 0.576562 0.360000 1.000000 0.000000 0.000000 0.000000 0.000000 0.000000 0.000000 0.000000 0.000000 0.000000 0.000000 0.000000 0.000000 0.000000 0.000000 0.000000 0.000000 0.000000 0.000000 0.000000 0.000000 0.000000 0.000000 0.000000 0.000000 0.000000 0.000000 0.000000 0.000000 0.000000 0.000000
0 0.609594 0.510106 0.097000 0.224729 0.598437 0.463529 2.000000 0.604688 0.454118 2.000000 0.592187 0.454118 2.000000 0.621875 0.442353 2.000000 0.000000 0.000000 0.000000 0.639062 0.494118 2.000000 0.581250 0.501176 2.000000 0.646875 0.569412 2.000000 0.575000 0.564706 2.000000 0.643750 0.625882 1.000000 0.571875 0.623529 1.000000 0.000000 0.000000 0.000000 0.000000 0.000000 0.000000 0.000000 0.000000 0.000000 0.000000 0.000000 0.000000 0.000000 0.000000 0.000000 0.000000 0.000000 0.000000
0 0.919922 0.612482 0.159312 0.661435 0.000000 0.000000 0.000000 0.853125 0.378824 2.000000 0.000000 0.000000 0.000000 0.901563 0.378824 2.000000 0.000000 0.000000 0.000000 0.962500 0.449412 2.000000 0.000000 0.000000 0.000000 0.000000 0.000000 0.000000 0.000000 0.000000 0.000000 0.000000 0.000000 0.000000 0.000000 0.000000 0.000000 0.964063 0.792941 2.000000 0.914062 0.790588 2.000000 0.000000 0.000000 0.000000 0.000000 0.000000 0.000000 0.000000 0.000000 0.000000 0.000000 0.000000 0.000000
0 0.974594 0.328576 0.050813 0.242000 0.000000 0.000000 0.000000 0.000000 0.000000 0.000000 0.992188 0.272941 2.000000 0.000000 0.000000 0.000000 0.000000 0.000000 0.000000 0.000000 0.000000 0.000000 0.000000 0.000000 0.000000 0.000000 0.000000 0.000000 0.000000 0.000000 0.000000 0.979688 0.411765 1.000000 0.000000 0.000000 0.000000 0.000000 0.000000 0.000000 0.000000 0.000000 0.000000 0.000000 0.000000 0.000000 0.000000 0.000000 0.000000 0.000000 0.000000 0.000000 0.000000 0.000000 0.000000
0 0.099750 0.476612 0.106625 0.532235 0.140625 0.289412 2.000000 0.145313 0.275294 2.000000 0.132812 0.277647 2.000000 0.000000 0.000000 0.000000 0.090625 0.275294 2.000000 0.000000 0.000000 0.000000 0.070312 0.348235 2.000000 0.000000 0.000000 0.000000 0.143750 0.440000 1.000000 0.000000 0.000000 0.000000 0.000000 0.000000 0.000000 0.000000 0.000000 0.000000 0.090625 0.541176 2.000000 0.000000 0.000000 0.000000 0.134375 0.708235 1.000000 0.000000 0.000000 0.000000 0.000000 0.000000 0.000000
