0 0.777340 0.508045 0.209640 0.588856 0.780000 0.321809 2.000000 0.784000 0.308511 2.000000 0.770000 0.313830 2.000000 0.000000 0.000000 0.000000 0.750000 0.313830 2.000000 0.800000 0.361702 2.000000 0.750000 0.327128 2.000000 0.736000 0.452128 2.000000 0.710000 0.337766 2.000000 0.694000 0.428191 2.000000 0.694000 0.353723 2.000000 0.816000 0.473404 2.000000 0.780000 0.486702 2.000000 0.778000 0.609043 2.000000 0.748000 0.622340 2.000000 0.850000 0.723404 2.000000 0.750000 0.760638 2.000000
0 0.404440 0.636609 0.254200 0.354335 0.428000 0.526596 2.000000 0.426000 0.515957 2.000000 0.416000 0.515957 2.000000 0.000000 0.000000 0.000000 0.390000 0.518617 2.000000 0.426000 0.563830 2.000000 0.346000 0.561170 2.000000 0.468000 0.611702 2.000000 0.294000 0.630319 2.000000 0.504000 0.627660 2.000000 0.296000 0.731383 2.000000 0.364000 0.710106 2.000000 0.316000 0.710106 2.000000 0.454000 0.643617 2.000000 0.362000 0.632979 2.000000 0.390000 0.771277 2.000000 0.322000 0.755319 2.000000
0 0.219180 0.569814 0.275120 0.426223 0.316000 0.422872 2.000000 0.320000 0.409574 2.000000 0.306000 0.412234 2.000000 0.000000 0.000000 0.000000 0.284000 0.414894 2.000000 0.338000 0.452128 2.000000 0.230000 0.465426 2.000000 0.336000 0.537234 1.000000 0.252000 0.566489 2.000000 0.000000 0.000000 0.000000 0.330000 0.566489 1.000000 0.290000 0.625000 1.000000 0.224000 0.627660 2.000000 0.000000 0.000000 0.000000 0.174000 0.752660 2.000000 0.000000 0.000000 0.000000 0.122000 0.707447 2.000000
0 0.062370 0.433178 0.122100 0.121303 0.068000 0.417553 2.000000 0.072000 0.409574 2.000000 0.058000 0.409574 2.000000 0.000000 0.000000 0.000000 0.038000 0.417553 2.000000 0.096000 0.465426 2.000000 0.020000 0.465426 2.000000 0.000000 0.000000 0.000000 0.000000 0.000000 0.000000 0.000000 0.000000 0.000000 0.000000 0.000000 0.000000 0.000000 0.000000 0.000000 0.000000 0.000000 0.000000 0.000000 0.000000 0.000000 0.000000 0.000000 0.000000 0.000000 0.000000 0.000000 0.000000 0.000000 0.000000
0 0.197900 0.342886 0.119200 0.152899 0.192000 0.303191 2.000000 0.200000 0.297872 2.000000 0.184000 0.297872 2.000000 0.210000 0.311170 2.000000 0.170000 0.311170 2.000000 0.228000 0.364362 2.000000 0.152000 0.367021 2.000000 0.000000 0.000000 0.000000 0.000000 0.000000 0.000000 0.000000 0.000000 0.000000 0.000000 0.000000 0.000000 0.000000 0.000000 0.000000 0.000000 0.000000 0.000000 0.000000 0.000000 0.000000 0.000000 0.000000 0.000000 0.000000 0.000000 0.000000 0.000000 0.000000 0.000000
0 0.099800 0.411729 0.073560 0.168245 0.092000 0.372340 2.000000 0.098000 0.364362 2.000000 0.084000 0.364362 2.000000 0.104000 0.375000 2.000000 0.070000 0.369681 2.000000 0.116000 0.425532 2.000000 0.048000 0.425532 1.000000 0.126000 0.486702 2.000000 0.000000 0.000000 0.000000 0.112000 0.436170 2.000000 0.000000 0.000000 0.000000 0.098000 0.518617 1.000000 0.054000 0.518617 1.000000 0.000000 0.000000 0.000000 0.000000 0.000000 0.000000 0.000000 0.000000 0.000000 0.000000 0.000000 0.000000
0 0.620430 0.268311 0.126060 0.222527 0.636000 0.207447 2.000000 0.646000 0.202128 2.000000 0.630000 0.199468 2.000000 0.000000 0.000000 0.000000 0.612000 0.199468 1.000000 0.672000 0.260638 2.000000 0.576000 0.257979 2.000000 0.684000 0.329787 1.000000 0.570000 0.321809 1.000000 0.648000 0.351064 1.000000 0.000000 0.000000 0.000000 0.650000 0.375000 1.000000 0.596000 0.375000 1.000000 0.000000 0.000000 0.000000 0.000000 0.000000 0.000000 0.000000 0.000000 0.000000 0.000000 0.000000 0.000000
0 0.565660 0.228351 0.096760 0.234734 0.578000 0.146277 2.000000 0.586000 0.140957 2.000000 0.570000 0.140957 2.000000 0.000000 0.000000 0.000000 0.560000 0.154255 2.000000 0.612000 0.194149 1.000000 0.540000 0.210106 2.000000 0.000000 0.000000 0.000000 0.532000 0.281915 2.000000 0.000000 0.000000 0.000000 0.570000 0.300532 1.000000 0.000000 0.000000 0.000000 0.558000 0.327128 1.000000 0.000000 0.000000 0.000000 0.000000 0.000000 0.000000 0.000000 0.000000 0.000000 0.000000 0.000000 0.000000
0 0.695470 0.123178 0.123900 0.165824 0.688000 0.090426 2.000000 0.694000 0.077128 2.000000 0.682000 0.079787 2.000000 0.706000 0.077128 2.000000 0.674000 0.085106 2.000000 0.734000 0.135638 2.000000 0.648000 0.138298 2.000000 0.000000 0.000000 0.000000 0.000000 0.000000 0.000000 0.000000 0.000000 0.000000 0.000000 0.000000 0.000000 0.714000 0.255319 1.000000 0.662000 0.255319 1.000000 0.000000 0.000000 0.000000 0.000000 0.000000 0.000000 0.000000 0.000000 0.000000 0.000000 0.000000 0.000000
0 0.181430 0.212540 0.127980 0.280027 0.178000 0.119681 2.000000 0.180000 0.111702 2.000000 0.168000 0.111702 2.000000 0.192000 0.114362 2.000000 0.156000 0.117021 2.000000 0.220000 0.178191 2.000000 0.140000 0.180851 2.000000 0.226000 0.244681 2.000000 0.134000 0.252660 2.000000 0.198000 0.255319 2.000000 0.158000 0.265957 2.000000 0.202000 0.276596 1.000000 0.150000 0.281915 2.000000 0.196000 0.295213 1.000000 0.136000 0.284574 2.000000 0.000000 0.000000 0.000000 0.000000 0.000000 0.000000
0 0.716170 0.926968 0.188580 0.146064 0.000000 0.000000 0.000000 0.000000 0.000000 0.000000 0.000000 0.000000 0.000000 0.722000 0.914894 1.000000 0.788000 0.930851 2.000000 0.654000 0.992021 2.000000 0.782000 0.989362 2.000000 0.000000 0.000000 0.000000 0.000000 0.000000 0.000000 0.000000 0.000000 0.000000 0.000000 0.000000 0.000000 0.000000 0.000000 0.000000 0.000000 0.000000 0.000000 0.000000 0.000000 0.000000 0.000000 0.000000 0.000000 0.000000 0.000000 0.000000 0.000000 0.000000 0.000000
0 0.910580 0.161370 0.127320 0.211676 0.902000 0.101064 2.000000 0.908000 0.093085 2.000000 0.894000 0.093085 2.000000 0.920000 0.098404 2.000000 0.882000 0.101064 1.000000 0.944000 0.151596 2.000000 0.866000 0.154255 2.000000 0.956000 0.226064 2.000000 0.860000 0.226064 1.000000 0.940000 0.281915 1.000000 0.000000 0.000000 0.000000 0.934000 0.289894 1.000000 0.880000 0.289894 1.000000 0.000000 0.000000 0.000000 0.000000 0.000000 0.000000 0.000000 0.000000 0.000000 0.000000 0.000000 0.000000
