0 0.743570 0.607210 0.276141 0.785580 0.753125 0.310722 2.000000 0.767188 0.293217 2.000000 0.737500 0.293217 2.000000 0.000000 0.000000 0.000000 0.698438 0.304158 2.000000 0.768750 0.437637 2.000000 0.650000 0.439825 2.000000 0.779687 0.652079 2.000000 0.628125 0.641138 2.000000 0.818750 0.814004 2.000000 0.667188 0.809628 2.000000 0.779687 0.743982 2.000000 0.703125 0.754923 2.000000 0.000000 0.000000 0.000000 0.000000 0.000000 0.000000 0.000000 0.000000 0.000000 0.000000 0.000000 0.000000
0 0.519227 0.460996 0.067453 0.228775 0.000000 0.000000 0.000000 0.000000 0.000000 0.000000 0.000000 0.000000 0.000000 0.520312 0.354486 2.000000 0.000000 0.000000 0.000000 0.537500 0.402626 2.000000 0.484375 0.400438 1.000000 0.000000 0.000000 0.000000 0.000000 0.000000 0.000000 0.000000 0.000000 0.000000 0.000000 0.000000 0.000000 0.521875 0.512035 2.000000 0.489063 0.512035 1.000000 0.000000 0.000000 0.000000 0.000000 0.000000 0.000000 0.000000 0.000000 0.000000 0.000000 0.000000 0.000000
0 0.398953 0.413020 0.063000 0.096586 0.395313 0.396061 2.000000 0.000000 0.000000 0.000000 0.000000 0.000000 0.000000 0.000000 0.000000 0.000000 0.000000 0.000000 0.000000 0.406250 0.424508 2.000000 0.378125 0.431072 2.000000 0.000000 0.000000 0.000000 0.000000 0.000000 0.000000 0.000000 0.000000 0.000000 0.000000 0.000000 0.000000 0.000000 0.000000 0.000000 0.000000 0.000000 0.000000 0.000000 0.000000 0.000000 0.000000 0.000000 0.000000 0.000000 0.000000 0.000000 0.000000 0.000000 0.000000
0 0.481164 0.565372 0.078609 0.091269 0.490625 0.547046 2.000000 0.493750 0.542670 2.000000 0.485938 0.542670 2.000000 0.000000 0.000000 0.000000 0.475000 0.544858 2.000000 0.500000 0.579869 2.000000 0.457813 0.577681 2.000000 0.000000 0.000000 0.000000 0.000000 0.000000 0.000000 0.000000 0.000000 0.000000 0.000000 0.000000 0.000000 0.000000 0.000000 0.000000 0.000000 0.000000 0.000000 0.000000 0.000000 0.000000 0.000000 0.000000 0.000000 0.000000 0.000000 0.000000 0.000000 0.000000 0.000000
0 0.841133 0.550372 0.076828 0.111510 0.831250 0.531729 2.000000 0.834375 0.525164 2.000000 0.826562 0.527352 2.000000 0.000000 0.000000 0.000000 0.814063 0.531729 2.000000 0.846875 0.566740 2.000000 0.809375 0.573304 2.000000 0.000000 0.000000 0.000000 0.000000 0.000000 0.000000 0.000000 0.000000 0.000000 0.000000 0.000000 0.000000 0.000000 0.000000 0.000000 0.000000 0.000000 0.000000 0.000000 0.000000 0.000000 0.000000 0.000000 0.000000 0.000000 0.000000 0.000000 0.000000 0.000000 0.000000
0 0.394547 0.531783 0.086500 0.163742 0.000000 0.000000 0.000000 0.000000 0.000000 0.000000 0.000000 0.000000 0.000000 0.000000 0.000000 0.000000 0.000000 0.000000 0.000000 0.414062 0.507659 2.000000 0.373437 0.516411 2.000000 0.418750 0.540481 2.000000 0.000000 0.000000 0.000000 0.000000 0.000000 0.000000 0.000000 0.000000 0.000000 0.000000 0.000000 0.000000 0.000000 0.000000 0.000000 0.000000 0.000000 0.000000 0.000000 0.000000 0.000000 0.000000 0.000000 0.000000 0.000000 0.000000 0.000000
0 0.447203 0.274464 0.070375 0.167309 0.434375 0.221007 2.000000 0.437500 0.216630 2.000000 0.432812 0.216630 2.000000 0.448437 0.218818 2.000000 0.000000 0.000000 0.000000 0.459375 0.251641 2.000000 0.426563 0.253829 2.000000 0.000000 0.000000 0.000000 0.000000 0.000000 0.000000 0.000000 0.000000 0.000000 0.000000 0.000000 0.000000 0.000000 0.000000 0.000000 0.000000 0.000000 0.000000 0.000000 0.000000 0.000000 0.000000 0.000000 0.000000 0.000000 0.000000 0.000000 0.000000 0.000000 0.000000
0 0.233719 0.472232 0.073969 0.123282 0.207813 0.446389 2.000000 0.210938 0.442013 2.000000 0.000000 0.000000 0.000000 0.223438 0.444201 2.000000 0.000000 0.000000 0.000000 0.245312 0.487965 2.000000 0.215625 0.485777 2.000000 0.000000 0.000000 0.000000 0.000000 0.000000 0.000000 0.000000 0.000000 0.000000 0.000000 0.000000 0.000000 0.000000 0.000000 0.000000 0.000000 0.000000 0.000000 0.000000 0.000000 0.000000 0.000000 0.000000 0.000000 0.000000 0.000000 0.000000 0.000000 0.000000 0.000000
0 0.305875 0.558796 0.069937 0.105164 0.309375 0.542670 2.000000 0.314063 0.536105 2.000000 0.304688 0.536105 2.000000 0.000000 0.000000 0.000000 0.000000 0.000000 0.000000 0.323437 0.564551 2.000000 0.279687 0.560175 2.000000 0.335938 0.608315 2.000000 0.273438 0.590810 2.000000 0.328125 0.564551 2.000000 0.000000 0.000000 0.000000 0.318750 0.630197 1.000000 0.289062 0.628009 1.000000 0.000000 0.000000 0.000000 0.000000 0.000000 0.000000 0.000000 0.000000 0.000000 0.000000 0.000000 0.000000
0 0.959055 0.340996 0.065141 0.243786 0.000000 0.000000 0.000000 0.000000 0.000000 0.000000 0.000000 0.000000 0.000000 0.953125 0.258206 2.000000 0.000000 0.000000 0.000000 0.951562 0.299781 2.000000 0.978125 0.297593 2.000000 0.000000 0.000000 0.000000 0.000000 0.000000 0.000000 0.000000 0.000000 0.000000 0.000000 0.000000 0.000000 0.953125 0.387309 2.000000 0.971875 0.382932 2.000000 0.000000 0.000000 0.000000 0.000000 0.000000 0.000000 0.000000 0.000000 0.000000 0.000000 0.000000 0.000000
