0 0.369961 0.434542 0.148703 0.541458 0.401562 0.235417 2.000000 0.409375 0.222917 2.000000 0.393750 0.220833 2.000000 0.000000 0.000000 0.000000 0.370312 0.225000 2.000000 0.418750 0.293750 2.000000 0.342187 0.293750 2.000000 0.425000 0.397917 2.000000 0.328125 0.383333 2.000000 0.434375 0.475000 2.000000 0.307812 0.477083 2.000000 0.393750 0.456250 2.000000 0.356250 0.458333 2.000000 0.401562 0.602083 2.000000 0.345313 0.610417 2.000000 0.398438 0.722917 1.000000 0.340625 0.718750 1.000000
0 0.491789 0.621802 0.400047 0.756396 0.623437 0.339583 2.000000 0.637500 0.322917 2.000000 0.609375 0.322917 2.000000 0.650000 0.329167 2.000000 0.587500 0.331250 2.000000 0.653125 0.416667 2.000000 0.553125 0.410417 2.000000 0.664062 0.541667 2.000000 0.503125 0.558333 2.000000 0.660937 0.641667 2.000000 0.475000 0.668750 2.000000 0.621875 0.677083 2.000000 0.560937 0.672917 2.000000 0.603125 0.843750 2.000000 0.540625 0.852083 2.000000 0.000000 0.000000 0.000000 0.506250 0.891667 2.000000
0 0.848875 0.632583 0.302250 0.725833 0.000000 0.000000 0.000000 0.000000 0.000000 0.000000 0.000000 0.000000 0.000000 0.000000 0.000000 0.000000 0.989062 0.422917 2.000000 0.000000 0.000000 0.000000 0.825000 0.577083 2.000000 0.000000 0.000000 0.000000 0.745313 0.872917 2.000000 0.000000 0.000000 0.000000 0.000000 0.000000 0.000000 0.000000 0.000000 0.000000 0.000000 0.000000 0.000000 0.000000 0.000000 0.000000 0.000000 0.000000 0.000000 0.000000 0.000000 0.000000 0.000000 0.000000 0.000000
0 0.253961 0.367063 0.097328 0.379917 0.000000 0.000000 0.000000 0.229687 0.222917 2.000000 0.000000 0.000000 0.000000 0.246875 0.231250 2.000000 0.000000 0.000000 0.000000 0.282813 0.272917 2.000000 0.229687 0.260417 2.000000 0.293750 0.354167 2.000000 0.225000 0.329167 2.000000 0.287500 0.408333 2.000000 0.212500 0.383333 2.000000 0.259375 0.402083 2.000000 0.229687 0.393750 2.000000 0.260937 0.489583 2.000000 0.226562 0.483333 2.000000 0.259375 0.570833 1.000000 0.226562 0.575000 1.000000
0 0.842781 0.370646 0.070094 0.258750 0.856250 0.275000 2.000000 0.859375 0.266667 2.000000 0.851562 0.268750 2.000000 0.000000 0.000000 0.000000 0.840625 0.272917 2.000000 0.860938 0.295833 2.000000 0.829688 0.289583 2.000000 0.864062 0.331250 2.000000 0.821875 0.322917 2.000000 0.870313 0.358333 2.000000 0.814063 0.360417 2.000000 0.843750 0.377083 2.000000 0.825000 0.366667 2.000000 0.835938 0.425000 2.000000 0.828125 0.412500 2.000000 0.825000 0.464583 2.000000 0.820312 0.468750 2.000000
0 0.031539 0.353135 0.061953 0.406479 0.000000 0.000000 0.000000 0.000000 0.000000 0.000000 0.048438 0.193750 2.000000 0.000000 0.000000 0.000000 0.032813 0.187500 2.000000 0.043750 0.233333 2.000000 0.000000 0.000000 0.000000 0.048438 0.289583 2.000000 0.000000 0.000000 0.000000 0.054688 0.341667 2.000000 0.000000 0.000000 0.000000 0.031250 0.337500 2.000000 0.009375 0.339583 2.000000 0.026562 0.420833 2.000000 0.009375 0.416667 2.000000 0.023438 0.493750 2.000000 0.003125 0.502083 2.000000
0 0.145227 0.372417 0.115641 0.394375 0.135937 0.216667 2.000000 0.140625 0.210417 2.000000 0.129688 0.210417 2.000000 0.151562 0.204167 2.000000 0.123438 0.208333 2.000000 0.168750 0.241667 2.000000 0.115625 0.245833 2.000000 0.182812 0.300000 2.000000 0.107813 0.304167 2.000000 0.192188 0.352083 2.000000 0.103125 0.347917 2.000000 0.159375 0.356250 2.000000 0.126562 0.356250 2.000000 0.153125 0.441667 2.000000 0.131250 0.441667 2.000000 0.148438 0.525000 2.000000 0.140625 0.504167 2.000000
0 0.433469 0.416958 0.047594 0.468750 0.000000 0.000000 0.000000 0.000000 0.000000 0.000000 0.000000 0.000000 0.000000 0.000000 0.000000 0.000000 0.000000 0.000000 0.000000 0.434375 0.279167 2.000000 0.000000 0.000000 0.000000 0.445312 0.352083 2.000000 0.000000 0.000000 0.000000 0.439063 0.420833 2.000000 0.000000 0.000000 0.000000 0.410938 0.420833 1.000000 0.000000 0.000000 0.000000 0.415625 0.514583 2.000000 0.000000 0.000000 0.000000 0.414062 0.608333 2.000000 0.000000 0.000000 0.000000
0 0.723406 0.442406 0.135406 0.388687 0.739062 0.312500 2.000000 0.748437 0.308333 2.000000 0.728125 0.306250 2.000000 0.000000 0.000000 0.000000 0.706250 0.304167 2.000000 0.759375 0.381250 2.000000 0.689063 0.368750 2.000000 0.770312 0.468750 2.000000 0.660937 0.470833 1.000000 0.790625 0.556250 1.000000 0.000000 0.000000 0.000000 0.740625 0.560417 1.000000 0.692187 0.556250 2.000000 0.000000 0.000000 0.000000 0.000000 0.000000 0.000000 0.000000 0.000000 0.000000 0.000000 0.000000 0.000000
0 0.067766 0.346219 0.068187 0.320146 0.068750 0.225000 2.000000 0.075000 0.214583 2.000000 0.064062 0.216667 2.000000 0.000000 0.000000 0.000000 0.000000 0.000000 0.000000 0.075000 0.252083 2.000000 0.037500 0.254167 1.000000 0.068750 0.297917 2.000000 0.029687 0.304167 1.000000 0.084375 0.316667 2.000000 0.057813 0.300000 2.000000 0.065625 0.356250 2.000000 0.043750 0.356250 1.000000 0.070312 0.416667 2.000000 0.040625 0.425000 2.000000 0.051562 0.447917 2.000000 0.039062 0.483333 2.000000
