0 0.709413 0.456688 0.156724 0.137437 0.701711 0.426563 2.000000 0.711491 0.418750 2.000000 0.689487 0.420312 2.000000 0.726161 0.421875 2.000000 0.672372 0.421875 1.000000 0.750611 0.457813 2.000000 0.655257 0.462500 2.000000 0.757946 0.514062 2.000000 0.647922 0.514062 2.000000 0.000000 0.000000 0.000000 0.000000 0.000000 0.000000 0.000000 0.000000 0.000000 0.000000 0.000000 0.000000 0.000000 0.000000 0.000000 0.000000 0.000000 0.000000 0.000000 0.000000 0.000000 0.000000 0.000000 0.000000
0 0.666369 0.394461 0.160856 0.116297 0.652812 0.379688 2.000000 0.660147 0.375000 2.000000 0.645477 0.375000 2.000000 0.679707 0.368750 2.000000 0.000000 0.000000 0.000000 0.696822 0.393750 1.000000 0.625917 0.393750 2.000000 0.000000 0.000000 0.000000 0.591687 0.448437 2.000000 0.000000 0.000000 0.000000 0.621027 0.432812 2.000000 0.000000 0.000000 0.000000 0.000000 0.000000 0.000000 0.000000 0.000000 0.000000 0.000000 0.000000 0.000000 0.000000 0.000000 0.000000 0.000000 0.000000 0.000000
0 0.501198 0.400141 0.155795 0.083969 0.508557 0.392188 2.000000 0.513447 0.385937 2.000000 0.498778 0.385937 2.000000 0.000000 0.000000 0.000000 0.476773 0.395313 2.000000 0.552567 0.428125 2.000000 0.444988 0.425000 2.000000 0.000000 0.000000 0.000000 0.000000 0.000000 0.000000 0.000000 0.000000 0.000000 0.000000 0.000000 0.000000 0.000000 0.000000 0.000000 0.000000 0.000000 0.000000 0.000000 0.000000 0.000000 0.000000 0.000000 0.000000 0.000000 0.000000 0.000000 0.000000 0.000000 0.000000
0 0.849438 0.472875 0.139267 0.113469 0.863081 0.450000 2.000000 0.872861 0.446875 2.000000 0.853301 0.445312 2.000000 0.887531 0.450000 2.000000 0.836186 0.446875 1.000000 0.899756 0.493750 2.000000 0.811736 0.490625 2.000000 0.000000 0.000000 0.000000 0.000000 0.000000 0.000000 0.000000 0.000000 0.000000 0.000000 0.000000 0.000000 0.000000 0.000000 0.000000 0.000000 0.000000 0.000000 0.000000 0.000000 0.000000 0.000000 0.000000 0.000000 0.000000 0.000000 0.000000 0.000000 0.000000 0.000000
0 0.227054 0.399852 0.085012 0.086297 0.224939 0.393750 2.000000 0.234719 0.387500 2.000000 0.215159 0.385937 2.000000 0.244499 0.390625 1.000000 0.193154 0.392188 1.000000 0.264059 0.429688 2.000000 0.176039 0.431250 1.000000 0.000000 0.000000 0.000000 0.000000 0.000000 0.000000 0.000000 0.000000 0.000000 0.000000 0.000000 0.000000 0.000000 0.000000 0.000000 0.000000 0.000000 0.000000 0.000000 0.000000 0.000000 0.000000 0.000000 0.000000 0.000000 0.000000 0.000000 0.000000 0.000000 0.000000
0 0.377946 0.407102 0.114523 0.111266 0.361858 0.381250 2.000000 0.374083 0.376563 2.000000 0.349633 0.376563 2.000000 0.383863 0.381250 2.000000 0.330073 0.382812 2.000000 0.415648 0.432812 2.000000 0.305623 0.429688 1.000000 0.000000 0.000000 0.000000 0.000000 0.000000 0.000000 0.000000 0.000000 0.000000 0.000000 0.000000 0.000000 0.000000 0.000000 0.000000 0.000000 0.000000 0.000000 0.000000 0.000000 0.000000 0.000000 0.000000 0.000000 0.000000 0.000000 0.000000 0.000000 0.000000 0.000000
0 0.056076 0.413375 0.112152 0.126438 0.068460 0.381250 2.000000 0.070905 0.375000 2.000000 0.051345 0.376563 2.000000 0.000000 0.000000 0.000000 0.024450 0.382812 2.000000 0.102689 0.412500 2.000000 0.000000 0.000000 0.000000 0.129584 0.445312 1.000000 0.000000 0.000000 0.000000 0.073350 0.417187 2.000000 0.026895 0.431250 2.000000 0.000000 0.000000 0.000000 0.000000 0.000000 0.000000 0.000000 0.000000 0.000000 0.000000 0.000000 0.000000 0.000000 0.000000 0.000000 0.000000 0.000000 0.000000
0 0.573582 0.473633 0.121296 0.086422 0.581907 0.462500 2.000000 0.000000 0.000000 0.000000 0.572127 0.457813 2.000000 0.000000 0.000000 0.000000 0.540342 0.465625 2.000000 0.594132 0.484375 2.000000 0.511002 0.485938 1.000000 0.000000 0.000000 0.000000 0.000000 0.000000 0.000000 0.000000 0.000000 0.000000 0.000000 0.000000 0.000000 0.000000 0.000000 0.000000 0.000000 0.000000 0.000000 0.000000 0.000000 0.000000 0.000000 0.000000 0.000000 0.000000 0.000000 0.000000 0.000000 0.000000 0.000000
0 0.446993 0.701531 0.499218 0.552813 0.508557 0.446875 2.000000 0.000000 0.000000 0.000000 0.488998 0.445312 2.000000 0.513447 0.478125 2.000000 0.452323 0.462500 2.000000 0.533007 0.521875 2.000000 0.374083 0.476562 2.000000 0.540342 0.601562 2.000000 0.271394 0.439063 2.000000 0.603912 0.579688 2.000000 0.290954 0.454688 2.000000 0.405868 0.685937 2.000000 0.332518 0.659375 2.000000 0.361858 0.787500 2.000000 0.273839 0.759375 2.000000 0.315403 0.903125 2.000000 0.227384 0.881250 2.000000
0 0.958435 0.471359 0.083130 0.117188 0.982885 0.446875 2.000000 0.990220 0.439063 2.000000 0.973105 0.439063 2.000000 0.000000 0.000000 0.000000 0.963325 0.445312 2.000000 0.000000 0.000000 0.000000 0.938875 0.482812 2.000000 0.000000 0.000000 0.000000 0.914425 0.525000 1.000000 0.968215 0.510938 2.000000 0.000000 0.000000 0.000000 0.000000 0.000000 0.000000 0.000000 0.000000 0.000000 0.000000 0.000000 0.000000 0.000000 0.000000 0.000000 0.000000 0.000000 0.000000 0.000000 0.000000 0.000000
0 0.132311 0.439906 0.207262 0.111969 0.158924 0.407813 2.000000 0.168704 0.400000 2.000000 0.146699 0.400000 2.000000 0.180929 0.404687 2.000000 0.127139 0.404687 2.000000 0.207824 0.445312 2.000000 0.080685 0.445312 2.000000 0.000000 0.000000 0.000000 0.000000 0.000000 0.000000 0.000000 0.000000 0.000000 0.000000 0.000000 0.000000 0.000000 0.000000 0.000000 0.000000 0.000000 0.000000 0.000000 0.000000 0.000000 0.000000 0.000000 0.000000 0.000000 0.000000 0.000000 0.000000 0.000000 0.000000
