0 0.735430 0.764298 0.252328 0.471404 0.000000 0.000000 0.000000 0.000000 0.000000 0.000000 0.000000 0.000000 0.000000 0.000000 0.000000 0.000000 0.000000 0.000000 0.000000 0.673438 0.729323 2.000000 0.787500 0.716792 2.000000 0.623437 0.879699 2.000000 0.832812 0.857143 2.000000 0.000000 0.000000 0.000000 0.000000 0.000000 0.000000 0.704688 0.972431 1.000000 0.785937 0.967419 2.000000 0.000000 0.000000 0.000000 0.000000 0.000000 0.000000 0.000000 0.000000 0.000000 0.000000 0.000000 0.000000
0 0.854844 0.602820 0.085250 0.359624 0.851562 0.476190 2.000000 0.860938 0.468672 2.000000 0.848437 0.466165 2.000000 0.884375 0.481203 2.000000 0.000000 0.000000 0.000000 0.909375 0.573935 1.000000 0.832812 0.573935 2.000000 0.000000 0.000000 0.000000 0.000000 0.000000 0.000000 0.000000 0.000000 0.000000 0.000000 0.000000 0.000000 0.895312 0.771930 1.000000 0.837500 0.769424 2.000000 0.000000 0.000000 0.000000 0.000000 0.000000 0.000000 0.000000 0.000000 0.000000 0.000000 0.000000 0.000000
0 0.950023 0.755627 0.099953 0.454962 0.000000 0.000000 0.000000 0.000000 0.000000 0.000000 0.000000 0.000000 0.000000 0.965625 0.601504 2.000000 0.000000 0.000000 0.000000 0.935937 0.684211 2.000000 0.000000 0.000000 0.000000 0.921875 0.849624 2.000000 0.000000 0.000000 0.000000 0.921875 0.964912 2.000000 0.000000 0.000000 0.000000 0.942187 0.962406 2.000000 0.000000 0.000000 0.000000 0.000000 0.000000 0.000000 0.000000 0.000000 0.000000 0.000000 0.000000 0.000000 0.000000 0.000000 0.000000
0 0.684820 0.593835 0.201391 0.221353 0.000000 0.000000 0.000000 0.000000 0.000000 0.000000 0.000000 0.000000 0.000000 0.684375 0.546366 1.000000 0.742188 0.536341 1.000000 0.668750 0.626566 2.000000 0.762500 0.641604 2.000000 0.592187 0.641604 2.000000 0.000000 0.000000 0.000000 0.000000 0.000000 0.000000 0.000000 0.000000 0.000000 0.000000 0.000000 0.000000 0.000000 0.000000 0.000000 0.000000 0.000000 0.000000 0.000000 0.000000 0.000000 0.000000 0.000000 0.000000 0.000000 0.000000 0.000000
0 0.535875 0.751692 0.116281 0.420226 0.000000 0.000000 0.000000 0.000000 0.000000 0.000000 0.000000 0.000000 0.000000 0.518750 0.591479 2.000000 0.000000 0.000000 0.000000 0.517188 0.636591 2.000000 0.562500 0.619048 2.000000 0.498437 0.716792 2.000000 0.581250 0.696742 2.000000 0.482812 0.761905 1.000000 0.000000 0.000000 0.000000 0.532813 0.786967 2.000000 0.565625 0.781955 2.000000 0.532813 0.877193 2.000000 0.556250 0.882206 1.000000 0.540625 0.952381 1.000000 0.565625 0.947368 1.000000
0 0.330508 0.623396 0.048266 0.175013 0.000000 0.000000 0.000000 0.000000 0.000000 0.000000 0.000000 0.000000 0.000000 0.323437 0.578947 2.000000 0.000000 0.000000 0.000000 0.329688 0.634085 2.000000 0.332813 0.634085 1.000000 0.000000 0.000000 0.000000 0.000000 0.000000 0.000000 0.000000 0.000000 0.000000 0.000000 0.000000 0.000000 0.000000 0.000000 0.000000 0.000000 0.000000 0.000000 0.000000 0.000000 0.000000 0.000000 0.000000 0.000000 0.000000 0.000000 0.000000 0.000000 0.000000 0.000000
0 0.876680 0.680451 0.084516 0.230977 0.864062 0.604010 2.000000 0.867188 0.596491 2.000000 0.000000 0.000000 0.000000 0.882812 0.621554 2.000000 0.000000 0.000000 0.000000 0.868750 0.661654 2.000000 0.912500 0.651629 2.000000 0.857812 0.714286 2.000000 0.000000 0.000000 0.000000 0.854688 0.724311 2.000000 0.000000 0.000000 0.000000 0.871875 0.764411 2.000000 0.907813 0.766917 1.000000 0.853125 0.791980 1.000000 0.000000 0.000000 0.000000 0.859375 0.857143 1.000000 0.000000 0.000000 0.000000
0 0.451344 0.736754 0.093625 0.446692 0.456250 0.558897 2.000000 0.000000 0.000000 0.000000 0.454688 0.551378 2.000000 0.000000 0.000000 0.000000 0.442188 0.551378 2.000000 0.000000 0.000000 0.000000 0.426563 0.596491 2.000000 0.442188 0.651629 2.000000 0.432812 0.666667 2.000000 0.457813 0.616541 2.000000 0.470313 0.661654 2.000000 0.000000 0.000000 0.000000 0.428125 0.729323 2.000000 0.000000 0.000000 0.000000 0.426563 0.834586 1.000000 0.429688 0.914787 1.000000 0.421875 0.929825 2.000000
0 0.261453 0.754148 0.100406 0.459875 0.295312 0.563910 2.000000 0.298438 0.558897 2.000000 0.292187 0.551378 2.000000 0.000000 0.000000 0.000000 0.270313 0.551378 2.000000 0.290625 0.619048 2.000000 0.248438 0.611529 1.000000 0.301563 0.686717 2.000000 0.225000 0.689223 2.000000 0.310937 0.766917 1.000000 0.237500 0.751880 2.000000 0.298438 0.771930 1.000000 0.267188 0.774436 2.000000 0.296875 0.874687 1.000000 0.273438 0.874687 1.000000 0.295312 0.979950 1.000000 0.278125 0.984962 1.000000
0 0.348898 0.719386 0.069766 0.198722 0.345313 0.656642 2.000000 0.350000 0.649123 2.000000 0.340625 0.651629 2.000000 0.357812 0.651629 2.000000 0.332813 0.659148 2.000000 0.365625 0.691729 2.000000 0.325000 0.701754 2.000000 0.379688 0.756892 2.000000 0.318750 0.754386 2.000000 0.365625 0.741855 2.000000 0.340625 0.744361 2.000000 0.362500 0.812030 2.000000 0.334375 0.822055 1.000000 0.364063 0.899749 1.000000 0.334375 0.902256 1.000000 0.000000 0.000000 0.000000 0.000000 0.000000 0.000000
