0 0.559422 0.577523 0.191469 0.746080 0.525000 0.269953 2.000000 0.532813 0.258216 2.000000 0.517188 0.255869 2.000000 0.000000 0.000000 0.000000 0.493750 0.258216 2.000000 0.557813 0.295775 2.000000 0.482812 0.342723 2.000000 0.589063 0.399061 2.000000 0.521875 0.436620 2.000000 0.617188 0.467136 2.000000 0.579688 0.467136 2.000000 0.575000 0.537559 2.000000 0.523438 0.563380 2.000000 0.614062 0.671362 2.000000 0.507812 0.687793 2.000000 0.623437 0.755869 2.000000 0.503125 0.856808 2.000000
0 0.588594 0.331455 0.115187 0.595493 0.565625 0.100939 2.000000 0.573438 0.093897 2.000000 0.557813 0.091549 2.000000 0.589063 0.093897 2.000000 0.000000 0.000000 0.000000 0.593750 0.152582 2.000000 0.548438 0.152582 2.000000 0.631250 0.253521 2.000000 0.000000 0.000000 0.000000 0.623437 0.312207 2.000000 0.000000 0.000000 0.000000 0.589063 0.291080 2.000000 0.560937 0.291080 2.000000 0.610938 0.431925 1.000000 0.000000 0.000000 0.000000 0.628125 0.582160 2.000000 0.000000 0.000000 0.000000
0 0.323836 0.171901 0.118172 0.285399 0.314063 0.082160 2.000000 0.320312 0.072770 2.000000 0.306250 0.072770 2.000000 0.329688 0.077465 2.000000 0.000000 0.000000 0.000000 0.348438 0.136150 2.000000 0.281250 0.131455 2.000000 0.350000 0.211268 2.000000 0.270313 0.197183 1.000000 0.320312 0.284038 2.000000 0.293750 0.281690 2.000000 0.000000 0.000000 0.000000 0.000000 0.000000 0.000000 0.000000 0.000000 0.000000 0.000000 0.000000 0.000000 0.000000 0.000000 0.000000 0.000000 0.000000 0.000000
0 0.230344 0.188768 0.110688 0.296643 0.229687 0.093897 2.000000 0.235937 0.089202 2.000000 0.223438 0.086854 2.000000 0.246875 0.086854 2.000000 0.214062 0.084507 2.000000 0.253125 0.140845 2.000000 0.196875 0.152582 2.000000 0.271875 0.201878 2.000000 0.220312 0.237089 2.000000 0.254688 0.246479 2.000000 0.257812 0.286385 2.000000 0.265625 0.300469 2.000000 0.225000 0.307512 2.000000 0.000000 0.000000 0.000000 0.000000 0.000000 0.000000 0.000000 0.000000 0.000000 0.000000 0.000000 0.000000
0 0.088492 0.216479 0.139391 0.301174 0.076563 0.143192 2.000000 0.082812 0.131455 2.000000 0.070312 0.133803 2.000000 0.095312 0.115023 2.000000 0.000000 0.000000 0.000000 0.125000 0.161972 2.000000 0.059375 0.166667 2.000000 0.137500 0.244131 2.000000 0.029687 0.234742 1.000000 0.093750 0.262911 2.000000 0.037500 0.267606 2.000000 0.117188 0.321596 2.000000 0.054688 0.316901 2.000000 0.000000 0.000000 0.000000 0.000000 0.000000 0.000000 0.000000 0.000000 0.000000 0.000000 0.000000 0.000000
0 0.043055 0.091326 0.051828 0.182418 0.040625 0.032864 2.000000 0.048438 0.023474 2.000000 0.032813 0.023474 2.000000 0.057813 0.030516 2.000000 0.000000 0.000000 0.000000 0.070312 0.082160 1.000000 0.017188 0.077465 1.000000 0.000000 0.000000 0.000000 0.000000 0.000000 0.000000 0.000000 0.000000 0.000000 0.000000 0.000000 0.000000 0.000000 0.000000 0.000000 0.000000 0.000000 0.000000 0.000000 0.000000 0.000000 0.000000 0.000000 0.000000 0.000000 0.000000 0.000000 0.000000 0.000000 0.000000
0 0.326719 0.083709 0.103156 0.167418 0.000000 0.000000 0.000000 0.000000 0.000000 0.000000 0.000000 0.000000 0.000000 0.000000 0.000000 0.000000 0.000000 0.000000 0.000000 0.356250 0.007042 2.000000 0.304688 0.009390 2.000000 0.353125 0.089202 2.000000 0.000000 0.000000 0.000000 0.000000 0.000000 0.000000 0.000000 0.000000 0.000000 0.000000 0.000000 0.000000 0.000000 0.000000 0.000000 0.000000 0.000000 0.000000 0.000000 0.000000 0.000000 0.000000 0.000000 0.000000 0.000000 0.000000 0.000000
0 0.187727 0.194096 0.095578 0.360681 0.196875 0.082160 2.000000 0.204687 0.075117 2.000000 0.190625 0.072770 2.000000 0.000000 0.000000 0.000000 0.000000 0.000000 0.000000 0.000000 0.000000 0.000000 0.168750 0.129108 2.000000 0.000000 0.000000 0.000000 0.148438 0.171362 2.000000 0.000000 0.000000 0.000000 0.154688 0.190141 2.000000 0.000000 0.000000 0.000000 0.170313 0.234742 2.000000 0.000000 0.000000 0.000000 0.000000 0.000000 0.000000 0.000000 0.000000 0.000000 0.000000 0.000000 0.000000
0 0.016578 0.220411 0.033156 0.322793 0.000000 0.000000 0.000000 0.000000 0.000000 0.000000 0.000000 0.000000 0.000000 0.007812 0.098592 2.000000 0.000000 0.000000 0.000000 0.014063 0.161972 2.000000 0.000000 0.000000 0.000000 0.015625 0.232394 2.000000 0.000000 0.000000 0.000000 0.021875 0.314554 2.000000 0.000000 0.000000 0.000000 0.000000 0.000000 0.000000 0.000000 0.000000 0.000000 0.000000 0.000000 0.000000 0.000000 0.000000 0.000000 0.000000 0.000000 0.000000 0.000000 0.000000 0.000000
0 0.112562 0.081678 0.081469 0.163357 0.090625 0.025822 2.000000 0.096875 0.016432 2.000000 0.085938 0.014085 2.000000 0.112500 0.021127 2.000000 0.076563 0.018779 2.000000 0.132812 0.086854 2.000000 0.057813 0.084507 1.000000 0.000000 0.000000 0.000000 0.000000 0.000000 0.000000 0.000000 0.000000 0.000000 0.000000 0.000000 0.000000 0.000000 0.000000 0.000000 0.000000 0.000000 0.000000 0.000000 0.000000 0.000000 0.000000 0.000000 0.000000 0.000000 0.000000 0.000000 0.000000 0.000000 0.000000
0 0.243750 0.063521 0.080125 0.126526 0.000000 0.000000 0.000000 0.000000 0.000000 0.000000 0.000000 0.000000 0.000000 0.000000 0.000000 0.000000 0.000000 0.000000 0.000000 0.268750 0.004695 2.000000 0.220312 0.004695 2.000000 0.273438 0.070423 2.000000 0.000000 0.000000 0.000000 0.268750 0.126761 1.000000 0.000000 0.000000 0.000000 0.000000 0.000000 0.000000 0.000000 0.000000 0.000000 0.000000 0.000000 0.000000 0.000000 0.000000 0.000000 0.000000 0.000000 0.000000 0.000000 0.000000 0.000000
0 0.160789 0.064930 0.086453 0.129859 0.000000 0.000000 0.000000 0.000000 0.000000 0.000000 0.000000 0.000000 0.000000 0.000000 0.000000 0.000000 0.000000 0.000000 0.000000 0.000000 0.000000 0.000000 0.000000 0.000000 0.000000 0.190625 0.030516 2.000000 0.000000 0.000000 0.000000 0.000000 0.000000 0.000000 0.000000 0.000000 0.000000 0.000000 0.000000 0.000000 0.000000 0.000000 0.000000 0.000000 0.000000 0.000000 0.000000 0.000000 0.000000 0.000000 0.000000 0.000000 0.000000 0.000000 0.000000
