0 0.541875 0.563712 0.195563 0.689157 0.520312 0.311475 2.000000 0.532813 0.288056 2.000000 0.509375 0.295082 2.000000 0.565625 0.290398 2.000000 0.000000 0.000000 0.000000 0.584375 0.374707 2.000000 0.515625 0.388759 2.000000 0.568750 0.548009 2.000000 0.462500 0.552693 2.000000 0.503125 0.524590 2.000000 0.532813 0.550351 2.000000 0.559375 0.655738 2.000000 0.510938 0.655738 2.000000 0.582812 0.911007 1.000000 0.493750 0.913349 1.000000 0.000000 0.000000 0.000000 0.000000 0.000000 0.000000
0 0.411531 0.725726 0.128969 0.431218 0.401562 0.566745 2.000000 0.406250 0.555035 2.000000 0.392188 0.559719 2.000000 0.417187 0.550351 2.000000 0.387500 0.573770 2.000000 0.450000 0.620609 2.000000 0.378125 0.622951 2.000000 0.462500 0.690867 2.000000 0.354687 0.709602 2.000000 0.423438 0.700234 2.000000 0.350000 0.693208 2.000000 0.415625 0.786885 2.000000 0.384375 0.786885 2.000000 0.412500 0.927400 2.000000 0.389062 0.925059 1.000000 0.000000 0.000000 0.000000 0.000000 0.000000 0.000000
0 0.316289 0.640492 0.108047 0.284965 0.312500 0.552693 2.000000 0.318750 0.543326 2.000000 0.306250 0.543326 2.000000 0.000000 0.000000 0.000000 0.292187 0.548009 2.000000 0.345313 0.613583 2.000000 0.273438 0.613583 2.000000 0.000000 0.000000 0.000000 0.000000 0.000000 0.000000 0.000000 0.000000 0.000000 0.000000 0.000000 0.000000 0.334375 0.782201 2.000000 0.287500 0.779859 1.000000 0.000000 0.000000 0.000000 0.000000 0.000000 0.000000 0.000000 0.000000 0.000000 0.000000 0.000000 0.000000
0 0.148984 0.604122 0.297500 0.791007 0.000000 0.000000 0.000000 0.000000 0.000000 0.000000 0.000000 0.000000 0.000000 0.000000 0.000000 0.000000 0.020313 0.449649 2.000000 0.000000 0.000000 0.000000 0.146875 0.735363 2.000000 0.000000 0.000000 0.000000 0.309375 0.953162 1.000000 0.039062 0.669789 2.000000 0.239063 0.646370 2.000000 0.000000 0.000000 0.000000 0.000000 0.000000 0.000000 0.000000 0.000000 0.000000 0.000000 0.000000 0.000000 0.000000 0.000000 0.000000 0.000000 0.000000 0.000000
0 0.886820 0.646066 0.226359 0.685386 0.000000 0.000000 0.000000 0.000000 0.000000 0.000000 0.000000 0.000000 0.000000 0.845313 0.667447 2.000000 0.000000 0.000000 0.000000 0.000000 0.000000 0.000000 0.000000 0.000000 0.000000 0.000000 0.000000 0.000000 0.000000 0.000000 0.000000 0.000000 0.000000 0.000000 0.000000 0.000000 0.000000 0.000000 0.000000 0.000000 0.000000 0.000000 0.000000 0.000000 0.000000 0.000000 0.000000 0.000000 0.000000 0.000000 0.000000 0.000000 0.000000 0.000000 0.000000
0 0.774070 0.621546 0.062328 0.298126 0.784375 0.519906 2.000000 0.792188 0.512881 2.000000 0.784375 0.510539 2.000000 0.812500 0.515222 1.000000 0.000000 0.000000 0.000000 0.825000 0.564403 1.000000 0.781250 0.562061 2.000000 0.000000 0.000000 0.000000 0.762500 0.625293 2.000000 0.000000 0.000000 0.000000 0.000000 0.000000 0.000000 0.817187 0.709602 1.000000 0.782813 0.709602 1.000000 0.000000 0.000000 0.000000 0.000000 0.000000 0.000000 0.000000 0.000000 0.000000 0.000000 0.000000 0.000000
0 0.243430 0.656007 0.104953 0.174309 0.000000 0.000000 0.000000 0.000000 0.000000 0.000000 0.000000 0.000000 0.000000 0.000000 0.000000 0.000000 0.000000 0.000000 0.000000 0.276562 0.632319 2.000000 0.207813 0.641686 1.000000 0.285938 0.695550 2.000000 0.210938 0.725995 2.000000 0.257812 0.622951 2.000000 0.265625 0.707260 1.000000 0.267188 0.761124 1.000000 0.229687 0.770492 1.000000 0.000000 0.000000 0.000000 0.000000 0.000000 0.000000 0.000000 0.000000 0.000000 0.000000 0.000000 0.000000
0 0.702805 0.534731 0.061328 0.111803 0.000000 0.000000 0.000000 0.000000 0.000000 0.000000 0.000000 0.000000 0.000000 0.000000 0.000000 0.000000 0.000000 0.000000 0.000000 0.725000 0.517564 2.000000 0.676562 0.505855 2.000000 0.729688 0.585480 2.000000 0.664062 0.548009 1.000000 0.709375 0.555035 2.000000 0.671875 0.571429 1.000000 0.703125 0.608899 1.000000 0.679688 0.611241 1.000000 0.000000 0.000000 0.000000 0.000000 0.000000 0.000000 0.000000 0.000000 0.000000 0.000000 0.000000 0.000000
0 0.590219 0.885890 0.420375 0.228220 0.000000 0.000000 0.000000 0.000000 0.000000 0.000000 0.754687 0.936768 2.000000 0.000000 0.000000 0.000000 0.700000 0.854801 2.000000 0.000000 0.000000 0.000000 0.625000 0.943794 2.000000 0.000000 0.000000 0.000000 0.000000 0.000000 0.000000 0.000000 0.000000 0.000000 0.000000 0.000000 0.000000 0.000000 0.000000 0.000000 0.000000 0.000000 0.000000 0.000000 0.000000 0.000000 0.000000 0.000000 0.000000 0.000000 0.000000 0.000000 0.000000 0.000000 0.000000
0 0.698539 0.787272 0.105016 0.181522 0.726562 0.737705 2.000000 0.728125 0.728337 2.000000 0.718750 0.730679 2.000000 0.000000 0.000000 0.000000 0.703125 0.742389 2.000000 0.732812 0.761124 2.000000 0.700000 0.772834 2.000000 0.728125 0.782201 2.000000 0.678125 0.805621 2.000000 0.673438 0.833724 2.000000 0.000000 0.000000 0.000000 0.000000 0.000000 0.000000 0.000000 0.000000 0.000000 0.000000 0.000000 0.000000 0.000000 0.000000 0.000000 0.000000 0.000000 0.000000 0.000000 0.000000 0.000000
