0 0.845000 0.480846 0.186656 0.511169 0.809375 0.277662 1.000000 0.817187 0.269311 2.000000 0.000000 0.000000 0.000000 0.837500 0.273486 2.000000 0.000000 0.000000 0.000000 0.865625 0.331942 2.000000 0.826562 0.329854 2.000000 0.881250 0.419624 2.000000 0.835938 0.405010 2.000000 0.873437 0.482255 2.000000 0.817187 0.417537 2.000000 0.853125 0.471816 2.000000 0.831250 0.473904 2.000000 0.820312 0.588727 2.000000 0.868750 0.594990 2.000000 0.796875 0.691023 2.000000 0.906250 0.676409 2.000000
0 0.741398 0.489948 0.090141 0.157766 0.732812 0.438413 2.000000 0.737500 0.434238 2.000000 0.726562 0.436326 2.000000 0.000000 0.000000 0.000000 0.000000 0.000000 0.000000 0.742188 0.461378 2.000000 0.715625 0.465553 2.000000 0.746875 0.496868 2.000000 0.726562 0.511482 2.000000 0.760938 0.519833 2.000000 0.760938 0.524008 2.000000 0.748437 0.517745 2.000000 0.731250 0.524008 2.000000 0.779687 0.528184 2.000000 0.760938 0.536534 2.000000 0.767188 0.555324 2.000000 0.000000 0.000000 0.000000
0 0.668031 0.494896 0.115875 0.182985 0.665625 0.434238 2.000000 0.668750 0.430063 2.000000 0.660937 0.430063 2.000000 0.000000 0.000000 0.000000 0.651563 0.432150 2.000000 0.670312 0.457203 2.000000 0.645312 0.455115 2.000000 0.687500 0.494781 2.000000 0.621875 0.492693 2.000000 0.678125 0.515658 2.000000 0.654687 0.517745 2.000000 0.667188 0.530271 2.000000 0.640625 0.538622 2.000000 0.720313 0.519833 2.000000 0.696875 0.540710 2.000000 0.701562 0.561587 2.000000 0.000000 0.000000 0.000000
0 0.622539 0.399353 0.052172 0.266472 0.620313 0.288100 2.000000 0.623437 0.281837 2.000000 0.615625 0.283925 2.000000 0.628125 0.283925 2.000000 0.610938 0.288100 2.000000 0.642188 0.308977 2.000000 0.603125 0.311065 2.000000 0.640625 0.336117 2.000000 0.598437 0.342380 1.000000 0.610938 0.334029 2.000000 0.618750 0.348643 2.000000 0.631250 0.388309 2.000000 0.604688 0.386221 2.000000 0.634375 0.446764 2.000000 0.606250 0.453027 2.000000 0.634375 0.503132 1.000000 0.606250 0.507307 2.000000
0 0.584688 0.430428 0.056656 0.261775 0.596875 0.317328 2.000000 0.000000 0.000000 0.000000 0.593750 0.313152 2.000000 0.000000 0.000000 0.000000 0.582812 0.315240 2.000000 0.585938 0.340292 2.000000 0.578125 0.336117 2.000000 0.000000 0.000000 0.000000 0.582812 0.377871 2.000000 0.000000 0.000000 0.000000 0.601562 0.371608 2.000000 0.587500 0.413361 2.000000 0.575000 0.419624 2.000000 0.593750 0.492693 2.000000 0.582812 0.488518 2.000000 0.589063 0.551148 2.000000 0.573438 0.553236 1.000000
0 0.395031 0.386576 0.060750 0.154071 0.395313 0.336117 2.000000 0.398438 0.331942 2.000000 0.390625 0.331942 2.000000 0.000000 0.000000 0.000000 0.000000 0.000000 0.000000 0.403125 0.352818 2.000000 0.375000 0.354906 2.000000 0.415625 0.390397 2.000000 0.381250 0.398747 2.000000 0.395313 0.390397 2.000000 0.407813 0.402923 2.000000 0.382812 0.415449 2.000000 0.360938 0.419624 1.000000 0.000000 0.000000 0.000000 0.000000 0.000000 0.000000 0.000000 0.000000 0.000000 0.000000 0.000000 0.000000
0 0.341078 0.444791 0.064281 0.296681 0.357812 0.327766 2.000000 0.360938 0.319415 2.000000 0.353125 0.321503 2.000000 0.000000 0.000000 0.000000 0.343750 0.334029 2.000000 0.365625 0.363257 1.000000 0.335938 0.367432 2.000000 0.359375 0.409186 2.000000 0.339062 0.415449 2.000000 0.365625 0.444676 2.000000 0.350000 0.455115 2.000000 0.345313 0.444676 2.000000 0.326562 0.442589 2.000000 0.346875 0.526096 2.000000 0.356250 0.507307 2.000000 0.332813 0.578288 2.000000 0.354687 0.572025 2.000000
0 0.063070 0.465167 0.079047 0.373048 0.060937 0.313152 2.000000 0.065625 0.308977 2.000000 0.054688 0.308977 2.000000 0.000000 0.000000 0.000000 0.043750 0.317328 2.000000 0.070312 0.338205 2.000000 0.042188 0.342380 2.000000 0.092188 0.388309 2.000000 0.045312 0.402923 2.000000 0.067187 0.413361 2.000000 0.075000 0.390397 2.000000 0.079687 0.459290 2.000000 0.059375 0.463466 2.000000 0.070312 0.542797 2.000000 0.060937 0.538622 2.000000 0.065625 0.615866 2.000000 0.048438 0.617954 2.000000
0 0.195555 0.473445 0.075953 0.322589 0.184375 0.340292 2.000000 0.189062 0.334029 2.000000 0.181250 0.334029 2.000000 0.204687 0.340292 2.000000 0.000000 0.000000 0.000000 0.212500 0.382046 1.000000 0.168750 0.377871 2.000000 0.000000 0.000000 0.000000 0.171875 0.423800 2.000000 0.000000 0.000000 0.000000 0.221875 0.434238 2.000000 0.212500 0.465553 1.000000 0.181250 0.465553 1.000000 0.206250 0.544885 2.000000 0.184375 0.538622 2.000000 0.196875 0.603340 2.000000 0.181250 0.607516 2.000000
0 0.207734 0.425898 0.074781 0.151211 0.210938 0.379958 2.000000 0.217188 0.377871 2.000000 0.210938 0.375783 2.000000 0.228125 0.379958 2.000000 0.000000 0.000000 0.000000 0.217188 0.396660 2.000000 0.232813 0.396660 2.000000 0.000000 0.000000 0.000000 0.000000 0.000000 0.000000 0.000000 0.000000 0.000000 0.000000 0.000000 0.000000 0.000000 0.000000 0.000000 0.000000 0.000000 0.000000 0.000000 0.000000 0.000000 0.000000 0.000000 0.000000 0.000000 0.000000 0.000000 0.000000 0.000000 0.000000
0 0.946633 0.341775 0.045391 0.175073 0.964063 0.275574 2.000000 0.000000 0.000000 0.000000 0.000000 0.000000 0.000000 0.000000 0.000000 0.000000 0.000000 0.000000 0.000000 0.950000 0.294363 2.000000 0.939063 0.294363 2.000000 0.000000 0.000000 0.000000 0.928125 0.325678 2.000000 0.000000 0.000000 0.000000 0.935937 0.359081 2.000000 0.954688 0.361169 2.000000 0.939063 0.361169 2.000000 0.965625 0.398747 1.000000 0.957812 0.402923 2.000000 0.978125 0.453027 1.000000 0.968750 0.453027 1.000000
0 0.314492 0.413873 0.045078 0.212129 0.000000 0.000000 0.000000 0.000000 0.000000 0.000000 0.000000 0.000000 0.000000 0.000000 0.000000 0.000000 0.000000 0.000000 0.000000 0.332813 0.348643 2.000000 0.295312 0.346555 2.000000 0.335938 0.394572 1.000000 0.298438 0.390397 2.000000 0.000000 0.000000 0.000000 0.318750 0.396660 1.000000 0.321875 0.419624 1.000000 0.303125 0.419624 2.000000 0.000000 0.000000 0.000000 0.000000 0.000000 0.000000 0.000000 0.000000 0.000000 0.000000 0.000000 0.000000
