0 0.922750 0.667417 0.129781 0.642708 0.000000 0.000000 0.000000 0.873437 0.402083 2.000000 0.000000 0.000000 0.000000 0.884375 0.395833 2.000000 0.000000 0.000000 0.000000 0.904687 0.483333 2.000000 0.946875 0.477083 2.000000 0.871875 0.568750 2.000000 0.973437 0.568750 2.000000 0.875000 0.635417 2.000000 0.945312 0.643750 2.000000 0.907813 0.693750 2.000000 0.946875 0.693750 2.000000 0.914062 0.835417 2.000000 0.921875 0.820833 2.000000 0.918750 0.993750 1.000000 0.909375 0.972917 2.000000
0 0.137359 0.664052 0.180344 0.649438 0.000000 0.000000 0.000000 0.000000 0.000000 0.000000 0.000000 0.000000 0.000000 0.092188 0.400000 2.000000 0.142187 0.400000 2.000000 0.057813 0.481250 2.000000 0.173437 0.477083 2.000000 0.000000 0.000000 0.000000 0.189062 0.589583 2.000000 0.000000 0.000000 0.000000 0.207813 0.687500 2.000000 0.084375 0.662500 2.000000 0.143750 0.662500 2.000000 0.084375 0.845833 2.000000 0.153125 0.839583 2.000000 0.000000 0.000000 0.000000 0.000000 0.000000 0.000000
0 0.197656 0.652813 0.095625 0.692375 0.220312 0.381250 2.000000 0.000000 0.000000 0.000000 0.217188 0.364583 2.000000 0.000000 0.000000 0.000000 0.195312 0.366667 2.000000 0.000000 0.000000 0.000000 0.185938 0.460417 1.000000 0.000000 0.000000 0.000000 0.192188 0.579167 1.000000 0.000000 0.000000 0.000000 0.220312 0.672917 2.000000 0.000000 0.000000 0.000000 0.192188 0.637500 1.000000 0.000000 0.000000 0.000000 0.200000 0.806250 2.000000 0.000000 0.000000 0.000000 0.204687 0.968750 2.000000
0 0.325281 0.643823 0.165156 0.685396 0.343750 0.360417 2.000000 0.351562 0.350000 2.000000 0.332813 0.354167 2.000000 0.359375 0.362500 2.000000 0.314063 0.362500 2.000000 0.389062 0.443750 2.000000 0.296875 0.458333 2.000000 0.000000 0.000000 0.000000 0.275000 0.570833 2.000000 0.000000 0.000000 0.000000 0.275000 0.650000 2.000000 0.375000 0.620833 1.000000 0.310937 0.620833 2.000000 0.357812 0.797917 2.000000 0.307812 0.795833 2.000000 0.350000 0.945833 2.000000 0.295312 0.954167 2.000000
0 0.393695 0.665208 0.128391 0.669583 0.000000 0.000000 0.000000 0.000000 0.000000 0.000000 0.000000 0.000000 0.000000 0.000000 0.000000 0.000000 0.000000 0.000000 0.000000 0.398438 0.458333 2.000000 0.484375 0.458333 1.000000 0.364063 0.570833 2.000000 0.000000 0.000000 0.000000 0.334375 0.645833 2.000000 0.000000 0.000000 0.000000 0.409375 0.668750 2.000000 0.476562 0.660417 1.000000 0.392188 0.839583 2.000000 0.481250 0.825000 1.000000 0.385937 0.981250 2.000000 0.000000 0.000000 0.000000
0 0.466734 0.639469 0.146500 0.721063 0.459375 0.341667 2.000000 0.467187 0.329167 2.000000 0.446875 0.333333 2.000000 0.485938 0.337500 2.000000 0.437500 0.347917 1.000000 0.510938 0.427083 2.000000 0.450000 0.450000 2.000000 0.523438 0.541667 2.000000 0.445312 0.566667 2.000000 0.496875 0.656250 2.000000 0.407813 0.581250 1.000000 0.492188 0.650000 2.000000 0.464062 0.652083 2.000000 0.484375 0.843750 2.000000 0.479687 0.843750 2.000000 0.000000 0.000000 0.000000 0.000000 0.000000 0.000000
0 0.539719 0.653448 0.112375 0.649313 0.504687 0.383333 2.000000 0.512500 0.372917 2.000000 0.496875 0.377083 2.000000 0.525000 0.377083 2.000000 0.000000 0.000000 0.000000 0.557813 0.445833 2.000000 0.479687 0.447917 1.000000 0.579688 0.558333 2.000000 0.000000 0.000000 0.000000 0.548438 0.543750 2.000000 0.000000 0.000000 0.000000 0.548438 0.622917 2.000000 0.504687 0.627083 1.000000 0.560937 0.785417 2.000000 0.496875 0.787500 1.000000 0.570312 0.935417 2.000000 0.501563 0.935417 1.000000
0 0.684117 0.672302 0.175672 0.655396 0.685937 0.418750 2.000000 0.693750 0.406250 2.000000 0.676562 0.404167 2.000000 0.703125 0.406250 2.000000 0.654687 0.397917 2.000000 0.714063 0.462500 2.000000 0.635938 0.468750 2.000000 0.000000 0.000000 0.000000 0.618750 0.602083 2.000000 0.000000 0.000000 0.000000 0.626563 0.695833 2.000000 0.710938 0.625000 2.000000 0.659375 0.631250 2.000000 0.735938 0.816667 2.000000 0.664062 0.818750 2.000000 0.715625 0.941667 2.000000 0.659375 0.956250 2.000000
0 0.808930 0.654292 0.169578 0.610417 0.000000 0.000000 0.000000 0.000000 0.000000 0.000000 0.000000 0.000000 0.000000 0.764062 0.400000 2.000000 0.806250 0.400000 2.000000 0.732812 0.479167 2.000000 0.821875 0.477083 2.000000 0.000000 0.000000 0.000000 0.846875 0.577083 2.000000 0.000000 0.000000 0.000000 0.831250 0.575000 2.000000 0.745313 0.639583 2.000000 0.801562 0.637500 2.000000 0.762500 0.787500 2.000000 0.828125 0.785417 2.000000 0.764062 0.908333 2.000000 0.846875 0.912500 2.000000
0 0.030336 0.723594 0.060672 0.525854 0.000000 0.000000 0.000000 0.000000 0.000000 0.000000 0.000000 0.000000 0.000000 0.000000 0.000000 0.000000 0.000000 0.000000 0.000000 0.032813 0.493750 2.000000 0.023438 0.491667 2.000000 0.050000 0.625000 2.000000 0.050000 0.612500 2.000000 0.007812 0.637500 2.000000 0.000000 0.000000 0.000000 0.007812 0.704167 2.000000 0.006250 0.704167 2.000000 0.015625 0.862500 2.000000 0.012500 0.854167 2.000000 0.032813 0.985417 1.000000 0.000000 0.000000 0.000000
0 0.048008 0.798833 0.037828 0.359625 0.000000 0.000000 0.000000 0.000000 0.000000 0.000000 0.000000 0.000000 0.000000 0.000000 0.000000 0.000000 0.000000 0.000000 0.000000 0.000000 0.000000 0.000000 0.000000 0.000000 0.000000 0.000000 0.000000 0.000000 0.000000 0.000000 0.000000 0.000000 0.000000 0.000000 0.000000 0.000000 0.000000 0.000000 0.000000 0.000000 0.039062 0.662500 2.000000 0.000000 0.000000 0.000000 0.042188 0.818750 2.000000 0.000000 0.000000 0.000000 0.034375 0.925000 1.000000
0 0.051844 0.433000 0.073563 0.133583 0.000000 0.000000 0.000000 0.000000 0.000000 0.000000 0.068750 0.414583 2.000000 0.000000 0.000000 0.000000 0.060937 0.425000 2.000000 0.040625 0.468750 2.000000 0.021875 0.500000 1.000000 0.000000 0.000000 0.000000 0.000000 0.000000 0.000000 0.000000 0.000000 0.000000 0.000000 0.000000 0.000000 0.000000 0.000000 0.000000 0.000000 0.000000 0.000000 0.000000 0.000000 0.000000 0.000000 0.000000 0.000000 0.000000 0.000000 0.000000 0.000000 0.000000 0.000000
