0 0.647453 0.556455 0.122219 0.717136 0.631250 0.241784 2.000000 0.639062 0.230047 2.000000 0.621875 0.234742 2.000000 0.656250 0.244131 2.000000 0.000000 0.000000 0.000000 0.681250 0.323944 2.000000 0.592187 0.333333 1.000000 0.693750 0.434272 2.000000 0.576562 0.431925 1.000000 0.698438 0.521127 1.000000 0.610938 0.361502 2.000000 0.665625 0.549296 2.000000 0.614062 0.544601 2.000000 0.670312 0.678404 2.000000 0.615625 0.673709 2.000000 0.671875 0.830986 2.000000 0.623437 0.819249 2.000000
0 0.705953 0.268322 0.075719 0.141385 0.668750 0.262911 1.000000 0.678125 0.251174 2.000000 0.670312 0.255869 2.000000 0.704688 0.262911 2.000000 0.000000 0.000000 0.000000 0.735938 0.330986 2.000000 0.656250 0.333333 1.000000 0.000000 0.000000 0.000000 0.000000 0.000000 0.000000 0.000000 0.000000 0.000000 0.000000 0.000000 0.000000 0.000000 0.000000 0.000000 0.000000 0.000000 0.000000 0.000000 0.000000 0.000000 0.000000 0.000000 0.000000 0.000000 0.000000 0.000000 0.000000 0.000000 0.000000
0 0.769586 0.569660 0.148078 0.730352 0.737500 0.281690 2.000000 0.748437 0.265258 2.000000 0.734375 0.272300 2.000000 0.776563 0.279343 2.000000 0.000000 0.000000 0.000000 0.814063 0.352113 2.000000 0.734375 0.361502 2.000000 0.820312 0.462441 2.000000 0.703125 0.462441 2.000000 0.806250 0.565728 2.000000 0.698438 0.392019 1.000000 0.795312 0.568075 2.000000 0.748437 0.565728 2.000000 0.800000 0.715962 2.000000 0.751563 0.708920 2.000000 0.795312 0.868545 2.000000 0.751563 0.861502 2.000000
0 0.872047 0.513474 0.152562 0.667418 0.857812 0.248826 2.000000 0.868750 0.232394 2.000000 0.853125 0.232394 2.000000 0.889062 0.239437 2.000000 0.000000 0.000000 0.000000 0.914062 0.293427 2.000000 0.825000 0.286385 2.000000 0.000000 0.000000 0.000000 0.809375 0.387324 1.000000 0.000000 0.000000 0.000000 0.845313 0.382629 2.000000 0.889062 0.488263 2.000000 0.845313 0.481221 2.000000 0.884375 0.629108 2.000000 0.820312 0.636150 1.000000 0.868750 0.833333 2.000000 0.809375 0.814554 1.000000
0 0.954719 0.561115 0.090563 0.638192 0.957812 0.298122 2.000000 0.970313 0.281690 2.000000 0.951562 0.281690 2.000000 0.985938 0.293427 2.000000 0.000000 0.000000 0.000000 0.000000 0.000000 0.000000 0.934375 0.359155 2.000000 0.000000 0.000000 0.000000 0.926562 0.450704 1.000000 0.993750 0.521127 2.000000 0.915625 0.389671 2.000000 0.990625 0.530516 2.000000 0.943750 0.528169 2.000000 0.985938 0.671362 2.000000 0.946875 0.657277 2.000000 0.987500 0.776995 2.000000 0.950000 0.798122 2.000000
0 0.515633 0.514577 0.183578 0.872207 0.525000 0.197183 2.000000 0.529687 0.187793 2.000000 0.514062 0.187793 2.000000 0.000000 0.000000 0.000000 0.489063 0.199531 2.000000 0.557813 0.300469 2.000000 0.479687 0.291080 2.000000 0.578125 0.417840 2.000000 0.443750 0.232394 2.000000 0.590625 0.530516 2.000000 0.471875 0.145540 2.000000 0.559375 0.516432 2.000000 0.484375 0.521127 2.000000 0.564063 0.680751 2.000000 0.496875 0.701878 2.000000 0.570312 0.826291 2.000000 0.509375 0.847418 2.000000
0 0.335391 0.452148 0.135625 0.479930 0.350000 0.255869 1.000000 0.357812 0.246479 1.000000 0.346875 0.246479 1.000000 0.381250 0.258216 2.000000 0.000000 0.000000 0.000000 0.393750 0.326291 1.000000 0.321875 0.328638 2.000000 0.000000 0.000000 0.000000 0.293750 0.396714 2.000000 0.000000 0.000000 0.000000 0.278125 0.326291 2.000000 0.384375 0.528169 1.000000 0.332813 0.521127 2.000000 0.000000 0.000000 0.000000 0.328125 0.664319 2.000000 0.000000 0.000000 0.000000 0.321875 0.805164 1.000000
0 0.190953 0.571631 0.104656 0.552934 0.209375 0.356808 2.000000 0.217188 0.345070 2.000000 0.201563 0.345070 2.000000 0.231250 0.349765 2.000000 0.000000 0.000000 0.000000 0.240625 0.394366 1.000000 0.189062 0.394366 2.000000 0.000000 0.000000 0.000000 0.154688 0.436620 2.000000 0.000000 0.000000 0.000000 0.159375 0.387324 2.000000 0.239063 0.572770 1.000000 0.196875 0.579812 2.000000 0.240625 0.690141 1.000000 0.195312 0.697183 2.000000 0.234375 0.786385 2.000000 0.195312 0.816901 2.000000
0 0.135133 0.552394 0.094703 0.545446 0.126562 0.321596 2.000000 0.132812 0.316901 2.000000 0.120313 0.316901 2.000000 0.148438 0.321596 2.000000 0.000000 0.000000 0.000000 0.170313 0.380282 1.000000 0.104688 0.389671 2.000000 0.181250 0.464789 2.000000 0.096875 0.474178 1.000000 0.148438 0.446009 1.000000 0.110937 0.453052 1.000000 0.160938 0.558685 2.000000 0.118750 0.561033 2.000000 0.157812 0.669014 2.000000 0.123438 0.666667 2.000000 0.157812 0.767606 2.000000 0.125000 0.776995 2.000000
0 0.400117 0.546068 0.204922 0.651667 0.417187 0.284038 2.000000 0.428125 0.267606 2.000000 0.409375 0.267606 2.000000 0.000000 0.000000 0.000000 0.000000 0.000000 0.000000 0.462500 0.333333 1.000000 0.392188 0.335681 2.000000 0.475000 0.436620 1.000000 0.357812 0.384977 2.000000 0.462500 0.532864 1.000000 0.356250 0.300469 2.000000 0.443750 0.553991 2.000000 0.396875 0.553991 2.000000 0.446875 0.713615 2.000000 0.387500 0.715962 2.000000 0.446875 0.859155 2.000000 0.387500 0.863850 2.000000
0 0.258977 0.558603 0.107609 0.594296 0.260937 0.309859 2.000000 0.267188 0.295775 2.000000 0.253125 0.298122 2.000000 0.000000 0.000000 0.000000 0.000000 0.000000 0.000000 0.301563 0.368545 1.000000 0.242188 0.368545 2.000000 0.000000 0.000000 0.000000 0.215625 0.446009 2.000000 0.000000 0.000000 0.000000 0.212500 0.384977 2.000000 0.298438 0.502347 2.000000 0.253125 0.504695 2.000000 0.293750 0.664319 2.000000 0.253125 0.669014 2.000000 0.295312 0.809859 2.000000 0.253125 0.826291 2.000000
0 0.052141 0.308568 0.104000 0.265822 0.078125 0.293427 2.000000 0.000000 0.000000 0.000000 0.070312 0.286385 2.000000 0.000000 0.000000 0.000000 0.051562 0.295775 2.000000 0.092188 0.368545 2.000000 0.032813 0.359155 2.000000 0.000000 0.000000 0.000000 0.009375 0.321596 2.000000 0.000000 0.000000 0.000000 0.026562 0.253521 2.000000 0.000000 0.000000 0.000000 0.000000 0.000000 0.000000 0.000000 0.000000 0.000000 0.000000 0.000000 0.000000 0.000000 0.000000 0.000000 0.000000 0.000000 0.000000
