0 0.404453 0.642641 0.241781 0.580728 0.410938 0.464789 2.000000 0.423438 0.443662 2.000000 0.395313 0.446009 2.000000 0.446875 0.438967 2.000000 0.382812 0.443662 2.000000 0.479687 0.553991 2.000000 0.375000 0.532864 2.000000 0.487500 0.692488 2.000000 0.359375 0.690141 2.000000 0.481250 0.828638 2.000000 0.370312 0.793427 2.000000 0.446875 0.746479 2.000000 0.373437 0.718310 2.000000 0.410938 0.910798 2.000000 0.300000 0.746479 2.000000 0.439063 0.805164 2.000000 0.378125 0.809859 2.000000
0 0.624805 0.748474 0.425891 0.503052 0.660937 0.647887 2.000000 0.681250 0.610329 2.000000 0.648438 0.617371 2.000000 0.726562 0.610329 2.000000 0.000000 0.000000 0.000000 0.771875 0.711268 2.000000 0.648438 0.652582 2.000000 0.757812 0.962441 2.000000 0.529687 0.730047 2.000000 0.584375 0.971831 2.000000 0.498437 0.835681 2.000000 0.812500 0.988263 2.000000 0.693750 0.917840 2.000000 0.714063 0.889671 2.000000 0.553125 0.807512 2.000000 0.000000 0.000000 0.000000 0.000000 0.000000 0.000000
0 0.725172 0.407664 0.144531 0.473545 0.718750 0.255869 2.000000 0.734375 0.239437 2.000000 0.706250 0.241784 2.000000 0.757812 0.260563 2.000000 0.000000 0.000000 0.000000 0.773438 0.347418 2.000000 0.675000 0.333333 2.000000 0.759375 0.490610 2.000000 0.668750 0.450704 2.000000 0.701562 0.553991 1.000000 0.643750 0.589202 1.000000 0.742188 0.521127 2.000000 0.685937 0.500000 2.000000 0.737500 0.617371 1.000000 0.582812 0.565728 1.000000 0.000000 0.000000 0.000000 0.635938 0.711268 1.000000
0 0.497352 0.360305 0.130141 0.447183 0.487500 0.218310 2.000000 0.498437 0.204225 2.000000 0.475000 0.206573 2.000000 0.518750 0.206573 2.000000 0.000000 0.000000 0.000000 0.532813 0.276995 2.000000 0.462500 0.276995 2.000000 0.518750 0.410798 2.000000 0.431250 0.399061 1.000000 0.470313 0.469484 2.000000 0.000000 0.000000 0.000000 0.525000 0.427230 2.000000 0.467187 0.424883 2.000000 0.500000 0.497653 2.000000 0.431250 0.509390 1.000000 0.493750 0.664319 1.000000 0.435937 0.664319 1.000000
0 0.344578 0.358322 0.195000 0.539178 0.348438 0.178404 2.000000 0.354687 0.157277 2.000000 0.334375 0.166667 2.000000 0.373437 0.157277 2.000000 0.325000 0.176056 2.000000 0.396875 0.232394 2.000000 0.337500 0.241784 2.000000 0.406250 0.333333 2.000000 0.331250 0.349765 2.000000 0.368750 0.410798 2.000000 0.298438 0.427230 2.000000 0.407813 0.422535 1.000000 0.354687 0.415493 2.000000 0.334375 0.481221 2.000000 0.276562 0.478873 2.000000 0.326562 0.657277 1.000000 0.250000 0.605634 1.000000
0 0.853344 0.284272 0.136125 0.469671 0.843750 0.112676 2.000000 0.856250 0.100939 2.000000 0.834375 0.100939 2.000000 0.873437 0.117371 1.000000 0.821875 0.117371 1.000000 0.896875 0.192488 2.000000 0.790625 0.199531 1.000000 0.932813 0.291080 1.000000 0.776563 0.302817 1.000000 0.887500 0.323944 2.000000 0.789062 0.227700 2.000000 0.868750 0.323944 2.000000 0.815625 0.330986 2.000000 0.937500 0.349765 1.000000 0.806250 0.448357 1.000000 0.868750 0.453052 2.000000 0.848437 0.422535 2.000000
0 0.590492 0.443592 0.184609 0.659061 0.592187 0.206573 2.000000 0.604688 0.185446 2.000000 0.582812 0.190141 2.000000 0.626563 0.185446 2.000000 0.000000 0.000000 0.000000 0.653125 0.281690 2.000000 0.573438 0.284038 2.000000 0.651563 0.415493 2.000000 0.573438 0.392019 2.000000 0.585938 0.474178 2.000000 0.554688 0.450704 1.000000 0.643750 0.464789 2.000000 0.579688 0.455399 2.000000 0.567187 0.523474 2.000000 0.525000 0.532864 1.000000 0.589063 0.701878 1.000000 0.515625 0.701878 2.000000
0 0.173125 0.544096 0.208937 0.547066 0.137500 0.389671 2.000000 0.151562 0.368545 2.000000 0.125000 0.375587 2.000000 0.171875 0.368545 2.000000 0.107813 0.382629 2.000000 0.201563 0.455399 2.000000 0.096875 0.457746 2.000000 0.215625 0.593897 2.000000 0.090625 0.586854 2.000000 0.232813 0.734742 2.000000 0.103125 0.715962 2.000000 0.214062 0.619718 2.000000 0.159375 0.612676 2.000000 0.228125 0.739437 2.000000 0.120313 0.570423 2.000000 0.223438 0.647887 2.000000 0.132812 0.727700 2.000000
0 0.545094 0.138521 0.094625 0.260329 0.551562 0.077465 2.000000 0.559375 0.065728 2.000000 0.542188 0.068075 2.000000 0.573438 0.072770 2.000000 0.528125 0.075117 2.000000 0.592187 0.140845 1.000000 0.510938 0.140845 2.000000 0.603125 0.234742 1.000000 0.000000 0.000000 0.000000 0.545312 0.234742 2.000000 0.000000 0.000000 0.000000 0.000000 0.000000 0.000000 0.000000 0.000000 0.000000 0.000000 0.000000 0.000000 0.000000 0.000000 0.000000 0.000000 0.000000 0.000000 0.000000 0.000000 0.000000
0 0.714391 0.166291 0.140937 0.264272 0.710938 0.115023 2.000000 0.720313 0.098592 2.000000 0.700000 0.100939 2.000000 0.740625 0.117371 2.000000 0.692187 0.117371 2.000000 0.762500 0.178404 2.000000 0.679688 0.206573 2.000000 0.000000 0.000000 0.000000 0.640625 0.295775 1.000000 0.000000 0.000000 0.000000 0.679688 0.255869 2.000000 0.000000 0.000000 0.000000 0.000000 0.000000 0.000000 0.000000 0.000000 0.000000 0.000000 0.000000 0.000000 0.000000 0.000000 0.000000 0.000000 0.000000 0.000000
