0 0.321820 0.599379 0.402297 0.801241 0.000000 0.000000 0.000000 0.000000 0.000000 0.000000 0.390625 0.402810 2.000000 0.000000 0.000000 0.000000 0.329688 0.416862 2.000000 0.234375 0.475410 2.000000 0.323437 0.529274 2.000000 0.000000 0.000000 0.000000 0.412500 0.693208 2.000000 0.000000 0.000000 0.000000 0.490625 0.730679 2.000000 0.000000 0.000000 0.000000 0.229687 0.840749 2.000000 0.343750 0.887588 2.000000 0.310937 0.969555 2.000000 0.000000 0.000000 0.000000 0.000000 0.000000 0.000000
0 0.201953 0.500000 0.403906 1.000000 0.360938 0.135831 2.000000 0.000000 0.000000 0.000000 0.364063 0.039813 2.000000 0.000000 0.000000 0.000000 0.000000 0.000000 0.000000 0.200000 0.220141 2.000000 0.159375 0.224824 2.000000 0.082812 0.601874 2.000000 0.021875 0.653396 2.000000 0.293750 0.632319 2.000000 0.289062 0.646370 2.000000 0.000000 0.000000 0.000000 0.000000 0.000000 0.000000 0.000000 0.000000 0.000000 0.195312 0.798595 1.000000 0.000000 0.000000 0.000000 0.000000 0.000000 0.000000
0 0.450539 0.390632 0.247391 0.773021 0.465625 0.255269 2.000000 0.484375 0.222482 2.000000 0.454688 0.220141 2.000000 0.000000 0.000000 0.000000 0.376563 0.135831 1.000000 0.428125 0.309133 2.000000 0.239063 0.243560 1.000000 0.398438 0.548009 2.000000 0.000000 0.000000 0.000000 0.460938 0.658080 2.000000 0.000000 0.000000 0.000000 0.000000 0.000000 0.000000 0.000000 0.000000 0.000000 0.000000 0.000000 0.000000 0.000000 0.000000 0.000000 0.000000 0.000000 0.000000 0.000000 0.000000 0.000000
0 0.047406 0.870375 0.092406 0.213208 0.000000 0.000000 0.000000 0.000000 0.000000 0.000000 0.000000 0.000000 0.000000 0.000000 0.000000 0.000000 0.000000 0.000000 0.000000 0.000000 0.000000 0.000000 0.000000 0.000000 0.000000 0.000000 0.000000 0.000000 0.000000 0.000000 0.000000 0.000000 0.000000 0.000000 0.010937 0.894614 2.000000 0.000000 0.000000 0.000000 0.000000 0.000000 0.000000 0.000000 0.000000 0.000000 0.000000 0.000000 0.000000 0.000000 0.000000 0.000000 0.000000 0.000000 0.000000
0 0.512758 0.320972 0.185922 0.620211 0.553125 0.199063 2.000000 0.570312 0.177986 2.000000 0.535937 0.168618 2.000000 0.000000 0.000000 0.000000 0.498437 0.156909 1.000000 0.557813 0.276347 2.000000 0.448437 0.264637 1.000000 0.529687 0.414520 2.000000 0.409375 0.447307 1.000000 0.550000 0.512881 2.000000 0.485938 0.543326 2.000000 0.000000 0.000000 0.000000 0.000000 0.000000 0.000000 0.000000 0.000000 0.000000 0.000000 0.000000 0.000000 0.000000 0.000000 0.000000 0.000000 0.000000 0.000000
0 0.845891 0.403396 0.100969 0.125480 0.867188 0.428571 1.000000 0.879687 0.407494 2.000000 0.848437 0.409836 2.000000 0.892188 0.405152 2.000000 0.828125 0.416862 2.000000 0.893750 0.449649 1.000000 0.828125 0.444965 2.000000 0.000000 0.000000 0.000000 0.000000 0.000000 0.000000 0.000000 0.000000 0.000000 0.000000 0.000000 0.000000 0.000000 0.000000 0.000000 0.000000 0.000000 0.000000 0.000000 0.000000 0.000000 0.000000 0.000000 0.000000 0.000000 0.000000 0.000000 0.000000 0.000000 0.000000
0 0.933313 0.352436 0.130438 0.256159 0.873437 0.299766 2.000000 0.893750 0.281030 2.000000 0.876563 0.281030 2.000000 0.940625 0.320843 2.000000 0.000000 0.000000 0.000000 0.962500 0.433255 2.000000 0.906250 0.447307 2.000000 0.000000 0.000000 0.000000 0.000000 0.000000 0.000000 0.000000 0.000000 0.000000 0.000000 0.000000 0.000000 0.000000 0.000000 0.000000 0.000000 0.000000 0.000000 0.000000 0.000000 0.000000 0.000000 0.000000 0.000000 0.000000 0.000000 0.000000 0.000000 0.000000 0.000000
0 0.850398 0.184356 0.299203 0.368665 0.000000 0.000000 0.000000 0.000000 0.000000 0.000000 0.000000 0.000000 0.000000 0.000000 0.000000 0.000000 0.000000 0.000000 0.000000 0.832812 0.072600 2.000000 0.923438 0.004684 2.000000 0.782813 0.163934 2.000000 0.000000 0.000000 0.000000 0.725000 0.096019 2.000000 0.000000 0.000000 0.000000 0.954688 0.316159 1.000000 0.000000 0.000000 0.000000 0.000000 0.000000 0.000000 0.000000 0.000000 0.000000 0.000000 0.000000 0.000000 0.000000 0.000000 0.000000
0 0.667188 0.223595 0.188906 0.447190 0.729688 0.009368 2.000000 0.000000 0.000000 0.000000 0.715625 0.007026 2.000000 0.000000 0.000000 0.000000 0.679688 0.028103 2.000000 0.692187 0.084309 2.000000 0.623437 0.110070 2.000000 0.000000 0.000000 0.000000 0.626563 0.285714 2.000000 0.000000 0.000000 0.000000 0.709375 0.358314 2.000000 0.648438 0.295082 2.000000 0.609375 0.325527 2.000000 0.000000 0.000000 0.000000 0.000000 0.000000 0.000000 0.000000 0.000000 0.000000 0.000000 0.000000 0.000000
0 0.978953 0.066733 0.042094 0.132342 0.000000 0.000000 0.000000 0.000000 0.000000 0.000000 0.000000 0.000000 0.000000 0.000000 0.000000 0.000000 0.000000 0.000000 0.000000 0.000000 0.000000 0.000000 0.000000 0.000000 0.000000 0.000000 0.000000 0.000000 0.979688 0.032787 2.000000 0.000000 0.000000 0.000000 0.971875 0.124122 1.000000 0.000000 0.000000 0.000000 0.000000 0.000000 0.000000 0.000000 0.000000 0.000000 0.000000 0.000000 0.000000 0.000000 0.000000 0.000000 0.000000 0.000000 0.000000
0 0.728547 0.182225 0.106062 0.361405 0.753125 0.030445 2.000000 0.762500 0.011710 2.000000 0.737500 0.014052 2.000000 0.775000 0.007026 1.000000 0.000000 0.000000 0.000000 0.779687 0.067916 1.000000 0.706250 0.053864 1.000000 0.790625 0.147541 1.000000 0.000000 0.000000 0.000000 0.732812 0.189696 2.000000 0.000000 0.000000 0.000000 0.735938 0.208431 1.000000 0.695312 0.217799 2.000000 0.712500 0.290398 2.000000 0.681250 0.306792 2.000000 0.731250 0.402810 1.000000 0.000000 0.000000 0.000000
