0 0.326297 0.835957 0.163594 0.301133 0.354687 0.748047 2.000000 0.367188 0.734375 2.000000 0.343750 0.734375 2.000000 0.378125 0.742188 2.000000 0.326562 0.740234 2.000000 0.381250 0.832031 2.000000 0.290625 0.826172 2.000000 0.000000 0.000000 0.000000 0.259375 0.951172 2.000000 0.000000 0.000000 0.000000 0.000000 0.000000 0.000000 0.000000 0.000000 0.000000 0.000000 0.000000 0.000000 0.000000 0.000000 0.000000 0.000000 0.000000 0.000000 0.000000 0.000000 0.000000 0.000000 0.000000 0.000000
0 0.598656 0.919102 0.179781 0.139336 0.000000 0.000000 0.000000 0.000000 0.000000 0.000000 0.000000 0.000000 0.000000 0.000000 0.000000 0.000000 0.000000 0.000000 0.000000 0.000000 0.000000 0.000000 0.000000 0.000000 0.000000 0.000000 0.000000 0.000000 0.000000 0.000000 0.000000 0.598437 0.953125 2.000000 0.553125 0.945312 2.000000 0.000000 0.000000 0.000000 0.000000 0.000000 0.000000 0.000000 0.000000 0.000000 0.000000 0.000000 0.000000 0.000000 0.000000 0.000000 0.000000 0.000000 0.000000
0 0.366742 0.947197 0.118641 0.083145 0.000000 0.000000 0.000000 0.000000 0.000000 0.000000 0.000000 0.000000 0.000000 0.312500 0.960938 2.000000 0.407813 0.955078 2.000000 0.000000 0.000000 0.000000 0.000000 0.000000 0.000000 0.000000 0.000000 0.000000 0.000000 0.000000 0.000000 0.000000 0.000000 0.000000 0.000000 0.000000 0.000000 0.000000 0.000000 0.000000 0.000000 0.000000 0.000000 0.000000 0.000000 0.000000 0.000000 0.000000 0.000000 0.000000 0.000000 0.000000 0.000000 0.000000 0.000000
0 0.373359 0.224678 0.083781 0.371660 0.368750 0.142578 2.000000 0.371875 0.134766 2.000000 0.362500 0.136719 2.000000 0.000000 0.000000 0.000000 0.350000 0.150391 2.000000 0.389062 0.167969 2.000000 0.339062 0.205078 2.000000 0.400000 0.126953 2.000000 0.339062 0.261719 2.000000 0.393750 0.082031 2.000000 0.332813 0.222656 1.000000 0.396875 0.267578 2.000000 0.356250 0.281250 2.000000 0.396875 0.367188 2.000000 0.362500 0.380859 2.000000 0.401562 0.437500 1.000000 0.368750 0.451172 1.000000
0 0.299492 0.127920 0.088891 0.175410 0.309375 0.134766 2.000000 0.314063 0.130859 2.000000 0.303125 0.128906 2.000000 0.000000 0.000000 0.000000 0.289062 0.138672 2.000000 0.329688 0.183594 2.000000 0.273438 0.175781 2.000000 0.326562 0.226562 1.000000 0.275000 0.119141 2.000000 0.310937 0.218750 1.000000 0.298438 0.083984 2.000000 0.320312 0.277344 1.000000 0.279687 0.273438 1.000000 0.000000 0.000000 0.000000 0.000000 0.000000 0.000000 0.000000 0.000000 0.000000 0.000000 0.000000 0.000000
0 0.217828 0.231309 0.082594 0.356133 0.204687 0.140625 2.000000 0.210938 0.134766 2.000000 0.198437 0.138672 2.000000 0.215625 0.138672 2.000000 0.190625 0.148438 1.000000 0.231250 0.167969 2.000000 0.192188 0.195312 2.000000 0.243750 0.146484 2.000000 0.185938 0.253906 1.000000 0.246875 0.082031 2.000000 0.184375 0.207031 2.000000 0.231250 0.287109 2.000000 0.198437 0.302734 2.000000 0.235937 0.384766 2.000000 0.210938 0.396484 2.000000 0.251563 0.480469 1.000000 0.221875 0.488281 1.000000
0 0.703930 0.821611 0.128891 0.176426 0.706250 0.783203 2.000000 0.712500 0.775391 2.000000 0.700000 0.775391 2.000000 0.723437 0.775391 2.000000 0.685937 0.779297 2.000000 0.753125 0.812500 2.000000 0.673438 0.820312 2.000000 0.756250 0.886719 1.000000 0.651563 0.882812 2.000000 0.000000 0.000000 0.000000 0.632812 0.953125 1.000000 0.728125 0.916016 1.000000 0.695312 0.916016 1.000000 0.000000 0.000000 0.000000 0.000000 0.000000 0.000000 0.000000 0.000000 0.000000 0.000000 0.000000 0.000000
0 0.564039 0.275488 0.067734 0.175977 0.551562 0.212891 2.000000 0.556250 0.208984 2.000000 0.545312 0.208984 2.000000 0.000000 0.000000 0.000000 0.537500 0.216797 2.000000 0.575000 0.242188 2.000000 0.532813 0.250000 1.000000 0.590625 0.255859 2.000000 0.000000 0.000000 0.000000 0.589063 0.222656 2.000000 0.000000 0.000000 0.000000 0.571875 0.330078 2.000000 0.543750 0.332031 1.000000 0.578125 0.390625 1.000000 0.000000 0.000000 0.000000 0.000000 0.000000 0.000000 0.000000 0.000000 0.000000
0 0.760914 0.342354 0.090172 0.149707 0.760938 0.294922 2.000000 0.771875 0.291016 2.000000 0.764062 0.291016 2.000000 0.781250 0.304688 2.000000 0.000000 0.000000 0.000000 0.787500 0.328125 2.000000 0.746875 0.326172 1.000000 0.781250 0.337891 2.000000 0.720313 0.326172 2.000000 0.773438 0.298828 2.000000 0.743750 0.298828 2.000000 0.779687 0.398438 1.000000 0.753125 0.398438 1.000000 0.000000 0.000000 0.000000 0.000000 0.000000 0.000000 0.000000 0.000000 0.000000 0.000000 0.000000 0.000000
0 0.454437 0.189609 0.132781 0.375430 0.435937 0.125000 2.000000 0.437500 0.119141 2.000000 0.428125 0.125000 2.000000 0.000000 0.000000 0.000000 0.417187 0.136719 2.000000 0.456250 0.148438 2.000000 0.417187 0.169922 2.000000 0.476562 0.111328 2.000000 0.396875 0.199219 2.000000 0.473438 0.044922 2.000000 0.425000 0.208984 2.000000 0.476562 0.263672 2.000000 0.446875 0.289062 1.000000 0.509375 0.275391 2.000000 0.459375 0.367188 1.000000 0.482812 0.347656 2.000000 0.000000 0.000000 0.000000
0 0.625312 0.353936 0.080500 0.113145 0.612500 0.320312 2.000000 0.617188 0.318359 2.000000 0.000000 0.000000 0.000000 0.631250 0.324219 2.000000 0.000000 0.000000 0.000000 0.645312 0.359375 2.000000 0.601562 0.351562 2.000000 0.657813 0.406250 2.000000 0.000000 0.000000 0.000000 0.634375 0.369141 2.000000 0.000000 0.000000 0.000000 0.620313 0.431641 1.000000 0.596875 0.425781 1.000000 0.000000 0.000000 0.000000 0.000000 0.000000 0.000000 0.000000 0.000000 0.000000 0.000000 0.000000 0.000000
0 0.133227 0.267188 0.101234 0.295352 0.135937 0.156250 2.000000 0.142187 0.148438 2.000000 0.135937 0.148438 2.000000 0.160938 0.150391 2.000000 0.000000 0.000000 0.000000 0.167187 0.185547 2.000000 0.115625 0.183594 2.000000 0.167187 0.216797 2.000000 0.089063 0.228516 2.000000 0.125000 0.226562 2.000000 0.085938 0.187500 2.000000 0.165625 0.298828 2.000000 0.132812 0.296875 2.000000 0.168750 0.376953 2.000000 0.107813 0.318359 2.000000 0.173437 0.441406 1.000000 0.121875 0.394531 2.000000
0 0.669664 0.333213 0.071141 0.117129 0.685937 0.312500 2.000000 0.687500 0.308594 2.000000 0.679688 0.306641 2.000000 0.000000 0.000000 0.000000 0.667188 0.306641 2.000000 0.693750 0.341797 2.000000 0.637500 0.337891 2.000000 0.692187 0.384766 2.000000 0.000000 0.000000 0.000000 0.678125 0.382812 2.000000 0.000000 0.000000 0.000000 0.000000 0.000000 0.000000 0.000000 0.000000 0.000000 0.000000 0.000000 0.000000 0.000000 0.000000 0.000000 0.000000 0.000000 0.000000 0.000000 0.000000 0.000000
