0 0.349336 0.516850 0.335828 0.862927 0.214062 0.222482 2.000000 0.217188 0.189696 2.000000 0.195312 0.208431 2.000000 0.256250 0.175644 2.000000 0.000000 0.000000 0.000000 0.337500 0.243560 2.000000 0.243750 0.295082 2.000000 0.451562 0.365340 2.000000 0.292187 0.370023 2.000000 0.487500 0.524590 2.000000 0.000000 0.000000 0.000000 0.451562 0.334895 2.000000 0.375000 0.353630 2.000000 0.357812 0.564403 2.000000 0.289062 0.543326 2.000000 0.373437 0.847775 2.000000 0.279687 0.814988 2.000000
0 0.738391 0.331827 0.059000 0.369696 0.000000 0.000000 0.000000 0.000000 0.000000 0.000000 0.000000 0.000000 0.000000 0.000000 0.000000 0.000000 0.000000 0.000000 0.000000 0.720313 0.222482 1.000000 0.754687 0.222482 2.000000 0.000000 0.000000 0.000000 0.000000 0.000000 0.000000 0.000000 0.000000 0.000000 0.000000 0.000000 0.000000 0.729688 0.309133 2.000000 0.742188 0.311475 2.000000 0.723437 0.405152 2.000000 0.723437 0.405152 2.000000 0.000000 0.000000 0.000000 0.000000 0.000000 0.000000
0 0.789945 0.309672 0.070016 0.353911 0.817187 0.168618 2.000000 0.000000 0.000000 0.000000 0.810937 0.163934 2.000000 0.000000 0.000000 0.000000 0.798438 0.163934 2.000000 0.803125 0.213115 1.000000 0.789062 0.222482 2.000000 0.000000 0.000000 0.000000 0.792188 0.276347 2.000000 0.000000 0.000000 0.000000 0.835938 0.295082 1.000000 0.803125 0.330211 2.000000 0.793750 0.339578 2.000000 0.000000 0.000000 0.000000 0.000000 0.000000 0.000000 0.000000 0.000000 0.000000 0.000000 0.000000 0.000000
0 0.854852 0.390667 0.069828 0.447002 0.876563 0.224824 2.000000 0.879687 0.220141 2.000000 0.870313 0.220141 2.000000 0.000000 0.000000 0.000000 0.860938 0.222482 2.000000 0.879687 0.264637 2.000000 0.856250 0.259953 2.000000 0.000000 0.000000 0.000000 0.840625 0.332553 2.000000 0.000000 0.000000 0.000000 0.856250 0.377049 2.000000 0.865625 0.384075 2.000000 0.842187 0.379391 2.000000 0.854688 0.475410 2.000000 0.839063 0.487119 2.000000 0.842187 0.566745 2.000000 0.832812 0.576112 2.000000
0 0.687422 0.307026 0.133031 0.439344 0.679688 0.142857 2.000000 0.684375 0.131148 2.000000 0.670312 0.128806 2.000000 0.695312 0.126464 1.000000 0.667188 0.126464 2.000000 0.695312 0.168618 2.000000 0.651563 0.161593 2.000000 0.703125 0.215457 2.000000 0.650000 0.196721 2.000000 0.726562 0.215457 2.000000 0.670312 0.201405 2.000000 0.684375 0.302108 2.000000 0.648438 0.297424 2.000000 0.673438 0.388759 2.000000 0.643750 0.377049 2.000000 0.665625 0.475410 1.000000 0.632812 0.468384 1.000000
0 0.468375 0.224789 0.086938 0.243443 0.478125 0.133489 2.000000 0.482812 0.128806 2.000000 0.473438 0.126464 2.000000 0.490625 0.126464 2.000000 0.470313 0.124122 2.000000 0.496875 0.185012 2.000000 0.448437 0.166276 2.000000 0.000000 0.000000 0.000000 0.000000 0.000000 0.000000 0.000000 0.000000 0.000000 0.000000 0.000000 0.000000 0.492188 0.278689 2.000000 0.465625 0.271663 1.000000 0.000000 0.000000 0.000000 0.000000 0.000000 0.000000 0.000000 0.000000 0.000000 0.000000 0.000000 0.000000
0 0.405398 0.112342 0.075703 0.146604 0.412500 0.077283 2.000000 0.415625 0.072600 2.000000 0.404687 0.072600 2.000000 0.418750 0.074941 2.000000 0.395313 0.077283 2.000000 0.425000 0.117096 2.000000 0.387500 0.119438 2.000000 0.431250 0.147541 2.000000 0.376563 0.159251 2.000000 0.000000 0.000000 0.000000 0.000000 0.000000 0.000000 0.000000 0.000000 0.000000 0.000000 0.000000 0.000000 0.000000 0.000000 0.000000 0.000000 0.000000 0.000000 0.000000 0.000000 0.000000 0.000000 0.000000 0.000000
0 0.592922 0.319578 0.066594 0.425480 0.607812 0.152225 2.000000 0.610938 0.142857 2.000000 0.603125 0.142857 2.000000 0.000000 0.000000 0.000000 0.000000 0.000000 0.000000 0.620313 0.192037 2.000000 0.571875 0.185012 2.000000 0.000000 0.000000 0.000000 0.571875 0.236534 2.000000 0.000000 0.000000 0.000000 0.592187 0.224824 2.000000 0.604688 0.304450 2.000000 0.579688 0.302108 2.000000 0.598437 0.407494 2.000000 0.575000 0.402810 2.000000 0.592187 0.475410 2.000000 0.571875 0.470726 2.000000
0 0.337797 0.086159 0.068312 0.172319 0.367188 0.011710 2.000000 0.000000 0.000000 0.000000 0.356250 0.002342 2.000000 0.000000 0.000000 0.000000 0.342187 0.007026 2.000000 0.350000 0.058548 2.000000 0.321875 0.065574 2.000000 0.000000 0.000000 0.000000 0.320312 0.138173 2.000000 0.000000 0.000000 0.000000 0.000000 0.000000 0.000000 0.360938 0.173302 1.000000 0.340625 0.177986 1.000000 0.000000 0.000000 0.000000 0.000000 0.000000 0.000000 0.000000 0.000000 0.000000 0.000000 0.000000 0.000000
0 0.980742 0.396745 0.038516 0.442482 0.000000 0.000000 0.000000 0.000000 0.000000 0.000000 0.000000 0.000000 0.000000 0.000000 0.000000 0.000000 0.000000 0.000000 0.000000 0.982812 0.245902 2.000000 0.000000 0.000000 0.000000 0.000000 0.000000 0.000000 0.000000 0.000000 0.000000 0.000000 0.000000 0.000000 0.000000 0.000000 0.000000 0.976562 0.377049 2.000000 0.990625 0.377049 2.000000 0.000000 0.000000 0.000000 0.000000 0.000000 0.000000 0.000000 0.000000 0.000000 0.000000 0.000000 0.000000
0 0.148844 0.258080 0.127156 0.515691 0.000000 0.000000 0.000000 0.000000 0.000000 0.000000 0.000000 0.000000 0.000000 0.000000 0.000000 0.000000 0.000000 0.000000 0.000000 0.159375 0.025761 2.000000 0.104688 0.023419 2.000000 0.173437 0.114754 2.000000 0.104688 0.119438 2.000000 0.000000 0.000000 0.000000 0.164062 0.175644 2.000000 0.162500 0.206089 2.000000 0.123438 0.201405 2.000000 0.145313 0.320843 2.000000 0.114062 0.318501 2.000000 0.123438 0.440281 2.000000 0.101562 0.437939 2.000000
0 0.527297 0.126124 0.046437 0.204426 0.514062 0.060890 2.000000 0.520312 0.051522 2.000000 0.509375 0.051522 2.000000 0.523438 0.058548 2.000000 0.000000 0.000000 0.000000 0.532813 0.107728 2.000000 0.498437 0.107728 1.000000 0.542188 0.159251 2.000000 0.000000 0.000000 0.000000 0.535937 0.199063 2.000000 0.000000 0.000000 0.000000 0.528125 0.210773 1.000000 0.000000 0.000000 0.000000 0.000000 0.000000 0.000000 0.000000 0.000000 0.000000 0.000000 0.000000 0.000000 0.000000 0.000000 0.000000
0 0.916875 0.349520 0.065750 0.438525 0.940625 0.170960 2.000000 0.000000 0.000000 0.000000 0.934375 0.163934 2.000000 0.000000 0.000000 0.000000 0.920312 0.166276 2.000000 0.929688 0.203747 2.000000 0.907813 0.215457 2.000000 0.000000 0.000000 0.000000 0.000000 0.000000 0.000000 0.000000 0.000000 0.000000 0.000000 0.000000 0.000000 0.931250 0.318501 2.000000 0.909375 0.320843 2.000000 0.912500 0.440281 2.000000 0.900000 0.440281 2.000000 0.903125 0.543326 2.000000 0.898438 0.550351 2.000000
