0 0.896523 0.563063 0.206953 0.873873 0.968750 0.284038 2.000000 0.990625 0.255869 2.000000 0.948438 0.267606 2.000000 0.000000 0.000000 0.000000 0.918750 0.269953 2.000000 0.000000 0.000000 0.000000 0.892188 0.431925 2.000000 0.000000 0.000000 0.000000 0.846875 0.692488 2.000000 0.000000 0.000000 0.000000 0.887500 0.908451 2.000000 0.000000 0.000000 0.000000 0.939063 0.927230 2.000000 0.000000 0.000000 0.000000 0.000000 0.000000 0.000000 0.000000 0.000000 0.000000 0.000000 0.000000 0.000000
0 0.471500 0.490364 0.084469 0.181808 0.451562 0.438967 2.000000 0.454688 0.436620 2.000000 0.450000 0.436620 2.000000 0.464062 0.424883 2.000000 0.000000 0.000000 0.000000 0.485938 0.455399 2.000000 0.437500 0.457746 2.000000 0.500000 0.504695 2.000000 0.432812 0.514085 1.000000 0.504687 0.549296 2.000000 0.000000 0.000000 0.000000 0.476562 0.561033 2.000000 0.443750 0.561033 1.000000 0.000000 0.000000 0.000000 0.000000 0.000000 0.000000 0.000000 0.000000 0.000000 0.000000 0.000000 0.000000
0 0.699969 0.558216 0.075719 0.317465 0.000000 0.000000 0.000000 0.000000 0.000000 0.000000 0.000000 0.000000 0.000000 0.673438 0.427230 2.000000 0.696875 0.417840 2.000000 0.670312 0.464789 2.000000 0.714063 0.450704 2.000000 0.668750 0.516432 2.000000 0.720313 0.490610 2.000000 0.670312 0.556338 2.000000 0.728125 0.539906 2.000000 0.692187 0.556338 2.000000 0.715625 0.546948 2.000000 0.692187 0.629108 2.000000 0.714063 0.622066 2.000000 0.710938 0.685446 2.000000 0.706250 0.683099 2.000000
0 0.811039 0.593310 0.074953 0.421174 0.000000 0.000000 0.000000 0.000000 0.000000 0.000000 0.000000 0.000000 0.000000 0.812500 0.429577 2.000000 0.000000 0.000000 0.000000 0.806250 0.490610 2.000000 0.000000 0.000000 0.000000 0.795312 0.544601 2.000000 0.000000 0.000000 0.000000 0.778125 0.600939 2.000000 0.000000 0.000000 0.000000 0.000000 0.000000 0.000000 0.000000 0.000000 0.000000 0.000000 0.000000 0.000000 0.000000 0.000000 0.000000 0.000000 0.000000 0.000000 0.000000 0.000000 0.000000
0 0.368875 0.518862 0.061469 0.189695 0.384375 0.448357 2.000000 0.000000 0.000000 0.000000 0.381250 0.443662 2.000000 0.000000 0.000000 0.000000 0.375000 0.446009 2.000000 0.356250 0.476526 2.000000 0.389062 0.476526 2.000000 0.342187 0.514085 2.000000 0.401562 0.514085 1.000000 0.345313 0.558685 2.000000 0.000000 0.000000 0.000000 0.360938 0.561033 2.000000 0.385937 0.561033 1.000000 0.362500 0.624413 1.000000 0.385937 0.619718 1.000000 0.000000 0.000000 0.000000 0.000000 0.000000 0.000000
0 0.212969 0.499354 0.119063 0.260540 0.000000 0.000000 0.000000 0.000000 0.000000 0.000000 0.000000 0.000000 0.000000 0.000000 0.000000 0.000000 0.000000 0.000000 0.000000 0.165625 0.392019 1.000000 0.209375 0.392019 2.000000 0.000000 0.000000 0.000000 0.242188 0.457746 2.000000 0.000000 0.000000 0.000000 0.264062 0.415493 2.000000 0.181250 0.535211 2.000000 0.214062 0.535211 2.000000 0.179688 0.638498 1.000000 0.217188 0.640845 1.000000 0.000000 0.000000 0.000000 0.000000 0.000000 0.000000
0 0.455664 0.567054 0.067922 0.131808 0.426563 0.535211 2.000000 0.429688 0.525822 2.000000 0.423438 0.528169 2.000000 0.440625 0.525822 2.000000 0.000000 0.000000 0.000000 0.451562 0.553991 2.000000 0.425000 0.556338 2.000000 0.465625 0.589202 2.000000 0.000000 0.000000 0.000000 0.476562 0.577465 2.000000 0.000000 0.000000 0.000000 0.000000 0.000000 0.000000 0.000000 0.000000 0.000000 0.000000 0.000000 0.000000 0.000000 0.000000 0.000000 0.000000 0.000000 0.000000 0.000000 0.000000 0.000000
0 0.541977 0.536326 0.058422 0.219601 0.535937 0.448357 2.000000 0.540625 0.441315 2.000000 0.534375 0.443662 2.000000 0.000000 0.000000 0.000000 0.000000 0.000000 0.000000 0.553125 0.474178 2.000000 0.531250 0.481221 2.000000 0.565625 0.516432 2.000000 0.518750 0.490610 2.000000 0.560937 0.507042 2.000000 0.526563 0.464789 2.000000 0.548438 0.535211 2.000000 0.531250 0.535211 2.000000 0.000000 0.000000 0.000000 0.000000 0.000000 0.000000 0.000000 0.000000 0.000000 0.000000 0.000000 0.000000
0 0.405078 0.680904 0.073313 0.415986 0.423438 0.511737 2.000000 0.000000 0.000000 0.000000 0.417187 0.500000 2.000000 0.000000 0.000000 0.000000 0.407813 0.504695 2.000000 0.406250 0.542254 2.000000 0.392188 0.544601 2.000000 0.000000 0.000000 0.000000 0.401562 0.605634 2.000000 0.000000 0.000000 0.000000 0.434375 0.638498 1.000000 0.414062 0.659624 1.000000 0.400000 0.678404 1.000000 0.412500 0.760563 2.000000 0.401562 0.767606 2.000000 0.407813 0.849765 1.000000 0.396875 0.859155 2.000000
0 0.275922 0.574601 0.099906 0.229531 0.000000 0.000000 0.000000 0.000000 0.000000 0.000000 0.000000 0.000000 0.000000 0.000000 0.000000 0.000000 0.267188 0.443662 1.000000 0.000000 0.000000 0.000000 0.265625 0.476526 2.000000 0.000000 0.000000 0.000000 0.282813 0.528169 1.000000 0.000000 0.000000 0.000000 0.309375 0.549296 2.000000 0.000000 0.000000 0.000000 0.253125 0.586854 2.000000 0.000000 0.000000 0.000000 0.284375 0.659624 2.000000 0.000000 0.000000 0.000000 0.000000 0.000000 0.000000
