0 0.285070 0.683188 0.201547 0.226000 0.326562 0.637500 2.000000 0.000000 0.000000 0.000000 0.315625 0.631250 2.000000 0.000000 0.000000 0.000000 0.287500 0.633333 2.000000 0.325000 0.662500 2.000000 0.235937 0.677083 2.000000 0.376563 0.729167 2.000000 0.196875 0.764583 2.000000 0.329688 0.745833 2.000000 0.251563 0.745833 2.000000 0.315625 0.800000 1.000000 0.240625 0.814583 1.000000 0.000000 0.000000 0.000000 0.000000 0.000000 0.000000 0.000000 0.000000 0.000000 0.000000 0.000000 0.000000
0 0.096281 0.757875 0.179062 0.250000 0.126562 0.697917 2.000000 0.000000 0.000000 0.000000 0.117188 0.691667 2.000000 0.000000 0.000000 0.000000 0.078125 0.712500 2.000000 0.118750 0.725000 2.000000 0.037500 0.756250 2.000000 0.153125 0.816667 2.000000 0.031250 0.866667 1.000000 0.159375 0.764583 2.000000 0.096875 0.831250 2.000000 0.000000 0.000000 0.000000 0.000000 0.000000 0.000000 0.000000 0.000000 0.000000 0.000000 0.000000 0.000000 0.000000 0.000000 0.000000 0.000000 0.000000 0.000000
0 0.537641 0.697750 0.182031 0.244958 0.482812 0.639583 2.000000 0.493750 0.627083 2.000000 0.484375 0.627083 2.000000 0.523438 0.631250 2.000000 0.000000 0.000000 0.000000 0.557813 0.685417 2.000000 0.495312 0.681250 2.000000 0.604688 0.760417 2.000000 0.457813 0.747917 2.000000 0.564063 0.789583 2.000000 0.481250 0.745833 2.000000 0.553125 0.814583 2.000000 0.507812 0.800000 1.000000 0.000000 0.000000 0.000000 0.000000 0.000000 0.000000 0.000000 0.000000 0.000000 0.000000 0.000000 0.000000
0 0.685562 0.581323 0.087688 0.128604 0.000000 0.000000 0.000000 0.000000 0.000000 0.000000 0.000000 0.000000 0.000000 0.660937 0.558333 2.000000 0.698438 0.556250 2.000000 0.653125 0.597917 2.000000 0.712500 0.600000 2.000000 0.000000 0.000000 0.000000 0.723437 0.629167 2.000000 0.000000 0.000000 0.000000 0.000000 0.000000 0.000000 0.654687 0.702083 1.000000 0.704688 0.706250 1.000000 0.000000 0.000000 0.000000 0.000000 0.000000 0.000000 0.000000 0.000000 0.000000 0.000000 0.000000 0.000000
0 0.569742 0.591958 0.097891 0.162875 0.581250 0.552083 2.000000 0.000000 0.000000 0.000000 0.579688 0.547917 2.000000 0.000000 0.000000 0.000000 0.573438 0.554167 2.000000 0.529687 0.577083 2.000000 0.570312 0.581250 2.000000 0.000000 0.000000 0.000000 0.612500 0.625000 2.000000 0.581250 0.579167 2.000000 0.000000 0.000000 0.000000 0.000000 0.000000 0.000000 0.576562 0.685417 1.000000 0.000000 0.000000 0.000000 0.000000 0.000000 0.000000 0.000000 0.000000 0.000000 0.000000 0.000000 0.000000
0 0.916883 0.664479 0.118016 0.218667 0.956250 0.631250 2.000000 0.000000 0.000000 0.000000 0.956250 0.622917 2.000000 0.000000 0.000000 0.000000 0.937500 0.602083 2.000000 0.000000 0.000000 0.000000 0.889062 0.637500 2.000000 0.000000 0.000000 0.000000 0.915625 0.735417 2.000000 0.940625 0.675000 2.000000 0.953125 0.695833 2.000000 0.000000 0.000000 0.000000 0.884375 0.797917 1.000000 0.000000 0.000000 0.000000 0.000000 0.000000 0.000000 0.000000 0.000000 0.000000 0.000000 0.000000 0.000000
0 0.350172 0.584990 0.068656 0.180146 0.332813 0.531250 2.000000 0.337500 0.525000 2.000000 0.000000 0.000000 0.000000 0.354687 0.533333 2.000000 0.000000 0.000000 0.000000 0.364063 0.566667 2.000000 0.000000 0.000000 0.000000 0.340625 0.604167 2.000000 0.000000 0.000000 0.000000 0.332813 0.556250 2.000000 0.000000 0.000000 0.000000 0.354687 0.664583 2.000000 0.000000 0.000000 0.000000 0.000000 0.000000 0.000000 0.000000 0.000000 0.000000 0.000000 0.000000 0.000000 0.000000 0.000000 0.000000
0 0.803930 0.580906 0.112766 0.142313 0.806250 0.537500 2.000000 0.815625 0.533333 2.000000 0.806250 0.533333 2.000000 0.829688 0.539583 2.000000 0.000000 0.000000 0.000000 0.837500 0.566667 2.000000 0.809375 0.558333 2.000000 0.825000 0.600000 2.000000 0.792188 0.577083 2.000000 0.789062 0.591667 2.000000 0.768750 0.585417 2.000000 0.821875 0.645833 1.000000 0.798438 0.637500 1.000000 0.000000 0.000000 0.000000 0.000000 0.000000 0.000000 0.000000 0.000000 0.000000 0.000000 0.000000 0.000000
0 0.747422 0.530292 0.076812 0.105792 0.723437 0.516667 2.000000 0.728125 0.510417 2.000000 0.000000 0.000000 0.000000 0.743750 0.514583 2.000000 0.000000 0.000000 0.000000 0.760938 0.541667 2.000000 0.729688 0.539583 2.000000 0.770312 0.572917 2.000000 0.720313 0.566667 2.000000 0.734375 0.570833 2.000000 0.721875 0.575000 2.000000 0.000000 0.000000 0.000000 0.000000 0.000000 0.000000 0.000000 0.000000 0.000000 0.000000 0.000000 0.000000 0.000000 0.000000 0.000000 0.000000 0.000000 0.000000
0 0.627750 0.893448 0.226688 0.213104 0.000000 0.000000 0.000000 0.000000 0.000000 0.000000 0.000000 0.000000 0.000000 0.560937 0.891667 2.000000 0.626563 0.881250 2.000000 0.535937 0.972917 2.000000 0.706250 0.975000 2.000000 0.000000 0.000000 0.000000 0.000000 0.000000 0.000000 0.000000 0.000000 0.000000 0.000000 0.000000 0.000000 0.000000 0.000000 0.000000 0.000000 0.000000 0.000000 0.000000 0.000000 0.000000 0.000000 0.000000 0.000000 0.000000 0.000000 0.000000 0.000000 0.000000 0.000000
0 0.761656 0.798708 0.240937 0.402583 0.750000 0.691667 2.000000 0.765625 0.677083 2.000000 0.746875 0.672917 2.000000 0.804688 0.681250 2.000000 0.000000 0.000000 0.000000 0.829688 0.783333 2.000000 0.753125 0.729167 2.000000 0.753125 0.889583 2.000000 0.715625 0.775000 2.000000 0.651563 0.870833 2.000000 0.642188 0.822917 1.000000 0.795312 0.947917 2.000000 0.754687 0.908333 2.000000 0.000000 0.000000 0.000000 0.000000 0.000000 0.000000 0.000000 0.000000 0.000000 0.000000 0.000000 0.000000
