0 0.533719 0.542792 0.218781 0.416667 0.000000 0.000000 0.000000 0.000000 0.000000 0.000000 0.000000 0.000000 0.000000 0.498437 0.380042 2.000000 0.532813 0.375796 2.000000 0.503125 0.439490 2.000000 0.553125 0.407643 2.000000 0.504687 0.496815 2.000000 0.525000 0.456476 2.000000 0.490625 0.443737 2.000000 0.496875 0.424628 2.000000 0.523438 0.541401 2.000000 0.565625 0.530786 2.000000 0.500000 0.617834 2.000000 0.603125 0.611465 2.000000 0.473438 0.723992 2.000000 0.609375 0.728238 2.000000
0 0.188344 0.438832 0.137531 0.430191 0.184375 0.273885 2.000000 0.189062 0.263270 2.000000 0.179688 0.263270 2.000000 0.195312 0.265393 2.000000 0.168750 0.261146 2.000000 0.212500 0.309979 2.000000 0.146875 0.309979 2.000000 0.223438 0.365180 2.000000 0.128125 0.363057 2.000000 0.240625 0.422505 2.000000 0.125000 0.424628 2.000000 0.206250 0.433121 2.000000 0.167187 0.441614 2.000000 0.195312 0.528662 2.000000 0.173437 0.526539 2.000000 0.192188 0.615711 2.000000 0.153125 0.619958 2.000000
0 0.673219 0.555361 0.210656 0.335308 0.726562 0.441614 2.000000 0.729688 0.430998 2.000000 0.000000 0.000000 0.000000 0.748437 0.430998 2.000000 0.000000 0.000000 0.000000 0.756250 0.464968 2.000000 0.737500 0.464968 2.000000 0.770312 0.526539 2.000000 0.000000 0.000000 0.000000 0.735938 0.547771 2.000000 0.000000 0.000000 0.000000 0.732812 0.562633 2.000000 0.715625 0.569002 2.000000 0.657813 0.583864 2.000000 0.648438 0.592357 2.000000 0.682813 0.681529 2.000000 0.606250 0.679406 1.000000
0 0.447813 0.500743 0.101469 0.216476 0.431250 0.426752 1.000000 0.434375 0.422505 1.000000 0.425000 0.422505 2.000000 0.000000 0.000000 0.000000 0.415625 0.420382 2.000000 0.448437 0.454352 1.000000 0.412500 0.460722 2.000000 0.471875 0.492569 2.000000 0.404687 0.496815 1.000000 0.000000 0.000000 0.000000 0.000000 0.000000 0.000000 0.456250 0.522293 2.000000 0.425000 0.524416 2.000000 0.473438 0.511677 2.000000 0.442188 0.526539 2.000000 0.501563 0.602972 1.000000 0.432812 0.611465 1.000000
0 0.100430 0.501369 0.048953 0.224437 0.000000 0.000000 0.000000 0.000000 0.000000 0.000000 0.000000 0.000000 0.000000 0.000000 0.000000 0.000000 0.000000 0.000000 0.000000 0.098437 0.450106 1.000000 0.115625 0.454352 2.000000 0.095312 0.477707 2.000000 0.000000 0.000000 0.000000 0.084375 0.462845 2.000000 0.000000 0.000000 0.000000 0.000000 0.000000 0.000000 0.112500 0.498938 2.000000 0.103125 0.554140 2.000000 0.109375 0.554140 2.000000 0.106250 0.594480 2.000000 0.114062 0.596603 2.000000
0 0.032320 0.489862 0.061328 0.243248 0.012500 0.407643 2.000000 0.017188 0.405520 2.000000 0.006250 0.405520 2.000000 0.000000 0.000000 0.000000 0.000000 0.000000 0.000000 0.032813 0.430998 2.000000 0.000000 0.000000 0.000000 0.054688 0.484076 2.000000 0.000000 0.000000 0.000000 0.051562 0.473461 2.000000 0.007812 0.475584 2.000000 0.031250 0.503185 2.000000 0.004687 0.511677 1.000000 0.048438 0.520170 2.000000 0.018750 0.530786 2.000000 0.046875 0.585987 2.000000 0.042188 0.588110 2.000000
0 0.479617 0.324586 0.066391 0.143864 0.000000 0.000000 0.000000 0.000000 0.000000 0.000000 0.000000 0.000000 0.000000 0.479687 0.267516 2.000000 0.000000 0.000000 0.000000 0.475000 0.288747 2.000000 0.500000 0.286624 2.000000 0.464062 0.318471 2.000000 0.507812 0.322718 2.000000 0.453125 0.337580 2.000000 0.507812 0.343949 2.000000 0.482812 0.350318 2.000000 0.501563 0.350318 2.000000 0.481250 0.401274 1.000000 0.493750 0.399151 1.000000 0.000000 0.000000 0.000000 0.000000 0.000000 0.000000
0 0.661125 0.502665 0.067437 0.205626 0.620313 0.416136 1.000000 0.625000 0.411890 1.000000 0.617188 0.411890 1.000000 0.631250 0.418259 2.000000 0.609375 0.420382 1.000000 0.642188 0.450106 2.000000 0.606250 0.452229 1.000000 0.000000 0.000000 0.000000 0.000000 0.000000 0.000000 0.000000 0.000000 0.000000 0.000000 0.000000 0.000000 0.645312 0.507431 2.000000 0.621875 0.511677 1.000000 0.654687 0.490446 2.000000 0.648438 0.543524 2.000000 0.682813 0.560510 2.000000 0.643750 0.609342 1.000000
0 0.607836 0.471221 0.044391 0.155690 0.618750 0.418259 2.000000 0.625000 0.409766 2.000000 0.614062 0.409766 2.000000 0.629687 0.418259 1.000000 0.607812 0.422505 1.000000 0.645312 0.452229 1.000000 0.604688 0.454352 2.000000 0.000000 0.000000 0.000000 0.000000 0.000000 0.000000 0.000000 0.000000 0.000000 0.000000 0.000000 0.000000 0.643750 0.522293 1.000000 0.614062 0.522293 2.000000 0.654687 0.524416 1.000000 0.651563 0.488323 1.000000 0.645312 0.596603 1.000000 0.000000 0.000000 0.000000
0 0.401422 0.571231 0.121812 0.222463 0.384375 0.498938 2.000000 0.389062 0.492569 2.000000 0.378125 0.494692 2.000000 0.395313 0.492569 2.000000 0.365625 0.490446 2.000000 0.409375 0.520170 1.000000 0.354687 0.530786 2.000000 0.423438 0.577495 2.000000 0.353125 0.588110 2.000000 0.409375 0.626327 2.000000 0.350000 0.651805 2.000000 0.400000 0.579618 2.000000 0.371875 0.583864 2.000000 0.443750 0.634820 2.000000 0.362500 0.649682 2.000000 0.000000 0.000000 0.000000 0.375000 0.636943 2.000000
