0 0.655320 0.578508 0.368891 0.812075 0.618750 0.333333 2.000000 0.626563 0.305361 2.000000 0.000000 0.000000 0.000000 0.689063 0.298368 2.000000 0.000000 0.000000 0.000000 0.693750 0.466200 2.000000 0.757812 0.391608 2.000000 0.648438 0.708625 2.000000 0.684375 0.592075 2.000000 0.543750 0.638695 2.000000 0.587500 0.601399 2.000000 0.714063 0.841492 2.000000 0.765625 0.773893 2.000000 0.000000 0.000000 0.000000 0.000000 0.000000 0.000000 0.000000 0.000000 0.000000 0.000000 0.000000 0.000000
0 0.507602 0.359277 0.169453 0.440699 0.509375 0.249417 2.000000 0.520312 0.228438 2.000000 0.492188 0.228438 2.000000 0.532813 0.244755 2.000000 0.478125 0.242424 2.000000 0.543750 0.347319 2.000000 0.448437 0.331002 2.000000 0.559375 0.466200 1.000000 0.425000 0.452214 1.000000 0.512500 0.559441 1.000000 0.446875 0.552448 1.000000 0.534375 0.564103 2.000000 0.456250 0.547786 1.000000 0.000000 0.000000 0.000000 0.000000 0.000000 0.000000 0.000000 0.000000 0.000000 0.000000 0.000000 0.000000
0 0.431562 0.687646 0.299750 0.602238 0.418750 0.526807 2.000000 0.000000 0.000000 0.000000 0.406250 0.503497 2.000000 0.481250 0.505828 2.000000 0.000000 0.000000 0.000000 0.521875 0.643357 2.000000 0.392188 0.627040 2.000000 0.553125 0.878788 2.000000 0.342187 0.785548 2.000000 0.414062 0.951049 2.000000 0.345313 0.916084 2.000000 0.485938 0.965035 2.000000 0.373437 0.937063 2.000000 0.000000 0.000000 0.000000 0.000000 0.000000 0.000000 0.000000 0.000000 0.000000 0.000000 0.000000 0.000000
0 0.207117 0.686515 0.236484 0.595501 0.214062 0.473193 2.000000 0.226562 0.461538 2.000000 0.200000 0.459207 2.000000 0.000000 0.000000 0.000000 0.167187 0.473193 2.000000 0.268750 0.561772 2.000000 0.128125 0.582751 2.000000 0.307812 0.685315 2.000000 0.118750 0.701632 2.000000 0.204687 0.713287 2.000000 0.226562 0.648019 2.000000 0.282813 0.811189 2.000000 0.176563 0.825175 2.000000 0.323437 0.953380 1.000000 0.187500 0.972028 2.000000 0.000000 0.000000 0.000000 0.000000 0.000000 0.000000
0 0.301266 0.471911 0.195813 0.651702 0.268750 0.219114 2.000000 0.278125 0.200466 2.000000 0.256250 0.209790 2.000000 0.300000 0.212121 2.000000 0.246875 0.226107 1.000000 0.331250 0.296037 2.000000 0.235937 0.303030 2.000000 0.381250 0.407925 2.000000 0.203125 0.412587 1.000000 0.000000 0.000000 0.000000 0.253125 0.337995 2.000000 0.331250 0.496503 2.000000 0.242188 0.505828 1.000000 0.000000 0.000000 0.000000 0.000000 0.000000 0.000000 0.000000 0.000000 0.000000 0.000000 0.000000 0.000000
0 0.148109 0.247040 0.127750 0.256597 0.087500 0.209790 1.000000 0.095312 0.193473 2.000000 0.000000 0.000000 0.000000 0.131250 0.200466 2.000000 0.000000 0.000000 0.000000 0.173437 0.263403 2.000000 0.084375 0.265734 1.000000 0.210938 0.363636 1.000000 0.000000 0.000000 0.000000 0.000000 0.000000 0.000000 0.000000 0.000000 0.000000 0.000000 0.000000 0.000000 0.000000 0.000000 0.000000 0.000000 0.000000 0.000000 0.000000 0.000000 0.000000 0.000000 0.000000 0.000000 0.000000 0.000000 0.000000
0 0.062328 0.498834 0.110031 0.260699 0.057813 0.431235 2.000000 0.067187 0.412587 2.000000 0.040625 0.419580 2.000000 0.000000 0.000000 0.000000 0.020313 0.442890 2.000000 0.000000 0.000000 0.000000 0.000000 0.000000 0.000000 0.000000 0.000000 0.000000 0.000000 0.000000 0.000000 0.000000 0.000000 0.000000 0.000000 0.000000 0.000000 0.000000 0.000000 0.000000 0.000000 0.000000 0.000000 0.000000 0.000000 0.000000 0.000000 0.000000 0.000000 0.000000 0.000000 0.000000 0.000000 0.000000 0.000000
0 0.922492 0.850245 0.155016 0.299510 0.851562 0.913753 2.000000 0.865625 0.890443 2.000000 0.000000 0.000000 0.000000 0.957812 0.941725 2.000000 0.000000 0.000000 0.000000 0.000000 0.000000 0.000000 0.000000 0.000000 0.000000 0.000000 0.000000 0.000000 0.000000 0.000000 0.000000 0.000000 0.000000 0.000000 0.000000 0.000000 0.000000 0.000000 0.000000 0.000000 0.000000 0.000000 0.000000 0.000000 0.000000 0.000000 0.000000 0.000000 0.000000 0.000000 0.000000 0.000000 0.000000 0.000000 0.000000
0 0.061055 0.695723 0.122109 0.608555 0.004687 0.498834 2.000000 0.010937 0.475524 2.000000 0.000000 0.000000 0.000000 0.000000 0.000000 0.000000 0.000000 0.000000 0.000000 0.065625 0.578089 2.000000 0.000000 0.000000 0.000000 0.085938 0.727273 2.000000 0.000000 0.000000 0.000000 0.068750 0.797203 2.000000 0.000000 0.000000 0.000000 0.031250 0.804196 2.000000 0.000000 0.000000 0.000000 0.076563 0.965035 2.000000 0.000000 0.000000 0.000000 0.000000 0.000000 0.000000 0.000000 0.000000 0.000000
0 0.086977 0.335793 0.173953 0.447436 0.048438 0.216783 2.000000 0.054688 0.198135 2.000000 0.034375 0.207459 2.000000 0.071875 0.209790 2.000000 0.025000 0.223776 2.000000 0.117188 0.298368 2.000000 0.007812 0.319347 2.000000 0.000000 0.000000 0.000000 0.000000 0.000000 0.000000 0.000000 0.000000 0.000000 0.000000 0.000000 0.000000 0.114062 0.498834 2.000000 0.045312 0.510490 1.000000 0.000000 0.000000 0.000000 0.000000 0.000000 0.000000 0.000000 0.000000 0.000000 0.000000 0.000000 0.000000
0 0.903617 0.429872 0.167141 0.698718 0.878125 0.184149 2.000000 0.878125 0.165501 2.000000 0.000000 0.000000 0.000000 0.903125 0.151515 2.000000 0.000000 0.000000 0.000000 0.937500 0.216783 2.000000 0.909375 0.226107 2.000000 0.865625 0.351981 2.000000 0.000000 0.000000 0.000000 0.840625 0.296037 2.000000 0.859375 0.298368 2.000000 0.901563 0.487179 2.000000 0.873437 0.487179 2.000000 0.882812 0.701632 2.000000 0.864062 0.666667 2.000000 0.000000 0.000000 0.000000 0.000000 0.000000 0.000000
