0 0.569562 0.896250 0.138250 0.184276 0.601562 0.866822 2.000000 0.000000 0.000000 0.000000 0.593750 0.850467 2.000000 0.000000 0.000000 0.000000 0.568750 0.859813 2.000000 0.606250 0.929907 2.000000 0.528125 0.934579 2.000000 0.000000 0.000000 0.000000 0.000000 0.000000 0.000000 0.000000 0.000000 0.000000 0.000000 0.000000 0.000000 0.000000 0.000000 0.000000 0.000000 0.000000 0.000000 0.000000 0.000000 0.000000 0.000000 0.000000 0.000000 0.000000 0.000000 0.000000 0.000000 0.000000 0.000000
0 0.235344 0.897850 0.145750 0.204299 0.221875 0.848131 2.000000 0.229687 0.838785 2.000000 0.218750 0.838785 2.000000 0.254688 0.845794 2.000000 0.000000 0.000000 0.000000 0.287500 0.915888 2.000000 0.198437 0.920561 2.000000 0.000000 0.000000 0.000000 0.000000 0.000000 0.000000 0.000000 0.000000 0.000000 0.000000 0.000000 0.000000 0.000000 0.000000 0.000000 0.000000 0.000000 0.000000 0.000000 0.000000 0.000000 0.000000 0.000000 0.000000 0.000000 0.000000 0.000000 0.000000 0.000000 0.000000
0 0.109109 0.898633 0.134344 0.202734 0.107813 0.855140 2.000000 0.117188 0.843458 2.000000 0.103125 0.843458 2.000000 0.134375 0.845794 2.000000 0.000000 0.000000 0.000000 0.153125 0.901869 2.000000 0.081250 0.894860 2.000000 0.162500 0.992991 2.000000 0.060937 0.967290 2.000000 0.000000 0.000000 0.000000 0.000000 0.000000 0.000000 0.000000 0.000000 0.000000 0.000000 0.000000 0.000000 0.000000 0.000000 0.000000 0.000000 0.000000 0.000000 0.000000 0.000000 0.000000 0.000000 0.000000 0.000000
0 0.853789 0.901285 0.077672 0.196822 0.000000 0.000000 0.000000 0.000000 0.000000 0.000000 0.000000 0.000000 0.000000 0.835938 0.836449 2.000000 0.857812 0.834112 2.000000 0.834375 0.885514 2.000000 0.875000 0.880841 2.000000 0.829688 0.948598 2.000000 0.000000 0.000000 0.000000 0.000000 0.000000 0.000000 0.828125 0.892523 2.000000 0.000000 0.000000 0.000000 0.882812 0.990654 2.000000 0.000000 0.000000 0.000000 0.000000 0.000000 0.000000 0.000000 0.000000 0.000000 0.000000 0.000000 0.000000
0 0.729875 0.898703 0.130656 0.201659 0.720313 0.869159 2.000000 0.725000 0.848131 2.000000 0.706250 0.857477 2.000000 0.740625 0.848131 2.000000 0.696875 0.859813 2.000000 0.770312 0.911215 2.000000 0.671875 0.943925 2.000000 0.000000 0.000000 0.000000 0.000000 0.000000 0.000000 0.000000 0.000000 0.000000 0.000000 0.000000 0.000000 0.000000 0.000000 0.000000 0.000000 0.000000 0.000000 0.000000 0.000000 0.000000 0.000000 0.000000 0.000000 0.000000 0.000000 0.000000 0.000000 0.000000 0.000000
0 0.317883 0.879077 0.051891 0.163388 0.000000 0.000000 0.000000 0.000000 0.000000 0.000000 0.000000 0.000000 0.000000 0.000000 0.000000 0.000000 0.320312 0.810748 2.000000 0.303125 0.829439 2.000000 0.320312 0.829439 2.000000 0.000000 0.000000 0.000000 0.323437 0.852804 2.000000 0.000000 0.000000 0.000000 0.328125 0.873832 2.000000 0.306250 0.876168 2.000000 0.317188 0.876168 2.000000 0.303125 0.911215 2.000000 0.321875 0.915888 2.000000 0.298438 0.941589 1.000000 0.329688 0.943925 2.000000
0 0.374180 0.883914 0.049734 0.184836 0.368750 0.808411 2.000000 0.373437 0.803738 2.000000 0.367188 0.803738 2.000000 0.376563 0.808411 2.000000 0.364063 0.808411 1.000000 0.381250 0.822430 2.000000 0.357812 0.824766 2.000000 0.393750 0.845794 2.000000 0.353125 0.852804 2.000000 0.385937 0.869159 2.000000 0.353125 0.864486 2.000000 0.373437 0.878505 2.000000 0.362500 0.880841 2.000000 0.373437 0.920561 2.000000 0.364063 0.920561 2.000000 0.375000 0.953271 2.000000 0.367188 0.953271 2.000000
0 0.447641 0.887523 0.044688 0.197897 0.446875 0.810748 2.000000 0.448437 0.806075 2.000000 0.445312 0.806075 2.000000 0.451562 0.810748 2.000000 0.439063 0.810748 2.000000 0.459375 0.834112 2.000000 0.434375 0.831776 2.000000 0.464062 0.857477 2.000000 0.429688 0.855140 2.000000 0.464062 0.887850 2.000000 0.428125 0.880841 2.000000 0.451562 0.883178 2.000000 0.434375 0.885514 2.000000 0.450000 0.922897 2.000000 0.434375 0.925234 2.000000 0.448437 0.962617 2.000000 0.435937 0.962617 2.000000
0 0.890352 0.897021 0.064484 0.205958 0.884375 0.822430 2.000000 0.000000 0.000000 0.000000 0.876563 0.817757 2.000000 0.884375 0.813084 2.000000 0.864062 0.827103 2.000000 0.892188 0.866822 2.000000 0.860938 0.869159 1.000000 0.907813 0.918224 2.000000 0.860938 0.936916 1.000000 0.910937 0.941589 2.000000 0.889062 0.950935 2.000000 0.895312 0.960280 2.000000 0.864062 0.960280 1.000000 0.000000 0.000000 0.000000 0.000000 0.000000 0.000000 0.000000 0.000000 0.000000 0.000000 0.000000 0.000000
0 0.913211 0.878715 0.039672 0.217944 0.901563 0.792056 2.000000 0.904687 0.789720 2.000000 0.900000 0.789720 2.000000 0.910937 0.792056 2.000000 0.000000 0.000000 0.000000 0.918750 0.813084 2.000000 0.898438 0.815421 2.000000 0.923438 0.843458 2.000000 0.898438 0.843458 2.000000 0.925000 0.871495 2.000000 0.898438 0.869159 1.000000 0.920312 0.873832 2.000000 0.906250 0.876168 1.000000 0.921875 0.913551 2.000000 0.903125 0.915888 1.000000 0.925000 0.964953 2.000000 0.000000 0.000000 0.000000
