0 0.210609 0.465552 0.176687 0.680587 0.268750 0.241784 2.000000 0.281250 0.220657 2.000000 0.259375 0.208920 2.000000 0.000000 0.000000 0.000000 0.215625 0.206573 2.000000 0.267188 0.387324 2.000000 0.159375 0.380282 2.000000 0.000000 0.000000 0.000000 0.192188 0.600939 2.000000 0.000000 0.000000 0.000000 0.275000 0.676056 1.000000 0.000000 0.000000 0.000000 0.146875 0.725352 2.000000 0.000000 0.000000 0.000000 0.000000 0.000000 0.000000 0.000000 0.000000 0.000000 0.000000 0.000000 0.000000
0 0.430781 0.571901 0.475656 0.698873 0.000000 0.000000 0.000000 0.000000 0.000000 0.000000 0.000000 0.000000 0.000000 0.000000 0.000000 0.000000 0.393750 0.354460 2.000000 0.270313 0.434272 2.000000 0.387500 0.467136 2.000000 0.226562 0.631455 2.000000 0.398438 0.676056 2.000000 0.212500 0.821596 2.000000 0.423438 0.877934 2.000000 0.296875 0.805164 2.000000 0.412500 0.830986 2.000000 0.000000 0.000000 0.000000 0.579688 0.619718 2.000000 0.000000 0.000000 0.000000 0.740625 0.915493 1.000000
0 0.532500 0.479777 0.173500 0.352793 0.609375 0.436620 2.000000 0.000000 0.000000 0.000000 0.596875 0.410798 2.000000 0.000000 0.000000 0.000000 0.554688 0.417840 2.000000 0.531250 0.490610 2.000000 0.535937 0.492958 2.000000 0.000000 0.000000 0.000000 0.554688 0.711268 1.000000 0.000000 0.000000 0.000000 0.000000 0.000000 0.000000 0.453125 0.697183 1.000000 0.453125 0.711268 1.000000 0.000000 0.000000 0.000000 0.000000 0.000000 0.000000 0.000000 0.000000 0.000000 0.000000 0.000000 0.000000
0 0.762758 0.528967 0.239828 0.487089 0.000000 0.000000 0.000000 0.000000 0.000000 0.000000 0.000000 0.000000 0.000000 0.000000 0.000000 0.000000 0.718750 0.434272 2.000000 0.000000 0.000000 0.000000 0.684375 0.542254 1.000000 0.000000 0.000000 0.000000 0.775000 0.708920 2.000000 0.000000 0.000000 0.000000 0.759375 0.544601 2.000000 0.000000 0.000000 0.000000 0.735938 0.779343 1.000000 0.000000 0.000000 0.000000 0.853125 0.713615 2.000000 0.000000 0.000000 0.000000 0.000000 0.000000 0.000000
0 0.796461 0.657829 0.402297 0.318521 0.692187 0.607981 2.000000 0.000000 0.000000 0.000000 0.000000 0.000000 0.000000 0.000000 0.000000 0.000000 0.664062 0.617371 2.000000 0.000000 0.000000 0.000000 0.670312 0.748826 1.000000 0.000000 0.000000 0.000000 0.000000 0.000000 0.000000 0.000000 0.000000 0.000000 0.000000 0.000000 0.000000 0.846875 0.781690 2.000000 0.865625 0.814554 1.000000 0.968750 0.610329 2.000000 0.993750 0.622066 2.000000 0.000000 0.000000 0.000000 0.000000 0.000000 0.000000
0 0.808687 0.172336 0.045281 0.256174 0.000000 0.000000 0.000000 0.000000 0.000000 0.000000 0.000000 0.000000 0.000000 0.000000 0.000000 0.000000 0.000000 0.000000 0.000000 0.803125 0.098592 2.000000 0.817187 0.093897 2.000000 0.795312 0.136150 2.000000 0.828125 0.122066 2.000000 0.000000 0.000000 0.000000 0.000000 0.000000 0.000000 0.806250 0.161972 2.000000 0.817187 0.154930 2.000000 0.798438 0.215962 2.000000 0.818750 0.206573 2.000000 0.807813 0.265258 2.000000 0.815625 0.267606 2.000000
0 0.134625 0.398885 0.131625 0.343826 0.000000 0.000000 0.000000 0.000000 0.000000 0.000000 0.000000 0.000000 0.000000 0.000000 0.000000 0.000000 0.162500 0.309859 2.000000 0.000000 0.000000 0.000000 0.123438 0.366197 2.000000 0.000000 0.000000 0.000000 0.129688 0.448357 1.000000 0.000000 0.000000 0.000000 0.000000 0.000000 0.000000 0.000000 0.000000 0.000000 0.000000 0.000000 0.000000 0.000000 0.000000 0.000000 0.000000 0.000000 0.000000 0.000000 0.000000 0.000000 0.000000 0.000000 0.000000
0 0.051672 0.276408 0.103344 0.251362 0.076563 0.213615 2.000000 0.000000 0.000000 0.000000 0.073438 0.206573 2.000000 0.000000 0.000000 0.000000 0.054688 0.199531 2.000000 0.000000 0.000000 0.000000 0.025000 0.232394 2.000000 0.000000 0.000000 0.000000 0.059375 0.265258 2.000000 0.000000 0.000000 0.000000 0.087500 0.274648 2.000000 0.000000 0.000000 0.000000 0.017188 0.387324 2.000000 0.000000 0.000000 0.000000 0.062500 0.279343 2.000000 0.000000 0.000000 0.000000 0.079687 0.403756 1.000000
0 0.841617 0.542031 0.144547 0.279742 0.870313 0.546948 2.000000 0.000000 0.000000 0.000000 0.876563 0.530516 2.000000 0.000000 0.000000 0.000000 0.848437 0.490610 2.000000 0.781250 0.528169 2.000000 0.784375 0.535211 2.000000 0.000000 0.000000 0.000000 0.812500 0.699531 1.000000 0.000000 0.000000 0.000000 0.000000 0.000000 0.000000 0.731250 0.769953 1.000000 0.740625 0.774648 1.000000 0.000000 0.000000 0.000000 0.000000 0.000000 0.000000 0.000000 0.000000 0.000000 0.000000 0.000000 0.000000
0 0.610078 0.465047 0.097156 0.267418 0.000000 0.000000 0.000000 0.000000 0.000000 0.000000 0.000000 0.000000 0.000000 0.000000 0.000000 0.000000 0.632812 0.413146 2.000000 0.000000 0.000000 0.000000 0.604688 0.507042 2.000000 0.000000 0.000000 0.000000 0.000000 0.000000 0.000000 0.000000 0.000000 0.000000 0.000000 0.000000 0.000000 0.000000 0.000000 0.000000 0.000000 0.000000 0.000000 0.000000 0.000000 0.000000 0.000000 0.000000 0.000000 0.000000 0.000000 0.000000 0.000000 0.000000 0.000000
0 0.441234 0.409413 0.072969 0.188404 0.000000 0.000000 0.000000 0.000000 0.000000 0.000000 0.000000 0.000000 0.000000 0.000000 0.000000 0.000000 0.451562 0.429577 2.000000 0.000000 0.000000 0.000000 0.421875 0.504695 1.000000 0.000000 0.000000 0.000000 0.000000 0.000000 0.000000 0.000000 0.000000 0.000000 0.000000 0.000000 0.000000 0.000000 0.000000 0.000000 0.000000 0.000000 0.000000 0.000000 0.000000 0.000000 0.000000 0.000000 0.000000 0.000000 0.000000 0.000000 0.000000 0.000000 0.000000
