0 0.956461 0.551206 0.087078 0.341710 0.985938 0.433255 2.000000 0.990625 0.421546 2.000000 0.978125 0.423888 2.000000 0.998437 0.426230 2.000000 0.968750 0.428571 2.000000 0.000000 0.000000 0.000000 0.940625 0.482436 2.000000 0.000000 0.000000 0.000000 0.920312 0.529274 2.000000 0.000000 0.000000 0.000000 0.940625 0.592506 1.000000 0.000000 0.000000 0.000000 0.962500 0.604215 2.000000 0.000000 0.000000 0.000000 0.965625 0.723653 1.000000 0.000000 0.000000 0.000000 0.971875 0.850117 1.000000
0 0.894852 0.733864 0.134234 0.326932 0.914062 0.618267 2.000000 0.915625 0.608899 2.000000 0.906250 0.608899 2.000000 0.000000 0.000000 0.000000 0.893750 0.615925 2.000000 0.923438 0.655738 2.000000 0.878125 0.648712 2.000000 0.934375 0.725995 2.000000 0.868750 0.721311 2.000000 0.925000 0.751756 2.000000 0.914062 0.747073 2.000000 0.896875 0.728337 2.000000 0.850000 0.716628 2.000000 0.929688 0.754098 2.000000 0.871875 0.747073 2.000000 0.934375 0.866511 2.000000 0.865625 0.866511 2.000000
0 0.867633 0.525316 0.094203 0.295691 0.873437 0.423888 2.000000 0.876563 0.412178 2.000000 0.867188 0.412178 2.000000 0.000000 0.000000 0.000000 0.856250 0.416862 2.000000 0.896875 0.466042 2.000000 0.843750 0.468384 2.000000 0.904687 0.545667 2.000000 0.828125 0.536300 2.000000 0.896875 0.533958 2.000000 0.868750 0.529274 2.000000 0.893750 0.590164 1.000000 0.853125 0.594848 2.000000 0.000000 0.000000 0.000000 0.853125 0.676815 1.000000 0.000000 0.000000 0.000000 0.000000 0.000000 0.000000
0 0.694117 0.573993 0.341078 0.721991 0.682813 0.290398 2.000000 0.000000 0.000000 0.000000 0.671875 0.285714 2.000000 0.000000 0.000000 0.000000 0.643750 0.311475 2.000000 0.604688 0.332553 2.000000 0.670312 0.346604 2.000000 0.671875 0.367681 2.000000 0.746875 0.309133 2.000000 0.735938 0.332553 2.000000 0.764062 0.259953 2.000000 0.704688 0.531616 2.000000 0.675000 0.548009 2.000000 0.787500 0.662763 2.000000 0.656250 0.763466 2.000000 0.804688 0.850117 2.000000 0.559375 0.831382 2.000000
0 0.526563 0.672939 0.155656 0.266112 0.498437 0.592506 2.000000 0.504687 0.583138 2.000000 0.492188 0.583138 2.000000 0.509375 0.590164 2.000000 0.479687 0.594848 2.000000 0.531250 0.629977 2.000000 0.464062 0.641686 2.000000 0.546875 0.674473 2.000000 0.485938 0.704918 2.000000 0.510938 0.674473 2.000000 0.521875 0.690867 2.000000 0.534375 0.718970 2.000000 0.495312 0.723653 2.000000 0.584375 0.744731 2.000000 0.495312 0.758782 2.000000 0.579688 0.857143 1.000000 0.509375 0.859485 1.000000
0 0.321570 0.700445 0.258453 0.443700 0.375000 0.559719 2.000000 0.000000 0.000000 0.000000 0.367188 0.545667 2.000000 0.000000 0.000000 0.000000 0.331250 0.550351 2.000000 0.351562 0.615925 2.000000 0.279687 0.629977 2.000000 0.421875 0.686183 2.000000 0.220312 0.693208 2.000000 0.484375 0.683841 1.000000 0.215625 0.807963 2.000000 0.306250 0.777518 2.000000 0.240625 0.798595 2.000000 0.398438 0.779859 2.000000 0.339062 0.756440 2.000000 0.295312 0.887588 2.000000 0.240625 0.892272 2.000000
0 0.119195 0.683899 0.229391 0.478665 0.215625 0.512881 2.000000 0.000000 0.000000 0.000000 0.207813 0.503513 2.000000 0.000000 0.000000 0.000000 0.178125 0.508197 2.000000 0.179688 0.564403 2.000000 0.156250 0.548009 2.000000 0.000000 0.000000 0.000000 0.070312 0.587822 2.000000 0.109375 0.667447 2.000000 0.078125 0.679157 2.000000 0.062500 0.683841 2.000000 0.032813 0.676815 2.000000 0.131250 0.737705 2.000000 0.090625 0.737705 2.000000 0.103125 0.878220 2.000000 0.042188 0.887588 2.000000
0 0.468500 0.515164 0.076781 0.206534 0.465625 0.454333 2.000000 0.471875 0.444965 2.000000 0.459375 0.444965 2.000000 0.478125 0.449649 2.000000 0.453125 0.449649 2.000000 0.487500 0.503513 2.000000 0.440625 0.498829 2.000000 0.492188 0.564403 1.000000 0.443750 0.573770 1.000000 0.000000 0.000000 0.000000 0.000000 0.000000 0.000000 0.000000 0.000000 0.000000 0.000000 0.000000 0.000000 0.000000 0.000000 0.000000 0.000000 0.000000 0.000000 0.000000 0.000000 0.000000 0.000000 0.000000 0.000000
0 0.957273 0.708806 0.085453 0.353958 0.940625 0.578454 2.000000 0.945312 0.569087 2.000000 0.934375 0.571429 2.000000 0.951562 0.571429 1.000000 0.921875 0.576112 2.000000 0.957812 0.632319 1.000000 0.910937 0.632319 1.000000 0.964063 0.702576 2.000000 0.915625 0.716628 1.000000 0.965625 0.725995 2.000000 0.950000 0.723653 2.000000 0.954688 0.735363 2.000000 0.917188 0.735363 1.000000 0.000000 0.000000 0.000000 0.953125 0.754098 1.000000 0.979688 0.854801 2.000000 0.948438 0.864169 1.000000
0 0.782648 0.724403 0.118297 0.328525 0.795312 0.608899 2.000000 0.801562 0.597190 2.000000 0.787500 0.599532 2.000000 0.000000 0.000000 0.000000 0.776563 0.604215 1.000000 0.812500 0.644028 2.000000 0.764062 0.641686 1.000000 0.825000 0.718970 2.000000 0.756250 0.718970 2.000000 0.825000 0.749415 2.000000 0.800000 0.747073 1.000000 0.792188 0.725995 1.000000 0.753125 0.723653 2.000000 0.829688 0.751756 2.000000 0.759375 0.749415 2.000000 0.817187 0.866511 1.000000 0.750000 0.871194 2.000000
0 0.029367 0.520059 0.058734 0.287096 0.021875 0.419204 2.000000 0.025000 0.407494 2.000000 0.014063 0.407494 2.000000 0.032813 0.416862 2.000000 0.001563 0.414520 2.000000 0.039062 0.473068 2.000000 0.000000 0.000000 0.000000 0.040625 0.552693 2.000000 0.000000 0.000000 0.000000 0.029687 0.517564 2.000000 0.007812 0.548009 2.000000 0.015625 0.608899 2.000000 0.000000 0.000000 0.000000 0.000000 0.000000 0.000000 0.000000 0.000000 0.000000 0.000000 0.000000 0.000000 0.000000 0.000000 0.000000
0 0.612563 0.506733 0.067312 0.347190 0.000000 0.000000 0.000000 0.000000 0.000000 0.000000 0.000000 0.000000 0.000000 0.000000 0.000000 0.000000 0.000000 0.000000 0.000000 0.654687 0.456674 1.000000 0.614062 0.454333 1.000000 0.000000 0.000000 0.000000 0.584375 0.416862 2.000000 0.000000 0.000000 0.000000 0.576562 0.358314 1.000000 0.659375 0.587822 1.000000 0.623437 0.578454 2.000000 0.656250 0.686183 1.000000 0.628125 0.686183 1.000000 0.000000 0.000000 0.000000 0.000000 0.000000 0.000000
