0 0.475484 0.598506 0.150844 0.607271 0.532813 0.432941 2.000000 0.537500 0.428235 2.000000 0.525000 0.421176 2.000000 0.000000 0.000000 0.000000 0.509375 0.430588 2.000000 0.531250 0.503529 2.000000 0.492188 0.428235 2.000000 0.528125 0.600000 2.000000 0.485938 0.381176 2.000000 0.512500 0.562353 2.000000 0.495312 0.338824 2.000000 0.473438 0.604706 2.000000 0.426563 0.571765 2.000000 0.468750 0.734118 2.000000 0.410938 0.705882 2.000000 0.470313 0.832941 2.000000 0.421875 0.811765 2.000000
0 0.766102 0.069824 0.065453 0.136635 0.764062 0.025882 2.000000 0.767188 0.016471 2.000000 0.757812 0.018824 2.000000 0.775000 0.016471 2.000000 0.748437 0.018824 2.000000 0.792188 0.058824 2.000000 0.742188 0.056471 2.000000 0.792188 0.108235 2.000000 0.739062 0.112941 2.000000 0.000000 0.000000 0.000000 0.000000 0.000000 0.000000 0.000000 0.000000 0.000000 0.000000 0.000000 0.000000 0.000000 0.000000 0.000000 0.000000 0.000000 0.000000 0.000000 0.000000 0.000000 0.000000 0.000000 0.000000
0 0.830422 0.076376 0.070156 0.123812 0.826562 0.054118 2.000000 0.831250 0.044706 2.000000 0.818750 0.047059 2.000000 0.837500 0.047059 2.000000 0.812500 0.047059 1.000000 0.850000 0.072941 2.000000 0.803125 0.068235 2.000000 0.851562 0.134118 2.000000 0.801562 0.127059 2.000000 0.000000 0.000000 0.000000 0.000000 0.000000 0.000000 0.840625 0.150588 1.000000 0.814063 0.150588 1.000000 0.000000 0.000000 0.000000 0.000000 0.000000 0.000000 0.000000 0.000000 0.000000 0.000000 0.000000 0.000000
0 0.313773 0.077000 0.076422 0.139459 0.304688 0.051765 2.000000 0.309375 0.042353 2.000000 0.301563 0.042353 2.000000 0.317188 0.044706 2.000000 0.292187 0.049412 2.000000 0.337500 0.082353 2.000000 0.285938 0.089412 2.000000 0.000000 0.000000 0.000000 0.000000 0.000000 0.000000 0.000000 0.000000 0.000000 0.000000 0.000000 0.000000 0.000000 0.000000 0.000000 0.000000 0.000000 0.000000 0.000000 0.000000 0.000000 0.000000 0.000000 0.000000 0.000000 0.000000 0.000000 0.000000 0.000000 0.000000
0 0.973992 0.073306 0.052016 0.146612 0.987500 0.032941 2.000000 0.990625 0.025882 2.000000 0.982812 0.028235 2.000000 0.995313 0.025882 2.000000 0.971875 0.028235 2.000000 0.000000 0.000000 0.000000 0.959375 0.065882 2.000000 0.000000 0.000000 0.000000 0.956250 0.134118 2.000000 0.000000 0.000000 0.000000 0.000000 0.000000 0.000000 0.996875 0.145882 2.000000 0.967187 0.143529 2.000000 0.000000 0.000000 0.000000 0.000000 0.000000 0.000000 0.000000 0.000000 0.000000 0.000000 0.000000 0.000000
0 0.394047 0.065871 0.092563 0.131741 0.403125 0.023529 2.000000 0.406250 0.011765 2.000000 0.396875 0.011765 2.000000 0.414062 0.016471 2.000000 0.387500 0.014118 2.000000 0.426563 0.054118 2.000000 0.368750 0.049412 2.000000 0.431250 0.122353 1.000000 0.354687 0.108235 2.000000 0.400000 0.127059 1.000000 0.375000 0.124706 2.000000 0.000000 0.000000 0.000000 0.000000 0.000000 0.000000 0.000000 0.000000 0.000000 0.000000 0.000000 0.000000 0.000000 0.000000 0.000000 0.000000 0.000000 0.000000
0 0.232930 0.092659 0.073984 0.151671 0.232813 0.054118 2.000000 0.239063 0.049412 2.000000 0.228125 0.049412 2.000000 0.242188 0.044706 2.000000 0.217188 0.051765 2.000000 0.256250 0.082353 2.000000 0.206250 0.087059 2.000000 0.262500 0.141176 2.000000 0.204687 0.145882 1.000000 0.000000 0.000000 0.000000 0.000000 0.000000 0.000000 0.000000 0.000000 0.000000 0.000000 0.000000 0.000000 0.000000 0.000000 0.000000 0.000000 0.000000 0.000000 0.000000 0.000000 0.000000 0.000000 0.000000 0.000000
0 0.917008 0.075282 0.070141 0.146047 0.920312 0.044706 2.000000 0.926562 0.035294 2.000000 0.912500 0.037647 2.000000 0.000000 0.000000 0.000000 0.906250 0.044706 2.000000 0.935937 0.077647 2.000000 0.892188 0.075294 2.000000 0.931250 0.136471 2.000000 0.884375 0.124706 2.000000 0.903125 0.138824 2.000000 0.912500 0.124706 2.000000 0.000000 0.000000 0.000000 0.000000 0.000000 0.000000 0.000000 0.000000 0.000000 0.000000 0.000000 0.000000 0.000000 0.000000 0.000000 0.000000 0.000000 0.000000
0 0.678070 0.073141 0.082391 0.122753 0.670312 0.058824 2.000000 0.675000 0.049412 2.000000 0.664062 0.051765 2.000000 0.682813 0.051765 2.000000 0.659375 0.051765 2.000000 0.693750 0.075294 2.000000 0.654687 0.072941 2.000000 0.696875 0.134118 2.000000 0.646875 0.134118 1.000000 0.000000 0.000000 0.000000 0.000000 0.000000 0.000000 0.695312 0.145882 1.000000 0.667188 0.145882 1.000000 0.000000 0.000000 0.000000 0.000000 0.000000 0.000000 0.000000 0.000000 0.000000 0.000000 0.000000 0.000000
0 0.159891 0.066082 0.080437 0.132165 0.159375 0.018824 2.000000 0.165625 0.011765 2.000000 0.154688 0.011765 2.000000 0.170313 0.009412 2.000000 0.145313 0.011765 2.000000 0.181250 0.040000 2.000000 0.132812 0.042353 2.000000 0.195312 0.096471 2.000000 0.131250 0.108235 1.000000 0.178125 0.127059 1.000000 0.000000 0.000000 0.000000 0.175000 0.098824 2.000000 0.146875 0.105882 2.000000 0.187500 0.124706 2.000000 0.000000 0.000000 0.000000 0.000000 0.000000 0.000000 0.000000 0.000000 0.000000
0 0.590281 0.087424 0.079719 0.141106 0.596875 0.056471 2.000000 0.600000 0.047059 2.000000 0.590625 0.051765 2.000000 0.606250 0.047059 2.000000 0.581250 0.054118 2.000000 0.614062 0.063529 2.000000 0.575000 0.068235 2.000000 0.618750 0.112941 2.000000 0.559375 0.117647 2.000000 0.584375 0.131765 2.000000 0.573438 0.122353 2.000000 0.000000 0.000000 0.000000 0.000000 0.000000 0.000000 0.000000 0.000000 0.000000 0.000000 0.000000 0.000000 0.000000 0.000000 0.000000 0.000000 0.000000 0.000000
