0 0.516453 0.666740 0.074750 0.296979 0.000000 0.000000 0.000000 0.000000 0.000000 0.000000 0.000000 0.000000 0.000000 0.509375 0.541667 2.000000 0.000000 0.000000 0.000000 0.492188 0.568750 2.000000 0.535937 0.575000 2.000000 0.000000 0.000000 0.000000 0.543750 0.635417 2.000000 0.000000 0.000000 0.000000 0.539062 0.664583 1.000000 0.498437 0.670833 1.000000 0.520312 0.672917 2.000000 0.493750 0.727083 2.000000 0.525000 0.727083 2.000000 0.489063 0.791667 2.000000 0.526563 0.795833 2.000000
0 0.419820 0.667135 0.069297 0.286479 0.000000 0.000000 0.000000 0.000000 0.000000 0.000000 0.000000 0.000000 0.000000 0.000000 0.000000 0.000000 0.425000 0.547917 2.000000 0.400000 0.585417 2.000000 0.428125 0.583333 2.000000 0.387500 0.631250 1.000000 0.434375 0.631250 2.000000 0.000000 0.000000 0.000000 0.440625 0.677083 2.000000 0.401562 0.656250 2.000000 0.423438 0.656250 2.000000 0.395313 0.722917 2.000000 0.421875 0.727083 2.000000 0.389062 0.789583 2.000000 0.429688 0.793750 2.000000
0 0.296250 0.656885 0.060375 0.234229 0.000000 0.000000 0.000000 0.000000 0.000000 0.000000 0.000000 0.000000 0.000000 0.000000 0.000000 0.000000 0.000000 0.000000 0.000000 0.271875 0.595833 2.000000 0.303125 0.595833 2.000000 0.270313 0.629167 2.000000 0.307812 0.625000 2.000000 0.000000 0.000000 0.000000 0.000000 0.000000 0.000000 0.273438 0.654167 2.000000 0.296875 0.654167 2.000000 0.276562 0.704167 2.000000 0.303125 0.704167 2.000000 0.282813 0.758333 2.000000 0.312500 0.754167 2.000000
0 0.845367 0.672813 0.060516 0.290208 0.826562 0.556250 1.000000 0.828125 0.550000 2.000000 0.000000 0.000000 0.000000 0.835938 0.552083 2.000000 0.000000 0.000000 0.000000 0.837500 0.583333 2.000000 0.856250 0.583333 2.000000 0.825000 0.614583 2.000000 0.857812 0.610417 2.000000 0.000000 0.000000 0.000000 0.000000 0.000000 0.000000 0.834375 0.660417 2.000000 0.851562 0.660417 2.000000 0.835938 0.745833 2.000000 0.854688 0.745833 2.000000 0.837500 0.795833 2.000000 0.854688 0.800000 2.000000
0 0.789813 0.670740 0.047688 0.284896 0.000000 0.000000 0.000000 0.000000 0.000000 0.000000 0.000000 0.000000 0.000000 0.000000 0.000000 0.000000 0.000000 0.000000 0.000000 0.767188 0.579167 2.000000 0.800000 0.575000 2.000000 0.759375 0.625000 1.000000 0.807813 0.612500 2.000000 0.000000 0.000000 0.000000 0.000000 0.000000 0.000000 0.778125 0.643750 2.000000 0.800000 0.643750 2.000000 0.779687 0.731250 2.000000 0.796875 0.727083 2.000000 0.778125 0.802083 2.000000 0.795312 0.795833 2.000000
0 0.466547 0.640458 0.047344 0.220917 0.476562 0.556250 2.000000 0.476562 0.550000 2.000000 0.470313 0.550000 2.000000 0.000000 0.000000 0.000000 0.460938 0.556250 2.000000 0.487500 0.583333 1.000000 0.451562 0.583333 2.000000 0.000000 0.000000 0.000000 0.445312 0.631250 2.000000 0.000000 0.000000 0.000000 0.442188 0.670833 1.000000 0.487500 0.654167 1.000000 0.465625 0.652083 2.000000 0.484375 0.718750 1.000000 0.465625 0.714583 2.000000 0.479687 0.762500 1.000000 0.465625 0.762500 1.000000
0 0.384641 0.645115 0.042750 0.192062 0.000000 0.000000 0.000000 0.000000 0.000000 0.000000 0.000000 0.000000 0.000000 0.375000 0.568750 2.000000 0.000000 0.000000 0.000000 0.378125 0.587500 2.000000 0.396875 0.585417 1.000000 0.375000 0.620833 2.000000 0.000000 0.000000 0.000000 0.365625 0.625000 2.000000 0.000000 0.000000 0.000000 0.379688 0.656250 2.000000 0.395313 0.654167 1.000000 0.382812 0.695833 2.000000 0.000000 0.000000 0.000000 0.385937 0.750000 1.000000 0.000000 0.000000 0.000000
0 0.097969 0.627250 0.057437 0.243250 0.114062 0.537500 2.000000 0.000000 0.000000 0.000000 0.112500 0.531250 2.000000 0.000000 0.000000 0.000000 0.107813 0.533333 2.000000 0.082812 0.562500 2.000000 0.109375 0.566667 2.000000 0.078125 0.583333 2.000000 0.117188 0.597917 2.000000 0.000000 0.000000 0.000000 0.000000 0.000000 0.000000 0.089063 0.620833 2.000000 0.107813 0.616667 2.000000 0.090625 0.677083 2.000000 0.109375 0.683333 2.000000 0.090625 0.733333 2.000000 0.110937 0.729167 2.000000
0 0.719375 0.662135 0.050125 0.227729 0.000000 0.000000 0.000000 0.000000 0.000000 0.000000 0.000000 0.000000 0.000000 0.000000 0.000000 0.000000 0.000000 0.000000 0.000000 0.701562 0.593750 2.000000 0.725000 0.595833 2.000000 0.696875 0.622917 1.000000 0.740625 0.616667 1.000000 0.000000 0.000000 0.000000 0.732812 0.618750 2.000000 0.709375 0.652083 2.000000 0.725000 0.652083 2.000000 0.707812 0.708333 2.000000 0.723437 0.712500 2.000000 0.706250 0.752083 2.000000 0.720313 0.747917 2.000000
0 0.348531 0.655198 0.044750 0.292854 0.365625 0.533333 2.000000 0.000000 0.000000 0.000000 0.362500 0.527083 2.000000 0.000000 0.000000 0.000000 0.353125 0.535417 2.000000 0.337500 0.566667 2.000000 0.345313 0.566667 2.000000 0.000000 0.000000 0.000000 0.348438 0.612500 2.000000 0.000000 0.000000 0.000000 0.360938 0.660417 2.000000 0.329688 0.647917 2.000000 0.339062 0.645833 2.000000 0.337500 0.716667 2.000000 0.348438 0.720833 2.000000 0.335938 0.770833 2.000000 0.342187 0.779167 2.000000
0 0.235148 0.640781 0.044484 0.211021 0.246875 0.558333 2.000000 0.000000 0.000000 0.000000 0.245312 0.554167 2.000000 0.000000 0.000000 0.000000 0.235937 0.560417 2.000000 0.242188 0.585417 2.000000 0.231250 0.585417 2.000000 0.000000 0.000000 0.000000 0.226562 0.612500 2.000000 0.000000 0.000000 0.000000 0.243750 0.614583 2.000000 0.246875 0.643750 2.000000 0.239063 0.641667 2.000000 0.239063 0.693750 2.000000 0.250000 0.689583 2.000000 0.232813 0.737500 2.000000 0.253125 0.735417 2.000000
0 0.035500 0.664990 0.071000 0.188812 0.000000 0.000000 0.000000 0.000000 0.000000 0.000000 0.000000 0.000000 0.000000 0.000000 0.000000 0.000000 0.025000 0.595833 2.000000 0.003125 0.618750 2.000000 0.031250 0.622917 2.000000 0.000000 0.000000 0.000000 0.040625 0.658333 2.000000 0.000000 0.000000 0.000000 0.046875 0.679167 2.000000 0.001563 0.679167 1.000000 0.023438 0.683333 2.000000 0.031250 0.660417 2.000000 0.037500 0.672917 2.000000 0.051562 0.697917 2.000000 0.037500 0.735417 2.000000
