0 0.607070 0.486511 0.369391 0.838212 0.607812 0.206549 2.000000 0.623437 0.186398 2.000000 0.587500 0.186398 2.000000 0.640625 0.196474 2.000000 0.567187 0.181360 2.000000 0.671875 0.322418 2.000000 0.537500 0.319899 2.000000 0.707812 0.516373 2.000000 0.475000 0.511335 2.000000 0.660937 0.622166 2.000000 0.518750 0.569270 2.000000 0.659375 0.584383 2.000000 0.559375 0.576826 2.000000 0.768750 0.808564 2.000000 0.435937 0.775819 2.000000 0.000000 0.000000 0.000000 0.000000 0.000000 0.000000
0 0.833930 0.794559 0.332141 0.410882 0.935937 0.667506 2.000000 0.000000 0.000000 0.000000 0.000000 0.000000 0.000000 0.000000 0.000000 0.000000 0.000000 0.000000 0.000000 0.993750 0.863980 2.000000 0.929688 0.816121 2.000000 0.000000 0.000000 0.000000 0.839063 0.939547 2.000000 0.000000 0.000000 0.000000 0.721875 0.889169 2.000000 0.000000 0.000000 0.000000 0.000000 0.000000 0.000000 0.000000 0.000000 0.000000 0.000000 0.000000 0.000000 0.000000 0.000000 0.000000 0.000000 0.000000 0.000000
0 0.856828 0.732632 0.119813 0.296549 0.896875 0.662469 2.000000 0.900000 0.647355 2.000000 0.884375 0.652393 2.000000 0.000000 0.000000 0.000000 0.850000 0.670025 2.000000 0.906250 0.768262 1.000000 0.804688 0.773300 1.000000 0.000000 0.000000 0.000000 0.000000 0.000000 0.000000 0.000000 0.000000 0.000000 0.000000 0.000000 0.000000 0.000000 0.000000 0.000000 0.000000 0.000000 0.000000 0.000000 0.000000 0.000000 0.000000 0.000000 0.000000 0.000000 0.000000 0.000000 0.000000 0.000000 0.000000
0 0.838992 0.885202 0.117359 0.229597 0.795312 0.846348 2.000000 0.807813 0.833753 2.000000 0.787500 0.831234 2.000000 0.832812 0.846348 2.000000 0.000000 0.000000 0.000000 0.856250 0.959698 1.000000 0.764062 0.964736 1.000000 0.925000 0.997481 1.000000 0.000000 0.000000 0.000000 0.000000 0.000000 0.000000 0.000000 0.000000 0.000000 0.000000 0.000000 0.000000 0.000000 0.000000 0.000000 0.000000 0.000000 0.000000 0.000000 0.000000 0.000000 0.000000 0.000000 0.000000 0.000000 0.000000 0.000000
0 0.810211 0.689383 0.080984 0.125617 0.000000 0.000000 0.000000 0.000000 0.000000 0.000000 0.831250 0.662469 2.000000 0.000000 0.000000 0.000000 0.800000 0.697733 2.000000 0.000000 0.000000 0.000000 0.775000 0.775819 1.000000 0.000000 0.000000 0.000000 0.000000 0.000000 0.000000 0.000000 0.000000 0.000000 0.000000 0.000000 0.000000 0.000000 0.000000 0.000000 0.000000 0.000000 0.000000 0.000000 0.000000 0.000000 0.000000 0.000000 0.000000 0.000000 0.000000 0.000000 0.000000 0.000000 0.000000
0 0.074820 0.692443 0.083953 0.159899 0.073438 0.680101 2.000000 0.082812 0.670025 2.000000 0.059375 0.664987 2.000000 0.000000 0.000000 0.000000 0.035937 0.664987 1.000000 0.104688 0.770781 1.000000 0.020313 0.768262 1.000000 0.000000 0.000000 0.000000 0.000000 0.000000 0.000000 0.000000 0.000000 0.000000 0.000000 0.000000 0.000000 0.000000 0.000000 0.000000 0.000000 0.000000 0.000000 0.000000 0.000000 0.000000 0.000000 0.000000 0.000000 0.000000 0.000000 0.000000 0.000000 0.000000 0.000000
0 0.021141 0.673615 0.042281 0.129144 0.000000 0.000000 0.000000 0.003125 0.672544 2.000000 0.000000 0.000000 0.000000 0.032813 0.687657 2.000000 0.000000 0.000000 0.000000 0.000000 0.000000 0.000000 0.000000 0.000000 0.000000 0.000000 0.000000 0.000000 0.000000 0.000000 0.000000 0.000000 0.000000 0.000000 0.000000 0.000000 0.000000 0.000000 0.000000 0.000000 0.000000 0.000000 0.000000 0.000000 0.000000 0.000000 0.000000 0.000000 0.000000 0.000000 0.000000 0.000000 0.000000 0.000000 0.000000
0 0.019961 0.864320 0.039922 0.269748 0.015625 0.816121 2.000000 0.026562 0.806045 2.000000 0.006250 0.806045 2.000000 0.000000 0.000000 0.000000 0.000000 0.000000 0.000000 0.000000 0.000000 0.000000 0.000000 0.000000 0.000000 0.000000 0.000000 0.000000 0.000000 0.000000 0.000000 0.000000 0.000000 0.000000 0.000000 0.000000 0.000000 0.000000 0.000000 0.000000 0.000000 0.000000 0.000000 0.000000 0.000000 0.000000 0.000000 0.000000 0.000000 0.000000 0.000000 0.000000 0.000000 0.000000 0.000000
0 0.909977 0.776902 0.084109 0.185793 0.000000 0.000000 0.000000 0.000000 0.000000 0.000000 0.000000 0.000000 0.000000 0.000000 0.000000 0.000000 0.000000 0.000000 0.000000 0.878125 0.843829 2.000000 0.000000 0.000000 0.000000 0.000000 0.000000 0.000000 0.000000 0.000000 0.000000 0.000000 0.000000 0.000000 0.000000 0.000000 0.000000 0.000000 0.000000 0.000000 0.000000 0.000000 0.000000 0.000000 0.000000 0.000000 0.000000 0.000000 0.000000 0.000000 0.000000 0.000000 0.000000 0.000000 0.000000
0 0.239063 0.507872 0.441875 0.961788 0.290625 0.178841 2.000000 0.295312 0.151134 2.000000 0.276562 0.151134 2.000000 0.000000 0.000000 0.000000 0.223438 0.161209 2.000000 0.323437 0.294710 2.000000 0.162500 0.292191 2.000000 0.339062 0.460957 2.000000 0.140625 0.481108 2.000000 0.296875 0.559194 1.000000 0.190625 0.559194 1.000000 0.295312 0.644836 1.000000 0.185938 0.634761 2.000000 0.421875 0.816121 2.000000 0.068750 0.798489 2.000000 0.000000 0.000000 0.000000 0.000000 0.000000 0.000000
