0 0.865312 0.898885 0.264750 0.175282 0.000000 0.000000 0.000000 0.000000 0.000000 0.000000 0.000000 0.000000 0.000000 0.000000 0.000000 0.000000 0.000000 0.000000 0.000000 0.000000 0.000000 0.000000 0.000000 0.000000 0.000000 0.000000 0.000000 0.000000 0.000000 0.000000 0.000000 0.000000 0.000000 0.000000 0.782813 0.908451 2.000000 0.000000 0.000000 0.000000 0.000000 0.000000 0.000000 0.000000 0.000000 0.000000 0.000000 0.000000 0.000000 0.000000 0.000000 0.000000 0.000000 0.000000 0.000000
0 0.196695 0.389883 0.139109 0.451690 0.000000 0.000000 0.000000 0.000000 0.000000 0.000000 0.000000 0.000000 0.000000 0.151562 0.234742 2.000000 0.204687 0.232394 2.000000 0.153125 0.307512 2.000000 0.181250 0.316901 2.000000 0.000000 0.000000 0.000000 0.214062 0.453052 2.000000 0.000000 0.000000 0.000000 0.239063 0.368545 2.000000 0.176563 0.544601 2.000000 0.206250 0.551643 1.000000 0.000000 0.000000 0.000000 0.000000 0.000000 0.000000 0.000000 0.000000 0.000000 0.000000 0.000000 0.000000
0 0.403945 0.389167 0.088016 0.355000 0.406250 0.260563 2.000000 0.414062 0.255869 2.000000 0.400000 0.253521 2.000000 0.428125 0.260563 2.000000 0.000000 0.000000 0.000000 0.431250 0.298122 2.000000 0.387500 0.291080 2.000000 0.404687 0.354460 2.000000 0.365625 0.354460 2.000000 0.398438 0.298122 2.000000 0.415625 0.349765 2.000000 0.429688 0.446009 1.000000 0.395313 0.448357 2.000000 0.000000 0.000000 0.000000 0.000000 0.000000 0.000000 0.000000 0.000000 0.000000 0.000000 0.000000 0.000000
0 0.450469 0.444167 0.094469 0.230211 0.435937 0.384977 2.000000 0.442188 0.380282 2.000000 0.000000 0.000000 0.000000 0.464062 0.377934 2.000000 0.000000 0.000000 0.000000 0.478125 0.431925 2.000000 0.439063 0.422535 2.000000 0.490625 0.497653 2.000000 0.421875 0.481221 2.000000 0.460938 0.481221 2.000000 0.414062 0.448357 2.000000 0.457813 0.539906 1.000000 0.435937 0.539906 1.000000 0.000000 0.000000 0.000000 0.000000 0.000000 0.000000 0.000000 0.000000 0.000000 0.000000 0.000000 0.000000
0 0.550680 0.401901 0.101016 0.239859 0.557813 0.345070 2.000000 0.564063 0.328638 2.000000 0.553125 0.328638 2.000000 0.578125 0.335681 2.000000 0.000000 0.000000 0.000000 0.578125 0.373239 2.000000 0.548438 0.370892 2.000000 0.596875 0.446009 2.000000 0.503125 0.420188 2.000000 0.000000 0.000000 0.000000 0.520312 0.380282 2.000000 0.562500 0.464789 1.000000 0.543750 0.462441 2.000000 0.000000 0.000000 0.000000 0.000000 0.000000 0.000000 0.000000 0.000000 0.000000 0.000000 0.000000 0.000000
0 0.558680 0.499624 0.148078 0.226948 0.562500 0.464789 2.000000 0.570312 0.457746 2.000000 0.554688 0.457746 2.000000 0.592187 0.450704 2.000000 0.000000 0.000000 0.000000 0.604688 0.525822 2.000000 0.542188 0.511737 2.000000 0.617188 0.617371 1.000000 0.509375 0.549296 2.000000 0.000000 0.000000 0.000000 0.000000 0.000000 0.000000 0.000000 0.000000 0.000000 0.000000 0.000000 0.000000 0.000000 0.000000 0.000000 0.000000 0.000000 0.000000 0.000000 0.000000 0.000000 0.000000 0.000000 0.000000
0 0.278094 0.766890 0.208375 0.436925 0.000000 0.000000 0.000000 0.000000 0.000000 0.000000 0.328125 0.720657 2.000000 0.000000 0.000000 0.000000 0.296875 0.697183 2.000000 0.207813 0.807512 2.000000 0.265625 0.880282 2.000000 0.000000 0.000000 0.000000 0.000000 0.000000 0.000000 0.000000 0.000000 0.000000 0.345313 0.943662 2.000000 0.000000 0.000000 0.000000 0.000000 0.000000 0.000000 0.000000 0.000000 0.000000 0.000000 0.000000 0.000000 0.000000 0.000000 0.000000 0.000000 0.000000 0.000000
0 0.708930 0.565493 0.109672 0.251831 0.000000 0.000000 0.000000 0.000000 0.000000 0.000000 0.000000 0.000000 0.000000 0.712500 0.528169 2.000000 0.000000 0.000000 0.000000 0.717187 0.558685 2.000000 0.000000 0.000000 0.000000 0.714063 0.640845 2.000000 0.000000 0.000000 0.000000 0.681250 0.636150 2.000000 0.000000 0.000000 0.000000 0.000000 0.000000 0.000000 0.000000 0.000000 0.000000 0.000000 0.000000 0.000000 0.000000 0.000000 0.000000 0.000000 0.000000 0.000000 0.000000 0.000000 0.000000
0 0.857836 0.669660 0.106203 0.296643 0.807813 0.607981 2.000000 0.817187 0.598592 2.000000 0.000000 0.000000 0.000000 0.848437 0.619718 2.000000 0.000000 0.000000 0.000000 0.873437 0.687793 2.000000 0.000000 0.000000 0.000000 0.895312 0.793427 2.000000 0.000000 0.000000 0.000000 0.843750 0.687793 2.000000 0.000000 0.000000 0.000000 0.000000 0.000000 0.000000 0.000000 0.000000 0.000000 0.000000 0.000000 0.000000 0.000000 0.000000 0.000000 0.000000 0.000000 0.000000 0.000000 0.000000 0.000000
0 0.287781 0.452265 0.079687 0.149413 0.273438 0.436620 2.000000 0.278125 0.429577 2.000000 0.000000 0.000000 0.000000 0.295312 0.417840 2.000000 0.000000 0.000000 0.000000 0.323437 0.453052 1.000000 0.270313 0.448357 2.000000 0.000000 0.000000 0.000000 0.000000 0.000000 0.000000 0.000000 0.000000 0.000000 0.000000 0.000000 0.000000 0.317188 0.551643 1.000000 0.273438 0.546948 1.000000 0.000000 0.000000 0.000000 0.000000 0.000000 0.000000 0.000000 0.000000 0.000000 0.000000 0.000000 0.000000
0 0.345086 0.521080 0.104172 0.175775 0.362500 0.500000 2.000000 0.000000 0.000000 0.000000 0.356250 0.490610 2.000000 0.000000 0.000000 0.000000 0.000000 0.000000 0.000000 0.368750 0.535211 2.000000 0.325000 0.535211 2.000000 0.389062 0.568075 2.000000 0.312500 0.572770 1.000000 0.375000 0.530516 2.000000 0.353125 0.537559 2.000000 0.000000 0.000000 0.000000 0.000000 0.000000 0.000000 0.000000 0.000000 0.000000 0.000000 0.000000 0.000000 0.000000 0.000000 0.000000 0.000000 0.000000 0.000000
0 0.062734 0.332066 0.118813 0.382300 0.075000 0.225352 2.000000 0.000000 0.000000 0.000000 0.068750 0.208920 2.000000 0.000000 0.000000 0.000000 0.046875 0.223005 2.000000 0.032813 0.267606 2.000000 0.006250 0.274648 2.000000 0.048438 0.380282 2.000000 0.000000 0.000000 0.000000 0.087500 0.387324 2.000000 0.068750 0.389671 2.000000 0.050000 0.471831 2.000000 0.028125 0.483568 2.000000 0.060937 0.657277 1.000000 0.056250 0.669014 1.000000 0.000000 0.000000 0.000000 0.000000 0.000000 0.000000
