0 0.520555 0.511225 0.068016 0.523591 0.000000 0.000000 0.000000 0.507812 0.315436 2.000000 0.000000 0.000000 0.000000 0.517188 0.291946 2.000000 0.000000 0.000000 0.000000 0.529687 0.322148 2.000000 0.000000 0.000000 0.000000 0.546875 0.369128 2.000000 0.000000 0.000000 0.000000 0.523438 0.422819 2.000000 0.000000 0.000000 0.000000 0.523438 0.469799 2.000000 0.542188 0.463087 2.000000 0.523438 0.614094 2.000000 0.543750 0.610738 2.000000 0.526563 0.728188 2.000000 0.543750 0.714765 2.000000
0 0.370500 0.523725 0.098219 0.728322 0.000000 0.000000 0.000000 0.000000 0.000000 0.000000 0.000000 0.000000 0.000000 0.357812 0.238255 2.000000 0.384375 0.238255 2.000000 0.348438 0.312081 2.000000 0.404687 0.315436 2.000000 0.337500 0.419463 2.000000 0.409375 0.422819 2.000000 0.000000 0.000000 0.000000 0.000000 0.000000 0.000000 0.356250 0.533557 2.000000 0.396875 0.530201 2.000000 0.362500 0.687919 2.000000 0.395313 0.691275 2.000000 0.367188 0.845638 2.000000 0.393750 0.838926 2.000000
0 0.053500 0.504715 0.101625 0.614262 0.050000 0.275168 2.000000 0.000000 0.000000 0.000000 0.046875 0.261745 2.000000 0.000000 0.000000 0.000000 0.032813 0.255034 2.000000 0.037500 0.328859 2.000000 0.017188 0.325503 2.000000 0.057813 0.392617 1.000000 0.032813 0.409396 2.000000 0.085938 0.352349 2.000000 0.057813 0.348993 2.000000 0.051562 0.506711 2.000000 0.029687 0.516779 2.000000 0.043750 0.624161 2.000000 0.028125 0.630872 2.000000 0.034375 0.758389 2.000000 0.021875 0.771812 2.000000
0 0.890008 0.458356 0.083922 0.407651 0.856250 0.305369 2.000000 0.859375 0.298658 2.000000 0.856250 0.298658 2.000000 0.871875 0.298658 2.000000 0.000000 0.000000 0.000000 0.885938 0.318792 2.000000 0.859375 0.328859 2.000000 0.915625 0.308725 2.000000 0.000000 0.000000 0.000000 0.901563 0.345638 2.000000 0.000000 0.000000 0.000000 0.893750 0.429530 2.000000 0.875000 0.429530 2.000000 0.895312 0.540268 2.000000 0.871875 0.540268 2.000000 0.892188 0.624161 2.000000 0.878125 0.624161 2.000000
0 0.627484 0.362869 0.054656 0.338624 0.617188 0.275168 2.000000 0.621875 0.268456 2.000000 0.617188 0.268456 2.000000 0.632812 0.271812 2.000000 0.000000 0.000000 0.000000 0.642188 0.308725 2.000000 0.618750 0.312081 2.000000 0.635938 0.359060 2.000000 0.604688 0.362416 2.000000 0.628125 0.318792 2.000000 0.604688 0.315436 2.000000 0.635938 0.446309 2.000000 0.617188 0.446309 2.000000 0.642188 0.540268 1.000000 0.623437 0.536913 1.000000 0.640625 0.600671 1.000000 0.623437 0.604027 1.000000
0 0.247633 0.437081 0.043266 0.385034 0.000000 0.000000 0.000000 0.000000 0.000000 0.000000 0.000000 0.000000 0.000000 0.000000 0.000000 0.000000 0.000000 0.000000 0.000000 0.000000 0.000000 0.000000 0.243750 0.315436 2.000000 0.000000 0.000000 0.000000 0.242188 0.375839 2.000000 0.000000 0.000000 0.000000 0.259375 0.395973 1.000000 0.250000 0.409396 2.000000 0.243750 0.416107 2.000000 0.251563 0.506711 2.000000 0.248438 0.503356 2.000000 0.246875 0.570470 2.000000 0.242188 0.570470 2.000000
0 0.981055 0.461695 0.037891 0.452383 0.000000 0.000000 0.000000 0.000000 0.000000 0.000000 0.000000 0.000000 0.000000 0.000000 0.000000 0.000000 0.000000 0.000000 0.000000 0.000000 0.000000 0.000000 0.981250 0.312081 2.000000 0.000000 0.000000 0.000000 0.967187 0.375839 2.000000 0.000000 0.000000 0.000000 0.987500 0.365772 2.000000 0.000000 0.000000 0.000000 0.985938 0.453020 2.000000 0.993750 0.536913 2.000000 0.987500 0.536913 2.000000 0.985938 0.617450 2.000000 0.978125 0.630872 2.000000
0 0.667328 0.460369 0.041188 0.436913 0.656250 0.302013 1.000000 0.659375 0.285235 2.000000 0.000000 0.000000 0.000000 0.668750 0.285235 2.000000 0.000000 0.000000 0.000000 0.671875 0.325503 1.000000 0.665625 0.325503 2.000000 0.670312 0.395973 2.000000 0.000000 0.000000 0.000000 0.653125 0.365772 1.000000 0.000000 0.000000 0.000000 0.665625 0.442953 2.000000 0.657813 0.436242 2.000000 0.667188 0.546980 2.000000 0.662500 0.546980 2.000000 0.675000 0.630872 2.000000 0.671875 0.630872 2.000000
0 0.711102 0.540185 0.083047 0.537081 0.689063 0.369128 2.000000 0.690625 0.359060 2.000000 0.684375 0.362416 2.000000 0.701562 0.338926 2.000000 0.000000 0.000000 0.000000 0.717187 0.372483 2.000000 0.684375 0.385906 2.000000 0.745313 0.439597 2.000000 0.673438 0.436242 2.000000 0.729688 0.432886 2.000000 0.668750 0.406040 1.000000 0.728125 0.500000 2.000000 0.704688 0.503356 2.000000 0.723437 0.630872 2.000000 0.698438 0.624161 2.000000 0.731250 0.775168 2.000000 0.690625 0.768456 2.000000
0 0.300109 0.494799 0.090938 0.617181 0.000000 0.000000 0.000000 0.000000 0.000000 0.000000 0.000000 0.000000 0.000000 0.306250 0.244966 2.000000 0.323437 0.244966 2.000000 0.279687 0.298658 2.000000 0.331250 0.298658 2.000000 0.268750 0.379195 2.000000 0.335938 0.412752 1.000000 0.000000 0.000000 0.000000 0.000000 0.000000 0.000000 0.292187 0.466443 2.000000 0.321875 0.463087 2.000000 0.298438 0.587248 2.000000 0.325000 0.587248 2.000000 0.289062 0.718121 2.000000 0.326562 0.711409 2.000000
0 0.171953 0.504748 0.071375 0.394664 0.175000 0.345638 2.000000 0.000000 0.000000 0.000000 0.173437 0.338926 2.000000 0.000000 0.000000 0.000000 0.164062 0.345638 2.000000 0.160938 0.385906 2.000000 0.150000 0.392617 2.000000 0.171875 0.459732 2.000000 0.151562 0.463087 2.000000 0.181250 0.496644 2.000000 0.167187 0.500000 2.000000 0.175000 0.510067 2.000000 0.162500 0.513423 2.000000 0.201563 0.567114 2.000000 0.189062 0.570470 2.000000 0.182812 0.661074 2.000000 0.168750 0.661074 2.000000
