0 0.398252 0.498867 0.599144 0.576578 0.444988 0.357812 2.000000 0.000000 0.000000 0.000000 0.430318 0.354687 2.000000 0.000000 0.000000 0.000000 0.386308 0.367188 2.000000 0.403423 0.315625 2.000000 0.337408 0.425000 2.000000 0.488998 0.268750 2.000000 0.342298 0.481250 2.000000 0.608802 0.239063 2.000000 0.413203 0.417187 2.000000 0.176039 0.462500 2.000000 0.229829 0.498437 2.000000 0.193154 0.570312 2.000000 0.273839 0.603125 2.000000 0.158924 0.689063 2.000000 0.249389 0.728125 2.000000
0 0.260244 0.072680 0.126015 0.122859 0.295844 0.050000 2.000000 0.305623 0.043750 2.000000 0.281174 0.043750 2.000000 0.000000 0.000000 0.000000 0.251834 0.045312 2.000000 0.334963 0.079687 1.000000 0.215159 0.079687 2.000000 0.000000 0.000000 0.000000 0.210269 0.125000 2.000000 0.000000 0.000000 0.000000 0.000000 0.000000 0.000000 0.000000 0.000000 0.000000 0.000000 0.000000 0.000000 0.000000 0.000000 0.000000 0.000000 0.000000 0.000000 0.000000 0.000000 0.000000 0.000000 0.000000 0.000000
0 0.446149 0.083258 0.188729 0.132297 0.466993 0.050000 2.000000 0.476773 0.045312 2.000000 0.457213 0.040625 2.000000 0.484108 0.057813 2.000000 0.427873 0.045312 2.000000 0.501222 0.089063 2.000000 0.381418 0.085938 2.000000 0.515892 0.137500 2.000000 0.381418 0.142187 1.000000 0.000000 0.000000 0.000000 0.000000 0.000000 0.000000 0.474328 0.173437 1.000000 0.418093 0.173437 1.000000 0.000000 0.000000 0.000000 0.000000 0.000000 0.000000 0.000000 0.000000 0.000000 0.000000 0.000000 0.000000
0 0.661027 0.075156 0.219756 0.150313 0.650367 0.034375 2.000000 0.660147 0.026562 2.000000 0.633252 0.026562 2.000000 0.674817 0.023438 2.000000 0.621027 0.023438 2.000000 0.701711 0.065625 2.000000 0.579462 0.065625 2.000000 0.721271 0.134375 2.000000 0.572127 0.128125 2.000000 0.689487 0.157812 1.000000 0.623472 0.148438 1.000000 0.699267 0.162500 1.000000 0.596577 0.162500 1.000000 0.000000 0.000000 0.000000 0.000000 0.000000 0.000000 0.000000 0.000000 0.000000 0.000000 0.000000 0.000000
0 0.835122 0.085102 0.176064 0.134109 0.843521 0.050000 2.000000 0.855746 0.045312 2.000000 0.831296 0.045312 2.000000 0.000000 0.000000 0.000000 0.804401 0.054688 1.000000 0.887531 0.087500 2.000000 0.772616 0.082812 2.000000 0.897311 0.139063 2.000000 0.760391 0.140625 2.000000 0.000000 0.000000 0.000000 0.000000 0.000000 0.000000 0.848411 0.176563 1.000000 0.787286 0.171875 1.000000 0.000000 0.000000 0.000000 0.000000 0.000000 0.000000 0.000000 0.000000 0.000000 0.000000 0.000000 0.000000
0 0.910342 0.044578 0.084645 0.089156 0.911980 0.018750 2.000000 0.929095 0.012500 2.000000 0.907090 0.010937 2.000000 0.946210 0.021875 2.000000 0.885086 0.014063 2.000000 0.968215 0.059375 1.000000 0.000000 0.000000 0.000000 0.000000 0.000000 0.000000 0.000000 0.000000 0.000000 0.000000 0.000000 0.000000 0.000000 0.000000 0.000000 0.000000 0.000000 0.000000 0.000000 0.000000 0.000000 0.000000 0.000000 0.000000 0.000000 0.000000 0.000000 0.000000 0.000000 0.000000 0.000000 0.000000 0.000000
0 0.954364 0.079391 0.091271 0.147375 0.000000 0.000000 0.000000 0.000000 0.000000 0.000000 0.000000 0.000000 0.000000 0.000000 0.000000 0.000000 0.970660 0.042188 2.000000 0.000000 0.000000 0.000000 0.946210 0.081250 2.000000 0.000000 0.000000 0.000000 0.936430 0.135937 2.000000 0.975550 0.117188 2.000000 0.000000 0.000000 0.000000 0.000000 0.000000 0.000000 0.000000 0.000000 0.000000 0.000000 0.000000 0.000000 0.000000 0.000000 0.000000 0.000000 0.000000 0.000000 0.000000 0.000000 0.000000
0 0.379927 0.043937 0.136430 0.087188 0.000000 0.000000 0.000000 0.000000 0.000000 0.000000 0.000000 0.000000 0.000000 0.000000 0.000000 0.000000 0.000000 0.000000 0.000000 0.457213 0.037500 1.000000 0.320293 0.039062 2.000000 0.000000 0.000000 0.000000 0.000000 0.000000 0.000000 0.000000 0.000000 0.000000 0.000000 0.000000 0.000000 0.000000 0.000000 0.000000 0.000000 0.000000 0.000000 0.000000 0.000000 0.000000 0.000000 0.000000 0.000000 0.000000 0.000000 0.000000 0.000000 0.000000 0.000000
0 0.186186 0.041523 0.130318 0.082828 0.215159 0.003125 2.000000 0.224939 0.000000 1.000000 0.202934 0.000000 1.000000 0.234719 0.000000 1.000000 0.178484 0.001563 2.000000 0.261614 0.031250 1.000000 0.141809 0.040625 2.000000 0.000000 0.000000 0.000000 0.000000 0.000000 0.000000 0.000000 0.000000 0.000000 0.000000 0.000000 0.000000 0.000000 0.000000 0.000000 0.000000 0.000000 0.000000 0.000000 0.000000 0.000000 0.000000 0.000000 0.000000 0.000000 0.000000 0.000000 0.000000 0.000000 0.000000
0 0.305929 0.186523 0.260220 0.260672 0.317848 0.098437 2.000000 0.327628 0.090625 2.000000 0.303178 0.090625 2.000000 0.342298 0.096875 2.000000 0.273839 0.095312 1.000000 0.366748 0.129688 2.000000 0.242054 0.131250 2.000000 0.408313 0.179688 2.000000 0.193154 0.189062 2.000000 0.383863 0.210938 2.000000 0.234719 0.217188 2.000000 0.344743 0.232813 2.000000 0.261614 0.232813 2.000000 0.383863 0.245312 2.000000 0.244499 0.253125 2.000000 0.381418 0.328125 1.000000 0.246944 0.325000 1.000000
0 0.557958 0.074234 0.122763 0.148469 0.000000 0.000000 0.000000 0.000000 0.000000 0.000000 0.000000 0.000000 0.000000 0.000000 0.000000 0.000000 0.540342 0.001563 2.000000 0.613692 0.035937 1.000000 0.498778 0.040625 2.000000 0.000000 0.000000 0.000000 0.000000 0.000000 0.000000 0.000000 0.000000 0.000000 0.000000 0.000000 0.000000 0.000000 0.000000 0.000000 0.000000 0.000000 0.000000 0.000000 0.000000 0.000000 0.000000 0.000000 0.000000 0.000000 0.000000 0.000000 0.000000 0.000000 0.000000
0 0.102506 0.072930 0.201247 0.142703 0.083130 0.034375 2.000000 0.095355 0.026562 2.000000 0.070905 0.028125 2.000000 0.112469 0.026562 2.000000 0.053790 0.032813 2.000000 0.156479 0.065625 2.000000 0.029340 0.078125 2.000000 0.176039 0.118750 2.000000 0.019560 0.129688 2.000000 0.092910 0.135937 2.000000 0.100244 0.095312 2.000000 0.000000 0.000000 0.000000 0.000000 0.000000 0.000000 0.000000 0.000000 0.000000 0.000000 0.000000 0.000000 0.000000 0.000000 0.000000 0.000000 0.000000 0.000000
