0 0.198930 0.640521 0.215016 0.406333 0.204687 0.487500 2.000000 0.000000 0.000000 0.000000 0.198437 0.479167 2.000000 0.000000 0.000000 0.000000 0.173437 0.491667 2.000000 0.132812 0.545833 2.000000 0.175000 0.564583 2.000000 0.000000 0.000000 0.000000 0.207813 0.654167 2.000000 0.000000 0.000000 0.000000 0.267188 0.677083 2.000000 0.140625 0.756250 2.000000 0.175000 0.766667 2.000000 0.139063 0.885417 1.000000 0.171875 0.885417 1.000000 0.142187 0.997917 1.000000 0.176563 0.993750 1.000000
0 0.329789 0.523229 0.110609 0.256208 0.331250 0.462500 2.000000 0.339062 0.454167 2.000000 0.325000 0.454167 2.000000 0.353125 0.439583 2.000000 0.314063 0.433333 1.000000 0.357812 0.481250 2.000000 0.304688 0.489583 2.000000 0.370312 0.535417 2.000000 0.290625 0.572917 2.000000 0.376563 0.570833 2.000000 0.296875 0.614583 2.000000 0.350000 0.639583 2.000000 0.303125 0.654167 1.000000 0.000000 0.000000 0.000000 0.000000 0.000000 0.000000 0.000000 0.000000 0.000000 0.000000 0.000000 0.000000
0 0.522930 0.513625 0.077703 0.254708 0.534375 0.443750 2.000000 0.539062 0.431250 2.000000 0.523438 0.433333 2.000000 0.000000 0.000000 0.000000 0.506250 0.427083 2.000000 0.521875 0.470833 2.000000 0.503125 0.479167 2.000000 0.000000 0.000000 0.000000 0.514062 0.545833 2.000000 0.000000 0.000000 0.000000 0.548438 0.589583 2.000000 0.534375 0.612500 1.000000 0.512500 0.622917 1.000000 0.000000 0.000000 0.000000 0.000000 0.000000 0.000000 0.000000 0.000000 0.000000 0.000000 0.000000 0.000000
0 0.658359 0.485344 0.061813 0.296229 0.660937 0.391667 2.000000 0.668750 0.379167 1.000000 0.656250 0.377083 2.000000 0.682813 0.385417 1.000000 0.648438 0.379167 1.000000 0.692187 0.439583 1.000000 0.639062 0.427083 2.000000 0.000000 0.000000 0.000000 0.000000 0.000000 0.000000 0.000000 0.000000 0.000000 0.000000 0.000000 0.000000 0.670312 0.564583 1.000000 0.634375 0.560417 1.000000 0.000000 0.000000 0.000000 0.000000 0.000000 0.000000 0.000000 0.000000 0.000000 0.000000 0.000000 0.000000
0 0.789344 0.480406 0.105531 0.263979 0.784375 0.400000 2.000000 0.790625 0.387500 2.000000 0.776563 0.387500 2.000000 0.000000 0.000000 0.000000 0.764062 0.385417 2.000000 0.818750 0.443750 2.000000 0.745313 0.439583 2.000000 0.826562 0.522917 1.000000 0.000000 0.000000 0.000000 0.825000 0.579167 2.000000 0.000000 0.000000 0.000000 0.798438 0.595833 2.000000 0.748437 0.587500 1.000000 0.000000 0.000000 0.000000 0.000000 0.000000 0.000000 0.000000 0.000000 0.000000 0.000000 0.000000 0.000000
0 0.201883 0.499875 0.102703 0.320625 0.237500 0.408333 2.000000 0.245312 0.391667 2.000000 0.231250 0.391667 2.000000 0.000000 0.000000 0.000000 0.206250 0.391667 2.000000 0.223438 0.445833 2.000000 0.171875 0.450000 1.000000 0.000000 0.000000 0.000000 0.162500 0.558333 1.000000 0.000000 0.000000 0.000000 0.209375 0.587500 2.000000 0.234375 0.635417 2.000000 0.193750 0.633333 1.000000 0.000000 0.000000 0.000000 0.000000 0.000000 0.000000 0.000000 0.000000 0.000000 0.000000 0.000000 0.000000
0 0.447992 0.506833 0.123578 0.223750 0.450000 0.468750 2.000000 0.457813 0.458333 2.000000 0.442188 0.458333 2.000000 0.467187 0.445833 2.000000 0.428125 0.447917 2.000000 0.482812 0.495833 2.000000 0.409375 0.500000 2.000000 0.498437 0.562500 2.000000 0.396875 0.591667 2.000000 0.506250 0.581250 2.000000 0.429688 0.585417 2.000000 0.000000 0.000000 0.000000 0.000000 0.000000 0.000000 0.000000 0.000000 0.000000 0.000000 0.000000 0.000000 0.000000 0.000000 0.000000 0.000000 0.000000 0.000000
0 0.604391 0.511531 0.095906 0.234979 0.600000 0.452083 2.000000 0.606250 0.441667 2.000000 0.595313 0.441667 2.000000 0.625000 0.437500 2.000000 0.000000 0.000000 0.000000 0.639062 0.485417 2.000000 0.579688 0.466667 2.000000 0.615625 0.560417 2.000000 0.564063 0.525000 2.000000 0.576562 0.595833 2.000000 0.567187 0.537500 2.000000 0.615625 0.625000 1.000000 0.578125 0.612500 2.000000 0.000000 0.000000 0.000000 0.000000 0.000000 0.000000 0.000000 0.000000 0.000000 0.000000 0.000000 0.000000
0 0.694516 0.544292 0.138219 0.354333 0.685937 0.416667 2.000000 0.695312 0.406250 2.000000 0.679688 0.406250 2.000000 0.707812 0.404167 2.000000 0.000000 0.000000 0.000000 0.729688 0.462500 2.000000 0.676562 0.456250 2.000000 0.737500 0.522917 2.000000 0.679688 0.522917 2.000000 0.746875 0.583333 2.000000 0.664062 0.550000 2.000000 0.717187 0.614583 2.000000 0.678125 0.608333 2.000000 0.000000 0.000000 0.000000 0.000000 0.000000 0.000000 0.000000 0.000000 0.000000 0.000000 0.000000 0.000000
0 0.848945 0.520583 0.121453 0.245917 0.835938 0.437500 1.000000 0.837500 0.431250 2.000000 0.000000 0.000000 0.000000 0.853125 0.439583 2.000000 0.000000 0.000000 0.000000 0.862500 0.500000 2.000000 0.853125 0.487500 2.000000 0.876563 0.570833 2.000000 0.881250 0.545833 2.000000 0.835938 0.560417 2.000000 0.837500 0.522917 2.000000 0.873437 0.639583 2.000000 0.860938 0.629167 2.000000 0.000000 0.000000 0.000000 0.000000 0.000000 0.000000 0.000000 0.000000 0.000000 0.000000 0.000000 0.000000
0 0.063203 0.682021 0.126406 0.635958 0.101562 0.470833 2.000000 0.000000 0.000000 0.000000 0.092188 0.460417 2.000000 0.000000 0.000000 0.000000 0.054688 0.445833 2.000000 0.040625 0.487500 2.000000 0.023438 0.493750 2.000000 0.000000 0.000000 0.000000 0.043750 0.608333 2.000000 0.000000 0.000000 0.000000 0.098437 0.547917 2.000000 0.034375 0.818750 2.000000 0.021875 0.822917 2.000000 0.000000 0.000000 0.000000 0.000000 0.000000 0.000000 0.000000 0.000000 0.000000 0.000000 0.000000 0.000000
0 0.402133 0.480031 0.057453 0.179979 0.420312 0.431250 2.000000 0.426563 0.420833 1.000000 0.414062 0.420833 2.000000 0.000000 0.000000 0.000000 0.406250 0.420833 2.000000 0.000000 0.000000 0.000000 0.400000 0.466667 2.000000 0.000000 0.000000 0.000000 0.384375 0.554167 2.000000 0.000000 0.000000 0.000000 0.000000 0.000000 0.000000 0.000000 0.000000 0.000000 0.000000 0.000000 0.000000 0.000000 0.000000 0.000000 0.000000 0.000000 0.000000 0.000000 0.000000 0.000000 0.000000 0.000000 0.000000
