0 0.075383 0.341213 0.087578 0.315319 0.081250 0.225490 2.000000 0.084375 0.218137 1.000000 0.075000 0.218137 2.000000 0.000000 0.000000 0.000000 0.062500 0.218137 2.000000 0.081250 0.250000 1.000000 0.051562 0.247549 2.000000 0.000000 0.000000 0.000000 0.064062 0.286765 2.000000 0.000000 0.000000 0.000000 0.101562 0.296569 2.000000 0.065625 0.357843 2.000000 0.035937 0.360294 2.000000 0.098437 0.308824 2.000000 0.076563 0.313725 2.000000 0.089063 0.404412 2.000000 0.076563 0.401961 2.000000
0 0.215500 0.314154 0.076563 0.214975 0.220312 0.235294 2.000000 0.223438 0.227941 2.000000 0.214062 0.230392 2.000000 0.000000 0.000000 0.000000 0.204687 0.235294 2.000000 0.228125 0.272059 2.000000 0.192188 0.267157 2.000000 0.235937 0.325980 2.000000 0.206250 0.311275 2.000000 0.228125 0.267157 2.000000 0.239063 0.313725 2.000000 0.204687 0.335784 2.000000 0.185938 0.333333 2.000000 0.239063 0.325980 2.000000 0.217188 0.325980 2.000000 0.232813 0.401961 2.000000 0.215625 0.404412 1.000000
0 0.525758 0.579767 0.203422 0.494387 0.510938 0.404412 2.000000 0.507812 0.392157 2.000000 0.500000 0.399510 2.000000 0.000000 0.000000 0.000000 0.482812 0.404412 2.000000 0.506250 0.433824 2.000000 0.479687 0.465686 2.000000 0.525000 0.443627 2.000000 0.514062 0.544118 2.000000 0.520312 0.477941 2.000000 0.515625 0.512255 2.000000 0.526563 0.578431 2.000000 0.498437 0.593137 2.000000 0.571875 0.661765 2.000000 0.496875 0.698529 2.000000 0.600000 0.774510 2.000000 0.450000 0.776961 2.000000
0 0.172844 0.447953 0.049688 0.249583 0.179688 0.357843 2.000000 0.184375 0.352941 2.000000 0.175000 0.350490 2.000000 0.000000 0.000000 0.000000 0.164062 0.357843 2.000000 0.190625 0.387255 2.000000 0.156250 0.387255 2.000000 0.000000 0.000000 0.000000 0.145313 0.448529 1.000000 0.000000 0.000000 0.000000 0.153125 0.507353 2.000000 0.189062 0.473039 1.000000 0.160938 0.473039 2.000000 0.000000 0.000000 0.000000 0.182812 0.497549 2.000000 0.000000 0.000000 0.000000 0.179688 0.563725 1.000000
0 0.132875 0.687059 0.258031 0.378039 0.100000 0.563725 2.000000 0.000000 0.000000 0.000000 0.096875 0.553922 2.000000 0.000000 0.000000 0.000000 0.075000 0.553922 2.000000 0.098437 0.620098 2.000000 0.059375 0.610294 2.000000 0.143750 0.659314 2.000000 0.025000 0.686275 2.000000 0.203125 0.654412 2.000000 0.018750 0.769608 2.000000 0.067187 0.720588 2.000000 0.032813 0.735294 2.000000 0.126562 0.723039 2.000000 0.107813 0.772059 2.000000 0.087500 0.823529 2.000000 0.029687 0.818627 2.000000
0 0.294430 0.525049 0.074672 0.266863 0.295312 0.414216 2.000000 0.298438 0.411765 2.000000 0.289062 0.409314 2.000000 0.000000 0.000000 0.000000 0.278125 0.411765 1.000000 0.307812 0.446078 2.000000 0.268750 0.448529 2.000000 0.314063 0.504902 2.000000 0.276562 0.509804 2.000000 0.315625 0.524510 2.000000 0.303125 0.529412 2.000000 0.307812 0.524510 2.000000 0.267188 0.539216 2.000000 0.329688 0.553922 1.000000 0.303125 0.556373 2.000000 0.298438 0.625000 2.000000 0.298438 0.605392 2.000000
0 0.301430 0.395074 0.088359 0.213725 0.307812 0.333333 2.000000 0.312500 0.325980 2.000000 0.303125 0.323529 2.000000 0.000000 0.000000 0.000000 0.293750 0.321078 2.000000 0.320312 0.340686 2.000000 0.278125 0.348039 2.000000 0.332813 0.414216 2.000000 0.260937 0.409314 2.000000 0.312500 0.421569 2.000000 0.000000 0.000000 0.000000 0.309375 0.424020 2.000000 0.284375 0.426471 1.000000 0.343750 0.431373 2.000000 0.000000 0.000000 0.000000 0.345313 0.517157 1.000000 0.000000 0.000000 0.000000
0 0.294352 0.278407 0.063984 0.160343 0.293750 0.225490 2.000000 0.298438 0.223039 2.000000 0.289062 0.223039 2.000000 0.000000 0.000000 0.000000 0.279687 0.230392 2.000000 0.309375 0.264706 2.000000 0.268750 0.269608 2.000000 0.318750 0.306373 1.000000 0.273438 0.323529 2.000000 0.000000 0.000000 0.000000 0.000000 0.000000 0.000000 0.307812 0.340686 1.000000 0.281250 0.343137 1.000000 0.000000 0.000000 0.000000 0.000000 0.000000 0.000000 0.000000 0.000000 0.000000 0.000000 0.000000 0.000000
0 0.353539 0.348358 0.053984 0.157451 0.350000 0.301471 2.000000 0.353125 0.296569 2.000000 0.343750 0.296569 2.000000 0.000000 0.000000 0.000000 0.335938 0.303922 2.000000 0.364063 0.328431 2.000000 0.328125 0.343137 1.000000 0.376563 0.365196 2.000000 0.332813 0.397059 1.000000 0.000000 0.000000 0.000000 0.359375 0.379902 1.000000 0.373437 0.406863 1.000000 0.345313 0.419118 2.000000 0.000000 0.000000 0.000000 0.000000 0.000000 0.000000 0.000000 0.000000 0.000000 0.000000 0.000000 0.000000
0 0.210234 0.507365 0.106250 0.279436 0.215625 0.414216 2.000000 0.217188 0.404412 2.000000 0.207813 0.404412 2.000000 0.000000 0.000000 0.000000 0.200000 0.406863 2.000000 0.231250 0.431373 2.000000 0.190625 0.436275 2.000000 0.229687 0.485294 2.000000 0.184375 0.495098 2.000000 0.229687 0.536765 2.000000 0.175000 0.556373 2.000000 0.220312 0.541667 2.000000 0.185938 0.544118 2.000000 0.240625 0.551471 2.000000 0.206250 0.561275 2.000000 0.253125 0.637255 1.000000 0.221875 0.637255 1.000000
0 0.393234 0.514007 0.117969 0.277574 0.381250 0.409314 2.000000 0.384375 0.404412 2.000000 0.375000 0.401961 2.000000 0.000000 0.000000 0.000000 0.365625 0.406863 2.000000 0.384375 0.441176 2.000000 0.351562 0.441176 2.000000 0.384375 0.504902 2.000000 0.342187 0.502451 2.000000 0.359375 0.514706 2.000000 0.375000 0.502451 2.000000 0.000000 0.000000 0.000000 0.351562 0.522059 2.000000 0.385937 0.549020 2.000000 0.392188 0.524510 2.000000 0.392188 0.644608 2.000000 0.423438 0.605392 2.000000
0 0.840164 0.395294 0.080359 0.203529 0.845313 0.321078 2.000000 0.848437 0.316176 2.000000 0.840625 0.318627 2.000000 0.000000 0.000000 0.000000 0.000000 0.000000 0.000000 0.856250 0.357843 2.000000 0.823438 0.350490 2.000000 0.854688 0.392157 2.000000 0.834375 0.397059 2.000000 0.853125 0.350490 2.000000 0.860938 0.401961 2.000000 0.835938 0.443627 2.000000 0.810937 0.433824 2.000000 0.862500 0.411765 2.000000 0.845313 0.411765 2.000000 0.862500 0.482843 2.000000 0.853125 0.485294 2.000000
