0 0.414141 0.543150 0.386844 0.660304 0.375000 0.283372 2.000000 0.378125 0.269321 2.000000 0.000000 0.000000 0.000000 0.409375 0.264637 2.000000 0.000000 0.000000 0.000000 0.465625 0.337237 2.000000 0.375000 0.330211 2.000000 0.496875 0.440281 2.000000 0.450000 0.353630 2.000000 0.510938 0.330211 2.000000 0.498437 0.325527 2.000000 0.457813 0.533958 2.000000 0.398438 0.545667 2.000000 0.357812 0.653396 2.000000 0.465625 0.740047 2.000000 0.287500 0.826698 2.000000 0.578125 0.796253 2.000000
0 0.656195 0.372354 0.122547 0.144801 0.640625 0.344262 2.000000 0.645312 0.337237 2.000000 0.000000 0.000000 0.000000 0.662500 0.339578 2.000000 0.000000 0.000000 0.000000 0.692187 0.377049 2.000000 0.650000 0.402810 2.000000 0.667188 0.440281 2.000000 0.623437 0.456674 1.000000 0.632812 0.456674 1.000000 0.607812 0.393443 2.000000 0.000000 0.000000 0.000000 0.000000 0.000000 0.000000 0.000000 0.000000 0.000000 0.000000 0.000000 0.000000 0.000000 0.000000 0.000000 0.000000 0.000000 0.000000
0 0.744617 0.348021 0.105672 0.196651 0.740625 0.288056 2.000000 0.750000 0.278689 2.000000 0.737500 0.278689 2.000000 0.764062 0.288056 2.000000 0.729688 0.283372 1.000000 0.784375 0.339578 2.000000 0.707812 0.334895 2.000000 0.787500 0.419204 1.000000 0.696875 0.409836 1.000000 0.751563 0.370023 1.000000 0.000000 0.000000 0.000000 0.770312 0.482436 1.000000 0.715625 0.480094 1.000000 0.000000 0.000000 0.000000 0.000000 0.000000 0.000000 0.000000 0.000000 0.000000 0.000000 0.000000 0.000000
0 0.118445 0.256183 0.110953 0.323607 0.000000 0.000000 0.000000 0.000000 0.000000 0.000000 0.000000 0.000000 0.000000 0.000000 0.000000 0.000000 0.150000 0.140515 2.000000 0.090625 0.180328 2.000000 0.153125 0.192037 2.000000 0.073438 0.269321 2.000000 0.156250 0.292740 2.000000 0.000000 0.000000 0.000000 0.000000 0.000000 0.000000 0.101562 0.304450 2.000000 0.132812 0.304450 2.000000 0.100000 0.416862 2.000000 0.142187 0.426230 1.000000 0.000000 0.000000 0.000000 0.000000 0.000000 0.000000
0 0.917172 0.381569 0.090781 0.167963 0.881250 0.353630 2.000000 0.890625 0.341920 2.000000 0.876563 0.344262 2.000000 0.903125 0.351288 2.000000 0.870313 0.351288 1.000000 0.934375 0.398126 2.000000 0.000000 0.000000 0.000000 0.953125 0.468384 1.000000 0.000000 0.000000 0.000000 0.000000 0.000000 0.000000 0.000000 0.000000 0.000000 0.000000 0.000000 0.000000 0.000000 0.000000 0.000000 0.000000 0.000000 0.000000 0.000000 0.000000 0.000000 0.000000 0.000000 0.000000 0.000000 0.000000 0.000000
0 0.955898 0.350808 0.088203 0.232248 0.950000 0.281030 2.000000 0.954688 0.269321 2.000000 0.943750 0.271663 2.000000 0.973437 0.278689 2.000000 0.939063 0.281030 2.000000 0.987500 0.325527 2.000000 0.931250 0.320843 2.000000 0.990625 0.423888 2.000000 0.000000 0.000000 0.000000 0.959375 0.353630 2.000000 0.951562 0.447307 1.000000 0.981250 0.440281 2.000000 0.942187 0.437939 1.000000 0.000000 0.000000 0.000000 0.000000 0.000000 0.000000 0.000000 0.000000 0.000000 0.000000 0.000000 0.000000
0 0.693945 0.645492 0.228828 0.425269 0.676562 0.503513 2.000000 0.687500 0.491803 2.000000 0.000000 0.000000 0.000000 0.712500 0.496487 2.000000 0.000000 0.000000 0.000000 0.735938 0.552693 2.000000 0.690625 0.548009 2.000000 0.685937 0.622951 2.000000 0.000000 0.000000 0.000000 0.631250 0.601874 2.000000 0.000000 0.000000 0.000000 0.770312 0.707260 2.000000 0.720313 0.690867 2.000000 0.693750 0.688525 2.000000 0.626563 0.679157 2.000000 0.753125 0.810304 2.000000 0.678125 0.814988 2.000000
0 0.897727 0.604742 0.198484 0.532014 0.817187 0.409836 2.000000 0.825000 0.393443 2.000000 0.000000 0.000000 0.000000 0.859375 0.400468 2.000000 0.000000 0.000000 0.000000 0.887500 0.442623 2.000000 0.837500 0.463700 2.000000 0.926562 0.519906 2.000000 0.848437 0.571429 2.000000 0.904687 0.613583 2.000000 0.851562 0.639344 2.000000 0.962500 0.625293 2.000000 0.914062 0.627635 2.000000 0.876563 0.655738 2.000000 0.809375 0.644028 2.000000 0.935937 0.810304 2.000000 0.881250 0.803279 2.000000
0 0.806773 0.134801 0.171109 0.193724 0.837500 0.079625 2.000000 0.845313 0.072600 2.000000 0.832812 0.072600 2.000000 0.856250 0.081967 2.000000 0.826562 0.084309 2.000000 0.868750 0.126464 2.000000 0.803125 0.126464 2.000000 0.876563 0.185012 2.000000 0.782813 0.177986 2.000000 0.860938 0.192037 2.000000 0.762500 0.185012 2.000000 0.829688 0.217799 2.000000 0.796875 0.217799 2.000000 0.850000 0.215457 2.000000 0.743750 0.215457 2.000000 0.837500 0.320843 1.000000 0.746875 0.309133 1.000000
0 0.197063 0.271487 0.079125 0.315808 0.206250 0.152225 2.000000 0.000000 0.000000 0.000000 0.201563 0.147541 2.000000 0.000000 0.000000 0.000000 0.184375 0.154567 2.000000 0.215625 0.220141 2.000000 0.167187 0.220141 1.000000 0.221875 0.285714 2.000000 0.160938 0.281030 1.000000 0.223438 0.318501 2.000000 0.175000 0.313817 2.000000 0.206250 0.337237 2.000000 0.175000 0.337237 2.000000 0.206250 0.435597 1.000000 0.178125 0.433255 1.000000 0.000000 0.000000 0.000000 0.000000 0.000000 0.000000
0 0.544273 0.360527 0.122609 0.167658 0.551562 0.332553 2.000000 0.000000 0.000000 0.000000 0.546875 0.323185 2.000000 0.000000 0.000000 0.000000 0.525000 0.320843 2.000000 0.550000 0.377049 2.000000 0.487500 0.360656 2.000000 0.589063 0.407494 2.000000 0.000000 0.000000 0.000000 0.576562 0.440281 1.000000 0.000000 0.000000 0.000000 0.000000 0.000000 0.000000 0.000000 0.000000 0.000000 0.000000 0.000000 0.000000 0.000000 0.000000 0.000000 0.000000 0.000000 0.000000 0.000000 0.000000 0.000000
0 0.596719 0.083302 0.123281 0.160141 0.600000 0.037471 2.000000 0.606250 0.030445 2.000000 0.596875 0.030445 2.000000 0.621875 0.037471 2.000000 0.000000 0.000000 0.000000 0.637500 0.070258 2.000000 0.590625 0.074941 2.000000 0.654687 0.126464 2.000000 0.568750 0.117096 2.000000 0.632812 0.131148 2.000000 0.551562 0.126464 2.000000 0.623437 0.166276 1.000000 0.593750 0.168618 1.000000 0.000000 0.000000 0.000000 0.556250 0.168618 1.000000 0.000000 0.000000 0.000000 0.000000 0.000000 0.000000
0 0.107711 0.061885 0.095172 0.123770 0.000000 0.000000 0.000000 0.000000 0.000000 0.000000 0.000000 0.000000 0.000000 0.000000 0.000000 0.000000 0.000000 0.000000 0.000000 0.142187 0.018735 2.000000 0.076563 0.018735 2.000000 0.139063 0.096019 1.000000 0.059375 0.091335 1.000000 0.000000 0.000000 0.000000 0.000000 0.000000 0.000000 0.112500 0.133489 1.000000 0.070312 0.131148 1.000000 0.000000 0.000000 0.000000 0.000000 0.000000 0.000000 0.000000 0.000000 0.000000 0.000000 0.000000 0.000000
