0 0.328172 0.647874 0.350250 0.378076 0.337500 0.527316 2.000000 0.000000 0.000000 0.000000 0.328125 0.517815 2.000000 0.000000 0.000000 0.000000 0.303125 0.522565 2.000000 0.317188 0.562945 2.000000 0.262500 0.560570 2.000000 0.387500 0.589074 2.000000 0.245312 0.622328 2.000000 0.442188 0.589074 2.000000 0.285938 0.631829 2.000000 0.254688 0.643705 2.000000 0.198437 0.655582 2.000000 0.335938 0.660333 2.000000 0.250000 0.655582 2.000000 0.259375 0.771971 2.000000 0.195312 0.783848 2.000000
0 0.133367 0.587257 0.185422 0.467625 0.214062 0.427553 2.000000 0.214062 0.413302 2.000000 0.206250 0.413302 2.000000 0.000000 0.000000 0.000000 0.181250 0.415677 2.000000 0.179688 0.453682 2.000000 0.139063 0.453682 2.000000 0.146875 0.543943 2.000000 0.087500 0.524941 2.000000 0.151562 0.600950 2.000000 0.082812 0.615202 2.000000 0.117188 0.574822 2.000000 0.081250 0.577197 2.000000 0.184375 0.608076 2.000000 0.126562 0.657957 2.000000 0.157812 0.748219 2.000000 0.089063 0.762470 2.000000
0 0.708078 0.541568 0.307469 0.516865 0.684375 0.361045 2.000000 0.000000 0.000000 0.000000 0.678125 0.351544 2.000000 0.000000 0.000000 0.000000 0.653125 0.349169 2.000000 0.625000 0.375297 2.000000 0.676562 0.401425 2.000000 0.728125 0.401425 2.000000 0.742188 0.446556 2.000000 0.775000 0.429929 2.000000 0.789062 0.434679 2.000000 0.684375 0.541568 2.000000 0.671875 0.539192 2.000000 0.751563 0.676960 2.000000 0.675000 0.710214 2.000000 0.814063 0.752969 2.000000 0.587500 0.731591 2.000000
0 0.582430 0.400000 0.056172 0.202233 0.565625 0.342043 2.000000 0.568750 0.334917 2.000000 0.560937 0.334917 2.000000 0.578125 0.339667 2.000000 0.000000 0.000000 0.000000 0.590625 0.384798 2.000000 0.546875 0.387173 1.000000 0.589063 0.446556 2.000000 0.537500 0.441805 1.000000 0.554688 0.446556 1.000000 0.573438 0.432304 2.000000 0.000000 0.000000 0.000000 0.000000 0.000000 0.000000 0.000000 0.000000 0.000000 0.000000 0.000000 0.000000 0.000000 0.000000 0.000000 0.000000 0.000000 0.000000
0 0.499914 0.374917 0.095859 0.213492 0.509375 0.311164 2.000000 0.514062 0.301663 2.000000 0.504687 0.304038 2.000000 0.523438 0.306413 2.000000 0.492188 0.306413 2.000000 0.531250 0.346793 2.000000 0.484375 0.344418 2.000000 0.537500 0.418052 2.000000 0.457813 0.370546 2.000000 0.501563 0.451306 2.000000 0.503125 0.380048 2.000000 0.521875 0.437055 2.000000 0.485938 0.437055 2.000000 0.000000 0.000000 0.000000 0.000000 0.000000 0.000000 0.000000 0.000000 0.000000 0.000000 0.000000 0.000000
0 0.408383 0.372874 0.073422 0.199857 0.407813 0.308789 2.000000 0.412500 0.301663 2.000000 0.401562 0.299287 2.000000 0.423438 0.301663 2.000000 0.000000 0.000000 0.000000 0.418750 0.356295 2.000000 0.385937 0.351544 1.000000 0.437500 0.422803 1.000000 0.000000 0.000000 0.000000 0.393750 0.429929 1.000000 0.000000 0.000000 0.000000 0.421875 0.472684 1.000000 0.389062 0.467933 1.000000 0.000000 0.000000 0.000000 0.000000 0.000000 0.000000 0.000000 0.000000 0.000000 0.000000 0.000000 0.000000
0 0.297508 0.201496 0.065891 0.116247 0.279687 0.182898 2.000000 0.285938 0.175772 2.000000 0.276562 0.175772 1.000000 0.301563 0.187648 2.000000 0.000000 0.000000 0.000000 0.314063 0.220903 2.000000 0.276562 0.230404 2.000000 0.000000 0.000000 0.000000 0.000000 0.000000 0.000000 0.000000 0.000000 0.000000 0.000000 0.000000 0.000000 0.000000 0.000000 0.000000 0.000000 0.000000 0.000000 0.000000 0.000000 0.000000 0.000000 0.000000 0.000000 0.000000 0.000000 0.000000 0.000000 0.000000 0.000000
0 0.409820 0.057957 0.102578 0.115677 0.415625 0.023753 2.000000 0.417187 0.014252 2.000000 0.407813 0.014252 2.000000 0.000000 0.000000 0.000000 0.392188 0.016627 2.000000 0.429688 0.054632 2.000000 0.379688 0.054632 2.000000 0.454688 0.116390 1.000000 0.375000 0.111639 2.000000 0.442188 0.083135 2.000000 0.403125 0.080760 2.000000 0.000000 0.000000 0.000000 0.000000 0.000000 0.000000 0.000000 0.000000 0.000000 0.000000 0.000000 0.000000 0.000000 0.000000 0.000000 0.000000 0.000000 0.000000
0 0.321516 0.068539 0.096094 0.119121 0.310937 0.023753 2.000000 0.317188 0.014252 2.000000 0.304688 0.014252 2.000000 0.000000 0.000000 0.000000 0.290625 0.021378 2.000000 0.343750 0.068884 2.000000 0.285938 0.073634 2.000000 0.359375 0.128266 1.000000 0.279687 0.137767 1.000000 0.000000 0.000000 0.000000 0.000000 0.000000 0.000000 0.339062 0.152019 1.000000 0.300000 0.154394 1.000000 0.000000 0.000000 0.000000 0.000000 0.000000 0.000000 0.000000 0.000000 0.000000 0.000000 0.000000 0.000000
0 0.069273 0.157458 0.091734 0.312922 0.065625 0.033254 2.000000 0.071875 0.026128 2.000000 0.059375 0.023753 2.000000 0.000000 0.000000 0.000000 0.042188 0.021378 1.000000 0.082812 0.068884 2.000000 0.043750 0.068884 2.000000 0.109375 0.116390 2.000000 0.035937 0.137767 2.000000 0.085938 0.090261 2.000000 0.067187 0.142518 1.000000 0.095312 0.159145 1.000000 0.057813 0.159145 2.000000 0.121875 0.190024 1.000000 0.092188 0.190024 2.000000 0.000000 0.000000 0.000000 0.087500 0.277910 1.000000
0 0.160391 0.064822 0.081312 0.129644 0.168750 0.038005 2.000000 0.173437 0.030879 2.000000 0.164062 0.033254 2.000000 0.181250 0.035629 2.000000 0.154688 0.038005 2.000000 0.193750 0.080760 2.000000 0.143750 0.080760 2.000000 0.000000 0.000000 0.000000 0.000000 0.000000 0.000000 0.000000 0.000000 0.000000 0.000000 0.000000 0.000000 0.000000 0.000000 0.000000 0.000000 0.000000 0.000000 0.000000 0.000000 0.000000 0.000000 0.000000 0.000000 0.000000 0.000000 0.000000 0.000000 0.000000 0.000000
0 0.966078 0.307173 0.067844 0.330024 0.000000 0.000000 0.000000 0.000000 0.000000 0.000000 0.000000 0.000000 0.000000 0.000000 0.000000 0.000000 0.987500 0.182898 2.000000 0.000000 0.000000 0.000000 0.981250 0.232779 1.000000 0.000000 0.000000 0.000000 0.940625 0.318290 2.000000 0.000000 0.000000 0.000000 0.960938 0.375297 1.000000 0.000000 0.000000 0.000000 0.981250 0.377672 2.000000 0.000000 0.000000 0.000000 0.000000 0.000000 0.000000 0.000000 0.000000 0.000000 0.000000 0.000000 0.000000
