0 0.485219 0.682431 0.154562 0.538306 0.498437 0.486111 2.000000 0.503125 0.472222 2.000000 0.492188 0.477778 2.000000 0.000000 0.000000 0.000000 0.470313 0.486111 2.000000 0.504687 0.525000 2.000000 0.459375 0.544444 2.000000 0.489063 0.488889 2.000000 0.437500 0.600000 2.000000 0.450000 0.494444 2.000000 0.439063 0.538889 2.000000 0.501563 0.691667 2.000000 0.465625 0.688889 2.000000 0.515625 0.786111 2.000000 0.453125 0.788889 2.000000 0.543750 0.902778 2.000000 0.440625 0.905556 2.000000
0 0.173563 0.768014 0.187500 0.432417 0.245312 0.597222 2.000000 0.000000 0.000000 0.000000 0.240625 0.591667 2.000000 0.000000 0.000000 0.000000 0.225000 0.605556 2.000000 0.204687 0.669444 2.000000 0.237500 0.650000 2.000000 0.192188 0.769444 2.000000 0.268750 0.683333 1.000000 0.000000 0.000000 0.000000 0.000000 0.000000 0.000000 0.229687 0.822222 2.000000 0.206250 0.808333 2.000000 0.242188 0.936111 2.000000 0.198437 0.947222 2.000000 0.171875 0.911111 2.000000 0.117188 0.933333 2.000000
0 0.611391 0.470278 0.072125 0.321778 0.600000 0.352778 2.000000 0.604688 0.347222 2.000000 0.596875 0.350000 2.000000 0.000000 0.000000 0.000000 0.000000 0.000000 0.000000 0.617188 0.391667 2.000000 0.579688 0.400000 2.000000 0.617188 0.450000 2.000000 0.592187 0.463889 2.000000 0.618750 0.430556 2.000000 0.614062 0.433333 2.000000 0.612500 0.475000 2.000000 0.592187 0.475000 2.000000 0.621875 0.516667 2.000000 0.628125 0.475000 2.000000 0.601562 0.605556 2.000000 0.634375 0.563889 2.000000
0 0.744070 0.512875 0.092047 0.315861 0.740625 0.397222 2.000000 0.743750 0.391667 2.000000 0.734375 0.391667 2.000000 0.750000 0.397222 2.000000 0.726562 0.397222 2.000000 0.759375 0.438889 2.000000 0.714063 0.438889 2.000000 0.770312 0.491667 2.000000 0.704688 0.502778 2.000000 0.775000 0.538889 2.000000 0.723437 0.544444 2.000000 0.748437 0.544444 2.000000 0.718750 0.547222 2.000000 0.776563 0.577778 2.000000 0.731250 0.586111 2.000000 0.729688 0.633333 2.000000 0.751563 0.655556 2.000000
0 0.393117 0.552125 0.088484 0.301139 0.400000 0.430556 2.000000 0.000000 0.000000 0.000000 0.395313 0.425000 2.000000 0.000000 0.000000 0.000000 0.381250 0.433333 2.000000 0.404687 0.469444 2.000000 0.368750 0.472222 2.000000 0.421875 0.508333 2.000000 0.360938 0.519444 2.000000 0.418750 0.466667 2.000000 0.389062 0.505556 2.000000 0.404687 0.561111 2.000000 0.370312 0.561111 2.000000 0.440625 0.561111 1.000000 0.396875 0.638889 2.000000 0.401562 0.594444 2.000000 0.412500 0.702778 1.000000
0 0.846047 0.264181 0.082656 0.240194 0.845313 0.177778 2.000000 0.850000 0.169444 2.000000 0.840625 0.169444 2.000000 0.000000 0.000000 0.000000 0.835938 0.172222 2.000000 0.864062 0.211111 2.000000 0.831250 0.211111 2.000000 0.879687 0.258333 2.000000 0.814063 0.280556 2.000000 0.000000 0.000000 0.000000 0.000000 0.000000 0.000000 0.867188 0.325000 1.000000 0.837500 0.327778 1.000000 0.000000 0.000000 0.000000 0.000000 0.000000 0.000000 0.000000 0.000000 0.000000 0.000000 0.000000 0.000000
0 0.118867 0.426417 0.072078 0.254333 0.110937 0.322222 2.000000 0.000000 0.000000 0.000000 0.109375 0.319444 2.000000 0.000000 0.000000 0.000000 0.103125 0.316667 2.000000 0.090625 0.347222 2.000000 0.103125 0.347222 2.000000 0.000000 0.000000 0.000000 0.123438 0.350000 2.000000 0.000000 0.000000 0.000000 0.143750 0.330556 1.000000 0.092188 0.413889 2.000000 0.104688 0.413889 2.000000 0.093750 0.480556 2.000000 0.106250 0.477778 2.000000 0.087500 0.530556 2.000000 0.104688 0.533333 2.000000
0 0.345633 0.408056 0.058141 0.186444 0.348438 0.361111 2.000000 0.354687 0.355556 2.000000 0.345313 0.352778 2.000000 0.000000 0.000000 0.000000 0.335938 0.352778 2.000000 0.365625 0.386111 2.000000 0.326562 0.380556 2.000000 0.368750 0.400000 2.000000 0.323437 0.419444 2.000000 0.353125 0.416667 2.000000 0.345313 0.416667 2.000000 0.356250 0.436111 2.000000 0.334375 0.441667 2.000000 0.000000 0.000000 0.000000 0.000000 0.000000 0.000000 0.000000 0.000000 0.000000 0.000000 0.000000 0.000000
0 0.661766 0.438319 0.068375 0.252917 0.660937 0.363889 2.000000 0.664062 0.358333 2.000000 0.657813 0.355556 2.000000 0.000000 0.000000 0.000000 0.000000 0.000000 0.000000 0.670312 0.380556 2.000000 0.635938 0.391667 2.000000 0.676562 0.444444 1.000000 0.637500 0.447222 2.000000 0.667188 0.416667 2.000000 0.659375 0.413889 2.000000 0.659375 0.450000 2.000000 0.645312 0.452778 2.000000 0.689063 0.505556 2.000000 0.667188 0.502778 2.000000 0.000000 0.000000 0.000000 0.000000 0.000000 0.000000
0 0.191008 0.311778 0.071266 0.178056 0.000000 0.000000 0.000000 0.000000 0.000000 0.000000 0.000000 0.000000 0.000000 0.000000 0.000000 0.000000 0.000000 0.000000 0.000000 0.184375 0.280556 2.000000 0.210938 0.272222 2.000000 0.173437 0.311111 2.000000 0.000000 0.000000 0.000000 0.151562 0.325000 1.000000 0.000000 0.000000 0.000000 0.200000 0.344444 2.000000 0.218750 0.338889 2.000000 0.187500 0.363889 2.000000 0.203125 0.355556 1.000000 0.196875 0.405556 1.000000 0.207813 0.400000 1.000000
