0 0.790063 0.252247 0.075094 0.087841 0.785937 0.235683 2.000000 0.792188 0.229075 2.000000 0.784375 0.229075 2.000000 0.804688 0.233480 2.000000 0.000000 0.000000 0.000000 0.815625 0.270925 2.000000 0.768750 0.270925 2.000000 0.000000 0.000000 0.000000 0.000000 0.000000 0.000000 0.000000 0.000000 0.000000 0.000000 0.000000 0.000000 0.000000 0.000000 0.000000 0.000000 0.000000 0.000000 0.000000 0.000000 0.000000 0.000000 0.000000 0.000000 0.000000 0.000000 0.000000 0.000000 0.000000 0.000000
0 0.814266 0.627059 0.084875 0.158524 0.800000 0.592511 2.000000 0.803125 0.583700 2.000000 0.000000 0.000000 0.000000 0.825000 0.588106 2.000000 0.000000 0.000000 0.000000 0.840625 0.627753 2.000000 0.806250 0.625551 2.000000 0.829688 0.702643 1.000000 0.000000 0.000000 0.000000 0.789062 0.700441 2.000000 0.000000 0.000000 0.000000 0.832812 0.762115 1.000000 0.806250 0.759912 1.000000 0.000000 0.000000 0.000000 0.000000 0.000000 0.000000 0.000000 0.000000 0.000000 0.000000 0.000000 0.000000
0 0.825195 0.744945 0.349609 0.487643 0.912500 0.579295 1.000000 0.920312 0.563877 1.000000 0.000000 0.000000 0.000000 0.953125 0.577093 2.000000 0.000000 0.000000 0.000000 0.934375 0.636564 2.000000 0.000000 0.000000 0.000000 0.854688 0.744493 2.000000 0.000000 0.000000 0.000000 0.726562 0.792952 2.000000 0.939063 0.733480 2.000000 0.987500 0.839207 2.000000 0.000000 0.000000 0.000000 0.782813 0.841410 1.000000 0.904687 0.801762 2.000000 0.000000 0.000000 0.000000 0.000000 0.000000 0.000000
0 0.721336 0.646068 0.062172 0.186498 0.696875 0.594714 2.000000 0.703125 0.590308 2.000000 0.695312 0.590308 2.000000 0.718750 0.592511 2.000000 0.696875 0.596916 2.000000 0.732812 0.645374 2.000000 0.692187 0.645374 1.000000 0.740625 0.707048 2.000000 0.000000 0.000000 0.000000 0.704688 0.696035 1.000000 0.000000 0.000000 0.000000 0.000000 0.000000 0.000000 0.000000 0.000000 0.000000 0.000000 0.000000 0.000000 0.000000 0.000000 0.000000 0.000000 0.000000 0.000000 0.000000 0.000000 0.000000
0 0.623516 0.645022 0.083312 0.129471 0.601562 0.623348 2.000000 0.609375 0.616740 2.000000 0.600000 0.616740 2.000000 0.625000 0.618943 2.000000 0.000000 0.000000 0.000000 0.651563 0.636564 2.000000 0.603125 0.665198 2.000000 0.654687 0.702643 1.000000 0.596875 0.707048 2.000000 0.629687 0.682819 1.000000 0.584375 0.689427 2.000000 0.676562 0.737885 1.000000 0.643750 0.744493 1.000000 0.000000 0.000000 0.000000 0.000000 0.000000 0.000000 0.000000 0.000000 0.000000 0.000000 0.000000 0.000000
0 0.389734 0.719846 0.090500 0.396476 0.387500 0.559471 2.000000 0.393750 0.552863 2.000000 0.384375 0.552863 2.000000 0.407813 0.557269 2.000000 0.000000 0.000000 0.000000 0.418750 0.583700 1.000000 0.375000 0.588106 2.000000 0.000000 0.000000 0.000000 0.360938 0.647577 2.000000 0.000000 0.000000 0.000000 0.354687 0.696035 2.000000 0.418750 0.709251 1.000000 0.385937 0.709251 1.000000 0.414062 0.801762 2.000000 0.392188 0.803965 1.000000 0.407813 0.892070 2.000000 0.393750 0.889868 2.000000
0 0.322930 0.646597 0.062953 0.131167 0.295312 0.618943 2.000000 0.301563 0.610132 2.000000 0.293750 0.612335 2.000000 0.315625 0.610132 2.000000 0.000000 0.000000 0.000000 0.329688 0.634361 2.000000 0.309375 0.640969 2.000000 0.339062 0.700441 2.000000 0.304688 0.696035 2.000000 0.309375 0.700441 2.000000 0.328125 0.700441 2.000000 0.367188 0.740088 1.000000 0.343750 0.737885 1.000000 0.000000 0.000000 0.000000 0.298438 0.777533 1.000000 0.000000 0.000000 0.000000 0.000000 0.000000 0.000000
0 0.262906 0.715804 0.077719 0.269009 0.251563 0.625551 2.000000 0.256250 0.618943 2.000000 0.248438 0.616740 1.000000 0.273438 0.618943 2.000000 0.000000 0.000000 0.000000 0.278125 0.638767 2.000000 0.250000 0.640969 1.000000 0.289062 0.693833 2.000000 0.243750 0.682819 2.000000 0.253125 0.713656 2.000000 0.000000 0.000000 0.000000 0.282813 0.737885 2.000000 0.257812 0.737885 2.000000 0.267188 0.812775 2.000000 0.264062 0.828194 2.000000 0.000000 0.000000 0.000000 0.000000 0.000000 0.000000
0 0.676695 0.680011 0.130172 0.206894 0.653125 0.623348 2.000000 0.660937 0.612335 2.000000 0.653125 0.614537 2.000000 0.675000 0.607930 2.000000 0.000000 0.000000 0.000000 0.696875 0.638767 2.000000 0.664062 0.645374 2.000000 0.682813 0.693833 2.000000 0.665625 0.698238 2.000000 0.646875 0.689427 2.000000 0.631250 0.682819 2.000000 0.726562 0.737885 2.000000 0.692187 0.751101 2.000000 0.681250 0.817181 1.000000 0.718750 0.856828 1.000000 0.000000 0.000000 0.000000 0.000000 0.000000 0.000000
0 0.229484 0.654967 0.047813 0.122093 0.225000 0.634361 2.000000 0.229687 0.625551 2.000000 0.218750 0.625551 2.000000 0.240625 0.625551 2.000000 0.000000 0.000000 0.000000 0.246875 0.654185 2.000000 0.215625 0.658590 2.000000 0.245312 0.680617 1.000000 0.214062 0.689427 2.000000 0.234375 0.707048 1.000000 0.225000 0.709251 2.000000 0.000000 0.000000 0.000000 0.000000 0.000000 0.000000 0.000000 0.000000 0.000000 0.000000 0.000000 0.000000 0.000000 0.000000 0.000000 0.000000 0.000000 0.000000
0 0.149453 0.743106 0.111156 0.325022 0.114062 0.621145 2.000000 0.120313 0.614537 2.000000 0.110937 0.614537 2.000000 0.131250 0.612335 2.000000 0.000000 0.000000 0.000000 0.151562 0.643172 1.000000 0.106250 0.649780 2.000000 0.171875 0.689427 1.000000 0.101562 0.700441 2.000000 0.148438 0.704846 2.000000 0.120313 0.698238 2.000000 0.171875 0.742291 1.000000 0.142187 0.744493 2.000000 0.185938 0.819383 2.000000 0.140625 0.790749 2.000000 0.195312 0.903084 1.000000 0.157812 0.876652 1.000000
0 0.476297 0.571432 0.392469 0.846740 0.417187 0.220264 2.000000 0.434375 0.209251 2.000000 0.000000 0.000000 0.000000 0.467187 0.231278 2.000000 0.000000 0.000000 0.000000 0.532813 0.290749 2.000000 0.415625 0.295154 2.000000 0.617188 0.264317 2.000000 0.426563 0.387665 2.000000 0.539062 0.246696 2.000000 0.492188 0.310573 2.000000 0.518750 0.588106 2.000000 0.440625 0.577093 2.000000 0.556250 0.781938 2.000000 0.378125 0.759912 2.000000 0.631250 0.955947 2.000000 0.320312 0.960352 2.000000
