0 0.480542 0.516455 0.058717 0.176499 0.000000 0.000000 0.000000 0.000000 0.000000 0.000000 0.000000 0.000000 0.000000 0.000000 0.000000 0.000000 0.000000 0.000000 0.000000 0.000000 0.000000 0.000000 0.473333 0.461707 2.000000 0.000000 0.000000 0.000000 0.465000 0.485777 2.000000 0.000000 0.000000 0.000000 0.468333 0.455142 1.000000 0.000000 0.000000 0.000000 0.476667 0.501094 2.000000 0.000000 0.000000 0.000000 0.475000 0.544858 2.000000 0.000000 0.000000 0.000000 0.475000 0.582057 2.000000
0 0.348367 0.533698 0.053400 0.229803 0.361667 0.437637 2.000000 0.365000 0.435449 2.000000 0.356667 0.433260 2.000000 0.000000 0.000000 0.000000 0.000000 0.000000 0.000000 0.365000 0.468271 2.000000 0.341667 0.461707 1.000000 0.368333 0.492341 2.000000 0.326667 0.470460 1.000000 0.351667 0.496718 2.000000 0.335000 0.487965 1.000000 0.356667 0.527352 2.000000 0.333333 0.525164 2.000000 0.348333 0.573304 2.000000 0.331667 0.573304 2.000000 0.346667 0.619256 2.000000 0.336667 0.619256 2.000000
0 0.809042 0.599716 0.100517 0.495186 0.000000 0.000000 0.000000 0.000000 0.000000 0.000000 0.000000 0.000000 0.000000 0.785000 0.398249 2.000000 0.000000 0.000000 0.000000 0.818333 0.439825 2.000000 0.790000 0.437637 2.000000 0.830000 0.514223 2.000000 0.000000 0.000000 0.000000 0.781667 0.527352 2.000000 0.000000 0.000000 0.000000 0.823333 0.588621 2.000000 0.793333 0.590810 2.000000 0.828333 0.684902 2.000000 0.785000 0.682713 2.000000 0.836667 0.811816 2.000000 0.793333 0.803063 2.000000
0 0.597350 0.558425 0.078733 0.253917 0.586667 0.463895 2.000000 0.588333 0.457330 2.000000 0.583333 0.459519 2.000000 0.598333 0.459519 2.000000 0.000000 0.000000 0.000000 0.608333 0.481400 2.000000 0.575000 0.487965 2.000000 0.626667 0.505470 2.000000 0.568333 0.505470 2.000000 0.626667 0.527352 2.000000 0.578333 0.479212 2.000000 0.606667 0.551422 2.000000 0.585000 0.549234 2.000000 0.598333 0.590810 2.000000 0.595000 0.597374 2.000000 0.580000 0.617068 2.000000 0.595000 0.647702 2.000000
0 0.291925 0.533567 0.073750 0.267046 0.286667 0.431072 2.000000 0.291667 0.424508 2.000000 0.281667 0.424508 2.000000 0.300000 0.424508 2.000000 0.276667 0.426696 2.000000 0.310000 0.459519 2.000000 0.268333 0.459519 2.000000 0.320000 0.492341 2.000000 0.265000 0.496718 2.000000 0.315000 0.538293 2.000000 0.265000 0.538293 2.000000 0.306667 0.540481 2.000000 0.280000 0.538293 2.000000 0.303333 0.601751 2.000000 0.281667 0.601751 2.000000 0.308333 0.654267 2.000000 0.291667 0.663020 2.000000
0 0.944625 0.503709 0.060750 0.267418 0.950000 0.398249 2.000000 0.951667 0.391685 2.000000 0.943333 0.393873 2.000000 0.963333 0.398249 2.000000 0.000000 0.000000 0.000000 0.961667 0.431072 2.000000 0.935000 0.424508 2.000000 0.968333 0.463895 2.000000 0.923333 0.452954 1.000000 0.951667 0.477024 2.000000 0.921667 0.481400 1.000000 0.950000 0.496718 2.000000 0.930000 0.494530 1.000000 0.935000 0.542670 1.000000 0.936667 0.544858 1.000000 0.926667 0.592998 2.000000 0.948333 0.599562 2.000000
0 0.446742 0.476947 0.064350 0.213326 0.448333 0.396061 2.000000 0.451667 0.387309 2.000000 0.445000 0.387309 2.000000 0.455000 0.391685 2.000000 0.440000 0.391685 2.000000 0.468333 0.413567 1.000000 0.435000 0.413567 2.000000 0.470000 0.439825 2.000000 0.430000 0.439825 2.000000 0.458333 0.452954 2.000000 0.446667 0.452954 2.000000 0.458333 0.468271 2.000000 0.438333 0.468271 2.000000 0.458333 0.514223 1.000000 0.441667 0.514223 2.000000 0.455000 0.557987 2.000000 0.443333 0.562363 2.000000
0 0.886850 0.557713 0.134100 0.505930 0.860000 0.358862 2.000000 0.866667 0.352298 2.000000 0.853333 0.352298 2.000000 0.000000 0.000000 0.000000 0.000000 0.000000 0.000000 0.901667 0.420131 2.000000 0.828333 0.422319 2.000000 0.923333 0.494530 2.000000 0.000000 0.000000 0.000000 0.930000 0.562363 2.000000 0.000000 0.000000 0.000000 0.888333 0.553611 2.000000 0.846667 0.557987 1.000000 0.878333 0.660832 2.000000 0.863333 0.671772 2.000000 0.000000 0.000000 0.000000 0.865000 0.763676 2.000000
0 0.407633 0.510492 0.053667 0.197309 0.406667 0.444201 2.000000 0.408333 0.439825 2.000000 0.401667 0.439825 2.000000 0.411667 0.442013 2.000000 0.000000 0.000000 0.000000 0.418333 0.459519 2.000000 0.391667 0.461707 2.000000 0.430000 0.481400 2.000000 0.000000 0.000000 0.000000 0.420000 0.472648 2.000000 0.000000 0.000000 0.000000 0.416667 0.509847 2.000000 0.396667 0.509847 2.000000 0.413333 0.544858 2.000000 0.400000 0.540481 2.000000 0.413333 0.577681 2.000000 0.400000 0.586433 2.000000
0 0.160833 0.568403 0.108500 0.379869 0.176667 0.411379 2.000000 0.000000 0.000000 0.000000 0.000000 0.000000 0.000000 0.000000 0.000000 0.000000 0.163333 0.411379 2.000000 0.165000 0.457330 2.000000 0.130000 0.455142 2.000000 0.000000 0.000000 0.000000 0.123333 0.512035 2.000000 0.000000 0.000000 0.000000 0.138333 0.575492 2.000000 0.171667 0.568928 2.000000 0.130000 0.573304 2.000000 0.175000 0.647702 2.000000 0.131667 0.654267 2.000000 0.168333 0.715536 2.000000 0.131667 0.739606 2.000000
