0 0.069414 0.365129 0.100484 0.164136 0.067187 0.331776 2.000000 0.071875 0.322430 2.000000 0.059375 0.322430 2.000000 0.079687 0.320093 2.000000 0.046875 0.324766 2.000000 0.100000 0.355140 2.000000 0.029687 0.359813 2.000000 0.101562 0.429907 2.000000 0.035937 0.457944 1.000000 0.081250 0.425234 1.000000 0.065625 0.422897 2.000000 0.092188 0.460280 1.000000 0.051562 0.469626 1.000000 0.110937 0.483645 1.000000 0.034375 0.507009 1.000000 0.000000 0.000000 0.000000 0.000000 0.000000 0.000000
0 0.208250 0.402231 0.101625 0.269743 0.201563 0.310748 2.000000 0.206250 0.301402 2.000000 0.192188 0.308411 2.000000 0.210938 0.301402 2.000000 0.181250 0.315421 2.000000 0.226562 0.352804 2.000000 0.167187 0.369159 2.000000 0.248438 0.420561 2.000000 0.171875 0.429907 1.000000 0.237500 0.406542 2.000000 0.217188 0.418224 2.000000 0.239063 0.521028 2.000000 0.198437 0.535047 1.000000 0.000000 0.000000 0.000000 0.000000 0.000000 0.000000 0.000000 0.000000 0.000000 0.000000 0.000000 0.000000
0 0.278773 0.385549 0.091672 0.285397 0.267188 0.275701 2.000000 0.270313 0.268692 2.000000 0.259375 0.271028 2.000000 0.000000 0.000000 0.000000 0.246875 0.280374 2.000000 0.278125 0.317757 2.000000 0.240625 0.331776 2.000000 0.000000 0.000000 0.000000 0.260937 0.392523 2.000000 0.000000 0.000000 0.000000 0.287500 0.429907 2.000000 0.295312 0.467290 2.000000 0.267188 0.476636 2.000000 0.307812 0.560748 1.000000 0.279687 0.565421 1.000000 0.000000 0.000000 0.000000 0.000000 0.000000 0.000000
0 0.319063 0.402477 0.046344 0.264252 0.314063 0.320093 2.000000 0.317188 0.303738 2.000000 0.307812 0.310748 2.000000 0.326562 0.306075 2.000000 0.000000 0.000000 0.000000 0.337500 0.352804 1.000000 0.306250 0.357477 2.000000 0.000000 0.000000 0.000000 0.309375 0.406542 2.000000 0.000000 0.000000 0.000000 0.312500 0.429907 2.000000 0.334375 0.436916 2.000000 0.314063 0.436916 2.000000 0.332813 0.497664 1.000000 0.315625 0.502336 2.000000 0.000000 0.000000 0.000000 0.000000 0.000000 0.000000
0 0.379484 0.484463 0.096812 0.482196 0.356250 0.292056 2.000000 0.364063 0.280374 2.000000 0.348438 0.285047 2.000000 0.373437 0.287383 2.000000 0.345313 0.296729 2.000000 0.396875 0.331776 2.000000 0.334375 0.352804 2.000000 0.406250 0.411215 2.000000 0.346875 0.427570 2.000000 0.376563 0.380841 2.000000 0.364063 0.397196 2.000000 0.404687 0.474299 1.000000 0.365625 0.488318 1.000000 0.409375 0.588785 1.000000 0.378125 0.598131 1.000000 0.418750 0.689252 2.000000 0.390625 0.698598 2.000000
0 0.640945 0.576963 0.130734 0.721355 0.625000 0.301402 2.000000 0.632812 0.287383 2.000000 0.617188 0.287383 2.000000 0.646875 0.282710 2.000000 0.604688 0.289720 2.000000 0.657813 0.355140 2.000000 0.603125 0.352804 2.000000 0.690625 0.467290 2.000000 0.000000 0.000000 0.000000 0.645312 0.532710 2.000000 0.587500 0.523364 2.000000 0.637500 0.525701 2.000000 0.596875 0.530374 2.000000 0.639062 0.724299 2.000000 0.617188 0.703271 2.000000 0.642188 0.841121 2.000000 0.639062 0.813084 2.000000
0 0.746891 0.607862 0.198375 0.761799 0.709375 0.345794 2.000000 0.721875 0.334112 2.000000 0.000000 0.000000 0.000000 0.000000 0.000000 0.000000 0.000000 0.000000 0.000000 0.818750 0.443925 2.000000 0.721875 0.441589 2.000000 0.828125 0.619159 2.000000 0.000000 0.000000 0.000000 0.748437 0.549065 2.000000 0.670312 0.551402 1.000000 0.762500 0.750000 2.000000 0.693750 0.731308 2.000000 0.759375 0.969626 2.000000 0.665625 0.915888 2.000000 0.000000 0.000000 0.000000 0.000000 0.000000 0.000000
0 0.919281 0.679778 0.161437 0.555070 0.950000 0.474299 2.000000 0.959375 0.467290 2.000000 0.000000 0.000000 0.000000 0.000000 0.000000 0.000000 0.000000 0.000000 0.000000 0.000000 0.000000 0.000000 0.950000 0.542056 2.000000 0.000000 0.000000 0.000000 0.912500 0.602804 2.000000 0.978125 0.642523 2.000000 0.923438 0.537383 2.000000 0.000000 0.000000 0.000000 0.935937 0.710280 2.000000 0.000000 0.000000 0.000000 0.914062 0.787383 2.000000 0.000000 0.000000 0.000000 0.868750 0.873832 2.000000
0 0.499703 0.565386 0.162594 0.695117 0.479687 0.289720 2.000000 0.490625 0.275701 2.000000 0.476562 0.278037 2.000000 0.515625 0.282710 2.000000 0.000000 0.000000 0.000000 0.548438 0.362150 2.000000 0.459375 0.364486 2.000000 0.568750 0.464953 2.000000 0.428125 0.446262 2.000000 0.548438 0.411215 2.000000 0.453125 0.436916 2.000000 0.543750 0.577103 2.000000 0.481250 0.584112 2.000000 0.529687 0.707944 1.000000 0.492188 0.712617 1.000000 0.532813 0.820093 2.000000 0.500000 0.838785 1.000000
0 0.902961 0.657850 0.194078 0.684299 0.000000 0.000000 0.000000 0.000000 0.000000 0.000000 0.000000 0.000000 0.000000 0.000000 0.000000 0.000000 0.000000 0.000000 0.000000 0.000000 0.000000 0.000000 0.000000 0.000000 0.000000 0.935937 0.925234 2.000000 0.962500 0.649533 1.000000 0.875000 0.773364 2.000000 0.918750 0.707944 1.000000 0.000000 0.000000 0.000000 0.000000 0.000000 0.000000 0.000000 0.000000 0.000000 0.000000 0.000000 0.000000 0.000000 0.000000 0.000000 0.000000 0.000000 0.000000
0 0.758531 0.308411 0.166031 0.280093 0.745313 0.254673 1.000000 0.754687 0.242991 1.000000 0.740625 0.242991 1.000000 0.787500 0.240654 2.000000 0.000000 0.000000 0.000000 0.817187 0.336449 2.000000 0.748437 0.324766 1.000000 0.814063 0.474299 1.000000 0.717187 0.446262 1.000000 0.000000 0.000000 0.000000 0.704688 0.392523 2.000000 0.000000 0.000000 0.000000 0.000000 0.000000 0.000000 0.000000 0.000000 0.000000 0.000000 0.000000 0.000000 0.000000 0.000000 0.000000 0.000000 0.000000 0.000000
