0 0.437242 0.390352 0.096453 0.392441 0.000000 0.000000 0.000000 0.000000 0.000000 0.000000 0.000000 0.000000 0.000000 0.423438 0.230047 2.000000 0.450000 0.225352 2.000000 0.412500 0.274648 2.000000 0.464062 0.276995 2.000000 0.395313 0.356808 2.000000 0.478125 0.356808 2.000000 0.000000 0.000000 0.000000 0.000000 0.000000 0.000000 0.420312 0.401408 2.000000 0.456250 0.399061 2.000000 0.426563 0.511737 2.000000 0.451562 0.511737 2.000000 0.428125 0.607981 1.000000 0.451562 0.610329 1.000000
0 0.347023 0.489894 0.113672 0.292136 0.356250 0.387324 2.000000 0.360938 0.380282 2.000000 0.351562 0.380282 2.000000 0.370312 0.387324 2.000000 0.343750 0.384977 2.000000 0.382812 0.415493 2.000000 0.335938 0.417840 2.000000 0.384375 0.478873 2.000000 0.334375 0.474178 2.000000 0.357812 0.504695 2.000000 0.334375 0.492958 2.000000 0.378125 0.492958 2.000000 0.351562 0.495305 2.000000 0.375000 0.511737 2.000000 0.323437 0.525822 2.000000 0.371875 0.603286 1.000000 0.309375 0.600939 2.000000
0 0.737422 0.306749 0.032906 0.271901 0.735938 0.206573 2.000000 0.742188 0.201878 2.000000 0.729688 0.199531 2.000000 0.746875 0.211268 2.000000 0.717187 0.204225 1.000000 0.754687 0.255869 1.000000 0.712500 0.260563 1.000000 0.000000 0.000000 0.000000 0.748437 0.255869 2.000000 0.000000 0.000000 0.000000 0.765625 0.201878 1.000000 0.000000 0.000000 0.000000 0.000000 0.000000 0.000000 0.000000 0.000000 0.000000 0.000000 0.000000 0.000000 0.000000 0.000000 0.000000 0.000000 0.000000 0.000000
0 0.051141 0.439272 0.100125 0.417887 0.004687 0.276995 2.000000 0.009375 0.272300 2.000000 0.000000 0.000000 0.000000 0.025000 0.281690 2.000000 0.000000 0.000000 0.000000 0.032813 0.316901 2.000000 0.000000 0.000000 0.000000 0.065625 0.370892 2.000000 0.000000 0.000000 0.000000 0.034375 0.375587 2.000000 0.000000 0.000000 0.000000 0.028125 0.455399 2.000000 0.003125 0.460094 2.000000 0.050000 0.537559 2.000000 0.000000 0.000000 0.000000 0.075000 0.619718 2.000000 0.000000 0.000000 0.000000
0 0.695469 0.449249 0.240187 0.434977 0.671875 0.312207 2.000000 0.682813 0.307512 2.000000 0.664062 0.305164 2.000000 0.695312 0.300469 2.000000 0.657813 0.305164 2.000000 0.707812 0.354460 2.000000 0.640625 0.342723 2.000000 0.734375 0.450704 2.000000 0.609375 0.394366 2.000000 0.757812 0.478873 2.000000 0.593750 0.455399 2.000000 0.684375 0.469484 2.000000 0.650000 0.471831 2.000000 0.670312 0.516432 2.000000 0.592187 0.612676 2.000000 0.687500 0.645540 2.000000 0.665625 0.636150 2.000000
0 0.803984 0.420223 0.103219 0.413498 0.782813 0.265258 2.000000 0.789062 0.255869 2.000000 0.779687 0.255869 2.000000 0.806250 0.258216 2.000000 0.000000 0.000000 0.000000 0.820312 0.307512 2.000000 0.765625 0.312207 2.000000 0.839063 0.363850 2.000000 0.760938 0.382629 2.000000 0.848437 0.422535 2.000000 0.759375 0.436620 2.000000 0.810937 0.410798 2.000000 0.775000 0.408451 2.000000 0.801562 0.514085 2.000000 0.784375 0.514085 1.000000 0.817187 0.610329 2.000000 0.800000 0.617371 2.000000
0 0.957422 0.398369 0.085156 0.465704 0.000000 0.000000 0.000000 0.000000 0.000000 0.000000 0.000000 0.000000 0.000000 0.000000 0.000000 0.000000 0.000000 0.000000 0.000000 0.967187 0.258216 2.000000 0.000000 0.000000 0.000000 0.942187 0.328638 2.000000 0.000000 0.000000 0.000000 0.934375 0.314554 2.000000 0.000000 0.000000 0.000000 0.981250 0.377934 2.000000 0.000000 0.000000 0.000000 0.965625 0.492958 2.000000 0.990625 0.507042 2.000000 0.957812 0.605634 2.000000 0.000000 0.000000 0.000000
0 0.236789 0.487793 0.104828 0.303239 0.239063 0.382629 2.000000 0.242188 0.375587 2.000000 0.234375 0.375587 2.000000 0.250000 0.370892 2.000000 0.000000 0.000000 0.000000 0.268750 0.394366 2.000000 0.210938 0.399061 2.000000 0.267188 0.469484 2.000000 0.209375 0.455399 2.000000 0.246875 0.478873 2.000000 0.204687 0.481221 2.000000 0.254688 0.497653 2.000000 0.231250 0.497653 2.000000 0.264062 0.497653 2.000000 0.203125 0.509390 2.000000 0.264062 0.610329 2.000000 0.206250 0.603286 2.000000
0 0.158664 0.484096 0.092266 0.316502 0.182812 0.363850 2.000000 0.187500 0.359155 2.000000 0.178125 0.359155 2.000000 0.196875 0.363850 2.000000 0.170313 0.361502 1.000000 0.209375 0.406103 1.000000 0.159375 0.408451 2.000000 0.000000 0.000000 0.000000 0.159375 0.474178 2.000000 0.000000 0.000000 0.000000 0.154688 0.490610 2.000000 0.190625 0.495305 2.000000 0.165625 0.497653 2.000000 0.182812 0.509390 2.000000 0.128125 0.514085 1.000000 0.181250 0.617371 2.000000 0.131250 0.617371 2.000000
0 0.940023 0.355176 0.039422 0.353122 0.934375 0.232394 2.000000 0.937500 0.225352 2.000000 0.000000 0.000000 0.000000 0.000000 0.000000 0.000000 0.000000 0.000000 0.000000 0.943750 0.255869 2.000000 0.000000 0.000000 0.000000 0.929688 0.291080 1.000000 0.000000 0.000000 0.000000 0.000000 0.000000 0.000000 0.000000 0.000000 0.000000 0.954688 0.366197 1.000000 0.000000 0.000000 0.000000 0.931250 0.453052 2.000000 0.000000 0.000000 0.000000 0.935937 0.521127 2.000000 0.000000 0.000000 0.000000
