0 0.115727 0.444182 0.063141 0.117570 0.135937 0.418224 2.000000 0.000000 0.000000 0.000000 0.131250 0.415888 2.000000 0.000000 0.000000 0.000000 0.115625 0.429907 2.000000 0.125000 0.455607 2.000000 0.115625 0.476636 2.000000 0.000000 0.000000 0.000000 0.000000 0.000000 0.000000 0.000000 0.000000 0.000000 0.000000 0.000000 0.000000 0.145313 0.521028 1.000000 0.142187 0.535047 1.000000 0.000000 0.000000 0.000000 0.000000 0.000000 0.000000 0.000000 0.000000 0.000000 0.000000 0.000000 0.000000
0 0.622227 0.619895 0.281891 0.565023 0.596875 0.450935 2.000000 0.609375 0.436916 2.000000 0.000000 0.000000 0.000000 0.657813 0.436916 2.000000 0.000000 0.000000 0.000000 0.710938 0.535047 2.000000 0.615625 0.495327 2.000000 0.742188 0.719626 2.000000 0.557813 0.560748 2.000000 0.646875 0.661215 2.000000 0.512500 0.514019 2.000000 0.703125 0.796729 2.000000 0.620313 0.757009 1.000000 0.545312 0.887850 2.000000 0.501563 0.801402 1.000000 0.000000 0.000000 0.000000 0.567187 0.948598 1.000000
0 0.474555 0.497500 0.168203 0.303925 0.459375 0.406542 2.000000 0.465625 0.399533 2.000000 0.000000 0.000000 0.000000 0.490625 0.411215 2.000000 0.000000 0.000000 0.000000 0.525000 0.474299 2.000000 0.476562 0.453271 2.000000 0.531250 0.567757 1.000000 0.439063 0.511682 2.000000 0.479687 0.549065 1.000000 0.414062 0.495327 1.000000 0.528125 0.635514 1.000000 0.481250 0.607477 1.000000 0.431250 0.691589 1.000000 0.000000 0.000000 0.000000 0.000000 0.000000 0.000000 0.000000 0.000000 0.000000
0 0.774023 0.518400 0.130609 0.334836 0.000000 0.000000 0.000000 0.000000 0.000000 0.000000 0.000000 0.000000 0.000000 0.000000 0.000000 0.000000 0.000000 0.000000 0.000000 0.725000 0.441589 2.000000 0.778125 0.439252 2.000000 0.000000 0.000000 0.000000 0.820312 0.504673 2.000000 0.000000 0.000000 0.000000 0.843750 0.490654 1.000000 0.732812 0.549065 1.000000 0.764062 0.570093 1.000000 0.000000 0.000000 0.000000 0.825000 0.528037 2.000000 0.000000 0.000000 0.000000 0.810937 0.656542 2.000000
0 0.974875 0.400456 0.050094 0.145818 0.962500 0.371495 2.000000 0.971875 0.366822 2.000000 0.962500 0.364486 2.000000 0.990625 0.376168 2.000000 0.000000 0.000000 0.000000 0.993750 0.420561 2.000000 0.946875 0.404206 1.000000 0.989062 0.507009 1.000000 0.928125 0.453271 1.000000 0.948438 0.495327 1.000000 0.000000 0.000000 0.000000 0.973437 0.521028 1.000000 0.945312 0.504673 1.000000 0.000000 0.000000 0.000000 0.000000 0.000000 0.000000 0.000000 0.000000 0.000000 0.000000 0.000000 0.000000
0 0.908766 0.359720 0.072375 0.132617 0.000000 0.000000 0.000000 0.000000 0.000000 0.000000 0.000000 0.000000 0.000000 0.904687 0.327103 2.000000 0.929688 0.331776 1.000000 0.882812 0.359813 2.000000 0.939063 0.369159 2.000000 0.878125 0.408879 1.000000 0.939063 0.418224 1.000000 0.000000 0.000000 0.000000 0.000000 0.000000 0.000000 0.889062 0.450935 1.000000 0.921875 0.453271 1.000000 0.000000 0.000000 0.000000 0.000000 0.000000 0.000000 0.000000 0.000000 0.000000 0.000000 0.000000 0.000000
0 0.243359 0.351110 0.086688 0.194416 0.235937 0.299065 2.000000 0.240625 0.292056 2.000000 0.232813 0.292056 2.000000 0.250000 0.282710 2.000000 0.000000 0.000000 0.000000 0.265625 0.322430 2.000000 0.218750 0.327103 2.000000 0.281250 0.364486 1.000000 0.206250 0.380841 1.000000 0.267188 0.380841 2.000000 0.235937 0.387850 2.000000 0.262500 0.415888 2.000000 0.229687 0.420561 1.000000 0.000000 0.000000 0.000000 0.000000 0.000000 0.000000 0.000000 0.000000 0.000000 0.000000 0.000000 0.000000
0 0.061805 0.448925 0.049203 0.123271 0.000000 0.000000 0.000000 0.000000 0.000000 0.000000 0.000000 0.000000 0.000000 0.000000 0.000000 0.000000 0.073438 0.422897 2.000000 0.046875 0.492991 2.000000 0.090625 0.460280 1.000000 0.000000 0.000000 0.000000 0.000000 0.000000 0.000000 0.000000 0.000000 0.000000 0.000000 0.000000 0.000000 0.000000 0.000000 0.000000 0.000000 0.000000 0.000000 0.000000 0.000000 0.000000 0.000000 0.000000 0.000000 0.000000 0.000000 0.000000 0.000000 0.000000 0.000000
0 0.219164 0.622932 0.209641 0.520724 0.231250 0.427570 2.000000 0.000000 0.000000 0.000000 0.223438 0.418224 2.000000 0.000000 0.000000 0.000000 0.196875 0.441589 2.000000 0.000000 0.000000 0.000000 0.176563 0.521028 2.000000 0.000000 0.000000 0.000000 0.214062 0.647196 2.000000 0.240625 0.584112 2.000000 0.279687 0.593458 2.000000 0.201563 0.677570 2.000000 0.182812 0.726636 2.000000 0.287500 0.670561 2.000000 0.287500 0.724299 2.000000 0.000000 0.000000 0.000000 0.000000 0.000000 0.000000
0 0.391859 0.418890 0.132719 0.161192 0.371875 0.392523 2.000000 0.379688 0.380841 2.000000 0.371875 0.383178 2.000000 0.395313 0.380841 2.000000 0.000000 0.000000 0.000000 0.418750 0.432243 2.000000 0.385937 0.420561 2.000000 0.401562 0.492991 1.000000 0.373437 0.471963 1.000000 0.365625 0.481308 1.000000 0.350000 0.462617 1.000000 0.456250 0.523364 1.000000 0.421875 0.516355 1.000000 0.000000 0.000000 0.000000 0.000000 0.000000 0.000000 0.000000 0.000000 0.000000 0.000000 0.000000 0.000000
